PubchemFP3,PubchemFP12,PubchemFP13,PubchemFP15,PubchemFP16,PubchemFP18,PubchemFP19,PubchemFP20,PubchemFP33,PubchemFP37,PubchemFP143,PubchemFP144,PubchemFP145,PubchemFP146,PubchemFP150,PubchemFP180,PubchemFP181,PubchemFP185,PubchemFP186,PubchemFP187,PubchemFP188,PubchemFP192,PubchemFP193,PubchemFP199,PubchemFP206,PubchemFP256,PubchemFP257,PubchemFP258,PubchemFP259,PubchemFP261,PubchemFP286,PubchemFP293,PubchemFP294,PubchemFP299,PubchemFP308,PubchemFP334,PubchemFP335,PubchemFP338,PubchemFP340,PubchemFP341,PubchemFP342,PubchemFP345,PubchemFP346,PubchemFP352,PubchemFP357,PubchemFP358,PubchemFP362,PubchemFP365,PubchemFP366,PubchemFP372,PubchemFP373,PubchemFP374,PubchemFP375,PubchemFP376,PubchemFP377,PubchemFP379,PubchemFP380,PubchemFP381,PubchemFP382,PubchemFP385,PubchemFP386,PubchemFP387,PubchemFP391,PubchemFP392,PubchemFP393,PubchemFP396,PubchemFP397,PubchemFP403,PubchemFP405,PubchemFP406,PubchemFP418,PubchemFP420,PubchemFP431,PubchemFP432,PubchemFP435,PubchemFP437,PubchemFP438,PubchemFP439,PubchemFP440,PubchemFP442,PubchemFP443,PubchemFP445,PubchemFP447,PubchemFP449,PubchemFP450,PubchemFP451,PubchemFP452,PubchemFP453,PubchemFP464,PubchemFP472,PubchemFP476,PubchemFP482,PubchemFP484,PubchemFP487,PubchemFP491,PubchemFP493,PubchemFP495,PubchemFP498,PubchemFP501,PubchemFP502,PubchemFP503,PubchemFP506,PubchemFP519,PubchemFP521,PubchemFP523,PubchemFP528,PubchemFP530,PubchemFP535,PubchemFP536,PubchemFP538,PubchemFP539,PubchemFP540,PubchemFP541,PubchemFP542,PubchemFP544,PubchemFP545,PubchemFP546,PubchemFP548,PubchemFP549,PubchemFP550,PubchemFP553,PubchemFP555,PubchemFP560,PubchemFP565,PubchemFP566,PubchemFP567,PubchemFP569,PubchemFP573,PubchemFP574,PubchemFP575,PubchemFP576,PubchemFP577,PubchemFP579,PubchemFP580,PubchemFP581,PubchemFP585,PubchemFP589,PubchemFP591,PubchemFP593,PubchemFP594,PubchemFP596,PubchemFP597,PubchemFP598,PubchemFP600,PubchemFP601,PubchemFP604,PubchemFP606,PubchemFP607,PubchemFP611,PubchemFP612,PubchemFP614,PubchemFP615,PubchemFP617,PubchemFP619,PubchemFP620,PubchemFP621,PubchemFP622,PubchemFP623,PubchemFP625,PubchemFP626,PubchemFP628,PubchemFP630,PubchemFP632,PubchemFP633,PubchemFP636,PubchemFP637,PubchemFP638,PubchemFP639,PubchemFP641,PubchemFP642,PubchemFP643,PubchemFP645,PubchemFP646,PubchemFP651,PubchemFP654,PubchemFP655,PubchemFP656,PubchemFP657,PubchemFP659,PubchemFP662,PubchemFP665,PubchemFP666,PubchemFP667,PubchemFP671,PubchemFP672,PubchemFP674,PubchemFP680,PubchemFP682,PubchemFP684,PubchemFP689,PubchemFP690,PubchemFP691,PubchemFP692,PubchemFP693,PubchemFP695,PubchemFP696,PubchemFP697,PubchemFP698,PubchemFP699,PubchemFP700,PubchemFP701,PubchemFP702,PubchemFP703,PubchemFP704,PubchemFP705,PubchemFP711,PubchemFP712,PubchemFP714,PubchemFP735,PubchemFP755,PubchemFP756,PubchemFP758,PubchemFP761,PubchemFP776,PubchemFP777,PubchemFP797,PubchemFP798,PubchemFP818,PubchemFP819,PubchemFP821,PubchemFP824
0,1,0,1,1,1,0,0,1,1,1,0,1,1,0,1,1,1,0,0,0,0,0,0,0,1,1,0,0,0,1,1,1,0,0,0,1,0,0,0,1,1,0,0,0,1,1,1,0,0,0,0,1,1,0,1,0,0,0,1,0,1,1,0,0,1,0,1,0,0,1,1,0,0,0,0,1,0,0,1,0,0,0,1,1,1,0,1,1,1,0,1,1,1,0,0,1,0,1,0,1,1,1,0,1,0,1,0,0,1,0,1,0,0,0,1,0,0,1,1,0,1,1,0,0,0,0,0,0,0,1,0,0,0,0,1,0,1,0,0,1,0,1,1,0,0,0,1,0,0,0,0,0,0,0,0,0,0,0,0,1,0,0,1,1,0,0,0,0,0,0,1,1,0,1,0,1,1,0,0,1,0,0,0,0,1,0,0,0,0,0,0,0,0,0,0,0,0,0,0,0,0,0,0,0,0,0,0,0,0,0,0,0,0,0,0,0,0,0,0,0
0,1,0,1,0,1,1,1,0,0,1,0,1,1,0,0,0,1,1,0,0,0,0,0,0,1,1,0,1,0,1,0,0,0,0,0,0,0,1,1,0,0,1,1,0,0,0,0,1,0,0,1,0,1,1,0,1,1,1,0,0,0,0,0,0,1,0,0,1,0,1,1,1,0,0,1,0,0,0,1,0,0,0,1,0,1,1,1,1,1,1,1,0,0,0,0,1,1,0,1,0,1,0,0,1,0,1,0,0,1,1,0,1,1,0,1,1,1,1,0,0,1,0,1,0,0,0,1,1,0,1,0,0,0,0,1,1,0,0,1,0,0,0,1,0,1,1,1,0,1,1,0,0,1,1,0,0,0,0,1,1,0,1,1,0,1,1,0,1,0,0,1,0,1,0,1,0,1,0,0,1,1,0,0,0,0,1,0,0,1,0,1,0,0,0,0,0,1,0,0,0,1,1,0,0,0,0,0,0,0,0,0,0,0,0,0,0,0,0,0,0
0,1,0,1,1,1,0,0,1,1,1,0,1,1,0,1,1,1,0,0,0,0,0,0,0,1,1,0,0,0,1,1,1,0,0,0,0,0,0,0,1,1,0,0,0,1,1,1,0,0,0,0,1,1,0,1,0,0,0,1,0,1,1,0,0,1,0,1,0,0,1,1,0,0,0,0,1,0,0,1,0,0,0,1,1,1,0,1,1,1,0,1,1,1,0,0,1,0,1,0,1,1,1,0,1,0,1,0,0,1,0,1,0,0,0,1,0,0,1,1,0,1,1,0,0,0,0,0,0,0,1,0,0,0,0,1,0,1,0,0,1,0,1,1,0,0,0,1,0,0,0,0,0,0,0,0,0,0,0,0,1,0,0,1,1,0,0,0,0,0,0,1,1,0,1,0,1,1,0,0,1,0,0,0,0,1,0,0,0,0,0,0,0,0,0,0,0,0,0,0,0,0,0,0,0,0,0,0,0,0,0,0,0,0,0,0,0,0,0,0,0
0,1,0,1,1,1,0,0,1,1,1,0,1,1,0,0,0,1,1,0,0,0,0,0,0,1,1,0,1,0,1,1,1,0,0,0,0,0,1,0,1,0,0,0,0,1,1,1,0,0,0,1,1,1,1,1,0,0,0,1,0,1,1,0,0,1,0,1,0,0,1,1,0,0,0,1,1,0,0,1,0,0,0,1,1,1,0,1,1,1,0,1,1,1,0,0,1,0,1,1,1,1,1,0,1,0,1,0,0,1,0,1,0,0,0,1,1,0,1,1,0,1,1,0,0,0,0,0,0,0,1,0,0,0,0,1,0,1,0,0,1,0,1,1,0,0,0,1,0,0,0,0,0,0,0,0,0,0,0,0,1,0,0,1,1,0,0,0,0,0,0,1,1,0,1,0,0,1,0,0,1,0,0,0,0,1,0,0,0,0,0,0,0,0,0,0,0,0,0,0,0,0,0,0,0,0,0,0,0,0,0,0,0,0,0,0,0,0,0,0,0
0,0,0,1,1,1,1,0,1,0,1,0,1,1,0,0,0,0,0,0,0,0,0,0,0,1,1,0,0,0,1,1,0,0,0,0,0,0,0,1,0,0,0,1,0,1,0,1,0,0,0,1,1,1,0,1,0,1,1,1,0,1,1,0,0,1,0,1,1,0,1,1,0,0,0,0,1,0,0,1,0,0,0,1,1,1,0,1,1,1,1,1,1,1,0,0,1,1,0,0,0,1,1,0,1,0,1,0,0,1,0,1,1,1,0,1,0,1,1,0,0,1,1,1,0,0,0,1,1,0,1,0,0,0,0,1,1,0,0,1,1,0,0,1,0,1,1,1,0,0,0,0,0,1,0,0,0,0,0,1,1,0,0,1,1,1,0,0,1,0,0,0,1,1,1,1,0,1,0,0,1,1,0,0,0,1,1,0,0,1,0,1,0,0,0,0,0,0,0,0,0,1,0,0,0,0,0,1,0,0,0,0,0,0,1,0,0,0,0,0,0
0,0,0,1,1,1,0,0,1,1,1,0,1,1,0,0,0,0,0,0,0,0,0,0,0,1,1,0,0,0,1,1,1,0,0,0,0,0,0,0,1,0,0,0,0,1,1,1,0,0,0,1,1,1,0,1,0,0,0,1,0,1,1,0,0,1,0,1,0,0,1,1,0,0,0,0,1,0,0,1,0,0,0,1,1,1,0,1,1,1,0,1,1,1,0,0,1,0,1,0,1,1,1,0,1,0,1,0,0,1,0,1,0,0,0,1,0,0,1,1,0,1,1,0,0,0,0,0,0,0,1,0,0,0,0,1,0,1,0,0,1,0,1,1,0,0,0,1,0,0,0,0,0,0,0,0,0,0,0,0,1,0,0,1,1,0,0,0,0,0,0,0,1,0,1,0,0,1,0,0,1,0,0,0,0,1,0,0,0,0,0,0,0,0,0,0,0,0,0,0,0,0,0,0,0,0,0,0,0,0,0,0,0,0,0,0,0,0,0,0,0
0,1,0,1,1,1,0,0,1,0,1,0,1,1,0,0,0,1,1,0,0,0,0,0,0,1,1,0,1,0,1,1,0,0,0,0,0,0,1,0,0,0,0,0,0,1,0,1,0,0,0,1,1,1,1,1,0,0,0,1,0,1,1,0,0,1,0,1,0,0,1,1,0,0,0,1,1,0,0,1,0,0,0,1,1,1,0,1,1,1,0,1,1,1,0,0,1,0,0,1,0,1,1,0,1,0,1,0,0,1,0,1,0,0,0,1,1,0,1,0,0,1,1,0,0,0,0,0,0,0,1,0,0,0,0,1,0,0,0,0,1,0,0,1,0,0,0,1,0,0,0,0,0,0,0,0,0,0,0,0,1,0,0,1,1,0,0,0,0,0,0,1,1,0,1,0,0,1,0,0,1,0,0,0,0,1,0,0,0,0,0,0,0,0,0,0,0,0,0,0,0,0,0,0,0,0,0,0,0,0,0,0,0,1,0,0,0,0,0,0,0
0,0,0,1,1,1,1,0,1,0,1,0,1,1,0,0,0,0,0,0,0,0,0,0,0,1,1,0,0,0,1,1,0,0,0,0,0,0,0,1,0,0,0,1,0,1,0,1,1,0,0,1,1,1,0,1,0,1,1,1,0,1,1,0,0,1,0,1,1,0,1,1,0,0,0,0,1,0,0,1,0,0,0,1,1,1,0,1,1,1,1,1,1,1,0,0,1,1,0,0,0,1,1,0,1,0,1,0,0,1,0,1,1,1,0,1,0,1,1,0,0,1,1,1,0,0,0,1,1,0,1,0,0,0,0,1,1,0,0,1,1,0,0,1,0,1,1,1,0,0,0,0,0,1,0,0,0,0,0,1,1,0,0,1,1,1,0,0,1,0,0,0,1,1,1,1,0,1,0,0,1,1,0,0,0,1,1,0,0,1,0,1,0,0,0,0,0,0,0,0,0,1,0,0,0,0,0,1,0,0,0,0,0,0,1,0,0,0,0,0,0
0,1,0,1,1,1,1,0,1,1,1,0,1,1,0,1,1,1,0,0,0,0,0,0,0,1,1,0,0,0,1,1,1,0,0,0,0,0,0,0,1,1,1,1,0,1,1,1,1,0,0,1,1,1,0,1,0,0,0,1,0,1,1,0,0,1,0,1,1,0,1,1,0,0,0,0,1,0,0,1,0,0,0,1,1,1,0,1,1,1,0,1,1,1,0,0,1,0,1,0,1,1,1,0,1,0,1,0,0,1,0,1,0,0,0,1,0,0,1,1,0,1,1,0,1,0,0,0,0,0,1,0,0,0,0,1,0,1,0,0,1,0,1,1,0,0,0,1,0,0,1,1,0,0,0,0,0,0,0,0,1,0,0,1,1,0,0,0,0,0,0,1,1,0,1,0,1,1,1,0,1,0,0,0,0,1,0,0,0,0,0,0,0,0,0,0,0,0,0,0,0,0,0,0,0,0,0,0,0,0,0,0,0,0,0,0,0,0,0,0,0
0,1,0,1,1,1,1,0,1,0,1,0,1,1,0,1,1,1,0,0,0,0,0,0,0,1,1,0,0,0,1,1,0,0,0,0,0,0,0,1,0,1,1,1,0,1,0,1,1,0,0,1,1,1,0,1,0,1,1,1,0,1,1,0,0,1,0,1,1,0,1,1,0,0,0,0,1,0,0,1,0,0,0,1,1,1,0,1,1,1,1,1,1,1,0,0,1,1,0,0,0,1,1,0,1,0,1,0,0,1,0,1,1,1,0,1,0,1,1,0,0,1,1,1,1,0,0,1,1,0,1,0,0,0,0,1,1,0,0,1,1,0,0,1,0,1,1,1,0,0,1,1,0,1,0,0,0,0,0,1,1,0,0,1,1,1,0,0,1,0,0,1,1,1,1,1,1,1,1,0,1,1,0,0,0,1,1,0,0,1,0,1,0,0,0,0,0,0,0,0,0,1,0,0,0,0,0,1,0,0,0,0,0,0,1,0,0,0,0,0,0
0,1,0,1,1,1,1,0,1,0,1,0,1,1,0,0,0,1,1,0,0,0,0,0,0,1,1,0,1,0,1,1,0,0,0,0,0,0,1,1,0,0,0,1,0,1,0,1,0,0,0,1,1,1,1,1,0,1,1,1,0,1,1,0,0,1,0,1,1,0,1,1,0,0,0,1,1,0,0,1,0,0,0,1,1,1,0,1,1,1,1,1,1,1,0,0,1,1,0,1,0,1,1,0,1,0,1,0,0,1,0,1,1,1,0,1,1,1,1,0,0,1,1,1,0,0,0,1,1,0,1,0,0,0,0,1,1,0,0,1,1,0,0,1,0,1,1,1,0,0,0,0,0,1,0,0,0,0,0,1,1,0,0,1,1,1,0,0,1,0,0,1,1,1,1,1,0,1,0,0,1,1,0,0,0,1,1,0,0,1,0,1,0,0,0,0,0,0,0,0,0,1,0,0,0,0,0,1,0,0,0,0,0,0,1,0,0,0,0,0,0
0,1,0,1,1,1,0,0,1,0,1,0,1,1,0,0,0,1,1,0,0,0,0,0,0,1,1,0,1,0,1,1,0,0,0,0,0,0,0,0,0,0,0,0,0,1,0,1,0,0,0,1,1,1,0,1,0,0,0,1,0,1,1,0,0,1,0,1,0,0,1,1,0,0,0,0,1,0,0,1,0,0,0,1,1,1,0,1,1,1,0,1,1,1,0,0,1,0,0,0,0,1,1,0,1,0,1,0,0,1,0,1,0,0,0,1,0,0,1,0,0,1,1,0,0,0,0,0,0,0,1,0,0,0,0,1,0,0,0,0,1,0,0,1,0,0,0,1,0,0,0,0,0,0,0,0,0,0,0,0,1,0,0,1,1,0,0,0,0,0,0,0,1,0,1,0,0,1,0,0,1,0,0,0,0,1,0,0,0,0,0,0,0,0,0,1,1,0,0,0,0,0,0,0,0,0,1,0,0,1,0,0,0,1,0,1,0,1,0,0,0
0,1,0,1,0,1,1,1,0,0,0,0,0,0,0,0,0,1,1,0,0,0,0,0,0,0,1,0,0,0,1,0,0,1,0,1,1,0,0,1,0,1,1,1,0,0,0,1,1,0,0,1,1,0,0,0,0,1,1,0,0,0,1,1,1,0,0,0,1,0,0,1,0,1,0,0,0,1,0,0,1,0,0,0,0,1,0,0,1,0,1,0,0,0,0,1,0,1,0,0,0,0,0,0,0,1,0,1,0,0,0,1,1,1,0,0,0,1,1,0,1,0,1,1,0,0,0,1,1,0,0,0,1,1,1,0,1,0,0,1,0,1,0,0,0,1,1,1,0,1,1,0,0,1,1,0,0,1,0,1,1,0,1,1,1,1,1,0,1,1,0,1,1,1,1,1,0,0,0,0,0,1,0,1,1,0,1,0,1,1,0,0,1,1,0,1,1,1,0,0,0,0,0,1,1,1,0,1,0,0,0,0,0,0,1,0,0,0,0,0,0
0,1,0,1,1,1,0,0,1,0,1,0,1,1,0,0,0,1,1,0,0,0,0,0,0,1,1,0,1,0,1,1,0,0,0,0,0,0,0,0,0,0,0,0,0,1,0,1,0,0,0,1,1,1,0,1,0,0,0,1,0,1,1,0,0,1,0,1,0,0,1,1,0,0,0,0,1,0,0,1,0,0,0,1,1,1,0,1,1,1,0,1,1,1,0,0,1,0,0,0,0,1,1,0,1,0,1,0,0,1,0,1,0,0,0,1,0,0,1,0,0,1,1,0,0,0,0,0,0,0,1,0,0,0,0,1,0,0,0,0,1,0,0,1,0,0,0,1,0,0,0,0,0,0,0,0,0,0,0,0,1,0,0,1,1,0,0,0,0,0,0,0,1,0,1,0,0,1,0,0,1,0,0,0,0,1,0,0,0,0,0,0,0,0,0,1,1,0,0,0,0,0,0,0,0,0,1,0,0,0,0,0,0,1,0,0,0,0,0,0,0
0,0,0,1,1,1,0,0,1,0,1,0,1,1,0,0,0,0,0,0,0,0,0,0,0,1,1,0,0,0,1,1,0,0,0,0,0,0,0,0,0,0,0,0,0,1,0,1,0,0,0,1,1,0,0,1,0,0,0,0,0,0,1,0,0,1,0,1,0,0,1,1,0,0,0,0,1,0,0,1,0,0,0,0,1,1,0,1,1,1,0,0,1,1,0,0,0,0,0,0,0,1,1,0,0,0,0,0,0,0,1,1,0,0,0,0,0,0,0,0,0,1,1,0,0,0,0,0,0,0,0,0,0,0,0,0,0,0,0,0,1,0,0,0,0,0,0,0,0,0,0,0,0,0,0,0,0,0,0,0,0,0,0,0,1,0,0,0,0,0,0,0,1,0,1,0,0,0,0,0,0,0,0,0,0,0,0,0,0,0,0,0,0,0,0,0,0,0,0,0,0,0,0,0,0,0,0,0,0,0,0,0,0,0,0,0,0,0,0,0,0
0,1,0,1,1,1,0,0,1,1,1,0,1,1,0,1,1,1,0,0,0,0,0,0,0,1,1,0,0,0,1,1,1,0,0,0,0,0,0,0,1,1,0,0,0,1,1,1,0,0,0,1,1,1,0,1,0,0,0,1,0,1,1,0,0,1,0,1,0,0,1,1,0,0,0,0,1,0,0,1,0,0,0,1,1,1,0,1,1,1,0,1,1,1,0,0,1,0,1,0,1,1,1,0,1,0,1,0,0,1,0,1,0,0,0,1,0,0,1,1,0,1,1,0,0,0,0,0,0,0,1,0,0,0,0,1,0,1,0,0,1,0,1,1,0,0,0,1,0,0,0,0,0,0,0,0,0,0,0,0,1,0,0,1,1,0,0,0,0,0,0,1,1,0,1,0,1,1,0,0,1,0,0,0,0,1,0,0,0,0,0,0,0,0,0,0,0,0,0,0,0,0,0,0,0,0,0,0,0,0,0,0,0,0,0,0,0,0,0,0,0
0,0,0,1,0,1,1,0,0,0,1,0,1,1,0,1,1,0,0,0,0,0,0,0,0,1,0,0,0,0,1,0,0,0,0,0,1,0,1,0,0,1,0,1,0,0,0,1,0,0,0,1,1,0,0,0,1,0,0,0,0,0,1,0,0,0,0,0,0,0,1,1,1,0,0,1,0,0,1,1,1,0,0,1,0,1,1,1,1,0,0,0,0,0,0,1,1,1,0,0,0,0,0,0,1,0,1,1,0,1,1,1,1,0,0,1,0,1,1,0,1,1,1,0,0,0,0,1,1,0,0,0,1,1,0,1,0,0,0,0,0,0,0,0,0,0,1,0,0,0,0,0,0,1,0,0,0,1,0,0,0,0,0,0,1,1,1,0,0,0,0,1,1,1,1,0,1,1,0,0,1,0,0,1,0,0,0,0,0,0,0,0,0,0,0,0,0,0,0,0,0,0,0,0,0,0,1,0,0,0,0,0,0,0,0,0,0,0,0,0,0
0,1,0,1,1,1,0,0,1,1,1,0,1,1,0,0,0,1,1,0,0,0,0,0,0,1,1,0,1,0,1,1,1,0,0,0,0,0,1,0,1,0,0,0,0,1,1,1,0,0,0,1,1,1,1,1,0,0,0,1,0,1,1,0,0,1,0,1,0,0,1,1,0,0,0,1,1,0,0,1,0,0,0,1,1,1,0,1,1,1,0,1,1,1,0,0,1,0,1,1,1,1,1,0,1,0,1,0,0,1,0,1,0,0,0,1,1,0,1,1,0,1,1,0,0,0,0,0,0,0,1,0,0,0,0,1,0,1,0,0,1,0,1,1,0,0,0,1,0,0,0,0,0,0,0,0,0,0,0,0,1,0,0,1,1,0,0,0,0,0,0,1,1,0,1,0,0,1,0,0,1,0,0,0,0,1,0,0,0,0,0,0,0,0,0,0,0,0,0,0,0,0,0,0,0,0,0,0,0,0,0,0,0,0,0,0,0,0,0,0,0
0,1,0,1,1,1,1,0,1,0,1,0,1,1,0,0,0,1,1,0,0,0,0,0,0,1,1,0,1,0,1,1,0,0,0,0,0,0,1,1,0,0,0,1,0,1,0,1,1,0,0,1,1,1,1,1,0,1,1,1,0,1,1,0,0,1,0,1,1,0,1,1,0,0,0,1,1,0,0,1,0,0,0,1,1,1,0,1,1,1,1,1,1,1,0,0,1,1,0,1,0,1,1,0,1,0,1,0,0,1,0,1,1,1,0,1,1,1,1,0,0,1,1,1,0,0,0,1,1,0,1,0,0,0,0,1,1,0,0,1,1,0,0,1,0,1,1,1,0,0,0,0,0,1,0,0,0,0,0,1,1,0,0,1,1,1,0,0,1,0,0,1,1,1,1,1,0,1,0,0,1,1,0,0,0,1,1,0,0,1,0,1,0,0,0,0,0,0,0,0,0,1,0,0,0,0,0,1,0,0,0,0,0,0,1,0,0,0,0,0,0
0,1,0,1,1,1,0,0,1,0,1,0,1,1,0,0,0,1,1,0,0,0,0,0,0,1,1,0,1,0,1,1,0,0,0,0,0,0,1,0,0,0,0,0,0,1,0,1,0,0,0,1,1,1,1,1,0,0,0,1,0,1,1,0,0,1,0,1,0,0,1,1,0,0,0,1,1,0,0,1,0,0,0,1,1,1,0,1,1,1,0,1,1,1,0,0,1,0,0,1,0,1,1,0,1,0,1,0,0,1,0,1,0,0,0,1,1,0,1,0,0,1,1,0,0,0,0,0,0,0,1,0,0,0,0,1,0,0,0,0,1,0,0,1,0,0,0,1,0,0,0,0,0,0,0,0,0,0,0,0,1,0,0,1,1,0,0,0,0,0,0,1,1,0,1,0,0,1,0,0,1,0,0,0,0,1,0,0,0,0,0,0,0,0,0,0,0,0,0,0,0,0,0,0,0,0,0,0,0,0,0,0,0,1,0,0,0,0,0,0,0
0,0,0,1,1,1,0,0,1,1,1,0,1,1,0,1,1,1,0,0,0,0,0,0,0,1,1,0,0,0,1,1,1,0,0,0,0,0,0,0,1,1,0,0,0,1,1,1,0,0,0,1,1,1,0,1,0,0,0,1,0,1,1,0,0,1,0,1,0,0,1,1,0,0,0,0,1,0,0,1,0,0,0,1,1,1,0,1,1,1,0,1,1,1,0,0,1,0,1,0,1,1,1,0,1,0,1,0,0,1,0,1,0,0,0,1,0,0,1,1,0,1,1,0,0,0,0,0,0,0,1,0,0,0,0,1,0,1,0,0,1,0,1,1,0,0,0,1,0,0,0,0,0,0,0,0,0,0,0,0,1,0,0,1,1,0,0,0,0,0,0,1,1,0,1,0,1,1,0,0,1,0,0,0,0,1,0,0,0,0,0,0,0,0,0,0,0,0,0,0,0,0,0,0,0,0,0,0,0,0,0,0,0,0,0,0,0,0,0,0,0
0,0,0,1,1,1,1,0,1,1,1,0,1,1,0,1,1,1,0,0,0,0,0,0,0,1,1,0,0,0,1,1,1,0,0,0,0,0,0,0,1,1,1,1,0,1,1,1,1,0,0,0,1,1,0,1,0,0,0,1,0,1,1,0,0,1,0,1,1,0,1,1,0,0,0,0,1,0,0,1,0,0,0,1,1,1,0,1,1,1,0,1,1,1,0,0,1,0,1,0,1,1,1,0,1,0,1,0,0,1,0,1,0,0,0,1,0,0,1,1,0,1,1,0,1,0,0,0,0,0,1,0,0,0,0,1,0,1,0,0,1,0,1,1,0,0,0,1,0,0,1,1,0,0,0,0,0,0,0,0,1,0,0,1,1,0,0,0,0,0,0,1,1,0,1,0,1,1,1,0,1,0,0,0,0,1,0,0,0,0,0,0,0,0,0,0,0,0,0,0,0,0,0,0,0,0,0,0,0,0,0,0,0,0,0,0,0,0,0,0,0
0,0,0,1,1,1,0,0,1,0,1,0,1,1,0,0,0,0,0,0,0,0,0,0,0,1,1,0,0,0,1,1,0,0,0,0,0,0,0,0,0,0,0,0,0,1,0,1,0,0,0,1,1,1,0,1,0,0,0,1,0,1,1,0,0,1,0,1,0,0,1,1,0,0,0,0,1,0,0,1,0,0,0,1,1,1,0,1,1,1,0,1,1,1,0,0,1,0,0,0,0,1,1,0,1,0,1,0,0,1,0,1,0,0,0,1,0,0,1,0,0,1,1,0,0,0,0,0,0,0,1,0,0,0,0,1,0,0,0,0,1,0,0,1,0,0,0,1,0,0,0,0,0,0,0,0,0,0,0,0,1,0,0,1,1,0,0,0,0,0,0,0,1,0,1,0,0,1,0,0,1,0,0,0,0,1,0,0,0,0,0,0,0,0,0,0,0,0,0,0,0,0,0,0,0,0,0,0,0,0,0,0,0,1,0,0,0,0,0,0,0
0,0,0,1,1,1,1,0,1,1,1,0,1,1,0,1,1,1,0,0,0,0,0,0,0,1,1,0,0,0,1,1,1,0,0,0,0,0,0,0,1,1,1,1,0,1,1,1,1,0,0,1,1,1,0,1,0,0,0,1,0,1,1,0,0,1,0,1,1,0,1,1,0,0,0,0,1,0,0,1,0,0,0,1,1,1,0,1,1,1,0,1,1,1,0,0,1,0,1,0,1,1,1,0,1,0,1,0,0,1,0,1,0,0,0,1,0,0,1,1,0,1,1,0,1,0,0,0,0,0,1,0,0,0,0,1,0,1,0,0,1,0,1,1,0,0,0,1,0,0,1,1,0,0,0,0,0,0,0,0,1,0,0,1,1,0,0,0,0,0,0,1,1,0,1,0,1,1,1,0,1,0,0,0,0,1,0,0,0,0,0,0,0,0,0,0,0,0,0,0,0,0,0,0,0,0,0,0,0,0,0,0,0,0,0,0,0,0,0,0,0
0,1,0,1,1,1,0,0,1,1,1,0,1,1,0,0,0,1,1,0,0,0,0,0,0,1,1,0,1,0,1,1,1,0,0,0,0,0,1,0,1,0,0,0,0,1,1,1,0,0,0,1,1,1,1,1,0,0,0,1,0,1,1,0,0,1,0,1,0,0,1,1,0,0,0,1,1,0,0,1,0,0,0,1,1,1,0,1,1,1,0,1,1,1,0,0,1,0,1,1,1,1,1,0,1,0,1,0,0,1,0,1,0,0,0,1,1,0,1,1,0,1,1,0,0,0,0,0,0,0,1,0,0,0,0,1,0,1,0,0,1,0,1,1,0,0,0,1,0,0,0,0,0,0,0,0,0,0,0,0,1,0,0,1,1,0,0,0,0,0,0,1,1,0,1,0,0,1,0,0,1,0,0,0,0,1,0,0,0,0,0,0,0,0,0,0,0,0,0,0,0,0,0,0,0,0,0,0,0,0,0,0,0,0,0,0,0,0,0,0,0
0,0,0,1,1,1,0,0,1,1,1,0,1,1,0,0,0,0,0,0,0,0,0,0,0,1,1,0,0,0,1,1,1,0,0,0,0,0,0,0,1,0,0,0,0,1,1,1,0,0,0,1,1,1,0,1,0,0,0,1,0,1,1,0,0,1,0,1,0,0,1,1,0,0,0,0,1,0,0,1,0,0,0,1,1,1,0,1,1,1,0,1,1,1,0,0,1,0,1,0,1,1,1,0,1,0,1,0,0,1,0,1,0,0,0,1,0,0,1,1,0,1,1,0,0,0,0,0,0,0,1,0,0,0,0,1,0,1,0,0,1,0,1,1,0,0,0,1,0,0,0,0,0,0,0,0,0,0,0,0,1,0,0,1,1,0,0,0,0,0,0,0,1,0,1,0,0,1,0,0,1,0,0,0,0,1,0,0,0,0,0,0,0,0,0,0,0,0,0,0,0,0,0,0,0,0,0,0,0,0,0,0,0,0,0,0,0,0,0,0,0
0,1,0,1,1,1,0,0,1,0,1,0,1,1,0,0,0,0,0,0,0,0,0,0,0,1,1,0,0,0,1,1,0,0,0,0,0,0,0,0,0,0,0,0,0,1,0,1,0,0,0,1,1,1,0,1,0,0,0,1,0,1,1,0,0,1,0,1,0,0,1,1,0,0,0,0,1,0,0,1,0,0,0,1,1,1,0,1,1,1,0,1,1,1,0,0,1,0,0,0,0,1,1,0,1,0,1,0,0,1,0,1,0,0,0,1,0,0,1,0,0,1,1,0,0,0,0,0,0,0,1,0,0,0,0,1,0,0,0,0,1,0,0,1,0,0,0,1,0,0,0,0,0,0,0,0,0,0,0,0,1,0,0,1,1,0,0,0,0,0,0,0,1,0,1,0,0,1,0,0,1,0,0,0,0,1,0,0,0,0,0,0,0,0,0,0,0,0,0,0,0,0,0,0,0,0,0,0,0,0,0,0,0,1,0,0,0,0,0,0,0
0,0,0,1,1,1,0,0,1,1,1,0,1,1,0,0,0,0,0,0,0,0,0,0,0,1,1,0,0,0,1,1,1,0,0,0,0,0,0,0,1,0,0,0,0,1,1,1,0,0,0,1,1,1,0,1,0,0,0,1,0,1,1,0,0,1,0,1,0,0,1,1,0,0,0,0,1,0,0,1,0,0,0,1,1,1,0,1,1,1,0,1,1,1,0,0,1,0,1,0,1,1,1,0,1,0,1,0,0,1,0,1,0,0,0,1,0,0,1,1,0,1,1,0,0,0,0,0,0,0,1,0,0,0,0,1,0,1,0,0,1,0,1,1,0,0,0,1,0,0,0,0,0,0,0,0,0,0,0,0,1,0,0,1,1,0,0,0,0,0,0,0,1,0,1,0,0,1,0,0,1,0,0,0,0,1,0,0,0,0,0,0,0,0,0,0,0,0,0,0,0,0,0,0,0,0,0,0,0,0,0,0,0,0,0,0,0,0,0,0,0
0,0,0,1,1,1,0,0,1,0,1,0,1,1,0,0,0,0,0,0,0,0,0,0,0,1,1,0,0,0,1,1,0,0,0,0,0,0,0,0,0,0,0,0,0,1,0,1,0,0,0,1,1,1,0,1,0,0,0,1,0,1,1,0,0,1,0,1,0,0,1,1,0,0,0,0,1,0,0,1,0,0,0,1,1,1,0,1,1,1,0,1,1,1,0,0,1,0,0,0,0,1,1,0,1,0,1,0,0,1,0,1,0,0,0,1,0,0,1,0,0,1,1,0,0,0,0,0,0,0,1,0,0,0,0,1,0,0,0,0,1,0,0,1,0,0,0,1,0,0,0,0,0,0,0,0,0,0,0,0,1,0,0,1,1,0,0,0,0,0,0,0,1,0,1,0,0,1,0,0,1,0,0,0,0,1,0,0,0,0,0,0,0,0,0,0,0,0,0,0,0,0,0,0,0,0,0,0,0,0,0,0,0,1,0,0,0,0,0,0,0
0,0,0,1,1,1,0,0,1,0,1,0,1,1,0,0,0,0,0,0,0,0,0,0,0,1,1,0,0,0,1,1,0,0,0,0,0,0,0,0,0,0,0,0,0,1,0,1,0,0,0,1,1,1,0,1,0,0,0,1,0,1,1,0,0,1,0,1,0,0,1,1,0,0,0,0,1,0,0,1,0,0,0,1,1,1,0,1,1,1,0,1,1,1,0,0,1,0,0,0,0,1,1,0,1,0,1,0,0,1,0,1,0,0,0,1,0,0,1,0,0,1,1,0,0,0,0,0,0,0,1,0,0,0,0,1,0,0,0,0,1,0,0,1,0,0,0,1,0,0,0,0,0,0,0,0,0,0,0,0,1,0,0,1,1,0,0,0,0,0,0,0,1,0,1,0,0,1,0,0,1,0,0,0,0,1,0,0,0,0,0,0,0,0,0,0,0,0,0,0,0,0,0,0,0,0,0,0,0,0,0,0,0,1,0,0,0,0,0,0,0
0,1,0,1,0,1,1,1,0,0,1,0,1,1,0,0,0,1,1,0,0,0,0,0,0,1,1,0,1,0,1,0,0,1,0,1,0,0,1,0,0,0,0,1,0,0,0,0,1,0,0,1,0,1,1,0,1,0,0,0,0,0,0,1,1,1,0,0,1,0,1,1,1,0,0,1,0,1,0,1,1,0,0,1,0,1,1,1,1,1,0,1,0,0,0,1,1,0,0,1,0,1,0,0,1,0,1,1,0,1,1,0,0,0,0,1,1,0,1,0,1,1,0,0,0,0,0,0,0,0,1,0,1,0,0,1,0,0,0,0,0,1,0,1,0,0,0,1,0,0,0,0,0,0,0,0,0,1,0,0,1,0,0,1,0,0,0,0,0,0,1,1,0,0,0,0,1,1,0,0,1,0,0,1,1,0,0,0,1,0,0,0,1,0,0,1,1,0,0,0,0,0,0,1,0,1,1,0,0,0,0,0,0,1,0,0,0,0,0,0,0
0,0,0,1,1,1,1,0,1,0,1,0,1,1,0,1,1,1,0,0,0,0,0,0,0,1,1,0,0,0,1,1,0,0,0,0,0,0,0,0,0,1,1,1,0,1,0,1,1,0,0,1,1,1,0,1,0,0,0,1,0,1,1,0,0,1,0,1,1,0,1,1,0,0,0,0,1,0,0,1,0,0,0,1,1,1,0,1,1,1,0,1,1,1,0,0,1,0,0,0,0,1,1,0,1,0,1,0,0,1,0,1,0,0,0,1,0,0,1,0,0,1,1,0,1,0,0,0,0,0,1,0,0,0,0,1,0,0,0,0,1,0,0,1,0,0,0,1,0,0,1,1,0,0,0,0,0,0,0,0,1,0,0,1,1,0,0,0,0,0,0,1,1,0,1,0,1,1,1,0,1,0,0,0,0,1,0,0,0,0,0,0,0,0,0,0,0,0,0,0,0,0,0,0,0,0,0,0,0,0,0,0,0,1,0,0,0,0,0,0,0
0,1,0,1,0,1,1,1,0,0,0,0,0,0,0,0,0,1,1,0,0,0,0,0,0,0,1,0,0,0,1,0,0,1,1,0,1,0,0,1,0,1,1,1,0,0,0,1,1,0,0,1,1,0,0,0,1,1,1,0,0,0,1,1,1,0,0,0,1,1,0,1,0,0,0,0,0,1,1,0,1,0,0,0,0,1,1,0,1,0,1,0,0,0,0,1,0,1,0,0,0,0,0,0,0,1,0,1,0,0,0,1,1,1,0,0,0,1,1,0,1,0,1,1,0,0,0,1,1,0,0,0,1,1,1,0,1,0,0,1,0,1,0,0,0,1,1,1,0,1,1,0,1,1,1,0,0,1,0,1,1,0,1,1,1,1,1,0,1,1,0,1,1,1,1,1,0,0,0,0,0,1,1,1,1,0,1,0,1,1,1,0,1,1,0,0,0,1,0,1,1,0,0,1,1,0,0,1,0,0,0,0,0,0,1,0,0,0,0,0,0
0,0,0,1,0,1,1,0,0,0,0,0,0,0,0,0,0,0,0,0,0,0,0,0,0,0,0,0,0,0,1,0,0,0,0,0,0,0,1,1,0,0,0,1,0,0,0,1,0,0,0,1,0,1,1,0,1,1,1,0,0,0,1,0,0,0,0,0,1,0,0,1,0,0,0,1,0,0,0,0,0,0,0,1,0,1,1,0,1,0,1,0,0,0,0,0,1,1,0,1,0,0,0,0,0,0,0,0,0,0,0,1,1,1,0,1,1,1,1,0,0,0,0,1,0,0,0,1,1,0,0,0,0,0,0,1,1,0,0,1,0,0,0,1,0,1,1,1,0,1,0,0,0,1,0,0,1,0,0,1,1,0,0,1,0,1,1,0,1,0,0,0,1,1,0,1,0,1,0,0,1,1,0,0,0,0,1,0,0,1,0,1,0,0,0,0,0,0,0,0,0,1,1,0,0,0,0,0,0,0,0,0,0,0,0,0,0,0,0,0,0
0,0,0,1,0,1,1,0,1,0,0,0,0,0,0,0,0,0,0,0,0,0,0,0,0,0,0,0,0,0,1,1,0,0,1,0,0,0,0,1,0,1,0,1,0,0,0,1,1,0,0,1,0,0,0,0,0,1,1,0,0,0,1,0,0,0,0,0,1,0,1,1,0,1,0,0,0,0,0,1,1,0,0,0,0,0,0,0,0,0,1,0,0,0,0,1,0,1,0,0,0,0,0,0,0,0,0,1,0,1,0,1,1,1,0,0,0,1,0,0,1,0,0,1,0,0,0,1,1,0,0,0,1,0,0,0,1,0,0,1,0,1,0,0,0,1,1,0,0,0,0,0,0,1,0,0,0,1,0,1,0,0,0,0,0,1,0,0,1,0,0,0,0,1,0,1,1,0,0,0,0,1,0,1,1,0,1,0,1,1,0,0,1,1,0,1,0,0,0,0,0,0,0,1,1,0,0,1,0,0,0,0,0,0,1,0,0,0,0,0,0
0,0,0,1,0,1,1,0,1,0,0,0,0,0,0,0,0,0,0,0,0,0,0,0,0,0,0,0,0,0,1,1,0,0,1,0,0,0,0,1,0,1,0,1,0,0,0,1,0,0,0,1,0,0,0,0,0,0,0,0,0,0,1,0,0,0,0,0,0,0,1,1,0,1,0,0,0,0,0,1,1,0,0,0,0,0,0,0,0,0,0,0,0,0,0,1,0,0,0,0,0,0,0,0,0,0,0,1,0,1,0,1,0,0,0,0,0,0,0,0,1,0,0,0,0,0,0,0,0,0,0,0,1,0,0,0,0,0,0,0,0,1,0,0,0,0,0,0,0,0,0,0,0,0,0,0,0,1,0,0,0,0,0,0,0,0,0,0,0,0,0,0,0,0,0,0,0,0,0,0,0,0,0,1,1,0,0,0,1,0,0,0,1,0,0,1,0,0,0,0,0,0,0,1,0,0,0,0,0,0,0,0,0,0,0,0,0,0,0,0,0
1,1,0,1,1,1,1,0,0,0,1,0,1,1,1,1,1,1,0,0,0,0,0,0,0,0,0,0,0,0,1,0,0,1,0,1,0,0,1,1,0,1,1,1,0,0,0,1,1,0,0,1,1,1,1,0,1,1,1,0,0,0,1,1,1,0,0,0,1,0,0,1,0,0,0,1,0,0,0,0,0,0,0,1,0,1,1,0,1,0,1,0,0,0,0,0,1,1,0,1,0,0,0,0,0,1,0,0,0,0,0,1,1,1,0,1,1,1,1,0,0,0,1,1,1,0,0,1,1,0,0,0,0,0,0,1,1,0,1,1,0,0,0,1,0,1,1,1,0,1,1,1,0,1,0,0,1,0,0,1,1,0,0,1,1,1,0,0,1,0,1,1,1,1,1,1,1,1,1,0,1,1,0,0,0,1,1,1,0,1,0,1,0,0,0,1,1,1,1,0,0,1,0,0,0,1,1,0,1,0,0,1,0,0,0,0,1,0,0,1,0
0,0,0,1,0,1,1,0,1,0,0,0,0,0,0,0,0,0,0,0,0,0,0,0,0,0,0,0,0,0,1,1,0,0,1,0,0,0,0,1,0,1,0,1,0,0,0,1,0,0,0,1,0,0,0,0,0,0,0,0,0,0,1,0,0,0,0,0,0,0,1,1,0,1,0,0,0,0,0,1,1,0,0,0,0,0,0,0,0,0,0,0,0,0,0,1,0,0,0,0,0,0,0,0,0,0,0,1,0,1,0,1,0,0,0,0,0,0,0,0,1,0,0,0,0,0,0,0,0,0,0,0,1,0,0,0,0,0,0,0,0,1,0,0,0,0,0,0,0,0,0,0,0,0,0,0,0,1,0,0,0,0,0,0,0,0,0,0,0,0,0,0,0,0,0,0,0,0,0,0,0,0,0,1,1,0,0,0,1,0,0,0,1,0,0,1,1,0,0,0,0,0,0,1,0,0,0,0,0,0,0,0,0,1,0,0,0,0,0,0,0
1,1,0,1,1,1,1,0,0,0,1,0,1,1,1,1,1,1,0,0,0,0,0,0,0,0,0,0,0,0,1,0,0,1,0,1,0,0,1,1,0,1,1,1,0,0,0,1,1,0,0,1,1,1,1,0,1,1,1,0,0,0,1,1,1,0,0,0,1,0,0,1,0,0,0,1,0,0,0,0,0,0,0,1,0,1,1,0,1,0,1,0,0,0,0,0,1,1,0,1,0,0,0,0,0,1,0,0,0,0,0,1,1,1,0,1,1,1,1,0,0,0,1,1,1,0,0,1,1,0,0,0,0,0,0,1,1,0,0,1,0,0,0,1,0,1,1,1,0,1,1,1,0,1,0,0,1,0,0,1,1,0,0,1,1,1,0,0,1,0,1,1,1,1,1,1,1,1,1,0,1,1,0,0,0,1,1,1,0,1,0,1,0,0,0,1,1,1,1,0,0,1,0,0,0,1,1,0,1,0,0,1,0,0,0,0,1,0,0,1,0
0,1,0,1,1,1,0,0,0,0,1,0,1,1,1,1,1,1,0,0,0,0,0,0,0,1,1,0,0,0,1,0,0,1,0,0,0,0,1,1,0,1,0,1,0,0,0,1,0,0,0,0,1,1,1,0,0,1,0,0,0,0,1,1,1,0,0,0,1,0,0,1,0,1,0,1,0,0,0,0,1,0,0,1,0,0,0,0,1,0,1,0,0,0,0,1,1,1,0,1,0,0,0,0,0,1,0,1,1,0,0,1,1,1,0,1,1,1,1,0,1,0,1,1,1,0,1,1,1,0,0,0,1,0,0,1,1,0,0,1,0,1,0,1,0,1,1,1,1,0,1,1,0,1,1,0,0,1,0,1,1,0,1,1,1,1,0,0,1,0,1,0,0,1,1,1,1,1,1,0,1,1,0,1,1,1,1,0,1,0,0,1,0,0,1,0,0,0,0,0,0,1,0,0,0,0,0,0,0,0,0,0,0,0,0,0,0,0,0,0,0
0,1,0,1,1,1,1,0,0,1,1,0,0,1,0,0,0,0,0,0,0,0,0,0,0,1,1,0,0,0,1,0,1,1,0,0,0,0,1,1,1,1,0,1,0,0,1,1,1,0,0,1,0,1,1,0,0,1,1,0,0,0,1,1,1,0,0,0,1,0,0,1,0,1,0,1,0,1,0,0,1,0,0,1,0,1,0,0,1,0,1,0,0,0,0,1,0,1,1,1,1,0,0,0,0,1,0,1,1,0,0,1,1,1,0,1,1,1,1,1,1,0,0,1,1,0,1,1,1,0,0,0,1,0,1,0,1,1,0,1,0,1,1,1,0,1,1,1,1,0,1,1,0,1,1,0,0,1,1,1,1,0,1,1,0,1,1,0,1,1,1,1,1,1,0,1,1,0,1,0,1,1,0,1,1,0,1,0,1,1,0,1,1,0,1,0,0,1,0,0,0,1,1,1,0,0,0,0,0,0,1,0,0,0,0,0,0,0,1,0,0
0,0,0,1,0,1,1,0,1,1,0,0,0,0,0,0,0,0,0,0,0,0,0,0,0,0,0,0,0,0,1,1,1,0,1,0,0,0,0,1,1,1,0,1,0,0,1,1,0,0,0,1,0,0,0,0,0,0,0,0,0,0,1,0,0,0,0,0,0,0,1,1,0,1,0,0,0,0,0,1,1,0,0,0,0,0,0,0,0,0,0,0,0,0,0,1,0,0,1,0,1,0,0,0,0,0,0,1,0,1,0,1,0,0,0,0,0,0,0,1,1,0,0,0,0,0,0,0,0,0,0,0,1,0,0,0,0,1,0,0,0,1,1,0,0,0,0,0,0,0,0,0,0,0,0,0,0,1,0,0,0,0,0,0,0,0,0,0,0,0,0,0,0,0,0,0,1,0,0,0,0,0,0,1,1,0,0,0,1,0,0,0,1,0,0,1,0,0,0,0,0,0,0,1,0,0,0,0,0,0,0,0,0,0,0,0,0,0,0,0,0
0,1,0,1,1,1,0,0,0,0,1,0,1,1,1,1,1,0,0,0,0,0,0,0,0,1,0,0,0,0,1,0,0,1,0,0,0,0,0,1,0,1,0,1,0,0,0,1,0,0,0,1,1,0,0,0,0,1,0,0,0,0,1,1,1,0,0,0,1,0,0,1,0,1,0,0,0,0,0,0,1,0,0,1,0,0,0,0,1,0,1,0,0,0,0,1,0,1,0,0,0,0,0,0,0,1,0,1,1,0,0,1,1,1,0,0,0,1,1,0,1,0,1,1,1,0,1,1,1,0,0,0,1,0,0,0,1,0,0,1,0,1,0,0,0,1,1,1,1,0,1,1,0,1,1,0,0,1,0,1,1,0,1,1,1,1,0,0,1,0,1,0,0,1,1,1,1,0,1,0,0,1,0,1,1,0,1,0,1,0,0,1,0,0,1,0,0,0,0,0,0,1,0,0,0,0,0,0,0,0,0,0,0,0,0,0,0,0,0,0,0
0,1,0,1,0,1,1,0,1,0,0,0,0,0,0,0,0,0,0,0,0,0,0,0,0,0,0,0,0,0,1,1,0,0,1,0,0,0,0,1,0,1,0,1,0,0,0,1,1,0,0,1,0,0,0,0,0,1,1,0,0,0,1,0,0,0,0,0,1,0,1,1,0,1,0,0,0,0,0,1,1,0,0,0,0,0,0,0,0,0,1,0,0,0,0,1,0,1,0,0,0,0,0,0,0,0,0,1,0,1,0,1,1,1,0,0,0,1,0,0,1,0,0,1,0,0,0,1,1,0,0,0,1,0,0,0,1,0,0,1,0,1,0,0,0,1,1,0,0,0,0,0,0,1,0,0,0,1,0,1,0,0,0,0,0,1,0,0,1,0,0,0,0,1,0,1,1,0,0,0,0,1,0,1,1,0,1,0,1,1,0,0,1,1,0,1,0,0,0,0,0,0,0,1,1,0,0,1,0,0,0,0,0,0,1,0,0,0,0,0,0
0,1,0,1,1,1,1,0,0,0,1,0,1,1,1,1,1,1,0,0,0,0,0,0,0,1,1,1,1,0,1,0,0,1,1,0,0,0,1,1,0,1,0,1,1,1,0,1,0,0,0,0,1,1,1,1,0,1,0,0,1,1,1,1,1,1,1,1,1,1,1,1,1,1,0,1,0,0,0,1,1,0,0,1,1,0,0,1,1,1,1,1,1,1,0,1,1,1,0,1,0,1,1,1,1,1,1,1,1,1,1,1,1,1,0,1,1,1,1,0,1,1,1,1,1,0,1,1,1,0,1,0,1,0,0,1,1,0,0,1,1,1,0,1,0,1,1,1,1,0,1,1,0,1,1,0,0,1,0,1,1,0,1,1,1,1,0,0,1,0,1,0,0,1,1,1,1,1,1,0,1,1,0,1,1,1,1,0,1,0,0,1,0,0,1,0,0,0,0,0,0,1,0,0,0,0,0,0,0,0,0,0,0,0,0,0,0,0,0,0,0
0,0,0,1,0,1,1,0,1,0,0,0,0,0,0,0,0,0,0,0,0,0,0,0,0,0,0,0,0,0,1,1,0,0,1,0,0,0,0,1,0,1,0,1,0,0,0,1,0,0,0,1,0,0,0,0,0,0,0,0,0,0,1,0,0,0,0,0,0,0,1,1,0,1,0,0,0,0,0,1,1,0,0,0,0,0,0,0,0,0,0,0,0,0,0,1,0,0,0,0,0,0,0,0,0,0,0,1,0,1,0,1,0,0,0,0,0,0,0,0,1,0,0,0,0,0,0,0,0,0,0,0,1,0,0,0,0,0,0,0,0,1,0,0,0,0,0,0,0,0,0,0,0,0,0,0,0,1,0,0,0,0,0,0,0,0,0,0,0,0,0,0,0,0,0,0,0,0,0,0,0,0,0,1,1,0,0,0,1,0,0,0,1,0,0,1,1,0,0,0,0,0,0,1,0,0,0,0,0,0,0,0,0,1,0,0,0,0,0,0,0
0,1,0,1,1,1,0,0,0,0,1,0,1,1,1,1,1,0,0,0,0,0,0,0,0,1,0,0,0,0,1,0,0,1,0,0,0,1,1,1,0,1,0,1,0,0,0,1,0,0,0,1,1,0,0,0,0,1,0,0,0,0,1,1,1,0,0,0,1,0,0,1,0,1,0,0,0,0,0,0,1,0,0,1,0,0,0,0,1,0,1,0,0,0,0,1,0,1,0,0,0,0,0,0,0,1,0,1,1,0,0,1,1,1,0,0,0,1,1,0,1,0,1,1,1,0,1,1,1,0,0,0,1,0,0,0,1,0,0,1,0,1,0,0,0,1,1,1,1,0,1,1,0,1,1,0,0,1,0,1,1,0,1,1,1,1,0,0,1,0,1,0,0,1,1,1,1,0,1,0,0,1,0,1,1,0,1,0,1,0,0,1,0,0,1,0,0,0,0,0,0,1,0,0,0,0,0,0,0,0,0,0,0,0,0,0,0,0,0,0,0
0,1,0,1,1,1,0,0,0,0,1,0,1,1,1,1,1,0,0,0,0,0,0,0,0,1,0,0,0,0,1,0,0,1,0,0,0,0,0,1,0,1,0,1,0,0,0,1,0,0,0,0,1,0,0,0,0,1,0,0,0,0,1,1,1,0,0,0,1,0,0,1,0,1,0,0,0,0,0,0,1,0,0,1,0,0,0,0,1,0,1,0,0,0,0,1,0,1,0,0,0,0,0,0,0,1,0,1,1,0,0,1,1,1,0,0,0,1,1,0,1,0,1,1,1,0,1,1,1,0,0,0,1,0,0,0,1,0,0,1,0,1,0,0,0,1,1,1,1,0,1,1,0,1,1,0,0,1,0,1,1,0,1,1,1,1,0,0,1,0,1,0,0,1,1,1,1,0,1,0,0,1,0,1,1,0,1,0,1,0,0,1,0,0,1,0,0,0,0,0,0,1,0,0,0,0,0,0,0,0,0,0,0,0,0,0,0,0,0,0,0
0,0,0,1,0,1,1,0,0,1,0,0,0,0,0,0,0,0,0,0,0,0,0,0,0,0,0,0,0,0,1,0,1,1,0,0,0,0,1,1,1,1,0,1,0,0,1,1,1,0,0,1,0,1,1,0,0,1,1,0,0,0,1,1,1,0,0,0,1,0,0,1,0,0,0,1,0,1,0,0,1,0,0,1,0,1,0,0,1,0,1,0,0,0,0,1,0,1,1,1,1,0,0,0,0,1,0,1,0,0,0,1,1,1,0,1,1,1,1,1,1,0,0,1,0,0,1,1,1,0,0,0,1,0,1,0,1,1,0,1,0,1,1,1,0,1,1,1,1,0,0,0,0,1,0,0,0,1,1,1,1,0,0,1,0,1,1,0,1,1,1,1,1,1,0,1,1,0,0,0,1,1,0,1,1,0,1,0,1,1,0,1,1,0,1,0,0,1,0,0,0,0,1,1,0,0,0,0,0,0,1,0,0,0,0,0,0,0,1,0,0
0,1,0,1,1,1,0,0,0,0,1,0,0,1,0,1,1,0,0,0,0,0,0,0,0,1,0,0,0,0,1,0,0,1,0,0,0,0,0,1,0,1,0,1,0,0,0,1,0,0,0,1,1,0,0,0,0,1,0,0,0,0,1,1,1,0,0,0,1,0,0,1,0,1,0,0,0,0,0,0,1,0,0,1,0,0,0,0,1,0,1,0,0,0,0,1,0,1,0,0,0,0,0,0,0,1,0,1,1,0,0,1,1,1,0,0,0,1,1,0,1,0,1,1,1,0,1,1,1,0,0,0,1,0,0,0,1,0,0,1,0,1,0,0,0,1,1,1,1,0,1,1,0,1,1,0,0,1,0,1,1,0,1,1,1,1,0,0,1,0,1,0,0,1,1,1,1,0,1,0,0,1,0,1,1,0,1,0,1,0,0,1,0,0,1,0,0,0,0,0,0,1,0,0,0,0,0,0,0,0,0,0,0,0,0,0,0,0,0,0,0
0,0,0,1,0,1,1,0,1,0,0,0,0,0,0,0,0,0,0,0,0,0,0,0,0,0,0,0,0,0,1,1,0,0,1,0,0,0,0,1,0,1,0,1,0,0,0,1,1,0,0,1,0,0,0,0,0,1,1,0,0,0,1,0,0,0,0,0,1,0,1,1,0,1,0,0,0,0,0,1,1,0,0,0,0,0,0,0,0,0,1,0,0,0,0,1,0,1,0,0,0,0,0,0,0,0,0,1,0,1,0,1,1,1,0,0,0,1,0,0,1,0,0,1,0,0,0,1,1,0,0,0,1,0,0,0,1,0,0,1,0,1,0,0,0,1,1,0,0,0,0,0,0,1,0,0,0,1,0,1,0,0,0,0,0,1,0,0,1,0,0,0,0,1,0,1,0,0,0,0,0,1,0,1,1,0,1,0,1,1,0,0,1,1,0,1,0,0,0,0,0,0,0,1,1,0,0,1,0,0,0,0,0,0,1,0,0,0,0,0,0
0,0,0,1,0,1,1,0,1,1,0,0,0,0,0,0,0,0,0,0,0,0,0,0,0,0,0,0,0,0,1,1,1,0,1,0,0,0,0,1,1,1,0,1,0,0,1,1,0,0,0,1,0,0,0,0,0,0,0,0,0,0,1,0,0,0,0,0,0,0,1,1,0,1,0,0,0,0,0,1,1,0,0,0,0,0,0,0,0,0,0,0,0,0,0,1,0,0,1,0,1,0,0,0,0,0,0,1,0,1,0,1,0,0,0,0,0,0,0,1,1,0,0,0,0,0,0,0,0,0,0,0,1,0,0,0,0,1,0,0,0,1,1,0,0,0,0,0,0,0,0,0,0,0,0,0,0,1,0,0,0,0,0,0,0,0,0,0,0,0,0,0,0,0,0,0,0,0,0,0,0,0,0,1,1,0,0,0,1,0,0,0,1,0,0,1,0,0,0,0,0,0,0,1,0,0,0,0,0,0,0,0,0,0,0,0,0,0,0,0,0
0,1,0,1,1,1,0,0,0,0,1,0,1,1,1,0,0,0,0,0,0,0,0,0,0,1,0,0,0,0,1,0,0,1,0,0,0,0,0,1,0,1,0,1,0,0,0,1,0,0,0,1,1,0,0,0,0,1,0,0,0,0,1,1,1,0,0,0,1,0,0,1,0,1,0,0,0,0,0,0,1,0,0,1,0,0,0,0,1,0,1,0,0,0,0,1,0,1,0,0,0,0,0,0,0,1,0,1,1,0,0,1,1,1,0,0,0,1,1,0,1,0,1,1,1,0,1,1,1,0,0,0,1,0,0,0,1,0,0,1,0,1,0,0,0,1,1,1,1,0,1,1,0,1,1,0,0,1,0,1,1,0,1,1,1,1,0,0,1,0,1,0,0,1,1,1,1,0,1,0,0,1,0,1,1,0,1,0,1,0,0,1,0,0,1,0,0,0,0,0,0,1,0,0,0,0,0,0,0,0,0,0,0,0,0,0,0,0,0,0,0
0,1,0,1,1,1,1,0,0,0,1,0,1,1,1,1,1,0,0,0,0,0,0,0,0,1,0,0,0,0,1,0,0,1,1,0,0,0,0,1,0,1,1,1,0,0,0,1,1,0,0,0,1,0,0,0,0,1,0,0,0,0,1,1,1,0,0,0,1,1,0,1,0,1,0,0,0,0,0,0,1,0,0,1,0,0,0,0,1,0,1,0,0,0,0,1,0,1,0,0,0,0,0,0,0,1,0,1,1,0,0,1,1,1,0,0,0,1,1,0,1,0,1,1,1,0,1,1,1,0,0,0,1,0,0,0,1,0,0,1,0,1,0,0,0,1,1,1,1,0,1,1,1,1,1,0,0,1,0,1,1,0,1,1,1,1,1,0,1,0,1,0,0,1,1,1,1,0,1,0,0,1,0,1,1,0,1,0,1,0,0,1,0,0,1,0,0,0,0,0,0,1,0,0,0,0,0,0,0,0,0,0,0,0,0,0,0,0,0,0,0
0,1,0,1,1,1,0,0,0,0,1,0,1,1,1,0,0,0,0,0,0,0,0,0,0,1,0,0,0,0,1,0,0,1,0,0,0,0,0,1,0,1,0,1,0,0,0,1,0,0,0,1,1,0,0,0,0,1,0,0,0,0,1,1,1,0,0,0,1,0,0,1,0,1,0,0,0,0,0,0,1,0,0,1,0,0,0,0,1,0,1,0,0,0,0,1,0,1,0,0,0,0,0,0,0,1,0,1,1,0,0,1,1,1,0,0,0,1,1,0,1,0,1,1,1,0,1,1,1,0,0,0,1,0,0,0,1,0,0,1,0,1,0,0,0,1,1,1,1,0,1,1,0,1,1,0,0,1,0,1,1,0,1,1,1,1,0,0,1,0,1,0,0,1,1,1,1,0,1,0,0,1,0,1,1,0,1,0,1,0,0,1,0,0,1,0,0,0,0,0,0,1,0,0,0,0,0,0,0,0,0,0,0,0,0,0,0,0,0,0,0
0,0,0,1,0,1,1,0,1,0,0,0,0,0,0,0,0,0,0,0,0,0,0,0,0,0,0,0,0,0,1,1,0,0,1,0,0,0,0,1,0,1,0,1,0,0,0,1,1,0,0,1,0,0,0,0,0,1,1,0,0,0,1,0,0,0,0,0,1,0,1,1,0,1,0,0,0,0,0,1,1,0,0,0,0,0,0,0,0,0,1,0,0,0,0,1,0,1,0,0,0,0,0,0,0,0,0,1,0,1,0,1,1,1,0,0,0,1,0,0,1,0,0,1,0,0,0,1,1,0,0,0,1,0,0,0,1,0,0,1,0,1,0,0,0,1,1,0,0,0,0,0,0,1,0,0,0,1,0,1,0,0,0,0,0,1,0,0,1,0,0,0,0,1,0,1,0,0,0,0,0,1,0,1,1,0,1,0,1,1,0,0,1,1,0,1,0,0,0,0,0,0,0,1,1,0,0,1,0,0,0,0,0,0,1,0,0,0,0,0,0
0,0,0,1,1,1,1,0,0,0,1,0,1,1,1,0,0,0,0,0,0,0,0,0,0,1,0,0,0,0,1,0,0,1,0,0,0,0,0,1,0,1,0,1,0,0,0,1,0,0,0,1,1,0,0,0,0,1,0,0,0,0,1,1,1,0,0,0,1,0,0,1,0,1,0,0,0,0,0,0,1,1,0,1,0,0,0,0,1,0,1,0,0,0,0,1,0,1,0,1,0,0,0,0,0,1,0,1,1,0,0,1,1,1,0,0,0,1,1,0,1,0,1,1,1,0,1,1,1,0,0,0,1,0,0,0,1,0,0,1,0,1,0,0,0,1,1,1,1,0,1,1,0,1,1,0,0,1,0,1,1,0,1,1,1,1,0,0,1,0,1,0,0,1,1,1,1,0,1,0,0,1,0,1,1,0,1,0,1,0,0,1,0,0,1,0,0,0,0,0,0,1,0,0,0,0,0,0,0,0,0,0,0,0,0,0,0,0,0,0,0
0,1,0,1,1,1,0,0,0,0,1,0,1,1,1,0,0,0,0,0,0,0,0,0,0,1,0,0,0,0,1,0,0,1,0,0,0,0,0,1,0,1,0,1,0,0,0,1,0,0,0,1,1,0,0,0,0,1,0,0,0,0,1,1,1,0,0,0,1,0,0,1,0,1,0,0,0,0,0,0,1,0,0,1,0,0,0,0,1,0,1,0,0,0,0,1,0,1,0,0,0,0,0,0,0,1,0,1,1,0,0,1,1,1,0,0,0,1,1,0,1,0,1,1,1,0,1,1,1,0,0,0,1,0,0,0,1,0,0,1,0,1,0,0,0,1,1,1,1,0,1,1,0,1,1,0,0,1,0,1,1,0,1,1,1,1,0,0,1,0,1,0,0,1,1,1,1,0,1,0,0,1,0,1,1,0,1,0,1,0,0,1,0,0,1,0,0,0,0,0,0,1,0,0,0,0,0,0,0,0,0,0,0,0,0,0,0,0,0,0,0
0,0,0,1,0,1,1,0,1,1,0,0,0,0,0,0,0,0,0,0,0,0,0,0,0,0,0,0,0,0,1,1,1,0,1,0,0,0,0,1,1,1,0,1,0,0,1,1,0,0,0,1,0,0,0,0,0,0,0,0,0,0,1,0,0,0,0,0,0,0,1,1,0,1,0,0,0,0,0,1,1,0,0,0,0,0,0,0,0,0,0,0,0,0,0,1,0,0,1,0,1,0,0,0,0,0,0,1,0,1,0,1,0,0,0,0,0,0,0,1,1,0,0,0,0,0,0,0,0,0,0,0,1,0,0,0,0,1,0,0,0,1,1,0,0,0,0,0,0,0,0,0,0,0,0,0,0,1,0,0,0,0,0,0,0,0,0,0,0,0,0,0,0,0,0,0,1,0,0,0,0,0,0,1,1,0,0,0,1,0,0,0,1,0,0,1,0,0,0,0,0,0,0,1,0,0,0,0,0,0,0,0,0,0,0,0,0,0,0,0,0
1,1,0,1,1,1,1,0,0,0,1,0,1,1,1,1,1,1,0,0,0,0,0,0,0,0,0,0,0,0,1,0,0,1,0,1,0,0,1,1,0,1,1,1,0,0,0,1,1,0,0,1,1,1,1,0,1,1,1,0,0,0,1,1,1,0,0,0,1,0,0,1,0,0,0,1,0,0,0,0,0,0,0,1,0,1,1,0,1,0,1,0,0,0,0,0,1,1,0,1,0,0,0,0,0,1,0,0,0,0,0,1,1,1,0,1,1,1,1,0,0,0,1,1,1,0,0,1,1,0,0,0,0,0,0,1,1,0,0,1,0,0,0,1,0,1,1,1,0,1,1,1,0,1,0,0,1,0,0,1,1,0,0,1,1,1,0,0,1,0,1,1,1,1,1,1,1,1,1,0,1,1,0,0,0,1,1,1,0,1,0,1,0,0,0,1,1,1,1,0,0,1,0,0,0,1,1,0,1,0,0,1,0,0,0,0,1,0,0,1,0
1,1,0,1,0,1,1,0,0,0,1,0,1,1,1,0,0,0,0,0,0,0,0,0,0,0,0,0,0,0,1,0,0,1,0,1,0,0,1,1,0,1,0,1,0,0,0,1,0,0,0,1,1,1,1,0,1,1,1,0,0,0,1,1,1,0,0,0,1,0,0,1,0,0,0,1,0,0,0,0,0,0,0,1,0,1,1,0,1,0,1,0,0,0,0,0,1,1,0,1,0,0,0,0,0,1,0,0,0,0,0,1,1,1,0,1,1,1,1,0,0,0,1,1,0,0,0,1,1,0,0,0,0,0,0,1,1,0,0,1,0,0,0,1,0,1,1,1,0,1,0,0,0,1,0,0,1,0,0,1,1,0,0,1,1,1,0,0,1,0,1,1,1,1,1,1,1,1,0,0,1,1,0,0,0,1,1,1,0,1,0,1,0,0,0,1,1,1,1,0,0,1,0,0,0,1,1,0,1,0,0,1,0,0,0,0,1,0,0,1,0
0,1,0,1,1,1,1,0,0,0,1,0,1,1,1,1,1,1,0,0,0,0,0,0,0,0,0,0,0,0,1,0,0,1,0,1,0,0,1,1,0,1,1,1,0,0,0,1,1,0,0,1,1,1,1,0,1,1,1,0,0,0,1,1,1,0,0,0,1,0,0,1,0,0,0,1,0,0,0,0,0,0,0,1,0,1,1,0,1,0,1,0,0,0,0,0,1,1,0,1,0,0,0,0,0,1,0,0,0,0,0,1,1,1,0,1,1,1,1,0,0,0,1,1,1,0,1,1,1,0,0,0,0,0,0,1,1,0,0,1,0,0,0,1,0,1,1,1,1,1,1,1,0,1,0,0,1,0,0,1,1,0,0,1,1,1,0,0,1,0,1,1,1,1,1,1,1,1,1,0,1,1,0,0,0,1,1,1,0,1,0,1,0,0,0,1,1,1,1,0,0,1,0,0,0,1,1,0,1,0,0,1,0,0,0,0,1,0,0,1,0
0,0,0,1,1,1,1,0,0,0,0,0,0,0,0,1,1,1,0,1,1,0,0,0,0,1,1,1,0,0,1,0,0,1,1,0,0,0,1,0,0,1,0,1,1,1,0,1,1,1,1,0,0,1,0,0,0,0,0,0,0,1,1,0,1,1,1,1,1,0,1,1,1,0,1,1,0,1,0,1,1,1,1,1,0,1,0,1,1,1,0,1,0,0,1,1,1,0,0,1,0,1,0,1,1,0,1,1,0,1,1,1,0,0,0,1,1,0,1,0,1,1,0,0,0,0,0,0,0,0,1,1,1,0,0,1,0,0,0,0,0,1,0,1,0,0,0,1,0,0,0,0,0,0,0,0,0,1,0,0,1,0,0,1,0,0,0,0,0,0,0,0,0,0,0,0,1,1,0,0,1,0,0,1,1,0,0,0,0,0,0,0,0,0,0,0,0,0,0,0,0,0,0,0,0,0,0,0,0,0,0,0,0,0,0,0,0,0,0,0,0
0,0,0,1,1,1,0,0,0,0,1,0,0,1,0,0,0,0,0,0,0,0,0,0,0,1,0,0,0,0,1,0,0,1,0,0,0,0,0,1,0,1,0,1,0,0,0,1,0,0,0,1,1,0,0,0,0,1,0,0,0,0,1,1,1,0,0,0,1,0,0,1,0,1,0,0,0,0,0,0,1,0,0,1,0,0,0,0,1,0,1,0,0,0,0,1,0,1,0,0,0,0,0,0,0,1,0,1,1,0,0,1,1,1,0,0,0,1,1,0,1,0,1,1,1,0,1,1,1,0,0,0,1,0,0,0,1,0,0,1,0,1,0,0,0,1,1,1,1,0,1,1,0,1,1,0,0,1,0,1,1,0,1,1,1,1,0,0,1,0,1,0,0,1,1,1,1,0,1,0,0,1,0,1,1,0,1,0,1,0,0,1,0,0,1,0,0,0,0,0,0,1,0,0,0,0,0,0,0,0,0,0,0,0,0,0,0,0,0,0,0
0,1,0,1,1,1,0,0,0,0,1,0,0,1,0,0,0,0,0,0,0,0,0,0,0,1,0,0,0,0,1,0,0,1,0,0,0,1,1,1,0,1,0,1,0,0,0,1,0,0,0,1,1,0,0,0,0,1,0,0,0,0,1,1,1,0,0,0,1,0,0,1,0,1,0,0,0,0,0,0,1,0,0,1,0,0,0,0,1,0,1,0,0,0,0,1,0,1,0,0,0,0,0,0,0,1,0,1,1,0,0,1,1,1,0,0,0,1,1,0,1,0,1,1,1,0,1,1,1,0,0,0,1,0,0,0,1,0,0,1,0,1,0,0,0,1,1,1,1,0,1,1,0,1,1,0,0,1,0,1,1,0,1,1,1,1,0,0,1,0,1,0,0,1,1,1,1,0,1,0,0,1,0,1,1,0,1,0,1,0,0,1,0,0,1,0,0,0,0,0,0,1,0,0,0,0,0,0,0,0,0,0,0,0,0,0,0,0,0,0,0
0,0,0,1,0,1,0,0,0,0,0,0,0,0,0,1,1,0,0,0,0,0,0,0,0,1,0,0,0,0,0,0,0,0,1,0,0,0,1,0,0,1,0,0,1,1,0,1,0,1,1,1,0,1,0,0,0,0,0,0,0,1,1,0,0,1,1,1,0,0,1,0,1,0,1,1,0,0,0,1,0,1,1,1,0,0,0,1,1,1,0,1,0,0,1,0,1,0,0,1,0,1,0,1,1,0,1,0,0,1,1,1,0,0,0,1,1,0,1,0,0,1,0,0,0,0,0,0,0,0,1,1,0,0,0,1,0,0,0,0,0,0,0,1,0,0,0,1,0,0,0,0,0,0,0,0,0,0,0,0,1,0,0,1,0,0,0,0,0,0,0,0,0,0,0,0,1,1,0,0,1,0,0,0,0,0,0,0,0,0,0,0,0,0,0,0,0,0,0,0,0,0,0,0,0,0,0,0,0,0,0,0,0,0,0,0,0,0,0,0,0
0,1,0,1,0,1,1,0,1,1,0,0,0,0,0,0,0,0,0,0,0,0,0,0,0,0,0,0,0,0,1,1,1,0,1,0,0,1,1,1,1,1,0,1,0,0,1,1,0,0,0,1,0,0,0,0,0,0,0,0,0,0,1,0,0,0,0,0,0,0,1,1,0,1,0,0,0,0,0,1,1,0,0,0,0,0,0,0,0,0,0,0,0,0,0,1,0,0,1,0,1,0,0,0,0,0,0,1,0,1,0,1,0,0,0,0,0,0,0,1,1,0,0,0,0,0,0,0,0,0,0,0,1,0,0,0,0,1,0,0,0,1,1,0,0,0,0,0,0,0,0,0,0,0,0,0,0,1,0,0,0,0,0,0,0,0,0,0,0,0,0,0,0,0,0,0,1,0,0,0,0,0,0,1,1,0,0,0,1,0,0,0,1,0,0,1,0,0,0,0,0,0,0,1,0,0,0,0,0,0,0,0,0,0,0,0,0,0,0,0,0
0,0,0,1,0,1,1,0,1,0,0,0,0,0,0,0,0,0,0,0,0,0,0,0,0,0,0,0,0,0,1,1,0,0,1,0,0,0,0,1,0,1,0,1,0,0,0,1,0,0,0,1,0,0,0,0,0,0,0,0,0,0,1,0,0,0,0,0,0,0,1,1,0,1,0,0,0,0,0,1,1,0,0,0,0,0,0,0,0,0,0,0,0,0,0,1,0,0,0,0,0,0,0,0,0,0,0,1,0,1,0,1,0,0,0,0,0,0,0,0,1,0,0,0,0,0,0,0,0,0,0,0,1,0,0,0,0,0,0,0,0,1,0,0,0,0,0,0,0,0,0,0,0,0,0,0,0,1,0,0,0,0,0,0,0,0,0,0,0,0,0,0,0,0,0,0,1,0,0,0,0,0,0,1,1,0,0,0,1,0,0,0,1,0,0,1,0,0,0,0,0,0,0,1,0,0,0,0,0,0,0,0,0,0,0,0,0,0,0,0,0
0,1,0,1,1,1,0,0,0,0,1,0,1,1,1,1,1,0,0,0,0,0,0,0,0,1,0,0,0,0,1,0,0,1,0,0,1,0,0,1,0,1,0,1,0,0,0,1,0,0,0,1,1,0,0,0,0,1,0,0,0,0,1,1,1,0,0,0,1,0,0,1,0,1,0,0,0,0,0,0,1,0,0,1,0,0,0,0,1,0,1,0,0,0,0,1,0,1,0,0,0,0,0,0,0,1,0,1,1,0,0,1,1,1,0,0,0,1,1,0,1,0,1,1,1,0,1,1,1,0,0,0,1,0,0,0,1,0,0,1,0,1,0,0,0,1,1,1,1,0,1,1,0,1,1,0,0,1,0,1,1,0,1,1,1,1,0,0,1,0,1,0,0,1,1,1,1,0,1,0,0,1,0,1,1,0,1,0,1,0,0,1,0,0,1,0,0,0,0,0,0,1,0,0,0,0,0,0,0,0,0,0,0,0,0,0,0,0,0,0,0
0,0,0,1,0,1,1,0,1,0,0,0,0,0,0,0,0,0,0,0,0,0,0,0,0,0,0,0,0,0,1,1,0,0,1,0,0,0,0,1,0,1,0,1,0,0,0,1,0,0,0,1,0,0,0,0,0,0,0,0,0,0,1,0,0,0,0,0,0,0,1,1,0,1,0,0,0,0,0,1,1,0,0,0,0,0,0,0,0,0,0,0,0,0,0,1,0,0,0,0,0,0,0,0,0,0,0,1,0,1,0,1,0,0,0,0,0,0,0,0,1,0,0,0,0,0,0,0,0,0,0,0,1,0,0,0,0,0,0,0,0,1,0,0,0,0,0,0,0,0,0,0,0,0,0,0,0,1,0,0,0,0,0,0,0,0,0,0,0,0,0,0,0,0,0,0,1,0,0,0,0,0,0,1,1,0,0,0,1,0,0,0,1,0,0,1,0,0,0,0,0,0,0,1,0,0,0,0,0,0,0,0,0,0,0,0,0,0,0,0,0
0,1,0,1,1,1,0,0,0,0,1,0,1,1,1,0,0,0,0,0,0,0,0,0,0,1,0,0,0,0,1,0,0,1,0,0,0,0,0,1,0,1,0,1,0,0,0,1,0,0,0,0,1,0,0,0,0,1,0,0,0,0,1,1,1,0,0,0,1,0,0,1,0,1,0,0,0,0,0,0,1,0,0,1,0,0,0,0,1,0,1,0,0,0,0,1,0,1,0,0,0,0,0,0,0,1,0,1,1,0,0,1,1,1,0,0,0,1,1,0,1,0,1,1,1,0,1,1,1,0,0,0,1,0,0,0,1,0,0,1,0,1,0,0,0,1,1,1,1,0,1,1,0,1,1,0,0,1,0,1,1,0,1,1,1,1,0,0,1,0,1,0,0,1,1,1,1,0,1,0,0,1,0,1,1,0,1,0,1,0,0,1,0,0,1,0,0,0,0,0,0,1,0,0,0,0,0,0,0,0,0,0,0,0,0,0,0,0,0,0,0
1,1,0,1,1,1,1,0,0,0,1,0,1,1,1,1,1,1,0,0,0,0,0,0,0,0,0,0,0,0,1,0,0,1,0,1,0,0,1,1,0,1,1,1,0,0,0,1,1,0,0,1,1,1,1,0,1,1,1,0,0,0,1,1,1,0,0,0,1,0,0,1,0,0,0,1,0,0,0,0,0,0,0,1,0,1,1,0,1,0,1,0,0,0,0,0,1,1,0,1,0,0,0,0,0,1,0,0,0,0,0,1,1,1,0,1,1,1,1,0,0,0,1,1,1,0,0,1,1,0,0,0,0,0,0,1,1,0,0,1,0,0,0,1,0,1,1,1,0,1,1,1,0,1,0,0,1,0,0,1,1,0,0,1,1,1,0,0,1,0,1,1,1,1,1,1,1,1,1,0,1,1,0,0,0,1,1,1,0,1,0,1,0,0,0,1,1,1,1,0,0,1,0,0,0,1,1,0,1,0,0,1,0,0,0,0,1,0,0,1,0
0,1,0,1,1,1,0,0,0,0,1,0,1,1,1,0,0,0,0,0,0,0,0,0,0,1,0,0,0,0,1,0,0,1,0,0,0,0,0,1,0,1,0,1,0,0,0,1,0,0,0,0,1,0,0,0,0,1,0,0,0,0,1,1,1,0,0,0,1,0,0,1,0,1,0,0,0,0,0,0,1,0,0,1,0,0,0,0,1,0,1,0,0,0,0,1,0,1,0,0,0,0,0,0,0,1,0,1,1,0,0,1,1,1,0,0,0,1,1,0,1,0,1,1,1,0,1,1,1,0,0,0,1,0,0,0,1,0,0,1,0,1,0,0,0,1,1,1,1,0,1,1,0,1,1,0,0,1,0,1,1,0,1,1,1,1,0,0,1,0,1,0,0,1,1,1,1,0,1,0,0,1,0,1,1,0,1,0,1,0,0,1,0,0,1,0,0,0,0,0,0,1,0,0,0,0,0,0,0,0,0,0,0,0,0,0,0,0,0,0,0
0,0,0,1,0,1,1,0,1,0,0,0,0,0,0,0,0,0,0,0,0,0,0,0,0,0,0,0,0,0,1,1,0,0,1,0,0,0,0,1,0,1,0,1,0,0,0,1,0,0,0,1,0,0,0,0,0,0,0,0,0,0,1,0,0,0,0,0,0,0,1,1,0,1,0,0,0,0,0,1,1,0,0,0,0,0,0,0,0,0,0,0,0,0,0,1,0,0,0,0,0,0,0,0,0,0,0,1,0,1,0,1,0,0,0,0,0,0,0,0,1,0,0,0,0,0,0,0,0,0,0,0,1,0,0,0,0,0,0,0,0,1,0,0,0,0,0,0,0,0,0,0,0,0,0,0,0,1,0,0,0,0,0,0,0,0,0,0,0,0,0,0,0,0,0,0,0,0,0,0,0,0,0,1,1,0,0,0,1,0,0,0,1,0,0,1,0,0,0,0,0,0,0,1,0,0,0,0,0,0,0,0,0,0,0,0,0,0,0,0,0
0,0,0,1,0,1,1,0,1,0,0,0,0,0,0,0,0,0,0,0,0,0,0,0,0,0,0,0,0,0,1,1,0,0,1,0,0,0,0,1,0,1,0,1,0,0,0,1,0,0,0,1,0,0,0,0,0,0,0,0,0,0,1,0,0,0,0,0,0,0,1,1,0,1,0,0,0,0,0,1,1,0,0,0,0,0,0,0,0,0,0,0,0,0,0,1,0,0,0,0,0,0,0,0,0,0,0,1,0,1,0,1,0,0,0,0,0,0,0,0,1,0,0,0,0,0,0,0,0,0,0,0,1,0,0,0,0,0,0,0,0,1,0,0,0,0,0,0,0,0,0,0,0,0,0,0,0,1,0,0,0,0,0,0,0,0,0,0,0,0,0,0,0,0,0,0,1,0,0,0,0,0,0,1,1,0,0,0,1,0,0,0,1,0,0,1,1,0,0,0,0,0,0,1,0,0,0,0,0,0,0,0,0,1,0,0,0,0,0,0,0
0,0,0,1,1,1,1,0,0,0,1,0,0,1,0,0,0,0,0,0,0,0,0,0,0,1,0,0,0,0,1,0,0,1,0,0,0,0,0,1,0,1,1,1,0,0,0,1,1,0,0,1,1,0,0,0,0,1,0,0,0,0,0,1,1,0,0,0,1,0,0,1,0,1,0,0,0,0,0,0,1,0,0,1,0,0,0,0,1,0,1,0,0,0,0,1,0,1,0,0,0,0,0,0,0,1,0,1,1,0,0,1,1,1,0,0,0,1,1,0,1,0,1,1,1,1,1,1,1,0,0,0,1,0,0,0,1,0,0,1,0,1,0,0,0,1,1,1,1,0,1,1,0,1,1,0,0,1,0,1,1,0,1,1,1,1,0,0,1,0,1,0,0,1,1,1,1,0,1,1,0,1,0,1,1,0,1,0,1,1,1,1,0,1,1,0,0,0,0,1,1,1,0,0,0,0,0,0,0,0,0,0,0,0,0,0,0,0,0,0,0
1,1,0,1,1,1,1,0,0,0,1,0,1,1,1,1,1,1,0,0,0,0,0,0,0,0,0,0,0,0,1,0,0,1,0,1,0,0,1,1,0,1,1,1,0,0,0,1,1,0,0,1,1,1,1,0,1,1,1,0,0,0,1,1,1,0,0,0,1,0,0,1,0,0,0,1,0,0,0,0,0,0,0,1,0,1,1,0,1,0,1,0,0,0,0,0,1,1,0,1,0,0,0,0,0,1,0,0,0,0,0,1,1,1,0,1,1,1,1,0,0,0,1,1,1,0,0,1,1,0,0,0,0,0,0,1,1,0,0,1,0,0,0,1,0,1,1,1,0,1,1,1,0,1,0,0,1,0,0,1,1,0,0,1,1,1,0,0,1,0,1,1,1,1,1,1,1,1,1,0,1,1,0,0,0,1,1,1,0,1,0,1,0,0,0,1,1,1,1,0,0,1,0,0,0,1,1,0,1,0,0,1,0,0,0,0,1,0,0,1,0
1,1,0,1,1,1,1,0,0,0,1,0,1,1,1,1,1,1,0,0,0,0,0,0,0,0,0,0,0,0,1,0,0,1,0,1,0,0,1,1,0,1,1,1,0,0,0,1,1,0,0,1,1,1,1,0,1,1,1,0,0,0,1,1,1,0,0,0,1,0,0,1,0,0,0,1,0,0,0,0,0,0,0,1,0,1,1,0,1,0,1,0,0,0,0,0,1,1,0,1,0,0,0,0,0,1,0,0,0,0,0,1,1,1,0,1,1,1,1,0,0,0,1,1,1,0,0,1,1,0,0,0,0,0,0,1,1,0,0,1,0,0,0,1,0,1,1,1,0,1,1,1,0,1,0,0,1,0,0,1,1,0,0,1,1,1,0,0,1,0,1,1,1,1,1,1,1,1,1,0,1,1,0,0,0,1,1,1,0,1,0,1,0,0,0,1,1,1,1,0,0,1,0,0,0,1,1,0,1,0,0,1,0,0,0,0,1,0,0,1,0
0,1,0,1,1,1,0,0,0,0,1,0,1,1,1,0,0,0,0,0,0,0,0,0,0,1,0,0,0,0,1,0,0,1,0,0,0,0,0,1,0,1,0,1,0,0,0,1,0,0,0,1,1,0,0,0,0,1,0,0,0,0,1,1,1,0,0,0,1,0,0,1,0,1,0,0,0,0,0,0,1,0,0,1,0,0,0,0,1,0,1,0,0,0,0,1,0,1,0,0,0,0,0,0,0,1,0,1,1,0,0,1,1,1,0,0,0,1,1,0,1,0,1,1,1,0,1,1,1,0,0,0,1,0,0,0,1,0,0,1,0,1,0,0,0,1,1,1,1,0,1,1,0,1,1,0,0,1,0,1,1,0,1,1,1,1,0,0,1,0,1,0,0,1,1,1,1,0,1,0,0,1,0,1,1,0,1,0,1,0,0,1,0,0,1,0,0,0,0,0,0,1,0,0,0,0,0,0,0,0,0,0,0,0,0,0,0,0,0,0,0
0,1,0,1,1,1,1,0,0,0,1,0,1,1,1,1,1,0,0,0,0,0,0,0,0,1,0,0,0,0,1,0,0,1,0,0,0,0,0,1,0,1,1,1,0,0,0,1,1,0,0,0,1,0,0,0,0,1,0,0,0,0,1,1,1,0,0,0,1,0,0,1,0,1,0,0,0,0,0,0,1,0,0,1,0,0,0,0,1,0,1,0,0,0,0,1,0,1,0,0,0,0,0,0,0,1,0,1,1,0,0,1,1,1,0,0,0,1,1,0,1,0,1,1,1,0,1,1,1,0,0,0,1,0,0,0,1,0,0,1,0,1,0,0,0,1,1,1,1,0,1,1,0,1,1,0,0,1,0,1,1,0,1,1,1,1,0,0,1,0,1,0,0,1,1,1,1,0,1,0,0,1,0,1,1,0,1,0,1,0,0,1,0,0,1,0,0,0,0,0,0,1,0,0,0,0,0,0,0,0,0,0,0,0,0,0,0,0,0,0,0
0,1,0,1,1,1,0,0,1,0,1,0,1,1,1,1,1,0,0,0,0,0,0,0,0,1,0,0,0,0,1,1,0,1,0,0,0,0,0,1,0,1,0,1,0,0,0,1,0,0,0,0,1,0,0,0,0,1,0,0,0,0,1,1,1,0,0,0,1,0,0,1,0,1,0,0,0,0,0,0,1,0,0,1,0,0,0,0,1,0,1,0,0,0,0,1,0,1,0,0,0,0,0,0,0,1,0,1,1,0,0,1,1,1,0,0,0,1,1,0,1,0,1,1,1,0,1,1,1,0,0,0,1,0,0,0,1,0,0,1,0,1,0,0,0,1,1,1,1,0,1,1,0,1,1,0,0,1,0,1,1,0,1,1,1,1,0,0,1,0,1,0,0,1,1,1,1,0,1,0,0,1,0,1,1,0,1,0,1,0,0,1,0,0,1,0,0,0,0,0,0,1,0,0,0,0,0,0,0,0,0,0,0,0,0,0,0,0,0,0,0
0,0,0,1,1,1,1,0,1,0,1,0,0,1,0,0,0,0,0,0,0,0,0,0,0,1,0,0,0,0,1,1,0,1,0,0,0,0,0,1,0,1,0,1,0,0,0,1,0,0,0,1,1,0,0,0,0,1,0,0,0,0,1,1,1,0,0,0,1,0,0,1,0,1,0,0,0,0,0,0,1,1,0,1,0,0,0,0,1,0,1,0,0,0,0,1,0,1,0,1,0,0,0,0,0,1,0,1,1,0,0,1,1,1,0,0,0,1,1,0,1,0,1,1,1,0,0,1,1,0,0,0,1,0,0,0,1,0,0,1,0,1,0,0,0,1,1,1,0,0,1,1,0,1,1,0,0,1,0,1,1,0,1,1,1,1,0,0,1,0,1,0,0,1,1,1,0,0,1,0,0,1,0,1,1,0,1,0,1,0,0,1,0,0,1,0,0,0,0,0,0,1,0,0,0,0,0,0,0,0,0,0,0,0,0,0,0,0,0,0,0
0,1,0,1,1,1,0,0,0,0,1,0,1,1,1,1,1,0,0,0,0,0,0,0,0,1,0,0,0,0,1,0,0,1,0,0,1,0,0,1,0,1,0,1,0,0,0,1,0,0,0,1,1,0,0,0,0,1,0,0,0,0,1,1,1,0,0,0,1,0,0,1,0,1,0,0,0,0,0,0,1,0,0,1,0,0,0,0,1,0,1,0,0,0,0,1,0,1,0,0,0,0,0,0,0,1,0,1,1,0,0,1,1,1,0,0,0,1,1,0,1,0,1,1,1,0,1,1,1,0,0,0,1,0,0,0,1,0,0,1,0,1,0,0,0,1,1,1,1,0,1,1,0,1,1,0,0,1,0,1,1,0,1,1,1,1,0,0,1,0,1,0,0,1,1,1,1,0,1,0,0,1,0,1,1,0,1,0,1,0,0,1,0,0,1,0,0,0,0,0,0,1,0,0,0,0,0,0,0,0,0,0,0,0,0,0,0,0,0,0,0
1,1,0,1,1,1,1,0,0,0,1,0,1,1,1,1,1,1,0,0,0,0,0,0,0,0,0,0,0,0,1,0,0,1,0,1,0,0,1,1,0,1,1,1,0,0,0,1,1,0,0,1,1,1,1,0,1,1,1,0,0,0,1,1,1,0,0,0,1,0,0,1,0,0,0,1,0,0,0,0,0,0,0,1,0,1,1,0,1,0,1,0,0,0,0,0,1,1,0,1,0,0,0,0,0,1,0,0,0,0,0,1,1,1,0,1,1,1,1,0,0,0,1,1,1,0,0,1,1,0,0,0,0,0,0,1,1,0,0,1,0,0,0,1,0,1,1,1,0,1,1,1,0,1,0,0,1,0,0,1,1,0,0,1,1,1,0,0,1,0,1,1,1,1,1,1,1,1,1,0,1,1,0,0,0,1,1,1,0,1,0,1,0,0,0,1,1,1,1,0,0,1,0,0,0,1,1,0,1,0,0,1,0,0,0,0,1,0,0,1,0
0,0,0,1,0,1,1,0,1,0,0,0,0,0,0,0,0,0,0,0,0,0,0,0,0,0,0,0,0,0,1,1,0,0,1,0,0,0,0,1,0,1,0,1,0,0,0,1,0,0,0,1,0,0,0,0,0,0,0,0,0,0,1,0,0,0,0,0,0,0,1,1,0,1,0,0,0,0,0,1,1,0,0,0,0,0,0,0,0,0,0,0,0,0,0,1,0,0,0,0,0,0,0,0,0,0,0,1,0,1,0,1,0,0,0,0,0,0,0,0,1,0,0,0,0,0,0,0,0,0,0,0,1,0,0,0,0,0,0,0,0,1,0,0,0,0,0,0,0,0,0,0,0,0,0,0,0,1,0,0,0,0,0,0,0,0,0,0,0,0,0,0,0,0,0,0,1,0,0,0,0,0,0,1,1,0,0,0,1,0,0,0,1,0,0,1,0,0,0,0,0,0,0,1,0,0,0,0,0,0,0,0,0,0,0,0,0,0,0,0,0
0,1,0,1,1,1,0,0,0,0,1,0,1,1,1,1,1,0,0,0,0,0,0,0,0,1,0,0,0,0,1,0,0,1,0,0,0,1,1,1,0,1,0,1,0,0,0,1,0,0,0,1,1,0,0,0,0,1,0,0,0,0,1,1,1,0,0,0,1,0,0,1,0,1,0,0,0,0,0,0,1,0,0,1,0,0,0,0,1,0,1,0,0,0,0,1,0,1,0,0,0,0,0,0,0,1,0,1,1,0,0,1,1,1,0,0,0,1,1,0,1,0,1,1,1,0,1,1,1,0,0,0,1,0,0,0,1,0,0,1,0,1,0,0,0,1,1,1,1,0,1,1,0,1,1,0,0,1,0,1,1,0,1,1,1,1,0,0,1,0,1,0,0,1,1,1,1,0,1,0,0,1,0,1,1,0,1,0,1,0,0,1,0,0,1,0,0,0,0,0,0,1,0,0,0,0,0,0,0,0,0,0,0,0,0,0,0,0,0,0,0
0,0,0,1,0,1,1,0,0,0,1,0,1,1,1,0,0,0,0,0,0,0,0,0,0,0,0,0,0,0,1,0,0,1,0,1,0,0,1,1,0,1,0,1,0,0,0,1,0,0,0,1,1,1,1,0,1,1,1,0,0,0,1,1,1,0,0,0,1,0,0,1,0,0,0,1,0,0,0,0,0,0,0,1,0,1,1,0,1,0,1,0,0,0,0,0,1,1,0,1,0,0,0,0,0,1,0,0,0,0,0,1,1,1,0,1,1,1,1,0,0,0,1,1,0,0,0,1,1,0,0,0,0,0,0,1,1,0,0,1,0,0,0,1,0,1,1,1,0,1,0,0,0,1,0,0,1,0,0,1,1,0,0,1,1,1,0,0,1,0,0,0,1,1,1,1,1,1,0,0,1,1,0,0,0,1,1,1,0,1,0,1,0,0,0,1,1,1,1,0,0,1,0,0,0,1,1,0,1,0,0,1,0,0,0,0,1,0,0,1,0
1,1,0,1,1,1,1,0,0,0,1,0,1,1,1,1,1,1,0,0,0,0,0,0,0,0,0,0,0,0,1,0,0,1,0,1,0,0,1,1,0,1,1,1,0,0,0,1,1,0,0,1,1,1,1,0,1,1,1,0,0,0,1,1,1,0,0,0,1,0,0,1,0,0,0,1,0,0,0,0,0,0,0,1,0,1,1,0,1,0,1,0,0,0,0,0,1,1,0,1,0,0,0,0,0,1,0,0,0,0,0,1,1,1,0,1,1,1,1,0,0,0,1,1,1,0,0,1,1,0,0,0,0,0,0,1,1,0,0,1,0,0,0,1,0,1,1,1,0,1,1,1,0,1,0,0,1,0,0,1,1,0,0,1,1,1,0,0,1,0,1,1,1,1,1,1,1,1,1,0,1,1,0,0,0,1,1,1,0,1,0,1,0,0,0,1,1,1,1,0,0,1,0,0,0,1,1,0,1,0,0,1,0,0,0,0,1,0,0,1,0
1,1,0,1,1,1,1,0,0,0,1,0,1,1,1,1,1,1,0,0,0,0,0,0,0,0,0,0,0,0,1,0,0,1,0,1,0,0,1,1,0,1,1,1,0,0,0,1,1,0,0,1,1,1,1,0,1,1,1,0,0,0,1,1,1,0,0,0,1,0,0,1,0,0,0,1,0,0,0,0,0,0,0,1,0,1,1,0,1,0,1,0,0,0,0,0,1,1,0,1,0,0,0,0,0,1,0,0,0,0,0,1,1,1,0,1,1,1,1,0,0,0,1,1,1,0,0,1,1,0,0,0,0,0,0,1,1,0,0,1,0,0,0,1,0,1,1,1,0,1,1,1,0,1,0,0,1,0,0,1,1,0,0,1,1,1,0,0,1,0,1,1,1,1,1,1,1,1,1,0,1,1,0,0,0,1,1,1,0,1,0,1,0,0,0,1,1,1,1,0,0,1,0,0,0,1,1,0,1,0,0,1,0,0,0,0,1,0,0,1,0
0,1,0,1,0,1,1,0,1,0,0,0,0,0,0,0,0,0,0,0,0,0,0,0,0,0,0,0,0,0,1,1,0,0,1,0,0,0,0,1,0,1,0,1,0,0,0,1,0,0,0,1,0,0,0,0,0,0,0,0,0,0,1,0,0,0,0,0,0,0,1,1,0,1,0,0,0,0,0,1,1,0,0,0,0,0,0,0,0,0,0,0,0,0,0,1,0,0,0,0,0,0,0,0,0,0,0,1,0,1,0,1,0,0,0,0,0,0,0,0,1,0,0,0,0,0,0,0,0,0,0,0,1,0,0,0,0,0,0,0,0,1,0,0,0,0,0,0,0,0,0,0,0,0,0,0,0,1,0,0,0,0,0,0,0,0,0,0,0,0,0,0,0,0,0,0,1,0,0,0,0,0,0,1,1,0,0,0,1,0,0,0,1,0,0,1,1,0,0,0,0,0,0,1,0,0,0,0,0,0,0,0,0,1,0,0,0,0,0,0,0
1,1,0,1,1,1,1,0,0,0,1,0,1,1,1,1,1,1,0,0,0,0,0,0,0,0,0,0,0,0,1,0,0,1,0,1,0,0,1,1,0,1,1,1,0,0,0,1,1,0,0,1,1,1,1,0,1,1,1,0,0,0,1,1,1,0,0,0,1,0,0,1,0,0,0,1,0,0,0,0,0,0,0,1,0,1,1,0,1,0,1,0,0,0,0,0,1,1,0,1,0,0,0,0,0,1,0,0,0,0,0,1,1,1,0,1,1,1,1,0,0,0,1,1,1,0,0,1,1,0,0,0,0,0,0,1,1,0,0,1,0,0,0,1,0,1,1,1,0,1,1,1,0,1,0,0,1,0,0,1,1,0,0,1,1,1,0,0,1,0,1,1,1,1,1,1,1,1,1,0,1,1,0,0,0,1,1,1,0,1,0,1,0,0,0,1,1,1,1,0,0,1,0,0,0,1,1,0,1,0,0,1,0,0,0,0,1,0,0,1,0
0,1,0,1,1,1,1,0,0,0,1,0,1,1,1,1,1,0,0,0,0,0,0,0,0,1,0,0,0,0,1,0,0,1,0,0,0,0,0,1,0,1,1,1,0,0,0,1,1,0,0,1,1,0,0,0,0,1,0,0,0,0,1,1,1,0,0,0,1,0,0,1,0,1,0,0,0,0,0,0,1,0,0,1,0,0,0,0,1,0,1,0,0,0,0,1,0,1,0,0,0,0,0,0,0,1,0,1,1,0,0,1,1,1,0,0,0,1,1,0,1,0,1,1,1,0,1,1,1,0,0,0,1,0,0,0,1,0,0,1,0,1,0,0,0,1,1,1,1,0,1,1,0,1,1,0,0,1,0,1,1,0,1,1,1,1,0,0,1,0,1,0,0,1,1,1,1,0,1,0,0,1,0,1,1,0,1,1,1,0,0,1,0,0,1,0,0,0,0,0,0,1,0,0,0,0,0,0,0,0,0,0,0,0,0,0,0,0,0,0,0
0,1,0,1,1,1,1,0,0,0,1,0,1,1,1,1,1,0,0,0,0,0,0,0,0,1,0,0,0,0,1,0,0,1,1,0,0,0,0,1,0,1,1,1,0,0,0,1,1,0,0,0,1,0,0,0,0,1,0,0,0,0,1,1,1,0,0,0,1,1,0,1,0,1,0,0,0,0,0,0,1,0,0,1,0,0,0,0,1,0,1,0,0,0,0,1,0,1,0,0,0,0,0,0,0,1,0,1,1,0,0,1,1,1,0,0,0,1,1,0,1,0,1,1,1,0,1,1,1,0,0,0,1,0,0,0,1,0,0,1,0,1,0,0,0,1,1,1,1,0,1,1,1,1,1,0,0,1,0,1,1,0,1,1,1,1,0,0,1,0,1,0,0,1,1,1,1,0,1,0,0,1,0,1,1,0,1,1,1,0,0,1,0,0,1,0,0,0,0,0,0,1,0,0,0,0,0,0,0,0,0,0,0,0,0,0,0,0,0,0,0
0,0,0,1,0,1,1,0,1,0,0,0,0,0,0,0,0,0,0,0,0,0,0,0,0,0,0,0,0,0,1,1,0,0,1,0,0,0,0,1,0,1,0,1,0,0,0,1,0,0,0,1,0,0,0,0,0,0,0,0,0,0,1,0,0,0,0,0,0,0,1,1,0,1,0,0,0,0,0,1,1,0,0,0,0,0,0,0,0,0,0,0,0,0,0,1,0,0,0,0,0,0,0,0,0,0,0,1,0,1,0,1,0,0,0,0,0,0,0,0,1,0,0,0,0,0,0,0,0,0,0,0,1,0,0,0,0,0,0,0,0,1,0,0,0,0,0,0,0,0,0,0,0,0,0,0,0,1,0,0,0,0,0,0,0,0,0,0,0,0,0,0,0,0,0,0,0,0,0,0,0,0,0,1,1,0,0,0,1,0,0,0,1,0,0,1,0,0,0,0,0,0,0,1,0,0,0,0,0,0,0,0,0,0,0,0,0,0,0,0,0
0,0,0,1,0,1,1,0,1,0,0,0,0,0,0,0,0,0,0,0,0,0,0,0,0,0,0,0,0,0,1,1,0,0,1,0,0,0,0,1,0,1,0,1,0,0,0,1,0,0,0,1,0,0,0,0,0,0,0,0,0,0,1,0,0,0,0,0,0,0,1,1,0,1,0,0,0,0,0,1,1,0,0,0,0,0,0,0,0,0,0,0,0,0,0,1,0,0,0,0,0,0,0,0,0,0,0,1,0,1,0,1,0,0,0,0,0,0,0,0,1,0,0,0,0,0,0,0,0,0,0,0,1,0,0,0,0,0,0,0,0,1,0,0,0,0,0,0,0,0,0,0,0,0,0,0,0,1,0,0,0,0,0,0,0,0,0,0,0,0,0,0,0,0,0,0,0,0,0,0,0,0,0,1,1,0,0,0,1,0,0,0,1,0,0,1,0,0,0,0,0,0,0,1,0,0,0,0,0,0,0,0,0,0,0,0,0,0,0,0,0
0,1,0,1,1,1,1,0,0,0,1,0,0,1,0,1,1,0,0,0,0,0,0,0,0,1,1,0,0,0,1,0,0,1,1,0,0,0,1,1,0,1,0,1,0,0,0,1,0,0,0,1,0,0,0,0,0,1,0,0,0,0,1,1,1,0,0,0,1,1,1,1,1,1,0,0,0,0,0,1,1,0,0,0,0,0,0,1,1,0,1,0,0,0,0,1,0,1,0,0,0,0,0,0,0,1,0,1,1,1,0,1,1,1,1,0,0,1,1,0,1,1,0,1,1,1,1,1,1,0,0,0,1,0,0,0,1,0,0,1,0,1,0,0,0,1,1,1,1,0,1,1,1,1,1,0,0,1,0,1,1,0,1,1,0,1,0,0,1,0,1,0,0,1,0,1,1,0,1,0,0,1,1,1,1,0,1,0,1,0,0,1,0,0,1,0,0,0,0,0,0,1,0,0,0,0,0,0,0,0,0,0,0,0,0,0,0,0,0,0,0
0,1,0,1,1,1,0,0,0,0,1,0,1,1,1,0,0,0,0,0,0,0,0,0,0,1,0,0,0,0,1,0,0,1,0,0,0,0,0,1,0,1,0,1,0,0,0,1,0,0,0,0,1,0,0,0,0,1,0,0,0,0,1,1,1,0,0,0,1,0,0,1,0,1,0,0,0,0,0,0,1,0,0,1,0,0,0,0,1,0,1,0,0,0,0,1,0,1,0,0,0,0,0,0,0,1,0,1,1,0,0,1,1,1,0,0,0,1,1,0,1,0,1,1,1,0,1,1,1,0,0,0,1,0,0,0,1,0,0,1,0,1,0,0,0,1,1,1,1,0,1,1,0,1,1,0,0,1,0,1,1,0,1,1,1,1,0,0,1,0,1,0,0,1,1,1,1,0,1,0,0,1,0,1,1,0,1,0,1,0,0,1,0,0,1,0,0,0,0,0,0,1,0,0,0,0,0,0,0,0,0,0,0,0,0,0,0,0,0,0,0
1,1,1,1,1,1,1,0,1,0,0,0,0,0,0,0,0,1,1,0,0,0,0,0,0,0,1,0,0,0,1,1,0,1,0,0,0,0,0,1,0,1,0,1,0,0,0,1,1,0,0,1,0,0,0,0,0,1,1,0,0,0,0,1,1,0,0,0,1,0,0,0,0,0,0,0,0,0,0,0,0,0,0,0,0,0,0,0,1,0,1,0,0,0,0,0,0,1,0,0,0,0,0,0,0,1,0,0,0,0,0,1,1,1,0,0,0,1,1,0,0,0,0,1,0,0,0,1,1,0,0,0,0,0,0,0,1,0,0,1,0,0,0,0,0,1,1,1,0,0,0,0,0,1,0,0,0,0,0,1,1,0,0,1,0,1,1,0,1,0,1,0,0,1,0,1,1,0,0,0,0,1,0,0,0,0,1,0,0,1,0,0,0,0,0,0,0,1,0,0,0,0,0,0,0,0,0,0,0,0,1,0,0,0,0,0,0,0,1,0,0
1,1,1,1,1,1,1,0,0,0,0,0,0,0,0,0,0,1,1,0,0,0,0,0,0,0,1,0,0,0,1,0,0,1,0,0,0,0,0,1,0,1,0,1,0,0,0,1,1,0,0,1,0,0,0,0,0,1,1,0,0,0,0,1,1,0,0,0,1,0,0,0,0,0,0,0,0,0,0,0,0,0,0,0,0,0,0,0,1,0,1,0,0,0,0,0,0,1,0,0,0,0,0,0,0,1,0,0,0,0,0,1,1,1,0,0,0,1,1,0,0,0,0,1,0,0,0,1,1,0,0,0,0,0,0,0,1,0,0,1,0,0,0,0,0,1,1,1,0,0,0,0,0,1,0,0,0,0,0,1,1,0,0,1,0,1,1,0,1,0,1,0,0,1,0,1,1,0,0,0,0,1,0,0,0,0,1,0,0,1,0,0,0,0,0,0,0,1,0,0,0,0,0,0,0,0,0,0,0,0,1,0,0,0,0,0,0,0,1,0,0
1,1,1,1,1,1,1,1,0,0,0,0,0,0,0,0,0,1,1,0,0,0,0,0,0,0,1,0,0,0,1,0,0,0,0,0,0,0,0,1,0,1,0,1,0,0,0,1,1,0,0,1,0,0,0,0,0,1,1,0,0,0,1,0,0,0,0,0,1,0,0,1,0,0,0,0,0,1,0,0,1,0,0,0,0,1,0,0,1,0,1,0,0,0,0,0,0,1,0,0,0,0,0,0,0,0,0,1,0,0,0,1,1,1,0,0,0,1,1,0,0,0,0,1,0,0,0,1,1,0,0,0,1,0,0,0,1,0,0,1,0,0,0,0,0,1,1,1,0,0,0,0,0,1,0,0,0,0,0,1,1,0,0,1,0,1,1,0,1,0,0,1,1,1,0,1,1,0,0,0,0,1,0,0,0,0,1,0,1,1,0,0,1,0,0,1,0,1,0,0,0,0,0,0,0,0,0,0,0,0,1,0,0,0,0,0,0,0,1,0,0
1,1,1,1,1,1,1,0,0,0,0,0,0,0,0,0,0,1,1,0,0,0,0,0,0,0,1,0,0,0,1,0,0,1,0,0,0,0,0,1,0,1,0,1,0,0,0,1,1,0,0,1,0,0,0,0,0,1,1,0,0,0,0,1,1,0,0,0,1,0,0,0,0,0,0,0,0,0,0,0,0,0,0,0,0,0,0,0,1,0,1,0,0,0,0,0,0,1,0,0,0,0,0,0,0,1,0,0,0,0,0,1,1,1,0,0,0,1,1,0,0,0,0,1,0,0,0,1,1,0,0,0,0,0,0,0,1,0,0,1,0,0,0,0,0,1,1,1,0,0,0,0,0,1,0,0,0,0,0,1,1,0,0,1,0,1,1,0,1,0,1,0,0,1,0,1,1,0,0,0,0,1,0,0,0,0,1,0,0,1,0,0,0,0,0,0,0,1,0,0,0,0,0,0,0,0,0,0,0,0,1,0,0,0,0,0,0,0,1,0,0
1,1,1,1,1,1,1,0,0,0,0,0,0,0,0,0,0,1,1,0,0,0,0,0,0,0,1,0,0,0,1,0,0,1,0,0,0,0,0,1,0,1,0,1,0,0,0,1,1,0,0,1,0,0,0,0,0,1,1,0,0,0,0,1,1,0,0,0,1,0,0,0,0,0,0,0,0,0,0,0,0,0,0,0,0,0,0,0,1,0,1,0,0,0,0,0,0,1,0,0,0,0,0,0,0,1,0,0,0,0,0,1,1,1,0,0,0,1,1,0,0,0,0,1,0,0,0,1,1,0,0,0,0,0,0,0,1,0,0,1,0,0,0,0,0,1,1,1,0,0,0,0,0,1,0,0,0,0,0,1,1,0,0,1,0,1,1,0,1,0,1,0,0,1,0,1,1,0,0,0,0,1,0,0,0,0,1,0,0,1,0,0,0,0,0,1,0,1,0,0,0,0,0,0,0,0,0,0,0,0,1,0,0,0,0,0,0,0,1,0,0
1,1,1,1,1,1,1,1,0,0,0,0,0,0,0,0,0,1,1,0,0,0,0,0,0,0,1,0,0,0,1,0,0,1,0,0,0,0,0,1,0,1,0,1,0,0,0,1,1,0,0,1,0,0,0,0,0,1,1,0,0,0,1,1,1,0,0,0,1,0,0,1,0,0,0,0,0,1,0,0,1,0,0,0,0,1,0,0,1,0,1,0,0,0,0,0,0,1,0,0,0,0,0,0,0,1,0,1,0,0,0,1,1,1,0,0,0,1,1,0,0,0,0,1,0,0,0,1,1,0,0,0,1,0,0,0,1,0,0,1,0,0,0,0,0,1,1,1,0,0,0,0,0,1,0,0,0,0,0,1,1,0,0,1,0,1,1,0,1,0,1,1,1,1,0,1,1,0,0,0,0,1,0,0,0,0,1,0,1,1,0,0,1,0,0,1,0,1,0,0,0,0,0,0,0,0,0,0,0,0,1,0,0,0,0,0,0,0,1,0,0
1,1,0,1,1,0,0,0,1,0,0,0,0,0,0,0,0,0,0,0,0,0,0,0,0,0,0,0,0,0,0,1,0,1,0,0,0,0,0,0,0,1,0,0,0,0,0,1,0,0,0,0,0,0,0,0,0,0,0,0,0,0,0,1,1,0,0,0,0,0,0,0,0,0,0,0,0,0,0,0,0,0,0,0,0,0,0,0,0,0,0,0,0,0,0,0,0,0,0,0,0,0,0,0,0,1,0,0,0,0,0,1,0,0,0,0,0,0,0,0,0,0,0,0,0,0,0,0,0,0,0,0,0,0,0,0,0,0,0,0,0,0,0,0,0,0,0,0,0,0,0,0,0,0,0,0,0,0,0,0,0,0,0,0,0,0,0,0,0,0,1,0,0,0,0,0,1,0,0,0,0,0,0,0,0,0,0,0,0,0,0,0,0,0,0,0,0,0,0,0,0,0,0,0,0,0,0,0,0,0,0,0,0,0,0,0,0,0,0,0,0
0,0,0,1,0,0,0,0,0,0,0,0,0,0,0,1,1,1,1,0,0,1,0,0,0,1,1,0,0,0,0,0,0,1,0,0,0,0,1,0,0,0,0,0,1,1,0,0,0,0,0,0,0,1,1,0,0,0,0,1,1,1,0,0,1,1,0,1,0,0,1,0,1,0,0,1,0,0,0,1,0,0,0,1,0,0,0,1,1,1,0,1,0,0,0,0,1,0,0,1,0,1,0,0,1,0,1,0,0,1,1,0,0,0,0,1,1,0,1,0,0,1,0,0,0,0,0,0,0,0,1,1,0,0,0,1,0,0,1,0,0,0,0,1,1,0,0,1,0,0,0,0,0,0,0,1,0,0,0,0,1,0,0,1,0,0,0,0,0,0,0,0,0,0,0,0,1,1,0,0,1,0,0,0,0,0,0,0,0,0,0,0,0,0,0,1,1,0,0,0,0,0,0,0,0,0,0,0,0,0,0,1,0,0,0,0,0,0,0,1,0
1,1,1,1,1,1,1,0,0,0,0,0,0,0,0,0,0,1,1,0,0,0,0,0,0,0,1,0,0,0,1,0,0,1,0,0,0,0,0,1,0,1,0,1,0,0,0,1,1,0,0,1,0,0,0,0,0,1,1,0,0,0,0,1,1,0,0,0,1,0,0,0,0,0,0,0,0,0,0,0,0,0,0,0,0,0,0,0,1,0,1,0,0,0,0,0,0,1,0,0,0,0,0,0,0,1,0,0,0,0,0,1,1,1,0,0,0,1,1,0,0,0,0,1,0,0,0,1,1,0,0,0,0,0,0,0,1,0,0,1,0,0,0,0,0,1,1,1,0,0,0,0,0,1,0,0,0,0,0,1,1,0,0,1,0,1,1,0,1,0,1,0,0,1,0,1,1,0,0,0,0,1,0,0,0,0,1,0,0,1,0,0,0,0,0,0,0,1,0,0,0,0,0,0,0,0,0,0,0,0,1,0,0,0,0,0,0,0,1,0,0
1,1,1,1,1,1,1,1,0,0,0,0,0,0,0,0,0,1,1,0,0,0,0,0,0,0,1,0,0,0,1,0,0,1,0,0,0,0,0,1,0,1,0,1,0,0,0,1,1,0,0,1,0,0,0,0,0,1,1,0,0,0,0,1,1,0,0,0,1,0,0,1,0,0,0,0,0,1,0,0,1,0,0,0,0,1,0,0,1,0,1,0,0,0,0,0,0,1,0,0,0,0,0,0,0,1,0,1,0,0,0,1,1,1,0,0,0,1,1,0,0,0,0,1,0,0,0,1,1,0,0,0,1,0,0,0,1,0,0,1,0,0,0,0,0,1,1,1,0,0,0,0,0,1,0,0,0,0,0,1,1,0,0,1,0,1,1,0,1,0,1,1,1,1,0,1,1,0,0,0,0,1,0,0,0,0,1,0,1,1,0,0,1,0,0,1,0,1,0,0,0,0,0,0,0,0,0,0,0,0,1,0,0,0,0,0,0,0,1,0,0
0,0,0,1,1,1,1,1,0,0,1,0,1,1,0,0,0,0,0,0,0,0,0,0,0,1,0,0,0,0,1,0,0,0,1,0,0,0,1,0,0,1,1,1,0,1,0,1,1,1,1,1,1,1,0,1,0,0,0,0,0,1,1,0,0,1,1,1,1,0,1,0,0,0,1,0,1,0,0,1,0,1,1,1,1,0,0,1,0,1,0,1,1,1,1,0,1,0,0,1,0,1,1,1,0,0,0,0,0,0,1,1,0,0,0,0,1,0,0,0,0,0,1,0,1,0,1,0,0,0,0,0,0,0,0,0,0,0,0,0,1,0,0,0,0,0,0,0,1,1,0,1,0,0,0,0,0,0,0,0,0,0,0,0,1,0,0,0,0,0,0,0,0,0,1,0,1,0,0,0,0,0,0,0,0,1,0,0,0,0,0,0,0,0,0,0,0,0,0,0,0,0,0,0,0,0,0,0,0,0,0,0,0,0,0,0,0,0,0,0,0
0,0,0,1,0,1,0,0,0,0,0,0,0,0,0,1,1,1,0,0,0,1,0,0,0,1,0,0,0,0,1,0,0,1,1,0,1,0,1,0,0,0,0,1,1,1,0,0,0,0,0,0,0,1,0,0,0,1,0,0,0,1,0,0,1,1,0,1,0,1,1,0,1,0,0,1,0,0,0,1,0,0,0,1,0,0,0,1,1,1,0,1,0,0,0,0,1,1,0,1,0,1,0,0,1,0,1,0,0,1,1,0,1,1,0,1,1,1,1,0,0,1,0,0,0,0,0,1,1,0,1,1,0,0,0,1,0,0,1,0,0,0,0,1,0,0,1,1,0,0,0,0,1,1,0,0,0,0,0,0,1,0,0,1,0,1,0,0,1,0,1,0,0,1,0,1,1,1,0,0,1,0,1,0,0,0,1,0,0,1,0,1,0,0,0,1,1,1,1,0,0,0,1,0,0,0,1,0,0,0,0,0,0,1,0,1,0,1,0,1,0
0,0,0,1,0,1,0,0,0,0,0,0,0,0,0,1,1,1,0,0,0,1,0,0,0,1,0,0,0,0,1,0,0,1,1,0,1,0,1,0,0,0,0,1,1,1,0,0,0,0,0,1,0,1,0,0,0,1,0,0,0,1,0,0,1,1,0,1,0,1,1,0,1,0,0,1,0,0,0,1,0,0,0,1,0,0,0,1,1,1,0,1,0,0,0,0,1,1,0,1,0,1,0,0,1,0,1,0,0,1,1,0,1,1,0,1,1,1,1,0,0,1,0,0,0,0,0,1,1,0,1,1,0,0,0,1,0,0,1,0,0,0,0,1,0,0,1,1,0,0,0,0,1,1,0,0,0,0,0,0,1,0,0,1,0,1,0,0,1,0,1,0,0,1,0,1,1,1,0,0,1,0,1,0,0,0,1,0,0,1,0,1,0,0,0,1,1,1,1,0,0,0,1,0,0,0,1,0,0,0,0,0,0,1,0,1,0,1,0,1,0
0,0,0,1,0,1,0,0,0,0,0,0,0,0,0,1,1,1,0,0,0,1,0,0,0,1,0,0,0,0,1,0,0,1,0,0,1,0,1,0,0,0,0,1,0,0,0,0,0,0,0,1,0,0,0,0,0,0,0,0,0,0,0,1,1,0,0,0,0,0,1,1,1,0,0,1,0,1,0,1,1,0,0,1,0,1,0,1,1,1,0,1,0,0,0,1,1,0,0,1,0,1,0,0,1,0,1,1,0,1,1,0,0,0,0,1,1,0,1,0,1,1,0,0,0,0,0,0,0,0,1,0,1,0,0,1,0,0,1,0,0,0,0,1,0,0,0,0,0,0,0,0,0,0,0,0,0,1,0,0,0,0,0,1,0,0,0,0,0,0,1,1,0,0,0,0,1,1,0,0,1,0,0,1,1,0,0,0,1,0,0,0,1,0,1,1,1,0,0,0,0,0,0,1,0,0,1,0,0,0,0,0,0,1,0,1,0,1,0,1,0
0,0,0,1,0,1,0,0,0,0,0,0,0,0,0,1,1,0,0,0,0,0,0,0,0,1,0,0,0,0,0,0,0,0,1,0,0,0,1,0,0,1,0,0,1,1,0,1,0,1,1,1,0,1,0,0,0,0,0,0,0,1,1,0,0,1,1,1,0,0,1,0,1,0,1,1,0,0,0,1,0,1,1,1,0,0,0,1,1,1,0,1,0,0,1,0,1,0,0,1,0,1,0,1,1,0,1,0,0,1,1,1,0,0,0,1,1,0,1,0,0,1,0,0,0,0,0,0,0,0,1,1,0,0,0,1,0,0,0,0,0,0,0,1,0,0,0,1,0,0,0,0,0,0,0,0,0,0,0,0,1,0,0,1,0,0,0,0,0,0,0,0,0,0,0,0,1,1,0,0,1,0,0,0,0,0,0,0,0,0,0,0,0,0,0,0,0,0,0,0,0,0,0,0,0,0,0,0,0,0,0,0,0,0,0,0,0,0,0,0,0
0,1,0,1,0,1,0,0,0,0,0,0,0,0,0,1,1,1,1,0,1,1,0,1,0,1,1,0,1,0,1,0,0,1,0,0,0,0,1,1,0,0,1,1,1,1,0,0,1,0,0,0,0,1,1,0,0,1,1,1,1,1,0,0,1,1,0,1,1,0,1,0,1,0,0,1,0,0,0,1,0,0,0,1,0,0,0,1,1,1,1,1,0,0,0,0,1,1,0,1,0,1,0,0,1,0,1,0,0,1,1,0,1,0,0,1,1,1,1,0,0,1,0,1,1,0,0,1,1,0,1,1,0,0,0,1,1,0,1,1,0,0,0,1,1,1,1,1,0,0,1,1,0,1,1,1,0,0,0,1,1,0,1,1,0,1,0,0,1,0,0,0,0,1,0,1,1,1,1,0,1,1,0,0,0,0,1,1,0,1,0,0,0,0,0,1,1,1,0,0,0,0,0,0,0,0,1,0,0,1,0,1,0,0,0,0,0,1,0,1,0
0,0,0,1,0,0,0,0,0,0,0,0,0,0,0,1,1,1,1,0,0,1,0,0,0,1,1,0,1,0,0,0,0,1,0,0,0,0,1,0,0,0,0,0,1,1,0,0,0,0,0,0,0,1,1,0,0,0,0,1,1,1,0,0,1,1,0,1,0,0,1,0,1,0,0,1,0,0,0,1,0,0,0,1,0,0,0,1,1,1,0,1,0,0,0,0,1,0,0,1,0,1,0,0,1,0,1,0,0,1,1,0,0,0,0,1,1,0,1,0,0,1,0,0,0,0,0,0,0,0,1,1,0,0,0,1,0,0,1,0,0,0,0,1,1,0,0,1,0,0,0,0,0,0,0,1,0,0,0,0,1,0,0,1,0,0,0,0,0,0,1,0,0,0,0,0,1,1,0,0,1,0,0,0,0,0,0,0,0,0,0,0,0,0,0,1,1,0,0,0,0,0,0,0,0,0,0,0,0,0,0,1,0,0,0,0,0,0,0,1,0
0,0,0,1,1,1,1,0,1,0,1,0,1,1,0,0,0,0,0,0,0,0,0,0,0,1,0,0,0,0,0,1,0,0,1,0,0,0,0,0,0,1,0,0,0,1,0,1,0,1,1,1,1,1,0,1,0,0,0,0,0,1,1,0,0,1,1,1,0,0,1,0,0,0,1,0,1,0,0,1,0,1,1,1,1,0,0,1,0,1,0,1,1,1,1,0,1,0,0,1,0,1,1,1,0,0,0,0,0,0,1,1,0,0,0,0,1,0,0,0,0,0,1,0,0,0,1,0,0,0,0,0,0,0,0,0,0,0,0,0,1,0,0,0,0,0,0,0,1,0,0,0,0,0,0,0,0,0,0,0,0,0,0,0,1,0,0,0,0,0,0,0,0,0,1,0,1,0,0,0,0,0,0,0,0,1,0,0,0,0,0,0,0,0,0,0,0,0,0,0,0,0,0,0,0,0,0,0,0,0,0,0,0,0,0,0,0,0,0,0,0
0,0,0,1,0,1,1,1,1,0,1,0,1,1,0,0,0,0,0,0,0,0,0,0,0,1,0,0,0,0,1,1,0,0,1,0,0,0,0,0,0,1,1,1,0,1,0,1,1,1,1,1,1,1,0,1,0,0,0,0,0,1,1,0,0,1,1,1,1,0,1,0,0,0,1,0,1,0,0,1,0,1,1,1,1,0,0,1,0,1,0,1,1,1,1,0,1,0,0,1,0,1,1,1,0,0,0,0,0,0,1,1,0,0,0,0,1,0,0,0,0,0,1,0,0,0,1,0,0,0,0,0,0,0,0,0,0,0,0,0,1,0,0,0,0,0,0,0,1,1,0,0,0,0,0,0,0,0,0,0,0,0,0,0,1,0,0,0,0,0,0,0,0,0,1,0,1,0,0,0,0,0,0,0,0,1,0,0,0,0,0,0,0,0,0,0,0,0,0,0,0,0,0,0,0,0,0,0,0,0,0,0,0,0,0,0,0,0,0,0,0
0,0,0,1,0,1,0,0,0,0,0,0,0,0,0,1,1,1,0,0,0,1,0,0,0,1,0,0,0,0,1,0,0,1,1,0,1,0,1,0,0,0,0,1,1,1,0,0,0,0,0,1,0,1,0,0,0,1,0,0,0,1,0,0,1,1,0,1,0,1,1,0,1,0,0,1,0,0,0,1,0,0,0,1,0,0,0,1,1,1,0,1,0,0,0,0,1,1,0,1,0,1,0,0,1,0,1,0,0,1,1,0,1,1,0,1,1,1,1,0,0,1,0,0,0,0,0,1,1,0,1,1,0,0,0,1,0,0,1,0,0,0,0,1,0,0,1,1,0,0,0,0,1,1,0,0,0,0,0,0,1,0,0,1,0,1,0,0,1,0,1,0,0,1,0,1,1,1,0,0,1,0,1,0,0,0,1,0,0,1,0,1,0,0,0,1,1,1,1,0,0,0,1,0,0,0,1,0,0,0,0,0,0,1,0,1,0,1,0,1,0
0,1,0,1,0,0,0,0,0,0,1,1,0,0,0,1,1,1,1,0,0,1,0,0,0,1,1,0,1,0,0,0,0,1,0,0,0,0,1,0,0,0,0,0,1,1,0,0,0,0,0,0,0,1,1,0,0,0,0,1,1,1,0,0,1,1,0,1,0,0,1,0,1,0,0,1,0,0,0,1,0,0,0,1,0,0,0,1,1,1,0,1,0,0,0,0,1,0,0,1,0,1,0,0,1,0,1,0,0,1,1,0,0,0,0,1,1,0,1,0,0,1,0,0,0,0,0,0,0,0,1,1,0,0,0,1,0,0,1,0,0,0,0,1,1,0,0,1,0,0,0,0,0,0,0,1,0,0,0,0,1,0,0,1,0,0,0,0,0,0,0,0,0,0,0,0,1,1,0,0,1,0,0,0,0,0,0,0,0,0,0,0,0,0,0,1,1,0,0,0,0,0,0,0,0,0,1,0,0,1,0,1,0,0,0,0,0,1,0,1,0
0,1,0,1,0,0,0,0,0,0,0,0,0,0,0,1,1,1,1,0,0,1,1,1,0,1,1,0,1,0,0,0,0,1,0,0,0,0,1,0,0,0,0,0,1,1,0,0,0,0,0,0,0,1,1,0,0,0,0,1,1,1,0,0,1,1,0,1,0,0,1,0,1,0,0,1,0,0,0,1,0,0,0,1,0,0,0,1,1,1,0,1,0,0,0,0,1,0,0,1,0,1,0,0,1,0,1,0,0,1,1,0,0,0,0,1,1,0,1,0,0,1,0,0,0,0,0,0,0,0,1,1,0,0,0,1,0,0,1,0,0,0,0,1,1,0,0,1,0,0,0,0,0,0,0,1,0,0,0,0,1,0,0,1,0,0,0,0,0,0,0,0,0,0,0,0,1,1,0,0,1,0,0,0,0,0,0,0,0,0,0,0,0,0,0,1,1,0,0,0,0,0,0,0,0,0,1,0,0,1,0,1,0,1,0,1,0,1,0,1,0
0,0,0,1,1,1,0,0,0,0,1,0,1,1,1,0,0,0,0,0,0,0,0,0,0,1,0,0,0,0,0,0,0,0,1,0,0,0,0,0,0,1,0,0,0,1,0,1,0,1,1,1,1,1,0,1,0,0,0,0,0,1,1,0,0,1,1,1,0,0,1,0,0,0,1,0,1,0,0,1,0,1,1,1,1,0,0,1,0,1,0,1,1,1,1,0,1,0,0,1,0,1,1,1,0,0,0,0,0,0,1,1,0,0,0,0,1,0,0,0,0,0,1,0,0,0,1,0,0,0,0,0,0,0,0,0,0,0,0,0,1,0,0,0,0,0,0,0,1,0,0,0,0,0,0,0,0,0,0,0,0,0,0,0,1,0,0,0,0,0,0,0,0,0,1,0,1,0,0,0,0,0,0,0,0,1,0,0,0,0,0,0,0,0,0,0,0,0,0,0,0,0,0,0,0,0,0,0,0,0,0,0,0,0,0,0,0,0,0,0,0
0,1,0,1,0,0,0,0,1,0,0,0,0,0,0,1,1,1,1,0,1,1,0,1,0,1,1,0,1,0,0,1,0,1,0,0,0,0,1,0,0,0,0,0,1,1,0,0,0,0,0,0,0,1,1,0,0,0,0,1,1,1,0,0,1,1,0,1,0,0,1,0,1,0,0,1,0,0,0,1,0,0,0,1,0,0,0,1,1,1,0,1,0,0,0,0,1,0,0,1,0,1,0,0,1,0,1,0,0,1,1,0,0,0,0,1,1,0,1,0,0,1,0,0,0,0,0,0,0,0,1,1,0,0,0,1,0,0,1,0,0,0,0,1,1,0,0,1,0,0,0,0,0,0,0,1,0,0,0,0,1,0,0,1,0,0,0,0,0,0,0,0,0,0,0,0,1,1,0,0,1,0,0,0,0,0,0,0,0,0,0,0,0,0,0,1,1,0,0,0,0,0,0,0,0,0,1,0,0,1,0,1,0,0,0,0,0,1,0,1,0
1,1,0,0,0,1,1,1,1,0,1,0,0,1,0,1,1,1,1,0,0,1,0,0,0,1,1,0,1,0,1,1,0,0,1,0,1,0,0,1,0,1,1,1,0,0,0,1,1,0,0,1,0,0,0,0,0,1,1,1,0,0,1,0,0,0,0,0,1,1,0,1,0,1,0,0,0,0,0,0,1,0,0,0,0,0,0,0,1,0,1,0,0,0,0,1,0,1,0,0,0,0,0,0,0,0,0,1,0,0,0,1,1,1,1,0,0,1,1,0,1,0,0,1,0,1,0,1,1,0,0,0,1,0,1,0,1,0,0,1,0,1,0,0,0,1,1,1,0,0,0,0,1,1,0,0,0,1,0,1,1,1,0,1,0,1,0,0,1,1,0,0,0,1,0,1,1,0,0,1,0,1,0,1,1,0,1,1,1,1,0,0,1,0,0,1,1,1,1,0,0,0,0,1,0,0,0,1,1,0,0,0,1,0,1,0,1,0,0,0,1
0,1,0,1,0,1,1,0,0,0,1,1,1,1,1,0,0,1,1,0,0,0,0,0,0,1,1,0,1,0,1,0,0,1,0,0,0,0,1,1,0,1,0,1,1,1,0,1,0,0,0,1,0,1,1,0,1,1,1,1,1,1,1,1,1,1,1,1,1,0,1,1,1,0,0,1,0,0,0,1,0,0,0,1,0,1,1,1,1,1,1,1,0,0,0,0,1,1,0,1,0,1,0,1,1,1,1,0,0,1,1,1,1,1,0,1,1,1,1,0,0,1,0,1,0,0,0,1,1,0,1,1,0,0,0,1,1,0,0,1,0,0,0,1,0,1,1,1,0,1,0,0,0,1,0,0,1,0,0,1,1,0,0,1,0,1,0,0,1,0,0,1,1,1,0,1,1,1,0,0,1,1,0,0,0,0,1,1,0,1,0,1,0,0,0,1,1,1,1,0,0,1,1,0,0,0,1,0,1,0,0,1,0,0,0,0,1,0,0,1,0
0,0,0,1,0,1,1,0,0,1,1,1,1,1,1,0,0,0,0,0,0,0,0,0,0,1,1,0,0,0,1,0,1,1,0,0,0,0,1,1,1,0,0,1,1,1,1,1,0,0,0,1,0,1,1,0,1,1,1,1,1,1,1,1,1,1,1,1,1,0,1,1,1,0,0,1,0,0,0,1,0,0,0,1,0,1,1,1,1,1,1,1,0,0,0,0,1,1,1,1,0,1,0,1,1,1,1,0,0,1,1,1,1,1,0,1,1,1,1,1,0,1,0,1,0,0,0,1,1,0,1,1,0,0,0,1,1,1,0,1,0,0,1,1,0,1,1,1,0,1,0,0,0,1,0,0,1,0,0,1,1,0,0,1,0,1,0,0,1,0,0,0,1,1,0,1,1,1,0,0,1,1,0,0,0,0,1,1,0,1,0,1,0,0,0,1,1,1,1,0,0,1,1,0,0,0,1,0,1,0,0,1,0,0,0,0,1,0,0,1,0
0,1,0,0,0,1,1,0,1,0,1,0,0,1,0,0,0,1,1,0,0,1,0,0,0,1,1,0,1,0,1,1,0,0,0,0,0,0,0,1,0,1,0,1,0,0,0,1,1,0,0,1,0,0,0,0,0,1,1,1,0,0,1,0,0,0,0,0,1,0,0,1,0,1,0,0,0,0,0,0,1,0,0,0,0,0,0,0,1,0,1,0,0,0,0,1,0,1,0,0,0,0,0,0,0,0,0,1,0,0,0,1,1,1,1,0,0,1,1,0,1,0,0,1,0,1,0,1,1,0,0,0,1,0,0,0,1,0,0,1,0,1,0,0,0,1,1,1,0,0,0,0,0,1,0,0,0,1,0,1,1,1,0,1,0,1,0,0,1,0,0,0,0,1,0,1,1,0,0,1,0,1,0,1,1,0,1,0,1,1,0,0,1,0,1,1,1,1,1,0,0,0,0,1,0,0,0,1,1,0,0,0,1,0,1,0,1,0,0,0,1
0,1,0,0,0,1,1,0,1,0,1,0,0,1,0,1,1,1,1,0,0,1,0,0,0,1,1,1,1,1,1,1,0,0,0,0,0,0,0,1,0,1,0,1,0,1,0,1,1,1,1,1,0,1,0,0,0,1,1,1,0,1,1,0,0,1,1,1,1,0,1,1,0,1,1,0,0,0,0,1,1,1,1,1,0,0,0,1,1,1,1,1,0,0,1,1,1,1,0,1,0,1,0,1,1,0,1,1,0,1,1,1,1,1,1,1,1,1,1,0,1,1,0,1,0,1,0,1,1,0,1,1,1,0,0,1,1,0,0,1,0,1,0,1,0,1,1,1,0,0,0,0,0,1,0,0,0,1,0,1,1,1,0,1,0,1,0,0,1,0,0,0,0,1,0,1,1,1,0,1,1,1,0,1,1,0,1,0,1,1,0,0,1,0,0,1,1,1,1,0,0,0,0,1,0,0,0,1,1,0,0,0,1,0,1,0,1,0,0,0,1
1,1,0,0,0,1,1,1,1,0,1,0,0,1,0,1,1,1,1,0,0,1,0,0,0,1,1,0,1,0,1,1,0,0,0,0,1,0,0,1,0,1,1,1,0,0,0,1,1,0,0,1,0,0,0,0,0,1,1,1,0,0,1,0,0,0,0,0,1,0,0,1,0,1,0,0,0,0,0,0,1,0,0,0,0,0,0,0,0,0,1,0,0,0,0,1,0,1,0,0,0,0,0,0,0,0,0,1,0,0,0,1,1,1,1,0,0,1,0,0,1,0,0,1,1,1,0,1,1,0,0,0,1,0,0,0,1,0,0,1,0,1,0,0,0,1,1,0,0,0,1,1,0,1,1,0,0,1,0,1,0,1,1,0,0,1,0,0,1,0,0,0,0,1,0,1,1,0,1,1,0,1,0,1,1,0,1,0,1,1,0,0,1,0,0,1,1,1,1,0,0,0,0,1,0,0,0,1,1,0,0,0,1,0,1,0,1,0,0,0,1
0,1,0,0,0,1,1,0,1,0,1,0,0,1,0,1,1,1,0,0,0,0,0,0,0,1,1,1,1,0,1,1,0,0,0,0,0,0,0,1,0,1,0,1,0,1,0,1,1,1,1,1,0,1,0,0,0,1,1,1,0,1,1,0,0,1,1,1,1,0,1,1,0,1,1,0,0,0,0,1,1,1,1,1,0,0,0,1,1,1,1,1,0,0,1,1,1,1,0,1,0,1,0,1,1,0,1,1,0,1,1,1,1,1,1,1,1,1,1,0,1,1,0,1,0,1,0,1,1,0,1,1,1,0,0,1,1,0,0,1,0,1,0,1,0,1,1,1,0,0,0,0,0,1,0,0,0,1,0,1,1,1,0,1,0,1,0,0,1,0,0,0,0,1,0,1,1,1,0,1,1,1,0,1,1,0,1,0,1,1,0,0,1,0,0,1,1,1,1,0,0,0,0,1,0,0,0,1,1,0,0,0,1,0,1,0,1,0,0,0,1
0,0,0,1,0,1,1,0,0,1,1,1,1,1,1,0,0,0,0,0,0,0,0,0,0,1,1,0,0,0,1,0,1,1,0,0,0,0,1,1,1,0,0,1,1,1,1,1,0,0,0,1,0,1,1,0,1,1,1,1,1,1,1,1,1,1,1,1,1,0,1,1,1,0,0,1,0,0,0,1,0,0,0,1,0,1,1,1,1,1,1,1,0,0,0,0,1,1,1,1,1,1,0,1,1,1,1,0,0,1,1,1,1,1,0,1,1,1,1,1,0,1,0,1,0,0,0,1,1,0,1,1,0,0,0,1,1,1,0,1,0,0,1,1,0,1,1,1,0,1,0,0,0,1,0,0,1,0,0,1,1,0,0,1,0,1,0,0,1,0,0,0,1,1,0,1,1,1,0,0,1,1,0,0,0,0,1,1,0,1,0,1,0,0,0,1,1,1,1,0,0,1,1,0,0,0,1,0,1,0,0,1,0,0,0,0,1,0,0,1,0
0,1,0,0,0,1,1,0,1,0,1,0,0,1,0,1,1,1,0,0,0,0,0,0,0,1,1,1,1,0,1,1,0,0,0,0,1,0,0,1,0,1,0,1,0,1,0,1,1,1,1,1,0,1,0,0,0,1,1,1,0,1,1,0,0,1,1,1,1,0,1,1,0,1,1,0,0,0,0,1,1,1,1,1,0,0,0,1,1,1,1,1,0,0,1,1,1,1,0,1,0,1,0,1,1,0,1,1,0,1,1,1,1,1,1,1,1,1,1,0,1,1,0,1,0,1,0,1,1,0,1,1,1,0,0,1,1,0,0,1,0,1,0,1,0,1,1,1,0,0,0,0,0,1,0,0,0,1,0,1,1,1,0,1,0,1,0,0,1,0,0,0,0,1,0,1,1,1,0,1,1,1,0,1,1,0,1,0,1,1,0,0,1,0,0,1,1,1,1,0,0,0,0,1,0,0,0,1,1,0,0,0,1,0,1,0,1,0,0,0,1
0,1,0,0,0,1,1,0,1,0,1,0,0,1,0,1,1,1,0,0,0,0,0,0,0,1,1,1,1,0,1,1,0,0,0,0,0,0,0,1,0,1,0,1,0,1,0,1,1,1,1,1,0,1,0,0,0,1,1,1,0,1,1,0,0,1,1,1,1,0,1,1,0,1,1,0,0,0,0,1,1,1,1,1,0,0,0,1,1,1,1,1,0,0,1,1,1,1,0,1,0,1,0,1,1,0,1,1,0,1,1,1,1,1,1,1,1,1,1,0,1,1,0,1,0,1,0,1,1,0,1,1,1,0,0,1,1,0,0,1,0,1,0,1,0,1,1,1,0,0,0,0,0,1,0,0,0,1,0,1,1,1,0,1,0,1,0,0,1,0,0,0,0,1,0,1,1,1,0,1,1,1,0,1,1,0,1,0,1,1,0,0,1,0,0,1,1,1,1,0,0,0,0,1,0,0,0,1,1,0,0,0,1,0,1,0,1,0,0,0,1
1,1,0,0,0,1,1,0,1,0,1,0,0,1,0,1,1,1,1,0,0,1,0,0,0,1,1,0,1,0,1,1,0,0,0,0,1,0,0,1,0,1,0,1,0,0,0,1,1,0,0,1,0,0,0,0,0,1,1,1,0,0,1,0,0,0,0,0,1,0,0,1,0,1,0,0,0,0,0,0,1,0,0,0,0,0,0,0,1,0,1,0,0,0,0,1,0,1,0,0,0,0,0,0,0,0,0,1,0,0,0,1,1,1,1,0,0,1,1,0,1,0,0,1,0,1,0,1,1,0,0,0,1,0,0,0,1,0,0,1,0,1,0,0,0,1,1,1,0,0,0,0,0,1,0,0,0,1,0,1,1,1,0,1,0,1,0,0,1,0,0,0,0,1,0,1,1,0,0,1,0,1,0,1,1,0,1,0,1,1,0,0,1,0,0,1,1,1,1,0,0,0,0,1,0,0,0,1,1,0,0,0,1,0,1,0,1,0,0,0,1
0,1,0,1,0,1,1,0,0,0,1,1,1,1,1,0,0,1,1,0,0,0,0,0,0,1,1,0,1,0,1,0,0,1,0,0,0,0,1,1,0,1,0,1,1,1,0,1,0,0,0,1,0,1,1,0,1,1,1,1,1,1,1,1,1,1,1,1,1,0,1,1,1,0,0,1,0,0,0,1,0,0,0,1,0,1,1,1,1,1,1,1,0,0,0,0,1,1,0,1,0,1,0,1,1,1,1,0,0,1,1,1,1,1,0,1,1,1,1,0,0,1,0,1,0,0,0,1,1,0,1,1,0,0,0,1,1,0,0,1,0,0,0,1,0,1,1,1,0,1,0,0,0,1,0,0,1,0,0,1,1,0,0,1,0,1,0,0,1,0,0,0,1,1,0,1,1,1,0,0,1,1,0,0,0,0,1,1,0,1,0,1,0,0,0,1,1,1,1,0,0,1,1,0,0,0,1,0,1,0,0,1,0,0,0,0,1,0,0,1,0
0,1,0,1,0,1,1,0,0,0,1,1,1,1,1,0,0,0,0,0,0,0,0,0,0,1,1,0,0,0,1,0,0,1,0,0,0,0,1,1,0,1,0,1,1,1,0,1,0,0,0,1,0,1,1,0,1,1,1,1,1,1,1,1,1,1,1,1,1,0,1,1,1,0,0,1,0,0,0,1,0,0,0,1,0,1,1,1,1,1,1,1,0,0,0,0,1,1,0,1,0,1,0,1,1,1,1,0,0,1,1,1,1,1,0,1,1,1,1,0,0,1,0,1,0,0,0,1,1,0,1,1,0,0,0,1,1,0,0,1,0,0,0,1,0,1,1,1,0,1,0,0,0,1,0,0,1,0,0,1,1,0,0,1,0,1,0,0,1,0,0,0,1,1,0,1,1,1,0,0,1,1,0,0,0,0,1,1,0,1,0,1,0,0,0,1,1,1,1,0,0,1,1,0,0,0,1,0,1,0,0,1,0,0,0,0,1,0,0,1,0
0,1,0,0,0,1,1,0,1,0,1,0,0,1,0,1,1,1,1,0,0,1,0,0,0,1,1,0,1,0,1,1,0,0,1,0,1,0,0,1,0,1,1,1,0,0,0,1,1,0,0,1,0,0,0,0,0,1,1,1,0,0,1,0,0,0,0,0,1,1,0,0,0,0,0,0,0,0,0,0,0,0,0,0,0,0,0,0,1,0,1,0,0,0,0,0,0,1,0,0,0,0,0,0,0,0,0,0,0,0,0,1,1,1,1,0,0,1,1,0,0,0,0,1,0,1,0,1,1,0,0,0,0,0,0,0,1,0,0,1,0,0,0,0,0,1,1,1,0,0,0,0,1,1,0,0,0,0,0,1,1,1,0,1,0,1,0,0,1,0,0,0,0,1,0,1,1,0,0,1,0,1,1,0,0,0,1,1,0,1,0,0,0,0,0,1,1,1,1,0,0,0,0,0,0,0,0,1,1,0,0,0,1,0,1,0,1,0,0,0,1
0,1,0,1,0,1,1,0,1,0,1,0,0,1,0,1,1,1,0,0,0,0,0,0,0,1,1,0,0,0,1,1,0,0,0,0,1,0,0,1,0,1,0,1,0,0,0,1,1,0,0,1,0,0,0,0,0,1,1,1,0,0,1,0,0,0,0,0,1,0,0,1,0,1,0,0,0,0,0,0,1,0,0,0,0,0,0,0,0,0,1,0,0,0,0,1,0,1,0,0,0,0,0,0,0,0,0,1,0,0,0,1,1,1,1,0,0,1,0,0,1,0,0,1,0,1,0,1,1,0,0,0,1,0,0,0,1,0,0,1,0,1,0,0,0,1,1,0,0,0,0,0,0,1,0,0,0,1,0,1,0,1,0,0,0,1,0,0,1,0,0,0,0,1,0,1,1,0,0,1,0,1,0,1,1,0,1,0,1,1,0,0,1,0,0,1,1,1,1,0,0,0,0,1,0,0,0,1,1,0,0,0,1,0,1,0,1,0,0,0,1
1,1,0,0,0,1,1,1,1,0,1,0,0,1,0,1,1,1,0,0,0,0,0,0,0,1,1,0,0,0,1,1,0,0,0,0,1,0,0,1,0,1,1,1,0,0,0,1,1,0,0,1,0,0,0,0,0,1,1,1,0,0,1,0,0,0,0,0,1,0,0,1,0,1,0,0,0,0,0,0,1,0,0,0,0,0,0,0,0,0,1,0,0,0,0,1,0,1,0,0,0,0,0,0,0,0,0,1,0,0,0,1,1,1,1,0,0,1,0,0,1,0,0,1,1,1,0,1,1,0,0,0,1,0,0,0,1,0,0,1,0,1,0,0,0,1,1,0,0,0,0,1,0,1,0,0,0,1,0,1,0,1,0,0,0,1,0,0,1,0,0,0,0,1,0,1,1,0,1,1,0,1,0,1,1,0,1,0,1,1,0,0,1,0,0,1,1,1,1,0,0,0,0,1,0,0,0,1,1,0,0,0,1,0,1,0,1,0,0,0,1
0,1,0,1,0,1,1,0,0,0,1,1,1,1,1,0,0,0,0,0,0,0,0,0,0,1,1,0,0,0,1,0,0,1,0,0,0,0,1,1,0,1,0,1,1,1,0,1,0,0,0,1,0,1,1,0,1,1,1,1,1,1,1,1,1,1,1,1,1,0,1,1,1,0,0,1,0,0,0,1,0,0,0,1,0,1,1,1,1,1,1,1,0,0,0,0,1,1,0,1,0,1,0,1,1,1,1,0,0,1,1,1,1,1,0,1,1,1,1,0,0,1,0,1,0,0,0,1,1,0,1,1,0,0,0,1,1,0,0,1,0,0,0,1,0,1,1,1,0,1,0,0,0,1,0,0,1,0,0,1,1,0,0,1,0,1,0,0,1,0,1,1,1,1,0,1,1,1,0,0,1,1,0,0,0,0,1,1,0,1,0,1,0,0,0,1,1,1,1,0,0,1,1,0,0,0,1,0,1,0,0,1,0,0,0,0,1,0,0,1,0
0,1,0,0,0,1,1,0,1,0,1,0,0,1,0,1,1,1,1,0,0,1,0,0,0,1,1,0,1,0,1,1,0,0,0,0,0,0,0,1,0,1,0,1,0,0,0,1,1,0,0,1,0,0,0,0,0,1,1,1,0,0,1,0,0,0,0,0,1,0,0,1,0,1,0,0,0,0,0,0,1,0,0,0,0,0,0,0,1,0,1,0,0,0,0,1,0,1,0,0,0,0,0,0,0,0,0,1,0,0,0,1,1,1,1,0,0,1,1,0,1,0,0,1,0,1,0,1,1,0,0,0,1,0,0,0,1,0,0,1,0,1,0,0,0,1,1,1,0,0,0,0,0,1,0,0,0,1,0,1,1,1,0,1,0,1,0,0,1,0,0,0,0,1,0,1,1,0,0,1,0,1,0,1,1,0,1,0,1,1,0,0,1,0,0,1,0,1,1,0,0,0,0,1,0,0,0,1,1,0,0,0,1,0,1,0,1,0,0,0,1
0,1,0,0,0,1,1,1,1,0,1,0,0,1,0,1,1,1,1,0,0,1,0,0,0,1,1,1,1,1,1,1,0,0,0,0,0,0,0,1,0,1,0,1,0,1,0,1,1,1,1,1,0,1,0,0,1,1,1,1,0,1,1,0,0,1,1,1,1,0,1,1,0,1,1,0,0,0,1,1,1,1,1,1,0,0,1,1,1,1,1,1,0,0,1,1,1,1,0,1,0,1,0,1,1,0,1,1,0,1,1,1,1,1,1,1,1,1,1,0,1,1,0,1,0,1,0,1,1,0,1,1,1,0,0,1,1,0,0,1,0,1,0,1,0,1,1,1,0,0,0,0,0,1,0,0,0,1,0,1,1,1,0,1,0,1,0,0,1,0,0,0,0,1,0,1,1,1,0,1,1,1,0,1,1,0,1,0,1,1,0,0,1,0,0,1,1,1,1,0,0,0,0,1,0,0,0,1,1,0,0,0,1,1,1,0,1,0,0,0,1
0,1,0,0,0,1,1,0,1,0,1,0,0,1,0,1,1,1,1,0,0,1,0,0,0,1,1,1,1,1,1,1,0,0,0,0,0,0,0,1,0,1,0,1,0,1,0,1,1,1,1,1,0,1,0,0,0,1,1,1,0,1,1,0,0,1,1,1,1,0,1,1,0,1,1,0,0,0,0,1,1,1,1,1,0,0,0,1,1,1,1,1,0,0,1,1,1,1,0,1,0,1,0,1,1,0,1,1,0,1,1,1,1,1,1,1,1,1,1,0,1,1,0,1,0,1,0,1,1,0,1,1,1,0,0,1,1,0,0,1,0,1,0,1,0,1,1,1,0,0,0,0,0,1,0,0,0,1,0,1,1,1,0,1,0,1,0,0,1,0,0,0,0,1,0,1,1,1,0,1,1,1,0,1,1,0,1,0,1,1,0,0,1,0,0,1,1,1,1,0,0,0,0,1,0,0,0,1,1,0,0,0,1,0,1,0,1,0,0,0,1
1,1,0,0,0,1,1,1,1,0,1,0,0,1,0,1,1,1,1,0,0,1,0,0,0,1,1,0,1,0,1,1,0,0,0,0,1,0,0,1,0,1,1,1,0,0,0,1,1,0,0,1,0,0,0,0,0,1,1,1,0,0,1,0,0,0,0,0,1,0,0,1,0,1,0,0,0,0,0,0,1,0,0,0,0,0,0,0,1,0,1,0,0,0,0,1,0,1,0,0,0,0,0,0,0,0,0,1,0,0,0,1,1,1,1,0,0,1,1,0,1,0,0,1,0,1,0,1,1,0,0,0,1,0,1,0,1,0,0,1,0,1,0,0,0,1,1,1,0,0,0,0,0,1,0,0,0,1,0,1,1,1,0,1,0,1,0,0,1,1,0,0,0,1,0,1,1,0,0,1,0,1,0,1,1,0,1,1,1,1,0,0,1,0,0,1,1,1,1,0,0,0,0,1,0,0,0,1,1,0,0,0,1,0,1,0,1,0,0,0,1
0,1,0,0,0,1,1,0,1,0,1,0,0,1,0,1,1,1,0,0,0,0,0,0,0,1,1,1,1,0,1,1,0,0,0,0,1,0,0,1,0,1,0,1,0,1,0,1,1,1,1,1,0,1,0,0,0,1,1,1,0,1,1,0,0,1,1,1,1,0,1,1,0,1,1,0,0,0,0,1,1,1,1,1,0,0,0,1,1,1,1,1,0,0,1,1,1,1,0,1,0,1,0,1,1,0,1,1,0,1,1,1,1,1,1,1,1,1,1,0,1,1,0,1,0,1,0,1,1,0,1,1,1,0,0,1,1,0,0,1,0,1,0,1,0,1,1,1,0,0,0,0,0,1,0,0,0,1,0,1,1,1,0,1,0,1,0,0,1,0,0,0,0,1,0,1,1,1,0,1,1,1,0,1,1,0,1,0,1,1,0,0,1,0,0,1,1,1,1,0,0,0,0,1,0,0,0,1,1,0,0,0,1,0,1,0,1,0,0,0,1
0,0,0,1,0,1,1,0,0,0,1,1,1,1,1,0,0,0,0,0,0,0,0,0,0,1,1,0,0,0,1,0,0,1,0,0,0,0,1,1,0,0,0,1,1,1,0,1,0,0,0,1,0,1,1,0,1,1,1,1,1,1,1,1,1,1,1,1,1,0,1,1,1,0,0,1,0,0,0,1,0,0,0,1,0,1,1,1,1,1,1,1,0,0,0,0,1,1,0,1,0,1,0,1,1,1,1,0,0,1,1,1,1,1,0,1,1,1,1,0,0,1,0,1,0,0,0,1,1,0,1,1,0,0,0,1,1,0,0,1,0,0,0,1,0,1,1,1,0,1,0,0,0,1,0,0,1,0,0,1,1,0,0,1,0,1,0,0,1,0,0,0,1,1,0,1,1,1,0,0,1,1,0,0,0,0,1,1,0,1,0,1,0,0,0,1,1,1,1,0,0,1,1,0,0,0,1,0,1,0,0,1,0,0,0,0,1,0,0,1,0
0,1,0,0,0,1,1,1,1,0,1,0,0,1,0,1,1,1,1,0,0,1,0,0,0,1,1,0,1,0,1,1,0,0,1,0,0,0,0,1,0,1,0,1,0,0,0,1,1,0,0,1,0,0,0,0,0,1,1,1,0,0,1,0,0,0,0,0,1,1,0,1,0,1,0,0,0,0,0,0,1,0,0,0,0,0,0,0,1,0,1,0,0,0,0,1,0,1,0,0,0,0,0,0,0,0,0,1,0,0,0,1,1,1,1,0,0,1,1,0,1,0,0,1,0,1,0,1,1,0,0,0,1,0,1,0,1,0,0,1,0,1,0,0,0,1,1,1,0,0,0,0,1,1,0,0,0,1,0,1,1,1,0,1,0,1,1,0,1,1,0,0,0,1,0,1,1,0,0,1,0,1,0,1,1,0,1,0,1,1,0,0,1,0,1,1,1,1,1,0,0,0,0,1,0,0,0,1,1,0,0,0,1,0,1,0,1,0,0,0,1
1,1,0,0,0,1,1,1,1,0,1,0,0,1,0,1,1,1,0,0,1,1,0,0,0,1,1,0,0,0,1,1,0,0,0,0,1,0,0,1,0,1,1,1,0,0,0,1,1,0,0,1,0,0,0,0,0,1,1,1,0,0,1,0,0,0,0,0,1,0,0,1,0,1,0,0,0,0,0,0,1,0,0,0,0,0,0,0,0,0,1,0,0,0,0,1,0,1,0,0,0,0,0,0,0,0,0,1,0,0,0,1,1,1,1,0,0,1,0,0,1,0,0,1,1,1,0,1,1,0,0,0,1,0,0,0,1,0,0,1,0,1,0,0,0,1,1,0,0,0,1,1,0,1,0,0,0,1,0,1,0,1,0,0,0,1,0,0,1,0,0,0,0,1,0,1,1,0,1,1,0,1,0,1,1,0,1,0,1,1,0,0,1,0,0,1,1,1,1,0,0,0,0,1,0,0,0,1,1,0,0,0,1,0,1,0,1,0,0,0,1
0,1,0,0,0,1,1,0,1,0,1,0,0,1,0,1,1,1,0,0,0,0,0,0,0,1,1,1,1,0,1,1,0,0,0,0,0,0,0,1,0,1,0,1,0,1,0,1,1,1,1,1,0,1,0,0,0,1,1,1,0,1,1,0,0,1,1,1,1,0,1,1,0,1,1,0,0,0,0,1,1,1,1,1,0,0,0,1,1,1,1,1,0,0,1,1,1,1,0,1,0,1,0,1,1,0,1,1,0,1,1,1,1,1,1,1,1,1,1,0,1,1,0,1,0,1,0,1,1,0,1,1,1,0,0,1,1,0,0,1,0,1,0,1,0,1,1,1,0,0,0,0,0,1,0,0,0,1,0,1,1,1,0,1,0,1,0,0,1,0,0,0,0,1,0,1,1,1,0,1,1,1,0,1,1,0,1,0,1,1,0,0,1,0,0,1,1,1,1,0,0,0,0,1,0,0,0,1,1,0,0,0,1,0,1,0,1,0,0,0,1
0,1,0,0,0,1,1,1,1,0,1,0,0,1,0,1,1,1,0,0,0,0,0,0,0,1,1,1,1,0,1,1,0,0,0,0,0,0,0,1,0,1,1,1,0,1,0,1,1,1,1,1,0,1,0,0,0,1,1,1,0,1,1,0,0,1,1,1,1,0,1,1,0,1,1,0,0,0,0,1,1,1,1,1,0,0,0,1,1,1,1,1,0,0,1,1,1,1,0,1,0,1,0,1,1,0,1,1,0,1,1,1,1,1,1,1,1,1,1,0,1,1,0,1,1,1,0,1,1,0,1,1,1,0,0,1,1,0,0,1,0,1,0,1,0,1,1,1,0,0,0,1,0,1,0,0,0,1,0,1,1,1,0,1,0,1,0,0,1,0,0,0,0,1,0,1,1,1,1,1,1,1,0,1,1,0,1,0,1,1,0,0,1,0,0,1,1,1,1,0,0,0,0,1,0,0,0,1,1,0,0,0,1,0,1,0,1,0,0,0,1
1,1,0,0,0,1,1,1,1,0,1,0,0,1,0,1,1,1,1,0,0,1,0,0,0,1,1,0,1,0,1,1,0,0,1,0,1,0,0,1,0,1,1,1,0,0,0,1,1,0,0,1,0,0,0,0,0,1,1,1,0,0,1,0,0,0,0,0,1,1,0,1,0,1,0,0,0,0,0,0,1,0,0,0,0,0,0,0,1,0,1,0,0,0,0,1,0,1,0,0,0,0,0,0,0,0,0,1,0,0,0,1,1,1,1,0,0,1,1,0,1,0,0,1,0,1,0,1,1,0,0,0,1,0,1,0,1,0,0,1,0,1,0,0,0,1,1,1,0,0,0,0,1,1,0,0,0,1,0,1,1,1,0,1,0,1,0,0,1,1,0,0,0,1,0,1,1,0,0,1,0,1,0,1,1,0,1,0,1,1,0,0,1,0,0,1,1,1,1,0,0,0,0,1,0,0,0,1,1,0,0,0,1,0,1,0,1,0,0,0,1
0,1,0,0,0,1,1,0,1,0,1,0,0,1,1,1,1,1,0,0,0,0,0,0,0,1,1,1,1,1,1,1,0,0,0,0,0,0,0,1,0,1,0,1,0,1,0,1,1,1,1,1,0,1,0,0,0,1,1,1,0,1,1,0,0,1,1,1,1,0,1,1,0,1,1,0,0,0,0,1,1,1,1,1,0,0,0,1,1,1,1,1,0,0,1,1,1,1,0,1,0,1,0,1,1,0,1,1,0,1,1,1,1,1,1,1,1,1,1,0,1,1,0,1,0,1,0,1,1,0,1,1,1,0,0,1,1,0,0,1,0,1,0,1,0,1,1,1,0,0,0,0,0,1,0,0,0,1,0,1,1,1,0,1,0,1,0,0,1,0,0,0,0,1,0,1,1,1,0,1,1,1,0,1,1,0,1,0,1,1,0,0,1,0,0,1,1,1,1,0,0,0,0,1,0,0,0,1,1,0,0,0,1,0,1,0,1,0,0,0,1
0,1,0,1,0,1,1,0,0,0,1,1,1,1,1,0,0,0,0,0,0,0,0,0,0,1,1,0,0,0,1,0,0,1,0,0,0,0,1,1,0,1,0,1,1,1,0,1,0,0,0,1,0,1,1,0,1,1,1,1,1,1,1,1,1,1,1,1,1,0,1,1,1,0,0,1,0,0,0,1,0,0,0,1,0,1,1,1,1,1,1,1,0,0,0,0,1,1,0,1,0,1,0,1,1,1,1,0,0,1,1,1,1,1,0,1,1,1,1,0,0,1,0,1,0,0,0,1,1,0,1,1,0,0,0,1,1,0,0,1,0,0,0,1,0,1,1,1,0,1,0,0,0,1,0,0,1,0,0,1,1,0,0,1,0,1,0,0,1,0,0,0,1,1,0,1,1,1,0,0,1,1,0,0,0,0,1,1,0,1,0,1,0,0,0,1,1,1,1,0,0,1,1,0,0,0,1,0,1,0,0,1,0,0,0,0,1,0,0,1,0
0,0,0,1,0,1,1,0,0,0,1,1,1,1,1,0,0,0,0,0,0,0,0,0,0,1,1,0,0,0,1,0,0,1,0,0,0,0,1,1,0,0,0,1,1,1,0,1,0,0,0,1,0,1,1,0,1,1,1,1,1,1,1,1,1,1,1,1,1,0,1,1,1,0,0,1,0,0,0,1,0,0,0,1,0,1,1,1,1,1,1,1,0,0,0,0,1,1,0,1,0,1,0,1,1,1,1,0,0,1,1,1,1,1,0,1,1,1,1,0,0,1,0,1,0,0,0,1,1,0,1,1,0,0,0,1,1,0,0,1,0,0,0,1,0,1,1,1,0,1,0,0,0,1,0,0,1,0,0,1,1,0,0,1,0,1,0,0,1,0,0,0,1,1,0,1,1,1,0,0,1,1,0,0,0,0,1,1,0,1,0,1,0,0,0,1,1,1,1,0,0,1,1,0,0,0,1,0,1,0,0,1,0,0,0,0,1,0,0,1,0
0,1,0,0,0,1,1,1,1,0,1,0,0,1,0,1,1,1,0,0,0,0,0,0,0,1,1,0,0,0,1,1,0,0,0,0,1,0,0,1,0,1,0,1,0,0,0,1,1,0,0,1,0,0,0,0,1,1,1,1,0,0,1,0,0,0,0,0,1,0,0,1,0,1,0,0,0,0,1,0,1,0,0,0,0,0,1,0,0,0,1,0,0,0,0,1,0,1,0,0,0,0,0,0,0,0,0,1,1,0,0,1,1,1,1,0,0,1,0,0,1,0,0,1,1,1,0,1,1,0,0,0,1,0,0,0,1,0,0,1,0,1,0,0,0,1,1,0,0,0,0,1,0,1,0,0,0,1,0,1,0,1,0,0,0,1,0,0,1,0,0,0,0,1,0,1,1,0,1,1,0,1,0,1,1,0,1,0,1,1,0,0,1,0,0,1,1,1,1,0,0,0,0,1,0,0,0,1,1,0,0,0,1,0,1,0,1,0,0,0,1
1,1,0,0,0,1,1,0,1,0,1,0,0,1,0,1,1,1,1,0,0,1,0,0,0,1,1,0,1,0,1,1,0,0,0,0,1,0,0,1,0,1,0,1,0,0,0,1,1,0,0,1,0,0,0,0,0,1,1,1,0,0,1,0,0,0,0,0,1,0,0,1,0,1,0,0,0,0,0,0,1,0,0,0,0,0,0,0,1,0,1,0,0,0,0,1,0,1,0,0,0,0,0,0,0,0,0,1,0,0,0,1,1,1,1,0,0,1,1,0,1,0,0,1,0,1,0,1,1,0,0,0,1,0,0,0,1,0,0,1,0,1,0,0,0,1,1,1,0,0,0,0,0,1,0,0,0,1,0,1,1,1,0,1,0,1,0,0,1,0,0,0,0,1,0,1,1,0,0,1,0,1,0,1,1,0,1,0,1,1,0,0,1,0,0,1,1,1,1,0,0,0,0,1,0,0,0,1,1,0,0,0,1,0,1,0,1,0,0,0,1
0,1,0,1,0,1,1,0,0,1,1,1,1,1,1,0,0,0,0,0,0,0,0,0,0,1,1,0,0,0,1,0,1,1,0,0,0,0,1,1,1,1,0,1,1,1,1,1,0,0,0,1,0,1,1,0,1,1,1,1,1,1,1,1,1,1,1,1,1,0,1,1,1,0,0,1,0,0,0,1,0,0,0,1,0,1,1,1,1,1,1,1,0,0,0,0,1,1,1,1,0,1,0,1,1,1,1,0,0,1,1,1,1,1,0,1,1,1,1,1,0,1,0,1,0,0,0,1,1,0,1,1,0,0,0,1,1,1,0,1,0,0,1,1,0,1,1,1,0,1,0,0,0,1,0,0,1,0,0,1,1,0,0,1,0,1,0,0,1,0,0,0,1,1,0,1,1,1,0,0,1,1,0,0,0,0,1,1,0,1,0,1,0,0,0,1,1,1,1,0,0,1,1,0,0,0,1,0,1,0,0,1,0,0,0,0,1,0,0,1,0
0,1,0,0,0,1,1,0,1,0,1,0,0,1,0,1,1,1,1,0,0,1,0,0,0,1,1,0,1,0,1,1,0,0,0,0,1,0,0,1,0,1,0,1,0,0,0,1,1,0,0,1,0,0,0,0,0,1,1,1,0,0,1,0,0,0,0,0,1,0,0,0,0,0,0,0,0,0,0,0,0,0,0,0,0,0,0,0,1,0,1,0,0,0,0,0,0,1,0,0,0,0,0,0,0,0,0,0,0,0,0,1,1,1,1,0,0,1,1,0,0,0,0,1,0,1,0,1,1,0,0,0,0,0,0,0,1,0,0,1,0,0,0,0,0,1,1,1,0,0,0,0,0,1,0,0,0,0,0,1,1,1,0,1,0,1,0,0,1,0,0,0,0,1,0,1,1,0,0,1,0,1,0,0,0,0,1,0,0,1,0,0,0,0,0,1,1,1,1,0,0,0,0,0,0,0,0,1,1,0,0,0,1,0,1,0,1,0,0,0,1
0,1,0,1,0,1,1,0,0,0,1,1,1,1,1,0,0,0,0,0,0,0,0,0,0,1,1,0,0,0,1,0,0,1,0,0,0,0,1,1,0,1,0,1,1,1,0,1,0,0,0,1,0,1,1,0,1,1,1,1,1,1,1,1,1,1,1,1,1,0,1,1,1,0,0,1,0,0,0,1,0,0,0,1,0,1,1,1,1,1,1,1,0,0,0,0,1,1,0,1,0,1,0,1,1,1,1,0,0,1,1,1,1,1,0,1,1,1,1,0,0,1,0,1,0,0,0,1,1,0,1,1,0,0,0,1,1,0,0,1,0,0,0,1,0,1,1,1,0,1,0,0,0,1,0,0,1,0,0,1,1,0,0,1,0,1,0,0,1,0,0,0,1,1,0,1,1,1,0,0,1,1,0,0,0,0,1,1,0,1,0,1,0,0,0,1,1,1,1,0,0,1,1,0,0,0,1,0,1,0,0,1,0,0,0,0,1,0,0,1,0
0,1,0,0,0,1,1,0,1,0,1,0,0,1,0,1,1,1,0,0,0,0,0,0,0,1,1,1,1,0,1,1,0,0,0,0,0,0,0,1,0,1,0,1,0,1,0,1,1,1,1,1,0,1,0,0,0,1,1,1,0,1,1,0,0,1,1,1,1,0,1,1,0,1,1,0,0,0,0,1,1,1,1,1,0,0,0,1,1,1,1,1,0,0,1,1,1,1,0,1,0,1,0,1,1,0,1,1,0,1,1,1,1,1,1,1,1,1,1,0,1,1,0,1,0,1,0,1,1,0,1,1,1,0,0,1,1,0,0,1,0,1,0,1,0,1,1,1,0,0,0,0,0,1,0,0,0,1,0,1,1,1,0,1,0,1,0,0,1,0,0,0,0,1,0,1,1,1,0,1,1,1,0,1,1,0,1,0,1,1,0,0,1,0,0,1,1,1,1,0,0,0,0,1,0,0,0,1,1,0,0,0,1,0,1,0,1,0,0,0,1
0,1,0,0,0,1,1,1,1,0,1,0,0,1,0,1,1,1,0,0,0,0,0,0,0,1,1,1,1,0,1,1,0,0,0,0,0,0,0,1,0,1,1,1,0,1,0,1,1,1,1,1,0,1,0,0,0,1,1,1,0,1,1,0,0,1,1,1,1,0,1,1,0,1,1,0,0,0,0,1,1,1,1,1,0,0,0,1,1,1,1,1,0,0,1,1,1,1,0,1,0,1,0,1,1,0,1,1,0,1,1,1,1,1,1,1,1,1,1,0,1,1,0,1,1,1,0,1,1,0,1,1,1,0,0,1,1,0,0,1,0,1,0,1,0,1,1,1,0,0,1,1,0,1,0,0,0,1,0,1,1,1,0,1,0,1,0,0,1,0,0,0,0,1,0,1,1,1,1,1,1,1,0,1,1,0,1,0,1,1,0,0,1,0,0,1,1,1,1,0,0,0,0,1,0,0,0,1,1,0,0,0,1,0,1,0,1,0,0,0,1
0,1,0,1,0,1,1,0,0,0,1,1,1,1,1,0,0,0,0,0,0,0,0,0,0,1,1,0,0,0,1,0,0,0,0,0,0,0,1,1,0,0,0,1,1,1,0,1,0,0,0,1,0,1,1,0,1,1,1,1,1,1,1,0,0,1,1,1,1,0,1,1,1,0,0,1,0,0,0,1,0,0,0,1,0,1,1,1,1,1,1,1,0,0,0,0,1,1,0,1,0,1,0,1,1,0,1,0,0,1,1,1,1,1,0,1,1,1,1,0,0,1,0,1,0,0,0,1,1,0,1,1,0,0,0,1,1,0,0,1,0,0,0,1,0,1,1,1,0,1,0,0,0,1,0,0,1,0,0,1,1,0,0,1,0,1,0,0,1,0,0,0,1,1,0,1,1,1,0,0,1,1,0,0,0,0,1,1,0,1,0,1,0,0,0,1,1,1,1,0,0,1,1,0,0,0,1,0,1,0,0,1,0,0,0,0,1,0,0,1,0
0,1,0,0,0,1,1,0,1,0,1,0,0,1,0,1,1,1,1,0,0,1,0,0,0,1,1,0,1,0,1,1,0,0,0,0,0,0,0,1,0,1,0,1,0,0,0,1,1,0,0,1,0,0,0,0,0,1,1,1,0,0,1,0,0,0,0,0,1,0,0,0,0,0,0,0,0,0,0,0,0,0,0,0,0,0,0,0,1,0,1,0,0,0,0,0,0,1,0,0,0,0,0,0,0,0,0,0,0,0,0,1,1,1,1,0,0,1,1,0,0,0,0,1,0,1,0,1,1,0,0,0,0,0,0,0,1,0,0,1,0,0,0,0,0,1,1,1,0,0,0,0,0,1,0,0,0,0,0,1,1,1,0,1,0,1,0,0,1,0,0,0,0,1,0,1,1,0,0,1,0,1,0,0,0,0,1,0,0,1,0,0,0,0,0,1,0,1,1,0,0,0,0,0,0,0,0,1,1,0,0,0,1,0,1,0,1,0,0,0,1
0,1,0,1,0,1,1,1,1,0,1,0,0,1,1,1,1,1,0,0,0,0,0,0,0,1,1,1,1,1,1,1,0,0,0,0,0,0,0,1,0,1,0,1,0,1,0,1,1,1,1,1,0,1,0,0,0,1,1,1,0,1,1,0,0,1,1,1,1,0,1,1,0,1,1,0,0,1,0,1,1,1,1,1,0,1,0,1,1,1,1,1,0,0,1,1,1,1,0,1,0,1,0,1,1,0,1,1,1,1,1,1,1,1,1,1,1,1,1,0,1,1,0,1,1,1,0,1,1,0,1,1,1,0,0,1,1,0,0,1,0,1,0,1,0,1,1,1,0,1,1,1,0,1,1,0,0,1,0,1,1,1,1,1,0,1,0,0,1,0,0,0,0,1,0,1,1,1,1,1,1,1,0,1,1,0,1,1,1,1,0,1,1,0,1,1,1,1,1,0,0,1,0,1,0,0,0,1,1,0,0,0,1,0,1,0,1,0,0,0,1
0,1,0,1,0,1,1,0,0,0,1,1,1,1,1,0,0,0,0,0,0,0,0,0,0,1,1,0,0,0,1,0,0,1,0,0,0,0,1,1,0,1,0,1,1,1,0,1,0,0,0,1,0,1,1,0,1,1,1,1,1,1,1,1,1,1,1,1,1,0,1,1,1,0,0,1,0,0,0,1,0,0,0,1,0,1,1,1,1,1,1,1,0,0,0,0,1,1,0,1,0,1,0,1,1,1,1,0,0,1,1,1,1,1,0,1,1,1,1,0,0,1,0,1,0,0,0,1,1,0,1,1,0,0,0,1,1,0,0,1,0,0,0,1,0,1,1,1,0,1,0,0,0,1,0,0,1,0,0,1,1,0,0,1,0,1,0,0,1,0,0,0,1,1,0,1,1,1,0,0,1,1,0,0,0,0,1,1,0,1,0,1,0,0,0,1,1,1,1,0,0,1,1,0,0,0,1,0,1,0,0,1,0,0,0,0,1,0,0,1,0
0,1,0,1,0,1,1,1,1,0,1,0,0,1,1,1,1,1,0,0,0,0,0,0,0,1,1,1,1,0,1,1,0,0,0,0,1,0,0,1,0,1,0,1,0,0,0,1,1,0,0,1,0,1,0,0,0,1,1,1,0,0,1,0,0,0,0,0,1,0,0,1,0,1,0,0,0,1,0,0,1,0,0,1,0,1,0,0,1,0,1,0,0,0,0,1,0,1,0,1,0,0,0,0,0,0,0,1,1,0,0,1,1,1,1,1,1,1,1,0,1,0,0,1,1,1,0,1,1,0,0,0,1,0,0,0,1,0,0,1,0,1,0,1,0,1,1,1,0,1,1,1,0,1,1,0,0,1,0,1,1,1,1,1,0,1,0,0,1,0,0,0,0,1,0,1,1,0,1,1,1,1,0,1,1,0,1,1,1,1,0,1,1,0,1,1,1,1,1,0,0,1,0,1,0,0,0,1,1,0,0,0,1,0,1,0,1,0,0,0,1
1,1,0,0,0,1,1,1,1,0,1,0,0,1,0,1,1,1,0,0,0,0,0,0,0,1,1,0,0,0,1,1,0,0,0,0,1,0,0,1,0,1,0,1,0,0,0,1,1,0,0,1,0,0,0,0,1,1,1,1,0,0,1,0,0,0,0,0,1,0,0,1,0,1,0,0,0,0,1,0,1,0,0,0,0,0,1,0,0,0,1,0,0,0,0,1,0,1,0,0,0,0,0,0,0,0,0,1,1,0,0,1,1,1,1,0,0,1,0,0,1,0,0,1,1,1,0,1,1,0,0,0,1,0,0,0,1,0,0,1,0,1,0,0,0,1,1,0,0,0,1,1,0,1,0,0,0,1,0,1,0,1,0,0,0,1,0,0,1,0,0,0,0,1,0,1,1,0,1,1,0,1,0,1,1,0,1,0,1,1,0,0,1,0,0,1,1,1,1,0,0,0,0,1,0,0,0,1,1,0,0,0,1,0,1,0,1,0,0,0,1
0,0,0,1,0,1,1,0,0,0,1,0,1,1,1,0,0,0,0,0,0,0,0,0,0,0,0,0,0,0,1,0,0,1,0,1,0,0,1,1,0,1,0,1,0,0,0,1,0,0,0,1,1,1,1,0,1,1,1,0,0,0,0,1,1,0,0,0,1,0,0,1,0,0,0,1,0,0,0,0,0,0,0,1,0,1,1,0,1,0,1,0,0,0,0,0,1,1,0,1,0,0,0,0,0,1,0,0,0,0,0,1,1,1,0,1,1,1,1,0,0,0,1,1,0,0,0,1,1,0,0,0,0,0,0,1,1,0,0,1,0,0,0,1,0,1,1,1,0,1,0,0,0,1,0,0,1,0,0,1,1,0,0,1,1,1,0,0,1,0,1,0,1,1,1,1,1,1,0,0,1,1,0,0,0,1,1,1,0,1,0,1,0,0,0,1,1,1,1,0,0,1,0,0,0,1,1,0,1,0,0,1,0,0,0,0,1,0,0,1,0
0,1,0,1,0,1,1,0,0,0,1,0,1,1,1,0,0,1,1,0,0,0,0,0,0,0,1,0,0,0,1,0,0,1,0,1,0,0,1,1,0,1,0,1,0,0,0,1,0,0,0,1,1,1,1,0,1,1,1,0,0,0,1,1,1,0,0,0,1,0,0,1,0,0,0,1,0,0,0,0,0,0,0,1,0,1,1,0,1,0,1,0,0,0,0,0,1,1,0,1,0,0,0,0,0,1,0,0,0,0,0,1,1,1,0,1,1,1,1,0,0,0,1,1,0,0,0,1,1,0,0,0,0,0,0,1,1,0,0,1,0,0,0,1,0,1,1,1,0,1,0,0,0,1,0,0,1,0,0,1,1,0,0,1,1,1,0,0,1,0,0,0,1,1,1,1,1,1,0,0,1,1,0,0,0,1,1,1,0,1,0,1,0,0,0,1,1,1,1,0,0,1,0,0,0,1,1,0,1,0,0,1,0,0,0,0,1,0,0,1,0
0,1,0,1,0,1,1,0,0,0,1,0,1,1,1,0,0,1,1,0,0,0,0,0,0,0,1,0,0,0,1,0,0,1,0,1,0,0,1,1,0,1,0,1,0,0,0,1,0,0,0,1,1,1,1,0,1,1,1,0,0,0,0,1,1,0,0,0,1,0,0,1,0,0,0,1,0,0,0,0,0,0,0,1,0,1,1,0,1,0,1,0,0,0,0,0,1,1,0,1,0,0,0,0,0,1,0,0,0,0,0,1,1,1,0,1,1,1,1,0,0,0,1,1,0,0,0,1,1,0,0,0,0,0,0,1,1,0,0,1,0,0,0,1,0,1,1,1,0,1,0,0,0,1,0,0,1,0,0,1,1,0,0,1,1,1,0,0,1,0,1,1,0,1,1,1,1,1,0,0,1,1,0,0,0,1,1,1,0,1,0,1,0,0,0,1,1,1,1,0,0,1,0,0,0,1,1,0,1,0,0,1,0,0,0,0,1,0,0,1,0
0,0,0,1,0,0,0,0,0,0,1,1,0,0,1,1,1,1,0,0,0,0,0,0,0,1,1,0,0,0,0,0,0,1,0,0,1,0,1,0,0,0,0,0,1,1,0,0,0,0,0,0,0,1,1,0,0,0,0,1,1,1,0,0,1,1,0,1,0,0,1,0,1,0,0,1,0,0,0,1,0,0,0,1,0,0,0,1,1,1,0,1,0,0,0,0,1,0,0,1,0,1,0,0,1,0,1,0,0,1,1,0,0,0,0,1,1,0,1,0,0,1,0,0,0,0,0,0,0,0,1,1,0,0,0,1,0,0,1,0,0,0,0,1,1,0,0,1,0,0,0,0,0,0,0,1,0,0,0,0,1,0,0,1,0,0,0,0,0,0,0,0,0,0,0,0,1,1,0,0,1,0,0,0,0,0,0,0,0,0,0,0,0,0,0,1,1,0,0,0,0,0,0,0,0,0,1,0,0,0,0,1,0,0,0,1,0,1,0,1,0
0,1,0,1,0,1,1,0,0,0,1,0,1,1,1,0,0,1,1,0,0,0,0,0,0,0,1,0,0,0,1,0,0,1,0,1,0,0,1,1,0,1,0,1,0,0,0,1,0,0,0,1,1,1,1,0,1,1,1,0,0,0,1,1,1,0,0,0,1,0,0,1,0,0,0,1,0,0,0,0,0,0,0,1,0,1,1,0,1,0,1,0,0,0,0,0,1,1,0,1,0,0,0,0,0,1,0,0,0,0,0,1,1,1,0,1,1,1,1,0,0,0,1,1,0,0,0,1,1,0,0,0,0,0,0,1,1,0,0,1,0,0,0,1,0,1,1,1,0,1,0,0,0,1,0,0,1,0,0,1,1,0,0,1,1,1,0,0,1,0,1,1,0,1,1,1,1,1,0,0,1,1,0,0,0,1,1,1,0,1,0,1,0,0,0,1,1,1,1,0,0,1,0,0,0,1,1,0,1,0,0,1,0,0,0,0,1,0,0,1,0
0,1,0,1,0,1,1,0,0,0,1,0,1,1,1,0,0,1,1,0,0,0,0,0,0,0,1,0,0,0,1,0,0,1,0,1,0,0,1,1,0,1,0,1,0,0,0,1,0,0,0,1,1,1,1,0,1,1,1,0,0,0,1,1,1,0,0,0,1,0,0,1,0,0,0,1,0,0,0,0,0,0,0,1,0,1,1,0,1,0,1,0,0,0,0,0,1,1,0,1,0,0,0,0,0,1,0,0,0,0,0,1,1,1,0,1,1,1,1,0,0,0,1,1,0,0,0,1,1,0,0,0,0,0,0,1,1,0,0,1,0,0,0,1,0,1,1,1,0,1,0,0,0,1,0,0,1,0,0,1,1,0,0,1,1,1,0,0,1,0,1,1,0,1,1,1,1,1,0,0,1,1,0,0,0,1,1,1,0,1,0,1,0,0,0,1,1,1,1,0,0,1,0,0,0,1,1,0,1,0,0,1,0,0,0,0,1,0,0,1,0
0,0,0,1,0,0,0,0,0,1,0,0,0,0,0,1,1,1,1,0,0,1,0,0,0,1,1,0,0,0,0,0,1,1,0,0,0,0,1,0,1,0,0,0,1,1,1,0,0,0,0,0,0,1,1,0,0,0,0,1,1,1,0,0,1,1,0,1,0,0,1,0,1,0,0,1,0,0,0,1,0,0,0,1,0,0,0,1,1,1,0,1,0,0,0,0,1,0,1,0,1,1,0,0,1,0,1,0,0,1,1,0,0,0,0,1,0,0,1,1,0,1,0,0,0,0,0,0,0,0,1,1,0,0,0,1,0,1,1,0,0,0,1,1,1,0,0,1,0,0,0,0,0,0,0,1,0,0,0,0,1,0,0,1,0,0,0,0,0,0,0,0,0,0,0,0,1,1,0,0,1,0,0,0,0,0,0,0,0,0,0,0,0,0,0,1,1,0,0,0,0,0,0,0,0,0,0,0,0,0,0,1,0,0,0,0,0,0,0,1,0
0,1,0,1,0,1,1,0,0,0,1,0,1,1,1,0,0,1,1,0,0,1,1,0,0,0,1,0,1,0,1,0,0,1,0,1,0,0,1,1,0,1,0,1,0,0,0,1,0,0,0,1,1,1,1,0,1,1,1,0,0,0,1,1,1,0,0,0,1,0,0,1,0,0,0,1,0,0,0,0,0,0,0,1,0,1,1,0,1,0,1,0,0,0,0,0,1,1,0,1,0,0,0,0,0,1,0,0,0,0,0,1,1,1,0,1,1,1,1,0,0,0,1,1,0,0,0,1,1,0,0,0,0,0,0,1,1,0,0,1,0,0,0,1,0,1,1,1,0,1,0,0,0,1,0,0,1,0,0,1,1,0,0,1,1,1,0,0,1,0,0,0,1,1,1,1,1,1,0,0,1,1,0,0,0,1,1,1,0,1,0,1,0,0,0,1,1,1,1,0,0,1,0,0,0,1,1,0,1,0,0,1,0,0,0,0,1,0,0,1,0
0,0,0,1,0,1,1,0,0,0,1,0,1,1,1,0,0,0,0,0,0,0,0,0,0,0,0,0,0,0,1,0,0,1,0,1,0,0,1,1,0,1,0,1,0,0,0,1,0,0,0,1,1,1,1,0,1,1,1,0,0,0,1,1,1,0,0,0,1,0,0,1,0,0,0,1,0,0,0,0,0,0,0,1,0,1,1,0,1,0,1,0,0,0,0,0,1,1,0,1,0,0,0,0,0,1,0,0,0,0,0,1,1,1,0,1,1,1,1,0,0,0,1,1,0,0,0,1,1,0,0,0,0,0,0,1,1,0,0,1,0,0,0,1,0,1,1,1,0,1,0,0,0,1,0,0,1,0,0,1,1,0,0,1,1,1,0,0,1,0,1,0,1,1,1,1,1,1,0,0,1,1,0,0,0,1,1,1,0,1,0,1,0,0,0,1,1,1,1,0,0,1,0,0,0,1,1,0,1,0,0,1,0,0,0,0,1,0,0,1,0
0,1,0,0,0,1,1,0,0,0,1,1,0,0,0,1,1,1,1,0,0,1,0,0,0,0,1,0,0,0,1,0,0,0,0,0,1,0,0,1,0,1,0,1,0,0,0,1,1,0,0,1,0,0,0,0,0,1,1,0,0,0,1,0,0,0,0,0,1,0,0,1,0,1,0,0,0,0,0,0,1,0,0,0,0,0,0,0,1,0,1,0,0,0,0,1,0,1,0,0,0,0,0,0,0,0,0,1,0,0,0,1,1,1,1,0,0,1,1,0,1,0,0,1,0,1,0,1,1,0,0,0,1,0,0,0,1,0,0,1,0,1,0,0,0,1,1,1,0,0,0,0,0,1,0,0,0,1,0,1,1,1,0,1,0,1,0,0,1,0,0,0,0,1,0,1,1,0,0,1,0,1,0,1,1,0,1,0,1,1,0,0,1,1,0,1,1,1,1,0,0,0,0,1,1,0,1,1,1,1,0,0,1,0,1,0,1,1,0,0,1
0,0,0,1,0,0,0,0,0,1,0,0,0,0,0,1,1,1,1,0,0,1,0,0,0,1,1,0,0,0,0,0,1,1,0,0,0,0,1,0,1,0,0,0,1,1,1,0,0,0,0,0,0,1,1,0,0,0,0,1,1,1,0,0,1,1,0,1,0,0,1,0,1,0,0,1,0,0,0,1,0,0,0,1,0,0,0,1,1,1,0,1,0,0,0,0,1,0,1,1,1,1,0,0,1,0,1,0,0,1,1,0,0,0,0,1,1,0,1,1,0,1,0,0,0,0,0,0,0,0,1,1,0,0,0,1,0,1,1,0,0,0,1,1,1,0,0,1,0,0,0,0,0,0,0,1,0,0,0,0,1,0,0,1,0,0,0,0,0,0,0,0,0,0,0,0,1,1,0,0,1,0,0,0,0,0,0,0,0,0,0,0,0,0,0,1,1,0,0,0,0,0,0,0,0,0,0,0,0,0,0,1,0,0,0,0,0,0,0,1,0
0,0,0,1,0,1,1,0,0,0,1,0,1,1,1,0,0,0,0,0,0,0,0,0,0,0,0,0,0,0,1,0,0,1,0,1,0,0,1,1,0,1,0,1,0,0,0,1,0,0,0,1,1,1,1,0,1,1,1,0,0,0,1,1,1,0,0,0,1,0,0,1,0,0,0,1,0,0,0,0,0,0,0,1,0,1,1,0,1,0,1,0,0,0,0,0,1,1,0,1,0,0,0,0,0,1,0,0,0,0,0,1,1,1,0,1,1,1,1,0,0,0,1,1,0,0,0,1,1,0,0,0,0,0,0,1,1,0,0,1,0,0,0,1,0,1,1,1,0,1,0,0,0,1,0,0,1,0,0,1,1,0,0,1,1,1,0,0,1,0,0,0,1,1,1,1,1,1,0,0,1,1,0,0,0,1,1,1,0,1,0,1,0,0,0,1,1,1,1,0,0,1,0,0,0,1,1,0,1,0,0,1,0,0,0,0,1,0,0,1,0
0,0,0,1,0,1,1,0,0,0,1,0,1,1,1,0,0,0,0,0,0,0,0,0,0,0,0,0,0,0,1,0,0,1,0,1,0,0,1,1,0,1,0,1,0,0,0,1,0,0,0,1,1,1,1,0,1,1,1,0,0,0,1,1,1,0,0,0,1,0,0,1,0,0,0,1,0,0,0,0,0,0,0,1,0,1,1,0,1,0,1,0,0,0,0,0,1,1,0,1,0,0,0,0,0,1,0,0,0,0,0,1,1,1,0,1,1,1,1,0,0,0,1,1,0,0,0,1,1,0,0,0,0,0,0,1,1,0,0,1,0,0,0,1,0,1,1,1,0,1,0,0,0,1,0,0,1,0,0,1,1,0,0,1,1,1,0,0,1,0,1,0,1,1,1,1,1,1,0,0,1,1,0,0,0,1,1,1,0,1,0,1,0,0,0,1,1,1,1,0,0,1,0,0,0,1,1,0,1,0,0,1,0,0,0,0,1,0,0,1,0
0,0,0,1,0,1,0,0,0,0,0,0,0,0,0,1,1,1,1,0,0,1,0,0,0,1,1,0,0,0,1,0,0,1,1,0,0,0,1,1,0,0,1,1,1,1,0,0,1,0,0,0,0,1,1,0,0,0,0,1,1,1,0,0,1,1,0,1,0,1,1,0,1,0,0,1,0,0,0,1,0,0,0,1,0,0,0,1,1,1,0,1,0,0,0,0,1,0,0,1,0,1,0,0,1,0,1,0,0,1,1,0,0,0,0,1,1,1,1,0,0,1,0,0,0,0,0,1,1,0,1,1,0,0,0,1,0,0,1,0,0,0,0,1,1,0,0,1,0,0,0,0,1,1,0,1,0,0,0,0,1,0,0,1,0,1,1,0,1,0,0,0,0,0,0,1,1,1,0,0,1,0,1,0,0,0,1,0,0,1,0,1,0,0,0,1,1,1,0,0,0,1,1,0,0,0,0,0,0,0,0,1,0,0,0,0,0,0,1,1,0
0,1,0,1,0,1,1,0,0,0,1,0,1,1,1,0,0,1,1,0,0,0,0,0,0,0,1,0,0,0,1,0,0,1,0,1,0,0,1,1,0,1,0,1,0,0,0,1,0,0,0,1,1,1,1,0,1,1,1,0,0,0,1,1,1,0,0,0,1,0,0,1,0,0,0,1,0,0,0,0,0,0,0,1,0,1,1,0,1,0,1,0,0,0,0,0,1,1,0,1,0,0,0,0,0,1,0,0,0,0,0,1,1,1,0,1,1,1,1,0,0,0,1,1,0,0,0,1,1,0,0,0,0,0,0,1,1,0,0,1,0,0,0,1,0,1,1,1,0,1,0,0,0,1,0,0,1,0,0,1,1,0,0,1,1,1,0,0,1,0,0,0,1,1,1,1,1,1,0,0,1,1,0,0,0,1,1,1,0,1,0,1,0,0,0,1,1,1,1,0,0,1,0,0,0,1,1,0,1,0,0,1,0,0,0,0,1,0,0,1,0
0,0,0,1,0,0,0,0,0,1,1,1,0,0,1,1,1,1,0,0,0,0,0,0,0,1,1,0,0,0,0,0,1,1,0,0,1,0,1,0,1,0,0,0,1,1,1,0,0,0,0,0,0,1,1,0,0,0,0,1,1,1,0,0,1,1,0,1,0,0,1,0,1,0,0,1,0,0,0,1,0,0,0,1,0,0,0,1,1,1,0,1,0,0,0,0,1,0,1,1,1,1,0,0,1,0,1,0,0,1,1,0,0,0,0,1,1,0,1,1,0,1,0,0,0,0,0,0,0,0,1,1,0,0,0,1,0,1,1,0,0,0,1,1,1,0,0,1,0,0,0,0,0,0,0,1,0,0,0,0,1,0,0,1,0,0,0,0,0,0,0,0,0,0,0,0,1,1,0,0,1,0,0,0,0,0,0,0,0,0,0,0,0,0,0,1,1,0,0,0,0,0,0,0,0,0,1,0,0,0,0,1,0,0,0,1,0,1,0,1,0
0,0,0,1,0,0,0,0,0,1,0,0,0,0,0,1,1,1,1,0,0,1,0,0,0,1,1,0,0,0,0,0,1,1,0,0,0,0,1,0,1,0,0,0,1,1,1,0,0,0,0,0,0,1,1,0,0,0,0,1,1,1,0,0,1,1,0,1,0,0,1,0,1,0,0,1,0,0,0,1,0,0,0,1,0,0,0,1,1,1,0,1,0,0,0,0,1,0,1,1,1,1,0,0,1,0,1,0,0,1,1,0,0,0,0,1,1,0,1,1,0,1,0,0,0,0,0,0,0,0,1,1,0,0,0,1,0,1,1,0,0,0,1,1,1,0,0,1,0,0,0,0,0,0,0,1,0,0,0,0,1,0,0,1,0,0,0,0,0,0,0,0,0,0,0,0,1,1,0,0,1,0,0,0,0,0,0,0,0,0,0,0,0,0,0,1,1,0,0,0,0,0,0,0,0,0,0,0,0,0,0,1,0,0,0,0,0,0,0,1,0
0,0,0,1,0,0,0,0,0,1,1,1,0,0,1,1,1,1,0,0,0,0,0,0,0,1,1,0,0,0,0,0,1,1,0,0,1,0,1,0,1,0,0,0,1,1,1,0,0,0,0,0,0,1,1,0,0,0,0,1,1,1,0,0,1,1,0,1,0,0,1,0,1,0,0,1,0,0,0,1,0,0,0,1,0,0,0,1,1,1,0,1,0,0,0,0,1,0,1,0,1,1,0,0,1,0,1,0,0,1,1,0,0,0,0,1,0,0,1,1,0,1,0,0,0,0,0,0,0,0,1,1,0,0,0,1,0,1,1,0,0,0,1,1,1,0,0,1,0,0,0,0,0,0,0,1,0,0,0,0,1,0,0,1,0,0,0,0,0,0,0,0,0,0,0,0,1,1,0,0,1,0,0,0,0,0,0,0,0,0,0,0,0,0,0,1,1,0,0,0,0,0,0,0,0,0,1,0,0,0,0,1,0,0,0,1,0,1,0,1,0
0,1,0,1,0,1,1,0,0,0,1,0,1,1,1,0,0,1,1,0,0,0,0,0,0,0,1,0,0,0,1,0,0,1,0,1,0,0,1,1,0,1,0,1,0,0,0,1,0,0,0,1,1,1,1,0,1,1,1,0,0,0,1,1,1,0,0,0,1,0,0,1,0,0,0,1,0,0,0,0,0,0,0,1,0,1,1,0,1,0,1,0,0,0,0,0,1,1,0,1,0,0,0,0,0,0,0,0,0,0,0,1,1,1,0,1,1,1,1,0,0,0,1,1,0,0,0,1,1,0,0,0,0,0,0,1,1,0,0,1,0,0,0,1,0,1,1,1,0,1,0,0,0,1,0,0,1,0,0,1,1,0,0,1,1,1,0,0,1,0,1,1,0,1,1,1,1,1,0,0,1,1,0,0,0,1,1,1,0,1,0,1,0,0,0,1,1,1,1,0,0,1,0,0,0,1,1,0,1,0,0,1,0,0,0,0,1,0,0,1,0
0,1,0,1,0,1,1,0,0,0,1,0,1,1,1,0,0,1,1,0,0,0,0,0,0,0,1,0,0,0,1,0,0,1,0,1,0,0,1,1,0,1,0,1,0,0,0,1,0,0,0,1,1,1,1,0,1,1,1,0,0,0,1,1,1,0,0,0,1,0,0,1,0,0,0,1,0,0,0,0,0,0,0,1,0,1,1,0,1,0,1,0,0,0,0,0,1,1,0,1,0,0,0,0,0,0,0,0,0,0,0,1,1,1,0,1,1,1,1,0,0,0,1,1,0,0,0,1,1,0,0,0,0,0,0,1,1,0,0,1,0,0,0,1,0,1,1,1,0,1,0,0,0,1,0,0,1,0,0,1,1,0,0,1,1,1,0,0,1,0,1,1,0,1,1,1,1,1,0,0,1,1,0,0,0,1,1,1,0,1,0,1,0,0,0,1,1,1,1,0,0,1,0,0,0,1,1,0,1,0,0,1,0,0,0,0,1,0,0,1,0
0,1,0,1,0,1,1,0,0,0,1,0,1,1,1,0,0,1,1,0,0,0,0,0,0,0,1,0,0,0,1,0,0,1,0,1,0,0,1,1,0,1,0,1,0,0,0,1,0,0,0,1,1,1,1,0,1,1,1,0,0,0,0,1,1,0,0,0,1,0,0,1,0,0,0,1,0,0,0,0,0,0,0,1,0,1,1,0,1,0,1,0,0,0,0,0,1,1,0,1,0,0,0,0,0,1,0,0,0,0,0,1,1,1,0,1,1,1,1,0,0,0,1,1,0,0,0,1,1,0,0,0,0,0,0,1,1,0,0,1,0,0,0,1,0,1,1,1,0,1,0,0,0,1,0,0,1,0,0,1,1,0,0,1,1,1,0,0,1,0,1,1,0,1,1,1,1,1,0,0,1,1,0,0,0,1,1,1,0,1,0,1,0,0,0,1,1,1,1,0,0,1,0,0,0,1,1,0,1,0,0,1,0,0,0,0,1,0,0,1,0
0,0,0,1,0,1,1,0,0,0,1,0,1,1,1,0,0,0,0,0,0,0,0,0,0,0,0,0,0,0,1,0,0,1,0,1,0,0,1,1,0,1,0,1,0,0,0,1,0,0,0,1,1,1,1,0,1,1,1,0,0,0,0,1,1,0,0,0,1,0,0,1,0,0,0,1,0,0,0,0,0,0,0,1,0,1,1,0,1,0,1,0,0,0,0,0,1,1,0,1,0,0,0,0,0,1,0,0,0,0,0,1,1,1,0,1,1,1,1,0,0,0,1,1,0,0,0,1,1,0,0,0,0,0,0,1,1,0,0,1,0,0,0,1,0,1,1,1,0,1,0,0,0,1,0,0,1,0,0,1,1,0,0,1,1,1,0,0,1,0,1,0,1,1,1,1,1,1,0,0,1,1,0,0,0,1,1,1,0,1,0,1,0,0,0,1,1,1,1,0,0,1,0,0,0,1,1,0,1,0,0,1,0,0,0,0,1,0,0,1,0
0,1,0,1,0,1,1,0,0,0,1,0,1,1,1,0,0,1,1,0,0,1,1,0,0,0,1,0,1,0,1,0,0,1,0,1,0,0,1,1,0,1,0,1,0,0,0,1,0,0,0,1,1,1,1,0,1,1,1,0,0,0,1,1,1,0,0,0,1,0,0,1,0,0,0,1,0,0,0,0,0,0,0,1,0,1,1,0,1,0,1,0,0,0,0,0,1,1,0,1,0,0,0,0,0,1,0,0,0,0,0,1,1,1,0,1,1,1,1,0,0,0,1,1,0,0,0,1,1,0,0,0,0,0,0,1,1,0,0,1,0,0,0,1,0,1,1,1,0,1,0,0,0,1,0,0,1,0,0,1,1,0,0,1,1,1,0,0,1,0,0,0,1,1,1,1,1,1,0,0,1,1,0,0,0,1,1,1,0,1,0,1,0,0,0,1,1,1,1,0,0,1,0,0,0,1,1,0,1,0,0,1,0,0,0,0,1,0,0,1,0
0,0,0,1,0,0,0,0,0,1,1,1,0,0,1,1,1,1,0,0,0,0,0,0,0,1,1,0,0,0,0,0,1,1,0,0,1,0,1,0,1,0,0,0,1,1,1,0,0,0,0,0,0,1,1,0,0,0,0,1,1,1,0,0,1,1,0,1,0,0,1,0,1,0,0,1,0,0,0,1,0,0,0,1,0,0,0,1,1,1,0,1,0,0,0,0,1,0,1,1,1,1,0,0,1,0,1,0,0,1,1,0,0,0,0,1,1,0,1,1,0,1,0,0,0,0,0,0,0,0,1,1,0,0,0,1,0,1,1,0,0,0,1,1,1,0,0,1,0,0,0,0,0,0,0,1,0,0,0,0,1,0,0,1,0,0,0,0,0,0,0,0,0,0,0,0,1,1,0,0,1,0,0,0,0,0,0,0,0,0,0,0,0,0,0,1,1,0,0,0,0,0,0,0,0,0,1,0,0,0,0,1,0,0,0,1,0,1,0,1,0
0,1,1,1,0,1,1,0,0,0,1,0,1,1,1,0,0,1,1,0,0,1,1,1,0,0,1,0,1,1,1,0,0,1,0,1,0,0,1,1,0,1,0,1,0,0,0,1,0,0,0,1,1,1,1,0,1,1,1,0,0,0,1,1,1,0,0,0,1,0,0,1,0,0,0,1,0,0,0,0,0,0,0,1,0,1,1,0,1,0,1,0,0,0,0,0,1,1,0,1,0,0,0,0,0,0,0,0,0,0,0,1,1,1,0,1,1,1,1,0,0,0,1,1,0,0,0,1,1,0,0,0,0,0,0,1,1,0,0,1,0,0,0,1,0,1,1,1,0,1,0,0,0,1,0,0,1,0,0,1,1,0,0,1,1,1,0,0,1,0,1,1,0,1,1,1,1,1,0,0,1,1,0,0,0,1,1,1,0,1,0,1,0,0,0,1,1,1,1,0,0,1,0,0,0,1,1,0,1,0,0,1,0,0,0,0,1,0,0,1,0
0,0,0,1,0,0,0,0,0,1,0,0,0,0,0,1,1,1,1,0,0,1,0,0,0,1,1,0,0,0,0,0,1,1,0,0,0,0,1,0,1,0,0,0,1,1,1,0,0,0,0,0,0,1,1,0,0,0,0,1,1,1,0,0,1,1,0,1,0,0,1,0,1,0,0,1,0,0,0,1,0,0,0,1,0,0,0,1,1,1,0,1,0,0,0,0,1,0,1,1,1,1,0,0,1,0,1,0,0,1,1,0,0,0,0,1,1,0,1,1,0,1,0,0,0,0,0,0,0,0,1,1,0,0,0,1,0,1,1,0,0,0,1,1,1,0,0,1,0,0,0,0,0,0,0,1,0,0,0,0,1,0,0,1,0,0,0,0,0,0,0,0,0,0,0,0,1,1,0,0,1,0,0,0,0,0,0,0,0,0,0,0,0,0,0,1,1,0,0,0,0,0,0,0,0,0,0,0,0,0,0,1,0,0,0,0,0,0,0,1,0
0,0,0,1,0,0,0,0,0,1,1,1,0,0,1,1,1,1,0,0,0,0,0,0,0,1,1,0,0,0,0,0,1,1,0,0,1,0,1,0,1,0,0,0,1,1,1,0,0,0,0,0,0,1,1,0,0,0,0,1,1,1,0,0,1,1,0,1,0,0,1,0,1,0,0,1,0,0,0,1,0,0,0,1,0,0,0,1,1,1,0,1,0,0,0,0,1,0,1,1,1,1,0,0,1,0,1,0,0,1,1,0,0,0,0,1,1,0,1,1,0,1,0,0,0,0,0,0,0,0,1,1,0,0,0,1,0,1,1,0,0,0,1,1,1,0,0,1,0,0,0,0,0,0,0,1,0,0,0,0,1,0,0,1,0,0,0,0,0,0,0,0,0,0,0,0,1,1,0,0,1,0,0,0,0,0,0,0,0,0,0,0,0,0,0,1,1,0,0,0,0,0,0,0,0,0,1,0,0,0,0,1,0,0,0,1,0,1,0,1,0
0,0,0,1,0,1,0,0,0,0,0,0,0,0,0,1,1,1,0,0,1,1,0,0,0,1,0,0,0,0,1,0,0,1,0,0,0,0,1,0,0,0,1,1,1,1,0,0,1,0,0,0,0,1,1,0,0,1,0,0,0,1,0,0,1,1,0,1,1,0,1,0,1,0,0,1,0,0,0,1,0,0,0,1,0,0,0,1,1,1,1,1,0,0,0,0,1,1,0,0,0,1,0,0,1,0,1,0,0,1,1,0,1,0,0,1,0,1,1,0,0,1,0,1,0,0,0,1,1,0,0,1,0,0,0,1,1,0,1,1,0,0,0,1,1,1,1,1,0,1,1,0,0,1,1,1,0,0,0,1,1,0,1,1,0,1,1,0,1,0,0,0,0,1,0,1,1,1,0,0,1,1,0,0,0,0,1,0,0,1,0,1,0,0,0,1,1,1,0,0,0,1,1,0,0,0,0,0,0,0,0,0,0,0,0,0,0,0,0,1,0
0,0,0,1,0,1,0,0,0,0,0,0,0,0,0,1,1,1,1,0,0,1,0,0,0,1,1,0,0,0,1,0,0,1,0,0,0,0,1,1,0,0,0,1,1,1,0,0,1,0,0,1,0,1,1,0,0,1,1,1,1,1,0,0,1,1,0,1,1,0,1,0,1,0,0,1,0,0,0,1,0,0,0,1,0,0,0,1,1,1,1,1,0,0,0,0,1,1,0,1,0,1,0,0,1,0,1,0,0,1,1,0,1,1,0,1,1,1,1,0,0,1,0,1,0,0,0,1,1,0,1,1,0,0,0,1,1,0,1,1,0,0,0,1,1,1,1,1,0,0,0,0,0,1,0,1,0,0,0,1,1,0,0,1,0,1,1,0,1,0,0,0,0,1,0,1,1,1,0,0,1,1,0,0,0,0,1,0,0,1,0,1,0,0,0,1,1,1,0,0,0,1,1,0,0,0,0,0,0,0,1,1,0,0,0,0,0,0,1,1,0
0,1,0,1,0,1,0,0,0,0,0,0,0,0,0,1,1,1,1,1,1,1,0,1,0,1,1,0,1,0,1,0,0,0,0,0,1,0,1,0,0,1,1,1,1,1,0,1,1,0,0,0,0,1,1,0,0,1,0,1,1,1,1,0,0,0,0,0,1,0,1,0,1,0,0,1,0,0,0,1,0,0,0,1,0,0,0,0,1,0,1,0,0,0,0,0,0,1,0,1,0,0,0,0,1,0,1,0,0,1,1,1,1,1,0,1,1,1,1,0,0,1,0,1,0,0,0,1,1,0,1,0,0,0,0,0,1,0,0,1,0,0,0,1,0,1,1,1,0,1,1,0,0,1,1,0,0,0,0,1,1,0,1,1,0,1,0,0,1,0,0,0,0,1,0,1,1,0,0,0,1,1,0,0,0,0,1,1,0,1,0,1,0,0,0,1,0,1,1,0,0,1,0,0,0,0,0,0,0,0,0,0,0,0,0,0,0,0,0,0,0
0,1,0,1,1,0,0,0,0,0,0,0,0,0,0,1,1,1,1,1,1,1,0,1,0,1,1,0,1,0,0,0,0,1,0,0,1,0,1,0,0,1,0,0,1,1,0,1,0,0,0,0,1,1,1,1,0,0,0,1,1,1,1,1,1,0,0,0,0,0,1,0,1,0,0,1,1,0,0,1,0,0,0,1,1,0,0,0,1,0,0,0,0,0,0,0,1,0,0,1,0,0,1,0,1,1,1,0,0,1,1,1,0,0,0,1,1,0,1,0,0,1,1,0,0,0,0,0,0,0,1,0,0,0,0,1,0,0,0,0,1,0,0,1,0,0,0,1,0,0,0,0,0,0,0,0,0,0,0,0,1,0,0,1,0,0,0,0,0,0,1,0,0,0,1,0,1,1,0,0,1,0,0,0,0,0,0,0,0,0,0,0,0,0,0,1,0,0,0,0,0,0,0,0,0,0,0,0,0,0,0,0,0,0,0,0,0,0,0,0,0
0,0,0,1,0,1,0,0,0,0,0,0,0,0,0,1,1,1,0,0,1,1,0,0,0,1,1,0,0,0,1,0,0,1,0,0,0,0,1,0,0,0,1,1,1,1,0,0,1,0,0,0,0,1,1,0,0,1,0,1,1,1,0,0,1,1,0,1,1,0,1,0,1,0,0,1,0,0,0,1,0,0,0,1,0,0,0,1,1,1,1,1,0,0,0,0,1,1,0,1,0,1,0,0,1,0,1,0,0,1,1,0,1,0,0,1,1,1,1,0,0,1,0,1,0,0,0,1,1,0,1,1,0,0,0,1,1,0,1,1,0,0,0,1,1,1,1,1,0,1,1,0,0,1,1,1,0,0,0,1,1,0,1,1,0,1,1,0,1,0,0,0,0,1,0,1,1,1,0,0,1,1,0,0,0,0,1,0,0,1,0,1,0,0,0,1,1,1,0,0,0,1,1,0,0,0,0,0,0,0,0,1,0,0,0,0,0,0,0,1,0
0,0,0,1,0,1,0,0,0,0,0,0,0,0,0,1,1,1,0,1,1,1,0,0,0,1,1,1,0,0,1,0,0,1,0,0,0,0,1,0,0,1,1,1,1,1,0,1,1,1,1,0,0,1,1,0,0,1,0,1,1,1,0,0,1,1,0,1,1,0,1,0,1,0,1,1,0,0,0,1,0,1,1,1,0,0,0,1,1,1,1,1,0,0,1,0,1,1,0,1,0,1,0,1,1,0,1,0,0,1,1,1,1,0,0,1,1,1,1,0,0,1,0,1,0,0,1,1,1,0,1,1,0,0,0,1,1,0,1,1,0,0,0,1,1,1,1,1,1,1,1,0,0,1,1,1,0,0,0,1,1,0,1,1,0,1,1,0,1,0,0,0,0,1,0,1,1,1,0,0,1,1,0,0,0,0,1,0,0,1,0,1,0,0,0,1,1,1,0,0,0,1,1,0,0,0,0,0,0,0,0,0,0,0,0,0,0,0,0,0,0
1,1,0,1,1,0,0,0,0,0,0,0,0,0,0,1,1,1,1,1,1,1,0,1,0,1,1,0,1,0,0,0,0,1,0,0,1,0,1,0,0,1,0,0,1,1,0,1,0,0,0,0,1,1,1,1,0,0,0,1,1,1,1,1,1,0,0,0,0,0,1,0,1,0,0,1,1,0,0,1,0,0,0,1,1,0,0,0,1,0,0,0,0,0,0,0,1,0,0,1,0,0,1,0,1,1,1,0,0,1,1,1,0,0,0,1,1,0,1,0,0,1,1,0,0,0,0,0,0,0,1,0,0,0,0,1,0,0,0,0,1,0,0,1,0,0,0,1,0,0,0,0,0,0,0,0,0,0,0,0,1,0,0,1,0,0,0,0,0,0,1,0,0,0,1,0,1,1,0,0,1,0,0,0,0,0,0,0,0,0,0,0,0,0,0,1,1,0,0,0,0,0,0,0,0,0,1,0,0,1,0,0,0,0,0,0,0,1,0,0,0
0,0,0,1,0,0,0,0,0,0,0,0,0,0,0,1,1,1,1,0,0,1,0,0,0,1,0,0,0,0,0,0,0,1,0,0,0,0,1,0,0,0,0,0,1,1,0,0,0,0,0,0,0,1,1,0,0,0,0,0,0,1,0,0,1,1,0,1,0,0,1,0,1,0,0,1,0,0,0,1,0,0,0,1,0,0,0,1,1,1,0,1,0,0,0,0,1,0,0,0,0,1,0,0,1,0,1,0,0,1,1,0,0,0,0,1,0,0,1,0,0,1,0,0,0,0,0,0,0,0,0,1,0,0,0,1,0,0,1,0,0,0,0,1,1,0,0,1,0,0,0,0,0,0,0,1,0,0,0,0,1,0,0,1,0,0,0,0,0,0,0,0,0,0,0,0,1,1,0,0,1,0,0,0,0,0,0,0,0,0,0,0,0,0,0,1,1,0,0,0,0,0,0,0,0,0,0,0,0,0,0,0,0,0,0,0,0,0,0,1,0
0,1,0,1,1,0,0,0,0,0,0,0,0,0,0,1,1,1,1,1,1,1,1,1,1,1,1,0,1,1,0,0,0,1,0,0,1,0,1,0,0,1,0,0,1,1,0,1,0,0,0,0,1,1,1,1,0,0,0,1,1,1,1,1,1,0,0,0,0,0,1,0,1,0,0,1,1,0,0,1,0,0,0,1,1,0,0,0,1,0,0,0,0,0,0,0,1,0,0,1,0,0,1,0,1,1,1,0,0,1,1,1,0,0,0,1,1,0,1,0,0,1,1,0,0,0,0,0,0,0,1,0,0,0,0,1,0,0,0,0,1,0,0,1,0,0,0,1,0,0,0,0,0,0,0,0,0,0,0,0,1,0,0,1,0,0,0,0,0,0,1,0,0,0,1,0,1,1,0,0,1,0,0,0,0,0,0,0,0,0,0,0,0,0,0,1,1,0,0,0,0,0,0,0,0,0,1,0,0,1,0,1,0,1,0,1,0,1,0,1,0
0,0,0,1,0,0,0,0,0,0,0,0,0,0,0,1,1,1,1,0,0,1,0,0,0,1,1,0,0,0,0,0,0,1,0,0,0,0,1,0,0,0,0,0,1,1,0,0,0,0,0,1,0,1,1,0,0,0,0,1,1,1,0,0,1,1,0,1,0,0,1,0,1,0,0,1,0,0,0,1,0,0,0,1,0,0,0,1,1,1,0,1,0,0,0,0,1,0,0,1,0,1,0,0,1,0,1,0,0,1,1,0,0,0,0,1,1,0,1,0,0,1,0,0,0,0,0,0,0,0,1,1,0,0,0,1,0,0,1,0,0,0,0,1,1,0,0,1,0,0,0,0,0,0,0,1,0,0,0,0,1,0,0,1,0,0,0,0,0,0,0,0,0,0,0,0,1,1,0,0,1,0,0,0,0,0,0,0,0,0,0,0,0,0,0,1,1,0,0,0,0,0,0,0,0,0,1,0,0,1,0,1,0,0,0,0,0,1,0,1,0
0,0,0,1,0,1,0,0,0,1,0,0,0,0,0,1,1,1,0,0,1,1,0,0,0,1,1,0,0,0,1,0,1,1,0,0,0,0,1,0,1,0,1,1,1,1,1,0,1,0,0,0,0,1,1,0,0,1,0,1,1,1,0,0,1,1,0,1,1,0,1,0,1,0,0,1,0,0,0,1,0,0,0,1,0,0,0,1,1,1,1,1,0,0,0,0,1,1,1,1,1,1,0,0,1,0,1,0,0,1,1,0,1,0,0,1,1,1,1,1,0,1,0,1,0,0,0,1,1,0,1,1,0,0,0,1,1,1,1,1,0,0,1,1,1,1,1,1,0,1,1,0,0,1,1,1,0,0,0,1,1,0,1,1,0,1,1,0,1,0,0,0,0,1,0,1,1,1,0,0,1,1,0,0,0,0,1,0,0,1,0,1,0,0,0,1,1,1,0,0,0,1,1,0,0,0,0,0,0,0,0,1,0,0,0,0,0,0,0,1,0
0,1,0,1,1,0,0,0,0,0,1,1,0,0,0,1,1,1,1,1,1,1,0,1,0,1,1,0,1,0,0,0,0,1,0,0,1,0,1,0,0,1,0,0,0,0,0,1,0,0,0,0,1,1,0,0,0,0,0,0,0,0,1,0,1,0,0,0,0,0,1,0,1,0,0,1,1,0,0,1,0,0,0,1,1,0,0,1,1,0,0,0,0,1,0,0,0,0,0,1,0,0,0,0,1,0,1,0,0,1,1,1,0,0,0,1,1,0,1,0,0,1,0,0,0,0,0,0,0,0,1,0,0,0,0,0,0,0,0,0,0,0,0,1,0,0,0,1,0,0,0,0,0,0,0,0,0,0,0,0,1,0,0,1,0,0,0,0,0,0,1,0,0,0,0,0,1,0,0,0,1,0,0,0,0,0,0,0,0,0,0,0,0,0,0,1,1,0,0,0,0,0,0,0,0,0,1,0,0,1,0,0,0,0,0,0,0,1,0,0,0
0,0,0,1,0,0,0,0,0,0,0,0,0,0,0,1,1,1,1,0,0,1,0,0,0,1,1,0,0,0,0,0,0,1,0,0,0,0,1,0,0,0,0,0,1,1,0,0,0,0,0,0,0,1,1,0,0,0,0,1,1,1,0,0,1,1,0,1,0,0,1,0,1,0,0,1,0,0,0,1,0,0,0,1,0,0,0,1,1,1,0,1,0,0,0,0,1,0,0,1,0,1,0,0,1,0,1,0,0,1,1,0,0,0,0,1,1,0,1,0,0,1,0,0,0,0,0,0,0,0,1,1,0,0,0,1,0,0,1,0,0,0,0,1,1,0,0,1,0,0,0,0,0,0,0,1,0,0,0,0,1,0,0,1,0,0,0,0,0,0,0,0,0,0,0,0,1,1,0,0,1,0,0,0,0,0,0,0,0,0,0,0,0,0,0,1,1,0,0,0,0,0,0,0,0,0,0,0,0,0,0,1,0,0,0,0,0,0,0,1,0
0,0,0,1,0,0,0,0,0,0,0,0,0,0,0,1,1,1,0,1,1,1,0,0,0,1,1,1,0,0,0,0,0,1,0,0,0,0,1,0,0,1,0,0,1,1,0,1,0,1,1,0,1,1,1,1,0,0,0,1,0,1,0,0,1,1,0,1,0,0,1,0,1,0,1,1,1,0,0,1,0,1,1,1,1,0,0,1,1,1,0,1,1,1,1,0,1,0,0,1,0,1,1,1,1,0,1,0,0,1,1,1,0,0,0,1,1,0,1,0,0,1,1,0,0,0,0,0,0,0,1,1,0,0,0,1,0,0,1,0,1,0,0,1,1,0,0,1,0,0,0,0,0,0,0,1,0,0,0,0,1,0,0,1,1,0,0,0,0,0,0,0,0,0,1,0,1,1,0,0,1,0,0,0,0,1,0,0,0,0,0,0,0,0,0,1,1,0,0,0,0,0,0,0,0,0,0,0,0,0,0,0,0,0,0,0,0,0,0,1,0
0,0,0,1,0,0,0,0,0,0,1,1,0,0,0,1,1,1,0,0,0,0,0,0,0,1,0,0,0,0,0,0,0,1,0,0,0,0,1,0,0,0,0,0,1,1,0,0,0,0,0,0,0,1,1,0,0,0,0,0,0,1,0,0,1,1,0,1,0,0,1,0,1,0,0,1,0,0,0,1,0,0,0,1,0,0,0,1,1,1,0,1,0,0,0,0,1,0,0,0,0,1,0,0,1,0,1,0,0,1,1,0,0,0,0,1,0,0,1,0,0,1,0,0,0,0,0,0,0,0,0,1,0,0,0,1,0,0,1,0,0,0,0,1,1,0,0,1,0,0,0,0,0,0,0,1,0,0,0,0,1,0,0,1,0,0,0,0,0,0,0,0,0,0,0,0,1,1,0,0,1,0,0,0,0,0,0,0,0,0,0,0,0,0,0,1,1,0,0,0,0,0,0,0,0,0,0,0,0,0,0,0,0,0,0,0,0,0,0,1,0
0,0,0,1,0,1,0,0,0,0,0,0,0,0,0,1,1,1,0,1,1,1,0,0,0,1,1,1,0,0,1,0,0,1,0,0,0,0,1,0,0,1,1,1,0,1,0,1,1,1,1,0,1,1,1,1,0,1,0,1,0,1,0,0,1,1,0,1,1,0,1,0,0,0,1,1,1,0,0,1,0,1,1,1,1,0,0,1,1,1,1,1,1,1,1,0,1,1,0,1,0,1,1,1,1,0,1,0,0,1,1,1,1,0,0,1,1,1,1,0,0,1,1,1,0,0,0,1,1,0,1,1,0,0,0,1,1,0,1,1,1,0,0,1,1,1,1,1,0,1,1,0,0,1,1,1,0,0,0,1,1,0,1,1,1,1,1,0,1,0,0,0,0,1,1,1,1,1,0,0,1,1,0,0,0,1,1,0,0,1,0,1,0,0,0,1,1,1,0,0,0,1,1,0,0,0,0,0,0,0,0,0,0,0,0,0,0,0,0,0,0
0,0,0,1,0,0,0,0,0,0,0,0,0,0,0,1,1,1,0,1,1,1,0,0,0,1,1,1,0,0,0,0,0,1,0,0,0,0,1,0,0,1,0,0,1,1,0,1,0,1,1,0,0,1,1,0,0,0,0,1,1,1,0,0,1,1,0,1,0,0,1,0,1,0,1,1,0,0,0,1,0,1,1,1,0,0,0,1,1,1,0,1,0,0,1,0,1,0,0,1,0,1,0,1,1,0,1,0,0,1,1,1,0,0,0,1,1,0,1,0,0,1,0,0,0,0,1,0,0,0,1,1,0,0,0,1,0,0,1,0,0,0,0,1,1,0,0,1,1,0,0,0,0,0,0,1,0,0,0,0,1,0,0,1,0,0,0,0,0,0,0,0,0,0,0,0,1,1,0,0,1,0,0,0,0,0,0,0,0,0,0,0,0,0,0,1,1,0,0,0,0,0,0,0,0,0,0,0,0,0,0,0,0,0,0,0,0,0,0,1,0
0,1,0,1,0,0,0,0,1,0,0,0,0,0,0,1,1,1,1,1,1,1,0,1,0,1,1,0,1,0,0,1,0,0,0,0,1,0,1,0,0,1,0,0,1,1,0,1,0,0,0,0,0,1,1,0,0,0,0,1,1,1,1,0,0,0,0,0,0,0,1,0,1,0,0,1,0,0,0,1,0,0,0,1,0,0,0,0,1,0,0,0,0,0,0,0,0,0,0,1,0,0,0,0,1,0,1,0,0,1,1,1,0,0,0,1,1,0,1,0,0,1,0,0,0,0,0,0,0,0,1,0,0,0,0,0,0,0,0,0,0,0,0,1,0,0,0,1,0,0,0,0,0,0,0,0,0,0,0,0,1,0,0,1,0,0,0,0,0,0,0,0,0,0,0,0,1,0,0,0,1,0,0,0,0,0,0,0,0,0,0,0,0,0,0,1,0,0,0,0,0,0,0,0,0,0,0,0,0,0,0,0,0,0,0,0,0,0,0,0,0
0,0,0,1,0,1,1,0,0,0,0,0,0,0,0,1,1,1,0,0,1,1,0,0,0,1,1,0,0,0,1,0,0,1,0,0,0,0,1,1,0,0,1,1,1,1,0,0,1,0,0,1,0,1,1,0,0,1,1,1,1,1,0,0,1,1,0,1,1,0,1,0,1,0,0,1,0,0,0,1,0,0,0,1,0,0,0,1,1,1,1,1,0,0,0,0,1,1,0,1,0,1,0,0,1,0,1,0,0,1,1,0,1,1,0,1,1,1,1,0,0,1,0,1,0,0,0,1,1,0,1,1,0,0,0,1,1,0,1,1,0,0,0,1,1,1,1,1,0,1,1,0,0,1,1,1,0,0,0,1,1,0,1,1,0,1,1,0,1,0,0,0,0,1,0,1,1,1,0,0,1,1,0,0,0,0,1,0,0,1,1,1,0,0,0,1,1,1,0,1,1,1,1,0,0,0,0,0,0,0,1,1,0,0,0,0,0,0,1,1,0
0,0,0,1,0,1,0,0,0,0,0,0,0,0,0,1,1,1,0,0,1,1,0,0,0,1,1,0,0,0,1,0,0,1,0,0,0,0,1,0,0,0,1,1,1,1,0,0,1,0,0,0,0,1,1,0,0,1,0,1,1,1,0,0,1,1,0,1,1,0,1,0,1,0,0,1,0,0,0,1,0,0,0,1,0,0,0,1,1,1,1,1,0,0,0,0,1,1,0,1,0,1,0,0,1,0,1,0,0,1,1,0,1,0,0,1,1,1,1,0,0,1,0,1,0,0,0,1,1,0,1,1,0,0,0,1,1,0,1,1,0,0,0,1,1,1,1,1,0,1,1,0,0,1,1,1,0,0,0,1,1,0,1,1,0,1,1,0,1,0,0,0,0,1,0,1,1,1,0,0,1,1,0,0,0,0,1,0,0,1,0,1,0,0,0,1,1,1,0,0,0,1,1,0,0,0,0,0,0,0,0,1,0,0,0,0,0,0,0,1,0
0,1,0,1,1,0,0,0,0,0,0,0,0,0,0,1,1,1,1,1,1,1,0,1,0,1,1,0,1,0,0,0,0,1,0,0,1,0,1,0,0,1,0,0,0,0,0,1,0,0,0,1,1,1,0,0,0,0,0,0,0,0,1,0,1,0,0,0,0,0,1,0,1,0,0,1,1,0,0,1,0,0,0,1,1,0,0,1,1,0,0,0,0,1,0,0,0,0,0,1,0,0,0,0,1,0,1,0,0,1,1,1,0,0,0,1,1,0,1,0,0,1,0,0,0,0,0,0,0,0,1,0,0,0,0,0,0,0,0,0,0,0,0,1,0,0,0,1,0,0,0,0,0,0,0,0,0,0,0,0,1,0,0,1,0,0,0,0,0,0,1,0,0,0,0,0,1,0,0,0,1,0,0,0,0,0,0,0,0,0,0,0,0,0,0,1,1,0,0,0,0,0,0,0,0,0,0,0,0,0,0,0,0,0,0,0,0,0,0,0,0
1,1,0,1,1,0,0,0,0,0,0,0,0,0,0,1,1,1,1,1,1,1,0,1,0,1,1,0,1,0,0,0,0,1,0,0,1,0,1,0,0,1,0,0,0,0,0,1,0,0,0,1,1,1,0,0,0,0,0,0,0,0,1,0,1,0,0,0,0,0,1,0,1,0,0,1,1,0,0,1,0,0,0,1,1,0,0,1,1,0,0,0,0,1,0,0,0,0,0,1,0,0,0,0,1,0,1,0,0,1,1,1,0,0,0,1,1,0,1,0,0,1,0,0,0,0,0,0,0,0,1,0,0,0,0,0,0,0,0,0,0,0,0,1,0,0,0,1,0,0,0,0,0,0,0,0,0,0,0,0,1,0,0,1,0,0,0,0,0,0,1,0,0,0,0,0,1,0,0,0,1,0,0,0,0,0,0,0,0,0,0,0,0,0,0,1,1,0,0,0,0,0,0,0,0,0,0,0,0,0,0,0,0,0,0,0,0,0,0,0,0
0,0,0,1,0,1,0,0,0,1,0,0,0,0,0,1,1,1,0,0,1,1,0,0,0,1,1,0,0,0,1,0,1,1,0,0,0,0,1,0,1,0,1,1,1,1,1,0,1,0,0,0,0,1,1,0,0,1,0,1,1,1,0,0,1,1,0,1,1,0,1,0,1,0,0,1,0,0,0,1,0,0,0,1,0,0,0,1,1,1,1,1,0,0,0,0,1,1,1,1,1,1,0,0,1,0,1,0,0,1,1,0,1,0,0,1,1,1,1,1,0,1,0,1,0,0,0,1,1,0,1,1,0,0,0,1,1,1,1,1,0,0,1,1,1,1,1,1,0,1,1,0,0,1,1,1,0,0,0,1,1,0,1,1,0,1,1,0,1,0,0,0,0,1,0,1,1,1,0,0,1,1,0,0,0,0,1,0,0,1,0,1,0,0,0,1,1,1,0,0,0,1,1,0,0,0,0,0,0,0,0,1,0,0,0,0,0,0,0,1,0
0,0,0,1,0,1,0,0,0,0,1,1,0,0,0,1,1,1,0,0,1,0,0,0,0,1,0,0,0,0,1,0,0,1,0,0,0,0,1,0,0,0,1,1,1,1,0,0,1,0,0,0,0,1,1,0,0,1,0,0,0,1,0,0,1,1,0,1,1,0,1,0,1,0,0,1,0,0,0,1,0,0,0,1,0,0,0,1,1,1,1,1,0,0,0,0,1,1,0,0,0,1,0,0,1,0,1,0,0,1,1,0,1,0,0,1,0,1,1,0,0,1,0,1,0,0,0,1,1,0,0,1,0,0,0,1,1,0,1,1,0,0,0,1,1,1,1,1,0,1,1,0,0,1,1,1,0,0,0,1,1,0,1,1,0,1,1,0,1,0,0,0,0,1,0,1,1,1,0,0,1,1,0,0,0,0,1,0,0,1,0,1,0,0,0,1,1,1,0,0,0,1,1,0,0,0,0,0,0,0,0,0,0,0,0,0,0,0,0,0,0
0,1,0,1,1,0,0,0,0,0,0,0,0,0,0,1,1,1,1,1,1,1,1,1,1,1,1,0,1,0,0,0,0,1,0,0,1,0,1,0,0,1,0,0,1,1,0,1,0,0,0,0,1,1,1,1,0,0,0,1,1,1,1,1,1,0,0,0,0,0,1,0,1,0,0,1,1,0,0,1,0,0,0,1,1,0,0,0,1,0,0,0,0,0,0,0,1,0,0,1,0,0,1,0,1,1,1,0,0,1,1,1,0,0,0,1,1,0,1,0,0,1,1,0,0,0,0,0,0,0,1,0,0,0,0,1,0,0,0,0,1,0,0,1,0,0,0,1,0,0,0,0,0,0,0,0,0,0,0,0,1,0,0,1,0,0,0,0,0,0,1,0,0,0,1,0,1,1,0,0,1,0,0,0,0,0,0,0,0,0,0,0,0,0,0,1,1,0,0,0,0,0,0,0,0,0,1,0,0,1,0,0,0,1,0,1,0,1,0,1,0
0,0,0,0,0,1,0,0,0,0,0,0,0,0,0,0,0,0,0,0,0,0,0,0,0,0,0,0,0,0,1,0,0,0,0,0,0,0,1,1,0,1,0,1,0,0,0,1,1,0,0,1,0,1,1,0,0,1,1,0,0,0,1,0,0,0,0,0,1,0,0,0,0,0,0,1,0,0,0,0,0,0,0,1,0,0,0,0,1,0,1,0,0,0,0,0,1,1,0,1,0,0,0,0,0,0,0,0,0,0,0,1,1,1,0,1,1,1,1,0,0,0,0,1,0,0,0,1,1,0,0,0,0,0,0,1,1,0,0,1,0,0,0,1,0,1,1,1,0,0,0,0,0,1,0,0,0,0,0,1,1,0,0,1,0,1,1,0,1,0,0,0,0,1,0,1,1,1,0,0,1,1,0,0,0,0,1,0,0,1,0,1,0,0,0,0,0,0,0,0,0,1,1,0,0,0,0,0,0,0,0,0,0,0,0,0,0,0,0,0,0
0,0,0,1,0,1,0,0,0,0,0,0,0,0,0,1,1,1,0,0,1,1,0,0,0,1,1,0,0,0,1,0,0,1,0,0,0,0,1,0,0,0,1,1,1,1,0,0,1,0,0,1,0,1,1,0,0,1,0,1,1,1,0,0,1,1,0,1,1,0,1,0,1,0,0,1,0,0,0,1,0,0,0,1,0,0,0,1,1,1,1,1,0,0,0,0,1,1,0,1,0,1,0,0,1,0,1,0,0,1,1,0,1,0,0,1,1,1,1,0,0,1,0,1,0,0,0,1,1,0,1,1,0,0,0,1,1,0,1,1,0,0,0,1,1,1,1,1,0,1,1,0,0,1,1,1,0,0,0,1,1,0,1,1,0,1,1,0,1,0,0,0,0,1,0,1,1,1,0,0,1,1,0,0,0,0,1,0,0,1,0,1,0,0,0,1,1,1,1,0,0,1,1,0,0,0,1,0,0,1,0,1,0,0,0,0,0,1,0,1,0
0,0,0,0,0,1,0,0,0,0,0,0,0,0,0,0,0,0,0,0,0,0,0,0,0,0,0,0,0,0,1,0,0,0,1,0,0,0,1,1,0,1,0,1,0,0,0,1,0,0,0,1,0,1,1,0,0,1,1,0,0,0,1,0,0,0,0,0,0,1,0,0,0,0,0,1,0,0,0,0,0,0,0,1,0,0,0,0,1,0,0,0,0,0,0,0,1,1,0,1,0,0,0,0,0,0,0,0,0,0,0,1,1,1,0,1,1,1,1,0,0,0,0,0,1,0,0,1,1,0,0,0,0,0,0,1,0,0,0,0,0,0,0,1,0,0,1,1,0,0,0,0,1,1,0,0,0,0,0,0,1,0,0,1,0,1,0,0,1,0,0,0,0,1,0,1,1,1,1,0,1,0,1,0,0,0,1,0,0,1,0,0,0,0,0,0,0,0,0,0,0,0,0,0,0,0,0,0,0,0,0,0,0,0,0,0,0,0,0,0,0
0,0,0,0,0,1,0,0,0,0,0,0,0,0,0,0,0,0,0,0,0,0,0,0,0,0,0,0,0,0,1,0,0,0,1,0,0,0,0,1,0,1,0,1,0,0,0,1,0,0,0,1,0,0,0,0,0,1,1,0,0,0,1,0,0,0,0,0,0,1,0,0,0,0,0,0,0,0,0,0,0,0,0,0,0,0,0,0,1,0,0,0,0,0,0,0,0,1,0,0,0,0,0,0,0,0,0,0,0,0,0,1,1,1,0,0,0,1,1,0,0,0,0,0,0,0,0,1,1,0,0,0,0,0,0,0,0,0,0,0,0,0,0,0,0,0,1,1,0,0,0,0,1,1,0,0,0,0,0,0,1,0,0,1,0,1,0,0,1,0,0,0,0,1,0,1,0,0,0,0,0,0,1,0,0,0,1,1,0,1,0,0,0,0,0,0,0,0,1,0,0,0,0,0,0,0,0,0,1,0,0,0,0,0,0,0,1,0,0,0,0
0,1,0,0,0,1,0,0,0,0,0,0,0,0,0,0,0,1,1,0,0,0,0,0,0,0,1,0,0,0,1,0,0,0,0,0,0,0,1,1,0,1,0,1,0,0,0,1,1,0,0,1,0,1,1,0,0,1,1,0,0,0,1,0,0,0,0,0,1,0,0,0,0,0,0,1,0,0,0,0,0,0,0,1,0,0,0,0,1,0,1,0,0,0,0,0,1,1,0,1,0,0,0,0,0,0,0,0,0,0,0,1,1,1,0,1,1,1,1,0,0,0,0,1,0,0,0,1,1,0,0,0,0,0,0,1,1,0,0,1,0,0,0,1,0,1,1,1,0,0,0,0,0,1,0,0,0,0,0,1,1,0,0,1,0,1,0,0,1,0,0,0,0,1,0,1,1,1,0,0,1,1,0,0,0,0,1,1,0,1,0,0,0,0,0,0,0,0,0,0,0,0,0,0,0,0,0,0,0,0,0,0,0,0,0,0,0,0,0,0,0
0,1,0,0,0,1,1,0,0,0,0,0,0,0,0,0,0,1,1,0,0,0,0,0,0,0,1,0,0,0,1,0,0,0,0,0,0,0,1,1,0,0,0,1,0,0,0,1,1,0,0,1,0,1,1,0,0,1,1,0,0,0,1,0,0,0,0,0,1,0,0,1,0,1,0,1,0,0,0,0,1,0,0,1,0,0,0,0,1,0,1,0,0,0,0,1,1,1,0,1,0,0,0,0,0,0,0,1,0,0,0,1,1,1,1,1,1,1,1,0,1,0,0,1,0,1,0,1,1,0,0,0,1,0,0,1,1,0,0,1,0,1,0,1,0,1,1,1,0,0,0,0,0,1,0,0,0,1,0,1,1,1,0,1,0,1,0,0,1,0,0,0,0,1,0,1,0,1,0,1,1,1,0,1,1,0,1,0,1,1,0,0,1,1,0,1,1,1,1,0,0,0,0,1,1,0,0,1,1,0,0,0,1,0,1,0,1,0,0,0,1
0,1,0,0,0,1,1,0,0,0,0,0,0,0,0,0,0,1,1,0,0,0,0,0,0,0,1,0,0,0,1,0,0,0,0,0,0,0,1,1,0,1,0,1,0,0,0,1,0,0,0,1,0,1,1,0,1,1,1,0,0,0,1,0,0,0,0,0,1,0,0,1,0,0,0,1,0,0,1,0,1,0,0,1,0,0,1,0,1,0,1,0,0,0,0,0,1,1,0,1,0,0,0,0,0,0,0,0,0,0,0,1,1,1,0,1,1,1,1,0,0,0,0,1,0,0,0,1,1,0,0,0,0,0,0,1,1,0,0,1,0,0,0,1,0,1,1,1,0,0,1,0,0,1,1,0,1,0,0,1,1,0,1,1,0,1,0,0,1,0,0,0,0,1,0,1,1,1,0,0,1,1,0,0,0,0,1,1,0,1,0,0,0,0,0,0,0,0,0,0,0,0,0,0,0,0,0,0,0,0,0,0,0,0,0,0,0,0,0,0,0
0,0,0,0,0,1,1,0,0,0,0,0,0,0,0,0,0,0,0,0,0,0,0,0,0,0,0,0,0,0,1,0,0,0,0,0,0,0,1,1,0,1,0,1,0,0,0,1,0,0,0,1,0,1,1,0,1,1,1,0,0,0,1,0,0,0,0,0,1,0,0,1,0,0,0,1,0,0,1,0,1,0,0,1,0,0,1,0,1,0,1,0,0,0,0,0,1,1,0,1,0,0,0,0,0,0,0,0,0,0,0,1,1,1,0,1,1,1,1,0,0,0,0,1,0,0,0,1,1,0,0,0,0,0,0,1,1,0,0,1,0,0,0,1,0,1,1,1,0,0,1,0,0,1,1,0,1,0,0,1,1,0,1,1,0,1,0,0,1,0,0,0,0,1,0,1,1,1,0,0,1,1,0,0,0,0,1,1,0,1,0,0,0,0,0,0,0,0,0,0,0,0,0,0,0,0,0,0,0,0,0,0,0,0,0,0,0,0,0,0,0
0,1,0,0,0,1,1,1,0,0,0,0,0,0,0,0,0,1,1,0,0,1,1,0,0,0,1,0,1,0,1,0,0,0,0,0,0,0,1,1,0,1,1,1,0,0,0,1,1,0,0,1,0,1,1,0,0,1,1,0,0,0,1,0,0,0,0,0,1,0,0,1,0,1,0,1,0,0,0,0,1,0,0,1,0,0,0,0,1,0,1,0,0,0,0,1,1,1,0,1,0,0,0,0,0,0,0,1,0,0,0,1,1,1,1,1,1,1,1,0,1,0,0,1,0,1,0,1,1,0,0,0,1,0,0,1,1,0,0,1,0,1,0,1,0,1,1,1,0,0,1,0,0,1,1,0,0,1,0,1,1,1,1,1,0,1,0,0,1,0,0,0,0,1,0,1,1,1,0,1,1,1,0,1,1,0,1,1,1,1,1,0,1,1,0,1,0,1,1,1,1,0,0,1,1,0,0,1,1,0,0,0,1,0,1,0,1,0,0,0,1
0,0,0,0,0,1,0,0,0,0,0,0,0,0,0,0,0,0,0,0,0,0,0,0,0,0,0,0,0,0,1,0,0,0,1,0,0,0,0,1,0,1,0,1,0,0,0,1,0,0,0,1,0,0,0,0,0,1,1,0,0,0,1,0,0,0,0,0,0,1,0,0,0,0,0,0,0,0,0,0,0,0,0,0,0,0,0,0,1,0,0,0,0,0,0,0,0,1,0,0,0,0,0,0,0,0,0,0,0,0,0,1,1,1,0,0,0,1,1,0,0,0,0,0,0,0,0,1,1,0,0,0,0,0,0,0,0,0,0,0,0,0,0,0,0,0,1,1,0,0,0,0,1,1,0,0,0,0,0,0,1,0,0,1,0,1,0,0,1,0,0,0,0,1,0,1,1,0,0,0,0,0,1,0,0,0,1,1,0,1,0,0,0,0,0,0,0,0,1,0,0,0,0,0,0,0,0,0,1,0,0,0,0,0,0,0,1,0,0,0,0
0,0,0,0,0,1,0,0,0,0,0,0,0,0,0,0,0,1,1,0,0,0,0,0,0,0,1,0,0,0,1,0,0,0,1,0,0,0,1,1,0,1,0,1,0,0,0,1,0,0,0,1,0,1,1,0,0,1,1,0,0,0,1,0,0,0,0,0,0,1,0,0,0,0,0,1,0,0,0,0,0,0,0,1,0,0,0,0,1,0,0,0,0,0,0,0,1,1,0,1,0,0,0,0,0,0,0,0,0,0,0,1,1,1,0,1,1,1,1,0,0,0,0,0,1,0,0,1,1,0,0,0,0,0,0,1,0,0,0,0,0,0,0,1,0,0,1,1,0,0,0,0,1,1,0,0,0,0,0,0,1,0,0,1,0,1,0,0,1,0,0,0,0,1,0,1,1,1,1,0,1,0,1,0,0,0,1,0,0,1,0,0,0,0,0,0,0,0,0,0,0,0,0,0,0,0,0,0,0,0,0,0,0,0,0,0,0,0,0,0,0
0,0,0,0,0,1,0,0,0,0,0,0,0,0,0,0,0,0,0,0,0,0,0,0,0,0,0,0,0,0,1,0,0,0,1,0,0,0,1,1,0,1,0,1,0,0,0,1,0,0,0,1,0,1,1,0,0,1,1,0,0,0,1,0,0,0,0,0,0,1,0,0,0,0,0,1,0,0,0,0,0,0,0,1,0,0,0,0,1,0,0,0,0,0,0,0,1,1,0,1,0,0,0,0,0,0,0,0,0,0,0,1,1,1,0,1,1,1,1,0,0,0,0,0,0,0,0,1,1,0,0,0,0,0,0,1,0,0,0,0,0,0,0,1,0,0,1,1,0,0,0,0,1,1,0,0,0,0,0,0,1,0,0,1,0,1,1,0,1,0,0,0,0,1,0,1,1,1,0,0,1,0,1,0,0,0,1,0,0,1,0,1,0,0,0,0,0,0,0,0,0,1,1,0,0,0,0,0,0,0,0,0,0,0,0,0,0,0,0,0,0
0,1,0,0,0,1,0,0,0,0,0,0,0,0,0,0,0,1,1,0,0,0,0,0,0,0,1,0,0,0,1,0,0,0,0,0,0,0,0,1,0,1,0,1,0,0,0,1,1,0,0,1,0,0,0,0,0,1,1,0,0,0,1,0,0,0,0,0,1,0,0,0,0,0,0,0,0,0,0,0,0,0,0,0,0,0,0,0,1,0,1,0,0,0,0,0,0,1,0,0,0,0,0,0,0,0,0,0,0,0,0,1,1,1,0,0,0,1,1,0,0,0,0,1,0,0,0,1,1,0,0,0,0,0,0,0,1,0,0,1,0,0,0,0,0,1,1,1,0,0,0,0,0,1,0,0,0,0,0,1,1,0,0,1,0,1,0,0,1,0,0,0,0,1,0,1,1,0,0,0,0,1,0,0,0,0,1,1,0,1,0,0,0,0,0,0,0,0,1,0,0,0,0,0,0,0,0,0,1,0,0,0,0,0,0,0,1,0,0,0,0
0,1,0,0,0,1,1,0,0,0,0,0,0,0,0,0,0,1,1,0,0,1,1,0,0,0,1,0,1,0,1,0,0,0,0,0,0,0,1,1,0,1,0,1,0,0,0,1,1,0,0,1,0,1,1,0,0,1,1,0,0,0,1,0,0,0,0,0,1,0,0,1,0,1,0,1,0,0,0,0,1,0,0,1,0,0,0,0,1,0,1,0,0,0,0,1,1,1,0,1,0,0,0,0,0,0,0,1,0,0,0,1,1,1,1,1,1,1,1,0,1,0,0,1,0,1,0,1,1,0,0,0,1,0,0,1,1,0,0,1,0,1,0,1,0,1,1,1,0,0,0,0,0,1,0,0,0,1,0,1,1,1,0,1,0,1,0,0,1,0,0,0,0,1,0,1,1,1,0,1,1,1,0,1,1,0,1,0,1,1,0,0,1,1,0,1,1,1,1,0,0,0,0,1,1,0,0,1,1,0,0,0,1,0,1,0,1,0,0,0,1
0,1,0,0,0,1,0,0,0,0,0,0,0,0,0,0,0,1,1,0,0,0,0,0,0,0,1,0,0,0,1,0,0,0,0,0,0,0,1,1,0,1,0,1,0,0,0,1,1,0,0,1,0,1,1,0,0,1,1,0,0,0,1,0,0,0,0,0,1,0,0,0,0,0,0,1,0,0,0,0,0,0,0,1,0,0,0,0,1,0,1,0,0,0,0,0,1,1,0,1,0,0,0,0,0,0,0,0,0,0,0,1,1,1,0,1,1,1,1,0,0,0,0,1,0,0,0,1,1,0,0,0,0,0,0,1,1,0,0,1,0,0,0,1,0,1,1,1,0,0,0,0,0,1,0,0,0,0,0,1,1,0,0,1,0,1,1,0,1,0,0,0,0,1,0,1,1,1,0,0,1,1,0,0,0,0,1,0,0,1,0,1,0,0,0,0,0,0,0,0,0,1,1,0,0,0,0,0,0,0,0,0,0,0,0,0,0,0,0,0,0
0,0,0,0,0,1,1,0,0,0,0,0,0,0,0,0,0,0,0,0,0,0,0,0,0,0,0,0,0,0,1,0,0,0,0,0,0,0,1,1,0,1,0,1,0,0,0,1,0,0,0,1,0,1,1,0,1,1,1,0,0,0,1,0,0,0,0,0,1,0,0,1,0,0,0,1,0,0,1,0,1,0,0,1,0,0,1,0,1,0,1,0,0,0,0,0,1,1,0,1,0,0,0,0,0,0,0,0,0,0,0,1,1,1,0,1,1,1,1,0,0,0,0,1,0,0,0,1,1,0,0,0,0,0,0,1,1,0,0,1,0,0,0,1,0,1,1,1,0,0,1,0,0,1,1,0,1,0,0,1,1,0,1,1,0,1,1,0,1,0,0,0,0,1,0,1,1,1,0,0,1,1,0,0,0,0,1,0,0,1,0,1,0,0,0,0,0,0,0,0,0,1,1,0,0,0,0,0,0,0,0,0,0,0,0,0,0,0,0,0,0
0,0,0,0,0,1,0,0,0,0,0,0,0,0,0,0,0,0,0,0,0,0,0,0,0,0,0,0,0,0,1,0,0,0,0,0,0,0,0,1,0,1,0,1,0,0,0,1,1,0,0,1,0,0,0,0,0,1,1,0,0,0,1,0,0,0,0,0,1,0,0,0,0,0,0,0,0,0,0,0,0,0,0,0,0,0,0,0,1,0,1,0,0,0,0,0,0,1,0,0,0,0,0,0,0,0,0,0,0,0,0,1,1,1,0,0,0,1,1,0,0,0,0,1,0,0,0,1,1,0,0,0,0,0,0,0,1,0,0,1,0,0,0,0,0,1,1,1,0,0,0,0,0,1,0,0,0,0,0,1,1,0,0,1,0,1,0,0,1,0,0,0,0,1,0,1,0,0,0,0,0,1,0,0,0,0,1,1,0,1,0,0,0,0,0,0,0,0,1,0,0,0,0,0,0,0,0,0,1,0,0,0,0,0,0,0,1,0,0,0,0
0,1,0,0,0,1,0,0,0,0,0,0,0,0,0,0,0,1,1,0,0,0,0,0,0,0,1,0,0,0,1,0,0,0,0,0,0,0,1,1,0,1,0,1,0,0,0,1,1,0,0,1,0,1,1,0,0,1,1,0,0,0,1,0,0,0,0,0,1,0,0,0,0,0,0,1,0,0,0,0,0,0,0,1,0,0,0,0,1,0,1,0,0,0,0,0,1,1,0,1,0,0,0,0,0,0,0,0,0,0,0,1,1,1,0,1,1,1,1,0,0,0,0,1,1,0,0,1,1,0,0,0,0,0,0,1,1,0,0,1,0,0,0,1,0,1,1,1,0,0,0,1,0,1,0,0,0,0,0,1,1,0,0,1,0,1,0,0,1,0,0,0,0,1,0,1,1,1,1,0,1,1,0,0,0,0,1,0,0,1,0,0,0,0,0,0,0,0,0,0,0,0,0,0,0,0,0,0,0,0,0,0,0,0,0,0,0,0,0,0,0
0,1,0,0,0,1,1,1,0,0,0,0,0,0,0,0,0,1,1,0,0,0,0,0,0,0,1,0,0,0,1,0,0,0,0,0,0,0,1,1,0,1,1,1,0,0,0,1,1,0,0,1,0,1,1,0,0,1,1,0,0,0,1,0,0,0,0,0,1,0,0,1,0,1,0,1,0,0,0,0,1,0,0,1,0,0,0,0,1,0,1,0,0,0,0,1,1,1,0,1,0,0,0,0,0,0,0,1,0,0,0,1,1,1,1,1,1,1,1,0,1,0,0,1,0,1,0,1,1,0,0,0,1,0,0,1,1,0,0,1,0,1,0,1,0,1,1,1,0,0,1,0,0,1,1,0,0,1,0,1,1,1,1,1,0,1,0,0,1,0,0,0,0,1,0,1,1,1,0,1,1,1,0,1,1,0,1,1,1,1,1,0,1,1,0,1,0,1,1,1,1,0,0,1,1,0,0,1,1,0,0,0,1,0,1,0,1,0,0,0,1
0,0,0,0,0,1,0,0,0,0,0,0,0,0,0,0,0,0,0,0,0,0,0,0,0,0,0,0,0,0,1,0,0,0,1,0,0,0,1,1,0,1,0,1,0,0,0,1,0,0,0,1,0,1,1,0,0,1,1,0,0,0,1,0,0,0,0,0,0,1,0,0,0,0,0,1,0,0,0,0,0,0,0,1,0,0,0,0,1,0,0,0,0,0,0,0,1,1,0,1,0,0,0,0,0,0,0,0,0,0,0,1,1,1,0,1,1,1,1,0,0,0,0,0,1,0,0,1,1,0,0,0,0,0,0,1,0,0,0,0,0,0,0,1,0,0,1,1,0,0,0,0,1,1,0,0,0,0,0,0,1,0,0,1,0,1,0,0,1,0,0,0,0,1,0,1,1,1,1,0,1,0,1,0,0,0,1,0,0,1,0,0,0,0,0,0,0,0,0,0,0,0,0,0,0,0,0,0,0,0,0,0,0,0,0,0,0,0,0,0,0
0,0,0,0,0,1,0,0,0,0,0,0,0,0,0,0,0,0,0,0,0,0,0,0,0,0,0,0,0,0,1,0,0,0,0,0,0,0,1,1,0,1,0,1,0,0,0,1,1,0,0,1,0,1,1,0,0,1,1,0,0,0,1,0,0,0,0,0,1,0,0,0,0,0,0,1,0,0,0,0,0,0,0,1,0,0,0,0,1,0,1,0,0,0,0,0,1,1,0,1,0,0,0,0,0,0,0,0,0,0,0,1,1,1,0,1,1,1,1,0,0,0,0,1,0,0,0,1,1,0,0,0,0,0,0,1,1,0,0,1,0,0,0,1,0,1,1,1,0,0,0,0,0,1,0,0,0,0,0,1,1,0,0,1,0,1,0,0,1,0,0,0,0,1,0,1,1,1,0,0,1,1,0,0,0,0,1,1,0,1,0,0,0,0,0,0,0,0,0,0,0,0,0,0,0,0,0,0,0,0,0,0,0,0,0,0,0,0,0,0,0
0,1,0,0,0,1,1,0,0,0,0,0,0,0,0,0,0,1,1,0,0,1,1,0,0,0,1,0,1,0,1,0,0,0,0,0,0,0,1,1,0,1,0,1,0,0,0,1,1,0,0,1,0,1,1,0,0,1,1,0,0,0,1,0,0,0,0,0,1,0,0,1,0,1,0,1,0,0,0,0,1,0,0,1,0,0,0,0,1,0,1,0,0,0,0,1,1,1,0,1,0,0,0,0,0,0,0,1,0,0,0,1,1,1,1,1,1,1,1,0,1,0,0,1,0,1,0,1,1,0,0,0,1,0,0,1,1,0,0,1,0,1,0,1,0,1,1,1,0,0,0,0,0,1,0,0,0,1,0,1,1,1,0,1,0,1,0,0,1,0,0,0,0,1,0,1,1,1,0,1,1,1,0,1,1,0,1,0,1,1,0,0,1,1,0,1,1,1,1,0,0,0,0,1,1,0,0,1,1,0,0,0,1,0,1,0,1,0,0,0,1
0,1,0,0,0,1,1,0,0,0,0,0,0,0,0,0,0,1,1,0,0,0,0,0,0,0,1,0,0,0,1,0,0,0,0,0,0,0,1,1,0,1,0,1,0,0,0,1,0,0,0,1,0,1,1,0,1,1,1,0,0,0,1,0,0,0,0,0,1,0,0,1,0,0,0,1,0,0,1,0,1,0,0,1,0,0,1,0,1,0,1,0,0,0,0,0,1,1,0,1,0,0,0,0,0,0,0,0,0,0,0,1,1,1,0,1,1,1,1,0,0,0,0,1,1,0,0,1,1,0,0,0,0,0,0,1,1,0,0,1,0,0,0,1,0,1,1,1,0,0,1,1,0,1,1,0,1,0,0,1,1,0,1,1,0,1,0,0,1,0,0,0,0,1,0,1,1,1,1,0,1,1,0,0,0,0,1,0,0,1,0,0,0,0,0,0,0,0,0,0,0,0,0,0,0,0,0,0,0,0,0,0,0,0,0,0,0,0,0,0,0
0,0,0,0,0,1,0,0,0,0,0,0,0,0,0,0,0,0,0,0,0,0,0,0,0,0,0,0,0,0,1,0,0,0,1,0,0,0,1,1,0,1,0,1,0,0,0,1,0,0,0,1,0,1,1,0,0,1,1,0,0,0,1,0,0,0,0,0,0,1,0,0,0,0,0,1,0,0,0,0,0,0,0,1,0,0,0,0,1,0,0,0,0,0,0,0,1,1,0,1,0,0,0,0,0,0,0,0,0,0,0,1,1,1,0,1,1,1,1,0,0,0,0,0,1,0,0,1,1,0,0,0,0,0,0,1,0,0,0,0,0,0,0,1,0,0,1,1,0,0,0,0,1,1,0,0,0,0,0,0,1,0,0,1,0,1,0,0,1,0,0,0,0,1,0,1,1,1,1,0,1,0,1,0,0,0,1,0,0,1,0,0,0,0,0,0,0,0,0,0,0,0,0,0,0,0,0,0,0,0,0,0,0,0,0,0,0,0,0,0,0
0,1,0,0,0,1,1,1,0,0,0,0,0,0,0,0,0,1,1,0,0,0,0,0,0,0,1,0,0,0,1,0,0,0,0,0,0,0,1,1,0,0,1,1,0,0,0,1,1,0,0,1,0,1,1,0,0,1,1,0,0,0,1,0,0,0,0,0,1,0,0,1,0,1,0,1,0,0,0,0,1,0,0,1,0,0,0,0,1,0,1,0,0,0,0,1,1,1,0,1,0,0,0,0,0,0,0,1,0,0,0,1,1,1,1,1,1,1,1,0,1,0,0,1,0,1,0,1,1,0,0,0,1,0,0,1,1,0,0,1,0,1,0,1,0,1,1,1,0,0,1,0,0,1,1,0,0,1,0,1,1,1,1,1,0,1,1,0,1,0,0,0,0,1,0,1,0,1,0,1,1,1,0,1,1,0,1,0,1,1,1,1,1,1,0,1,0,1,1,1,1,1,1,1,1,0,0,1,1,0,0,0,1,0,1,0,1,0,0,0,1
0,0,0,0,0,1,0,0,0,0,0,0,0,0,0,0,0,0,0,0,0,0,0,0,0,0,0,0,0,0,1,0,0,0,0,0,0,0,0,1,0,1,0,1,0,0,0,1,1,0,0,1,0,0,0,0,0,1,1,0,0,0,1,0,0,0,0,0,1,0,0,0,0,0,0,0,0,0,0,0,0,0,0,0,0,0,0,0,1,0,1,0,0,0,0,0,0,1,0,0,0,0,0,0,0,0,0,0,0,0,0,1,1,1,0,0,0,1,1,0,0,0,0,1,0,0,0,1,1,0,0,0,0,0,0,0,1,0,0,1,0,0,0,0,0,1,1,1,0,0,0,0,0,1,0,0,0,0,0,1,1,0,0,1,0,1,0,0,1,0,0,0,0,1,0,1,1,0,0,0,0,1,0,0,0,0,1,1,0,1,0,0,0,0,0,0,0,0,1,0,0,0,0,0,0,0,0,0,1,0,0,0,0,0,0,0,1,0,0,0,0
0,1,0,0,0,1,1,1,0,0,0,0,0,0,0,0,0,1,1,0,0,1,1,0,0,0,1,0,1,0,1,0,0,0,0,0,0,0,1,1,0,1,1,1,0,0,0,1,1,0,0,1,0,1,1,0,0,1,1,0,0,0,1,0,0,0,0,0,1,0,0,1,0,1,0,1,0,0,0,0,1,0,0,1,0,0,0,0,1,0,1,0,0,0,0,1,1,1,0,1,0,0,0,0,0,0,0,1,0,0,0,1,1,1,1,1,1,1,1,0,1,0,0,1,0,1,0,1,1,0,0,0,1,0,0,1,1,0,0,1,0,1,0,1,0,1,1,1,0,0,1,0,0,1,1,0,0,1,0,1,1,1,1,1,0,1,1,0,1,0,0,0,0,1,0,1,1,1,0,1,1,1,0,1,1,0,1,0,1,1,1,1,1,1,0,1,0,1,1,1,1,1,1,1,1,0,0,1,1,0,0,0,1,0,1,0,1,0,0,0,1
0,1,0,0,0,1,0,0,0,0,0,0,0,0,0,0,0,1,1,0,0,0,0,0,0,0,1,0,0,0,1,0,0,0,1,0,0,0,0,1,0,1,0,1,0,0,0,1,0,0,0,1,0,0,0,0,0,1,1,0,0,0,1,0,0,0,0,0,0,1,0,0,0,0,0,0,0,0,0,0,0,0,0,0,0,0,0,0,1,0,0,0,0,0,0,0,0,1,0,0,0,0,0,0,0,0,0,0,0,0,0,1,1,1,0,0,0,1,1,0,0,0,0,0,0,0,0,1,1,0,0,0,0,0,0,0,0,0,0,0,0,0,0,0,0,0,1,1,0,0,0,0,1,1,0,0,0,0,0,0,1,0,0,1,0,1,0,0,1,0,0,0,0,1,0,1,1,0,0,0,0,0,1,0,0,0,1,1,0,1,0,0,0,0,0,0,0,0,1,0,0,0,0,0,0,0,0,0,1,0,0,0,0,0,0,0,1,0,0,0,0
0,1,0,0,0,1,1,1,0,0,0,0,0,0,0,0,0,1,1,0,0,0,0,0,0,0,1,0,0,0,1,0,0,0,0,0,0,0,1,1,0,0,1,1,0,0,0,1,1,0,0,1,0,1,1,0,0,1,1,0,0,0,1,0,0,0,0,0,1,0,0,1,0,1,0,1,0,0,0,0,1,0,0,1,0,0,0,0,1,0,1,0,0,0,0,1,1,1,0,1,0,0,0,0,0,0,0,1,0,0,0,1,1,1,1,1,1,1,1,0,1,0,0,1,0,1,0,1,1,0,0,0,1,0,0,1,1,0,0,1,0,1,0,1,0,1,1,1,0,0,1,0,0,1,1,0,0,1,0,1,1,1,1,1,0,1,0,0,1,0,0,0,0,1,0,1,0,1,0,1,1,1,0,1,1,0,1,1,1,1,1,0,1,1,0,1,0,1,1,1,1,0,0,1,1,0,0,1,1,0,0,0,1,0,1,0,1,0,0,0,1
0,0,0,0,0,1,0,0,0,0,0,0,0,0,0,0,0,0,0,0,0,0,0,0,0,0,0,0,0,0,1,0,0,0,0,0,0,0,1,1,0,1,0,1,0,0,0,1,1,0,0,1,0,1,1,0,0,1,1,0,0,0,1,0,0,0,0,0,1,0,0,0,0,0,0,1,0,0,0,0,0,0,0,1,0,0,0,0,1,0,1,0,0,0,0,0,1,1,0,1,0,0,0,0,0,0,0,0,0,0,0,1,1,1,0,1,1,1,1,0,0,0,0,1,1,0,0,1,1,0,0,0,0,0,0,1,1,0,0,1,0,0,0,1,0,1,1,1,0,0,0,1,0,1,0,0,0,0,0,1,1,0,0,1,0,1,0,0,1,0,0,0,0,1,0,1,1,1,1,0,1,1,0,0,0,0,1,0,0,1,0,0,0,0,0,0,0,0,0,0,0,0,0,0,0,0,0,0,0,0,0,0,0,0,0,0,0,0,0,0,0
0,0,0,0,0,1,0,0,0,0,0,0,0,0,0,0,0,0,0,0,0,0,0,0,0,0,0,0,0,0,1,0,0,0,0,0,0,0,1,1,0,1,0,1,0,0,0,1,1,0,0,1,0,1,1,0,0,1,1,0,0,0,1,0,0,0,0,0,1,0,0,0,0,0,0,1,0,0,0,0,0,0,0,1,0,0,0,0,1,0,1,0,0,0,0,0,1,1,0,1,0,0,0,0,0,0,0,0,0,0,0,1,1,1,0,1,1,1,1,0,0,0,0,1,0,0,0,1,1,0,0,0,0,0,0,1,1,0,0,1,0,0,0,1,0,1,1,1,0,0,0,0,0,1,0,0,0,0,0,1,1,0,0,1,0,1,1,0,1,0,0,0,0,1,0,1,1,1,0,0,1,1,0,0,0,0,1,0,0,1,0,1,0,0,0,0,0,0,0,0,0,1,1,0,0,0,0,0,0,0,0,0,0,0,0,0,0,0,0,0,0
0,0,0,0,0,1,0,0,0,0,0,0,0,0,0,0,0,1,1,0,0,0,0,0,0,0,1,0,0,0,1,0,0,0,1,0,0,0,1,1,0,1,0,1,0,0,0,1,0,0,0,1,0,1,1,0,0,1,1,0,0,0,1,0,0,0,0,0,0,1,0,0,0,0,0,1,0,0,0,0,0,0,0,1,0,0,0,0,1,0,0,0,0,0,0,0,1,1,0,1,0,0,0,0,0,0,0,0,0,0,0,1,1,1,0,1,1,1,1,0,0,0,0,0,0,0,0,1,1,0,0,0,0,0,0,1,0,0,0,0,0,0,0,1,0,0,1,1,0,0,0,0,1,1,0,0,0,0,0,0,1,0,0,1,0,1,0,0,1,0,0,0,0,1,0,1,1,1,0,0,1,0,1,0,0,0,1,1,0,1,0,0,0,0,0,0,0,0,0,0,0,0,0,0,0,0,0,0,0,0,0,0,0,0,0,0,0,0,0,0,0
0,0,0,0,0,1,0,0,0,0,0,0,0,0,0,0,0,0,0,0,0,0,0,0,0,0,0,0,0,0,1,0,0,0,1,0,0,0,1,1,0,1,0,1,0,0,0,1,0,0,0,1,0,1,1,0,0,1,1,0,0,0,1,0,0,0,0,0,0,1,0,0,0,0,0,1,0,0,0,0,0,0,0,1,0,0,0,0,1,0,0,0,0,0,0,0,1,1,0,1,0,0,0,0,0,0,0,0,0,0,0,1,1,1,0,1,1,1,1,0,0,0,0,0,0,0,0,1,1,0,0,0,0,0,0,1,0,0,0,0,0,0,0,1,0,0,1,1,0,0,0,0,1,1,0,0,0,0,0,0,1,0,0,1,0,1,1,0,1,0,0,0,0,1,0,1,1,1,0,0,1,0,1,0,0,0,1,0,0,1,0,1,0,0,0,0,0,0,0,0,0,1,1,0,0,0,0,0,0,0,0,0,0,0,0,0,0,0,0,0,0
0,0,0,0,0,1,0,0,0,0,0,0,0,0,0,0,0,0,0,0,0,0,0,0,0,0,0,0,0,0,1,0,0,0,1,0,0,0,1,1,0,1,0,1,0,0,0,1,0,0,0,1,0,1,1,0,0,1,1,0,0,0,1,0,0,0,0,0,0,1,0,0,0,0,0,1,0,0,0,0,0,0,0,1,0,0,0,0,1,0,0,0,0,0,0,0,1,1,0,1,0,0,0,0,0,0,0,0,0,0,0,1,1,1,0,1,1,1,1,0,0,0,0,0,0,0,0,1,1,0,0,0,0,0,0,1,0,0,0,0,0,0,0,1,0,0,1,1,0,0,0,0,1,1,0,0,0,0,0,0,1,0,0,1,0,1,0,0,1,0,0,0,0,1,0,1,1,1,0,0,1,0,1,0,0,0,1,1,0,1,0,0,0,0,0,0,0,0,0,0,0,0,0,0,0,0,0,0,0,0,0,0,0,0,0,0,0,0,0,0,0
0,1,0,0,0,1,1,0,0,0,0,0,0,0,0,0,0,1,1,0,0,0,0,0,0,0,1,0,0,0,1,0,0,0,0,0,0,0,1,1,0,1,0,1,0,0,0,1,0,0,0,1,0,1,1,0,1,1,1,0,0,0,1,0,0,0,0,0,1,0,0,1,0,0,0,1,0,0,1,0,1,0,0,1,0,0,1,0,1,0,1,0,0,0,0,0,1,1,0,1,0,0,0,0,0,0,0,0,0,0,0,1,1,1,0,1,1,1,1,0,0,0,0,1,0,0,0,1,1,0,0,0,0,0,0,1,1,0,0,1,0,0,0,1,0,1,1,1,0,0,1,0,0,1,1,0,1,0,0,1,1,0,1,1,0,1,1,0,1,0,0,0,0,1,0,1,1,1,0,0,1,1,0,0,0,0,1,0,0,1,0,1,0,0,0,0,0,0,0,0,0,1,1,0,0,0,0,0,0,0,0,0,0,0,0,0,0,0,0,0,0
0,0,0,0,0,1,0,0,0,0,0,0,0,0,0,0,0,0,0,0,0,0,0,0,0,0,0,0,0,0,1,0,0,0,0,0,0,0,1,1,0,1,0,1,0,0,0,1,1,0,0,1,0,1,1,0,0,1,1,0,0,0,1,0,0,0,0,0,1,0,0,0,0,0,0,1,0,0,0,0,0,0,0,1,0,0,0,0,1,0,1,0,0,0,0,0,1,1,0,1,0,0,0,0,0,0,0,0,0,0,0,1,1,1,0,1,1,1,1,0,0,0,0,1,1,0,0,1,1,0,0,0,0,0,0,1,1,0,0,1,0,0,0,1,0,1,1,1,0,0,0,1,0,1,0,0,0,0,0,1,1,0,0,1,0,1,0,0,1,0,0,0,0,1,0,1,1,1,1,0,1,1,0,0,0,0,1,0,0,1,0,0,0,0,0,0,0,0,0,0,0,0,0,0,0,0,0,0,0,0,0,0,0,0,0,0,0,0,0,0,0
0,0,0,0,0,1,0,0,0,0,0,0,0,0,0,0,0,0,0,0,0,0,0,0,0,0,0,0,0,0,1,0,0,0,1,0,0,0,1,1,0,1,0,1,0,0,0,1,0,0,0,1,0,1,1,0,0,1,1,0,0,0,1,0,0,0,0,0,0,1,0,0,0,0,0,1,0,0,0,0,0,0,0,1,0,0,0,0,1,0,0,0,0,0,0,0,1,1,0,1,0,0,0,0,0,0,0,0,0,0,0,1,1,1,0,1,1,1,1,0,0,0,0,0,0,0,0,1,1,0,0,0,0,0,0,1,0,0,0,0,0,0,0,1,0,0,1,1,0,0,0,0,1,1,0,0,0,0,0,0,1,0,0,1,0,1,1,0,1,0,0,0,0,1,0,1,1,1,0,0,1,0,1,0,0,0,1,0,0,1,0,1,0,0,0,0,0,0,0,0,0,1,1,0,0,0,0,0,0,0,0,0,0,0,0,0,0,0,0,0,0
0,1,0,0,0,1,1,0,0,0,0,0,0,0,0,0,0,1,1,0,0,0,0,0,0,0,1,0,0,0,1,0,0,0,0,0,0,0,1,1,0,0,0,1,0,0,0,1,1,0,0,1,0,1,1,0,0,1,1,0,0,0,1,0,0,0,0,0,1,0,0,1,0,1,0,1,0,0,0,0,1,0,0,1,0,0,0,0,1,0,1,0,0,0,0,1,1,1,0,1,0,0,0,0,0,0,0,1,0,0,0,1,1,1,1,1,1,1,1,0,1,0,0,1,0,1,0,1,1,0,0,0,1,0,0,1,1,0,0,1,0,1,0,1,0,1,1,1,0,0,0,0,0,1,0,0,0,1,0,1,1,1,0,1,0,1,0,0,1,0,0,0,0,1,0,1,0,1,0,1,1,1,0,1,1,0,1,0,1,1,0,0,1,1,0,1,1,1,1,0,0,0,0,1,1,0,0,1,1,0,0,0,1,0,1,0,1,0,0,0,1
0,0,0,0,0,1,0,0,0,0,0,0,0,0,0,0,0,0,0,0,0,0,0,0,0,0,0,0,0,0,1,0,0,0,1,0,0,0,1,1,0,1,0,1,0,0,0,1,0,0,0,1,0,1,1,0,0,1,1,0,0,0,1,0,0,0,0,0,0,1,0,0,0,0,0,1,0,0,0,0,0,0,0,1,0,0,0,0,1,0,0,0,0,0,0,0,1,1,0,1,0,0,0,0,0,0,0,0,0,0,0,1,1,1,0,1,1,1,1,0,0,0,0,0,0,0,0,1,1,0,0,0,0,0,0,1,0,0,0,0,0,0,0,1,0,0,1,1,0,0,0,0,1,1,0,0,0,0,0,0,1,0,0,1,0,1,0,0,1,0,0,0,0,1,0,1,1,1,0,0,1,0,1,0,0,0,1,1,0,1,0,0,0,0,0,0,0,0,0,0,0,0,0,0,0,0,0,0,0,0,0,0,0,0,0,0,0,0,0,0,0
0,0,0,0,0,1,0,0,0,0,0,0,0,0,0,0,0,1,1,0,0,0,0,0,0,0,1,0,0,0,1,0,0,0,1,0,0,0,1,1,0,1,0,1,0,0,0,1,0,0,0,1,0,1,1,0,0,1,1,0,0,0,1,0,0,0,0,0,0,1,0,0,0,0,0,1,0,0,0,0,0,0,0,1,0,0,0,0,1,0,0,0,0,0,0,0,1,1,0,1,0,0,0,0,0,0,0,0,0,0,0,1,1,1,0,1,1,1,1,0,0,0,0,0,0,0,0,1,1,0,0,0,0,0,0,1,0,0,0,0,0,0,0,1,0,0,1,1,0,0,0,0,1,1,0,0,0,0,0,0,1,0,0,1,0,1,1,0,1,0,0,0,0,1,0,1,1,1,0,0,1,0,1,0,0,0,1,0,0,1,0,1,0,0,0,0,0,0,0,0,0,1,1,0,0,0,0,0,0,0,0,0,0,0,0,0,0,0,0,0,0
0,0,0,1,0,1,1,0,0,0,1,0,1,1,1,0,0,0,0,0,0,0,0,0,0,0,0,0,0,0,1,0,0,1,0,1,0,0,1,1,0,1,0,1,0,0,0,1,0,0,0,1,1,1,1,0,1,1,1,0,0,0,1,1,1,0,0,0,1,0,0,1,0,0,0,1,0,0,0,0,0,0,0,1,0,1,1,0,1,0,1,0,0,0,0,0,1,1,0,1,0,0,0,0,0,1,0,0,0,0,0,1,1,1,0,1,1,1,1,0,0,0,1,1,0,0,0,1,1,0,0,0,0,0,0,1,1,0,0,1,0,0,0,1,0,1,1,1,0,1,0,0,0,1,0,0,1,0,0,1,1,0,0,1,1,1,0,0,1,0,1,0,1,1,1,1,1,1,0,0,1,1,0,0,0,1,1,1,0,1,0,1,0,0,0,1,1,1,1,0,0,1,0,0,0,1,1,0,1,0,0,1,0,0,0,0,1,0,0,1,0
1,1,0,1,1,1,1,1,1,0,1,0,1,1,1,0,0,1,1,0,0,0,0,0,0,0,1,0,0,0,1,1,0,0,0,0,1,1,1,0,0,1,0,1,0,0,0,1,0,0,0,1,0,1,1,0,0,0,0,1,0,0,1,0,0,0,0,0,0,0,0,1,0,0,0,1,0,1,0,0,1,0,0,1,0,1,0,0,1,0,0,0,0,0,0,0,1,0,0,1,0,0,0,0,0,0,0,1,1,0,0,1,0,0,0,1,1,0,1,0,0,0,0,0,0,0,1,0,0,0,0,0,1,1,0,1,0,0,1,0,0,0,0,1,0,0,0,1,1,0,0,0,0,0,0,0,0,0,0,0,1,0,0,1,0,0,0,0,0,0,0,1,1,0,0,0,1,1,0,0,1,0,0,0,0,0,0,0,1,0,0,0,1,0,1,1,0,0,0,0,0,0,0,0,0,0,1,0,0,1,0,1,0,0,0,0,0,1,0,1,0
0,1,0,1,0,1,1,0,0,0,1,0,1,1,1,0,0,1,1,0,0,0,0,0,0,0,1,0,0,0,1,0,0,1,0,1,0,0,1,1,0,1,0,1,0,0,0,1,0,0,0,1,1,1,1,0,1,1,1,0,0,0,1,1,1,0,0,0,1,0,0,1,0,0,0,1,0,0,0,0,0,0,0,1,0,1,1,0,1,0,1,0,0,0,0,0,1,1,0,1,0,0,0,0,0,1,0,0,0,0,0,1,1,1,0,1,1,1,1,0,0,0,1,1,0,0,0,1,1,0,0,0,0,0,0,1,1,0,0,1,0,0,0,1,0,1,1,1,0,1,0,0,0,1,0,0,1,0,0,1,1,0,0,1,1,1,0,0,1,0,0,0,1,1,1,1,1,1,0,0,1,1,0,0,0,1,1,1,0,1,0,1,0,0,0,1,1,1,1,0,0,1,0,0,0,1,1,0,1,0,0,1,0,0,0,0,1,0,0,1,0
0,1,0,1,0,1,1,0,0,0,1,0,1,1,1,0,0,1,1,0,0,0,0,0,0,0,1,0,0,0,1,0,0,1,0,1,0,0,1,1,0,1,0,1,0,0,0,1,1,0,0,1,1,1,1,0,1,1,1,0,0,0,1,1,1,0,0,0,1,0,0,1,0,0,0,1,0,0,0,0,0,0,0,1,0,1,1,0,1,0,1,0,0,0,0,0,1,1,0,1,0,0,0,0,0,0,0,0,0,0,0,1,1,1,0,1,1,1,1,0,0,0,1,1,0,0,0,1,1,0,0,0,0,0,0,1,1,0,0,1,0,0,0,1,0,1,1,1,0,1,0,0,0,1,0,0,1,0,0,1,1,0,0,1,1,1,0,0,1,0,1,1,0,1,1,1,1,1,0,0,1,1,0,0,0,1,1,1,0,1,0,1,0,0,0,1,1,1,1,0,0,1,0,0,0,1,1,0,1,0,0,1,0,0,0,0,1,0,0,1,0
1,1,0,1,0,1,1,0,0,0,1,0,1,1,1,0,0,0,0,0,0,0,0,0,0,0,0,0,0,0,1,0,0,1,0,1,0,0,1,1,0,1,0,1,0,0,0,1,0,0,0,1,1,1,1,0,1,1,1,0,0,0,1,1,1,0,0,0,1,0,0,1,0,0,0,1,0,0,0,0,0,0,0,1,0,1,1,0,1,0,1,0,0,0,0,0,1,1,0,1,0,0,0,0,0,1,0,0,0,0,0,1,1,1,0,1,1,1,1,0,0,0,1,1,0,0,0,1,1,0,0,0,0,0,0,1,1,0,0,1,0,0,0,1,0,1,1,1,0,1,0,0,0,1,0,0,1,0,0,1,1,0,0,1,1,1,0,0,1,0,1,1,1,1,1,1,1,1,0,0,1,1,0,0,0,1,1,1,0,1,0,1,0,0,0,1,1,1,1,0,0,1,0,0,0,1,1,0,1,0,0,1,0,0,0,0,1,0,0,1,0
1,1,0,1,1,1,1,1,1,0,1,0,1,1,1,0,0,1,1,0,0,0,0,0,0,0,1,0,0,0,1,1,0,0,0,0,1,1,1,0,0,1,0,1,0,0,0,1,0,0,0,1,0,1,1,0,0,0,0,1,0,0,1,0,0,0,0,0,0,0,0,1,0,0,0,1,0,1,0,0,1,0,0,1,0,1,0,0,1,0,0,0,0,0,0,0,1,0,0,1,0,0,0,0,0,0,0,1,1,0,0,1,0,0,0,1,1,0,1,0,0,0,0,0,0,0,1,0,0,0,0,0,1,1,0,1,0,0,1,0,0,0,0,1,0,0,0,1,1,0,0,0,0,0,0,0,0,0,0,0,1,0,0,1,0,0,0,0,0,0,0,1,1,0,0,0,1,1,0,0,1,0,0,0,0,0,0,0,1,0,0,0,1,0,1,1,0,0,0,0,0,0,0,0,0,0,1,0,0,1,0,1,0,0,0,0,0,1,0,1,0
0,1,0,1,0,1,1,0,0,0,1,0,1,1,1,0,0,1,1,0,0,0,0,0,0,0,1,0,0,0,1,0,0,1,0,1,0,0,1,1,0,1,0,1,0,0,0,1,0,0,0,1,1,1,1,0,1,1,1,0,0,0,1,1,1,0,0,0,1,0,0,1,0,0,0,1,0,0,0,0,0,0,0,1,0,1,1,0,1,0,1,0,0,0,0,0,1,1,0,1,0,0,0,0,0,1,0,0,0,0,0,1,1,1,0,1,1,1,1,0,0,0,1,1,0,0,0,1,1,0,0,0,0,0,0,1,1,0,0,1,0,0,0,1,0,1,1,1,0,1,0,0,0,1,0,0,1,0,0,1,1,0,0,1,1,1,0,0,1,0,0,0,1,1,1,1,1,1,0,0,1,1,0,0,0,1,1,1,0,1,0,1,0,0,0,1,1,1,1,0,0,1,0,0,0,1,1,0,1,0,0,1,0,0,0,0,1,0,0,1,0
0,1,0,1,0,1,1,0,0,0,1,0,1,1,1,0,0,0,0,0,0,0,0,0,0,0,0,0,0,0,1,0,0,1,0,1,0,0,1,1,0,1,0,1,0,0,0,1,0,0,0,1,1,1,1,0,1,1,1,0,0,0,1,1,1,0,0,0,1,0,0,1,0,0,0,1,0,0,0,0,0,0,0,1,0,1,1,0,1,0,1,0,0,0,0,0,1,1,0,1,0,0,0,0,0,1,0,0,0,0,0,1,1,1,0,1,1,1,1,0,0,0,1,1,0,0,0,1,1,0,0,0,0,0,0,1,1,0,0,1,0,0,0,1,0,1,1,1,0,1,0,0,0,1,0,0,1,0,0,1,1,0,0,1,1,1,0,0,1,0,0,0,1,1,1,1,1,1,0,0,1,1,0,0,0,1,1,1,0,1,0,1,0,0,0,1,1,1,1,0,0,1,0,0,0,1,1,0,1,0,0,1,0,0,0,0,1,0,0,1,0
0,1,0,1,0,1,1,0,0,0,1,0,1,1,1,0,0,0,0,0,0,0,0,0,0,0,0,0,0,0,1,0,0,1,0,1,0,0,1,1,0,1,0,1,0,0,0,1,0,0,0,1,1,1,1,0,1,1,1,0,0,0,1,1,1,0,0,0,1,0,0,1,0,0,0,1,0,0,0,0,0,0,0,1,0,1,1,0,1,0,1,0,0,0,0,0,1,1,0,1,0,0,0,0,0,0,0,0,0,0,0,1,1,1,0,1,1,1,1,0,0,0,1,1,0,0,0,1,1,0,0,0,0,0,0,1,1,0,0,1,0,0,0,1,0,1,1,1,0,1,0,0,0,1,0,0,1,0,0,1,1,0,0,1,1,1,0,0,1,0,1,1,0,1,1,1,1,1,0,0,1,1,0,0,0,1,1,1,0,1,0,1,0,0,0,1,1,1,1,0,0,1,0,0,0,1,1,0,1,0,0,1,0,0,0,0,1,0,0,1,0
0,1,0,1,0,1,1,0,0,0,1,0,1,1,1,0,0,0,0,0,0,0,0,0,0,0,0,0,0,0,1,0,0,0,0,1,0,0,1,1,0,1,0,1,0,0,0,1,0,0,0,1,1,1,1,0,1,1,1,0,0,0,1,0,0,0,0,0,1,0,0,1,0,0,0,1,0,0,0,0,0,0,0,1,0,1,1,0,1,0,1,0,0,0,0,0,1,1,0,1,0,0,0,0,0,0,0,0,0,0,0,1,1,1,0,1,1,1,1,0,0,0,1,1,0,0,0,1,1,0,0,0,0,0,0,1,1,0,0,1,0,0,0,1,0,1,1,1,0,1,0,0,0,1,0,0,1,0,0,1,1,0,0,1,1,1,0,0,1,0,0,0,1,1,1,1,1,1,0,0,1,1,0,0,0,1,1,1,0,1,0,1,0,0,0,1,1,1,1,0,0,1,0,0,0,1,1,0,1,0,0,1,0,0,0,0,1,0,0,1,0
0,1,0,1,0,1,1,0,0,0,1,0,1,1,1,0,0,1,1,0,0,0,0,0,0,0,1,0,0,0,1,0,0,1,0,1,0,0,1,1,0,1,0,1,0,0,0,1,0,0,0,1,1,1,1,0,1,1,1,0,0,0,1,1,1,0,0,0,1,0,0,1,0,0,0,1,0,0,0,0,0,0,0,1,0,1,1,0,1,0,1,0,0,0,0,0,1,1,0,1,0,0,0,0,0,0,0,0,0,0,0,1,1,1,0,1,1,1,1,0,0,0,1,1,0,0,0,1,1,0,0,0,0,0,0,1,1,0,0,1,0,0,0,1,0,1,1,1,0,1,0,0,0,1,0,0,1,0,0,1,1,0,0,1,1,1,0,0,1,0,1,1,0,1,1,1,1,1,0,0,1,1,0,0,0,1,1,1,0,1,0,1,0,0,0,1,1,1,1,0,0,1,0,0,0,1,1,0,1,0,0,1,0,0,0,0,1,0,0,1,0
0,1,0,1,0,1,1,0,0,0,1,0,1,1,0,1,1,1,1,0,0,1,0,0,0,1,1,0,1,0,1,0,0,0,0,0,0,0,1,1,0,1,0,1,1,1,0,1,0,1,1,0,0,1,0,0,0,0,0,0,0,1,1,0,0,1,1,1,0,0,1,1,1,1,1,1,0,1,0,1,1,1,1,1,0,1,0,1,1,1,0,1,0,0,1,1,1,0,0,1,0,1,0,1,1,0,1,1,0,1,1,1,0,0,0,1,1,0,1,0,1,1,0,0,0,0,0,0,0,0,1,1,1,1,0,1,0,0,0,0,0,1,0,1,0,0,0,1,0,0,0,0,0,0,0,0,0,1,0,0,1,0,0,1,0,0,0,0,0,0,0,1,1,0,0,0,1,1,0,0,1,0,0,1,1,0,0,0,1,0,0,0,1,0,0,0,0,0,0,0,0,0,0,1,0,0,0,0,0,0,0,0,0,0,0,0,0,0,0,0,0
0,1,0,1,0,1,1,0,0,0,1,0,1,1,0,1,1,1,1,0,0,1,1,1,0,1,1,0,1,1,1,0,0,0,0,0,0,0,1,1,0,1,0,1,1,1,0,1,1,1,1,1,0,1,1,0,0,1,1,1,1,1,1,0,0,1,1,1,1,0,1,1,1,1,1,1,0,1,0,1,1,1,1,1,0,1,0,1,1,1,1,1,0,0,1,1,1,1,0,1,0,1,0,1,1,0,1,1,0,1,1,1,1,1,0,1,1,1,1,0,1,1,0,1,0,0,0,1,1,0,1,1,1,1,0,1,1,0,0,1,0,1,0,1,0,1,1,1,0,0,0,0,0,1,0,0,0,1,0,1,1,0,0,1,0,1,0,0,1,0,0,1,1,1,0,1,1,1,0,0,1,1,0,1,1,0,1,0,1,1,0,1,1,1,0,1,1,0,0,0,0,1,0,1,1,0,1,1,0,0,0,1,0,0,1,0,0,0,0,1,0
0,1,0,1,0,1,0,0,0,0,1,0,1,1,1,1,1,1,0,0,0,0,0,0,0,1,1,1,1,0,1,0,0,1,0,0,0,0,1,1,0,1,0,1,1,1,0,1,0,1,1,0,0,1,0,0,0,0,0,0,0,1,1,1,1,1,0,1,0,0,1,1,1,1,1,1,0,0,0,1,1,1,1,1,0,0,0,1,1,1,0,1,0,0,1,0,1,0,0,1,0,1,0,1,1,1,1,1,0,1,1,1,0,0,0,1,1,0,1,0,1,1,0,0,0,0,0,0,0,0,1,1,0,1,0,1,0,0,0,0,0,0,0,1,0,0,0,1,0,0,0,0,0,0,0,0,0,0,0,0,1,0,0,1,0,0,0,0,0,0,1,0,0,0,0,0,1,1,0,0,1,0,0,1,1,0,0,0,0,0,0,0,0,0,0,0,0,0,0,0,0,0,0,0,0,0,0,0,0,0,0,0,0,0,0,0,0,0,0,0,0
0,1,0,1,0,1,0,0,0,0,1,0,1,1,1,1,1,1,0,0,0,0,0,0,0,1,1,1,1,0,1,0,0,1,0,0,0,0,0,1,0,1,0,1,0,1,0,1,0,1,1,0,0,1,0,0,0,0,0,0,0,1,1,1,1,1,0,1,0,0,1,1,0,1,1,0,0,0,0,1,1,1,1,1,0,0,0,1,1,1,0,1,0,0,1,0,1,0,0,1,0,1,0,1,1,1,1,1,0,1,1,1,0,0,0,1,1,0,1,0,1,1,0,0,0,0,0,0,0,0,1,1,0,1,0,1,0,0,0,0,0,0,0,1,0,0,0,1,0,0,0,0,0,0,0,0,0,0,0,0,1,0,0,1,0,0,0,0,0,0,1,0,0,0,0,0,1,1,0,0,1,0,0,1,1,0,0,0,0,0,0,0,0,0,0,0,0,0,0,0,0,0,0,0,0,0,0,0,0,0,0,0,0,0,0,0,0,0,0,0,0
0,1,0,1,0,1,1,0,0,0,1,0,1,1,0,1,1,1,1,0,0,1,1,1,0,1,1,0,1,1,1,0,0,0,0,0,0,0,1,1,0,1,0,1,1,1,0,1,0,1,1,0,0,1,1,0,0,0,0,1,1,1,1,0,0,1,1,1,0,0,1,1,1,1,1,1,0,1,0,1,1,1,1,1,0,1,0,1,1,1,0,1,0,0,1,1,1,0,0,1,0,1,0,1,1,0,1,1,0,1,1,1,0,0,0,1,1,0,1,0,1,1,0,0,0,0,0,0,0,0,1,1,1,1,0,1,0,0,0,0,0,1,0,1,0,0,0,1,0,0,0,0,0,0,0,0,0,1,0,0,1,0,0,1,0,0,0,0,0,0,0,1,1,0,0,0,1,1,0,0,1,0,0,1,1,0,0,0,1,0,0,0,1,0,0,1,1,0,0,0,0,0,0,1,0,0,1,0,0,0,0,1,0,1,0,0,0,0,0,1,0
0,1,0,1,0,1,1,0,0,0,1,0,1,1,0,1,1,1,1,0,0,1,1,1,0,1,1,0,1,1,1,0,0,1,0,0,0,0,1,1,0,1,1,1,1,1,0,1,1,1,1,0,0,1,1,0,0,1,1,1,1,1,1,1,1,1,0,1,1,0,1,1,1,1,1,1,0,0,0,1,1,1,1,1,0,0,0,1,1,1,1,1,0,0,1,0,1,1,0,1,0,1,0,1,1,1,1,1,0,1,1,1,1,1,0,1,1,1,1,0,1,1,0,1,0,0,0,1,1,0,1,1,0,1,0,1,1,0,0,1,0,0,0,1,0,1,1,1,0,0,1,0,0,1,1,0,0,0,0,1,1,0,1,1,0,1,0,0,1,0,1,0,0,1,0,1,1,1,0,0,1,1,0,1,1,0,1,1,0,1,0,1,0,0,0,1,1,1,1,0,0,1,0,0,0,0,1,0,1,0,0,1,0,0,0,0,1,0,0,1,0
0,1,0,1,0,1,1,0,0,1,1,0,1,1,0,1,1,1,1,0,0,1,1,1,0,1,1,0,1,1,1,0,1,0,0,0,0,0,1,1,1,1,0,1,1,1,1,1,0,1,1,0,0,1,1,0,0,0,0,1,1,1,1,0,0,1,1,1,0,0,1,1,1,1,1,1,0,1,0,1,1,1,1,1,0,1,0,1,1,1,0,1,0,0,1,1,1,0,1,1,1,1,0,1,1,0,1,1,0,1,1,1,0,0,0,1,1,0,1,1,1,1,0,0,0,0,0,0,0,0,1,1,1,1,0,1,0,1,0,0,0,1,1,1,0,0,0,1,0,0,0,0,0,0,0,0,0,1,0,0,1,0,0,1,0,0,0,0,0,0,0,1,1,0,0,0,1,1,0,0,1,0,0,1,1,0,0,0,1,0,0,0,1,0,0,1,1,0,0,0,0,0,0,1,0,0,1,0,0,0,0,1,0,0,0,0,0,0,0,1,0
0,0,0,0,0,1,0,0,0,0,1,1,0,0,0,1,1,1,0,0,0,0,0,0,0,0,0,0,0,0,1,0,0,0,0,0,1,0,0,1,0,1,0,1,0,0,0,1,0,0,0,1,0,0,0,0,0,0,0,0,0,0,1,0,0,0,0,0,0,0,0,1,0,1,0,0,0,0,0,0,1,0,0,0,0,0,0,0,0,0,0,0,0,0,0,1,0,0,0,0,0,0,0,0,0,0,0,1,0,0,0,1,0,0,0,0,0,0,0,0,1,0,0,0,0,0,0,0,0,0,0,0,1,0,0,0,0,0,0,0,0,1,0,0,0,0,0,0,0,0,0,0,0,0,0,0,0,1,0,0,0,0,0,0,0,0,0,0,0,0,0,0,0,0,0,0,1,0,0,0,0,0,0,1,1,0,0,0,1,0,0,0,1,0,1,1,1,0,0,0,0,0,0,1,0,0,1,0,0,1,0,0,0,0,0,0,0,1,0,0,0
0,1,0,1,0,1,1,1,0,0,1,0,1,1,0,1,1,1,1,0,0,1,1,1,0,1,1,0,1,1,1,0,0,0,0,0,0,0,1,1,0,1,0,1,1,1,0,1,0,1,1,0,0,1,1,0,0,0,0,1,1,1,1,0,0,1,1,1,0,0,1,1,1,1,1,1,0,1,0,1,1,1,1,1,0,1,0,1,1,1,0,1,0,0,1,1,1,0,0,1,0,1,0,1,1,0,1,1,0,1,1,1,0,0,0,1,1,0,1,0,1,1,0,0,0,0,0,0,0,0,1,1,1,1,0,1,0,0,0,0,0,1,0,1,0,0,0,1,0,0,0,0,0,0,0,0,0,1,0,0,1,0,0,1,0,0,0,0,0,0,0,1,1,0,0,0,1,1,0,0,1,0,0,1,1,0,0,0,1,0,0,0,1,0,1,1,1,0,0,0,0,0,0,1,0,0,1,0,0,0,0,1,0,0,0,0,0,0,0,1,0
0,1,0,0,0,1,0,0,0,0,1,1,0,0,0,1,1,1,0,0,0,0,0,0,0,0,0,0,0,0,1,0,0,0,0,0,1,0,0,1,0,1,0,1,0,0,0,1,0,0,0,1,0,0,0,0,0,0,0,0,0,0,1,0,0,0,0,0,0,0,0,1,0,1,0,0,0,0,0,0,1,0,0,0,0,0,0,0,0,0,0,0,0,0,0,1,0,0,0,0,0,0,0,0,0,0,0,1,0,0,0,1,0,0,0,0,0,0,0,0,1,0,0,0,0,0,0,0,0,0,0,0,1,0,0,0,0,0,0,0,0,1,0,0,0,0,0,0,0,0,0,0,0,0,0,0,0,1,0,0,0,0,0,0,0,0,0,0,0,0,0,0,0,0,0,0,1,0,0,0,0,0,0,1,1,0,0,0,1,0,0,0,1,0,0,1,1,0,0,0,0,0,0,1,0,0,1,0,0,1,0,0,0,0,0,0,0,1,0,0,0
0,1,0,1,0,1,1,0,0,0,1,0,1,1,0,1,1,1,1,0,0,1,0,0,0,1,1,0,1,0,1,0,0,1,0,0,0,0,1,1,0,1,0,1,1,1,0,1,1,1,1,1,0,1,1,0,0,1,1,1,1,1,1,1,1,1,0,1,1,0,1,1,1,1,1,1,0,0,0,1,1,1,1,1,0,0,0,1,1,1,1,1,0,0,1,0,1,1,0,1,0,1,0,1,1,1,1,1,0,1,1,1,1,1,0,1,1,1,1,0,1,1,0,1,0,0,0,1,1,0,1,1,0,1,0,1,1,0,0,1,0,0,0,1,0,1,1,1,0,0,0,0,0,1,0,0,0,0,0,1,1,0,0,1,0,1,0,0,1,0,1,0,0,1,0,1,1,1,0,0,1,1,0,1,1,0,1,1,0,1,0,1,0,0,0,1,1,1,1,0,0,1,0,0,0,0,1,0,1,0,0,1,0,0,0,0,1,0,0,1,0
0,1,0,1,0,1,1,0,0,0,1,0,1,1,0,1,1,1,1,0,0,1,1,1,0,1,1,0,1,1,1,0,0,0,0,0,0,0,1,1,0,1,0,1,1,1,0,1,0,1,1,0,0,1,1,0,0,0,0,1,1,1,1,0,0,1,1,1,0,0,1,1,1,1,1,1,0,1,0,1,1,1,1,1,0,1,0,1,1,1,0,1,0,0,1,1,1,0,0,1,0,1,0,1,1,0,1,1,0,1,1,1,0,0,0,1,1,0,1,0,1,1,0,0,0,0,0,0,0,0,1,1,1,1,0,1,0,0,0,0,0,1,0,1,0,0,0,1,0,0,0,0,0,0,0,0,0,1,0,0,1,0,0,1,0,0,0,0,0,0,0,1,1,0,0,0,1,1,0,0,1,0,0,1,1,0,0,0,1,0,0,0,1,0,0,1,1,0,0,0,0,0,0,1,0,0,1,0,0,0,0,1,0,0,0,0,0,0,0,1,0
0,1,0,1,0,1,1,0,0,0,1,0,1,1,0,1,1,1,1,0,0,1,0,0,0,1,1,0,1,0,1,0,0,0,0,0,0,0,1,1,0,1,0,1,1,1,0,1,0,1,1,1,0,1,1,0,1,0,0,1,1,1,1,0,0,1,1,1,1,0,1,1,1,1,1,1,0,0,0,1,1,1,1,1,0,1,1,1,1,1,0,1,0,0,1,0,1,0,0,1,0,1,0,1,1,0,1,1,0,1,1,1,0,0,0,1,1,0,1,0,1,1,0,0,0,0,0,0,0,0,1,1,0,1,0,1,0,0,0,0,0,0,0,1,0,0,0,1,0,1,0,0,0,0,0,0,0,0,0,0,1,0,0,1,0,0,0,0,0,0,0,1,1,0,0,0,1,1,0,0,1,0,0,1,1,0,0,0,0,0,0,0,0,0,0,1,1,0,0,0,0,0,0,0,0,0,1,0,0,0,0,1,0,0,0,0,0,0,0,1,0
0,1,0,1,0,1,1,0,0,0,1,0,1,1,0,1,1,1,1,0,0,1,1,1,0,1,1,0,1,1,1,0,0,0,0,0,0,0,1,1,0,1,0,1,1,1,0,1,1,1,1,1,0,1,1,0,0,1,1,1,1,1,1,0,0,1,1,1,1,0,1,1,1,1,1,1,0,1,0,1,1,1,1,1,0,1,0,1,1,1,1,1,0,0,1,1,1,1,0,1,0,1,0,1,1,0,1,1,0,1,1,1,1,1,0,1,1,1,1,0,1,1,0,1,0,0,0,1,1,0,1,1,1,1,0,1,1,0,0,1,0,1,0,1,0,1,1,1,0,0,0,0,0,1,0,0,0,1,0,1,1,0,0,1,0,1,0,0,1,0,0,1,1,1,0,1,1,1,0,0,1,1,0,1,1,0,1,1,1,1,0,1,1,0,0,1,1,1,1,0,0,1,0,1,0,0,1,0,1,0,0,1,0,0,0,0,1,0,0,1,0
0,0,0,1,0,1,0,0,0,0,1,1,0,0,0,1,1,1,0,0,0,0,0,0,0,0,0,0,0,0,1,0,0,0,0,0,1,0,0,1,0,1,0,1,0,0,0,1,0,0,0,1,0,0,0,0,0,0,0,0,0,0,1,0,0,0,0,0,0,0,0,1,0,1,0,0,0,0,0,0,1,0,0,0,0,0,0,0,0,0,0,0,0,0,0,1,0,0,0,0,0,0,0,0,0,0,0,1,0,0,0,1,0,0,0,0,0,0,0,0,1,0,0,0,0,0,1,0,0,0,0,0,1,1,0,0,0,0,0,0,0,1,0,0,0,0,0,0,1,0,0,0,0,0,0,0,0,1,0,0,0,0,0,0,0,0,0,0,0,0,0,0,0,0,0,0,1,0,0,0,0,0,0,1,1,0,0,0,1,0,0,0,1,0,0,1,1,0,0,0,0,0,0,1,0,0,1,0,0,1,0,0,0,0,0,0,0,1,0,0,0
0,1,0,0,0,0,0,0,0,0,0,0,0,0,0,1,1,1,1,0,0,1,0,0,0,0,1,0,0,0,0,0,0,0,0,0,1,0,0,0,0,1,0,0,0,0,0,1,0,0,0,1,0,0,0,0,0,0,0,1,0,0,1,0,0,0,0,0,0,0,0,0,0,0,0,0,0,0,0,0,0,0,0,0,0,0,0,0,1,0,0,0,0,0,0,0,0,0,0,0,0,0,0,0,0,0,0,0,0,0,0,1,0,0,0,0,0,0,1,0,0,0,0,0,0,0,0,0,0,0,0,0,0,0,0,0,0,0,0,0,0,0,0,0,0,0,0,1,0,0,0,0,0,0,0,0,0,0,0,0,1,0,0,1,0,0,0,0,0,0,0,0,0,0,0,0,1,0,0,0,0,0,0,0,0,0,0,0,0,0,0,0,0,0,0,1,1,0,0,0,0,0,0,0,0,0,1,0,0,1,0,0,0,0,0,1,0,1,0,0,0
0,1,0,1,0,1,1,0,0,0,1,0,1,1,0,1,1,1,1,0,0,1,0,0,0,1,1,0,1,0,1,0,0,0,0,0,0,0,1,1,0,1,0,1,1,1,0,1,0,1,1,1,0,1,1,0,0,0,0,1,1,1,1,0,0,1,1,1,0,0,1,1,1,1,1,1,0,1,0,1,1,1,1,1,0,1,0,1,1,1,0,1,0,0,1,0,1,0,0,1,0,1,0,1,1,0,1,1,0,1,1,1,0,0,0,1,1,0,1,0,1,1,0,0,0,0,0,0,0,0,1,1,0,1,0,1,0,0,0,0,0,0,0,1,0,0,0,1,0,0,0,0,0,0,0,0,0,0,0,0,1,0,0,1,0,0,0,0,0,0,0,1,1,0,0,0,1,1,0,0,1,0,0,1,1,0,0,0,0,0,0,0,0,0,0,1,1,0,0,0,0,0,0,0,0,0,1,0,0,0,0,1,0,0,0,0,0,0,0,1,0
0,1,0,0,0,0,0,0,0,0,1,0,0,0,0,1,1,1,0,0,0,0,0,0,0,0,0,0,0,0,0,0,0,0,0,0,1,0,0,0,0,1,0,0,0,0,0,1,0,0,0,1,0,0,0,0,0,0,0,0,0,0,1,0,0,0,0,0,0,0,0,0,0,0,0,0,0,0,0,0,0,0,0,0,0,0,0,0,0,0,0,0,0,0,0,0,0,0,0,0,0,0,0,0,0,0,0,0,0,0,0,1,0,0,0,0,0,0,0,0,0,0,0,0,0,0,0,0,0,0,0,0,0,0,0,0,0,0,0,0,0,0,0,0,0,0,0,0,0,0,0,0,0,0,0,0,0,0,0,0,0,0,0,0,0,0,0,0,0,0,0,0,0,0,0,0,1,0,0,0,0,0,0,0,0,0,0,0,0,0,0,0,0,0,0,1,1,0,0,0,0,0,0,0,0,0,1,0,0,1,0,0,0,0,0,0,0,1,0,0,0
0,1,0,0,0,1,0,0,0,0,1,1,0,0,0,1,1,1,0,0,0,0,0,0,0,0,0,0,0,0,1,0,0,0,0,0,1,0,0,1,0,1,0,1,0,0,0,1,0,0,0,1,0,0,0,0,0,0,0,0,0,0,1,0,0,0,0,0,0,0,0,1,0,1,0,0,0,0,0,0,1,0,0,0,0,0,0,0,0,0,0,0,0,0,0,1,0,0,0,0,0,0,0,0,0,0,0,1,0,0,0,1,0,0,0,0,0,0,0,0,1,0,0,0,0,0,0,0,0,0,0,0,1,0,0,0,0,0,0,0,0,1,0,0,0,0,0,0,0,0,0,0,0,0,0,0,0,1,0,0,0,0,0,0,0,0,0,0,0,0,0,0,0,0,0,0,1,0,0,0,0,0,0,1,1,0,0,0,1,0,0,0,1,0,0,1,1,0,0,0,0,0,0,1,0,0,1,0,0,1,0,0,0,0,0,0,0,1,0,0,0
0,1,0,0,0,1,0,0,0,0,1,1,0,0,0,1,1,1,0,0,0,0,0,0,0,0,0,0,0,0,1,0,0,0,0,0,1,0,0,1,0,1,0,1,0,0,0,1,0,0,0,1,0,0,0,0,0,0,0,0,0,0,1,0,0,0,0,0,0,0,0,1,0,1,0,0,0,0,0,0,1,0,0,0,0,0,0,0,0,0,0,0,0,0,0,1,0,0,0,0,0,0,0,0,0,0,0,1,0,0,0,1,0,0,0,0,0,0,0,0,1,0,0,0,0,0,0,0,0,0,0,0,1,0,0,0,0,0,0,0,0,1,0,0,0,0,0,0,0,0,0,0,0,0,0,0,0,1,0,0,0,0,0,0,0,0,0,0,0,0,0,0,0,0,0,0,1,0,0,0,0,0,0,1,1,0,0,0,1,0,0,0,1,0,0,1,0,0,0,0,0,0,0,1,0,0,1,0,0,1,0,0,0,0,0,0,0,1,0,0,0
0,0,0,0,0,0,0,0,0,0,0,0,0,0,0,1,1,1,0,0,0,0,0,0,0,0,0,0,0,0,0,0,0,0,0,0,1,0,0,0,0,1,0,0,0,0,0,1,0,0,0,1,0,0,0,0,0,0,0,0,0,0,1,0,0,0,0,0,0,0,0,0,0,0,0,0,0,0,0,0,0,0,0,0,0,0,0,0,1,0,0,0,0,0,0,0,0,0,0,0,0,0,0,0,0,0,0,0,0,0,0,1,0,0,0,0,0,0,1,0,0,0,0,0,0,0,0,0,0,0,0,0,0,0,0,0,0,0,0,0,0,0,0,0,0,0,0,1,0,0,0,0,0,0,0,0,0,0,0,0,1,0,0,1,0,0,0,0,0,0,0,0,0,0,0,0,1,0,0,0,0,0,0,0,0,0,0,0,0,0,0,0,0,0,0,0,0,0,0,0,0,0,0,0,0,0,0,0,0,0,0,0,0,0,0,0,0,0,0,0,0
0,1,0,1,0,1,0,0,0,0,1,0,1,1,0,1,1,1,0,0,0,0,0,0,0,1,1,0,0,0,1,0,0,1,0,0,0,0,1,1,0,1,0,1,1,1,0,1,0,1,1,0,0,1,0,0,0,0,0,0,0,1,1,1,1,1,0,1,0,0,1,1,1,1,1,1,0,0,0,1,1,1,1,1,0,0,0,1,1,1,0,1,0,0,1,0,1,0,0,1,0,1,0,1,1,1,1,1,0,1,1,1,0,0,0,1,1,0,1,0,1,1,0,0,0,0,0,0,0,0,1,1,0,1,0,1,0,0,0,0,0,0,0,1,0,0,0,1,0,0,0,0,0,0,0,0,0,0,0,0,1,0,0,1,0,0,0,0,0,0,1,0,0,0,0,0,1,1,0,0,1,0,0,1,1,0,0,0,0,0,0,0,0,0,0,0,0,0,0,0,0,0,0,0,0,0,0,0,0,0,0,0,0,0,0,0,0,0,0,0,0
0,0,0,0,0,1,0,0,0,0,0,0,0,0,0,1,1,1,0,0,0,0,0,0,0,0,0,0,0,0,1,0,0,0,0,0,1,0,0,0,0,1,0,1,0,0,0,1,0,0,0,1,0,0,0,0,0,0,0,0,0,0,1,0,0,0,0,0,0,0,0,1,0,0,0,0,0,1,0,0,1,0,0,0,0,1,0,0,1,0,0,0,0,0,0,1,0,0,0,0,0,0,0,0,0,0,0,1,0,0,0,1,0,0,0,0,0,0,1,0,1,0,0,0,0,0,0,0,0,0,0,0,1,0,0,0,0,0,0,0,0,1,0,0,0,0,0,1,0,0,0,0,0,0,0,0,0,1,0,0,1,0,0,1,0,0,0,0,0,0,0,1,1,0,0,0,1,0,0,0,0,0,0,1,1,0,0,0,1,0,0,0,1,0,0,0,0,0,0,0,0,0,0,1,0,0,0,0,0,0,0,0,0,0,0,0,0,0,0,0,0
0,1,0,1,0,1,1,0,0,0,1,0,1,1,0,1,1,1,1,0,0,1,0,0,0,1,1,0,1,0,1,0,0,0,0,0,0,0,0,1,0,1,0,1,0,1,0,1,0,1,1,0,0,1,0,0,0,0,0,0,0,1,1,0,0,1,1,1,0,0,1,1,0,1,1,0,0,1,0,1,1,1,1,1,0,1,0,1,1,1,0,1,0,0,1,1,1,0,0,1,0,1,0,1,1,0,1,1,0,1,1,1,0,0,0,1,1,0,1,0,1,1,0,0,0,0,0,0,0,0,1,1,1,1,0,1,0,0,0,0,0,1,0,1,0,0,0,1,0,0,0,0,0,0,0,0,0,1,0,0,1,0,0,1,0,0,0,0,0,0,0,1,1,0,0,0,1,1,0,0,1,0,0,1,1,0,0,0,1,0,0,0,1,0,0,0,0,0,0,0,0,0,0,1,0,0,0,0,0,0,0,0,0,0,0,0,0,0,0,0,0
0,1,0,0,0,1,0,0,0,0,1,1,0,0,0,1,1,1,0,0,0,0,0,0,0,0,0,0,0,0,1,0,0,0,0,0,1,0,0,1,0,1,0,1,0,0,0,1,0,0,0,1,0,0,0,0,0,0,0,0,0,0,1,0,0,0,0,0,0,0,0,1,0,1,0,0,0,0,0,0,1,0,0,0,0,0,0,0,0,0,0,0,0,0,0,1,0,0,0,0,0,0,0,0,0,0,0,1,0,0,0,1,0,0,0,0,0,0,0,0,1,0,0,0,0,0,0,0,0,0,0,0,1,0,0,0,0,0,0,0,0,1,0,0,0,0,0,0,0,0,0,0,0,0,0,0,0,1,0,0,0,0,0,0,0,0,0,0,0,0,0,0,0,0,0,0,1,0,0,0,0,0,0,1,1,0,0,0,1,0,0,0,1,0,0,1,0,0,0,0,0,0,0,1,0,0,1,0,0,1,0,0,0,0,0,0,0,1,0,0,0
0,0,0,1,0,1,1,0,0,0,0,0,0,0,0,1,1,1,0,0,0,0,0,0,0,0,0,0,0,0,0,0,0,0,0,0,1,0,1,0,0,1,0,0,0,0,0,1,0,0,0,1,0,1,1,0,0,0,0,0,0,0,1,0,0,0,0,0,0,0,0,0,0,0,0,1,0,0,0,0,0,0,0,1,0,0,0,0,1,0,0,0,0,0,0,0,0,0,0,1,0,0,0,0,0,0,0,0,0,0,0,1,0,0,0,1,1,0,1,0,0,0,0,0,0,0,0,0,0,0,0,0,0,0,0,0,0,0,1,0,0,0,0,1,0,0,0,1,0,0,0,0,0,0,0,0,0,0,0,0,1,0,0,1,0,0,0,0,0,0,0,0,0,0,0,0,1,0,0,0,1,0,0,0,0,0,0,0,0,0,0,0,0,0,0,0,0,0,0,0,0,0,0,0,0,0,0,0,0,0,0,1,0,0,0,0,0,0,0,1,0
0,1,0,1,0,1,1,0,0,0,1,0,1,1,0,1,1,1,1,0,0,1,1,1,0,1,1,0,1,1,1,0,0,0,0,0,0,0,1,1,0,1,0,1,1,1,0,1,0,1,1,0,0,1,1,0,0,0,0,1,1,1,1,0,0,1,1,1,0,0,1,1,1,1,1,1,0,1,0,1,1,1,1,1,0,1,0,1,1,1,0,1,0,0,1,1,1,0,0,1,0,1,0,1,1,0,1,1,0,1,1,1,0,0,0,1,1,0,1,0,1,1,0,0,0,0,0,0,0,0,1,1,1,1,0,1,0,0,0,0,0,1,0,1,0,0,0,1,0,0,0,0,0,0,0,0,0,1,0,0,1,0,0,1,0,0,0,0,0,0,0,1,1,0,0,0,1,1,0,0,1,0,0,1,1,0,0,0,1,0,0,0,1,0,0,1,1,0,0,0,0,0,0,1,0,0,1,0,0,0,0,1,0,0,0,0,0,0,0,1,0
0,0,0,0,0,0,0,0,0,0,0,0,0,0,0,1,1,1,0,0,0,0,0,0,0,0,0,0,0,0,0,0,0,0,0,0,1,0,0,0,0,1,0,0,0,0,0,1,0,0,0,1,0,0,0,0,0,0,0,0,0,0,1,0,0,0,0,0,0,0,0,0,0,0,0,0,0,0,0,0,0,0,0,0,0,0,0,0,1,0,0,0,0,0,0,0,0,0,0,0,0,0,0,0,0,0,0,0,0,0,0,1,0,0,0,0,0,0,1,0,0,0,0,0,0,0,0,0,0,0,0,0,0,0,0,0,0,0,0,0,0,0,0,0,0,0,0,1,0,0,0,0,0,0,0,0,0,0,0,0,1,0,0,1,0,0,0,0,0,0,0,0,0,0,0,0,1,0,0,0,0,0,0,0,0,0,0,0,0,0,0,0,0,0,0,1,0,0,0,0,0,0,0,0,0,0,1,0,0,1,0,0,0,0,0,0,0,1,0,0,0
0,1,0,1,0,1,1,0,0,0,1,0,1,1,0,1,1,1,0,0,0,0,0,0,0,1,1,0,0,0,1,0,0,1,0,0,0,0,1,1,0,1,1,1,1,1,0,1,1,0,0,1,0,1,0,0,0,0,0,0,0,1,1,1,1,1,0,1,0,0,1,1,1,1,0,1,0,0,0,1,1,0,0,1,0,0,0,1,1,1,0,1,0,0,0,1,1,0,0,0,0,1,0,0,1,0,1,1,0,1,1,1,0,0,0,1,0,0,1,0,1,1,0,0,0,0,0,0,0,0,0,1,1,1,0,1,0,0,0,0,0,1,0,1,0,0,0,1,0,0,0,0,0,0,0,0,0,1,0,0,1,0,0,1,0,0,0,0,0,0,1,0,0,0,0,0,1,1,0,0,1,0,0,1,1,0,0,0,1,0,0,0,0,0,0,0,0,0,0,0,0,0,0,0,0,0,1,0,0,0,0,0,0,0,0,0,0,0,0,0,0
0,0,0,0,0,0,0,0,0,0,0,0,0,0,0,1,1,1,0,0,0,0,0,0,0,0,0,0,0,0,0,0,0,0,0,0,1,0,0,0,0,1,0,0,0,0,0,1,0,0,0,1,0,0,0,0,0,0,0,0,0,0,1,0,0,0,0,0,0,0,0,0,0,0,0,0,0,0,0,0,0,0,0,0,0,0,0,0,0,0,0,0,0,0,0,0,0,0,0,0,0,0,0,0,0,0,0,0,0,0,0,1,0,0,0,0,0,0,0,0,0,0,0,0,0,0,0,0,0,0,0,0,0,0,0,0,0,0,0,0,0,0,0,0,0,0,0,0,0,0,0,0,0,0,0,0,0,0,0,0,0,0,0,0,0,0,0,0,0,0,0,0,0,0,0,0,1,0,0,0,0,0,0,0,0,0,0,0,0,0,0,0,0,0,0,0,0,0,0,0,0,0,0,0,0,0,0,0,0,0,0,0,0,0,0,0,0,0,0,0,0
0,1,0,0,0,1,0,0,0,0,1,1,0,0,0,1,1,1,0,0,0,0,0,0,0,0,0,0,0,0,1,0,0,0,0,0,1,0,0,1,0,1,0,1,0,0,0,1,0,0,0,1,0,0,0,0,0,0,0,0,0,0,1,0,0,0,0,0,0,0,0,1,0,1,0,0,0,0,0,0,1,0,0,0,0,0,0,0,0,0,0,0,0,0,0,1,0,0,0,0,0,0,0,0,0,0,0,1,0,0,0,1,0,0,0,0,0,0,0,0,1,0,0,0,0,0,0,0,0,0,0,0,1,1,0,0,0,0,0,0,0,1,0,0,0,0,0,0,0,0,0,0,0,0,0,0,0,1,0,0,0,0,0,0,0,0,0,0,0,0,0,0,0,0,0,0,1,0,0,0,0,0,0,1,1,0,0,0,1,0,0,0,1,0,0,1,1,0,0,0,0,0,0,1,0,0,1,0,0,1,0,0,0,0,0,0,0,1,0,0,0
0,0,0,0,0,0,0,0,0,0,0,0,0,0,0,1,1,1,0,0,0,0,0,0,0,0,0,0,0,0,0,0,0,0,0,0,1,0,0,0,0,1,0,0,0,0,0,1,0,0,0,1,0,0,0,0,0,0,0,0,0,0,1,0,0,0,0,0,0,0,0,0,0,0,0,0,0,0,0,0,0,0,0,0,0,0,0,0,0,0,0,0,0,0,0,0,0,0,0,0,0,0,0,0,0,0,0,0,0,0,0,1,0,0,0,0,0,0,0,0,0,0,0,0,0,0,0,0,0,0,0,0,0,0,0,0,0,0,0,0,0,0,0,0,0,0,0,1,0,0,0,0,0,0,0,0,0,0,0,0,0,0,0,0,0,0,0,0,0,0,0,0,0,0,0,0,1,0,0,0,0,0,0,0,0,0,0,0,0,0,0,0,0,0,0,1,0,0,0,0,0,0,0,0,0,0,0,0,0,0,0,0,0,0,0,0,0,0,0,0,0
0,1,0,0,0,1,0,0,0,0,1,1,0,0,0,1,1,1,0,0,0,0,0,0,0,0,0,0,0,0,1,0,0,0,0,0,1,0,0,1,0,1,0,1,0,0,0,1,0,0,0,1,0,0,0,0,0,0,0,0,0,0,1,0,0,0,0,0,0,0,0,1,0,1,0,0,0,0,0,0,1,0,0,0,0,0,0,0,0,0,0,0,0,0,0,1,0,0,0,0,0,0,0,0,0,0,0,1,0,0,0,1,0,0,0,0,0,0,0,0,1,0,0,0,0,0,0,0,0,0,0,0,1,0,0,0,0,0,0,0,0,1,0,0,0,0,0,0,0,0,0,0,0,0,0,0,0,1,0,0,0,0,0,0,0,0,0,0,0,0,0,0,0,0,0,0,1,0,0,0,0,0,0,1,1,0,0,0,1,0,0,0,1,0,0,1,1,0,0,0,0,0,0,1,0,0,1,0,0,1,0,0,0,0,0,0,0,1,0,0,0
0,1,0,1,0,1,0,0,0,0,1,0,1,1,0,1,1,1,1,0,0,1,0,0,0,1,1,0,1,0,1,0,0,1,0,0,0,0,1,1,0,1,0,1,1,1,0,1,0,1,1,0,0,1,1,0,0,0,0,1,1,1,1,1,1,1,0,1,0,0,1,1,1,1,1,1,0,0,0,1,1,1,1,1,0,0,0,1,1,1,0,1,0,0,1,0,1,0,0,1,0,1,0,1,1,1,1,1,0,1,1,1,0,0,0,1,1,0,1,0,1,1,0,0,0,0,0,0,0,0,1,1,0,1,0,1,0,0,0,0,0,0,0,1,0,0,0,1,0,0,0,0,0,0,0,0,0,0,0,0,1,0,0,1,0,0,0,0,0,0,1,0,0,0,0,0,1,1,0,0,1,0,0,1,1,0,0,0,0,0,0,0,0,0,0,1,1,0,0,0,0,0,0,0,0,0,1,0,0,0,0,1,0,0,0,0,0,0,0,1,0
0,0,0,0,0,1,0,0,0,0,1,1,0,0,0,1,1,1,0,0,0,0,0,0,0,0,0,0,0,0,1,0,0,0,0,0,0,0,0,1,0,1,0,1,0,0,0,1,0,0,0,1,0,0,0,0,0,0,0,0,0,0,1,0,0,0,0,0,0,0,0,1,0,1,0,0,0,0,0,0,1,0,0,0,0,0,0,0,0,0,0,0,0,0,0,1,0,0,0,0,0,0,0,0,0,0,0,1,0,0,0,1,0,0,0,0,0,0,0,0,1,0,0,0,0,0,0,0,0,0,0,0,1,0,0,0,0,0,0,0,0,1,0,0,0,0,0,0,0,0,0,0,0,0,0,0,0,1,0,0,0,0,0,0,0,0,0,0,0,0,0,0,0,0,0,0,1,0,0,0,0,0,0,1,1,0,0,0,1,0,0,0,1,0,0,1,0,0,0,0,0,0,0,1,0,0,1,0,0,1,0,0,0,0,0,0,0,1,0,0,0
0,1,0,1,0,1,1,0,0,0,1,0,1,1,0,1,1,1,0,0,0,0,0,0,0,0,0,0,0,0,1,0,0,0,0,0,1,0,0,0,0,1,0,1,0,0,0,1,0,0,0,1,0,0,0,0,0,0,0,0,0,0,1,0,0,0,0,0,0,0,0,1,0,0,0,0,0,1,0,0,1,0,0,0,0,1,0,0,1,0,0,0,0,0,0,1,0,0,0,0,0,0,0,0,0,0,0,1,0,0,0,1,0,0,0,0,0,0,1,0,1,0,0,0,0,0,0,0,0,0,0,0,1,0,0,0,0,0,0,0,0,1,0,0,0,0,0,1,0,0,0,0,0,0,0,0,0,1,0,0,1,0,0,1,0,0,0,0,0,0,0,1,1,0,0,0,1,0,0,0,0,0,0,1,1,0,0,0,1,0,0,0,1,0,0,1,0,0,0,0,0,0,0,1,0,0,1,0,0,1,0,0,0,0,0,0,0,1,0,0,0
0,1,0,0,0,0,0,0,0,0,0,0,0,0,0,1,1,1,1,0,0,1,0,0,0,0,1,0,0,0,0,0,0,0,0,0,1,0,0,0,0,1,0,0,0,0,0,1,0,0,0,1,0,0,0,0,0,0,0,1,0,0,1,0,0,0,0,0,0,0,0,0,0,0,0,0,0,0,0,0,0,0,0,0,0,0,0,0,1,0,0,0,0,0,0,0,0,0,0,0,0,0,0,0,0,0,0,0,0,0,0,1,0,0,0,0,0,0,1,0,0,0,0,0,0,0,0,0,0,0,0,0,0,0,0,0,0,0,0,0,0,0,0,0,0,0,0,1,0,0,0,0,0,0,0,0,0,0,0,0,1,0,0,1,0,0,0,0,0,0,0,0,0,0,0,0,1,0,0,0,0,0,0,0,0,0,0,0,0,0,0,0,0,0,0,1,1,0,0,0,0,0,0,0,0,0,1,0,0,1,0,0,0,1,0,1,0,1,0,0,0
0,1,0,1,0,1,1,0,0,0,0,0,0,0,0,1,1,1,0,1,1,1,0,0,0,0,0,0,0,0,1,0,0,1,0,0,1,0,1,1,0,1,0,1,0,0,0,1,0,0,0,1,0,1,1,0,0,0,0,0,0,0,1,1,1,0,0,0,0,0,0,1,0,1,0,1,0,1,0,0,1,0,0,1,0,1,0,0,1,0,0,0,0,0,0,1,1,0,0,1,0,0,0,0,0,0,0,1,0,0,0,1,0,0,0,1,1,0,1,0,1,0,0,0,0,0,0,0,0,0,0,0,1,1,0,1,0,0,0,0,0,1,0,1,0,0,0,1,0,0,0,0,0,0,0,0,0,1,0,0,1,0,0,1,0,0,0,0,0,0,1,1,0,0,0,0,1,1,0,0,1,0,0,1,1,0,0,0,1,0,0,0,1,0,1,1,1,0,0,0,0,0,0,1,0,0,0,0,0,0,0,1,0,0,0,0,0,0,0,1,0
0,1,0,1,0,1,0,0,0,0,1,0,1,1,0,1,1,1,0,0,0,0,0,0,0,1,1,0,0,0,1,0,0,1,0,0,0,0,0,1,0,1,0,1,0,1,0,1,0,1,1,0,0,1,0,0,0,0,0,0,0,1,1,1,1,1,0,1,0,0,1,1,0,1,1,0,0,0,0,1,1,1,1,1,0,0,0,1,1,1,0,1,0,0,1,0,1,0,0,1,0,1,0,1,1,1,1,1,0,1,1,1,0,0,0,1,1,0,1,0,1,1,0,0,0,0,0,0,0,0,1,1,0,1,0,1,0,0,0,0,0,0,0,1,0,0,0,1,0,0,0,0,0,0,0,0,0,0,0,0,1,0,0,1,0,0,0,0,0,0,1,0,0,0,0,0,1,1,0,0,1,0,0,1,1,0,0,0,0,0,0,0,0,0,0,0,0,0,0,0,0,0,0,0,0,0,0,0,0,0,0,0,0,0,0,0,0,0,0,0,0
0,1,0,0,0,1,0,0,0,0,1,1,0,0,0,1,1,1,0,0,0,0,0,0,0,0,0,0,0,0,1,0,0,0,0,0,1,0,0,1,0,1,0,1,0,0,0,1,0,0,0,1,0,0,0,0,0,0,0,0,0,0,1,0,0,0,0,0,0,0,0,1,0,1,0,0,0,0,0,0,1,0,0,0,0,0,0,0,0,0,0,0,0,0,0,1,0,0,0,0,0,0,0,0,0,0,0,1,0,0,0,1,0,0,0,0,0,0,0,0,1,0,0,0,0,0,0,0,0,0,0,0,1,0,0,0,0,0,0,0,0,1,0,0,0,0,0,0,0,0,0,0,0,0,0,0,0,1,0,0,0,0,0,0,0,0,0,0,0,0,0,0,0,0,0,0,1,0,0,0,0,0,0,1,1,0,0,0,1,0,0,0,1,0,0,1,0,0,0,0,0,0,0,1,0,0,1,0,0,1,0,0,0,0,0,0,0,1,0,0,0
0,1,0,1,0,0,0,0,0,0,0,0,0,0,0,1,1,1,1,1,1,1,0,1,0,1,1,0,1,0,0,0,0,0,0,0,1,0,1,0,0,1,0,0,1,1,0,1,0,1,1,0,0,1,0,0,0,0,0,1,0,1,1,0,0,1,0,1,0,0,1,0,1,0,1,1,0,0,0,1,0,1,1,1,0,0,0,1,1,1,0,1,0,0,1,0,1,0,0,1,0,1,0,1,1,0,1,0,0,1,1,1,0,0,0,1,1,0,1,0,0,1,0,0,0,0,0,0,0,0,1,1,0,0,0,1,0,0,0,0,0,0,0,1,0,0,0,1,0,0,0,0,0,0,0,0,0,0,0,0,1,0,0,1,0,0,0,0,0,0,0,0,0,0,0,0,1,1,0,0,1,0,0,0,0,0,0,0,0,0,0,0,0,0,0,1,1,0,0,0,0,0,0,0,0,0,1,0,0,1,0,0,0,0,0,0,0,1,0,0,0
0,1,0,1,0,1,0,0,0,0,1,0,1,1,0,1,1,1,1,0,0,1,1,1,0,1,1,0,1,1,1,0,0,0,0,0,0,0,1,1,0,1,0,1,1,1,0,1,0,1,1,0,0,1,1,0,0,0,0,1,1,1,1,0,0,1,1,1,0,0,1,1,1,1,1,1,0,0,0,1,1,1,1,1,0,0,0,1,1,1,0,1,0,0,1,0,1,0,0,1,0,1,0,1,1,0,1,1,0,1,1,1,0,0,0,1,1,0,1,0,1,1,0,0,0,0,0,0,0,0,1,1,0,1,0,1,0,0,0,0,0,0,0,1,0,0,0,1,0,0,0,0,0,0,0,0,0,0,0,0,1,0,0,1,0,0,0,0,0,0,0,0,0,0,0,0,1,1,0,0,1,0,0,1,1,0,0,0,0,0,0,0,0,0,0,1,1,0,0,0,0,0,0,0,0,0,1,0,0,0,0,1,0,0,0,0,0,0,0,1,0
0,1,0,1,1,0,0,0,0,0,0,0,0,0,0,1,1,1,1,0,0,1,0,0,0,1,1,0,1,0,0,0,0,1,0,0,0,0,1,0,0,1,0,0,1,1,0,1,0,0,0,1,1,1,1,1,0,0,0,1,1,1,1,1,1,0,0,0,0,0,1,0,1,0,0,1,1,0,0,1,0,0,0,1,1,0,0,0,1,0,0,0,0,0,0,0,1,0,0,1,0,0,1,0,1,1,1,0,0,1,1,1,0,0,0,1,1,0,1,0,0,1,1,0,0,0,0,0,0,0,1,0,0,0,0,1,0,0,0,0,1,0,0,1,0,0,0,1,0,0,0,0,0,0,0,0,0,0,0,0,1,0,0,1,0,0,0,0,0,0,1,0,0,0,1,0,1,1,0,0,1,0,0,0,0,0,0,0,0,0,0,0,0,0,0,1,0,0,0,0,0,0,0,0,0,0,0,0,0,0,0,0,0,0,0,0,0,0,0,0,0
0,1,0,1,0,1,1,0,0,0,1,0,1,1,1,0,0,1,1,0,0,0,0,0,0,0,1,0,0,0,1,0,0,1,0,1,0,0,1,1,0,1,0,1,0,0,0,1,0,0,0,1,1,1,1,0,1,1,1,0,0,0,1,1,1,0,0,0,1,0,0,1,0,0,0,1,0,0,0,0,0,0,0,1,0,1,1,0,1,0,1,0,0,0,0,0,1,1,0,1,0,0,0,0,0,0,0,0,0,0,0,1,1,1,0,1,1,1,1,0,0,0,1,1,0,0,0,1,1,0,0,0,0,0,0,1,1,0,0,1,0,0,0,1,0,1,1,1,0,1,0,0,0,1,0,0,1,0,0,1,1,0,0,1,1,1,0,0,1,0,1,1,0,1,1,1,1,1,0,0,1,1,0,0,0,1,1,1,0,1,0,1,0,0,0,1,1,1,1,0,0,1,0,0,0,1,1,0,1,0,0,1,0,0,0,0,1,0,0,1,0
0,1,0,1,0,1,1,0,0,0,1,0,1,1,0,1,1,1,1,1,1,1,0,1,0,1,1,0,1,0,1,0,0,0,0,0,1,0,1,1,0,1,1,1,1,1,0,1,1,0,0,0,0,1,1,0,0,1,1,1,0,1,1,0,0,0,0,0,1,0,1,1,1,1,0,1,0,0,0,1,1,0,0,1,0,0,0,0,1,0,0,0,0,0,0,1,1,1,0,1,0,0,0,0,1,0,1,1,0,1,1,1,1,1,0,1,1,1,1,0,1,1,0,0,1,0,0,1,1,0,1,0,1,1,0,1,0,0,0,0,0,1,0,1,0,0,1,1,0,0,1,1,0,1,0,0,0,1,0,0,1,0,0,1,0,1,1,0,1,0,0,0,0,1,0,1,1,1,1,0,1,0,0,1,1,0,1,0,1,1,0,1,1,0,1,1,1,1,0,0,0,1,1,1,0,0,0,0,0,0,1,0,0,0,0,0,0,0,1,0,0
0,1,0,1,0,1,1,0,0,0,1,0,1,1,1,0,0,1,1,0,0,0,0,0,0,0,1,0,0,0,1,0,0,1,0,1,0,0,1,1,0,1,0,1,0,0,0,1,0,0,0,1,1,1,1,0,1,1,1,0,0,0,1,1,1,0,0,0,1,0,0,1,0,0,0,1,0,0,0,0,0,0,0,1,0,1,1,0,1,0,1,0,0,0,0,0,1,1,0,1,0,0,0,0,0,0,0,0,0,0,0,1,1,1,0,1,1,1,1,0,0,0,1,1,0,0,0,1,1,0,0,0,0,0,0,1,1,0,0,1,0,0,0,1,0,1,1,1,0,1,0,0,0,1,0,0,1,0,0,1,1,0,0,1,1,1,0,0,1,0,0,1,0,1,1,1,1,1,0,0,1,1,0,0,0,1,1,1,0,1,0,1,0,0,0,1,1,1,1,0,0,1,0,0,0,1,1,0,1,0,0,1,0,0,0,1,1,0,0,1,0
0,1,0,1,0,1,0,0,0,0,1,0,1,1,0,1,1,1,1,0,0,1,0,0,0,1,1,0,1,0,1,0,0,1,0,0,1,0,0,1,0,1,0,1,0,1,0,1,0,0,0,0,1,1,0,1,0,1,1,1,0,1,1,1,1,0,0,0,0,0,1,1,0,1,0,0,1,0,0,1,1,0,0,1,1,0,0,0,1,0,0,0,0,0,0,1,1,1,0,0,0,0,1,0,1,1,1,1,0,1,0,1,1,1,0,1,0,1,1,0,1,1,1,0,0,0,0,1,1,0,1,0,1,1,0,1,0,0,0,0,1,1,0,1,0,0,1,1,0,0,0,0,0,1,0,0,0,1,0,0,1,0,0,1,0,1,1,0,1,0,1,0,0,1,1,1,1,1,0,0,1,0,0,1,1,0,1,0,1,1,0,0,1,0,0,0,0,1,0,0,0,0,0,1,0,0,0,0,0,0,1,0,0,0,0,0,0,0,1,0,0
0,1,0,1,0,1,1,0,0,0,1,0,1,1,1,0,0,1,1,0,0,0,0,0,0,0,1,0,0,0,1,0,0,1,0,1,1,0,1,1,0,1,0,1,0,0,0,1,0,0,0,1,1,1,1,0,1,1,1,0,0,0,1,1,1,0,0,0,1,0,0,1,0,0,0,1,0,0,0,0,0,0,0,1,0,1,1,0,1,0,1,0,0,0,0,0,1,1,0,1,0,0,0,0,0,0,0,0,0,0,0,1,1,1,0,1,1,1,1,0,0,0,1,1,0,0,0,1,1,0,0,0,0,0,0,1,1,0,0,1,0,0,0,1,0,1,1,1,0,1,0,0,0,1,0,0,1,0,0,1,1,0,0,1,1,1,0,0,1,0,1,1,0,1,1,1,1,1,0,0,1,1,0,0,0,1,1,1,0,1,0,1,0,0,0,1,1,1,1,0,0,1,0,0,0,1,1,0,1,0,0,1,0,0,0,0,1,0,0,1,0
0,1,0,1,0,1,1,0,0,0,1,0,1,1,1,0,0,1,1,0,0,0,0,0,0,0,1,0,0,0,1,0,0,1,0,1,0,0,1,1,0,1,0,1,0,0,0,1,0,0,0,1,1,1,1,0,1,1,1,0,0,0,1,1,1,0,0,0,1,0,0,1,0,0,0,1,0,0,0,0,0,0,0,1,0,1,1,0,1,0,1,0,0,0,0,0,1,1,0,1,0,0,0,0,0,0,0,0,0,0,0,1,1,1,0,1,1,1,1,0,0,0,1,1,0,0,0,1,1,0,0,0,0,0,0,1,1,0,0,1,0,0,0,1,0,1,1,1,0,1,0,0,0,1,0,0,1,0,0,1,1,0,0,1,1,1,0,0,1,0,0,1,0,1,1,1,1,1,0,0,1,1,0,0,0,1,1,1,0,1,0,1,0,0,0,1,1,1,1,0,0,1,0,0,0,1,1,0,1,0,0,1,0,0,0,1,1,0,0,1,0
0,1,0,1,0,1,0,0,0,0,1,0,1,1,0,1,1,1,1,0,0,1,0,0,0,1,1,0,1,0,1,0,0,0,0,0,1,0,1,1,0,1,0,1,1,1,0,1,0,0,0,0,0,1,0,0,0,1,1,1,0,1,1,0,0,0,0,0,0,0,1,1,1,1,0,1,0,0,0,1,1,0,0,1,0,0,0,0,1,0,0,0,0,0,0,1,0,1,0,0,0,0,0,0,1,0,1,1,0,1,1,1,1,1,0,1,0,1,1,0,1,1,0,0,0,0,0,1,1,0,1,0,1,1,0,0,0,0,0,0,0,1,0,1,0,0,1,1,0,0,0,0,0,1,0,0,0,1,0,0,1,0,0,1,0,1,1,0,1,0,0,0,0,1,0,1,1,0,0,0,1,0,0,1,1,0,1,0,1,1,0,0,1,0,0,1,1,1,0,0,0,0,0,1,0,0,0,0,0,0,1,0,0,0,0,0,0,0,1,0,0
0,1,0,1,0,1,0,0,0,0,1,0,1,1,0,1,1,1,1,0,0,1,0,0,0,1,1,0,1,0,1,0,0,1,0,0,1,0,1,1,0,1,0,1,1,1,0,1,0,0,0,0,0,1,1,0,0,1,1,1,0,1,1,0,1,0,0,0,0,0,1,1,1,1,0,1,0,0,0,1,1,0,0,1,0,0,0,0,1,0,0,0,0,0,0,1,0,1,0,1,0,0,0,0,1,0,1,1,0,1,1,1,1,1,0,1,1,1,1,0,1,1,0,0,0,0,0,1,1,0,1,0,1,1,0,0,0,0,0,0,0,1,0,1,0,0,1,1,0,0,0,0,0,1,0,0,0,1,0,0,1,0,0,1,0,1,1,0,1,0,1,0,0,1,0,1,1,0,0,0,1,0,0,1,1,0,1,0,1,1,0,1,1,0,1,1,1,1,0,0,0,0,1,1,0,0,0,0,0,0,1,0,0,0,0,0,0,0,1,0,0
0,1,0,1,0,1,1,0,0,0,1,0,1,1,0,1,1,1,1,0,0,1,1,1,0,1,1,0,1,1,1,0,0,1,0,0,1,0,1,1,0,1,0,1,1,1,0,1,0,0,0,0,0,1,1,0,0,1,1,1,0,1,1,1,1,0,0,0,0,0,1,1,1,1,0,1,0,1,0,1,1,0,0,1,0,1,0,0,1,0,0,0,0,0,0,1,1,1,0,1,0,0,0,0,1,0,1,1,0,1,1,1,1,1,0,1,1,1,1,0,1,1,0,0,0,0,0,1,1,0,1,0,1,1,0,1,0,0,0,0,0,1,0,1,0,0,1,1,0,0,0,0,0,1,0,0,0,1,0,0,1,0,0,1,0,1,1,0,1,0,1,1,0,1,0,1,1,1,0,0,1,0,0,1,1,0,1,0,1,1,0,1,1,0,1,1,1,1,0,0,0,1,1,1,0,0,0,0,0,0,1,0,0,0,0,0,0,0,1,0,0
0,1,0,1,0,1,1,0,0,0,1,0,1,1,1,0,0,1,1,0,0,0,0,0,0,0,1,0,0,0,1,0,0,1,0,1,0,0,1,1,0,1,0,1,0,0,0,1,0,0,0,1,1,1,1,0,1,1,1,0,0,0,1,1,1,0,0,0,1,0,0,1,0,0,0,1,0,0,0,0,0,0,0,1,0,1,1,0,1,0,1,0,0,0,0,0,1,1,0,1,0,0,0,0,0,0,0,0,0,0,0,1,1,1,0,1,1,1,1,0,0,0,1,1,0,0,0,1,1,0,0,0,0,0,0,1,1,0,0,1,0,0,0,1,0,1,1,1,0,1,0,0,0,1,0,0,1,0,0,1,1,0,0,1,1,1,0,0,1,0,1,1,0,1,1,1,1,1,0,0,1,1,0,0,0,1,1,1,0,1,0,1,0,0,0,1,1,1,1,0,0,1,0,0,0,1,1,0,1,0,0,1,0,0,0,0,1,0,0,1,0
0,1,0,1,0,1,0,0,0,0,1,0,1,1,0,1,1,1,1,0,0,1,0,0,0,1,1,0,1,0,1,0,0,0,0,0,1,0,1,1,0,1,0,1,1,1,0,1,0,0,0,0,0,1,0,0,0,1,1,1,0,1,1,0,0,0,0,0,0,0,1,1,1,1,0,1,0,0,0,1,1,0,0,1,0,0,0,0,1,0,0,0,0,0,0,1,0,1,0,0,0,0,0,0,1,0,1,1,0,1,1,1,1,1,0,1,0,1,1,0,1,1,0,0,0,0,0,1,1,0,1,0,1,1,0,0,0,0,0,0,0,1,0,1,0,0,1,1,0,0,0,0,0,1,0,0,0,1,0,0,1,0,0,1,0,1,1,0,1,0,0,0,0,1,0,1,1,0,0,0,1,0,0,1,1,0,1,0,1,1,0,0,1,0,0,1,1,1,0,0,0,0,0,1,0,0,0,0,0,0,1,0,0,0,0,0,0,0,1,0,0
0,1,0,1,0,1,1,0,0,0,1,0,1,1,1,0,0,1,1,0,0,0,0,0,0,0,1,0,0,0,1,0,0,1,0,1,0,0,1,1,0,1,0,1,0,0,0,1,0,0,0,1,1,1,1,0,1,1,1,0,0,0,1,1,1,0,0,0,1,0,0,1,0,0,0,1,0,0,0,0,0,0,0,1,0,1,1,0,1,0,1,0,0,0,0,0,1,1,0,1,0,0,0,0,0,0,0,0,0,0,0,1,1,1,0,1,1,1,1,0,0,0,1,1,0,0,0,1,1,0,0,0,0,0,0,1,1,0,0,1,0,0,0,1,0,1,1,1,0,1,0,0,0,1,0,0,1,0,0,1,1,0,0,1,1,1,0,0,1,0,1,1,0,1,1,1,1,1,0,0,1,1,0,0,0,1,1,1,0,1,0,1,0,0,0,1,1,1,1,0,0,1,0,0,0,1,1,0,1,0,0,1,0,0,0,1,1,0,0,1,0
0,1,0,1,0,1,1,0,1,0,1,0,1,1,0,1,1,1,1,0,0,1,1,1,0,1,1,0,1,1,1,1,0,1,0,0,1,0,1,1,0,1,0,1,1,1,0,1,0,0,0,0,0,1,1,0,0,1,1,1,0,1,1,0,1,0,0,0,0,0,1,1,1,1,0,1,0,0,0,1,1,0,0,1,0,0,0,0,1,0,0,0,0,0,0,1,0,1,0,1,0,0,0,0,1,0,1,1,0,1,1,1,1,1,0,1,1,1,1,0,1,1,0,0,0,0,0,1,1,0,1,0,1,1,0,0,0,0,0,0,0,1,0,1,0,0,1,1,0,0,0,0,0,1,0,0,0,1,0,0,1,0,0,1,0,1,1,0,1,0,1,0,0,1,0,1,1,0,0,0,1,0,0,1,1,0,1,0,1,1,0,1,1,0,1,1,1,1,0,0,0,0,1,1,0,0,0,0,0,0,1,0,0,0,0,0,0,0,1,0,0
0,1,0,1,0,1,0,0,0,0,1,0,1,1,0,1,1,1,1,0,0,1,0,0,0,1,1,0,1,0,1,0,0,0,0,0,1,0,1,1,0,1,0,1,1,1,0,1,0,0,0,0,0,1,0,0,0,1,1,1,0,1,1,0,0,0,0,0,0,0,1,1,1,1,0,1,0,0,0,1,1,0,0,1,0,0,0,0,1,0,0,0,0,0,0,1,0,1,0,0,0,0,0,0,1,0,1,1,0,1,1,1,1,1,0,1,0,1,1,0,1,1,0,0,0,0,0,1,1,0,1,0,1,1,0,0,0,0,0,0,0,1,0,1,0,0,1,1,0,0,0,0,0,1,0,0,0,1,0,0,1,0,0,1,0,1,1,0,1,0,0,0,0,1,0,1,1,0,0,0,1,0,0,1,1,0,1,0,1,1,0,0,1,0,0,1,0,1,0,0,0,0,0,1,0,0,0,0,0,0,1,0,0,0,0,0,0,0,1,0,0
0,1,0,1,0,0,0,0,0,0,0,0,0,0,0,1,1,1,1,1,1,1,0,1,0,1,1,0,1,0,0,0,0,0,0,0,1,0,1,0,0,1,0,0,1,1,0,1,0,0,1,0,1,1,1,1,0,0,0,1,1,1,1,0,0,1,0,1,0,0,1,0,1,0,0,1,0,0,0,1,0,0,1,1,1,0,0,1,1,1,0,1,1,1,1,0,1,0,0,1,0,1,1,1,1,0,1,0,0,1,1,1,0,0,0,1,1,0,1,0,0,1,1,0,0,0,0,0,0,0,1,0,0,0,0,1,0,0,1,0,1,0,0,1,1,0,0,1,0,0,0,0,0,0,0,1,0,0,0,0,1,0,0,1,1,0,0,0,0,0,0,0,0,0,1,0,1,1,0,0,1,0,0,0,0,1,0,0,0,0,0,0,0,0,0,1,1,0,0,0,0,0,0,0,0,0,0,0,0,0,0,1,0,0,0,0,0,0,0,1,0
0,1,0,1,0,1,1,0,0,0,1,0,1,1,0,1,1,1,1,0,0,1,0,0,0,1,1,0,1,0,1,0,0,0,0,0,1,0,1,1,0,1,0,1,1,1,0,1,1,0,0,1,0,1,0,0,0,1,1,1,0,1,1,0,0,0,0,0,1,0,1,1,1,1,0,1,0,0,0,1,1,0,0,1,0,0,0,0,1,0,1,0,0,0,0,1,0,1,0,0,0,0,0,0,1,0,1,1,0,1,1,1,1,1,0,1,0,1,1,0,1,1,0,1,0,0,0,1,1,1,1,0,1,1,1,0,1,0,0,1,0,1,0,1,0,1,1,1,0,0,0,0,0,1,0,0,0,1,1,1,1,0,0,1,0,1,1,1,1,1,0,0,0,1,0,1,1,0,0,0,1,1,0,1,1,0,1,0,1,1,1,1,1,1,0,1,1,1,0,1,1,0,1,1,1,0,0,1,0,0,1,0,0,0,1,0,0,0,1,0,0
0,1,0,1,0,1,1,0,0,0,1,0,1,1,0,1,1,1,1,0,0,1,0,0,0,1,1,0,1,0,1,0,0,1,0,0,1,0,1,1,0,1,0,1,1,1,0,1,0,0,0,0,0,1,0,0,0,1,1,1,0,1,1,0,1,0,0,0,0,0,1,1,1,1,0,1,0,1,0,1,1,0,0,1,0,1,0,0,1,0,0,0,0,0,0,1,0,1,0,0,0,0,0,0,1,0,1,1,0,1,1,1,1,1,0,1,0,1,1,0,1,1,0,0,0,0,0,1,1,0,1,0,1,1,0,0,0,0,0,0,0,1,0,1,0,0,1,1,0,0,0,0,0,1,0,0,0,1,0,0,1,0,0,1,0,1,1,0,1,0,0,0,0,1,0,1,1,0,0,0,1,0,0,1,1,0,1,1,1,1,0,0,1,0,0,1,1,1,1,0,0,0,0,1,0,0,0,0,1,0,1,0,0,1,0,0,1,0,1,0,0
0,1,0,1,0,1,1,0,0,0,1,0,1,1,1,0,0,1,1,0,0,0,0,0,0,0,1,0,0,0,1,0,0,1,0,1,0,0,1,1,0,1,0,1,0,0,0,1,0,0,0,1,1,1,1,0,1,1,1,0,0,0,1,1,1,0,0,0,1,0,0,1,0,0,0,1,0,0,0,0,0,0,0,1,0,1,1,0,1,0,1,0,0,0,0,0,1,1,0,1,0,0,0,0,0,0,0,0,0,0,0,1,1,1,0,1,1,1,1,0,0,0,1,1,0,0,0,1,1,0,0,0,0,0,0,1,1,0,0,1,0,0,0,1,0,1,1,1,0,1,0,0,0,1,0,0,1,0,0,1,1,0,0,1,1,1,0,0,1,0,1,1,0,1,1,1,1,1,0,0,1,1,0,0,0,1,1,1,0,1,0,1,0,0,0,1,1,1,1,0,0,1,0,0,0,1,1,0,1,0,0,1,0,0,0,0,1,0,0,1,0
0,1,0,1,0,1,1,0,0,0,1,0,1,1,1,0,0,1,1,0,0,0,0,0,0,0,1,0,0,0,1,0,0,1,0,1,0,0,1,1,0,1,0,1,0,0,0,1,0,0,0,1,1,1,1,0,1,1,1,0,0,0,1,1,1,0,0,0,1,0,0,1,0,0,0,1,0,0,0,0,0,0,0,1,0,1,1,0,1,0,1,0,0,0,0,0,1,1,0,1,0,0,0,0,0,0,0,0,0,0,0,1,1,1,0,1,1,1,1,0,0,0,1,1,0,0,0,1,1,0,0,0,0,0,0,1,1,0,0,1,0,0,0,1,0,1,1,1,0,1,0,0,0,1,0,0,1,0,0,1,1,0,0,1,1,1,0,0,1,0,1,1,0,1,1,1,1,1,0,0,1,1,0,0,0,1,1,1,0,1,0,1,0,0,0,1,1,1,1,0,0,1,0,0,0,1,1,0,1,1,0,1,0,0,0,0,1,1,0,1,0
0,1,0,1,1,0,0,0,0,0,0,0,0,0,0,1,1,1,1,1,1,1,0,1,0,1,1,0,1,0,0,0,0,1,0,0,0,0,1,0,0,1,0,0,1,1,0,1,0,0,0,0,1,1,1,1,0,0,0,1,1,1,1,1,1,0,0,0,0,0,1,0,1,0,0,1,1,0,0,1,0,0,0,1,1,0,0,0,1,0,0,0,0,0,0,0,1,0,0,1,0,0,1,0,1,1,1,0,0,1,1,1,0,0,0,1,1,0,1,0,0,1,1,0,0,0,0,0,0,0,1,0,0,0,0,1,0,0,0,0,1,0,0,1,0,0,0,1,0,0,0,0,0,0,0,0,0,0,0,0,1,0,0,1,0,0,0,0,0,0,1,0,0,0,1,0,1,1,0,0,1,0,0,0,0,0,0,0,0,0,0,0,0,0,0,1,0,0,0,0,0,0,0,0,0,0,1,0,0,1,0,0,0,0,0,0,0,1,0,0,0
0,1,0,1,0,1,1,0,0,0,1,0,1,1,1,0,0,1,1,0,0,0,0,0,0,0,1,0,0,0,1,0,0,0,0,1,0,0,1,1,0,1,0,1,0,0,0,1,0,0,0,1,1,1,1,0,1,1,1,0,0,0,1,0,0,0,0,0,1,0,0,1,0,0,0,1,0,0,0,0,0,0,0,1,0,1,1,0,1,0,1,0,0,0,0,0,1,1,0,1,0,0,0,0,0,0,0,0,0,0,0,1,1,1,0,1,1,1,1,0,0,0,1,1,0,0,0,1,1,0,0,0,0,0,0,1,1,0,0,1,0,0,0,1,0,1,1,1,0,1,0,0,0,1,0,0,1,0,0,1,1,0,0,1,1,1,0,0,1,0,0,1,1,1,1,1,1,1,0,0,1,1,0,0,0,1,1,1,0,1,0,1,0,0,0,1,1,1,1,0,0,1,0,0,0,1,1,0,1,0,0,1,0,0,0,0,1,0,0,1,0
0,1,0,1,0,1,1,0,0,0,1,0,1,1,0,1,1,1,1,0,0,1,0,0,0,1,1,0,1,0,1,0,0,0,0,0,1,0,1,1,0,1,0,1,1,1,0,1,1,0,0,1,0,1,0,0,0,1,1,1,0,1,1,0,0,0,0,0,1,0,1,1,1,1,0,1,0,0,0,1,1,0,0,1,0,0,0,0,1,0,1,0,0,0,0,1,0,1,0,0,0,0,0,0,1,0,1,1,0,1,1,1,1,1,1,1,0,1,1,0,1,1,0,1,0,1,0,1,1,0,1,0,1,1,0,0,1,0,0,1,0,1,0,1,0,1,1,1,0,0,0,0,0,1,0,0,0,1,0,1,1,1,0,1,0,1,1,0,1,0,0,0,0,1,0,1,1,0,0,1,1,1,0,1,1,0,1,1,1,1,0,0,1,0,0,1,1,1,1,0,0,0,0,1,0,0,0,0,1,0,1,0,1,0,0,0,1,0,1,0,1
0,1,0,1,0,1,1,0,0,0,1,0,1,1,1,0,0,0,0,0,0,0,0,0,0,0,0,0,0,0,1,0,0,1,0,1,0,0,1,1,0,1,0,1,0,0,0,1,0,0,0,1,1,1,1,0,1,1,1,0,0,0,1,1,1,0,0,0,1,0,0,1,0,0,0,1,0,0,0,0,0,0,0,1,0,1,1,0,1,0,1,0,0,0,0,0,1,1,0,1,0,0,0,0,0,1,0,0,0,0,0,1,1,1,0,1,1,1,1,0,0,0,1,1,0,0,0,1,1,0,0,0,0,0,0,1,1,0,0,1,0,0,0,1,0,1,1,1,0,1,0,0,0,1,0,0,1,0,0,1,1,0,0,1,1,1,0,0,1,0,0,0,1,1,1,1,1,1,0,0,1,1,0,0,0,1,1,1,0,1,0,1,0,0,0,1,1,1,1,0,0,1,0,0,0,1,1,0,1,0,1,1,0,1,0,0,1,0,1,1,0
0,1,0,1,0,1,1,0,0,0,1,0,1,1,1,0,0,1,1,0,0,0,0,0,0,0,1,0,0,0,1,0,0,1,0,1,0,0,1,1,0,1,0,1,0,0,0,1,0,0,0,1,1,1,1,0,1,1,1,0,0,0,1,1,1,0,0,0,1,0,0,1,0,0,0,1,0,0,0,0,0,0,0,1,0,1,1,0,1,0,1,0,0,0,0,0,1,1,0,1,0,0,0,0,0,0,0,0,0,0,0,1,1,1,0,1,1,1,1,0,0,0,1,1,0,0,0,1,1,0,0,0,0,0,0,1,1,0,0,1,0,0,0,1,0,1,1,1,0,1,0,0,0,1,0,0,1,0,0,1,1,0,0,1,1,1,0,0,1,0,1,1,0,1,1,1,1,1,0,0,1,1,0,0,0,1,1,1,0,1,0,1,0,0,0,1,1,1,1,0,0,1,0,0,0,1,1,0,1,0,0,1,0,1,0,0,1,0,0,1,0
0,1,0,1,0,1,1,0,0,0,1,0,1,1,0,1,1,1,1,0,0,1,0,0,0,1,1,0,1,0,1,0,0,0,0,0,1,0,1,1,0,1,0,1,1,1,0,1,1,0,0,1,0,1,0,0,0,1,1,1,0,1,1,0,0,0,0,0,1,0,1,1,1,1,0,1,0,0,0,1,1,0,0,1,0,0,0,0,1,0,1,0,0,0,0,1,0,1,0,0,0,0,0,0,1,0,1,1,0,1,1,1,1,1,0,1,0,1,1,0,1,1,0,1,0,0,0,1,1,0,1,0,1,1,0,0,1,0,0,1,0,1,0,1,0,1,1,1,0,0,0,0,0,1,0,0,0,1,0,1,1,0,0,1,0,1,1,0,1,0,0,0,0,1,0,1,1,0,0,0,1,1,0,1,1,0,1,1,1,1,0,0,1,0,0,1,1,1,1,0,0,0,0,1,0,0,0,0,1,0,1,0,0,0,0,0,1,0,1,0,0
0,1,0,1,0,1,1,0,0,0,1,0,1,1,0,1,1,1,1,0,0,1,0,0,0,1,1,0,1,0,1,0,0,0,1,0,1,0,1,1,0,1,0,1,1,1,0,1,0,0,0,0,0,1,0,0,0,1,1,1,0,1,1,0,0,0,0,0,0,1,1,1,1,1,0,1,0,0,0,1,1,0,0,1,0,0,0,0,1,0,0,0,0,0,0,1,0,1,0,0,0,0,0,0,1,0,1,1,0,1,1,1,1,1,0,1,0,1,1,0,1,1,0,0,0,0,0,1,1,1,1,0,1,1,1,0,0,0,0,0,0,1,0,1,0,0,1,1,0,0,0,0,1,1,0,0,0,1,1,0,1,0,0,1,0,1,1,1,1,1,0,0,0,1,0,1,1,0,0,0,1,0,1,1,1,0,1,0,1,1,1,1,1,1,0,1,1,1,0,0,1,0,1,1,1,0,0,1,0,0,1,0,0,0,1,0,0,0,1,0,0
0,1,0,1,0,1,1,0,0,0,1,0,1,1,1,0,0,1,1,0,0,0,0,0,0,0,1,0,0,0,1,0,0,1,0,1,0,0,1,1,0,1,0,1,0,0,0,1,0,0,0,1,1,1,1,0,1,1,1,0,0,0,1,1,1,0,0,0,1,0,0,1,0,0,0,1,0,0,0,0,0,0,0,1,0,1,1,0,1,0,1,0,0,0,0,0,1,1,0,1,0,0,0,0,0,0,0,0,0,0,0,1,1,1,0,1,1,1,1,0,0,0,1,1,0,0,0,1,1,0,0,0,0,0,0,1,1,0,0,1,0,0,0,1,0,1,1,1,0,1,0,0,0,1,0,0,1,0,0,1,1,0,0,1,1,1,0,0,1,0,1,1,0,1,1,1,1,1,0,0,1,1,0,0,0,1,1,1,0,1,0,1,0,0,0,1,1,1,1,0,0,1,0,0,0,1,1,0,1,0,0,1,0,0,0,1,1,0,0,1,0
0,1,0,1,0,1,1,0,0,0,1,0,1,1,1,0,0,1,1,0,0,0,0,0,0,0,1,0,0,0,1,0,0,1,0,1,0,0,1,1,0,1,0,1,0,0,0,1,0,0,0,1,1,1,1,0,1,1,1,0,0,0,1,1,1,0,0,0,1,0,0,1,0,0,0,1,0,0,0,0,0,0,0,1,0,1,1,0,1,0,1,0,0,0,0,0,1,1,0,1,0,0,0,0,0,0,0,0,0,0,0,1,1,1,0,1,1,1,1,0,0,0,1,1,0,0,0,1,1,0,0,0,0,0,0,1,1,0,0,1,0,0,0,1,0,1,1,1,0,1,0,0,0,1,0,0,1,0,0,1,1,0,0,1,1,1,0,0,1,0,0,1,0,1,1,1,1,1,0,0,1,1,0,0,0,1,1,1,0,1,0,1,0,0,0,1,1,1,1,0,0,1,0,0,0,1,1,0,1,0,0,1,0,0,0,1,1,0,0,1,0
0,1,0,1,0,0,0,0,0,0,1,0,1,1,0,1,1,1,1,0,0,1,0,0,0,1,1,0,1,0,0,0,0,1,0,0,1,0,1,0,0,1,0,0,1,1,0,1,0,0,0,0,0,1,1,0,0,0,0,1,1,1,1,0,1,0,0,0,0,0,1,0,1,0,0,1,0,0,0,1,0,0,0,1,0,0,0,0,1,0,0,0,0,0,0,0,0,0,0,1,0,0,0,0,1,0,1,0,0,1,1,1,0,0,0,1,1,0,1,0,0,1,0,0,0,0,0,0,0,0,1,0,0,0,0,0,0,0,1,0,0,0,0,1,1,0,0,1,0,0,0,0,0,0,0,1,0,0,0,0,1,0,0,1,0,0,0,0,0,0,1,0,0,0,0,0,1,0,0,0,1,0,0,0,0,0,0,0,0,0,0,0,0,0,0,1,1,0,0,0,0,0,0,0,0,0,0,0,0,0,0,1,0,0,0,0,0,0,0,1,0
0,1,0,1,0,1,1,0,0,0,1,0,1,1,1,0,0,1,1,0,0,0,0,0,0,0,1,0,0,0,1,0,0,1,0,1,0,0,1,1,0,1,0,1,0,0,0,1,0,0,0,1,1,1,1,0,1,1,1,0,0,0,1,1,1,0,0,0,1,0,0,1,0,0,0,1,0,0,0,0,0,0,0,1,0,1,1,0,1,0,1,0,0,0,0,0,1,1,0,1,0,0,0,0,0,0,0,0,0,0,0,1,1,1,0,1,1,1,1,0,0,0,1,1,0,0,0,1,1,0,0,0,0,0,0,1,1,0,0,1,0,0,0,1,0,1,1,1,0,1,0,0,0,1,0,0,1,0,0,1,1,0,0,1,1,1,0,0,1,0,1,1,0,1,1,1,1,1,0,0,1,1,0,0,0,1,1,1,0,1,0,1,0,0,0,1,1,1,1,0,0,1,0,0,0,1,1,0,1,1,0,1,0,0,0,0,1,1,0,1,0
0,1,0,1,0,1,1,0,0,0,1,0,1,1,0,1,1,1,1,0,0,1,0,0,0,1,1,0,1,0,1,0,0,0,0,0,1,0,0,1,0,1,1,1,0,1,0,1,1,0,0,0,0,1,0,0,0,1,1,1,0,1,1,0,0,0,0,0,1,0,1,1,0,1,0,0,0,0,0,1,1,0,0,1,0,0,0,0,1,0,1,0,0,0,0,1,0,1,0,0,0,0,0,0,1,0,1,1,0,1,0,1,1,1,0,1,0,1,1,0,1,1,0,1,0,0,0,1,1,1,1,0,1,1,1,0,1,0,0,1,0,1,0,1,0,1,1,1,0,1,1,0,0,1,1,0,0,1,1,1,1,0,1,1,0,1,1,1,1,1,0,0,0,1,0,1,1,0,0,0,1,1,0,1,1,0,1,1,1,1,0,0,1,0,0,0,0,1,0,0,0,0,0,1,0,0,0,0,0,0,1,0,0,0,0,0,0,0,1,0,0
0,1,0,1,0,1,1,0,0,0,1,0,1,1,1,0,0,1,1,0,0,0,0,0,0,0,1,0,0,0,1,0,0,1,0,1,0,0,1,1,0,1,0,1,0,0,0,1,0,0,0,1,1,1,1,0,1,1,1,0,0,0,1,1,1,0,0,0,1,0,0,1,0,0,0,1,0,0,0,0,0,0,0,1,0,1,1,0,1,0,1,0,0,0,0,0,1,1,0,1,0,0,0,0,0,0,0,0,0,0,0,1,1,1,0,1,1,1,1,0,0,0,1,1,0,0,0,1,1,0,0,0,0,0,0,1,1,0,0,1,0,0,0,1,0,1,1,1,0,1,0,0,0,1,0,0,1,0,0,1,1,0,0,1,1,1,0,0,1,0,1,1,0,1,1,1,1,1,0,0,1,1,0,0,0,1,1,1,0,1,0,1,0,0,0,1,1,1,1,0,0,1,0,0,0,1,1,0,1,0,1,1,0,1,0,0,1,0,1,1,0
0,1,0,1,1,1,1,0,0,0,1,0,1,1,1,0,0,1,1,0,0,0,0,0,0,0,1,0,0,0,1,0,0,1,0,1,0,0,1,1,0,1,0,1,0,0,0,1,0,0,0,1,1,1,1,0,1,1,1,0,0,0,1,1,1,0,0,0,1,0,0,1,0,0,0,1,0,0,0,0,0,0,0,1,0,1,1,0,1,0,1,0,0,0,0,0,1,1,0,1,0,0,0,0,0,0,0,0,0,0,0,1,1,1,0,1,1,1,1,0,0,0,1,1,0,0,0,1,1,0,0,0,0,0,0,1,1,0,0,1,0,0,0,1,0,1,1,1,0,1,0,0,0,1,0,0,1,0,0,1,1,0,0,1,1,1,1,0,1,0,1,1,0,1,1,1,1,1,0,0,1,1,0,0,0,1,1,1,0,1,0,1,0,0,0,1,1,1,1,0,0,1,0,0,0,1,1,0,1,0,1,1,0,1,0,0,1,0,1,1,0
0,1,0,1,0,1,0,0,0,0,1,0,1,1,0,1,1,1,1,0,0,1,0,0,0,1,1,0,1,0,1,0,0,0,0,0,1,0,1,1,0,1,0,1,1,1,0,1,0,0,0,1,0,1,0,0,0,1,1,1,0,1,1,0,0,0,0,0,0,0,1,1,1,1,0,1,0,0,0,1,1,0,0,1,0,0,0,0,1,0,0,0,0,0,0,1,0,1,0,0,0,0,0,0,1,0,1,1,0,1,1,1,1,1,0,1,0,1,1,0,1,1,0,0,0,0,0,1,1,0,1,0,1,1,0,0,0,0,0,0,0,1,0,1,0,0,1,1,0,0,0,0,0,1,0,0,0,1,0,0,1,0,0,1,0,1,1,0,1,0,0,0,0,1,0,1,1,0,0,0,1,0,0,1,1,0,1,0,1,1,0,0,1,0,0,1,1,1,0,0,0,0,0,1,0,0,0,1,0,0,1,0,0,0,1,1,0,0,1,0,0
0,1,0,1,0,1,1,0,0,0,1,0,1,1,1,0,0,1,1,0,0,0,0,0,0,0,1,0,0,0,1,0,0,1,0,1,1,0,1,1,0,1,0,1,0,0,0,1,0,0,0,1,1,1,1,0,1,1,1,0,0,0,1,1,1,0,0,0,1,0,0,1,0,0,0,1,0,0,0,0,0,0,0,1,0,1,1,0,1,0,1,0,0,0,0,0,1,1,0,1,0,0,0,0,0,0,0,0,0,0,0,1,1,1,0,1,1,1,1,0,0,0,1,1,0,0,0,1,1,0,0,0,0,0,0,1,1,0,0,1,0,0,0,1,0,1,1,1,0,1,0,0,0,1,0,0,1,0,0,1,1,0,0,1,1,1,0,0,1,0,1,1,0,1,1,1,1,1,0,0,1,1,0,0,0,1,1,1,0,1,0,1,0,0,0,1,1,1,1,0,0,1,0,0,0,1,1,0,1,0,0,1,0,0,0,0,1,0,0,1,0
0,1,0,1,0,0,0,0,1,0,1,0,1,1,0,1,1,1,1,0,0,1,0,0,0,1,1,0,1,0,0,1,0,0,0,0,1,0,1,0,0,1,0,0,1,1,0,1,0,0,0,0,0,1,0,0,0,0,0,1,0,1,1,0,0,0,0,0,0,0,1,0,1,0,0,1,0,0,0,1,0,0,0,1,0,0,0,0,1,0,0,0,0,0,0,0,0,0,0,0,0,0,0,0,1,0,1,0,0,1,1,1,0,0,0,1,0,0,1,0,0,1,0,0,0,0,0,0,0,0,1,0,0,0,0,0,0,0,0,0,0,0,0,1,0,0,0,1,0,0,0,0,0,0,0,0,0,0,0,0,1,0,0,1,0,0,0,0,0,0,0,0,0,0,0,0,1,0,0,0,1,0,0,0,0,0,0,0,0,0,0,0,0,0,0,1,1,0,0,0,0,0,0,0,0,0,0,0,0,0,0,0,0,0,0,0,0,0,0,0,0
0,1,0,1,0,1,1,0,0,0,1,0,1,1,1,0,0,1,1,0,0,0,0,0,0,0,1,0,0,0,1,0,0,1,0,1,0,0,1,1,0,1,0,1,0,0,0,1,0,0,0,1,1,1,1,0,1,1,1,0,0,0,1,1,1,0,0,0,1,0,0,1,0,0,0,1,0,0,0,0,0,0,0,1,0,1,1,0,1,0,1,0,0,0,0,0,1,1,0,1,0,0,0,0,0,0,0,0,0,0,0,1,1,1,0,1,1,1,1,0,0,0,1,1,0,0,0,1,1,0,0,0,0,0,0,1,1,0,0,1,0,0,0,1,0,1,1,1,0,1,0,0,0,1,0,0,1,0,0,1,1,0,0,1,1,1,0,0,1,0,1,1,0,1,1,1,1,1,0,0,1,1,0,0,0,1,1,1,0,1,0,1,0,0,0,1,1,1,1,0,0,1,0,0,0,1,1,0,1,0,0,1,0,0,0,0,1,0,0,1,0
0,1,0,1,0,1,0,0,0,0,1,0,1,1,0,1,1,1,1,0,0,1,0,0,0,1,1,0,1,0,1,0,0,0,0,0,1,0,1,1,0,1,0,1,1,1,0,1,0,0,0,0,0,1,0,0,0,1,1,1,0,1,1,0,0,0,0,0,0,0,1,1,1,1,0,1,0,0,0,1,1,0,0,1,0,0,0,0,1,0,0,0,0,0,0,1,0,1,0,0,0,0,0,0,1,0,1,1,0,1,1,1,1,1,0,1,0,1,1,0,1,1,0,0,0,0,0,1,1,0,1,0,1,1,0,0,0,0,0,0,0,1,0,1,0,0,1,1,0,0,0,0,0,1,0,0,0,1,0,0,1,0,0,1,0,1,1,0,1,0,0,0,0,1,0,1,1,0,0,0,1,0,0,1,1,0,1,0,1,1,0,0,1,0,0,1,1,1,1,0,0,0,0,1,0,0,0,0,1,0,1,0,0,1,0,0,1,0,1,0,0
0,1,0,1,0,1,1,0,0,0,1,0,1,1,0,1,1,1,1,0,0,1,0,0,0,1,1,0,1,0,1,0,0,1,0,0,1,0,1,1,0,1,0,1,1,1,0,1,0,0,0,1,0,1,1,0,0,1,1,1,0,1,1,1,1,0,0,0,0,0,1,1,1,1,0,1,0,1,0,1,1,0,0,1,0,1,0,0,1,0,0,0,0,0,0,1,1,1,0,1,0,0,0,0,1,0,1,1,0,1,1,1,1,1,0,1,1,1,1,0,1,1,0,0,0,0,0,1,1,0,1,0,1,1,0,1,0,0,0,0,0,1,0,1,0,0,1,1,0,0,0,0,0,1,0,0,0,1,0,0,1,0,0,1,0,1,1,0,1,0,1,1,0,1,0,1,1,1,0,0,1,0,0,1,1,0,1,0,1,1,0,1,1,0,1,1,1,1,0,0,0,1,1,1,0,0,0,0,0,0,1,0,0,0,0,0,0,0,1,0,0
1,1,0,1,0,1,1,0,0,0,1,1,1,1,1,0,0,0,0,0,0,0,0,0,0,0,0,0,0,0,1,0,0,1,0,1,0,1,1,1,0,1,0,1,0,0,0,1,0,0,0,1,0,0,0,0,1,1,1,0,0,0,1,1,1,0,0,0,1,0,0,1,0,0,0,0,0,0,0,0,0,0,0,0,0,1,1,0,0,0,1,0,0,0,0,0,0,1,0,0,0,0,0,0,0,1,0,0,0,0,0,1,1,1,0,0,0,1,0,0,0,0,0,1,0,0,0,1,1,0,0,0,0,0,0,0,1,0,0,1,0,0,0,0,0,1,1,1,0,1,0,0,0,1,0,0,1,0,0,1,0,0,0,0,0,1,0,0,1,0,1,1,1,1,0,1,1,0,0,0,0,1,0,0,0,0,1,0,0,1,0,1,0,0,0,1,1,1,1,0,0,1,1,0,0,1,1,1,1,1,0,0,0,0,1,0,1,1,0,0,0
0,1,0,1,0,1,0,0,0,0,1,0,1,1,0,1,1,1,1,0,0,1,0,0,0,1,1,0,1,0,1,0,0,0,0,0,1,0,1,1,0,1,0,1,1,1,0,1,0,0,0,1,0,1,0,0,0,1,1,1,0,1,1,0,0,0,0,0,0,0,1,1,1,1,0,1,0,0,0,1,1,0,0,1,0,0,0,0,1,0,0,0,0,0,0,1,0,1,0,0,0,0,0,0,1,0,1,1,0,1,1,1,1,1,0,1,0,1,1,0,1,1,0,0,0,0,0,1,1,0,1,0,1,1,0,0,0,0,0,0,0,1,0,1,0,0,1,1,0,0,0,0,0,1,0,0,0,1,0,0,1,0,0,1,0,1,1,0,1,0,0,0,0,1,0,1,1,0,0,0,1,0,0,1,1,0,1,0,1,1,0,0,1,0,0,1,1,1,1,0,0,0,0,1,0,0,1,1,1,1,1,0,0,1,1,1,1,1,1,0,0
1,1,0,1,0,1,1,0,0,0,1,1,1,1,1,0,0,0,0,0,0,0,0,0,0,0,0,0,0,0,1,0,0,1,0,1,0,1,1,1,0,1,0,1,0,0,0,1,0,0,0,1,0,0,0,0,1,1,1,0,0,0,1,1,1,0,0,0,1,0,0,1,0,0,0,0,0,0,0,0,0,0,0,0,0,1,1,0,0,0,1,0,0,0,0,0,0,1,0,0,0,0,0,0,0,1,0,0,0,0,0,1,1,1,0,0,0,1,0,0,0,0,0,1,0,0,0,1,1,0,0,0,0,0,0,0,1,0,0,1,0,0,0,0,0,1,1,1,0,1,0,0,0,1,0,0,1,0,0,1,0,0,0,0,0,1,0,0,1,0,1,1,1,1,0,1,1,0,0,0,0,1,0,0,0,0,1,0,0,1,0,1,0,0,0,1,1,1,1,0,0,1,1,0,0,1,1,1,1,1,0,0,0,0,1,0,1,1,0,0,0
0,1,0,1,0,1,1,0,0,0,1,0,1,1,1,0,0,0,0,0,0,0,0,0,0,0,0,0,0,0,1,0,0,1,0,1,0,0,1,1,0,1,0,1,0,0,0,1,0,0,0,1,1,1,1,0,1,1,1,0,0,0,1,1,1,0,0,0,1,0,0,1,0,0,0,1,0,0,0,0,0,0,0,1,0,1,1,0,1,0,1,0,0,0,0,0,1,1,0,1,0,0,0,0,0,1,0,0,0,0,0,1,1,1,0,1,1,1,1,0,0,0,1,1,0,0,0,1,1,0,0,0,0,0,0,1,1,0,0,1,0,0,0,1,0,1,1,1,0,1,0,0,0,1,0,0,1,0,0,1,1,0,0,1,1,1,0,0,1,0,1,1,1,1,1,1,1,1,0,0,1,1,0,0,0,1,1,1,0,1,0,1,0,0,0,1,1,1,1,0,0,1,0,0,0,1,1,0,1,0,0,1,0,0,0,0,1,0,0,1,0
0,1,0,1,0,1,1,0,0,0,1,0,1,1,1,0,0,0,0,0,0,0,0,0,0,0,0,0,0,0,1,0,0,0,0,1,0,0,1,1,0,1,0,1,0,0,0,1,0,0,0,1,1,1,1,0,1,1,1,0,0,0,1,0,0,0,0,0,1,0,0,1,0,0,0,1,0,0,0,0,0,0,0,1,0,1,1,0,1,0,1,0,0,0,0,0,1,1,0,1,0,0,0,0,0,0,0,0,0,0,0,1,1,1,0,1,1,1,1,0,0,0,1,1,0,0,0,1,1,0,0,0,0,0,0,1,1,0,0,1,0,0,0,1,0,1,1,1,0,1,0,0,0,1,0,0,1,0,0,1,1,0,0,1,1,1,0,0,1,0,0,1,1,1,1,1,1,1,0,0,1,1,0,0,0,1,1,1,0,1,0,1,0,0,0,1,1,1,1,0,0,1,0,0,0,1,1,0,1,0,0,1,0,0,0,0,1,0,0,1,0
0,1,0,1,0,1,1,0,0,0,1,0,1,1,1,0,0,0,0,0,0,0,0,0,0,0,0,0,0,0,1,0,0,1,0,1,0,1,1,1,0,1,0,1,0,0,0,1,0,0,0,1,1,1,1,0,1,1,1,0,0,0,1,1,1,0,0,0,1,0,0,1,0,0,0,1,0,0,0,0,0,0,0,1,0,1,1,0,1,0,1,0,0,0,0,0,1,1,0,1,0,0,0,0,0,1,0,0,0,0,0,1,1,1,0,1,1,1,1,0,0,0,1,1,0,0,0,1,1,0,0,0,0,0,0,1,1,0,0,1,0,0,0,1,0,1,1,1,0,1,0,0,0,1,0,0,1,0,0,1,1,0,0,1,1,1,0,0,1,0,1,1,1,1,1,1,1,1,0,0,1,1,0,0,0,1,1,1,0,1,0,1,0,0,0,1,1,1,1,0,0,1,0,0,0,1,1,0,1,0,0,1,0,0,0,0,1,0,0,1,0
0,1,0,1,1,1,1,0,0,0,1,0,1,1,1,0,0,1,1,0,0,0,0,0,0,0,1,0,0,0,1,0,0,1,0,1,0,0,1,1,0,1,0,1,0,0,0,1,0,0,0,1,1,1,1,0,1,1,1,0,0,0,1,1,1,0,0,0,1,0,0,1,0,0,0,1,0,0,0,0,0,0,0,1,0,1,1,0,1,0,1,0,0,0,0,0,1,1,0,1,0,0,0,0,0,1,0,0,0,0,0,1,1,1,0,1,1,1,1,0,0,0,1,1,0,0,0,1,1,0,0,0,0,0,0,1,1,0,0,1,0,0,0,1,0,1,1,1,0,1,0,0,0,1,0,0,1,0,0,1,1,0,0,1,1,1,0,0,1,0,0,1,1,1,1,1,1,1,0,0,1,1,0,0,0,1,1,1,0,1,0,1,0,0,0,1,1,1,1,0,0,1,0,0,0,1,1,0,1,0,0,1,0,0,0,0,1,0,0,1,0
0,1,0,1,0,1,1,0,0,0,1,0,1,1,1,0,0,1,1,0,0,0,0,0,0,0,1,0,0,0,1,0,0,1,0,1,0,0,1,1,0,1,0,1,0,0,0,1,0,0,0,1,1,1,1,0,1,1,1,0,0,0,1,1,1,0,0,0,1,0,0,1,0,0,0,1,0,0,0,0,0,0,0,1,0,1,1,0,1,0,1,0,0,0,0,0,1,1,0,1,0,0,0,0,0,1,0,0,0,0,0,1,1,1,0,1,1,1,1,0,0,0,1,1,0,0,0,1,1,0,0,0,0,0,0,1,1,0,0,1,0,0,0,1,0,1,1,1,0,1,0,0,0,1,0,0,1,0,0,1,1,0,0,1,1,1,0,0,1,0,0,1,1,1,1,1,1,1,0,0,1,1,0,0,0,1,1,1,0,1,0,1,0,0,0,1,1,1,1,0,0,1,0,0,0,1,1,0,1,0,0,1,0,0,0,0,1,0,0,1,0
0,1,0,1,0,1,1,0,0,0,1,0,1,1,1,0,0,0,0,0,0,0,0,0,0,0,0,0,0,0,1,0,0,1,0,1,0,0,1,1,0,1,0,1,0,0,0,1,0,0,0,1,1,1,1,0,1,1,1,0,0,0,1,1,1,0,0,0,1,0,0,1,0,0,0,1,0,0,0,0,0,0,0,1,0,1,1,0,1,0,1,0,0,0,0,0,1,1,0,1,0,0,0,0,0,1,0,0,0,0,0,1,1,1,0,1,1,1,1,0,0,0,1,1,0,0,0,1,1,0,0,0,0,0,0,1,1,0,0,1,0,0,0,1,0,1,1,1,0,1,0,0,0,1,0,0,1,0,0,1,1,0,0,1,1,1,0,0,1,0,0,0,1,1,1,1,1,1,0,0,1,1,0,0,0,1,1,1,0,1,0,1,0,0,0,1,1,1,1,0,0,1,0,0,0,1,1,0,1,0,0,1,0,0,0,0,1,0,0,1,0
0,1,0,1,0,1,1,0,0,0,1,0,1,1,1,0,0,0,0,0,0,0,0,0,0,0,0,0,0,0,1,0,0,0,0,1,0,0,1,1,0,1,0,1,0,0,0,1,0,0,0,1,1,1,1,0,1,1,1,0,0,0,1,0,0,0,0,0,1,0,0,1,0,0,0,1,0,0,0,0,0,0,0,1,0,1,1,0,1,0,1,0,0,0,0,0,1,1,0,1,0,0,0,0,0,0,0,0,0,0,0,1,1,1,0,1,1,1,1,0,0,0,1,1,0,0,0,1,1,0,0,0,0,0,0,1,1,0,0,1,0,0,0,1,0,1,1,1,0,1,0,0,0,1,0,0,1,0,0,1,1,0,0,1,1,1,0,0,1,0,0,0,1,1,1,1,1,1,0,0,1,1,0,0,0,1,1,1,0,1,0,1,0,0,0,1,1,1,1,0,0,1,0,0,0,1,1,0,1,0,0,1,0,0,0,0,1,0,0,1,0
0,1,0,1,0,1,1,0,0,1,1,0,1,1,1,0,0,1,1,0,0,0,0,0,0,0,1,0,0,0,1,0,1,1,0,1,0,0,1,1,1,1,0,1,0,0,1,1,0,0,0,1,1,1,1,0,1,1,1,0,0,0,1,1,1,0,0,0,1,0,0,1,0,0,0,1,0,0,0,0,0,0,0,1,0,1,1,0,1,0,1,0,0,0,0,0,1,1,1,1,1,0,0,0,0,0,0,0,0,0,0,1,1,1,0,1,1,1,1,1,0,0,1,1,0,0,0,1,1,0,0,0,0,0,0,1,1,1,0,1,0,0,1,1,0,1,1,1,0,1,0,0,0,1,0,0,1,0,0,1,1,0,0,1,1,1,0,0,1,0,1,1,0,1,1,1,1,1,0,0,1,1,0,0,0,1,1,1,0,1,0,1,0,0,0,1,1,1,1,0,0,1,0,0,0,1,1,0,1,0,0,1,0,0,0,0,1,0,0,1,0
1,1,0,1,0,1,1,0,0,0,1,0,1,1,1,0,0,0,0,0,0,0,0,0,0,0,0,0,0,0,1,0,0,1,0,1,0,0,1,1,0,1,0,1,0,0,0,1,0,0,0,1,1,1,1,0,1,1,1,0,0,0,1,1,1,0,0,0,1,0,0,1,0,0,0,1,0,0,0,0,0,0,0,1,0,1,1,0,1,0,1,0,0,0,0,0,1,1,0,1,0,0,0,0,0,1,0,0,0,0,0,1,1,1,0,1,1,1,1,0,0,0,1,1,0,0,0,1,1,0,0,0,0,0,0,1,1,0,0,1,0,0,0,1,0,1,1,1,0,1,0,0,0,1,0,0,1,0,0,1,1,0,0,1,1,1,0,0,1,0,1,1,1,1,1,1,1,1,0,0,1,1,0,0,0,1,1,1,0,1,0,1,0,0,0,1,1,1,1,0,0,1,0,0,0,1,1,0,1,0,0,1,0,0,0,0,1,0,0,1,0
1,1,0,1,0,1,0,0,0,0,0,0,0,0,0,0,0,1,1,0,0,0,0,0,0,0,1,0,0,0,1,0,0,0,0,0,0,0,1,1,0,1,0,1,0,0,0,1,0,0,0,1,0,1,1,0,0,0,0,0,0,0,1,0,0,0,0,0,0,0,0,1,0,1,0,1,0,0,0,0,1,0,0,1,0,0,0,0,1,0,0,0,0,0,0,0,1,0,0,1,0,0,0,0,0,0,0,1,0,0,0,1,0,0,0,1,1,0,1,0,0,0,0,0,0,0,0,0,0,0,0,0,1,0,0,1,0,0,0,0,0,0,0,1,0,0,0,1,0,0,0,0,0,0,0,0,0,0,0,0,1,0,0,1,0,0,0,0,0,0,0,0,0,0,0,0,1,1,0,0,1,0,0,0,0,0,0,0,1,0,0,0,1,0,0,1,1,0,0,0,0,0,0,1,0,0,0,0,0,0,0,0,0,0,0,0,0,0,0,0,0
0,1,0,1,0,1,1,0,0,0,1,0,1,1,1,0,0,1,1,0,0,0,0,0,0,0,1,0,0,0,1,0,0,1,0,1,0,0,1,1,0,1,0,1,0,0,0,1,1,0,0,1,1,1,1,0,1,1,1,0,0,0,1,1,1,0,0,0,1,0,0,1,0,0,0,1,0,0,0,0,0,0,0,1,0,1,1,0,1,0,1,0,0,0,0,0,1,1,0,1,0,0,0,0,0,0,0,0,0,0,0,1,1,1,0,1,1,1,1,0,0,0,1,1,0,0,0,1,1,0,0,0,0,0,0,1,1,0,0,1,0,0,0,1,0,1,1,1,0,1,0,0,0,1,0,0,1,0,0,1,1,0,0,1,1,1,0,0,1,0,1,1,0,1,1,1,1,1,0,0,1,1,0,0,0,1,1,1,0,1,0,1,0,0,0,1,1,1,1,0,0,1,0,0,0,1,1,0,1,0,0,1,0,0,0,0,1,0,0,1,0
1,1,1,1,0,1,1,1,0,0,0,0,0,0,0,0,1,1,1,0,0,1,1,1,0,1,1,0,1,1,1,0,0,1,0,0,0,0,0,1,0,1,1,1,0,0,0,1,1,0,0,1,0,0,0,0,1,1,1,0,0,0,1,1,1,0,0,0,1,0,0,1,0,1,0,0,0,0,0,0,1,0,0,0,0,1,1,0,1,0,1,0,0,0,0,1,0,1,0,0,0,0,0,0,0,1,0,1,0,0,0,1,1,1,0,0,0,1,1,0,1,0,0,1,0,0,0,1,1,1,0,0,1,0,1,0,1,0,0,1,0,1,0,0,0,1,1,1,0,1,1,0,0,1,1,0,1,1,1,1,1,0,1,1,0,1,0,1,1,1,0,0,1,1,0,1,1,0,0,0,0,1,0,1,1,0,1,1,1,1,1,0,1,1,0,1,1,1,1,1,1,0,0,1,1,0,0,1,1,0,1,0,0,0,1,0,1,0,1,0,0
0,1,0,1,0,1,1,1,0,0,0,0,0,0,0,1,1,1,1,0,1,1,1,1,1,1,1,0,1,1,1,0,0,1,0,0,0,0,0,1,0,1,1,1,0,0,0,1,1,0,0,1,0,0,0,0,1,1,1,0,0,0,1,1,1,0,0,0,1,0,0,1,0,1,0,0,0,0,0,0,1,0,0,0,0,1,1,0,1,0,1,0,0,0,0,1,0,1,0,0,0,0,0,0,0,1,0,1,0,0,0,1,1,1,0,0,0,1,1,0,1,0,0,1,0,0,0,1,1,1,0,0,1,0,1,0,1,0,0,1,0,1,0,0,0,1,1,1,0,1,1,0,0,1,1,0,1,1,1,1,1,0,1,1,0,1,1,1,1,1,0,0,1,1,0,1,1,0,0,0,0,1,0,1,1,0,1,1,1,1,1,0,1,1,0,1,1,1,1,1,1,0,0,1,1,0,1,1,1,1,1,0,0,0,1,0,1,1,1,0,0
0,1,0,1,0,1,1,1,0,0,0,0,0,0,0,0,1,1,1,0,0,1,1,1,0,1,1,0,1,1,1,0,0,1,0,0,0,0,0,1,0,1,1,1,0,0,0,1,1,0,0,1,0,0,0,0,1,1,1,0,0,0,1,1,1,0,0,0,1,0,0,1,0,1,0,0,0,0,0,0,1,0,0,0,0,1,1,0,1,0,1,0,0,0,0,1,0,1,0,0,0,0,0,0,0,1,0,1,0,0,0,1,1,1,0,0,0,1,1,0,1,0,0,1,0,0,0,1,1,1,0,0,1,0,1,0,1,0,0,1,0,1,0,0,0,1,1,1,0,1,1,0,0,1,1,0,1,1,1,1,1,0,1,1,0,1,1,1,1,1,0,0,1,1,0,1,1,0,0,0,0,1,0,1,1,0,1,1,1,1,1,0,1,1,0,1,1,1,1,1,1,0,0,1,1,0,0,1,1,0,1,0,0,0,1,0,1,0,1,0,0
1,1,1,1,0,1,1,1,0,0,0,0,0,0,0,1,1,1,1,0,1,1,1,1,1,1,1,0,1,1,1,0,0,1,0,0,0,0,0,1,0,1,1,1,0,0,0,1,1,0,0,1,0,0,0,0,1,1,1,0,0,0,1,1,1,0,0,0,1,0,0,1,0,1,0,0,0,0,0,0,1,0,0,0,0,1,1,0,1,0,1,0,0,0,0,1,0,1,0,0,0,0,0,0,0,1,0,1,0,0,0,1,1,1,0,0,0,1,1,0,1,0,0,1,1,0,0,1,1,1,0,0,1,0,1,0,1,0,0,1,0,1,0,0,0,1,1,1,0,1,1,1,0,1,1,0,1,1,1,1,1,0,1,1,0,1,1,1,1,1,1,1,1,1,0,1,1,0,1,0,0,1,0,1,1,0,1,1,1,1,1,0,1,1,0,1,1,1,1,1,1,0,0,1,1,0,0,1,1,0,1,0,0,0,1,0,1,0,1,0,0
0,1,0,1,0,1,1,1,0,0,0,0,0,0,0,0,0,1,1,0,0,1,1,0,0,0,1,0,1,0,1,0,0,1,0,0,0,0,0,1,0,1,1,1,0,0,0,1,1,0,0,1,0,0,0,0,1,1,1,0,0,0,1,1,1,0,0,0,1,0,0,1,0,1,0,0,0,0,0,0,1,0,0,0,0,1,1,0,1,0,1,0,0,0,0,1,0,1,0,0,0,0,0,0,0,1,0,1,0,0,0,1,1,1,0,0,0,1,1,0,1,0,0,1,0,0,0,1,1,0,0,0,1,0,0,0,1,0,0,1,0,1,0,0,0,1,1,1,0,1,1,0,0,1,1,0,1,1,0,1,1,0,1,1,0,1,1,0,1,0,0,0,1,1,0,1,1,0,0,0,0,1,0,1,1,0,1,1,1,1,0,0,1,1,0,1,1,1,1,0,0,0,0,1,1,0,0,1,1,0,0,0,0,0,1,0,1,0,0,0,0
1,1,0,1,0,1,1,1,0,0,0,0,0,0,0,0,1,1,1,0,0,1,1,1,0,1,1,0,1,1,1,0,0,1,0,0,0,0,0,1,0,1,1,1,0,0,0,1,1,0,0,1,0,0,0,0,1,1,1,0,0,0,1,1,1,0,0,0,1,0,0,1,0,1,0,0,0,0,0,0,1,0,0,0,0,1,1,0,1,0,1,0,0,0,0,1,0,1,0,0,0,0,0,0,0,1,0,1,0,0,0,1,1,1,0,0,0,1,1,0,1,0,0,1,0,0,0,1,1,1,0,0,1,0,1,0,1,0,0,1,0,1,0,0,0,1,1,1,0,1,1,0,0,1,1,0,1,1,1,1,1,0,1,1,0,1,0,1,1,1,0,0,1,1,0,1,1,0,0,0,0,1,0,1,1,0,1,1,1,1,1,0,1,1,0,1,1,1,1,1,1,0,0,1,1,0,0,1,1,0,1,0,0,0,1,0,1,0,1,0,0
0,1,0,1,0,1,1,0,0,0,0,0,0,0,0,0,0,1,1,0,0,1,1,0,0,0,1,0,1,0,1,0,0,1,0,0,0,0,0,1,0,1,1,1,0,0,0,1,1,0,0,1,0,0,0,0,1,1,1,1,0,0,1,1,1,0,0,0,1,0,0,1,0,0,0,0,0,0,0,0,0,0,0,0,0,1,1,0,1,0,1,0,0,0,0,0,0,1,0,0,0,0,0,0,0,1,0,0,0,0,0,1,1,1,0,0,0,1,1,0,0,0,0,1,0,0,0,1,1,0,0,0,0,0,0,0,1,0,0,1,0,0,0,0,0,1,1,1,0,1,1,0,0,1,1,0,1,0,0,1,1,0,1,1,0,1,1,0,1,0,0,0,1,1,0,1,1,0,0,0,0,1,0,0,0,0,1,1,0,1,0,0,0,0,0,1,0,1,1,0,0,0,0,0,0,0,1,1,1,1,0,0,0,0,1,0,1,1,0,0,0
1,1,1,1,0,1,1,1,0,0,0,0,0,0,0,1,1,1,1,0,1,1,1,1,1,1,1,0,1,1,1,0,0,1,0,0,0,0,0,1,0,1,1,1,0,0,0,1,1,0,0,1,0,0,0,0,1,1,1,0,0,0,1,1,1,0,0,0,1,0,0,1,0,1,0,0,0,0,0,0,1,0,0,0,0,1,1,0,1,0,1,0,0,0,0,1,0,1,0,0,0,0,0,0,0,1,0,1,0,0,0,1,1,1,0,0,0,1,1,0,1,0,0,1,1,0,0,1,1,1,0,0,1,0,1,0,1,0,0,1,0,1,0,0,0,1,1,1,0,1,1,1,0,1,1,0,1,1,1,1,1,0,1,1,0,1,1,1,1,1,1,1,1,1,0,1,1,0,1,0,0,1,0,1,1,0,1,1,1,1,1,0,1,1,0,1,1,1,1,1,1,0,0,1,1,0,0,1,1,0,1,0,0,0,1,0,1,0,1,0,0
1,1,0,1,0,1,1,1,0,0,0,0,0,0,0,0,1,1,1,0,0,1,1,1,0,1,1,0,1,1,1,0,0,1,0,0,0,0,0,1,0,1,1,1,0,0,0,1,1,0,0,1,0,0,0,0,1,1,1,0,0,0,1,1,1,0,0,0,1,0,0,1,0,1,0,0,0,0,0,0,1,0,0,0,0,1,1,0,1,0,1,0,0,0,0,1,0,1,0,0,0,0,0,0,0,1,0,1,0,0,0,1,1,1,0,0,0,1,1,0,1,0,0,1,0,0,0,1,1,1,0,0,1,0,1,0,1,0,0,1,0,1,0,0,0,1,1,1,0,1,1,0,0,1,1,0,1,1,1,1,1,0,1,1,0,1,0,1,1,1,0,0,1,1,0,1,1,0,0,0,0,1,0,1,1,0,1,1,1,1,1,0,1,1,0,1,1,1,1,1,1,0,0,1,1,0,0,1,1,0,1,0,0,0,1,0,1,0,1,0,0
0,1,0,1,0,1,1,0,0,0,0,0,0,0,0,0,0,1,1,0,0,1,1,0,0,0,1,0,1,0,1,0,0,1,0,0,0,0,0,1,0,1,1,1,0,0,0,1,1,0,0,1,0,0,0,0,1,1,1,0,0,0,1,1,1,0,0,0,1,0,0,1,0,0,0,0,0,0,0,0,0,0,0,0,0,1,1,0,1,0,1,0,0,0,0,0,0,1,0,0,0,0,0,0,0,1,0,0,0,0,0,1,1,1,0,0,0,1,1,0,0,0,0,1,0,0,0,1,1,0,0,0,0,0,0,0,1,0,0,1,0,0,0,0,0,1,1,1,0,1,1,0,0,1,1,0,1,0,0,1,1,0,1,1,0,1,1,0,1,0,0,0,1,1,0,1,1,0,0,0,0,1,0,0,0,0,1,1,0,1,0,0,0,0,0,1,1,1,1,0,0,0,0,0,0,0,0,0,1,0,0,0,0,0,0,0,1,0,0,0,0
1,1,1,1,0,1,1,1,0,0,0,0,0,0,0,1,1,1,1,0,1,1,1,1,1,1,1,0,1,1,1,0,0,1,0,0,0,0,0,1,0,1,1,1,0,0,0,1,1,0,0,1,0,0,0,0,1,1,1,0,0,0,1,1,1,0,0,0,1,0,0,1,0,1,0,0,0,0,0,0,1,0,0,0,0,1,1,0,1,0,1,0,0,0,0,1,0,1,0,0,0,0,0,0,0,1,0,1,0,0,0,1,1,1,0,0,0,1,1,0,1,0,0,1,1,0,0,1,1,1,0,0,1,0,1,0,1,0,0,1,0,1,0,0,0,1,1,1,0,1,1,1,0,1,1,0,1,1,1,1,1,0,1,1,0,1,1,1,1,1,1,1,1,1,0,1,1,0,1,0,0,1,0,1,1,0,1,1,1,1,1,0,1,1,0,1,1,1,1,1,1,0,0,1,1,0,0,1,1,0,1,0,0,0,1,0,1,0,1,0,0
1,1,0,1,0,1,1,1,0,0,0,0,0,0,0,0,1,1,1,0,0,1,1,1,0,1,1,0,1,1,1,0,0,1,0,0,0,0,0,1,0,1,1,1,0,0,0,1,1,0,0,1,0,0,0,0,1,1,1,0,0,0,1,1,1,0,0,0,1,0,0,1,0,1,0,0,0,0,0,0,1,0,0,0,0,1,1,0,1,0,1,0,0,0,0,1,0,1,0,0,0,0,0,0,0,1,0,1,0,0,0,1,1,1,0,0,0,1,1,0,1,0,0,1,0,0,0,1,1,1,0,0,1,0,1,0,1,0,0,1,0,1,0,0,0,1,1,1,0,1,1,0,0,1,1,0,1,1,1,1,1,0,1,1,0,1,0,1,1,1,0,0,1,1,0,1,1,0,0,0,0,1,0,1,1,0,1,1,1,1,1,0,1,1,0,1,1,1,1,1,1,0,0,1,1,0,0,1,1,0,1,0,0,0,1,0,1,0,1,0,0
0,1,0,1,0,1,1,0,0,0,0,0,0,0,0,0,0,1,1,0,0,1,1,0,0,0,1,0,1,0,1,0,0,1,0,0,0,0,0,1,0,1,1,1,0,0,0,1,1,0,0,1,0,0,0,0,1,1,1,1,0,0,1,1,1,0,0,0,1,0,0,1,0,0,0,0,0,0,0,0,0,0,0,0,0,1,1,0,1,0,1,0,0,0,0,0,0,1,0,0,0,0,0,0,0,1,0,0,0,0,0,1,1,1,0,0,0,1,1,0,0,0,0,1,0,0,0,1,1,0,0,0,0,0,0,0,1,0,0,1,0,0,0,0,0,1,1,1,0,1,1,0,0,1,1,0,1,0,0,1,1,0,1,1,0,1,1,0,1,0,0,0,1,1,0,1,1,0,0,0,0,1,0,0,0,0,1,1,0,1,0,0,0,0,0,1,1,1,1,0,0,0,0,0,0,0,1,1,1,0,0,0,0,0,1,0,1,0,0,0,0
0,1,0,1,0,1,1,0,0,0,0,0,0,0,0,0,0,1,1,0,0,0,0,0,0,0,1,0,0,0,1,0,0,1,0,0,0,0,0,1,0,1,1,1,0,0,0,1,1,0,0,1,0,0,0,0,1,1,1,0,0,0,1,1,1,0,0,0,1,0,0,1,0,0,0,0,0,0,0,0,0,0,0,0,0,1,1,0,1,0,1,0,0,0,0,0,0,1,0,0,0,0,0,0,0,1,0,0,0,0,0,1,1,1,0,0,0,1,1,0,0,0,0,1,0,0,0,1,1,0,0,0,0,0,0,0,1,0,0,1,0,0,0,0,0,1,1,1,0,1,1,0,0,1,1,0,1,0,0,1,1,0,1,1,0,1,1,0,1,0,0,0,1,1,0,1,1,0,0,0,0,1,0,0,0,0,1,1,0,1,0,0,0,0,0,0,0,0,1,0,0,0,0,0,0,0,0,0,1,0,0,0,0,0,0,0,1,0,0,0,0
1,1,1,1,0,1,1,1,0,0,0,0,0,0,0,1,1,1,1,0,1,1,1,1,1,1,1,0,1,1,1,0,0,1,0,0,0,0,0,1,0,1,1,1,0,0,0,1,1,0,0,1,0,0,0,0,1,1,1,0,0,0,1,1,1,0,0,0,1,0,0,1,0,1,0,0,0,0,0,0,1,0,0,0,0,1,1,0,1,0,1,0,0,0,0,1,0,1,0,0,0,0,0,0,0,1,0,1,0,0,0,1,1,1,0,0,0,1,1,0,1,0,0,1,1,0,0,1,1,1,0,0,1,0,1,0,1,0,0,1,0,1,0,0,0,1,1,1,0,1,1,1,0,1,1,0,1,1,1,1,1,0,1,1,0,1,1,1,1,1,1,1,1,1,0,1,1,0,1,0,0,1,0,1,1,0,1,1,1,1,1,0,1,1,0,1,1,1,1,1,1,0,0,1,1,0,0,1,1,0,1,0,0,0,1,0,1,0,1,0,0
0,1,0,1,0,1,1,1,0,0,0,0,0,0,0,0,1,1,1,0,0,1,1,1,0,1,1,0,1,1,1,0,0,1,0,0,0,0,0,1,0,1,1,1,0,0,0,1,1,0,0,1,0,0,0,0,1,1,1,0,0,0,1,1,1,0,0,0,1,0,0,1,0,1,0,0,0,0,0,0,1,0,0,0,0,1,1,0,1,0,1,0,0,0,0,1,0,1,0,0,0,0,0,0,0,1,0,1,0,0,0,1,1,1,0,0,0,1,1,0,1,0,0,1,0,0,0,1,1,1,0,0,1,0,1,0,1,0,0,1,0,1,0,0,0,1,1,1,0,1,1,0,0,1,1,0,1,1,1,1,1,0,1,1,0,1,0,1,1,1,0,0,1,1,0,1,1,0,0,0,0,1,0,1,1,0,1,1,1,1,1,0,1,1,0,1,1,1,1,1,1,0,0,1,1,0,0,1,1,0,1,0,0,0,1,0,1,0,1,0,0
0,0,0,1,0,1,1,0,0,0,1,0,1,1,1,0,0,0,0,0,0,0,0,0,0,0,0,0,0,0,1,0,0,1,0,1,0,0,1,1,0,1,0,1,0,0,0,1,1,0,0,1,1,1,1,0,1,1,1,0,0,0,1,1,1,0,0,0,1,0,0,1,0,0,0,1,0,0,0,0,0,0,0,1,0,1,1,0,1,0,1,0,0,0,0,0,1,1,0,1,0,0,0,0,0,1,0,0,0,0,0,1,1,1,0,1,1,1,1,0,0,0,1,1,0,0,0,1,1,0,0,0,0,0,0,1,1,0,0,1,0,0,0,1,0,1,1,1,0,1,0,0,0,1,0,0,1,0,0,1,1,0,0,1,1,1,0,0,1,0,0,1,1,1,1,1,1,1,0,0,1,1,0,0,0,1,1,1,0,1,0,1,0,0,0,1,1,1,1,0,0,1,0,0,0,1,1,0,1,0,0,1,0,0,0,0,1,0,0,1,0
1,1,1,1,0,1,1,1,0,0,0,0,0,0,0,0,1,1,1,0,0,1,1,1,0,1,1,0,1,1,1,0,0,1,0,0,0,0,0,1,0,1,1,1,0,0,0,1,1,0,0,1,0,0,0,0,1,1,1,0,0,0,1,1,1,0,0,0,1,0,0,1,0,1,0,0,0,0,0,0,1,0,0,0,0,1,1,0,1,0,1,0,0,0,0,1,0,1,0,0,0,0,0,0,0,1,0,1,0,0,0,1,1,1,0,0,0,1,1,0,1,0,0,1,0,0,0,1,1,1,0,0,1,0,1,0,1,0,0,1,0,1,0,0,0,1,1,1,0,1,1,0,0,1,1,0,1,1,1,1,1,0,1,1,0,1,0,1,1,1,0,0,1,1,0,1,1,0,0,0,0,1,0,1,1,0,1,1,1,1,1,0,1,1,0,1,1,1,1,1,1,0,0,1,1,0,0,1,1,0,1,0,0,0,1,0,1,0,1,0,0
1,1,1,1,1,1,1,0,0,0,0,0,0,0,0,0,0,1,1,0,0,0,0,0,0,0,1,0,0,0,1,0,0,0,0,0,0,0,0,0,0,1,0,1,0,0,0,1,0,0,0,1,0,0,0,0,0,0,0,0,0,0,1,0,0,0,0,0,0,0,0,1,0,0,0,0,0,1,0,0,1,0,0,0,0,1,0,0,1,0,0,0,0,0,0,0,0,0,0,0,0,0,0,0,0,0,0,1,0,0,0,1,0,0,0,0,0,0,1,0,0,0,0,0,0,0,0,0,0,0,0,0,1,0,0,0,0,0,0,0,0,0,0,0,0,0,0,1,0,0,0,0,0,0,0,0,0,0,0,0,1,0,0,1,0,0,0,0,0,0,0,1,1,0,0,0,1,0,0,0,0,0,0,0,0,0,0,0,1,0,0,0,1,0,0,1,0,0,0,0,0,0,0,0,0,0,1,0,0,1,0,0,0,0,0,0,0,1,0,0,0
1,1,1,1,1,1,1,0,0,1,0,0,0,0,0,0,0,1,1,0,0,0,0,0,0,0,1,0,0,0,1,0,1,0,0,0,0,0,0,0,1,1,0,1,0,0,1,1,0,0,0,1,0,0,0,0,0,0,0,0,0,0,1,0,0,0,0,0,0,0,0,1,0,0,0,0,0,1,0,0,1,0,0,0,0,1,0,0,1,0,0,0,0,0,0,0,0,0,1,0,1,0,0,0,0,0,0,1,0,0,0,1,0,0,0,0,0,0,1,1,0,0,0,0,0,0,0,0,0,0,0,0,1,0,0,0,0,1,0,0,0,0,1,0,0,0,0,1,0,0,0,0,0,0,0,0,0,0,0,0,1,0,0,1,0,0,0,0,0,0,0,1,1,0,0,0,1,0,0,0,0,0,0,0,0,0,0,0,1,0,0,0,1,0,0,1,0,0,0,0,0,0,0,0,0,0,0,0,0,0,0,0,0,0,0,0,0,0,0,0,0
1,1,1,1,1,1,1,1,0,0,0,0,0,0,0,0,0,1,1,0,0,0,0,0,0,0,1,0,0,0,1,0,0,0,0,0,0,1,1,1,0,1,0,1,0,0,0,1,1,0,0,1,0,0,0,0,0,1,1,0,0,0,1,0,0,0,0,0,1,0,0,1,0,0,0,0,0,1,0,0,1,0,0,0,0,1,0,0,1,0,1,0,0,0,0,0,0,1,0,0,0,0,0,0,0,0,0,1,0,0,0,1,1,1,0,0,0,1,1,0,0,0,0,1,0,0,0,1,1,0,0,0,1,0,0,0,1,0,0,1,0,0,0,0,0,1,1,1,0,0,0,0,0,1,0,0,0,0,0,1,1,0,0,1,0,1,1,0,1,0,0,1,1,1,0,1,1,0,0,0,0,1,0,0,0,0,1,0,1,1,0,0,1,0,0,1,0,1,0,0,0,0,0,0,0,0,0,0,0,0,1,0,0,0,0,0,0,0,1,0,0
0,1,0,1,0,1,1,0,0,0,1,0,1,1,1,0,0,1,1,0,0,1,1,0,0,0,1,0,1,0,1,0,0,1,0,1,0,0,1,1,0,1,0,1,0,0,0,1,0,0,0,1,1,1,1,0,1,1,1,0,0,0,1,1,1,0,0,0,1,0,0,1,0,0,0,1,0,0,0,0,0,0,0,1,0,1,1,0,1,0,1,0,0,0,0,0,1,1,0,1,0,0,0,0,0,0,0,0,0,0,0,1,1,1,0,1,1,1,1,0,0,0,1,1,0,0,0,1,1,0,0,0,0,0,0,1,1,0,0,1,0,0,0,1,0,1,1,1,0,1,0,0,0,1,0,0,1,0,0,1,1,0,0,1,1,1,0,0,1,0,1,1,0,1,1,1,1,1,0,0,1,1,0,0,0,1,1,1,0,1,0,1,0,0,0,1,1,1,1,0,0,1,0,0,0,1,1,0,1,0,0,1,0,0,0,0,1,0,0,1,0
1,1,1,1,1,1,1,1,0,0,0,0,0,0,0,0,0,1,1,0,0,0,0,0,0,0,1,0,0,0,1,0,0,0,0,0,0,0,0,1,0,1,0,1,0,0,0,1,1,0,0,1,0,0,0,0,0,1,1,0,0,0,1,0,0,0,0,0,1,0,0,1,0,0,0,0,0,1,0,0,1,0,0,0,0,1,0,0,1,0,1,0,0,0,0,0,0,1,0,0,0,0,0,0,0,0,0,1,0,0,0,1,1,1,0,0,0,1,1,0,0,0,0,1,0,0,0,1,1,0,0,0,1,0,0,0,1,0,0,1,0,0,0,0,0,1,1,1,0,0,0,0,0,1,0,0,0,0,0,1,1,0,0,1,0,1,0,0,1,0,0,1,1,1,0,1,1,0,0,0,0,1,0,0,0,0,1,0,1,1,0,1,1,0,0,1,0,0,0,0,0,1,0,0,0,0,0,1,0,0,0,0,0,0,1,0,0,0,0,0,0
0,1,0,1,0,1,1,0,0,0,1,0,1,1,1,0,0,1,1,0,0,0,0,0,0,0,1,0,0,0,1,0,0,1,0,1,0,0,1,1,0,1,0,1,0,0,0,1,0,0,0,1,1,1,1,0,1,1,1,0,0,0,1,1,1,0,0,0,1,0,0,1,0,0,0,1,0,0,0,0,0,0,0,1,0,1,1,0,1,0,1,0,0,0,0,0,1,1,0,1,0,0,0,0,0,1,0,0,0,0,0,1,1,1,0,1,1,1,1,0,0,0,1,1,0,0,0,1,1,0,0,0,0,0,0,1,1,0,0,1,0,0,0,1,0,1,1,1,0,1,0,0,0,1,0,0,1,0,0,1,1,0,0,1,1,1,0,0,1,0,0,0,1,1,1,1,1,1,0,0,1,1,0,0,0,1,1,1,0,1,0,1,0,0,0,1,1,1,1,0,0,1,0,0,0,1,1,0,1,0,0,1,0,0,0,0,1,0,0,1,0
0,1,0,1,0,1,1,0,0,0,1,0,1,1,1,0,0,1,1,0,0,1,1,0,0,0,1,0,1,0,1,0,0,1,0,1,0,0,1,1,0,1,0,1,0,0,0,1,0,0,0,1,1,1,1,0,1,1,1,0,0,0,1,1,1,0,0,0,1,0,0,1,0,0,0,1,0,0,0,0,0,0,0,1,0,1,1,0,1,0,1,0,0,0,0,0,1,1,0,1,0,0,0,0,0,0,0,0,0,0,0,1,1,1,0,1,1,1,1,0,0,0,1,1,0,0,0,1,1,0,0,0,0,0,0,1,1,0,0,1,0,0,0,1,0,1,1,1,0,1,0,0,0,1,0,0,1,0,0,1,1,0,0,1,1,1,0,0,1,0,1,1,0,1,1,1,1,1,0,0,1,1,0,0,0,1,1,1,0,1,0,1,0,0,0,1,1,1,1,0,0,1,0,0,0,1,1,0,1,0,0,1,0,0,0,0,1,0,0,1,0
1,1,1,1,1,1,1,1,0,0,0,0,0,0,0,0,0,1,1,0,0,0,0,0,0,0,1,0,0,0,1,0,0,0,0,0,0,0,1,0,0,1,0,1,0,0,0,1,0,0,0,1,0,1,1,0,0,0,0,0,0,0,1,0,0,0,0,0,0,0,0,1,0,0,0,1,0,1,0,0,1,0,0,1,0,1,0,0,1,0,0,0,0,0,0,0,0,0,0,1,0,0,0,0,0,0,0,1,0,0,0,1,0,0,0,1,1,0,1,0,0,0,0,0,0,0,0,0,0,0,0,0,1,0,0,0,0,0,1,0,0,0,0,1,0,0,0,1,0,0,0,0,0,0,0,0,0,0,0,0,1,0,0,1,0,0,0,0,0,0,0,1,1,0,0,0,1,0,0,0,1,0,0,0,0,0,0,0,1,0,0,0,1,0,0,1,0,0,0,0,0,0,0,0,0,0,0,0,0,0,0,1,0,0,0,0,0,0,0,1,0
1,1,1,1,1,1,1,1,0,0,0,0,0,0,0,0,0,1,1,0,0,0,0,0,0,0,1,0,0,0,1,0,0,0,0,0,0,1,1,1,0,1,0,1,0,0,0,1,1,0,0,1,0,0,0,0,0,1,1,0,0,0,1,0,0,0,0,0,1,0,0,1,0,0,0,0,0,1,0,0,1,0,0,0,0,1,0,0,1,0,1,0,0,0,0,0,0,1,0,0,0,0,0,0,0,0,0,1,0,0,0,1,1,1,0,0,0,1,1,0,0,0,0,1,0,0,0,1,1,0,0,0,1,0,0,0,1,0,0,1,0,0,0,0,0,1,1,1,0,0,0,0,0,1,0,0,0,0,0,1,1,0,0,1,0,1,1,0,1,0,0,1,1,1,0,1,1,0,0,0,0,1,0,0,0,0,1,0,1,1,0,0,1,0,0,1,0,1,0,0,0,0,0,0,0,0,0,0,0,0,1,0,0,0,0,0,0,0,1,0,0
1,1,1,1,1,1,1,1,0,0,0,0,0,0,0,0,0,1,1,0,0,0,0,0,0,0,1,0,0,0,1,0,0,0,0,0,0,1,1,1,0,1,0,1,0,0,0,1,1,0,0,1,0,0,0,0,0,1,1,0,0,0,1,0,0,0,0,0,1,0,0,1,0,0,0,0,0,1,0,0,1,0,0,0,0,1,0,0,1,0,1,0,0,0,0,0,0,1,0,0,0,0,0,0,0,0,0,1,0,0,0,1,1,1,0,0,0,1,1,0,0,0,0,1,0,0,0,1,1,0,0,0,1,0,0,0,1,0,0,1,0,0,0,0,0,1,1,1,0,0,0,0,0,1,0,0,0,0,0,1,1,0,0,1,0,1,1,0,1,0,0,1,1,1,0,1,1,0,0,0,0,1,0,0,0,0,1,0,1,1,0,0,1,0,0,1,0,1,0,0,0,0,0,0,0,0,0,0,0,0,1,0,0,0,0,0,0,0,1,0,0
1,1,1,1,1,1,1,1,0,0,0,0,0,0,0,0,0,1,1,0,0,0,0,0,0,0,1,0,0,0,1,0,0,0,0,0,0,0,0,1,0,1,0,1,0,0,0,1,1,0,0,1,0,0,0,0,0,1,1,0,0,0,1,0,0,0,0,0,1,0,0,1,0,0,0,0,0,1,0,0,1,0,0,0,0,1,0,0,1,0,1,0,0,0,0,0,0,1,0,0,0,0,0,0,0,0,0,1,0,0,0,1,1,1,0,0,0,1,1,0,0,0,0,1,0,0,0,1,1,0,0,0,1,0,0,0,1,0,0,1,0,0,0,0,0,1,1,1,0,0,0,0,0,1,0,0,0,0,0,1,1,0,0,1,0,1,0,0,1,0,0,1,1,1,0,1,1,0,0,0,0,1,0,0,0,0,1,1,1,1,0,0,1,0,0,1,0,0,1,0,0,0,0,0,0,0,0,0,1,0,0,0,0,0,0,0,1,0,0,0,0
1,1,1,1,1,1,1,0,0,0,0,0,0,0,0,0,0,1,1,0,0,0,0,0,0,0,1,0,0,0,1,0,0,0,0,0,0,0,0,0,0,1,0,1,0,0,0,1,0,0,0,1,0,0,0,0,0,0,0,0,0,0,1,0,0,0,0,0,0,0,0,1,0,0,0,0,0,1,0,0,1,0,0,0,0,1,0,0,1,0,0,0,0,0,0,0,0,0,0,0,0,0,0,0,0,0,0,1,0,0,0,1,0,0,0,0,0,0,1,0,0,0,0,0,0,0,0,0,0,0,0,0,1,0,0,0,0,0,0,0,0,0,0,0,0,0,0,1,0,0,0,0,0,0,0,0,0,0,0,0,1,0,0,1,0,0,0,0,0,0,0,1,1,0,0,0,1,0,0,0,0,0,0,0,0,0,0,0,1,0,0,0,1,0,0,1,0,0,0,0,0,0,0,0,0,0,1,0,0,1,0,0,0,0,0,0,0,1,0,0,0
1,1,1,1,1,1,1,1,0,0,0,0,0,0,0,0,0,1,1,0,0,0,0,0,0,0,1,0,0,0,1,0,0,0,0,0,0,0,1,0,0,1,0,1,0,0,0,1,0,0,0,1,0,1,1,0,0,0,0,0,0,0,1,0,0,0,0,0,0,0,0,1,0,0,0,1,0,1,0,0,1,0,0,1,0,1,0,0,1,0,0,0,0,0,0,0,0,0,0,1,0,0,0,0,0,0,0,1,0,0,0,1,0,0,0,1,1,0,1,0,0,0,0,0,0,0,0,0,0,0,0,0,1,0,0,0,0,0,1,0,0,0,0,1,0,0,0,1,0,0,0,0,0,0,0,0,0,0,0,0,1,0,0,1,0,0,0,0,0,0,0,1,1,0,0,0,1,0,0,0,1,0,0,0,0,0,0,0,1,0,0,0,1,0,0,1,0,0,0,0,0,0,0,0,0,0,0,0,0,0,0,1,0,0,0,0,0,0,0,1,0
1,1,1,1,1,1,1,0,0,0,0,0,0,0,0,0,0,1,1,0,0,0,0,0,0,0,1,0,0,0,1,0,0,0,0,0,0,0,0,0,0,1,0,1,0,0,0,1,0,0,0,1,0,0,0,0,0,0,0,0,0,0,1,0,0,0,0,0,0,0,0,1,0,0,0,0,0,1,0,0,1,0,0,0,0,1,0,0,1,0,0,0,0,0,0,0,0,0,0,0,0,0,0,0,0,0,0,1,0,0,0,1,0,0,0,0,0,0,1,0,0,0,0,0,0,0,0,0,0,0,0,0,1,0,0,0,0,0,0,0,0,0,0,0,0,0,0,1,0,0,0,0,0,0,0,0,0,0,0,0,1,0,0,1,0,0,0,0,0,0,0,1,1,0,0,0,1,0,0,0,0,0,0,0,0,0,0,0,1,0,0,0,1,0,0,1,0,0,0,0,0,0,0,0,0,0,0,0,0,0,0,0,0,0,0,0,0,0,0,0,0
1,1,1,1,1,1,1,1,0,0,0,0,0,0,0,0,0,1,1,0,0,0,0,0,0,0,1,0,0,0,1,0,0,0,0,0,0,0,0,1,0,1,1,1,0,0,0,1,1,0,0,1,0,0,0,0,0,1,1,0,0,0,1,0,0,0,0,0,1,0,0,1,0,0,0,0,0,1,0,0,1,0,0,0,0,1,0,0,1,0,1,0,0,0,0,0,0,1,0,0,0,0,0,0,0,0,0,1,0,0,0,1,1,1,0,0,0,1,1,0,0,0,0,1,0,0,0,1,1,0,0,0,1,0,0,0,1,0,0,1,0,0,0,0,0,1,1,1,0,0,1,0,0,1,1,0,0,0,0,1,1,0,1,1,0,1,1,0,1,0,0,1,1,1,0,1,1,0,0,0,0,1,0,0,0,0,1,0,1,1,0,0,1,0,0,1,0,1,0,0,0,0,0,0,0,0,0,0,0,0,1,0,0,0,0,0,0,0,1,0,0
1,1,1,1,1,1,1,0,0,0,0,0,0,0,0,0,0,1,1,0,0,0,0,0,0,0,1,0,0,0,1,0,0,0,0,0,0,0,0,0,0,1,0,1,0,0,0,1,0,0,0,1,0,0,0,0,0,0,0,0,0,0,1,0,0,0,0,0,0,0,0,1,0,0,0,0,0,1,0,0,1,0,0,0,0,1,0,0,1,0,0,0,0,0,0,0,0,0,0,0,0,0,0,0,0,0,0,1,0,0,0,1,0,0,0,0,0,0,1,0,0,0,0,0,0,0,0,0,0,0,0,0,1,0,0,0,0,0,0,0,0,0,0,0,0,0,0,1,0,0,0,0,0,0,0,0,0,0,0,0,1,0,0,1,0,0,0,0,0,0,0,1,1,0,0,0,1,0,0,0,0,0,0,0,0,0,0,0,1,0,0,0,1,0,0,1,0,0,0,0,0,0,0,0,0,0,1,0,0,1,0,0,0,0,0,0,0,1,0,0,0
1,1,1,1,1,1,1,1,0,0,0,0,0,0,0,0,0,1,1,0,0,0,0,0,0,0,1,0,0,0,1,0,0,0,0,0,0,0,0,1,0,1,1,1,0,0,0,1,1,0,0,1,0,0,0,0,0,1,1,0,0,0,1,0,0,0,0,0,1,0,0,1,0,0,0,0,0,1,0,0,1,0,0,0,0,1,0,0,1,0,1,0,0,0,0,0,0,1,0,0,0,0,0,0,0,0,0,1,0,0,0,1,1,1,0,0,0,1,1,0,0,0,0,1,0,0,0,1,1,0,0,0,1,0,0,0,1,0,0,1,0,0,0,0,0,1,1,1,0,0,1,0,0,1,1,0,0,0,0,1,1,0,1,1,0,1,1,0,1,0,0,1,1,1,0,1,1,0,0,0,0,1,0,0,0,0,1,0,1,1,0,0,1,0,0,1,0,1,0,0,0,0,0,0,0,0,0,0,0,0,1,0,0,0,0,0,0,0,1,0,0
0,1,0,1,0,1,1,0,0,0,1,0,1,1,1,0,0,1,1,0,0,0,0,0,0,0,1,0,0,0,1,0,0,1,0,1,0,0,1,1,0,1,0,1,0,0,0,1,1,0,0,1,1,1,1,0,1,1,1,0,0,0,1,1,1,0,0,0,1,0,0,1,0,0,0,1,0,0,0,0,0,0,0,1,0,1,1,0,1,0,1,0,0,0,0,0,1,1,0,1,0,0,0,0,0,0,0,0,0,0,0,1,1,1,0,1,1,1,1,0,0,0,1,1,0,0,0,1,1,0,0,0,0,0,0,1,1,0,0,1,0,0,0,1,0,1,1,1,0,1,0,0,0,1,0,0,1,0,0,1,1,0,0,1,1,1,0,0,1,0,1,1,1,1,1,1,1,1,0,0,1,1,0,0,0,1,1,1,0,1,0,1,0,0,0,1,1,1,1,0,0,1,0,0,0,1,1,0,1,0,0,1,0,0,0,0,1,0,0,1,0
1,1,1,1,1,1,1,1,0,0,0,0,0,0,0,0,0,1,1,0,0,0,0,0,0,0,1,0,0,0,1,0,0,0,0,0,0,0,0,1,0,1,0,1,0,0,0,1,1,0,0,1,0,0,0,0,0,1,1,0,0,0,1,0,0,0,0,0,1,0,0,1,0,0,0,0,0,1,0,0,1,0,0,0,0,1,0,0,1,0,1,0,0,0,0,0,0,1,0,0,0,0,0,0,0,0,0,1,0,0,0,1,1,1,0,0,0,1,1,0,0,0,0,1,0,0,0,1,1,0,0,0,1,0,0,0,1,0,0,1,0,0,0,0,0,1,1,1,0,0,0,0,0,1,0,0,0,0,0,1,1,0,0,1,0,1,1,0,1,0,0,1,1,1,0,1,1,0,0,0,0,1,0,0,0,0,1,0,1,1,0,0,1,0,0,1,0,1,0,0,0,0,0,0,0,0,0,0,0,0,1,0,0,0,0,0,0,0,1,0,0
1,1,1,1,1,1,1,0,0,0,0,0,0,0,0,0,0,1,1,0,0,0,0,0,0,0,1,0,0,0,1,0,0,0,0,0,0,0,0,0,0,1,0,1,0,0,0,1,0,0,0,1,0,0,0,0,0,0,0,0,0,0,1,0,0,0,0,0,0,0,0,1,0,0,0,0,0,1,0,0,1,0,0,0,0,1,0,0,1,0,0,0,0,0,0,0,0,0,0,0,0,0,0,0,0,0,0,1,0,0,0,1,0,0,0,0,0,0,1,0,0,0,0,0,0,0,0,0,0,0,0,0,1,0,0,0,0,0,0,0,0,0,0,0,0,0,0,1,0,0,0,0,0,0,0,0,0,0,0,0,1,0,0,1,0,0,0,0,0,0,0,1,1,0,0,0,1,0,0,0,0,0,0,0,0,0,0,0,1,0,0,0,1,0,0,1,0,0,0,0,0,0,0,0,0,0,1,0,0,1,0,0,0,0,0,0,0,1,0,0,0
1,1,1,1,0,1,1,1,0,0,0,0,0,0,0,0,0,1,1,0,0,0,0,0,0,0,1,0,0,0,1,0,0,0,0,0,0,0,0,1,0,1,1,1,0,0,0,1,1,0,0,1,0,0,0,0,0,1,1,0,0,0,1,0,0,0,0,0,1,0,0,0,0,0,0,0,0,0,0,0,0,0,0,0,0,0,0,0,1,0,1,0,0,0,0,0,0,1,0,0,0,0,0,0,0,0,0,0,0,0,0,1,1,1,0,0,0,1,1,0,0,0,0,1,0,0,0,1,1,0,0,0,0,0,0,0,1,0,0,1,0,0,0,0,0,1,1,1,0,0,1,0,0,1,0,0,0,0,0,1,1,0,0,1,0,1,1,0,1,0,0,0,0,1,0,1,1,0,0,0,0,1,0,0,0,0,1,0,0,1,0,0,0,0,0,1,0,1,0,0,0,0,0,0,0,0,0,0,0,0,1,0,0,0,0,0,0,0,1,0,0
1,1,1,1,1,1,1,0,0,0,0,0,0,0,0,0,0,1,1,0,0,0,0,0,0,0,1,0,0,0,1,0,0,0,0,0,0,0,0,0,0,1,0,1,0,0,0,1,0,0,0,1,0,0,0,0,0,0,0,0,0,0,1,0,0,0,0,0,0,0,0,1,0,0,0,0,0,1,0,0,1,0,0,0,0,1,0,0,1,0,0,0,0,0,0,0,0,0,0,0,0,0,0,0,0,0,0,1,0,0,0,1,0,0,0,0,0,0,1,0,0,0,0,0,0,0,0,0,0,0,0,0,1,0,0,0,0,0,0,0,0,0,0,0,0,0,0,1,0,0,0,0,0,0,0,0,0,0,0,0,1,0,0,1,0,0,0,0,0,0,0,1,1,0,0,0,1,0,0,0,0,0,0,0,0,0,0,0,1,0,0,0,1,0,0,1,0,0,0,0,0,0,0,0,0,0,0,0,0,0,0,0,0,0,0,0,0,0,0,0,0
0,0,0,1,0,1,1,0,0,0,1,0,1,1,1,0,0,0,0,0,0,0,0,0,0,0,0,0,0,0,1,0,0,1,0,1,0,0,1,1,0,1,0,1,0,0,0,1,0,0,0,1,1,1,1,0,1,1,1,0,0,0,1,1,1,0,0,0,1,0,0,1,0,0,0,1,0,0,0,0,0,0,0,1,0,1,1,0,1,0,1,0,0,0,0,0,1,1,0,1,0,0,0,0,0,1,0,0,0,0,0,1,1,1,0,1,1,1,1,0,0,0,1,1,0,0,0,1,1,0,0,0,0,0,0,1,1,0,0,1,0,0,0,1,0,1,1,1,0,1,0,0,0,1,0,0,1,0,0,1,1,0,0,1,1,1,0,0,1,0,1,0,1,1,1,1,1,1,0,0,1,1,0,0,0,1,1,1,0,1,0,1,0,0,0,1,1,1,1,0,0,1,0,0,0,1,1,0,1,0,0,1,0,0,0,0,1,0,0,1,0
1,1,1,1,1,1,1,0,0,1,0,0,0,0,0,0,0,1,1,0,0,0,0,0,0,0,1,0,0,0,1,0,1,0,0,0,0,0,0,0,1,1,0,1,0,0,1,1,0,0,0,1,0,0,0,0,0,0,0,0,0,0,1,0,0,0,0,0,0,0,0,1,0,0,0,0,0,1,0,0,1,0,0,0,0,1,0,0,1,0,0,0,0,0,0,0,0,0,1,0,1,0,0,0,0,0,0,1,0,0,0,1,0,0,0,0,0,0,1,1,0,0,0,0,0,0,0,0,0,0,0,0,1,0,0,0,0,1,0,0,0,0,1,0,0,0,0,1,0,0,0,0,0,0,0,0,0,0,0,0,1,0,0,1,0,0,0,0,0,0,0,1,1,0,0,0,1,0,0,0,0,0,0,0,0,0,0,0,1,0,0,0,1,0,0,1,0,0,0,0,0,0,0,0,0,0,0,0,0,0,0,0,0,0,0,0,0,0,0,0,0
1,1,1,1,0,1,1,1,0,0,0,0,0,0,0,0,0,1,1,0,0,0,0,0,0,0,1,0,0,0,1,0,0,0,0,0,0,0,0,1,0,1,1,1,0,0,0,1,1,0,0,1,0,0,0,0,0,1,1,0,0,0,1,0,0,0,0,0,1,0,0,0,0,0,0,0,0,0,0,0,0,0,0,0,0,0,0,0,1,0,1,0,0,0,0,0,0,1,0,0,0,0,0,0,0,0,0,0,0,0,0,1,1,1,0,0,0,1,1,0,0,0,0,1,0,0,0,1,1,0,0,0,0,0,0,0,1,0,0,1,0,0,0,0,0,1,1,1,0,0,1,0,0,1,0,0,0,0,0,1,1,0,0,1,0,1,1,0,1,0,0,0,0,1,0,1,1,0,0,0,0,1,0,0,0,0,1,0,0,1,0,0,0,0,0,1,0,1,0,0,0,0,0,0,0,0,0,0,0,0,1,0,0,0,0,0,0,0,1,0,0
0,1,0,1,0,1,1,0,0,0,1,0,1,1,1,0,0,1,1,0,0,0,0,0,0,0,1,0,0,0,1,0,0,1,0,1,0,0,1,1,0,1,0,1,0,0,0,1,0,0,0,1,1,1,1,0,1,1,1,0,0,0,1,1,1,0,0,0,1,0,0,1,0,0,0,1,0,0,0,0,0,0,0,1,0,1,1,0,1,0,1,0,0,0,0,0,1,1,0,1,0,0,0,0,0,1,0,0,0,0,0,1,1,1,0,1,1,1,1,0,0,0,1,1,0,0,0,1,1,0,0,0,0,0,0,1,1,0,0,1,0,0,0,1,0,1,1,1,0,1,0,0,0,1,0,0,1,0,0,1,1,0,0,1,1,1,0,0,1,0,1,1,0,1,1,1,1,1,0,0,1,1,0,0,0,1,1,1,0,1,0,1,0,0,0,1,1,1,1,0,0,1,0,0,0,1,1,0,1,0,0,1,0,0,0,0,1,0,0,1,0
1,1,1,1,1,1,1,1,0,0,0,0,0,0,0,0,0,1,1,0,0,0,0,0,0,0,1,0,0,0,1,0,0,0,0,0,0,0,0,1,0,1,0,1,0,0,0,1,1,0,0,1,0,0,0,0,0,1,1,0,0,0,1,0,0,0,0,0,1,0,0,1,0,0,0,0,0,1,0,0,1,0,0,0,0,1,0,0,1,0,1,0,0,0,0,0,0,1,0,0,0,0,0,0,0,0,0,1,0,0,0,1,1,1,0,0,0,1,1,0,0,0,0,1,0,0,0,1,1,0,0,0,1,0,0,0,1,0,0,1,0,0,0,0,0,1,1,1,0,0,0,0,0,1,0,0,0,0,0,1,1,0,0,1,0,1,1,0,1,0,0,1,1,1,0,1,1,0,0,0,0,1,0,0,0,0,1,0,1,1,0,0,1,0,0,1,0,1,0,0,0,0,0,0,0,0,0,0,0,0,1,0,0,0,0,0,0,0,1,0,0
0,1,0,1,0,0,0,0,0,1,1,1,0,0,0,1,1,1,1,0,0,1,0,0,0,1,1,0,1,0,0,0,1,1,0,0,0,0,1,0,1,0,0,0,1,1,1,0,0,0,0,0,0,1,1,0,0,0,0,1,1,1,0,0,1,1,0,1,0,0,1,0,1,0,0,1,0,0,0,1,0,0,0,1,0,0,0,1,1,1,0,1,0,0,0,0,1,0,1,1,1,1,0,0,1,0,1,0,0,1,1,0,0,0,0,1,1,0,1,1,0,1,0,0,0,0,0,0,0,0,1,1,0,0,0,1,0,1,1,0,0,0,1,1,1,0,0,1,0,0,0,0,0,0,0,1,0,0,0,0,1,0,0,1,0,0,0,0,0,0,0,0,0,0,0,0,1,1,0,0,1,0,0,0,0,0,0,0,0,0,0,0,0,0,0,1,1,0,0,0,0,0,0,0,0,0,1,0,0,1,0,1,0,0,0,0,0,1,0,1,0
0,1,0,1,0,0,0,0,0,1,0,0,0,0,0,1,1,1,1,0,0,1,0,0,0,1,1,0,0,0,0,0,1,1,0,0,0,0,1,0,1,1,0,0,1,1,1,1,0,0,0,1,0,1,1,0,0,0,0,1,1,1,0,1,1,1,0,1,0,0,1,0,1,0,0,1,0,0,0,1,0,0,0,1,0,0,0,1,1,1,0,1,0,0,0,0,1,0,1,1,1,1,0,0,1,1,1,0,0,1,1,1,0,0,0,1,1,0,1,1,0,1,0,0,0,0,0,0,0,0,1,1,0,0,0,1,0,1,1,0,0,0,1,1,1,0,0,1,0,0,0,0,0,0,0,1,0,0,0,0,1,0,0,1,0,0,0,0,0,0,1,0,0,0,0,0,1,1,0,0,1,0,0,0,0,0,0,0,0,0,0,0,0,0,0,1,1,0,0,0,0,0,0,0,0,0,0,0,0,0,0,1,0,0,0,0,0,0,0,1,0
0,1,0,1,0,1,1,0,0,0,1,0,1,1,1,1,1,1,1,0,0,1,0,0,0,1,1,0,1,0,1,0,0,0,0,0,1,0,1,1,0,1,0,1,1,1,0,1,0,0,0,1,0,1,1,0,0,1,1,1,0,1,1,0,0,0,0,0,0,0,1,1,1,1,0,1,0,1,0,1,1,0,0,1,0,1,0,0,1,0,0,0,0,0,0,1,1,1,0,1,0,0,0,0,1,0,1,1,0,1,1,1,1,1,0,1,1,1,1,0,1,1,0,0,0,0,0,1,1,0,1,0,1,1,0,1,0,0,0,0,0,1,0,1,0,0,1,1,0,0,0,0,0,1,0,0,0,1,0,0,1,0,0,1,0,1,1,0,1,0,0,1,1,1,0,1,1,1,0,0,1,0,0,1,1,0,1,0,1,1,0,1,1,0,1,1,1,1,0,0,0,1,1,1,0,0,0,1,0,0,1,1,0,0,1,1,0,0,1,1,0
0,1,0,0,0,1,1,1,0,0,0,0,0,0,0,1,1,1,1,0,1,1,0,1,1,1,1,1,0,0,1,0,0,0,1,1,1,0,0,1,0,1,1,1,0,1,0,1,1,1,1,1,0,1,0,0,1,1,0,0,0,1,0,0,0,1,0,1,1,1,1,1,0,1,1,0,0,0,1,1,1,1,1,1,0,0,1,1,1,1,1,1,0,0,1,1,1,1,0,1,0,1,0,1,1,0,1,1,0,1,1,1,1,1,0,1,1,1,1,0,1,1,0,1,0,1,0,1,1,1,1,1,1,1,1,1,1,0,0,1,0,1,0,1,0,1,1,1,0,0,1,0,1,1,0,0,1,1,1,1,1,0,1,1,0,1,1,1,1,1,0,0,0,1,0,1,1,1,0,1,1,1,0,1,1,0,1,0,1,1,1,1,1,1,1,1,1,1,1,1,1,1,0,1,1,1,1,0,0,0,0,0,0,1,1,1,1,1,1,0,1
0,0,0,1,0,1,1,0,0,0,1,0,1,1,0,0,1,1,0,0,0,0,0,0,0,0,0,0,0,0,1,0,0,1,0,0,1,1,1,1,0,1,1,1,0,0,0,1,1,0,0,1,0,0,0,0,1,1,1,0,0,0,1,1,1,0,0,0,1,0,0,1,0,0,0,0,0,0,0,0,0,0,0,0,0,1,1,0,1,0,1,0,0,0,0,0,0,1,0,0,0,0,0,0,0,1,0,0,0,0,0,1,1,1,0,0,0,1,1,0,0,0,0,1,0,0,0,1,1,1,0,0,0,0,0,0,1,0,0,1,0,0,0,0,0,1,1,1,0,1,1,0,0,1,1,0,1,0,0,1,1,0,1,1,0,1,1,1,1,0,0,0,1,1,0,1,1,0,0,0,0,1,0,0,0,0,1,1,0,1,1,1,0,0,0,1,1,1,0,1,1,1,1,0,0,0,0,1,0,0,1,0,0,0,1,0,0,0,1,0,0
0,1,0,1,0,1,0,0,0,0,1,1,0,0,0,1,1,1,1,0,0,1,0,0,0,1,1,0,1,0,1,0,0,1,0,0,0,0,1,1,0,0,0,1,1,1,0,0,1,0,0,1,0,1,1,0,0,1,1,1,1,1,0,0,1,1,0,1,1,0,1,0,1,0,0,1,0,0,0,1,0,0,0,1,0,0,0,1,1,1,1,1,0,0,0,0,1,1,0,1,0,1,0,0,1,0,1,0,0,1,1,0,1,1,0,1,1,1,1,0,0,1,0,1,0,0,0,1,1,0,1,1,0,0,0,1,1,0,1,1,0,0,0,1,1,1,1,1,0,0,0,0,0,1,0,1,0,0,0,1,1,0,0,1,0,1,0,0,1,0,0,0,0,1,0,1,1,1,0,0,1,1,0,0,0,0,1,1,0,1,0,0,0,0,0,1,1,1,1,0,0,0,0,0,0,0,1,1,1,1,0,1,0,0,1,0,1,1,0,1,0
0,0,0,1,0,0,0,0,0,0,0,0,0,0,0,1,1,1,1,0,0,1,0,0,0,1,1,0,0,0,0,0,0,1,0,0,0,0,1,0,0,0,0,0,1,1,0,0,0,0,0,1,0,1,1,0,0,0,0,1,1,1,0,0,1,1,0,1,0,0,1,0,1,0,0,1,0,0,0,1,0,0,0,1,0,0,0,1,1,1,0,1,0,0,0,0,1,0,0,1,0,1,0,0,1,0,1,0,0,1,1,0,0,0,0,1,1,0,1,0,0,1,0,0,0,0,0,0,0,0,1,1,0,0,0,1,0,0,1,0,0,0,0,1,1,0,0,1,0,0,0,0,0,0,0,1,0,0,0,0,1,0,0,1,0,0,0,0,0,0,0,0,0,0,0,0,1,1,0,0,1,0,0,0,0,0,0,0,0,0,0,0,0,0,0,1,1,0,0,0,0,0,0,0,0,0,0,0,0,0,0,1,0,0,0,1,0,0,0,1,0
0,0,0,1,0,1,1,0,0,0,0,0,0,0,0,1,1,1,1,0,0,1,0,0,0,1,1,0,0,0,1,0,0,1,0,0,0,0,1,1,0,0,0,1,1,1,0,0,1,0,0,1,0,1,1,0,0,1,1,1,1,1,0,0,1,1,0,1,1,0,1,0,1,0,0,1,0,0,0,1,0,0,0,1,0,0,0,1,1,1,1,1,0,0,0,0,1,1,0,1,0,1,0,0,1,0,1,0,0,1,1,0,1,1,1,1,1,1,1,0,0,1,0,1,0,1,0,1,1,0,1,1,0,0,0,1,1,0,1,1,0,0,0,1,1,1,1,1,0,0,0,0,0,1,0,1,0,0,0,1,1,1,0,1,0,1,1,0,1,0,0,0,0,1,0,1,1,1,0,1,1,1,0,0,0,0,1,1,0,1,0,1,0,0,0,1,1,1,1,0,0,1,1,0,0,0,0,1,1,0,0,1,1,0,1,0,1,0,0,1,1
0,0,0,1,0,1,1,0,0,0,0,0,0,0,0,1,1,1,1,0,0,1,0,0,0,1,1,0,0,0,0,0,0,1,0,0,0,0,1,0,0,0,0,0,1,1,0,0,0,0,0,0,0,1,1,0,0,0,0,1,1,1,0,0,1,1,0,1,0,0,1,0,1,0,0,1,0,0,0,1,0,0,0,1,0,0,0,1,1,1,0,1,0,0,0,0,1,0,0,1,0,1,0,0,1,0,1,0,0,1,1,0,0,0,0,1,1,0,1,0,0,1,0,0,0,0,0,0,0,0,1,1,0,0,0,1,0,0,1,0,0,0,0,1,1,0,0,1,0,0,0,0,0,0,0,1,0,0,0,0,1,0,0,1,0,0,0,0,0,0,0,0,0,0,0,0,1,1,0,0,1,0,0,0,0,0,0,0,0,0,0,0,0,0,0,1,1,0,0,0,0,0,0,0,0,0,0,0,0,0,0,1,0,0,0,0,0,0,0,1,0
0,1,0,1,0,0,0,0,0,0,1,1,0,0,0,1,1,1,1,0,0,1,0,0,0,1,1,0,1,0,0,0,0,1,0,0,0,0,1,0,0,0,0,0,1,1,0,0,0,0,0,0,0,1,1,0,0,0,0,1,1,1,0,0,1,1,0,1,0,0,1,0,1,0,0,1,0,0,0,1,0,0,0,1,0,0,0,1,1,1,0,1,0,0,0,0,1,0,0,1,0,1,0,0,1,0,1,0,0,1,1,0,0,0,0,1,1,0,1,0,0,1,0,0,0,0,0,0,0,0,1,1,0,0,0,1,0,0,1,0,0,0,0,1,1,0,0,1,0,0,0,0,0,0,0,1,0,0,0,0,1,0,0,1,0,0,0,0,0,0,1,0,0,0,0,0,1,1,0,0,1,0,0,0,0,0,0,0,0,0,0,0,0,0,0,1,1,0,0,0,0,0,0,0,0,0,1,0,0,1,0,1,0,0,0,0,0,1,0,1,0
0,1,0,1,0,0,0,0,0,0,0,0,0,0,0,1,1,1,1,0,0,1,0,0,0,1,1,0,0,0,0,0,0,1,0,0,0,0,1,0,0,1,0,0,1,1,0,1,0,0,0,1,0,1,1,0,0,0,0,1,1,1,0,1,1,1,0,1,0,0,1,0,1,0,0,1,0,0,0,1,0,0,0,1,0,0,0,1,1,1,0,1,0,0,0,0,1,0,0,1,0,1,0,0,1,1,1,0,0,1,1,1,0,0,0,1,1,0,1,0,0,1,0,0,0,0,0,0,0,0,1,1,0,0,0,1,0,0,1,0,0,0,0,1,1,0,0,1,0,0,0,0,0,0,0,1,0,0,0,0,1,0,0,1,0,0,0,0,0,0,1,0,0,0,0,0,1,1,0,0,1,0,0,0,0,0,0,0,0,0,0,0,0,0,0,1,1,0,0,0,0,0,0,0,0,0,0,0,0,0,0,1,0,0,0,0,0,0,0,1,0
0,1,0,1,0,0,0,0,0,0,1,1,0,0,0,1,1,1,1,0,0,1,0,0,0,1,1,0,1,0,0,0,0,1,0,0,0,0,1,0,0,0,0,0,1,1,0,0,0,0,0,0,0,1,1,0,0,0,0,1,1,1,0,0,1,1,0,1,0,0,1,0,1,0,0,1,0,0,0,1,0,0,0,1,0,0,0,1,1,1,0,1,0,0,0,0,1,0,0,1,0,1,0,0,1,0,1,0,0,1,1,0,0,0,0,1,1,0,1,0,0,1,0,0,0,0,0,0,0,0,1,1,0,0,0,1,0,0,1,0,0,0,0,1,1,0,0,1,0,0,0,0,0,0,0,1,0,0,0,0,1,0,0,1,0,0,0,0,0,0,1,0,0,0,0,0,1,1,0,0,1,0,0,0,0,0,0,0,0,0,0,0,0,0,0,1,1,0,0,0,0,0,0,0,0,0,1,0,0,1,0,1,0,0,0,0,0,1,0,1,0
0,0,0,1,0,1,1,0,0,0,1,0,1,1,0,0,1,1,0,0,0,0,0,0,0,0,0,0,0,0,1,0,0,1,0,0,1,1,1,1,0,1,1,1,0,0,0,1,1,0,0,1,0,0,0,0,1,1,1,0,0,0,1,1,1,0,0,0,1,0,0,1,0,0,0,0,0,0,0,0,0,0,0,0,0,1,1,0,1,0,1,0,0,0,0,0,0,1,0,0,0,0,0,0,0,1,0,0,0,0,0,1,1,1,0,0,0,1,1,0,0,0,0,1,0,0,0,1,1,0,0,0,0,0,0,0,1,0,0,1,0,0,0,0,0,1,1,1,0,1,1,0,0,1,1,0,1,0,0,1,1,0,1,1,0,1,1,0,1,0,0,0,1,1,0,1,1,0,0,0,0,1,0,0,0,0,1,1,0,1,0,0,0,0,0,1,1,1,1,0,0,0,0,0,0,0,0,0,1,0,1,0,0,0,0,0,1,0,1,0,0
0,0,0,1,0,0,0,0,0,0,0,0,0,0,0,1,1,1,1,0,0,1,0,0,0,1,1,0,0,0,0,0,0,1,0,0,0,0,1,0,0,0,0,0,1,1,0,0,0,0,0,1,0,1,1,0,0,0,0,1,1,1,0,0,1,1,0,1,0,0,1,0,1,0,0,1,0,0,0,1,0,0,0,1,0,0,0,1,1,1,0,1,0,0,0,0,1,0,0,1,0,1,0,0,1,0,1,0,0,1,1,0,0,0,0,1,1,0,1,0,0,1,0,0,0,0,0,0,0,0,1,1,0,0,0,1,0,0,1,0,0,0,0,1,1,0,0,1,0,0,0,0,0,0,0,1,0,0,0,0,1,0,0,1,0,0,0,0,0,0,0,0,0,0,0,0,1,1,0,0,1,0,0,0,0,0,0,0,0,0,0,0,0,0,0,1,1,0,0,0,0,0,0,0,0,0,0,0,0,0,0,1,0,1,0,0,0,0,0,1,0
0,1,0,1,0,1,1,0,0,0,1,0,1,1,1,1,1,1,1,0,0,1,0,0,0,1,1,0,1,0,1,0,0,1,0,0,1,0,1,1,0,1,0,1,1,1,0,1,0,0,0,0,0,1,1,0,0,1,1,1,0,1,1,1,1,0,0,0,0,0,1,1,1,1,0,1,0,1,0,1,1,0,0,1,0,1,0,0,1,0,0,0,0,0,0,1,1,1,0,1,0,0,0,0,1,0,1,1,0,1,1,1,1,1,0,1,1,1,1,0,1,1,0,0,0,0,0,1,1,0,1,0,1,1,0,1,0,0,0,0,0,1,0,1,0,0,1,1,0,0,0,0,0,1,0,0,0,1,0,0,1,0,0,1,0,1,1,0,1,0,1,1,0,1,0,1,1,1,0,0,1,0,0,1,1,0,1,0,1,1,0,1,1,0,1,1,1,1,0,0,0,1,1,1,0,0,0,1,0,0,1,1,0,0,1,1,0,0,1,1,0
0,1,0,1,0,0,0,0,0,0,0,0,0,0,0,1,1,1,1,0,0,1,0,0,0,1,1,0,0,0,0,0,0,1,0,0,0,0,1,0,0,1,0,0,1,1,0,1,0,0,0,1,0,1,1,0,0,0,0,1,1,1,0,1,1,1,0,1,0,0,1,0,1,0,0,1,0,0,0,1,0,0,0,1,0,0,0,1,1,1,0,1,0,0,0,0,1,0,0,1,0,1,0,0,1,1,1,0,0,1,1,1,0,0,0,1,1,0,1,0,0,1,0,0,0,0,0,0,0,0,1,1,0,0,0,1,0,0,1,0,0,0,0,1,1,0,0,1,0,0,0,0,0,0,0,1,0,0,0,0,1,0,0,1,0,0,0,0,0,0,1,0,0,0,0,0,1,1,0,0,1,0,0,0,0,0,0,0,0,0,0,0,0,0,0,1,1,0,0,0,0,0,0,0,0,0,0,0,0,0,0,1,0,1,0,0,0,0,0,1,0
0,1,0,1,0,1,1,0,0,0,0,0,0,0,0,1,1,1,1,0,0,1,0,0,0,1,1,0,0,0,0,0,0,1,0,0,0,0,1,0,0,1,0,0,1,1,0,1,0,0,0,1,0,1,1,0,0,0,0,1,1,1,0,1,1,1,0,1,0,0,1,0,1,0,0,1,0,0,0,1,0,0,0,1,0,0,0,1,1,1,0,1,0,0,0,0,1,0,0,1,0,1,0,0,1,1,1,0,0,1,1,1,0,0,0,1,1,0,1,0,0,1,0,0,0,0,0,0,0,0,1,1,0,0,0,1,0,0,1,0,0,0,0,1,1,0,0,1,0,0,0,0,0,0,0,1,0,0,0,0,1,0,0,1,0,0,0,0,0,0,1,0,0,0,0,0,1,1,0,0,1,0,0,0,0,0,0,0,0,0,0,0,0,0,0,1,1,0,0,0,0,0,0,0,0,0,0,0,0,0,0,1,0,0,0,0,0,0,0,1,0
0,0,0,1,0,1,1,0,0,0,1,0,1,1,0,0,1,1,0,0,0,0,0,0,0,0,0,0,0,0,1,0,0,1,0,0,1,1,1,1,0,1,1,1,0,0,0,1,1,0,0,1,0,0,0,0,1,1,1,0,0,0,1,1,1,0,0,0,1,0,0,1,0,0,0,0,0,0,0,0,0,0,0,0,0,1,1,0,1,0,1,0,0,0,0,0,0,1,0,0,0,0,0,0,0,1,0,0,0,0,0,1,1,1,1,0,0,1,1,0,0,0,0,1,0,1,0,1,1,0,0,0,0,0,0,0,1,0,0,1,0,0,0,0,0,1,1,1,0,1,1,0,0,1,1,0,1,0,0,1,1,1,1,1,0,1,1,0,1,0,0,0,1,1,0,1,1,0,0,1,0,1,0,0,0,0,1,1,0,1,0,0,0,0,0,1,1,1,1,0,0,0,0,0,0,0,0,0,1,0,1,0,1,0,0,0,1,0,1,0,1
0,0,0,0,0,1,1,0,0,0,1,0,1,1,0,0,1,1,0,0,0,0,0,0,0,0,0,0,0,0,1,0,0,0,1,0,1,1,1,1,0,1,1,1,0,0,0,1,1,0,0,1,0,0,0,0,0,1,1,0,0,0,1,0,0,0,0,0,1,1,0,0,0,0,0,0,0,0,0,0,0,0,0,0,0,0,0,0,1,0,1,0,0,0,0,0,0,1,0,0,0,0,0,0,0,0,0,0,0,0,0,1,1,1,1,0,0,1,1,0,0,0,0,1,0,1,0,1,1,0,0,0,0,0,0,0,1,0,0,1,0,0,0,0,0,1,1,1,0,0,1,0,1,1,1,0,0,0,0,1,1,1,1,1,0,1,1,0,1,0,0,0,0,1,0,1,1,0,0,1,0,1,1,0,0,0,1,1,0,1,0,0,0,0,0,1,1,1,1,0,0,0,0,0,0,0,0,0,1,0,1,0,1,0,0,0,1,0,1,0,1
1,1,0,0,0,1,1,1,0,0,0,0,0,0,0,0,1,1,1,0,1,1,1,1,1,1,1,0,0,0,1,0,0,0,1,1,1,0,0,1,0,0,1,1,0,0,0,0,1,0,0,1,0,0,0,0,1,1,1,0,0,0,0,0,0,0,0,0,1,1,0,1,0,1,0,0,0,0,1,0,1,0,0,0,0,0,1,0,0,0,1,0,0,0,0,1,0,1,0,0,0,0,0,0,0,0,0,1,0,0,0,0,1,1,0,0,0,1,0,0,1,0,0,1,0,1,0,1,1,1,0,0,1,0,1,0,1,0,0,1,0,1,0,0,0,1,1,0,0,0,1,0,1,1,0,0,1,1,1,1,0,0,1,0,0,1,0,1,1,1,0,0,0,1,0,1,0,0,0,1,0,1,0,1,1,0,1,0,1,1,1,0,1,1,0,1,1,1,1,1,1,0,0,1,1,1,1,0,1,0,0,0,0,1,1,1,1,1,1,0,1
0,1,0,0,0,1,1,1,0,0,0,0,0,0,0,1,1,1,1,0,1,1,0,1,1,1,1,1,0,0,1,0,0,0,1,1,1,0,1,1,0,1,1,1,1,1,0,1,1,1,1,1,0,1,0,0,1,1,0,0,0,1,0,0,0,1,0,1,1,1,1,1,1,1,1,1,0,0,1,1,1,1,1,1,0,0,1,1,1,1,1,1,0,0,1,1,1,1,0,1,0,1,0,1,1,0,1,1,1,1,1,1,1,1,0,1,1,1,1,0,1,1,0,1,1,1,0,1,1,1,1,1,1,0,1,1,1,0,0,1,0,1,0,1,0,1,1,1,0,0,1,1,1,1,0,0,1,1,1,1,1,0,1,1,0,1,0,1,1,1,0,0,0,1,0,1,1,1,1,1,1,1,0,1,1,0,1,1,1,1,1,0,1,1,0,1,1,1,1,1,1,0,0,1,1,1,1,0,0,0,0,0,0,1,1,1,1,1,1,0,1
0,1,0,1,0,0,0,0,0,0,1,1,0,0,0,1,1,1,1,0,0,1,0,0,0,1,1,0,1,0,0,0,0,1,0,0,0,0,1,0,0,0,0,0,1,1,0,0,0,0,0,0,0,1,1,0,0,0,0,1,1,1,0,0,1,1,0,1,0,0,1,0,1,0,0,1,0,0,0,1,0,0,0,1,0,0,0,1,1,1,0,1,0,0,0,0,1,0,0,1,0,1,0,0,1,0,1,0,0,1,1,0,0,0,0,1,1,0,1,0,0,1,0,0,0,0,0,0,0,0,1,1,0,0,0,1,0,0,1,0,0,0,0,1,1,0,0,1,0,0,0,0,0,0,0,1,0,0,0,0,1,0,0,1,0,0,0,0,0,0,0,0,0,0,0,0,1,1,0,0,1,0,0,0,0,0,0,0,0,0,0,0,0,0,0,1,1,0,0,0,0,0,0,0,0,0,1,0,0,1,0,1,0,0,0,0,0,1,0,1,0
0,1,0,1,0,0,0,0,0,0,0,0,0,0,0,1,1,1,1,0,0,1,0,0,0,1,1,0,0,0,0,0,0,1,0,0,0,0,1,0,0,1,0,0,1,1,0,1,0,0,0,1,0,1,1,0,0,0,0,1,1,1,0,1,1,1,0,1,0,0,1,0,1,0,0,1,0,0,0,1,0,0,0,1,0,0,0,1,1,1,0,1,0,0,0,0,1,0,0,1,0,1,0,0,1,1,1,0,0,1,1,1,0,0,0,1,1,0,1,0,0,1,0,0,0,0,0,0,0,0,1,1,0,0,0,1,0,0,1,0,0,0,0,1,1,0,0,1,0,0,0,0,0,0,0,1,0,0,0,0,1,0,0,1,0,0,0,0,0,0,1,0,0,0,0,0,1,1,0,0,1,0,0,0,0,0,0,0,0,0,0,0,0,0,0,1,1,0,0,0,0,0,0,0,0,0,0,0,0,0,0,1,0,0,0,1,0,0,0,1,0
0,1,0,0,0,1,1,1,0,0,0,0,0,0,0,0,1,1,1,0,1,1,0,1,1,1,1,0,0,0,1,0,0,0,1,1,0,0,0,1,0,0,0,1,0,0,0,0,1,0,0,1,0,0,0,0,1,1,1,0,0,0,0,0,0,0,0,0,1,1,0,1,0,1,0,0,0,0,1,0,1,0,0,0,0,0,1,0,0,0,1,0,0,0,0,1,0,1,0,0,0,0,0,0,0,0,0,1,0,0,0,0,1,1,0,0,0,1,0,0,1,0,0,1,0,1,0,1,1,1,0,0,1,0,1,0,1,0,0,1,0,1,0,0,0,1,1,0,0,0,1,0,1,1,0,0,1,1,1,1,0,0,1,0,0,1,0,1,1,1,0,0,0,1,0,1,0,0,0,1,0,1,0,1,1,0,1,0,1,1,1,0,1,1,0,1,1,1,1,1,1,0,0,1,1,1,1,1,0,0,0,0,0,1,1,1,1,1,1,0,1
0,1,0,0,0,1,1,1,0,1,0,0,0,0,0,1,1,1,1,0,1,1,0,1,1,1,1,1,0,0,1,0,1,0,1,1,1,0,0,1,1,1,1,1,0,1,1,1,1,1,1,1,0,1,0,0,1,1,0,0,0,1,0,0,0,1,0,1,1,1,1,1,0,1,1,0,0,0,1,1,1,1,1,1,0,0,1,1,1,1,1,1,0,0,1,1,1,1,1,1,1,1,0,1,1,0,1,1,0,1,1,1,1,1,0,1,1,1,1,1,1,1,0,1,0,1,0,1,1,1,1,1,1,1,1,1,1,1,0,1,0,1,1,1,0,1,1,1,0,0,1,0,1,1,0,0,1,1,1,1,1,0,1,1,0,1,1,1,1,1,0,0,0,1,0,1,1,1,0,1,1,1,0,1,1,0,1,0,1,1,1,1,1,1,1,1,1,1,1,1,1,1,0,1,1,1,1,0,0,0,0,0,0,1,1,1,1,1,1,0,1
0,1,0,1,0,1,1,0,0,0,1,0,1,1,0,1,1,1,1,0,0,1,0,0,0,1,1,0,1,0,1,0,0,1,0,0,1,0,1,1,0,1,0,1,1,1,0,1,0,0,0,1,0,1,1,0,0,1,1,1,0,1,1,1,1,0,0,0,0,0,1,1,1,1,0,1,0,1,0,1,1,0,0,1,0,1,0,0,1,0,0,0,0,0,0,1,1,1,0,1,0,0,0,0,1,0,1,1,0,1,1,1,1,1,0,1,1,1,1,0,1,1,0,0,0,0,0,1,1,0,1,0,1,1,0,1,0,0,0,0,0,1,0,1,0,0,1,1,0,0,0,0,0,1,0,0,0,1,0,0,1,0,0,1,0,1,1,0,1,0,1,1,0,1,0,1,1,1,0,0,1,0,0,1,1,0,1,0,1,1,0,1,1,0,1,1,1,1,0,0,0,1,1,1,0,0,0,0,0,0,1,0,0,0,0,0,0,0,1,0,0
0,1,0,1,0,0,0,0,0,0,0,0,0,0,0,1,1,1,1,0,0,1,1,1,0,1,1,0,1,0,0,0,0,1,0,0,0,0,1,0,0,1,0,0,1,1,0,1,0,0,0,1,0,1,1,0,0,0,0,1,1,1,0,1,1,1,0,1,0,0,1,0,1,0,0,1,0,0,0,1,0,0,0,1,0,0,0,1,1,1,0,1,0,0,0,0,1,0,0,1,0,1,0,0,1,1,1,0,0,1,1,1,0,0,0,1,1,0,1,0,0,1,0,0,0,0,0,0,0,0,1,1,0,0,0,1,0,0,1,0,0,0,0,1,1,0,0,1,0,0,0,0,0,0,0,1,0,0,0,0,1,0,0,1,0,0,0,0,0,0,0,0,0,0,0,0,1,1,0,0,1,0,0,0,0,0,0,0,0,0,0,0,0,0,0,1,1,0,0,0,0,0,0,0,0,0,0,0,0,0,0,1,0,0,0,1,0,0,0,1,0
0,1,0,1,0,1,1,0,0,0,1,0,1,1,1,1,1,1,1,0,0,1,0,0,0,1,1,0,1,0,1,0,0,1,0,0,1,0,1,1,0,1,0,1,1,1,0,1,0,0,0,0,0,1,1,0,0,1,1,1,0,1,1,1,1,0,0,0,0,0,1,1,1,1,0,1,0,1,0,1,1,0,0,1,0,1,0,0,1,0,0,0,0,0,0,1,1,1,0,1,0,0,0,0,1,0,1,1,0,1,1,1,1,1,0,1,1,1,1,0,1,1,0,0,0,0,0,1,1,0,1,0,1,1,0,1,0,0,0,0,0,1,0,1,0,0,1,1,0,0,0,0,0,1,0,0,0,1,0,0,1,0,0,1,0,1,1,0,1,0,1,1,0,1,0,1,1,1,0,0,1,0,0,1,1,0,1,1,1,1,0,1,1,1,1,1,1,1,1,0,0,1,0,1,1,0,0,0,1,0,1,1,0,1,0,0,1,0,1,1,0
0,1,0,1,0,0,0,0,0,0,1,1,0,0,0,1,1,1,1,0,0,1,0,0,0,1,1,0,1,0,0,0,0,1,0,0,0,0,1,0,0,0,0,0,1,1,0,0,0,0,0,1,0,1,1,0,0,0,0,1,1,1,0,0,1,1,0,1,0,0,1,0,1,0,0,1,0,0,0,1,0,0,0,1,0,0,0,1,1,1,0,1,0,0,0,0,1,0,0,1,0,1,0,0,1,0,1,0,0,1,1,0,0,0,0,1,1,0,1,0,0,1,0,0,0,0,0,0,0,0,1,1,0,0,0,1,0,0,1,0,0,0,0,1,1,0,0,1,0,0,0,0,0,0,0,1,0,0,0,0,1,0,0,1,0,0,0,0,0,0,0,0,0,0,0,0,1,1,0,0,1,0,0,0,0,0,0,0,0,0,0,0,0,0,0,1,1,0,0,0,0,0,0,0,0,0,1,0,0,1,0,1,0,1,0,1,0,1,0,1,0
0,0,0,1,0,1,0,0,0,0,0,0,0,0,0,1,1,1,1,0,0,1,0,0,0,1,1,0,0,0,1,0,0,1,0,0,0,0,1,1,0,0,0,1,1,1,0,0,1,0,0,1,0,1,1,0,0,1,1,1,1,1,0,0,1,1,0,1,1,0,1,0,1,0,0,1,0,0,0,1,0,0,0,1,0,0,0,1,1,1,1,1,0,0,0,0,1,1,0,1,0,1,0,0,1,0,1,0,0,1,1,0,1,1,0,1,1,1,1,0,0,1,0,1,0,0,0,1,1,0,1,1,0,0,0,1,1,0,1,1,0,0,0,1,1,1,1,1,0,0,0,0,0,1,0,1,0,0,0,1,1,0,0,1,0,1,1,0,1,0,0,0,0,1,0,1,1,1,0,0,1,1,0,0,0,0,1,0,0,1,0,1,0,0,0,1,1,1,0,0,0,1,1,0,0,0,0,1,0,0,0,1,0,0,1,0,0,0,0,1,0
0,1,0,1,0,1,1,0,0,0,1,0,1,1,0,1,1,1,1,1,1,1,0,1,0,1,1,0,1,0,1,0,0,1,0,0,1,0,1,1,0,1,0,1,1,1,0,1,0,0,0,0,0,1,1,0,0,1,1,1,0,1,1,1,1,0,0,0,0,0,1,1,1,1,0,1,0,1,0,1,1,0,0,1,0,1,0,0,1,0,0,0,0,0,0,1,1,1,0,1,0,0,0,0,1,0,1,1,0,1,1,1,1,1,0,1,1,1,1,0,1,1,0,0,0,0,0,1,1,0,1,0,1,1,0,1,0,0,0,0,0,1,0,1,0,0,1,1,0,0,0,0,0,1,0,0,0,1,0,0,1,0,0,1,0,1,1,0,1,0,1,1,0,1,0,1,1,1,0,0,1,0,0,1,1,0,1,0,1,1,0,1,1,0,1,1,1,1,0,0,0,1,1,1,0,0,0,1,0,0,1,1,0,0,1,1,0,0,1,1,0
1,1,1,1,1,1,1,1,0,0,1,0,1,1,1,0,1,1,1,0,1,1,0,1,0,0,1,0,0,0,1,0,0,1,0,0,1,1,1,1,0,1,1,1,0,0,0,1,1,0,0,0,0,0,0,0,0,1,1,0,0,0,1,1,1,0,0,0,1,0,0,1,0,0,0,0,0,1,0,0,1,0,0,0,0,1,0,0,1,0,1,0,0,0,0,0,0,1,0,0,0,0,0,0,0,1,0,1,0,0,0,1,1,1,0,0,0,1,1,0,0,0,0,1,0,0,0,1,1,0,0,0,1,0,0,0,1,0,0,1,0,0,0,0,0,1,1,1,0,0,1,0,0,1,1,0,0,0,0,1,1,0,1,1,0,1,1,0,1,0,1,1,1,1,0,1,1,0,0,0,0,1,0,0,0,0,1,1,1,1,0,0,1,0,0,1,1,1,0,0,0,0,0,1,0,0,0,0,0,0,1,0,0,0,0,0,0,0,1,0,0
0,1,0,1,0,0,0,0,0,0,1,1,0,0,0,1,1,1,1,0,0,1,0,0,0,1,1,0,1,0,0,0,0,1,0,0,0,0,1,0,0,0,0,0,1,1,0,0,0,0,0,1,0,1,1,0,0,0,0,1,1,1,0,0,1,1,0,1,0,0,1,0,1,0,0,1,0,0,0,1,0,0,0,1,0,0,0,1,1,1,0,1,0,0,0,0,1,0,0,1,0,1,0,0,1,0,1,0,0,1,1,0,0,0,0,1,1,0,1,0,0,1,0,0,0,0,0,0,0,0,1,1,0,0,0,1,0,0,1,0,0,0,0,1,1,0,0,1,0,0,0,0,0,0,0,1,0,0,0,0,1,0,0,1,0,0,0,0,0,0,0,0,0,0,0,0,1,1,0,0,1,0,0,0,0,0,0,0,0,0,0,0,0,0,0,1,1,0,0,0,0,0,0,0,0,0,1,0,0,1,0,1,0,0,0,1,0,1,0,1,0
0,1,0,1,0,1,1,0,0,0,1,1,0,0,0,1,1,1,1,0,0,1,0,0,0,1,1,0,1,0,0,0,0,1,0,0,0,0,1,0,0,0,0,0,1,1,0,0,0,0,0,0,0,1,1,0,0,0,0,1,1,1,0,0,1,1,0,1,0,0,1,0,1,0,0,1,0,0,0,1,0,0,0,1,0,0,0,1,1,1,0,1,0,0,0,0,1,0,0,1,0,1,0,0,1,0,1,0,0,1,1,0,0,0,0,1,1,0,1,0,0,1,0,0,0,0,0,0,0,0,1,1,0,0,0,1,0,0,1,0,0,0,0,1,1,0,0,1,0,0,0,0,0,0,0,1,0,0,0,0,1,0,0,1,0,0,0,0,0,0,0,0,0,0,0,0,1,1,0,0,1,0,0,0,0,0,0,0,0,0,0,0,0,0,0,1,1,0,0,0,0,0,0,0,0,0,1,0,0,1,0,1,0,0,0,0,0,1,0,1,0
1,1,0,0,0,1,1,1,0,0,0,0,0,0,0,0,1,1,1,0,1,1,0,1,1,1,1,0,0,0,1,0,0,0,1,1,0,0,0,1,0,0,0,1,0,0,0,0,1,0,0,1,0,0,0,0,1,1,1,0,0,0,0,0,0,0,0,0,1,1,0,1,0,1,0,0,0,0,1,0,1,0,0,0,0,0,1,0,0,0,1,0,0,0,0,1,0,1,0,0,0,0,0,0,0,0,0,1,0,0,0,0,1,1,1,0,0,1,0,0,1,0,0,1,0,1,0,1,1,1,0,0,1,0,1,0,1,0,0,1,0,1,0,0,0,1,1,0,0,0,1,0,1,1,0,0,1,1,1,1,0,1,1,0,0,1,0,1,1,1,0,0,0,1,0,1,0,0,0,1,0,1,0,1,1,0,1,0,1,1,1,0,1,1,0,1,1,1,1,1,1,0,0,1,1,1,1,1,1,0,0,0,1,1,1,1,1,1,1,0,1
1,1,0,0,0,1,1,1,0,0,0,0,0,0,0,0,1,1,1,0,1,1,0,1,1,1,1,0,0,0,1,0,0,0,1,1,0,0,0,1,0,0,0,1,0,0,0,0,1,0,0,1,0,0,0,0,1,1,1,0,0,0,0,0,0,0,0,0,1,1,0,1,0,1,0,0,0,0,1,0,1,0,0,0,0,0,1,0,0,0,1,0,0,0,0,1,0,1,0,0,0,0,0,0,0,0,0,1,0,0,0,0,1,1,1,0,0,1,0,0,1,0,0,1,0,1,0,1,1,1,0,0,1,0,1,0,1,0,0,1,0,1,0,0,0,1,1,0,0,0,1,0,1,1,0,0,1,1,1,1,0,1,1,0,0,1,0,1,1,1,0,0,0,1,0,1,0,0,0,1,0,1,0,1,1,0,1,0,1,1,1,0,1,1,0,1,1,1,1,1,1,0,0,1,1,1,1,1,1,0,0,0,1,1,1,1,1,1,1,0,1
0,1,0,1,0,1,1,0,0,0,1,0,1,1,1,1,1,1,1,0,0,1,0,0,0,1,1,0,1,0,1,0,0,1,0,0,1,0,1,1,0,1,0,1,1,1,0,1,0,0,0,0,0,1,1,0,0,1,1,1,0,1,1,1,1,0,0,0,0,0,1,1,1,1,0,1,0,1,0,1,1,0,0,1,0,1,0,0,1,0,0,0,0,0,0,1,1,1,0,1,0,0,0,0,1,0,1,1,0,1,1,1,1,0,0,1,1,1,1,0,1,1,0,0,0,0,0,1,1,0,1,0,1,1,0,1,0,0,0,0,0,1,0,1,0,0,1,1,0,0,0,0,0,1,0,0,0,1,0,0,1,0,0,1,0,1,1,0,1,0,1,1,0,1,0,1,1,1,0,0,1,0,0,1,1,0,1,1,1,1,0,1,1,0,1,1,1,1,0,0,0,1,1,1,0,0,0,0,0,0,1,1,0,0,0,1,0,0,1,1,0
0,0,0,1,0,0,0,0,0,0,0,0,0,0,0,1,1,1,1,0,0,1,0,0,0,1,1,0,0,0,0,0,0,1,0,0,0,0,1,0,0,0,0,0,1,1,0,0,0,0,0,0,0,1,1,0,0,0,0,1,1,1,0,0,1,1,0,1,0,0,1,0,1,0,0,1,0,0,0,1,0,0,0,1,0,0,0,1,1,1,0,1,0,0,0,0,1,0,0,1,0,1,0,0,1,0,1,0,0,1,1,0,0,0,0,1,1,0,1,0,0,1,0,0,0,0,0,0,0,0,1,1,0,0,0,1,0,0,1,0,0,0,0,1,1,0,0,1,0,0,0,0,0,0,0,1,0,0,0,0,1,0,0,1,0,0,0,0,0,0,0,0,0,0,0,0,1,1,0,0,1,0,0,0,0,0,0,0,0,0,0,0,0,0,0,1,1,0,0,0,0,0,0,0,0,0,0,0,0,0,0,1,0,0,0,0,0,0,0,1,0
0,0,0,1,0,0,0,0,0,0,0,0,0,0,0,1,1,1,1,0,0,1,0,0,0,1,1,0,0,0,0,0,0,1,0,0,0,0,1,0,0,0,0,0,1,1,0,0,0,0,0,0,0,1,1,0,0,0,0,1,1,1,0,0,1,1,0,1,0,0,1,0,1,0,0,1,0,0,0,1,0,0,0,1,0,0,0,1,1,1,0,1,0,0,0,0,1,0,0,1,0,1,0,0,1,0,1,0,0,1,1,0,0,0,0,1,1,0,1,0,0,1,0,0,0,0,0,0,0,0,1,1,0,0,0,1,0,0,1,0,0,0,0,1,1,0,0,1,0,0,0,0,0,0,0,1,0,0,0,0,1,0,0,1,0,0,0,0,0,0,1,0,0,0,0,0,1,1,0,0,1,0,0,0,0,0,0,0,0,0,0,0,0,0,0,1,1,0,0,0,0,0,0,0,0,0,0,0,0,0,0,1,0,0,0,0,0,0,0,1,0
1,1,0,0,0,1,1,1,0,0,0,0,0,0,0,0,1,1,1,0,1,1,1,1,1,1,1,0,0,0,1,0,0,0,1,1,1,0,0,1,0,0,1,1,0,0,0,0,1,0,0,1,0,0,0,0,1,1,1,0,0,0,0,0,0,0,0,0,1,1,0,1,0,1,0,0,0,0,1,0,1,0,0,0,0,0,1,0,0,0,1,0,0,0,0,1,0,1,0,0,0,0,0,0,0,0,0,1,0,0,0,0,1,1,1,0,0,1,0,0,1,0,0,1,0,1,0,1,1,1,0,0,1,0,1,0,1,0,0,1,0,1,0,0,0,1,1,0,0,0,1,0,1,1,0,0,1,1,1,1,0,1,1,0,0,1,0,1,1,1,0,0,0,1,0,1,0,0,0,1,0,1,0,1,1,0,1,0,1,1,1,0,1,1,0,1,1,1,1,1,1,0,0,1,1,1,1,1,1,0,0,0,1,1,1,1,1,1,1,0,1
0,1,0,1,0,1,0,0,0,0,1,1,0,0,0,1,1,1,1,0,0,1,0,0,0,1,1,0,1,0,1,0,0,1,0,0,0,0,1,1,0,0,0,1,1,1,0,0,1,0,0,1,0,1,1,0,0,1,1,1,1,1,0,0,1,1,0,1,1,0,1,0,1,0,0,1,0,0,0,1,0,0,0,1,0,0,0,1,1,1,1,1,0,0,0,0,1,1,0,1,0,1,0,0,1,0,1,0,0,1,1,0,1,1,0,1,1,1,1,0,0,1,0,1,0,0,0,1,1,0,1,1,0,0,0,1,1,0,1,1,0,0,0,1,1,1,1,1,0,0,0,0,0,1,0,1,0,0,0,1,1,0,0,1,0,1,0,0,1,0,0,0,0,1,0,1,1,1,0,0,1,1,0,0,0,0,1,0,0,1,0,1,0,0,0,1,1,1,1,0,0,1,1,0,0,0,1,1,1,1,0,1,0,0,1,0,1,1,0,1,0
0,0,0,1,0,1,1,0,0,0,1,0,1,1,0,0,1,1,0,0,0,0,0,0,0,0,0,0,0,0,1,0,0,1,0,0,1,1,1,1,0,1,1,1,0,0,0,1,1,0,0,1,0,0,0,0,1,1,1,0,0,0,1,1,1,0,0,0,1,0,0,1,0,0,0,0,0,0,0,0,0,0,0,0,0,1,1,0,1,0,1,0,0,0,0,0,0,1,0,0,0,0,0,0,0,1,0,0,0,0,0,1,1,1,0,0,0,1,1,0,0,0,0,1,0,0,0,1,1,1,0,0,0,0,0,0,1,0,0,1,0,0,0,0,0,1,1,1,0,1,1,0,0,1,1,0,1,0,0,1,1,0,1,1,0,1,1,1,1,0,0,0,1,1,0,1,1,0,0,0,0,1,0,0,0,0,1,1,0,1,1,1,0,0,0,1,1,1,0,1,1,1,1,0,0,0,0,1,0,0,1,0,0,0,1,0,0,0,1,0,0
0,0,0,1,0,1,1,0,0,0,0,0,0,0,0,1,1,1,1,0,0,1,0,0,0,1,1,0,0,0,0,0,0,1,0,0,0,0,1,0,0,0,0,0,1,1,0,0,0,0,0,0,0,1,1,0,0,0,0,1,1,1,0,0,1,1,0,1,0,0,1,0,1,0,0,1,0,0,0,1,0,0,0,1,0,0,0,1,1,1,0,1,0,0,0,0,1,0,0,1,0,1,0,0,1,0,1,0,0,1,1,0,0,0,0,1,1,0,1,0,0,1,0,0,0,0,0,0,0,0,1,1,0,0,0,1,0,0,1,0,0,0,0,1,1,0,0,1,0,0,0,0,0,0,0,1,0,0,0,0,1,0,0,1,0,0,0,0,0,0,0,0,0,0,0,0,1,1,0,0,1,0,0,0,0,0,0,0,0,0,0,0,0,0,0,1,1,0,0,0,0,0,0,0,0,0,0,0,0,0,0,1,0,0,0,0,0,0,0,1,0
0,1,0,1,0,1,0,0,0,0,1,1,0,0,0,1,1,1,1,0,0,1,0,0,0,1,1,0,1,0,1,0,0,1,0,0,0,0,1,1,0,0,0,1,1,1,0,0,1,0,0,1,0,1,1,0,0,1,1,1,1,1,0,0,1,1,0,1,1,0,1,0,1,0,0,1,0,0,0,1,0,0,0,1,0,0,0,1,1,1,1,1,0,0,0,0,1,1,0,1,0,1,0,0,1,0,1,0,0,1,1,0,1,1,0,1,1,1,1,0,0,1,0,1,0,0,0,1,1,0,1,1,0,0,0,1,1,0,1,1,0,0,0,1,1,1,1,1,0,0,0,0,0,1,0,1,0,0,0,1,1,0,0,1,0,1,0,0,1,0,0,0,0,1,0,1,1,1,0,0,1,1,0,0,0,0,1,1,0,1,0,1,0,0,0,1,1,1,1,0,0,1,1,0,0,0,1,0,1,1,1,1,0,0,0,0,1,1,1,1,0
0,1,0,0,0,1,1,1,0,0,0,0,0,0,0,1,1,1,1,0,1,1,0,1,1,1,1,1,0,0,1,0,0,0,1,1,1,0,0,1,0,1,1,1,0,1,0,1,1,1,1,1,0,1,0,0,1,1,0,0,0,1,0,0,0,1,0,1,1,1,1,1,0,1,1,0,0,0,1,1,1,1,1,1,0,0,1,1,1,1,1,1,0,0,1,1,1,1,0,1,0,1,0,1,1,0,1,1,0,1,1,1,1,1,0,1,1,1,1,0,1,1,0,1,0,1,0,1,1,1,1,1,1,0,1,1,1,0,0,1,0,1,0,1,0,1,1,1,0,0,1,0,1,1,0,0,1,1,1,1,1,0,1,1,0,1,0,1,1,1,0,0,0,1,0,1,1,1,0,1,1,1,0,1,1,0,1,1,1,1,1,0,1,1,0,1,1,1,1,1,1,0,0,1,1,1,1,0,0,0,0,0,0,1,1,1,1,1,1,0,1
0,1,0,1,0,1,0,0,0,0,0,0,0,0,0,1,1,1,1,0,0,1,0,0,0,1,1,0,0,0,1,0,0,1,0,0,0,0,1,1,0,1,0,1,1,1,0,1,1,0,0,1,0,1,1,0,0,1,1,1,1,1,0,1,1,1,0,1,1,0,1,0,1,0,0,1,0,0,0,1,0,0,0,1,0,0,0,1,1,1,1,1,0,0,0,0,1,1,0,1,0,1,0,0,1,1,1,0,0,1,1,1,1,1,0,1,1,1,1,0,0,1,0,1,0,0,0,1,1,0,1,1,0,0,0,1,1,0,1,1,0,0,0,1,1,1,1,1,0,0,0,0,0,1,0,1,0,0,0,1,1,0,0,1,0,1,1,0,1,0,1,0,0,1,0,1,1,1,0,0,1,1,0,0,0,0,1,0,0,1,0,1,0,0,0,1,1,1,0,0,0,1,1,0,0,0,0,1,0,0,0,1,0,0,1,0,0,0,0,1,0
0,0,0,1,0,0,0,0,0,0,0,0,0,0,0,1,1,1,1,0,0,1,0,0,0,1,1,0,0,0,0,0,0,1,0,0,0,0,1,0,0,0,0,0,1,1,0,0,0,0,0,0,0,1,1,0,0,0,0,1,1,1,0,0,1,1,0,1,0,0,1,0,1,0,0,1,0,0,0,1,0,0,0,1,0,0,0,1,1,1,0,1,0,0,0,0,1,0,0,1,0,1,0,0,1,0,1,0,0,1,1,0,0,0,0,1,1,0,1,0,0,1,0,0,0,0,0,0,0,0,1,1,0,0,0,1,0,0,1,0,0,0,0,1,1,0,0,1,0,0,0,0,0,0,0,1,0,0,0,0,1,0,0,1,0,0,0,0,0,0,0,0,0,0,0,0,1,1,0,0,1,0,0,0,0,0,0,0,0,0,0,0,0,0,0,1,1,0,0,0,0,0,0,0,0,0,0,0,0,0,0,1,0,0,0,0,0,0,0,1,0
0,1,0,1,0,0,0,0,0,1,1,1,0,0,0,1,1,1,1,0,0,1,0,0,0,1,1,0,1,0,0,0,1,1,0,0,0,0,1,0,1,0,0,0,1,1,1,0,0,0,0,0,0,1,1,0,0,0,0,1,1,1,0,0,1,1,0,1,0,0,1,0,1,0,0,1,0,0,0,1,0,0,0,1,0,0,0,1,1,1,0,1,0,0,0,0,1,0,1,1,1,1,0,0,1,0,1,0,0,1,1,0,0,0,0,1,1,0,1,1,0,1,0,0,0,0,0,0,0,0,1,1,0,0,0,1,0,1,1,0,0,0,1,1,1,0,0,1,0,0,0,0,0,0,0,1,0,0,0,0,1,0,0,1,0,0,0,0,0,0,0,0,0,0,0,0,1,1,0,0,1,0,0,0,0,0,0,0,0,0,0,0,0,0,0,1,1,0,0,0,0,0,0,0,0,0,1,0,0,1,0,1,0,0,0,0,0,1,0,1,0
1,1,0,0,0,1,1,1,0,0,0,0,0,0,0,0,1,1,1,0,1,1,1,1,1,1,1,0,0,0,1,0,0,0,1,1,1,0,0,1,0,0,1,1,0,0,0,0,1,0,0,1,0,0,0,0,1,1,1,0,0,0,0,0,0,0,0,0,1,1,0,1,0,1,0,0,0,0,1,0,1,0,0,0,0,0,1,0,0,0,1,0,0,0,0,1,0,1,0,0,0,0,0,0,0,0,0,1,0,0,0,0,1,1,0,0,0,1,0,0,1,0,0,1,0,1,0,1,1,1,0,0,1,0,1,0,1,0,0,1,0,1,0,0,0,1,1,0,0,0,1,0,1,1,0,0,1,1,1,1,0,0,1,0,0,1,0,1,1,1,0,0,0,1,0,1,0,0,0,1,0,1,0,1,1,0,1,0,1,1,1,0,1,1,0,1,1,1,1,1,1,0,0,1,1,1,1,1,0,0,0,0,0,1,1,1,1,1,1,0,1
0,1,0,1,0,0,0,0,0,1,0,0,0,0,0,1,1,1,1,0,0,1,1,1,0,1,1,0,1,0,0,0,1,1,0,0,0,0,1,0,1,1,0,0,1,1,1,1,0,0,0,0,0,1,1,0,0,0,0,1,1,1,0,1,1,1,0,1,0,0,1,0,1,0,0,1,0,0,0,1,0,0,0,1,0,0,0,1,1,1,0,1,0,0,0,0,1,0,1,1,1,1,0,0,1,1,1,0,0,1,1,1,0,0,0,1,1,0,1,1,0,1,0,0,0,0,0,0,0,0,1,1,0,0,0,1,0,1,1,0,0,0,1,1,1,0,0,1,0,0,0,0,0,0,0,1,0,0,0,0,1,0,0,1,0,0,0,0,0,0,0,0,0,0,0,0,1,1,0,0,1,0,0,0,0,0,0,0,0,0,0,0,0,0,0,1,1,0,0,0,0,0,0,0,0,0,0,0,0,0,0,1,0,0,0,0,0,0,0,1,0
0,1,0,1,0,0,0,0,0,0,1,1,0,0,0,1,1,1,1,0,0,1,0,0,0,1,1,0,1,0,0,0,0,1,0,0,0,0,1,0,0,0,0,0,1,1,0,0,0,0,0,0,0,1,1,0,0,0,0,1,1,1,0,0,1,1,0,1,0,0,1,0,1,0,0,1,0,0,0,1,0,0,0,1,0,0,0,1,1,1,0,1,0,0,0,0,1,0,0,1,0,1,0,0,1,0,1,0,0,1,1,0,0,0,0,1,1,0,1,0,0,1,0,0,0,0,0,0,0,0,1,1,0,0,0,1,0,0,1,0,0,0,0,1,1,0,0,1,0,0,0,0,0,0,0,1,0,0,0,0,1,0,0,1,0,0,0,0,0,0,0,0,0,0,0,0,1,1,0,0,1,0,0,0,0,0,0,0,0,0,0,0,0,0,0,1,1,0,0,0,0,0,0,0,0,0,1,0,0,1,0,1,0,0,0,0,0,1,0,1,0
0,0,0,1,0,0,0,0,0,1,0,0,0,0,0,1,1,1,1,0,0,1,0,0,0,1,1,0,0,0,0,0,1,1,0,0,0,0,1,0,1,0,0,0,1,1,1,0,0,0,0,0,0,1,1,0,0,0,0,1,1,1,0,0,1,1,0,1,0,0,1,0,1,0,0,1,0,0,0,1,0,0,0,1,0,0,0,1,1,1,0,1,0,0,0,0,1,0,1,1,1,1,0,0,1,0,1,0,0,1,1,0,0,0,0,1,1,0,1,1,0,1,0,0,0,0,0,0,0,0,1,1,0,0,0,1,0,1,1,0,0,0,1,1,1,0,0,1,0,0,0,0,0,0,0,1,0,0,0,0,1,0,0,1,0,0,0,0,0,0,0,0,0,0,0,0,1,1,0,0,1,0,0,0,0,0,0,0,0,0,0,0,0,0,0,1,1,0,0,0,0,0,0,0,0,0,0,0,0,0,0,1,0,0,0,0,0,0,0,1,0
0,1,0,1,0,1,1,0,0,0,0,0,0,0,0,1,1,1,1,0,0,1,1,1,0,1,1,0,1,0,0,0,0,1,0,0,0,0,1,0,0,1,0,0,1,1,0,1,0,0,0,0,0,1,1,0,0,0,0,1,1,1,0,1,1,1,0,1,0,0,1,0,1,0,0,1,0,0,0,1,0,0,0,1,0,0,0,1,1,1,0,1,0,0,0,0,1,0,0,1,0,1,0,0,1,1,1,0,0,1,1,1,0,0,0,1,1,0,1,0,0,1,0,0,0,0,0,0,0,0,1,1,0,0,0,1,0,0,1,0,0,0,0,1,1,0,0,1,0,0,0,0,0,0,0,1,0,0,0,0,1,0,0,1,0,0,0,0,0,0,0,0,0,0,0,0,1,1,0,0,1,0,0,0,0,0,0,0,0,0,0,0,0,0,0,1,1,0,0,0,0,0,0,0,0,0,0,0,0,0,0,1,0,0,0,0,0,0,0,1,0
0,1,0,0,0,1,1,1,0,0,0,0,0,0,0,0,1,1,1,0,1,1,1,1,1,1,1,0,0,0,1,0,0,0,1,1,1,0,0,1,0,0,1,1,0,0,0,0,1,0,0,1,0,0,0,0,1,1,0,0,0,0,0,0,0,0,0,0,1,1,0,1,0,1,0,0,0,0,1,0,1,0,0,0,0,0,1,0,0,0,1,0,0,0,0,1,0,1,0,0,0,0,0,0,0,0,0,1,0,0,0,0,1,1,0,0,0,1,0,0,1,0,0,1,0,1,0,1,1,1,0,0,1,0,1,0,1,0,0,1,0,1,0,0,0,1,1,0,0,0,1,0,1,1,0,0,1,1,1,1,0,0,1,0,0,1,0,1,1,1,0,0,0,1,0,1,0,0,0,1,0,1,0,1,1,0,1,0,1,1,1,0,1,1,0,1,1,1,1,1,1,0,0,1,1,1,1,0,0,0,0,0,0,1,1,1,1,1,1,0,1
0,1,0,1,0,0,0,0,0,0,0,0,0,0,0,1,1,1,1,0,0,1,1,1,0,1,1,0,1,0,0,0,0,1,0,0,0,0,1,0,0,1,0,0,1,1,0,1,0,0,0,1,0,1,1,0,0,0,0,1,1,1,0,1,1,1,0,1,0,0,1,0,1,0,0,1,0,0,0,1,0,0,0,1,0,0,0,1,1,1,0,1,0,0,0,0,1,0,0,1,0,1,0,0,1,1,1,0,0,1,1,1,0,0,0,1,1,0,1,0,0,1,0,0,0,0,0,0,0,0,1,1,0,0,0,1,0,0,1,0,0,0,0,1,1,0,0,1,0,0,0,0,0,0,0,1,0,0,0,0,1,0,0,1,0,0,0,0,0,0,0,0,0,0,0,0,1,1,0,0,1,0,0,0,0,0,0,0,0,0,0,0,0,0,0,1,1,0,0,0,0,0,0,0,0,0,0,0,0,0,0,1,0,1,0,0,0,0,0,1,0
0,1,0,1,0,1,1,0,0,0,0,0,0,0,0,1,1,1,1,0,0,1,1,1,0,1,1,0,1,0,0,0,0,1,0,0,0,0,1,0,0,1,0,0,1,1,0,1,0,0,0,0,0,1,1,0,0,0,0,1,1,1,0,1,1,1,0,1,0,0,1,0,1,0,0,1,0,0,0,1,0,0,0,1,0,0,0,1,1,1,0,1,0,0,0,0,1,0,0,1,0,1,0,0,1,1,1,0,0,1,1,1,0,0,0,1,1,0,1,0,0,1,0,0,0,0,0,0,0,0,1,1,0,0,0,1,0,0,1,0,0,0,0,1,1,0,0,1,0,0,0,0,0,0,0,1,0,0,0,0,1,0,0,1,0,0,0,0,0,0,0,0,0,0,0,0,1,1,0,0,1,0,0,0,0,0,0,0,0,0,0,0,0,0,0,1,1,0,0,0,0,0,0,0,0,0,0,0,0,0,0,1,0,0,0,0,0,0,0,1,0
1,1,0,1,0,1,0,0,0,0,0,0,0,0,0,0,0,1,1,0,0,1,1,1,0,0,0,0,0,0,1,0,0,1,0,0,1,0,1,0,0,1,0,1,0,0,0,1,0,0,0,1,0,1,1,0,0,0,0,0,0,0,1,1,1,0,0,0,0,0,0,1,0,0,0,1,0,1,0,0,1,0,0,1,0,1,0,0,1,0,0,0,0,0,0,0,1,0,0,1,0,0,0,0,0,1,0,1,0,0,0,1,0,0,0,1,1,0,1,0,0,0,0,0,0,0,0,0,0,0,0,0,1,0,0,1,0,0,0,0,0,1,0,1,0,0,0,1,0,0,0,0,0,0,0,0,0,0,0,0,1,0,0,1,0,0,0,0,0,0,1,1,1,0,0,0,1,1,0,0,1,0,0,0,0,0,0,0,1,0,0,0,1,0,0,1,1,0,0,0,0,0,0,1,0,0,0,0,0,0,0,0,0,0,0,1,0,0,0,0,0
1,1,0,1,0,1,0,0,0,0,0,0,0,0,0,0,0,1,1,0,0,1,1,1,0,0,0,0,0,0,1,0,0,1,0,0,1,0,1,0,0,1,0,1,0,0,0,1,0,0,0,1,0,1,1,0,0,0,0,0,0,0,1,1,1,0,0,0,0,0,0,1,0,0,0,1,0,1,0,0,1,0,0,1,0,1,0,0,1,0,0,0,0,0,0,0,1,0,0,1,0,0,0,0,0,1,0,1,0,0,0,1,0,0,0,1,1,0,1,0,0,0,0,0,0,0,0,0,0,0,0,0,1,0,0,1,0,0,0,0,0,1,0,1,0,0,0,1,0,0,0,0,0,0,0,0,0,0,0,0,1,0,0,1,0,0,0,0,0,0,1,1,1,0,0,0,1,1,0,0,1,0,0,0,0,0,0,0,1,0,0,0,1,0,0,1,1,0,0,0,0,0,0,1,0,0,0,0,0,0,0,0,0,0,0,1,0,0,0,0,0
1,1,1,1,0,1,0,0,0,0,0,0,0,0,0,0,0,1,1,0,0,1,1,1,0,0,0,0,0,0,1,0,0,1,0,0,1,0,1,0,0,1,0,1,0,0,0,1,0,0,0,1,0,1,1,0,0,0,0,0,0,0,1,1,1,0,0,0,0,0,0,1,0,0,0,1,0,1,0,0,1,0,0,1,0,1,0,0,1,0,0,0,0,0,0,0,1,0,0,1,0,0,0,0,0,1,0,1,0,0,0,1,0,0,0,1,1,0,1,0,0,0,0,0,0,0,0,0,0,0,0,0,1,0,0,1,0,0,0,0,0,1,0,1,0,0,0,1,0,0,0,0,0,0,0,0,0,0,0,0,1,0,0,1,0,0,0,0,0,0,1,1,1,0,0,0,1,1,0,0,1,0,0,0,0,0,0,0,1,0,0,0,1,0,0,1,1,0,0,0,0,0,0,1,0,0,0,0,0,0,0,0,0,0,0,1,0,0,0,0,0
1,1,0,1,1,1,1,1,0,0,1,0,1,1,1,0,0,0,0,0,0,0,0,0,0,0,0,0,0,0,1,0,0,1,0,0,1,1,1,0,0,1,0,1,0,0,0,1,0,0,0,1,1,1,1,0,0,0,0,0,0,0,1,1,1,0,0,0,0,0,0,1,0,0,0,1,0,1,0,0,1,0,0,1,0,1,0,0,1,0,0,0,0,0,0,0,1,0,0,1,0,0,0,0,0,0,0,1,1,0,0,1,0,0,0,1,1,0,1,0,0,0,1,0,0,0,1,0,0,0,0,0,1,1,0,1,0,0,1,0,0,0,0,1,0,0,0,1,1,0,0,0,0,0,0,0,0,0,0,0,1,0,0,1,1,0,0,0,0,0,1,1,1,0,1,0,1,1,0,0,1,0,0,0,0,1,0,0,1,0,0,0,1,0,1,1,1,0,0,0,0,0,0,0,0,0,1,0,0,0,0,0,0,0,0,0,0,0,0,0,0
1,1,0,1,1,1,1,0,1,0,1,0,1,1,1,0,0,1,1,0,0,0,0,0,0,1,1,0,1,0,1,1,0,1,0,0,1,1,1,0,0,1,0,1,1,1,0,1,0,0,0,1,1,1,1,1,0,0,0,0,1,1,1,1,1,1,0,1,0,0,1,1,1,0,0,1,0,1,0,1,1,0,0,1,1,1,0,1,1,1,0,1,1,1,0,0,1,0,0,1,0,1,1,0,1,0,1,1,1,1,1,1,0,0,0,1,1,0,1,0,0,1,1,0,0,0,1,0,0,0,1,0,1,1,0,1,0,0,1,0,1,0,0,1,0,0,0,1,1,0,0,0,0,0,0,0,0,0,0,0,1,0,0,1,1,0,0,0,0,0,1,1,1,0,1,0,1,1,0,0,1,0,0,0,0,1,0,0,1,0,0,0,1,0,1,1,1,0,0,0,0,0,0,0,0,0,1,0,0,0,0,0,0,0,0,0,0,0,0,0,0
0,0,0,1,0,1,1,0,0,0,1,0,1,1,0,0,0,0,0,0,0,0,0,0,0,1,0,0,0,0,1,0,0,0,1,0,0,0,0,1,0,1,1,1,0,1,0,1,1,1,1,1,1,1,0,1,0,0,0,0,0,1,1,0,0,1,1,1,1,0,1,0,0,0,1,0,1,0,0,1,0,1,1,1,1,0,0,1,0,1,0,1,1,1,1,0,1,0,0,1,0,1,1,1,0,0,0,0,0,0,1,1,0,0,0,0,1,0,0,0,0,0,1,0,0,0,1,0,0,0,0,0,0,0,0,0,0,0,0,0,1,0,0,0,0,0,0,0,1,1,0,0,0,0,0,0,0,0,0,0,0,0,0,0,1,0,0,0,0,0,0,0,0,0,1,0,1,0,0,0,0,0,0,0,0,1,0,0,0,0,0,0,0,0,0,0,0,0,0,0,0,0,0,0,0,0,0,0,0,0,0,0,0,0,0,0,0,0,0,0,0
0,1,0,1,0,1,1,0,0,0,1,0,1,1,1,0,0,1,1,0,0,0,0,0,0,0,1,0,0,0,1,0,0,1,0,1,1,0,1,1,0,1,0,1,0,0,0,1,0,0,0,1,1,1,1,0,1,1,1,0,0,0,1,1,1,0,0,0,1,0,0,1,0,0,0,1,0,0,0,0,0,0,0,1,0,1,1,0,1,0,1,0,0,0,0,0,1,1,0,1,0,0,0,0,0,0,0,0,0,0,0,1,1,1,0,1,1,1,1,0,0,0,1,1,0,0,0,1,1,0,0,0,0,0,0,1,1,0,0,1,0,0,0,1,0,1,1,1,0,1,0,0,0,1,0,0,1,0,0,1,1,0,0,1,1,1,0,0,1,0,1,1,0,1,1,1,1,1,0,0,1,1,0,0,0,1,1,1,0,1,0,1,0,0,0,1,1,1,1,0,0,1,0,0,0,1,1,0,1,0,0,1,0,0,0,0,1,0,0,1,0
0,0,0,1,1,1,0,0,0,0,1,0,1,1,0,0,0,0,0,0,0,0,0,0,0,1,0,0,0,0,0,0,0,0,1,0,0,0,0,0,0,1,0,0,0,1,0,1,0,0,1,1,1,0,0,1,0,0,0,0,0,0,1,0,0,1,1,1,0,0,1,0,0,0,1,0,1,0,0,1,0,0,1,0,1,0,0,1,0,1,0,0,1,1,1,0,0,0,0,0,0,1,1,1,0,0,0,0,0,0,1,1,0,0,0,0,0,0,0,0,0,0,1,0,0,0,0,0,0,0,0,0,0,0,0,0,0,0,0,0,1,0,0,0,0,0,0,0,0,0,0,0,0,0,0,0,0,0,0,0,0,0,0,0,1,0,0,0,0,0,0,0,0,0,1,0,0,0,0,0,0,0,0,0,0,0,0,0,0,0,0,0,0,0,0,0,0,0,0,0,0,0,0,0,0,0,0,0,0,0,0,0,0,0,0,0,0,0,0,0,0
0,0,0,1,0,1,1,0,0,0,1,0,1,1,0,0,0,0,0,0,0,0,0,0,0,1,0,0,0,0,1,0,0,0,1,0,0,0,0,1,0,1,1,1,0,1,0,1,1,1,1,1,1,1,0,1,0,0,0,0,0,1,1,0,0,1,1,1,1,0,1,0,0,0,1,0,1,0,0,1,0,1,1,1,1,0,0,1,0,1,0,1,1,1,1,0,1,0,0,1,0,1,1,1,0,0,0,0,0,0,1,1,0,0,0,0,1,0,0,0,0,0,1,0,0,0,1,0,0,0,0,0,0,0,0,0,0,0,0,0,1,0,0,0,0,0,0,0,1,1,0,0,0,0,0,0,0,0,0,0,0,0,0,0,1,0,0,0,0,0,0,0,0,0,1,0,1,0,0,0,0,0,0,0,0,1,0,0,0,0,0,0,0,0,0,0,0,0,0,0,0,0,0,0,0,0,0,0,0,0,0,0,0,0,0,0,0,0,0,0,0
0,1,0,0,0,1,1,0,0,0,1,0,0,1,0,0,0,1,0,0,0,0,0,0,0,0,0,0,0,0,1,0,0,0,1,1,0,0,0,1,0,1,1,1,0,0,0,1,1,0,0,1,0,0,0,0,0,1,1,0,0,0,1,0,0,0,0,0,1,1,0,0,0,0,0,0,0,0,0,0,0,0,0,0,0,0,0,0,1,0,1,0,0,0,0,0,0,1,0,0,0,0,0,0,0,0,0,0,0,0,0,1,1,1,1,0,0,1,1,0,0,0,0,1,0,1,0,1,1,0,0,0,0,0,0,0,1,0,0,1,0,0,0,0,0,1,1,1,0,0,1,0,1,1,1,0,0,0,0,1,1,1,1,1,0,1,0,1,1,0,0,0,0,1,0,1,1,0,0,1,0,1,1,0,0,0,1,1,0,1,1,1,0,0,0,1,1,1,1,1,1,1,0,0,0,1,1,1,1,1,1,0,1,0,1,0,1,1,1,0,1
0,0,0,1,0,1,0,0,0,0,1,0,1,1,0,0,0,0,0,0,0,0,0,0,0,1,0,0,0,0,1,0,0,0,0,0,0,0,0,0,0,1,1,1,0,1,0,1,1,1,1,1,1,1,0,1,0,0,0,0,0,1,1,0,0,1,1,1,1,0,1,0,0,0,1,0,1,0,0,1,0,1,1,1,1,0,0,1,0,1,0,1,1,1,1,0,1,0,0,1,0,1,1,1,0,0,0,0,0,0,1,1,0,0,0,0,1,0,0,0,0,0,1,0,0,0,1,0,0,0,0,0,0,0,0,0,0,0,0,0,1,0,0,0,0,0,0,0,1,1,0,0,0,0,0,0,0,0,0,0,0,0,0,0,1,0,0,0,0,0,0,0,0,0,1,0,1,0,0,0,0,0,0,0,0,1,0,0,0,0,0,0,0,0,0,0,0,0,0,0,0,0,0,0,0,0,0,0,0,0,0,0,0,0,0,0,0,0,0,0,0
0,1,0,1,0,1,1,0,0,0,1,0,1,1,0,1,1,1,1,0,0,1,0,0,0,0,1,0,0,0,1,0,0,1,0,1,1,0,1,1,0,1,1,1,0,0,0,1,1,0,0,1,0,1,1,0,1,1,1,0,0,0,1,1,1,0,0,0,1,0,0,1,0,0,0,1,0,0,0,0,0,0,0,1,0,1,1,0,1,0,1,0,0,0,0,0,1,1,0,1,0,0,0,0,0,0,0,0,0,0,0,1,1,1,0,1,1,1,1,0,0,0,0,1,0,0,0,1,1,0,0,0,0,0,0,1,1,0,0,1,0,0,0,1,0,1,1,1,0,1,0,0,0,1,0,0,1,0,0,1,1,0,0,1,0,1,0,0,1,0,1,1,0,1,0,1,1,1,0,0,1,1,0,0,0,0,1,1,0,1,1,1,0,0,0,1,1,1,1,1,1,1,0,0,0,1,1,0,1,0,0,1,0,0,0,0,1,0,0,1,0
0,0,0,1,0,1,1,0,0,0,1,0,1,1,0,0,0,0,0,0,0,0,0,0,0,1,0,0,0,0,1,0,0,0,1,0,0,0,0,1,0,1,0,1,0,1,0,1,1,1,1,1,1,1,0,1,0,0,0,0,0,1,1,0,0,1,1,1,1,0,1,0,0,0,1,0,1,0,0,1,0,1,1,1,1,0,0,1,0,1,0,1,1,1,1,0,1,0,0,1,0,1,1,1,0,0,0,0,0,0,1,1,0,0,0,0,1,0,0,0,0,0,1,0,0,0,1,0,0,0,0,0,0,0,0,0,0,0,0,0,1,0,0,0,0,0,0,0,1,1,0,0,0,0,0,0,0,0,0,0,0,0,0,0,1,0,0,0,0,0,0,0,0,0,1,0,1,0,0,0,0,0,0,0,0,1,0,0,0,0,0,0,0,0,0,0,0,0,0,0,0,0,0,0,0,0,0,0,0,0,0,0,0,0,0,0,0,0,0,0,0
0,0,0,1,0,1,0,0,0,0,1,0,1,1,0,0,0,0,0,0,0,0,0,0,0,1,0,0,0,0,0,0,0,0,1,0,0,0,0,0,0,1,0,0,0,1,0,1,0,1,1,1,1,1,0,1,0,0,0,0,0,1,1,0,0,1,1,1,0,0,1,0,0,0,1,0,1,0,0,1,0,1,1,1,1,0,0,1,0,1,0,1,1,1,1,0,1,0,0,1,0,1,1,1,0,0,0,0,0,0,1,1,0,0,0,0,1,0,0,0,0,0,1,0,0,0,1,0,0,0,0,0,0,0,0,0,0,0,0,0,1,0,0,0,0,0,0,0,1,0,0,0,0,0,0,0,0,0,0,0,0,0,0,0,1,0,0,0,0,0,0,0,0,0,1,0,1,0,0,0,0,0,0,0,0,1,0,0,0,0,0,0,0,0,0,0,0,0,0,0,0,0,0,0,0,0,0,0,0,0,0,0,0,0,0,0,0,0,0,0,0
0,0,0,1,0,1,1,0,0,0,0,0,0,0,0,1,1,0,0,0,0,0,0,0,0,1,0,0,0,0,1,0,0,0,1,0,0,0,0,0,0,1,1,1,0,1,0,1,1,1,1,0,0,1,0,0,0,0,0,0,0,1,1,0,0,1,1,1,1,0,1,0,0,0,1,0,0,0,0,1,0,1,1,1,0,0,0,1,1,1,0,1,0,0,1,0,1,0,0,1,0,1,0,1,1,0,1,0,0,1,1,1,0,0,0,1,1,0,1,0,0,1,0,0,0,0,0,0,0,0,1,1,0,0,0,1,0,0,0,0,0,0,0,1,0,0,0,1,0,1,0,0,0,0,0,0,0,0,0,0,1,0,0,1,0,0,0,0,0,0,0,0,0,0,0,0,1,1,0,0,1,0,0,0,0,0,0,0,0,0,0,0,0,0,0,0,0,0,0,0,0,0,0,0,0,0,0,0,0,0,0,0,0,0,0,0,0,0,0,0,0
0,0,0,1,0,1,1,0,0,0,1,0,1,1,1,0,0,0,0,0,0,0,0,0,0,0,0,0,0,0,1,0,0,1,0,1,0,0,1,1,0,1,0,1,0,0,0,1,0,0,0,1,1,1,1,0,1,1,1,0,0,0,1,1,1,0,0,0,1,0,0,1,0,0,0,1,0,0,0,0,0,0,0,1,0,1,1,0,1,0,1,0,0,0,0,0,1,1,0,1,0,0,0,0,0,1,0,0,0,0,0,1,1,1,0,1,1,1,1,0,0,0,1,1,0,0,0,1,1,0,0,0,0,0,0,1,1,0,0,1,0,0,0,1,0,1,1,1,0,1,0,0,0,1,0,0,1,0,0,1,1,0,0,1,1,1,0,0,1,0,0,0,1,1,1,1,1,1,0,0,1,1,0,0,0,1,1,1,0,1,0,1,0,0,0,1,1,1,1,0,0,1,0,0,0,1,1,0,1,0,0,1,0,0,0,0,1,0,0,1,0
0,0,0,1,0,1,1,0,0,0,1,0,1,1,0,0,0,0,0,0,0,0,0,0,0,1,0,0,0,0,1,0,0,0,1,0,0,0,0,0,0,1,1,1,0,1,0,1,1,1,1,1,1,1,0,1,0,0,0,0,0,1,1,0,0,1,1,1,1,0,1,0,0,0,1,0,1,0,0,1,0,1,1,1,1,0,0,1,0,1,0,1,1,1,1,0,1,0,0,1,0,1,1,1,0,0,0,0,0,0,1,1,0,0,0,0,1,0,0,0,0,0,1,0,0,0,1,0,0,0,0,0,0,0,0,0,0,0,0,0,1,0,0,0,0,0,0,0,1,1,0,0,0,0,0,0,0,0,0,0,0,0,0,0,1,0,0,0,0,0,0,0,0,0,1,0,1,0,0,0,0,0,0,0,0,1,0,0,0,0,0,0,0,0,0,0,0,0,0,0,0,0,0,0,0,0,0,0,0,0,0,0,0,0,0,0,0,0,0,0,0
0,0,0,1,0,1,1,0,0,0,1,0,1,1,0,0,0,0,0,0,0,0,0,0,0,1,0,0,0,0,1,0,0,0,1,0,0,0,1,0,0,1,1,1,0,1,0,1,1,1,1,1,1,1,0,1,0,0,0,0,0,1,1,0,0,1,1,1,1,0,1,0,0,0,1,0,1,0,0,1,0,1,1,1,1,0,0,1,0,1,0,1,1,1,1,0,1,0,0,1,0,1,1,1,0,0,0,0,0,0,1,1,0,0,0,0,1,0,0,0,0,0,1,0,0,0,1,0,0,0,0,0,0,0,0,0,0,0,0,0,1,0,0,0,0,0,0,0,1,1,0,0,0,0,0,0,0,0,0,0,0,0,0,0,1,0,0,0,0,0,0,0,0,0,1,0,1,0,0,0,0,0,0,0,0,1,0,0,0,0,0,0,0,0,0,0,0,0,0,0,0,0,0,0,0,0,0,0,0,0,0,0,0,0,0,0,0,0,0,0,0
0,0,0,1,0,1,1,0,0,0,1,0,1,1,0,0,0,0,0,0,0,0,0,0,0,1,0,0,0,0,1,0,0,0,1,0,1,0,0,1,0,1,1,1,0,1,0,1,1,1,1,1,1,1,0,1,0,0,0,0,0,1,1,0,0,1,1,1,1,0,1,0,0,0,1,0,1,0,0,1,0,1,1,1,1,0,0,1,0,1,0,1,1,1,1,0,1,0,0,1,0,1,1,1,0,0,0,0,0,0,1,1,0,0,0,0,1,0,0,0,0,0,1,0,0,0,1,0,0,0,0,0,0,0,0,0,0,0,0,0,1,0,0,0,0,0,0,0,1,1,0,0,0,0,0,0,0,0,0,0,0,0,0,0,1,1,0,0,0,0,0,0,0,0,1,0,1,0,0,0,0,0,0,0,0,1,1,0,0,1,0,0,0,0,0,0,0,1,0,0,0,0,0,0,0,0,0,0,0,0,0,0,0,0,0,0,0,0,1,0,0
0,0,0,1,0,1,1,0,0,0,1,0,1,1,0,0,0,0,0,0,0,0,0,0,0,1,0,0,0,0,1,0,0,0,1,0,0,0,0,0,0,1,0,0,0,1,0,1,1,1,1,1,1,1,0,1,0,0,0,0,0,1,1,0,0,1,1,1,1,0,1,0,0,0,1,0,1,0,0,1,0,1,1,1,1,0,0,1,0,1,0,1,1,1,1,0,1,0,0,1,0,1,1,1,0,0,0,0,0,0,1,1,0,0,0,0,1,0,0,0,0,0,1,0,0,0,1,0,0,0,0,0,0,0,0,0,0,0,0,0,1,0,0,0,0,0,0,0,1,0,0,0,0,0,0,0,0,0,0,0,0,0,0,0,1,0,0,0,0,0,0,0,0,0,1,0,1,0,0,0,0,0,0,0,0,1,0,0,0,0,0,0,0,0,0,0,0,0,0,0,0,0,0,0,0,0,0,0,0,0,0,0,0,0,0,0,0,0,0,0,0
0,0,0,1,0,1,1,0,0,0,1,0,1,1,0,0,0,0,0,0,0,0,0,0,0,1,0,0,0,0,1,0,0,0,1,0,0,0,0,0,0,1,1,1,0,1,0,1,1,1,1,1,1,1,0,1,0,0,0,0,0,1,1,0,0,1,1,1,1,0,1,0,0,0,1,0,1,0,0,1,0,1,1,1,1,0,0,1,0,1,0,1,1,1,1,0,1,0,0,1,0,1,1,1,0,0,0,0,0,0,1,1,0,0,0,0,1,0,0,0,0,0,1,0,0,0,1,0,0,0,0,0,0,0,0,0,0,0,0,0,1,0,0,0,0,0,0,0,1,1,0,0,0,0,0,0,0,0,0,0,0,0,0,0,1,0,0,0,0,0,0,0,0,0,1,0,1,0,0,0,0,0,0,0,0,1,0,0,0,0,0,0,0,0,0,0,0,0,0,0,0,0,0,0,0,0,0,0,0,0,0,0,0,0,0,0,0,0,0,0,0
0,0,0,1,0,1,1,0,0,0,0,0,0,0,0,0,0,0,0,0,0,0,0,0,0,0,0,0,0,0,1,0,0,0,0,0,0,1,1,1,0,1,0,1,0,0,0,1,0,0,0,1,0,0,0,0,1,1,1,0,0,0,1,0,0,0,0,0,1,0,0,1,0,0,0,0,0,0,0,0,0,0,0,0,0,1,1,0,1,0,1,0,0,0,0,0,0,1,0,0,0,0,0,0,0,0,0,0,0,0,0,1,1,1,0,0,0,1,1,0,0,0,0,1,0,0,0,1,1,0,0,0,0,0,0,0,1,0,0,1,0,0,0,0,0,1,1,1,0,1,0,0,0,1,0,0,1,0,0,1,1,0,0,1,0,1,0,0,1,0,0,1,1,1,0,1,0,0,0,0,0,1,0,0,0,0,1,1,0,1,0,0,0,0,0,1,0,1,1,0,0,0,0,0,0,0,0,0,1,0,0,0,0,0,0,0,1,0,0,0,0
0,0,0,1,0,1,1,0,0,0,1,0,1,1,0,0,0,0,0,0,0,0,0,0,0,1,0,0,0,0,1,0,0,0,1,0,1,0,0,1,0,1,1,1,0,1,0,1,1,1,1,1,1,1,0,1,0,0,0,0,0,1,1,0,0,1,1,1,1,0,1,0,0,0,1,0,1,0,0,1,0,1,1,1,1,0,0,1,0,1,0,1,1,1,1,0,1,0,0,1,0,1,1,1,0,0,0,0,0,0,1,1,0,0,0,0,1,0,0,0,0,0,1,0,0,0,1,0,0,0,0,0,0,0,0,0,0,0,0,0,1,0,0,0,0,0,0,0,1,1,0,0,0,0,0,0,0,0,0,0,0,0,0,0,1,0,0,0,0,0,0,0,0,0,1,0,1,0,0,0,0,0,0,0,0,1,0,0,0,0,0,0,0,0,0,0,0,0,0,0,0,0,0,0,0,0,0,0,0,0,0,0,0,0,0,0,0,0,0,0,0
0,0,0,1,0,1,1,0,0,0,1,0,1,1,0,0,0,0,0,0,0,0,0,0,0,1,0,0,0,0,1,0,0,0,1,0,0,0,0,0,0,1,1,1,0,1,0,1,1,1,1,1,1,1,0,1,0,0,0,0,0,1,1,0,0,1,1,1,1,0,1,0,0,0,1,0,1,0,0,1,0,1,1,1,1,0,0,1,0,1,0,1,1,1,1,0,1,0,0,1,0,1,1,1,0,0,0,0,0,0,1,1,0,0,0,0,1,0,0,0,0,0,1,0,0,0,1,0,0,0,0,0,0,0,0,0,0,0,0,0,1,0,0,0,0,0,0,0,1,1,0,0,0,0,0,0,0,0,0,0,0,0,0,0,1,0,0,0,0,0,0,0,0,0,1,0,1,0,0,0,0,0,0,0,0,1,0,0,0,0,0,0,0,0,0,0,0,0,0,0,0,0,0,0,0,0,0,0,0,0,0,0,0,0,0,0,0,0,0,0,0
0,0,0,1,0,1,1,0,0,0,1,0,1,1,0,0,0,0,0,0,0,0,0,0,0,1,0,0,0,0,1,0,0,0,1,0,0,0,0,0,0,1,1,1,0,1,0,1,1,1,1,1,1,1,0,1,0,0,0,0,0,1,1,0,0,1,1,1,1,0,1,0,0,0,1,0,1,0,0,1,0,1,1,1,1,0,0,1,0,1,0,1,1,1,1,0,1,0,0,1,0,1,1,1,0,0,0,0,0,0,1,1,0,0,0,0,1,0,0,0,0,0,1,0,0,0,1,0,0,0,0,0,0,0,0,0,0,0,0,0,1,0,0,0,0,0,0,0,1,1,0,0,0,0,0,0,0,0,0,0,0,0,0,0,1,1,0,0,0,0,0,0,0,0,1,0,1,0,0,0,0,0,0,0,0,1,0,0,0,0,0,0,0,0,0,0,0,0,0,0,0,0,0,0,0,0,0,0,0,0,0,0,0,0,0,0,0,0,0,0,0
0,1,0,1,0,1,1,0,0,0,1,0,1,1,0,1,1,1,1,0,0,1,0,0,0,0,1,0,0,0,1,0,0,1,0,1,0,0,1,1,0,1,1,1,0,0,0,1,1,0,0,1,0,1,1,0,1,1,1,0,0,0,1,1,1,0,0,0,1,0,0,1,0,0,0,1,0,0,0,0,0,0,0,1,0,1,1,0,1,0,1,0,0,0,0,0,1,1,0,1,0,0,0,0,0,0,0,0,0,0,0,1,1,1,0,1,1,1,1,0,0,0,0,1,0,0,0,1,1,0,0,0,0,0,0,1,1,0,0,1,0,0,0,1,0,1,1,1,0,1,0,0,0,1,0,0,1,0,0,1,1,0,0,1,0,1,0,0,1,0,1,1,0,1,0,1,1,1,0,0,1,1,0,0,0,0,1,1,0,1,1,1,0,0,0,1,1,1,1,1,1,1,0,0,0,1,1,0,1,0,0,1,0,0,0,0,1,0,0,1,0
0,0,0,1,0,1,1,0,0,0,1,0,1,1,0,0,0,0,0,0,0,0,0,0,0,1,0,0,0,0,1,0,0,0,1,0,0,0,0,1,0,1,1,1,0,1,0,1,1,1,1,1,1,1,0,1,0,0,0,0,0,1,1,0,0,1,1,1,1,0,1,0,0,0,1,0,1,0,0,1,0,1,1,1,1,0,0,1,0,1,0,1,1,1,1,0,1,0,0,1,0,1,1,1,0,0,0,0,0,0,1,1,0,0,0,0,1,0,0,0,0,0,1,0,0,0,1,0,0,0,0,0,0,0,0,0,0,0,0,0,1,0,0,0,0,0,0,0,1,1,0,0,0,0,0,0,0,0,0,0,0,0,0,0,1,0,0,0,0,0,0,0,0,0,1,0,1,0,0,0,0,0,0,0,0,1,0,0,0,0,0,0,0,0,0,0,0,0,0,0,0,0,0,0,0,0,0,0,0,0,0,0,0,0,0,0,0,0,0,0,0
0,1,0,1,0,1,1,0,0,0,1,0,1,1,1,0,0,1,1,0,0,0,0,0,0,0,1,0,0,0,1,0,0,1,0,1,1,0,1,1,0,1,0,1,0,0,0,1,0,0,0,1,1,1,1,0,1,1,1,0,0,0,1,1,1,0,0,0,1,0,0,1,0,0,0,1,0,0,0,0,0,0,0,1,0,1,1,0,1,0,1,0,0,0,0,0,1,1,0,1,0,0,0,0,0,0,0,0,0,0,0,1,1,1,0,1,1,1,1,0,0,0,1,1,0,0,0,1,1,0,0,0,0,0,0,1,1,0,0,1,0,0,0,1,0,1,1,1,0,1,0,0,0,1,0,0,1,0,0,1,1,0,0,1,1,1,0,0,1,0,1,1,0,1,1,1,1,1,0,0,1,1,0,0,0,1,1,1,0,1,0,1,0,0,0,1,1,1,1,0,0,1,0,0,0,1,1,0,1,0,0,1,0,0,0,0,1,0,0,1,0
0,0,0,1,0,1,1,0,0,0,1,0,1,1,0,1,1,1,0,0,0,0,0,0,0,0,0,0,0,0,1,0,0,1,0,1,0,0,1,1,0,1,1,1,0,0,0,1,1,0,0,1,0,1,1,0,1,1,1,0,0,0,1,1,1,0,0,0,1,0,0,1,0,0,0,1,0,0,0,0,0,0,0,1,0,1,1,0,1,0,1,0,0,0,0,0,1,1,0,1,0,0,0,0,0,1,0,0,0,0,0,1,1,1,0,1,1,1,1,0,0,0,0,1,0,0,0,1,1,0,0,0,0,0,0,1,1,0,0,1,0,0,0,1,0,1,1,1,0,1,0,0,0,1,0,0,1,0,0,1,1,0,0,1,0,1,0,0,1,0,0,0,1,1,0,1,1,1,0,0,1,1,0,0,0,0,1,1,0,1,1,1,0,0,0,1,1,1,1,1,1,1,0,0,0,1,1,0,1,0,0,1,0,0,0,0,1,0,0,1,0
0,0,0,1,0,1,1,0,0,0,1,0,1,1,0,0,0,0,0,0,0,0,0,0,0,1,0,0,0,0,1,0,0,0,1,0,0,0,0,1,0,1,0,1,0,1,0,1,1,1,1,1,1,1,0,1,0,0,0,0,0,1,1,0,0,1,1,1,1,0,1,0,0,0,1,0,1,0,0,1,0,1,1,1,1,0,0,1,0,1,0,1,1,1,1,0,1,0,0,1,0,1,1,1,0,0,0,0,0,0,1,1,0,0,0,0,1,0,0,0,0,0,1,0,0,0,1,0,0,0,0,0,0,0,0,0,0,0,0,0,1,0,0,0,0,0,0,0,1,1,0,0,0,0,0,0,0,0,0,0,0,0,0,0,1,0,0,0,0,0,0,0,0,0,1,0,1,0,0,0,0,0,0,0,0,1,0,0,0,0,0,0,0,0,0,0,0,0,0,0,0,0,0,0,0,0,0,0,0,0,0,0,0,0,0,0,0,0,0,0,0
0,1,0,1,0,1,1,0,0,0,1,0,1,1,1,0,0,1,1,0,0,0,0,0,0,0,1,0,0,0,1,0,0,1,0,1,0,0,1,1,0,1,0,1,0,0,0,1,0,0,0,1,1,1,1,0,1,1,1,0,0,0,1,1,1,0,0,0,1,0,0,1,0,0,0,1,0,0,0,0,0,0,0,1,0,1,1,0,1,0,1,0,0,0,0,0,1,1,0,1,0,0,0,0,0,0,0,0,0,0,0,1,1,1,0,1,1,1,1,0,0,0,1,1,0,0,0,1,1,0,0,0,0,0,0,1,1,0,0,1,0,0,0,1,0,1,1,1,0,1,0,0,0,1,0,0,1,0,0,1,1,0,0,1,1,1,0,0,1,0,1,1,0,1,1,1,1,1,0,0,1,1,0,0,0,1,1,1,0,1,0,1,0,0,0,1,1,1,1,0,0,1,0,0,0,1,1,0,1,0,0,1,0,0,0,0,1,0,0,1,0
0,1,0,1,0,1,1,0,0,0,1,0,1,1,1,0,0,1,1,0,0,0,0,0,0,0,1,0,0,0,1,0,0,1,0,1,0,0,1,1,0,1,0,1,0,0,0,1,0,0,0,1,1,1,1,0,1,1,1,0,0,0,1,1,1,0,0,0,1,0,0,1,0,0,0,1,0,0,0,0,0,0,0,1,0,1,1,0,1,0,1,0,0,0,0,0,1,1,0,1,0,0,0,0,0,0,0,0,0,0,0,1,1,1,0,1,1,1,1,0,0,0,1,1,0,0,0,1,1,0,0,0,0,0,0,1,1,0,0,1,0,0,0,1,0,1,1,1,0,1,0,0,0,1,0,0,1,0,0,1,1,0,0,1,1,1,0,0,1,0,1,1,0,1,1,1,1,1,0,0,1,1,0,0,0,1,1,1,0,1,0,1,0,0,0,1,1,1,1,0,0,1,0,0,0,1,1,0,1,0,0,1,0,0,0,0,1,0,0,1,0
0,1,0,1,0,1,1,0,0,0,1,0,1,1,1,0,0,1,1,0,0,0,0,0,0,0,1,0,0,0,1,0,0,1,0,1,0,0,1,1,0,1,0,1,0,0,0,1,0,0,0,1,1,1,1,0,1,1,1,0,0,0,1,1,1,0,0,0,1,0,0,1,0,0,0,1,0,0,0,0,0,0,0,1,0,1,1,0,1,0,1,0,0,0,0,0,1,1,0,1,0,0,0,0,0,0,0,0,0,0,0,1,1,1,0,1,1,1,1,0,0,0,1,1,0,0,0,1,1,0,0,0,0,0,0,1,1,0,0,1,0,0,0,1,0,1,1,1,0,1,0,0,0,1,0,0,1,0,0,1,1,0,0,1,1,1,0,0,1,0,1,1,0,1,1,1,1,1,0,0,1,1,0,0,0,1,1,1,0,1,0,1,0,0,0,1,1,1,1,0,0,1,0,0,0,1,1,0,1,0,0,1,0,0,0,0,1,0,0,1,0
0,0,0,1,0,1,1,0,0,0,1,0,1,1,1,0,0,0,0,0,0,0,0,0,0,0,0,0,0,0,1,0,0,1,0,1,0,0,1,1,0,1,0,1,0,0,0,1,0,0,0,1,1,1,1,0,1,1,1,0,0,0,1,1,1,0,0,0,1,0,0,1,0,0,0,1,0,0,0,0,0,0,0,1,0,1,1,0,1,0,1,0,0,0,0,0,1,1,0,1,0,0,0,0,0,1,0,0,0,0,0,1,1,1,0,1,1,1,1,0,0,0,1,1,0,0,0,1,1,0,0,0,0,0,0,1,1,0,0,1,0,0,0,1,0,1,1,1,0,1,0,0,0,1,0,0,1,0,0,1,1,0,0,1,1,1,0,0,1,0,0,0,1,1,1,1,1,1,0,0,1,1,0,0,0,1,1,1,0,1,0,1,0,0,0,1,1,1,1,0,0,1,0,0,0,1,1,0,1,0,0,1,0,0,0,0,1,0,0,1,0
0,0,0,1,0,1,1,0,0,0,1,0,1,1,0,0,0,0,0,0,0,0,0,0,0,1,0,0,0,0,1,0,0,0,1,0,0,0,0,1,0,1,1,1,0,1,0,1,1,1,1,1,1,1,0,1,0,0,0,0,0,1,1,0,0,1,1,1,1,0,1,0,0,0,1,0,1,0,0,1,0,1,1,1,1,0,0,1,0,1,0,1,1,1,1,0,1,0,0,1,0,1,1,1,0,0,0,0,0,0,1,1,0,0,0,0,1,0,0,0,0,0,1,0,0,0,1,0,0,0,0,0,0,0,0,0,0,0,0,0,1,0,0,0,0,0,0,0,1,1,0,0,0,0,0,0,0,0,0,0,0,0,0,0,1,0,0,0,0,0,0,0,0,0,1,0,1,0,0,0,0,0,0,0,0,1,0,0,0,0,0,0,0,0,0,0,0,0,0,0,0,0,0,0,0,0,0,0,0,0,0,0,0,0,0,0,0,0,0,0,0
0,0,0,1,0,1,0,0,0,0,0,0,0,0,0,1,1,0,0,0,0,0,0,0,0,1,0,0,0,0,0,0,0,0,1,0,0,0,1,0,0,1,0,0,1,1,0,1,0,1,1,0,0,1,0,0,0,0,0,0,0,1,1,0,0,1,1,1,0,0,1,0,1,0,1,1,0,0,0,1,0,1,1,1,0,0,0,1,1,1,0,1,0,0,1,0,1,0,0,1,0,1,0,1,1,0,1,0,0,1,1,1,0,0,0,1,1,0,1,0,0,1,0,0,0,0,0,0,0,0,1,1,0,0,0,1,0,0,0,0,0,0,0,1,0,0,0,1,0,0,0,0,0,0,0,0,0,0,0,0,1,0,0,1,0,0,0,0,0,0,0,0,0,0,0,0,1,1,0,0,1,0,0,0,0,0,0,0,0,0,0,0,0,0,0,0,0,0,0,0,0,0,0,0,0,0,0,0,0,0,0,0,0,0,0,0,0,0,0,0,0
0,0,0,1,0,1,1,0,0,0,1,0,1,1,0,0,0,0,0,0,0,0,0,0,0,1,0,0,0,0,1,0,0,0,1,0,0,0,0,1,0,1,1,1,0,1,0,1,1,1,1,1,1,1,0,1,0,0,0,0,0,1,1,0,0,1,1,1,1,0,1,0,0,0,1,0,1,0,0,1,0,1,1,1,1,0,0,1,0,1,0,1,1,1,1,0,1,0,0,1,0,1,1,1,0,0,0,0,0,0,1,1,0,0,0,0,1,0,0,0,0,0,1,0,0,0,1,0,0,0,0,0,0,0,0,0,0,0,0,0,1,0,0,0,0,0,0,0,1,1,0,0,0,0,0,0,0,0,0,0,0,0,0,0,1,1,0,0,0,0,0,0,0,0,1,0,1,0,0,0,0,0,0,0,0,1,0,0,0,0,0,0,0,0,0,0,0,0,0,0,0,0,0,0,0,0,0,0,0,0,0,0,0,0,0,0,0,0,0,0,0
0,1,0,1,0,1,1,0,0,0,1,0,1,1,1,0,0,1,1,0,0,0,0,0,0,0,1,0,0,0,1,0,0,1,0,1,0,0,1,1,0,1,0,1,0,0,0,1,0,0,0,1,1,1,1,0,1,1,1,0,0,0,1,1,1,0,0,0,1,0,0,1,0,0,0,1,0,0,0,0,0,0,0,1,0,1,1,0,1,0,1,0,0,0,0,0,1,1,0,1,0,0,0,0,0,0,0,0,0,0,0,1,1,1,0,1,1,1,1,0,0,0,1,1,0,0,0,1,1,0,0,0,0,0,0,1,1,0,0,1,0,0,0,1,0,1,1,1,0,1,0,0,0,1,0,0,1,0,0,1,1,0,0,1,1,1,0,0,1,0,1,1,0,1,1,1,1,1,0,0,1,1,0,0,0,1,1,1,0,1,0,1,0,0,0,1,1,1,1,0,0,1,0,0,0,1,1,0,1,0,0,1,0,0,0,0,1,0,0,1,0
0,1,0,1,0,1,1,0,0,0,1,0,1,1,1,0,0,1,1,0,0,0,0,0,0,0,1,0,0,0,1,0,0,1,0,1,0,0,1,1,0,1,0,1,0,0,0,1,0,0,0,1,1,1,1,0,1,1,1,0,0,0,1,1,1,0,0,0,1,0,0,1,0,0,0,1,0,0,0,0,0,0,0,1,0,1,1,0,1,0,1,0,0,0,0,0,1,1,0,1,0,0,0,0,0,0,0,0,0,0,0,1,1,1,0,1,1,1,1,0,0,0,1,1,0,0,0,1,1,0,0,0,0,0,0,1,1,0,0,1,0,0,0,1,0,1,1,1,0,1,0,0,0,1,0,0,1,0,0,1,1,0,0,1,1,1,0,0,1,0,1,1,0,1,1,1,1,1,0,0,1,1,0,0,0,1,1,1,0,1,0,1,0,0,0,1,1,1,1,0,0,1,0,0,0,1,1,0,1,0,0,1,0,0,0,0,1,0,0,1,0
0,0,0,1,0,1,0,0,0,0,1,0,1,1,0,0,0,0,0,0,0,0,0,0,0,1,0,0,0,0,0,0,0,0,1,0,0,0,1,0,0,1,0,0,0,1,0,1,0,1,1,1,1,1,0,1,0,0,0,0,0,1,1,0,0,1,1,1,0,0,1,0,0,0,1,0,1,0,0,1,0,1,1,1,1,0,0,1,0,1,0,1,1,1,1,0,1,0,0,1,0,1,1,1,0,0,0,0,0,0,1,1,0,0,0,0,1,0,0,0,0,0,1,0,0,0,1,0,0,0,0,0,0,0,0,0,0,0,0,0,1,0,0,0,0,0,0,0,1,0,0,0,0,0,0,0,0,0,0,0,0,0,0,0,1,0,0,0,0,0,0,0,0,0,1,0,1,0,0,0,0,0,0,0,0,1,0,0,0,0,0,0,0,0,0,0,0,0,0,0,0,0,0,0,0,0,0,0,0,0,0,0,0,0,0,0,0,0,0,0,0
0,0,0,1,0,1,1,0,0,0,1,0,1,1,0,0,0,0,0,0,0,0,0,0,0,1,0,0,0,0,1,0,0,0,1,0,0,0,0,1,0,1,1,1,0,1,0,1,1,1,1,1,1,1,0,1,0,0,0,0,0,1,1,0,0,1,1,1,1,0,1,0,0,0,1,0,1,0,0,1,0,1,1,1,1,0,0,1,0,1,0,1,1,1,1,0,1,0,0,1,0,1,1,1,0,0,0,0,0,0,1,1,0,0,0,0,1,0,0,0,0,0,1,0,0,0,1,0,0,0,0,0,0,0,0,0,0,0,0,0,1,0,0,0,0,0,0,0,1,1,0,0,0,0,0,0,0,0,0,0,0,0,0,0,1,1,0,0,0,0,0,0,0,0,1,0,1,0,0,0,0,0,0,0,0,1,0,0,0,0,0,0,0,0,0,0,0,0,0,0,0,0,0,0,0,0,0,0,0,0,0,0,0,0,0,0,0,0,0,0,0
0,0,0,1,0,1,0,0,0,0,0,0,0,0,0,1,1,0,0,0,0,0,0,0,0,1,0,0,0,0,0,0,0,0,1,0,0,0,0,0,0,1,0,0,0,1,0,1,0,1,1,0,0,1,0,0,0,0,0,0,0,1,1,0,0,1,1,1,0,0,1,0,0,0,1,0,0,0,0,1,0,1,1,1,0,0,0,1,1,1,0,1,0,0,1,0,1,0,0,1,0,1,0,1,1,0,1,0,0,1,1,1,0,0,0,1,1,0,1,0,0,1,0,0,0,0,0,0,0,0,1,1,0,0,0,1,0,0,0,0,0,0,0,1,0,0,0,1,0,0,0,0,0,0,0,0,0,0,0,0,1,0,0,1,0,0,0,0,0,0,0,0,0,0,0,0,1,1,0,0,1,0,0,0,0,0,0,0,0,0,0,0,0,0,0,0,0,0,0,0,0,0,0,0,0,0,0,0,0,0,0,0,0,0,0,0,0,0,0,0,0
0,1,0,1,0,1,1,0,0,0,1,0,1,1,0,1,1,1,1,0,0,1,0,0,0,0,1,0,0,0,1,0,0,1,0,1,0,0,1,1,0,1,1,1,0,0,0,1,1,0,0,1,0,1,1,0,1,1,1,0,0,0,1,1,1,0,0,0,1,0,0,1,0,0,0,1,0,0,0,0,0,0,0,1,0,1,1,0,1,0,1,0,0,0,0,0,1,1,0,1,0,0,0,0,0,0,0,0,0,0,0,1,1,1,0,1,1,1,1,0,0,0,0,1,0,0,0,1,1,0,0,0,0,0,0,1,1,0,0,1,0,0,0,1,0,1,1,1,0,1,0,0,0,1,0,0,1,0,0,1,1,0,0,1,0,1,0,0,1,0,1,1,0,1,0,1,1,1,0,0,1,1,0,0,0,0,1,1,0,1,1,1,0,0,0,1,1,1,1,1,1,1,0,0,0,1,1,0,1,0,0,1,0,0,0,0,1,0,0,1,0
0,0,0,1,0,1,1,0,0,0,1,1,1,1,1,0,0,0,0,0,0,0,0,0,0,1,0,0,0,0,1,0,0,0,1,0,0,0,0,1,0,1,0,1,0,1,0,1,1,1,1,1,1,1,0,1,0,0,0,0,0,1,1,0,0,1,1,1,1,0,1,0,0,0,1,0,1,0,0,1,0,1,1,1,1,0,0,1,0,1,0,1,1,1,1,0,1,0,0,1,0,1,1,1,0,0,0,0,0,0,1,1,0,0,0,0,1,0,0,0,0,0,1,0,0,0,1,0,0,0,0,0,0,0,0,0,0,0,0,0,1,0,0,0,0,0,0,0,1,1,0,0,0,0,0,0,0,0,0,0,0,0,0,0,1,1,0,0,0,0,0,0,0,0,1,0,1,0,0,0,0,0,0,0,0,1,1,0,0,0,0,0,0,0,0,0,0,0,0,0,0,0,0,0,0,0,0,0,0,0,0,0,0,0,0,0,0,0,0,0,0
0,1,0,1,0,1,1,0,0,0,1,0,1,1,0,1,1,1,1,0,0,1,0,0,0,0,1,0,0,0,1,0,0,1,0,1,0,0,1,1,0,1,1,1,0,0,0,1,1,0,0,1,0,1,1,0,1,1,1,0,0,0,1,1,1,0,0,0,1,0,0,1,0,0,0,1,0,0,0,0,0,0,0,1,0,1,1,0,1,0,1,0,0,0,0,0,1,1,0,1,0,0,0,0,0,0,0,0,0,0,0,1,1,1,0,1,1,1,1,0,0,0,0,1,0,0,0,1,1,0,0,0,0,0,0,1,1,0,0,1,0,0,0,1,0,1,1,1,0,1,0,0,0,1,0,0,1,0,0,1,1,0,0,1,0,1,0,0,1,0,1,1,0,1,0,1,1,1,0,0,1,1,0,0,0,0,1,1,0,1,1,1,0,0,0,1,1,1,1,1,1,1,0,0,0,1,1,0,1,0,0,1,0,0,0,0,1,0,0,1,0
0,1,0,1,0,1,1,0,0,0,1,0,1,1,1,0,0,1,1,0,0,0,0,0,0,0,1,0,0,0,1,0,0,1,0,1,0,0,1,1,0,1,0,1,0,0,0,1,0,0,0,1,1,1,1,0,1,1,1,0,0,0,1,1,1,0,0,0,1,0,0,1,0,0,0,1,0,0,0,0,0,0,0,1,0,1,1,0,1,0,1,0,0,0,0,0,1,1,0,1,0,0,0,0,0,0,0,0,0,0,0,1,1,1,0,1,1,1,1,0,0,0,1,1,0,0,0,1,1,0,0,0,0,0,0,1,1,0,0,1,0,0,0,1,0,1,1,1,0,1,0,0,0,1,0,0,1,0,0,1,1,0,0,1,1,1,0,0,1,0,1,1,0,1,1,1,1,1,0,0,1,1,0,0,0,1,1,1,0,1,0,1,0,0,0,1,1,1,1,0,0,1,0,0,0,1,1,0,1,0,0,1,0,0,0,0,1,0,0,1,0
0,1,0,1,0,1,0,0,0,0,1,0,1,1,0,1,1,1,1,0,0,1,0,0,0,1,1,0,1,0,1,0,0,0,0,0,1,0,1,1,0,1,0,1,1,1,0,1,0,0,0,0,0,1,0,0,0,1,1,1,0,1,1,0,0,0,0,0,0,0,1,1,1,1,0,1,0,0,0,1,1,0,0,1,0,0,0,0,1,0,0,0,0,0,0,1,0,1,0,0,0,0,0,0,1,0,1,1,0,1,1,1,1,1,0,1,0,1,1,0,1,1,0,0,0,0,0,1,1,0,1,0,1,1,0,0,0,0,0,0,0,1,0,1,0,0,1,1,0,0,0,0,0,1,0,0,0,1,0,0,1,0,0,1,0,1,1,0,1,0,0,0,0,1,0,1,1,0,0,0,1,0,0,1,1,0,1,0,1,1,0,0,1,0,0,1,0,1,0,0,0,0,0,1,0,0,0,0,0,0,1,0,0,0,0,0,0,0,1,0,0
0,1,0,1,0,1,0,0,0,0,1,0,1,1,0,1,1,1,1,0,0,1,0,0,0,1,1,0,1,0,1,0,0,0,0,0,1,0,1,1,0,1,0,1,1,1,0,1,0,0,0,0,0,1,0,0,0,1,1,1,0,1,1,0,0,0,0,0,0,0,1,1,1,1,0,1,0,0,0,1,1,0,0,1,0,0,0,0,1,0,0,0,0,0,0,1,0,1,0,0,0,0,0,0,1,0,1,1,0,1,1,1,1,1,0,1,0,1,1,0,1,1,0,0,0,0,0,1,1,0,1,0,1,1,0,0,0,0,0,0,0,1,0,1,0,0,1,1,0,0,0,0,0,1,0,0,0,1,0,0,1,0,0,1,0,1,1,0,1,0,0,0,0,1,0,1,1,0,0,0,1,0,0,1,1,0,1,0,1,1,0,0,1,0,0,1,1,1,0,0,0,0,0,1,0,0,0,0,0,0,1,0,0,0,0,0,0,0,1,0,0
0,1,0,1,0,1,0,0,0,0,1,0,1,1,0,1,1,1,1,0,0,1,0,0,0,1,1,0,1,0,1,0,0,1,0,0,1,0,0,1,0,1,0,1,0,1,0,1,0,0,0,0,1,1,0,1,0,1,1,1,0,1,1,1,1,0,0,0,0,0,1,1,0,1,0,0,1,0,0,1,1,0,0,1,1,0,0,0,1,0,0,0,0,0,0,1,1,1,0,0,0,0,1,0,1,1,1,1,0,1,0,1,1,1,0,1,0,1,1,0,1,1,1,0,0,0,0,1,1,0,1,0,1,1,0,1,0,0,0,0,1,1,0,1,0,0,1,1,0,0,0,0,0,1,0,0,0,1,0,0,1,0,0,1,0,1,1,0,1,0,1,0,0,1,1,1,1,1,0,0,1,0,0,1,1,0,1,0,1,1,0,0,1,0,0,0,0,1,0,0,0,0,0,1,0,0,0,0,0,0,1,0,0,0,0,0,0,0,1,0,0
0,1,0,0,0,1,1,1,0,0,0,0,0,0,0,0,0,1,1,0,0,0,0,0,0,0,1,0,0,0,1,0,0,0,1,0,0,0,0,1,0,0,1,1,0,0,0,0,1,0,0,1,0,0,0,0,1,0,0,0,0,0,0,0,0,0,0,0,1,1,0,1,0,0,0,0,0,0,1,0,1,0,0,0,0,0,1,0,0,0,0,0,0,0,0,1,0,0,0,0,0,0,0,0,0,0,0,1,0,0,0,0,0,0,0,0,0,1,0,0,1,0,0,0,0,1,0,1,1,0,0,0,1,0,1,0,0,0,0,1,0,1,0,0,0,1,0,0,0,0,1,0,1,1,0,0,0,1,0,0,0,0,0,0,0,1,0,1,1,1,0,0,0,0,0,1,0,0,0,1,0,1,0,1,1,0,1,0,1,1,0,0,1,0,0,0,0,1,1,0,0,0,0,1,0,0,0,0,0,0,0,0,0,1,0,0,0,0,0,0,0
1,1,0,1,0,1,1,0,0,0,1,1,1,1,1,0,0,0,0,0,0,0,0,0,0,0,0,0,0,0,1,0,0,1,0,1,0,1,1,1,0,1,0,1,0,0,0,1,0,0,0,1,0,0,0,0,1,1,1,0,0,0,1,1,1,0,0,0,1,0,0,1,0,0,0,0,0,0,0,0,0,0,0,0,0,1,1,0,0,0,1,0,0,0,0,0,0,1,0,0,0,0,0,0,0,1,0,0,0,0,0,1,1,1,0,0,0,1,0,0,0,0,0,1,0,0,0,1,1,0,0,0,0,0,0,0,1,0,0,1,0,0,0,0,0,1,1,1,0,1,0,0,0,1,0,0,1,0,0,1,0,0,0,0,0,1,0,0,1,0,1,1,1,1,0,1,1,0,0,0,0,1,0,0,0,0,1,0,0,1,0,1,0,0,0,1,1,1,1,0,0,1,1,0,0,1,1,1,1,1,0,0,0,0,1,0,1,1,0,0,0
1,1,0,1,0,1,1,0,0,0,1,1,1,1,1,0,0,0,0,0,0,0,0,0,0,0,0,0,0,0,1,0,0,1,0,1,0,1,1,1,0,1,0,1,0,0,0,1,0,0,0,1,0,0,0,0,1,1,1,0,0,0,1,1,1,0,0,0,1,0,0,1,0,0,0,0,0,0,0,0,0,0,0,0,0,1,1,0,0,0,1,0,0,0,0,0,0,1,0,0,0,0,0,0,0,1,0,0,0,0,0,1,1,1,0,0,0,1,0,0,0,0,0,1,0,0,0,1,1,0,0,0,0,0,0,0,1,0,0,1,0,0,0,0,0,1,1,1,0,1,0,0,0,1,0,0,1,0,0,1,0,0,0,0,0,1,0,0,1,0,1,1,1,1,0,1,1,0,0,0,0,1,0,0,0,0,1,0,0,1,0,1,0,0,0,1,1,1,1,0,0,1,1,0,0,1,1,1,1,1,0,0,0,0,1,0,1,1,0,0,0
0,1,0,1,0,1,1,0,0,0,1,1,1,1,1,0,0,0,0,0,0,0,0,0,0,0,0,0,0,0,1,0,0,1,0,1,0,1,1,1,0,1,0,1,0,0,0,1,0,0,0,1,0,0,0,0,1,1,1,0,0,0,1,1,1,0,0,0,1,0,0,1,0,0,0,0,0,0,0,0,0,0,0,0,0,1,1,0,0,0,1,0,0,0,0,0,0,1,0,0,0,0,0,0,0,1,0,0,0,0,0,1,1,1,0,0,0,1,0,0,0,0,0,1,0,0,0,1,1,0,0,0,0,0,0,0,1,0,0,1,0,0,0,0,0,1,1,1,0,1,0,0,0,1,0,0,1,0,0,1,0,0,0,0,0,1,0,0,1,0,1,1,1,1,0,1,1,0,0,0,0,1,0,0,0,0,1,0,0,1,0,1,0,0,0,1,1,1,1,0,0,1,1,0,0,1,1,1,1,1,0,0,0,0,1,0,1,1,0,0,0
1,1,0,1,0,1,1,0,0,0,1,1,1,1,1,0,0,1,1,0,0,0,0,0,0,0,1,0,0,0,1,0,0,1,0,1,0,1,1,1,0,1,0,1,0,0,0,1,0,0,0,1,0,0,0,0,1,1,1,0,0,0,1,1,1,0,0,0,1,0,0,1,0,0,0,0,0,0,0,0,0,0,0,0,0,1,1,0,1,0,1,0,0,0,0,0,0,1,0,0,0,0,0,0,0,1,0,0,0,0,0,1,1,1,0,0,0,1,1,0,0,0,0,1,0,0,0,1,1,0,0,0,0,0,0,0,1,0,0,1,0,0,0,0,0,1,1,1,0,1,0,0,0,1,0,0,1,0,0,1,1,0,0,1,0,1,0,0,1,0,1,1,1,1,0,1,1,0,0,0,0,1,0,0,0,0,1,0,0,1,0,1,0,0,0,1,1,1,1,0,0,1,1,0,0,1,1,1,1,1,0,0,0,0,1,0,1,1,0,0,0
0,1,0,1,0,1,1,0,0,0,1,1,1,1,1,0,0,0,0,0,0,0,0,0,0,0,0,0,0,0,1,0,0,1,0,1,0,1,1,1,0,1,0,1,0,0,0,1,0,0,0,1,0,0,0,0,1,1,1,0,0,0,1,1,1,0,0,0,1,0,0,1,0,0,0,0,0,0,0,0,0,0,0,0,0,1,1,0,0,0,1,0,0,0,0,0,0,1,0,0,0,0,0,0,0,0,0,0,0,0,0,1,1,1,0,0,0,1,0,0,0,0,0,1,0,0,0,1,1,0,0,0,0,0,0,0,1,0,0,1,0,0,0,0,0,1,1,1,0,1,0,0,0,1,0,0,1,0,0,1,0,0,0,0,0,1,0,0,1,0,1,1,0,1,0,1,1,0,0,0,0,1,0,0,0,0,1,0,0,1,0,1,0,0,0,1,1,1,1,0,0,1,1,0,0,1,1,1,1,1,0,0,0,0,1,0,1,1,0,0,0
0,1,0,1,0,1,1,0,0,0,1,1,1,1,1,0,0,0,0,0,0,0,0,0,0,0,0,0,0,0,1,0,0,1,0,1,0,1,1,1,0,1,0,1,0,0,0,1,0,0,0,1,0,0,0,0,1,1,1,0,0,0,1,1,1,0,0,0,1,0,0,1,0,0,0,0,0,0,0,0,0,0,0,0,0,1,1,0,0,0,1,0,0,0,0,0,0,1,0,0,0,0,0,0,0,1,0,0,0,0,0,1,1,1,0,0,0,1,0,0,0,0,0,1,0,0,0,1,1,0,0,0,0,0,0,0,1,0,0,1,0,0,0,0,0,1,1,1,0,1,0,0,0,1,0,0,1,0,0,1,0,0,0,0,0,1,0,0,1,0,1,1,1,1,0,1,1,0,0,0,0,1,0,0,0,0,1,0,0,1,0,1,0,0,0,1,1,1,1,0,0,1,1,0,0,1,1,1,1,1,0,0,0,0,1,0,1,1,0,0,0
1,1,0,1,0,1,1,0,0,0,1,1,1,1,1,0,0,0,0,0,0,0,0,0,0,0,0,0,0,0,1,0,0,1,0,0,1,1,1,1,0,1,0,1,0,0,0,1,0,0,0,1,0,0,0,0,1,1,1,0,0,0,1,1,1,0,0,0,1,0,0,1,0,0,0,0,0,0,0,0,0,0,0,0,0,1,1,0,0,0,1,0,0,0,0,0,0,1,0,0,0,0,0,0,0,1,0,0,0,0,0,1,1,1,0,0,0,1,0,0,0,0,0,1,0,0,0,1,1,0,0,0,0,0,0,0,1,0,0,1,0,0,0,0,0,1,1,1,0,1,0,0,0,1,0,0,1,0,0,1,0,0,0,0,0,1,0,0,1,0,1,1,1,1,0,1,1,0,0,0,0,1,0,0,0,0,1,0,0,1,0,1,0,0,0,1,1,1,1,0,0,1,1,0,0,0,1,1,1,1,0,0,0,0,1,0,1,1,0,0,0
1,1,0,1,0,1,1,0,0,0,1,1,1,1,1,0,0,0,0,0,0,0,0,0,0,0,0,0,0,0,1,0,0,1,0,1,0,1,1,1,0,1,0,1,0,0,0,1,0,0,0,1,0,0,0,0,1,1,1,0,0,0,1,1,1,0,0,0,1,0,0,1,0,0,0,0,0,0,0,0,0,0,0,0,0,1,1,0,0,0,1,0,0,0,0,0,0,1,0,0,0,0,0,0,0,1,0,0,0,0,0,1,1,1,0,0,0,1,0,0,0,0,0,1,0,0,0,1,1,0,0,0,0,0,0,0,1,0,0,1,0,0,0,0,0,1,1,1,0,1,0,0,0,1,0,0,1,0,0,1,0,0,0,0,0,1,0,0,1,0,1,1,1,1,0,1,1,0,0,0,0,1,0,0,0,0,1,0,0,1,0,1,0,0,0,1,1,1,1,0,0,1,1,0,0,1,1,1,1,1,0,0,0,0,1,0,1,1,0,0,0
0,1,0,1,0,1,1,0,0,0,1,1,1,1,1,0,0,1,1,0,0,0,0,0,0,0,1,0,0,0,1,0,0,1,0,1,0,1,1,1,0,1,0,1,0,0,0,1,0,0,0,1,0,0,0,0,1,1,1,0,0,0,1,1,1,0,0,0,1,0,0,1,0,0,0,0,0,0,0,0,0,0,0,0,0,1,1,0,1,0,1,0,0,0,0,0,0,1,0,0,0,0,0,0,0,1,0,0,0,0,0,1,1,1,0,0,0,1,1,0,0,0,0,1,0,0,0,1,1,0,0,0,0,0,0,0,1,0,0,1,0,0,0,0,0,1,1,1,0,1,0,0,0,1,0,0,1,0,0,1,1,0,0,1,0,1,0,0,1,0,1,1,1,1,0,1,1,0,0,0,0,1,0,0,0,0,1,0,0,1,0,1,0,0,0,1,1,1,1,0,0,1,1,0,0,1,1,1,1,1,0,0,0,0,1,0,1,1,0,0,0
0,0,0,1,0,1,1,0,0,0,1,1,1,1,1,0,0,0,0,0,0,0,0,0,0,0,0,0,0,0,1,0,0,1,0,0,1,1,1,1,0,1,0,1,0,0,0,1,0,0,0,1,0,0,0,0,1,1,1,0,0,0,1,1,1,0,0,0,1,0,0,1,0,0,0,0,0,0,0,0,0,0,0,0,0,1,1,0,0,0,1,0,0,0,0,0,0,1,0,0,0,0,0,0,0,1,0,0,0,0,0,1,1,1,0,0,0,1,0,0,0,0,0,1,0,0,0,1,1,0,0,0,0,0,0,0,1,0,0,1,0,0,0,0,0,1,1,1,0,1,0,0,0,1,0,0,1,0,0,1,0,0,0,0,0,1,0,0,1,0,0,0,1,1,0,1,1,0,0,0,0,1,0,0,0,0,1,0,0,1,0,1,0,0,0,1,1,1,1,0,0,1,1,0,0,0,1,1,1,1,0,0,0,0,1,0,1,1,0,0,0
1,1,0,1,0,1,1,0,0,0,1,1,1,1,1,0,0,0,0,0,0,0,0,0,0,0,0,0,0,0,1,0,0,1,0,0,1,1,1,1,0,1,0,1,0,0,0,1,0,0,0,1,0,0,0,0,1,1,1,0,0,0,1,1,1,0,0,0,1,0,0,1,0,0,0,0,0,0,0,0,0,0,0,0,0,1,1,0,0,0,1,0,0,0,0,0,0,1,0,0,0,0,0,0,0,1,0,0,0,0,0,1,1,1,0,0,0,1,0,0,0,0,0,1,0,0,0,1,1,0,0,0,0,0,0,0,1,0,0,1,0,0,0,0,0,1,1,1,0,1,0,0,0,1,0,0,1,0,0,1,0,0,0,0,0,1,0,0,1,0,1,1,1,1,0,1,1,0,0,0,0,1,0,0,0,0,1,0,0,1,0,1,0,0,0,1,1,1,1,0,0,1,1,0,0,0,1,1,1,1,0,0,0,0,1,0,1,1,0,0,0
0,1,0,1,0,1,1,0,0,0,1,1,1,1,1,0,0,1,1,0,0,0,0,0,0,0,1,0,0,0,1,0,0,1,0,1,0,1,1,1,0,1,0,1,0,0,0,1,0,0,0,1,0,0,0,0,1,1,1,0,0,0,1,1,1,0,0,0,1,0,0,1,0,0,0,0,0,0,0,0,0,0,0,0,0,1,1,0,1,0,1,0,0,0,0,0,0,1,0,0,0,0,0,0,0,1,0,0,0,0,0,1,1,1,0,0,0,1,1,0,0,0,0,1,0,0,0,1,1,0,0,0,0,0,0,0,1,0,0,1,0,0,0,0,0,1,1,1,0,1,0,0,0,1,0,0,1,0,0,1,1,0,0,1,0,1,0,0,1,0,0,1,1,1,0,1,1,0,0,0,0,1,0,0,0,0,1,0,0,1,0,1,0,0,0,1,1,1,1,0,0,1,1,0,0,1,1,1,1,1,0,0,0,0,1,0,1,1,0,0,0
0,1,0,1,0,1,1,0,0,0,1,1,1,1,1,0,0,0,0,0,0,0,0,0,0,0,0,0,0,0,1,0,0,1,0,0,1,1,1,1,0,1,0,1,0,0,0,1,0,0,0,1,0,0,0,0,1,1,1,0,0,0,1,1,1,0,0,0,1,0,0,1,0,0,0,0,0,0,0,0,0,0,0,0,0,1,1,0,0,0,1,0,0,0,0,0,0,1,0,0,0,0,0,0,0,1,0,0,0,0,0,1,1,1,0,0,0,1,0,0,0,0,0,1,0,0,0,1,1,0,0,0,0,0,0,0,1,0,0,1,0,0,0,0,0,1,1,1,0,1,0,0,0,1,0,0,1,0,0,1,0,0,0,0,0,1,0,0,1,0,1,1,1,1,0,1,1,0,0,0,0,1,0,0,0,0,1,0,0,1,0,1,0,0,0,1,1,1,1,0,0,1,1,0,0,0,1,1,1,1,0,0,0,0,1,0,1,1,0,0,0
0,1,0,1,0,1,1,0,0,0,0,0,0,0,0,1,1,1,0,0,0,0,0,0,0,0,0,0,0,0,1,0,0,1,0,0,1,1,1,1,0,1,0,1,0,0,0,1,0,0,0,1,0,0,0,0,1,1,1,0,0,0,1,1,1,0,0,0,1,0,0,1,0,0,0,0,0,0,0,0,0,0,0,0,0,1,1,0,0,0,1,0,0,0,0,0,0,1,0,0,0,0,0,0,0,1,0,0,0,0,0,1,1,1,0,0,0,1,0,0,0,0,0,1,0,0,0,1,1,0,0,0,0,0,0,0,1,0,0,1,0,0,0,0,0,1,1,1,0,1,0,0,0,1,0,0,1,0,0,1,0,0,0,0,0,1,0,0,1,0,1,1,1,1,0,1,1,0,0,0,0,1,0,0,0,0,1,0,0,1,0,1,0,0,0,1,1,1,1,0,0,1,0,0,0,0,1,0,1,0,0,0,0,0,0,0,1,0,0,0,0
1,1,0,1,0,1,1,0,0,0,1,1,1,1,1,0,0,0,0,0,0,0,0,0,0,0,0,0,0,0,1,0,0,1,0,0,1,1,1,1,0,1,0,1,0,0,0,1,0,0,0,1,0,0,0,0,1,1,1,0,0,0,1,1,1,0,0,0,1,0,0,1,0,0,0,0,0,0,0,0,0,0,0,0,0,1,1,0,0,0,1,0,0,0,0,0,0,1,0,0,0,0,0,0,0,1,0,0,0,0,0,1,1,1,0,0,0,1,0,0,0,0,0,1,0,0,0,1,1,0,0,0,0,0,0,0,1,0,0,1,0,0,0,0,0,1,1,1,0,1,0,0,0,1,0,0,1,0,0,1,0,0,0,0,0,1,0,0,1,0,1,1,1,1,0,1,1,0,0,0,0,1,0,0,0,0,1,0,0,1,0,1,0,0,0,1,1,1,1,0,0,1,1,0,0,0,1,1,1,1,0,0,0,0,1,0,1,1,0,0,0
0,1,0,1,0,1,1,0,0,0,1,1,1,1,1,0,0,0,0,0,0,0,0,0,0,0,0,0,0,0,1,0,0,1,0,1,0,1,1,1,0,1,0,1,0,0,0,1,0,0,0,1,0,0,0,0,1,1,1,0,0,0,1,1,1,0,0,0,1,0,0,1,0,0,0,0,0,0,0,0,0,0,0,0,0,1,1,0,0,0,1,0,0,0,0,0,0,1,0,0,0,0,0,0,0,1,0,0,0,0,0,1,1,1,0,0,0,1,0,0,0,0,0,1,0,0,0,1,1,0,0,0,0,0,0,0,1,0,0,1,0,0,0,0,0,1,1,1,0,1,0,0,0,1,0,0,1,0,0,1,0,0,0,0,0,1,0,0,1,0,1,1,1,1,0,1,1,0,0,0,0,1,0,0,0,0,1,0,0,1,0,1,0,0,0,1,1,1,1,0,0,1,1,0,0,1,1,1,1,1,0,0,0,0,1,0,1,1,0,0,0
0,1,0,1,0,1,1,0,0,0,1,1,1,1,1,0,0,1,1,0,0,0,0,0,0,0,1,0,0,0,1,0,0,1,0,1,0,1,1,1,0,1,0,1,0,0,0,1,0,0,0,1,0,1,1,0,1,1,1,0,0,0,1,1,1,0,0,0,1,0,0,1,0,0,0,1,0,0,0,0,0,0,0,1,0,1,1,0,1,0,1,0,0,0,0,0,1,1,0,1,0,0,0,0,0,0,0,0,0,0,0,1,1,1,0,1,1,1,1,0,0,0,0,1,0,0,0,1,1,0,0,0,0,0,0,1,1,0,0,1,0,0,0,1,0,1,1,1,0,1,0,0,0,1,0,0,1,0,0,1,1,0,0,1,0,1,0,0,1,0,1,1,0,1,0,1,1,1,0,0,1,1,0,0,0,0,1,0,0,1,0,1,0,0,0,1,1,1,1,0,0,1,1,0,0,1,1,1,1,1,0,0,0,0,1,0,1,1,0,0,0
1,1,0,1,0,1,1,0,0,0,1,1,1,1,1,0,0,0,0,0,0,0,0,0,0,0,0,0,0,0,1,0,0,1,0,1,0,1,1,1,0,1,0,1,0,0,0,1,0,0,0,1,0,0,0,0,1,1,1,0,0,0,1,1,1,0,0,0,1,0,0,1,0,0,0,0,0,0,0,0,0,0,0,0,0,1,1,0,0,0,1,0,0,0,0,0,0,1,0,0,0,0,0,0,0,1,0,0,0,0,0,1,1,1,0,0,0,1,0,0,0,0,0,1,0,0,0,1,1,0,0,0,0,0,0,0,1,0,0,1,0,0,0,0,0,1,1,1,0,1,0,0,0,1,0,0,1,0,0,1,0,0,0,0,0,1,0,0,1,0,1,1,1,1,0,1,1,0,0,0,0,1,0,0,0,0,1,0,0,1,0,1,0,0,0,1,1,1,1,0,0,1,1,0,0,1,1,1,1,1,0,0,0,0,1,0,1,1,0,0,0
0,1,0,1,0,1,1,0,0,0,1,1,1,1,1,0,0,0,0,0,0,0,0,0,0,0,0,0,0,0,1,0,0,1,0,0,1,1,1,1,0,1,0,1,0,0,0,1,0,0,0,1,0,0,0,0,1,1,1,0,0,0,1,1,1,0,0,0,1,0,0,1,0,0,0,0,0,0,0,0,0,0,0,0,0,1,1,0,0,0,1,0,0,0,0,0,0,1,0,0,0,0,0,0,0,1,0,0,0,0,0,1,1,1,0,0,0,1,0,0,0,0,0,1,0,0,0,1,1,0,0,0,0,0,0,0,1,0,0,1,0,0,0,0,0,1,1,1,0,1,0,0,0,1,0,0,1,0,0,1,0,0,0,0,0,1,0,0,1,0,1,1,1,1,0,1,1,0,0,0,0,1,0,0,0,0,1,0,0,1,0,1,0,0,0,1,1,1,1,0,0,1,1,0,0,0,1,1,1,1,0,0,0,0,1,0,1,1,0,0,0
0,1,0,1,0,1,1,0,0,0,1,1,1,1,1,0,0,0,0,0,0,0,0,0,0,0,0,0,0,0,1,0,0,1,0,1,0,1,1,1,0,1,0,1,0,0,0,1,0,0,0,1,0,0,0,0,1,1,1,0,0,0,1,1,1,0,0,0,1,0,0,1,0,0,0,0,0,0,0,0,0,0,0,0,0,1,1,0,0,0,1,0,0,0,0,0,0,1,0,0,0,0,0,0,0,1,0,0,0,0,0,1,1,1,0,0,0,1,0,0,0,0,0,1,0,0,0,1,1,0,0,0,0,0,0,0,1,0,0,1,0,0,0,0,0,1,1,1,0,1,0,0,0,1,0,0,1,0,0,1,0,0,0,0,0,1,0,0,1,0,0,0,1,1,0,1,1,0,0,0,0,1,0,0,0,0,1,0,0,1,0,1,0,0,0,1,1,1,1,0,0,1,1,0,0,1,1,1,1,1,0,0,0,0,1,0,1,1,0,0,0
0,1,0,1,0,1,1,0,0,0,1,1,1,1,1,0,0,0,0,0,0,0,0,0,0,0,0,0,0,0,1,0,0,1,0,0,1,1,1,1,0,1,0,1,0,0,0,1,0,0,0,1,0,0,0,0,1,1,1,0,0,0,1,1,1,0,0,0,1,0,0,1,0,0,0,0,0,0,0,0,0,0,0,0,0,1,1,0,0,0,1,0,0,0,0,0,0,1,0,0,0,0,0,0,0,1,0,0,0,0,0,1,1,1,0,0,0,1,0,0,0,0,0,1,0,0,0,1,1,0,0,0,0,0,0,0,1,0,0,1,0,0,0,0,0,1,1,1,0,1,0,0,0,1,0,0,1,0,0,1,0,0,0,0,0,1,0,0,1,0,1,1,1,1,0,1,1,0,0,0,0,1,0,0,0,0,1,0,0,1,0,1,0,0,0,1,1,1,1,0,0,1,1,0,0,0,1,1,1,1,0,0,0,0,1,0,1,1,0,0,0
0,0,0,1,0,1,0,0,0,0,0,0,0,0,0,1,1,1,1,0,0,1,0,0,0,1,1,0,0,0,1,0,0,1,1,0,0,0,1,1,0,0,1,1,1,1,0,0,1,0,0,0,0,1,1,0,0,0,0,1,1,1,0,0,1,1,0,1,0,1,1,0,1,0,0,1,0,0,0,1,0,0,0,1,0,0,0,1,1,1,0,1,0,0,0,0,1,0,0,1,0,1,0,0,1,0,1,0,0,1,1,0,0,0,0,1,1,0,1,0,0,1,0,0,0,0,0,0,0,0,1,1,0,0,0,1,0,0,1,0,0,0,0,1,1,0,0,1,0,0,0,0,1,0,0,1,0,0,0,0,1,0,0,1,0,1,1,0,1,0,0,0,0,0,0,1,1,1,0,0,1,0,0,0,0,0,1,0,0,1,0,1,0,0,0,1,1,1,0,0,0,1,1,0,0,0,0,0,0,0,0,1,0,0,1,0,0,0,0,1,0
0,0,0,1,0,1,0,0,0,0,0,0,0,0,0,1,1,1,1,0,0,1,0,0,0,1,1,0,0,0,1,0,0,1,1,0,0,0,1,1,0,0,1,1,1,1,0,0,1,0,0,0,0,1,1,0,0,0,0,1,1,1,0,0,1,1,0,1,0,1,1,0,1,0,0,1,0,0,0,1,0,0,0,1,0,0,0,1,1,1,0,1,0,0,0,0,1,0,0,1,0,1,0,0,1,0,1,0,0,1,1,0,0,0,0,1,1,0,1,0,0,1,0,0,0,0,0,0,0,0,1,1,0,0,0,1,0,0,1,0,0,0,0,1,1,0,0,1,0,0,0,0,1,0,0,1,0,0,0,0,1,0,0,1,0,1,0,0,1,0,0,0,0,0,0,1,1,1,0,0,1,0,0,0,0,0,1,1,0,1,0,0,0,0,0,1,1,1,1,0,0,0,0,0,0,0,0,0,0,0,0,1,0,0,0,0,1,0,0,1,0
0,0,0,1,0,1,0,0,0,0,0,0,0,0,0,1,1,1,1,0,0,1,0,0,0,1,1,0,0,0,1,0,0,1,1,0,0,0,1,1,0,0,1,1,1,1,0,0,1,0,0,0,0,1,1,0,0,0,0,1,1,1,0,0,1,1,0,1,0,1,1,0,1,0,0,1,0,0,0,1,0,0,0,1,0,0,0,1,1,1,0,1,0,0,0,0,1,0,0,1,0,1,0,0,1,0,1,0,0,1,1,0,0,0,0,1,1,1,1,0,0,1,0,0,1,0,0,1,1,0,1,1,0,0,0,1,0,0,1,0,0,0,0,1,1,0,0,1,0,0,0,0,1,1,0,1,0,0,0,0,1,0,0,1,0,1,0,0,1,0,0,0,0,0,0,1,1,1,1,0,1,0,1,0,0,0,1,1,0,1,0,0,0,0,0,1,1,1,1,0,0,0,0,0,0,0,0,0,0,0,0,1,0,0,0,0,1,0,0,1,0
1,1,1,1,1,1,1,1,0,0,0,0,0,0,0,0,0,1,1,0,0,1,1,0,0,0,1,0,1,0,1,0,0,1,0,0,0,0,0,1,0,1,0,1,0,0,0,1,1,0,0,1,0,0,0,0,0,1,1,0,0,0,1,1,1,0,0,0,1,0,0,1,0,0,0,0,0,1,0,0,1,0,0,0,0,1,0,0,1,0,1,0,0,0,0,0,0,1,0,0,0,0,0,0,0,1,0,1,0,0,0,1,1,1,0,0,0,1,1,0,0,0,0,1,0,0,0,1,1,0,0,0,1,0,0,0,1,0,0,1,0,0,0,0,0,1,1,1,0,0,0,0,0,1,0,0,0,0,0,1,1,0,0,1,0,1,1,0,1,0,1,1,1,1,0,1,1,0,0,0,0,1,0,0,0,0,1,0,1,1,0,0,1,0,0,1,0,1,0,0,0,0,0,0,0,0,0,0,0,0,1,0,0,1,0,0,0,0,1,0,0
1,1,1,1,1,1,1,1,0,0,0,0,0,0,0,0,0,1,1,0,0,1,1,1,0,0,1,0,1,1,1,0,0,1,0,0,0,0,0,1,0,1,0,1,0,0,0,1,1,0,0,1,0,0,0,0,0,1,1,1,0,0,1,1,1,0,0,0,1,0,0,1,0,0,0,0,0,1,0,0,1,0,0,0,0,1,0,0,1,0,1,0,0,0,0,0,0,1,0,0,0,0,0,0,0,1,0,1,0,0,0,1,1,1,0,0,0,1,1,0,0,0,0,1,0,0,0,1,1,0,0,0,1,0,0,0,1,0,0,1,0,0,0,0,0,1,1,1,0,0,0,0,0,1,0,0,0,0,0,1,1,0,0,1,0,1,1,0,1,0,1,1,1,1,0,1,1,0,0,0,0,1,0,0,0,0,1,0,1,1,0,0,1,0,0,1,1,1,0,0,0,0,0,0,0,0,1,0,0,0,1,0,0,1,0,0,0,0,1,0,0
1,1,1,1,1,1,1,1,0,0,0,0,0,0,0,0,0,1,1,0,0,1,1,1,1,0,1,0,1,1,1,0,0,1,0,0,0,0,0,1,0,1,0,1,0,0,0,1,1,0,0,1,0,0,0,0,0,1,1,1,0,0,1,1,1,0,0,0,1,0,0,1,0,0,0,0,0,1,0,0,1,0,0,0,0,1,0,0,1,0,1,0,0,0,0,0,0,1,0,0,0,0,0,0,0,1,0,1,0,0,0,1,1,1,0,0,0,1,1,0,0,0,0,1,0,0,0,1,1,0,0,0,1,0,0,0,1,0,0,1,0,0,0,0,0,1,1,1,0,0,0,0,0,1,0,0,0,0,0,1,1,0,0,1,0,1,1,0,1,0,1,1,1,1,0,1,1,0,0,0,0,1,0,0,0,0,1,0,1,1,0,0,1,0,0,1,1,1,0,0,0,0,0,0,0,0,1,0,0,0,1,0,0,1,0,0,0,0,1,0,0
1,1,1,1,1,1,1,1,0,0,0,0,0,0,0,0,0,1,1,0,0,1,1,1,0,0,1,0,1,1,1,0,0,1,0,0,0,0,0,1,0,1,0,1,0,0,0,1,1,0,0,1,0,0,0,0,0,1,1,1,0,0,1,1,1,0,0,0,1,0,0,1,0,0,0,0,0,1,0,0,1,0,0,0,0,1,0,0,1,0,1,0,0,0,0,0,0,1,0,0,0,0,0,0,0,1,0,1,0,0,0,1,1,1,0,0,0,1,1,0,0,0,0,1,0,0,0,1,1,0,0,0,1,0,0,0,1,0,0,1,0,0,0,0,0,1,1,1,0,0,0,0,0,1,0,0,0,0,0,1,1,0,0,1,0,1,1,0,1,0,1,1,1,1,0,1,1,0,0,0,0,1,0,0,0,0,1,0,1,1,0,0,1,0,0,1,1,1,0,0,0,0,0,0,0,0,1,0,0,0,1,0,0,1,0,0,0,0,1,0,0
1,1,1,1,1,1,1,1,0,0,0,0,0,0,0,0,0,1,1,0,0,0,0,0,0,0,1,0,0,0,1,0,0,1,0,0,0,0,0,1,0,1,0,1,0,0,0,1,1,0,0,1,0,0,0,0,0,1,1,0,0,0,1,0,1,0,0,0,1,0,0,1,0,0,0,0,0,1,0,0,1,0,0,0,0,1,0,0,1,0,1,0,0,0,0,0,0,1,0,0,0,0,0,0,0,1,0,1,0,0,0,1,1,1,0,0,0,1,1,0,0,0,0,1,0,0,0,1,1,0,0,0,1,0,0,0,1,0,0,1,0,0,0,0,0,1,1,1,0,0,0,0,0,1,0,0,0,0,0,1,1,0,0,1,0,1,1,0,1,0,1,1,1,1,0,1,1,0,0,0,0,1,0,0,0,0,1,0,1,1,0,0,1,0,0,1,0,1,0,0,0,0,0,0,0,0,0,0,0,0,1,0,0,0,0,0,0,0,1,0,0
1,1,1,1,1,1,1,1,0,0,0,0,0,0,0,0,0,1,1,0,0,1,1,1,0,0,1,0,1,1,1,0,0,0,0,0,0,0,0,1,0,1,0,1,0,0,0,1,1,0,0,1,0,0,0,0,0,1,1,1,0,0,1,0,0,0,0,0,1,0,0,1,0,0,0,0,0,1,0,0,1,0,0,0,0,1,0,0,1,0,1,0,0,0,0,0,0,1,0,0,0,0,0,0,0,0,0,1,0,0,0,1,1,1,0,0,0,1,1,0,0,0,0,1,0,0,0,1,1,0,0,0,1,0,0,0,1,0,0,1,0,0,0,0,0,1,1,1,0,0,0,0,0,1,0,0,0,0,0,1,1,0,0,1,0,1,1,0,1,0,0,1,1,1,0,1,1,0,0,0,0,1,0,0,0,0,1,0,1,1,0,0,1,0,0,1,1,1,0,0,0,0,0,0,0,0,1,0,0,0,1,0,0,1,0,0,0,0,1,0,0
0,0,0,1,0,1,1,0,0,0,1,0,1,1,0,0,0,0,0,0,0,0,0,0,0,1,0,0,0,0,1,0,0,0,1,0,1,0,0,1,0,1,1,1,0,1,0,1,1,1,1,1,1,1,0,1,0,0,0,0,0,1,1,0,0,1,1,1,1,0,1,0,0,0,1,0,1,0,0,1,0,1,1,1,1,0,0,1,0,1,0,1,1,1,1,0,1,0,0,1,0,1,1,1,0,0,0,0,0,0,1,1,0,0,0,0,1,0,0,0,0,0,1,0,0,0,1,0,0,0,0,0,0,0,0,0,0,0,0,0,1,0,0,0,0,0,0,0,1,1,0,0,0,0,0,0,0,0,0,0,0,0,0,0,1,1,0,0,0,0,0,0,0,0,1,0,1,0,0,0,0,0,0,0,0,1,1,0,0,1,0,0,0,0,0,1,0,1,0,0,0,0,0,0,0,0,0,0,0,0,0,0,0,0,0,0,0,0,0,0,0
0,0,0,0,0,0,0,0,0,0,0,0,0,0,0,0,0,0,0,0,0,0,0,0,0,0,0,0,0,0,0,0,0,0,0,0,0,0,0,0,0,0,0,0,0,0,0,0,0,0,0,1,0,0,0,0,0,0,0,0,0,0,0,0,0,0,0,0,0,0,0,0,0,0,0,0,0,0,0,0,0,0,0,0,0,0,0,0,0,0,0,0,0,0,0,0,0,0,0,0,0,0,0,0,0,0,0,0,0,0,0,0,0,0,0,0,0,0,0,0,0,0,0,0,0,0,0,0,0,0,0,0,0,0,0,0,0,0,0,0,0,0,0,0,0,0,0,0,0,0,0,0,0,0,0,0,0,0,0,0,0,0,0,0,0,0,0,0,0,0,0,0,0,0,0,0,0,0,0,0,0,0,0,0,0,0,0,0,0,0,0,0,0,0,0,0,0,0,0,0,0,0,0,0,0,0,0,0,0,0,0,0,0,0,0,0,0,0,0,0,0
0,0,0,0,0,1,1,0,0,0,0,0,0,0,0,0,0,0,0,0,0,0,0,0,0,0,0,0,0,0,1,0,0,0,0,0,0,0,1,1,0,0,0,1,0,0,0,1,0,0,0,1,0,1,1,0,1,1,1,0,0,0,1,0,0,0,0,0,1,0,0,1,0,0,0,1,0,0,1,0,1,0,0,1,0,0,1,0,1,0,1,0,0,0,0,0,1,1,0,1,0,0,0,0,0,0,0,0,0,0,0,1,1,1,0,1,1,1,1,0,0,0,0,1,0,0,0,1,1,0,0,0,0,0,0,1,1,0,0,1,0,0,0,1,0,1,1,1,0,0,1,0,0,1,1,0,1,0,0,1,1,0,1,1,0,1,1,0,1,0,0,0,0,1,0,1,0,1,0,0,1,1,0,0,0,0,1,0,0,1,0,1,0,0,0,0,0,0,0,0,0,1,1,0,0,0,0,1,0,0,0,1,0,0,1,0,0,0,0,1,0
0,0,0,1,0,1,1,0,0,0,1,0,1,1,0,0,0,0,0,0,0,0,0,0,0,1,0,0,0,0,1,0,0,0,1,0,0,0,0,1,0,1,1,1,0,1,0,1,1,1,1,1,1,1,0,1,0,0,0,0,0,1,1,0,0,1,1,1,1,0,1,0,0,0,1,0,1,0,0,1,0,1,1,1,1,0,0,1,0,1,0,1,1,1,1,0,1,0,0,1,0,1,1,1,0,0,0,0,0,0,1,1,0,0,0,0,1,0,0,0,0,0,1,0,0,0,1,0,0,0,0,0,0,0,0,0,0,0,0,0,1,0,0,0,0,0,0,0,1,1,0,0,0,0,0,0,0,0,0,0,0,0,0,0,1,0,0,0,0,0,0,0,0,0,1,0,1,0,0,0,0,0,0,0,0,1,0,0,0,0,0,0,0,0,0,0,0,0,0,0,0,0,0,0,0,0,0,0,0,0,0,0,0,0,0,0,0,0,0,0,0
1,1,1,1,1,1,1,1,0,0,0,0,0,0,0,0,0,1,1,0,0,1,1,1,0,0,1,0,1,1,1,0,0,1,0,0,0,0,0,1,0,1,0,1,0,0,0,1,1,0,0,1,0,0,0,0,0,1,1,0,0,0,1,1,1,0,0,0,1,0,0,1,0,0,0,0,0,1,0,0,1,0,0,0,0,1,0,0,1,0,1,0,0,0,0,0,0,1,0,0,0,0,0,0,0,1,0,1,0,0,0,1,1,1,0,0,0,1,1,0,0,0,0,1,0,0,0,1,1,0,0,0,1,0,0,0,1,0,0,1,0,0,0,0,0,1,1,1,0,0,0,0,0,1,0,0,0,0,0,1,1,0,0,1,0,1,1,0,1,0,1,1,1,1,0,1,1,0,0,0,0,1,0,0,0,0,1,0,1,1,0,0,1,0,0,1,1,1,0,0,0,0,0,0,0,0,0,0,0,0,1,0,0,0,0,1,0,0,1,0,0
0,0,0,0,0,0,0,0,0,0,0,0,0,0,0,0,0,0,0,0,0,0,0,0,0,0,0,0,0,0,0,0,0,0,0,0,0,0,0,0,0,0,0,0,0,0,0,0,0,0,0,1,0,0,0,0,0,0,0,0,0,0,0,0,0,0,0,0,0,0,0,0,0,0,0,0,0,0,0,0,0,0,0,0,0,0,0,0,0,0,0,0,0,0,0,0,0,0,0,0,0,0,0,0,0,0,0,0,0,0,0,0,0,0,0,0,0,0,0,0,0,0,0,0,0,0,0,0,0,0,0,0,0,0,0,0,0,0,0,0,0,0,0,0,0,0,0,0,0,0,0,0,0,0,0,0,0,0,0,0,0,0,0,0,0,0,0,0,0,0,0,0,0,0,0,0,0,0,0,0,0,0,0,0,0,0,0,0,0,0,0,0,0,0,0,1,0,0,0,0,0,0,0,0,0,0,1,0,0,1,0,0,0,0,0,0,0,1,0,0,0
0,0,0,0,0,0,0,0,0,0,0,0,0,0,0,0,0,0,0,0,0,0,0,0,0,0,0,0,0,0,0,0,0,0,0,0,0,0,0,0,0,0,0,0,0,0,0,0,0,0,0,1,0,0,0,0,0,0,0,0,0,0,0,0,0,0,0,0,0,0,0,0,0,0,0,0,0,0,0,0,0,0,0,0,0,0,0,0,0,0,0,0,0,0,0,0,0,0,0,0,0,0,0,0,0,0,0,0,0,0,0,0,0,0,0,0,0,0,0,0,0,0,0,0,0,0,0,0,0,0,0,0,0,0,0,0,0,0,0,0,0,0,0,0,0,0,0,0,0,0,0,0,0,0,0,0,0,0,0,0,0,0,0,0,0,0,0,0,0,0,0,0,0,0,0,0,0,0,0,0,0,0,0,0,0,0,0,0,0,0,0,0,0,0,0,0,0,0,0,0,0,0,0,0,0,0,0,0,0,0,0,0,0,1,0,0,0,0,0,0,0
0,0,0,0,0,1,0,0,0,0,0,0,0,0,0,0,0,0,0,0,0,0,0,0,0,0,0,0,0,0,1,0,0,0,0,0,0,0,1,1,0,0,0,1,0,0,0,1,1,0,0,1,0,1,1,0,0,1,1,0,0,0,1,0,0,0,0,0,1,0,0,0,0,0,0,1,0,0,0,0,0,0,0,1,0,0,0,0,1,0,1,0,0,0,0,0,1,1,0,1,0,0,0,0,0,0,0,0,0,0,0,1,1,1,0,1,1,1,1,0,0,0,0,1,0,0,0,1,1,0,0,0,0,0,0,1,1,0,0,1,0,0,0,1,0,1,1,1,0,0,0,0,0,1,0,0,0,0,0,1,1,0,0,1,0,1,1,0,1,0,0,0,0,1,0,1,0,1,0,0,1,1,0,0,0,0,1,0,0,1,0,1,0,0,0,0,0,0,0,0,0,1,1,0,0,0,0,1,0,0,0,1,0,0,1,0,0,0,0,1,0
0,0,0,0,0,1,1,0,0,0,0,0,0,0,0,0,0,0,0,0,0,0,0,0,0,0,0,0,0,0,1,0,0,0,0,0,0,0,1,1,0,0,0,1,0,0,0,1,0,0,0,1,0,1,1,0,1,1,1,0,0,0,1,0,0,0,0,0,1,0,0,1,0,0,0,1,0,0,1,0,1,0,0,1,0,0,1,0,1,0,1,0,0,0,0,0,1,1,0,1,0,0,0,0,0,0,0,1,0,0,0,1,1,1,0,1,1,1,1,0,0,0,0,1,0,0,0,1,1,0,0,0,0,0,0,1,1,0,0,1,0,0,0,1,0,1,1,1,0,0,1,0,0,1,1,0,1,0,0,1,1,0,1,1,0,1,1,0,1,0,0,0,0,1,0,1,0,1,0,0,1,1,0,0,0,0,1,0,0,1,0,1,0,0,0,0,0,1,0,0,0,1,1,0,0,0,0,0,0,0,1,0,0,0,0,0,0,0,1,0,0
0,0,0,1,0,1,1,0,0,0,1,0,1,1,0,0,0,0,0,0,0,0,0,0,0,1,0,0,0,0,1,0,0,0,1,0,0,0,0,0,0,1,0,0,0,1,0,1,1,1,1,1,1,1,0,1,0,0,0,0,0,1,1,0,0,1,1,1,1,0,1,0,0,0,1,0,1,0,0,1,0,1,1,1,1,0,0,1,0,1,0,1,1,1,1,0,1,0,0,1,0,1,1,1,0,0,0,0,0,0,1,1,0,0,0,0,1,0,0,0,0,0,1,0,0,0,1,0,0,0,0,0,0,0,0,0,0,0,0,0,1,0,0,0,0,0,0,0,1,0,0,0,0,0,0,0,0,0,0,0,0,0,0,0,1,0,0,0,0,0,0,0,0,0,1,0,1,0,0,0,0,0,0,0,0,1,0,0,0,0,0,0,0,0,0,0,0,0,0,0,0,0,0,0,0,0,0,0,0,0,0,0,0,0,0,0,0,0,0,0,0
0,0,0,0,0,1,1,0,0,0,0,0,0,0,0,0,0,0,0,0,0,0,0,0,0,0,0,0,0,0,1,0,0,0,0,0,0,0,1,1,0,0,0,1,0,0,0,1,0,0,0,1,0,1,1,0,1,1,1,0,0,0,1,0,0,0,0,0,1,0,0,1,0,0,0,1,0,0,1,0,1,0,0,1,0,0,1,0,1,0,1,0,0,0,0,0,1,1,0,1,0,0,0,0,0,0,0,0,0,0,0,1,1,1,0,1,1,1,1,0,0,0,0,1,0,0,0,1,1,0,0,0,0,0,0,1,1,0,0,1,0,0,0,1,0,1,1,1,0,0,1,0,0,1,1,0,1,0,0,1,1,0,1,1,0,1,1,0,1,0,0,0,0,1,0,1,0,1,0,0,1,1,0,0,0,0,1,0,0,1,0,1,0,0,0,0,0,1,0,0,0,1,1,0,0,0,0,0,0,0,1,0,0,0,0,0,0,0,1,0,0
0,0,0,1,1,1,1,0,0,0,1,0,1,1,0,1,1,0,0,0,0,0,0,0,0,1,1,1,0,0,1,0,0,0,1,0,0,0,1,0,0,1,0,0,1,1,0,1,1,1,1,1,1,1,0,1,0,0,0,0,0,1,1,0,0,1,1,1,1,0,1,0,1,0,1,1,1,0,0,1,0,1,1,1,1,0,0,1,1,1,0,1,1,1,1,0,1,0,0,1,0,1,1,1,1,0,1,0,0,1,1,1,0,0,0,1,1,0,1,0,0,1,1,0,0,0,1,0,0,0,1,1,0,0,0,1,0,0,0,0,1,0,0,1,0,0,0,1,1,0,0,0,0,0,0,0,0,0,0,0,1,0,0,1,1,0,0,0,0,0,0,0,0,0,1,0,1,1,0,0,1,0,0,0,0,1,0,0,0,0,0,0,0,0,0,0,0,0,0,0,0,0,0,0,0,0,0,0,0,0,0,0,0,0,0,0,0,0,0,0,0
0,0,0,0,0,0,0,0,0,0,0,0,0,0,0,0,0,0,0,0,0,0,0,0,0,0,0,0,0,0,0,0,0,0,0,0,0,0,0,0,0,0,0,0,0,0,0,0,0,0,0,1,0,0,0,0,0,0,0,0,0,0,0,0,0,0,0,0,0,0,0,0,0,0,0,0,0,0,0,0,0,0,0,0,0,0,0,0,0,0,0,0,0,0,0,0,0,0,0,0,0,0,0,0,0,0,0,0,0,0,0,0,0,0,0,0,0,0,0,0,0,0,0,0,0,0,0,0,0,0,0,0,0,0,0,0,0,0,0,0,0,0,0,0,0,0,0,0,0,0,0,0,0,0,0,0,0,0,0,0,0,0,0,0,0,0,0,0,0,0,0,0,0,0,0,0,0,0,0,0,0,0,0,0,0,0,0,0,0,0,0,0,0,0,0,0,1,0,0,0,0,0,0,0,0,0,0,0,0,0,0,0,0,0,0,1,0,0,0,0,0
0,0,0,0,0,1,1,0,0,0,1,1,0,0,0,0,0,0,0,0,0,0,0,0,0,0,0,0,0,0,1,0,0,0,0,0,1,0,0,1,0,0,0,1,0,0,0,0,1,0,0,1,0,0,0,0,0,1,1,0,0,0,0,0,0,0,0,0,1,0,0,1,0,1,0,0,0,0,0,0,1,0,0,0,0,0,0,0,0,0,1,0,0,0,0,1,0,1,0,0,0,0,0,0,0,0,0,1,0,0,0,0,1,1,0,0,0,1,0,0,1,0,0,1,0,0,0,1,1,1,0,0,1,0,1,0,1,0,0,1,0,1,0,0,0,1,1,0,0,0,0,0,0,1,0,0,0,1,1,1,0,0,0,0,0,1,0,1,1,1,0,0,0,1,0,1,0,0,0,0,0,1,0,1,0,0,1,0,1,1,1,0,1,1,0,1,1,1,1,1,1,0,0,1,1,0,1,1,1,1,1,0,0,0,1,0,1,1,1,0,0
0,0,0,0,0,0,0,0,0,0,0,0,0,0,0,0,0,0,0,0,0,0,0,0,0,0,0,0,0,0,0,0,0,0,0,0,0,0,0,0,0,1,0,0,0,0,0,1,0,0,0,1,0,0,0,0,0,0,0,0,0,0,1,0,0,0,0,0,0,0,0,0,0,0,0,0,0,0,0,0,0,0,0,0,0,0,0,0,0,0,0,0,0,0,0,0,0,0,0,0,0,0,0,0,0,0,0,0,0,0,0,1,0,0,0,0,0,0,0,0,0,0,0,0,0,0,0,0,0,0,0,0,0,0,0,0,0,0,0,0,0,0,0,0,0,0,0,0,0,0,0,0,0,0,0,0,0,0,0,0,0,0,0,0,0,0,0,0,0,0,0,0,0,0,0,0,0,0,0,0,0,0,0,0,0,0,0,0,0,0,0,0,0,0,0,0,0,0,0,0,0,0,0,0,0,0,0,0,0,0,0,0,0,0,0,0,0,0,0,0,0
0,0,0,0,0,1,0,0,1,0,0,0,0,0,0,0,0,0,0,0,0,0,0,0,0,0,0,0,0,0,1,1,0,0,0,0,0,0,0,0,0,1,0,1,0,0,0,1,0,0,0,1,0,0,0,0,0,0,0,0,0,0,1,0,0,0,0,0,0,0,0,1,0,0,0,0,0,0,0,0,1,0,0,0,0,0,0,0,0,0,0,0,0,0,0,0,0,0,0,0,0,0,0,0,0,0,0,1,0,0,0,1,0,0,0,0,0,0,0,0,0,0,0,0,0,0,0,0,0,0,0,0,1,0,0,0,0,0,0,0,0,0,0,0,0,0,0,0,0,0,0,0,0,0,0,0,0,0,0,0,0,0,0,0,0,0,0,0,0,0,0,0,0,0,0,0,0,0,0,0,0,0,0,0,0,0,0,0,0,0,0,0,0,0,0,0,0,0,0,0,0,0,0,0,0,0,0,0,0,0,0,0,0,0,0,0,0,0,0,0,0
0,0,0,0,0,1,1,0,0,0,1,1,0,0,0,0,0,0,0,0,0,0,0,0,0,0,0,0,0,0,1,0,0,0,0,0,1,0,0,1,0,0,0,1,0,0,0,0,1,0,0,1,0,0,0,0,0,1,1,0,0,0,0,0,0,0,0,0,1,0,0,1,0,1,0,0,0,0,0,0,1,0,0,0,0,0,0,0,0,0,1,0,0,0,0,1,0,1,0,0,0,0,0,0,0,0,0,1,0,0,0,0,1,1,0,0,0,1,0,0,1,0,0,1,0,0,0,1,1,0,0,0,1,0,0,0,1,0,0,1,0,1,0,0,0,1,1,0,0,0,0,0,0,1,0,0,0,1,0,1,0,0,0,0,0,1,0,0,1,0,0,0,0,1,0,1,0,0,0,0,0,1,0,1,1,0,1,0,1,1,0,0,1,0,0,1,1,1,1,0,0,0,0,1,0,0,1,1,1,1,0,0,0,0,1,0,1,1,0,0,0
0,0,0,1,0,1,1,0,0,0,1,0,1,1,0,0,0,0,0,0,0,0,0,0,0,1,0,0,0,0,1,0,0,0,1,1,0,0,0,1,0,1,1,1,0,1,0,1,1,1,1,1,1,1,0,1,0,0,0,0,0,1,1,0,0,1,1,1,1,0,1,0,0,0,1,0,1,0,0,1,0,1,1,1,1,0,0,1,0,1,0,1,1,1,1,0,1,0,0,1,0,1,1,1,0,0,0,0,0,0,1,1,0,0,0,0,1,0,0,0,0,0,1,0,0,0,1,0,0,0,0,0,0,0,0,0,0,0,0,0,1,0,0,0,0,0,0,0,1,1,0,0,0,0,0,0,0,0,0,0,0,0,0,0,1,1,0,0,0,0,0,0,0,0,1,0,1,0,0,0,0,0,0,0,0,1,0,0,0,0,0,0,0,0,0,0,0,0,0,0,0,0,0,0,0,1,0,0,0,0,0,0,0,0,0,0,0,0,0,0,0
0,0,0,0,0,1,1,0,0,0,1,1,0,0,0,0,0,0,0,0,0,0,0,0,0,0,0,0,0,0,1,0,0,0,0,0,1,0,0,1,0,0,1,1,0,0,0,0,1,0,0,1,0,0,0,0,0,1,1,0,0,0,0,0,0,0,0,0,1,0,0,1,0,1,0,0,0,0,0,0,1,0,0,0,0,0,0,0,0,0,1,0,0,0,0,1,0,1,0,0,0,0,0,0,0,0,0,1,0,0,0,0,1,1,1,0,0,1,0,0,1,0,0,1,0,1,0,1,1,0,0,0,1,0,0,0,1,0,0,1,0,1,0,0,0,1,1,0,0,0,1,0,0,1,1,0,0,1,0,1,0,1,1,0,0,1,0,0,1,0,0,0,0,1,0,1,0,0,0,1,0,1,0,1,1,0,1,0,1,1,0,0,1,1,0,1,1,1,1,0,0,0,0,1,1,0,1,1,1,1,0,0,1,0,1,0,1,1,0,0,1
0,0,0,1,0,1,1,0,0,0,1,0,1,1,0,0,0,0,0,0,0,0,0,0,0,1,1,0,0,0,1,0,0,0,1,0,0,0,1,0,0,1,0,0,1,1,0,1,1,0,0,1,1,1,1,1,0,0,0,0,1,1,1,0,0,1,1,1,1,0,1,0,1,0,1,1,1,0,0,1,0,0,1,1,1,0,0,1,1,1,0,1,1,1,0,0,1,0,0,1,0,1,1,1,1,0,1,0,0,1,1,1,0,0,0,1,1,0,1,0,0,1,1,0,0,0,1,0,0,0,1,0,0,0,0,1,0,0,0,0,1,0,0,1,0,0,0,1,1,0,0,0,0,0,0,0,0,0,0,0,1,0,0,1,1,0,0,0,0,0,0,0,0,0,1,0,1,1,0,0,1,0,0,0,0,1,0,0,0,0,0,0,0,0,0,0,0,0,0,0,0,0,0,0,0,0,0,0,0,0,0,0,0,0,0,0,0,0,0,0,0
0,0,0,0,0,0,0,0,1,0,0,0,0,0,0,0,0,0,0,0,0,0,0,0,0,0,0,0,0,0,0,1,0,0,0,0,0,0,0,0,0,1,0,0,0,0,0,1,0,0,0,1,0,0,0,0,0,0,0,0,0,0,1,0,0,0,0,0,0,0,0,0,0,0,0,0,0,0,0,0,0,0,0,0,0,0,0,0,0,0,0,0,0,0,0,0,0,0,0,0,0,0,0,0,0,0,0,0,0,0,0,1,0,0,0,0,0,0,0,0,0,0,0,0,0,0,0,0,0,0,0,0,0,0,0,0,0,0,0,0,0,0,0,0,0,0,0,0,0,0,0,0,0,0,0,0,0,0,0,0,0,0,0,0,0,0,0,0,0,0,0,0,0,0,0,0,0,0,0,0,0,0,0,0,0,0,0,0,0,0,0,0,0,0,0,0,0,0,0,0,0,0,0,0,0,0,0,0,0,0,0,0,0,0,0,0,0,0,0,0,0
0,0,0,0,0,1,1,0,0,0,0,0,0,0,0,0,0,0,0,0,0,0,0,0,0,0,0,0,0,0,1,0,0,0,0,0,0,0,0,1,0,0,0,1,0,0,0,0,1,0,0,1,0,0,0,0,0,1,1,0,0,0,0,0,0,0,0,0,1,0,0,0,0,0,0,0,0,0,0,0,0,0,0,0,0,0,0,0,0,0,1,0,0,0,0,0,0,1,0,0,0,0,0,0,0,0,0,0,0,0,0,0,1,1,1,0,0,1,0,0,0,0,0,1,0,1,0,1,1,0,0,0,0,0,0,0,1,0,0,1,0,0,0,0,0,1,1,0,0,0,0,0,0,1,0,0,0,0,0,1,0,1,0,0,0,1,0,0,1,0,0,0,0,1,0,1,0,0,0,1,0,1,0,0,0,0,1,0,0,1,0,0,0,0,0,0,0,0,1,0,0,0,0,0,0,0,0,1,1,0,0,0,1,0,1,0,1,0,0,0,1
0,0,0,0,0,1,0,0,0,0,0,0,0,0,0,0,0,0,0,0,0,0,0,0,0,0,0,0,0,0,1,0,0,0,1,0,0,0,1,1,0,0,0,1,0,0,0,1,0,0,0,1,0,1,1,0,0,1,1,0,0,0,1,0,0,0,0,0,0,1,0,0,0,0,0,1,0,0,0,0,0,0,0,1,0,0,0,0,1,0,0,0,0,0,0,0,1,1,0,1,0,0,0,0,0,0,0,0,0,0,0,1,1,1,0,1,1,1,1,0,0,0,0,0,0,0,0,1,1,0,0,0,0,0,0,1,0,0,0,0,0,0,0,1,0,0,1,1,0,0,0,0,1,1,0,0,0,0,0,0,1,0,0,1,0,1,1,0,1,0,0,0,0,1,0,1,0,1,0,0,1,0,1,0,0,0,1,0,0,1,0,1,0,0,0,0,0,0,0,0,0,1,1,0,0,0,0,1,0,0,0,1,0,0,1,0,0,0,0,1,0
0,0,0,0,0,1,0,0,0,0,0,0,0,0,0,0,0,0,0,0,0,0,0,0,0,0,0,0,0,0,1,0,0,0,0,0,0,0,1,1,0,0,0,1,0,0,0,1,1,0,0,1,0,1,1,0,0,1,1,0,0,0,1,0,0,0,0,0,1,0,0,0,0,0,0,1,0,0,0,0,0,0,0,1,0,0,0,0,1,0,1,0,0,0,0,0,1,1,0,1,0,0,0,0,0,0,0,0,0,0,0,1,1,1,0,1,1,1,1,0,0,0,0,1,0,0,0,1,1,0,0,0,0,0,0,1,1,0,0,1,0,0,0,1,0,1,1,1,0,0,0,0,0,1,0,0,0,0,0,1,1,0,0,1,0,1,1,0,1,0,0,0,0,1,0,1,0,1,0,0,1,1,0,0,0,0,1,0,0,1,0,1,0,0,0,0,0,1,0,0,0,1,1,0,0,0,0,0,0,0,1,0,0,0,0,0,0,0,1,0,0
0,1,0,1,0,1,1,0,0,0,1,0,1,1,1,0,0,0,0,0,0,0,0,0,0,0,0,0,0,0,1,0,0,1,0,1,0,0,1,1,0,1,0,1,0,0,0,1,0,0,0,1,1,1,1,0,1,1,1,0,0,0,1,1,1,0,0,0,1,0,0,1,0,0,0,1,0,0,0,0,0,0,0,1,0,1,1,0,1,0,1,0,0,0,0,0,1,1,0,1,0,0,0,0,0,1,0,0,0,0,0,1,1,1,0,1,1,1,1,0,0,0,1,1,0,0,0,1,1,0,0,0,0,0,0,1,1,0,0,1,0,0,0,1,0,1,1,1,0,1,0,0,0,1,0,0,1,0,0,1,1,0,0,1,1,1,0,0,1,0,0,0,1,1,1,1,1,1,0,0,1,1,0,0,0,1,1,1,0,1,0,1,0,0,0,1,1,1,1,0,0,1,0,0,0,1,1,0,1,0,0,1,0,0,0,0,1,0,0,1,0
0,0,0,1,0,1,1,0,0,0,1,0,1,1,0,0,0,0,0,0,0,0,0,0,0,1,0,0,0,0,1,0,0,0,1,0,0,0,0,0,0,1,1,1,0,1,0,1,1,1,1,1,1,1,0,1,0,0,0,0,0,1,1,0,0,1,1,1,1,0,1,0,0,0,1,0,1,0,0,1,0,1,1,1,1,0,0,1,0,1,0,1,1,1,1,0,1,0,0,1,0,1,1,1,0,0,0,0,0,0,1,1,0,0,0,0,1,0,0,0,0,0,1,0,0,0,1,0,0,0,0,0,0,0,0,0,0,0,0,0,1,0,0,0,0,0,0,0,1,1,0,0,0,0,0,0,0,0,0,0,0,0,0,0,1,1,0,0,0,0,0,0,0,0,1,0,1,0,0,0,0,0,0,0,0,1,1,0,0,1,0,0,0,0,0,1,0,1,0,0,0,0,0,0,0,0,0,0,0,0,0,0,0,0,0,0,0,0,0,0,0
0,0,0,0,0,1,0,0,0,0,1,1,0,0,0,0,0,0,0,0,0,0,0,0,0,0,0,0,0,0,1,0,0,0,0,0,1,0,0,1,0,0,0,1,0,0,0,0,0,0,0,1,0,0,0,0,0,0,0,0,0,0,0,0,0,0,0,0,0,0,0,1,0,1,0,0,0,0,0,0,1,0,0,0,0,0,0,0,0,0,0,0,0,0,0,1,0,0,0,0,0,0,0,0,0,0,0,1,0,0,0,0,0,0,0,0,0,0,0,0,1,0,0,0,0,0,0,0,0,0,0,0,1,0,0,0,0,0,0,0,0,1,0,0,0,0,0,0,0,0,0,0,0,0,0,0,0,1,0,0,0,0,0,0,0,0,0,0,0,0,0,0,0,0,0,0,0,0,0,0,0,0,0,1,1,0,0,0,1,0,0,0,1,0,0,1,1,0,0,0,0,0,0,1,0,0,1,0,0,1,0,0,0,0,0,1,0,1,0,0,0
0,1,0,1,0,1,1,0,0,0,1,0,1,1,0,0,0,1,1,0,0,0,0,0,0,1,1,0,0,0,1,0,0,0,1,0,1,0,0,0,0,1,1,1,0,1,0,1,1,1,1,1,1,1,0,1,0,0,0,0,0,1,1,0,0,1,1,1,1,0,1,0,0,0,1,0,1,0,0,1,0,1,1,1,1,0,0,1,0,1,0,1,1,1,1,0,1,0,0,1,0,1,1,1,0,0,0,0,0,0,1,1,0,0,0,0,1,0,0,0,0,0,1,0,0,0,1,0,0,0,0,0,0,0,0,0,0,0,0,0,1,0,0,0,0,0,0,0,1,1,0,0,0,0,0,0,0,0,0,0,0,0,0,0,1,1,0,0,1,0,0,0,0,0,1,1,1,0,0,0,0,0,0,0,0,1,1,0,0,1,0,0,0,0,0,1,1,1,0,0,0,0,0,0,0,0,1,0,0,1,0,0,0,0,0,1,0,1,0,0,0
0,0,0,1,0,1,1,0,0,0,0,0,0,0,0,1,1,1,0,0,0,0,0,0,0,0,0,0,0,0,1,0,0,0,1,0,0,0,0,1,0,1,1,1,0,0,0,1,1,0,0,1,0,0,0,0,1,0,0,0,0,0,1,0,0,0,0,0,1,1,0,0,0,0,0,0,0,0,0,0,0,0,0,0,0,0,0,0,0,0,0,0,0,0,0,0,0,0,0,0,0,0,0,0,0,0,0,0,0,0,0,1,0,0,0,0,0,1,0,0,0,0,0,0,1,0,0,1,1,0,0,0,0,0,0,0,0,0,0,1,0,0,0,0,0,1,0,1,0,0,1,1,1,1,0,0,0,0,0,0,0,0,0,0,0,1,0,0,1,0,0,0,0,0,0,1,1,0,1,0,0,1,1,0,0,0,1,0,0,1,0,0,0,0,0,1,1,1,1,0,0,0,0,0,0,0,0,0,0,0,0,0,0,1,0,0,0,0,0,0,0
0,0,0,1,1,1,1,0,0,0,1,0,1,1,1,0,0,0,0,0,0,0,0,0,0,1,1,1,0,0,1,0,0,0,1,0,0,0,0,0,0,1,0,0,0,1,0,1,1,1,1,1,1,1,0,1,0,0,0,0,0,1,1,0,0,1,1,1,1,0,1,0,0,0,1,0,1,0,0,1,0,1,1,1,1,0,0,1,0,1,0,1,1,1,1,0,1,0,0,1,0,1,1,1,0,0,0,0,0,0,1,1,0,0,0,0,1,0,0,0,0,0,1,0,0,0,1,0,0,0,0,0,0,0,0,0,0,0,0,0,1,0,0,0,0,0,0,0,1,0,0,0,0,0,0,0,0,0,0,0,0,0,0,0,1,0,0,0,0,0,0,0,0,0,1,0,1,0,0,0,0,0,0,0,0,1,0,0,0,0,0,0,0,0,0,0,0,0,0,0,0,0,0,0,0,0,0,0,0,0,0,0,0,0,0,0,0,0,0,0,0
0,0,0,0,0,0,0,0,0,1,0,0,0,0,0,0,0,0,0,0,0,0,0,0,0,0,0,0,0,0,0,0,1,0,0,0,0,0,0,0,1,1,0,0,0,0,0,1,0,0,0,1,0,0,0,0,0,0,0,0,0,0,1,0,0,0,0,0,0,0,0,0,0,0,0,0,0,0,0,0,0,0,0,0,0,0,0,0,0,0,0,0,0,0,0,0,0,0,0,0,0,0,0,0,0,0,0,0,0,0,0,1,0,0,0,0,0,0,0,0,0,0,0,0,0,0,0,0,0,0,0,0,0,0,0,0,0,0,0,0,0,0,0,0,0,0,0,0,0,0,0,0,0,0,0,0,0,0,0,0,0,0,0,0,0,0,0,0,0,0,0,0,0,0,0,0,0,0,0,0,0,0,0,0,0,0,0,0,0,0,0,0,0,0,0,0,0,0,0,0,0,0,0,0,0,0,0,0,0,0,0,0,0,0,0,0,0,0,0,0,0
0,0,0,0,0,0,0,0,0,0,0,0,0,0,0,0,0,0,0,0,0,0,0,0,0,0,0,0,0,0,0,0,0,0,0,0,0,0,0,0,0,0,0,0,0,0,0,0,0,0,0,1,0,0,0,0,0,0,0,0,0,0,0,0,0,0,0,0,0,0,0,0,0,0,0,0,0,0,0,0,0,0,0,0,0,0,0,0,0,0,0,0,0,0,0,0,0,0,0,0,0,0,0,0,0,0,0,0,0,0,0,0,0,0,0,0,0,0,0,0,0,0,0,0,0,0,0,0,0,0,0,0,0,0,0,0,0,0,0,0,0,0,0,0,0,0,0,0,0,0,0,0,0,0,0,0,0,0,0,0,0,0,0,0,0,0,0,0,0,0,0,0,0,0,0,0,0,0,0,0,0,0,0,0,0,0,0,0,0,0,0,0,0,0,0,0,0,0,0,0,0,0,0,0,0,0,0,0,0,0,0,0,0,0,0,0,0,0,0,0,0
0,0,0,0,0,0,0,0,0,0,0,0,0,0,0,0,0,0,0,0,0,0,0,0,0,0,0,0,0,0,0,0,0,1,0,0,0,0,1,0,0,0,0,0,0,0,0,0,0,0,0,1,0,1,1,0,0,0,0,0,0,0,0,0,1,0,0,0,0,0,0,0,0,0,0,1,0,0,0,0,0,0,0,1,0,0,0,0,1,0,0,0,0,0,0,0,0,0,0,1,0,0,0,0,0,0,0,0,0,0,0,0,0,0,0,1,1,0,1,0,0,0,0,0,0,0,0,0,0,0,0,0,0,0,0,0,0,0,0,0,0,0,0,1,0,0,0,1,0,0,0,0,0,0,0,0,0,0,0,0,0,0,0,1,0,0,0,0,0,0,1,0,0,0,0,0,0,0,0,0,1,0,0,0,0,0,0,0,0,0,0,0,0,0,0,0,0,0,0,0,0,0,0,0,0,0,0,0,0,0,0,0,0,0,0,0,0,0,0,0,0
0,0,0,0,0,1,1,0,0,0,0,0,0,0,0,0,0,0,0,0,0,0,0,0,0,0,0,0,0,0,1,0,0,0,0,0,0,0,0,1,0,0,0,1,0,0,0,0,1,0,0,1,0,0,0,0,0,1,1,0,0,0,0,0,0,0,0,0,1,0,0,0,0,0,0,0,0,0,0,0,0,0,0,0,0,0,0,0,0,0,1,0,0,0,0,0,0,1,0,0,0,0,0,0,0,0,0,0,0,0,0,0,1,1,1,0,0,1,0,0,0,0,0,1,0,1,0,1,1,1,0,0,0,0,0,0,1,0,0,1,0,0,0,0,0,1,1,0,0,0,0,0,0,1,0,0,0,0,0,1,0,1,0,0,0,1,0,1,1,0,0,0,0,1,0,1,0,0,0,1,0,1,0,0,0,0,1,0,0,1,1,0,0,0,0,0,0,0,1,1,1,0,0,0,0,0,0,1,1,0,0,0,1,0,1,0,1,0,0,0,1
0,0,0,0,0,0,0,0,0,0,0,0,0,0,0,0,0,0,0,0,0,0,0,0,0,0,0,0,0,0,0,0,0,0,0,0,0,0,0,0,0,1,0,0,0,0,0,1,0,0,0,1,0,0,0,0,0,0,0,0,0,0,1,0,0,0,0,0,0,0,0,0,0,0,0,0,0,0,0,0,0,0,0,0,0,0,0,0,0,0,0,0,0,0,0,0,0,0,0,0,0,0,0,0,0,0,0,0,0,0,0,1,0,0,0,0,0,0,0,0,0,0,0,0,0,0,0,0,0,0,0,0,0,0,0,0,0,0,0,0,0,0,0,0,0,0,0,0,0,0,0,0,0,0,0,0,0,0,0,0,0,0,0,0,0,0,0,0,0,0,0,0,0,0,0,0,0,0,0,0,0,0,0,0,0,0,0,0,0,0,0,0,0,0,0,0,0,0,0,0,0,0,0,0,0,0,0,0,0,0,0,0,0,0,0,0,0,0,0,0,0
0,0,0,0,0,1,1,0,0,0,0,0,0,0,0,0,0,0,0,0,0,0,0,0,0,0,0,0,0,0,1,0,0,0,0,0,0,0,1,1,0,0,0,1,0,0,0,1,0,0,0,1,0,1,1,0,1,1,1,0,0,0,1,0,0,0,0,0,1,0,0,1,0,0,0,1,0,0,1,0,1,0,0,1,0,0,1,0,1,0,1,0,0,0,0,0,1,1,0,1,0,0,0,0,0,0,0,1,0,0,0,1,1,1,0,1,1,1,1,0,0,0,0,1,0,0,0,1,1,0,0,0,0,0,0,1,1,0,0,1,0,0,0,1,0,1,1,1,0,0,1,0,0,1,1,0,1,0,0,1,1,0,1,1,0,1,1,0,1,0,0,0,0,1,0,1,0,1,0,0,1,1,0,0,0,0,1,0,0,1,0,1,0,0,0,0,0,0,0,0,0,1,1,0,0,0,0,0,0,0,0,0,0,0,0,0,0,0,0,0,0
0,0,0,1,0,1,1,0,0,0,1,0,1,1,0,0,0,0,0,0,0,0,0,0,0,1,1,0,0,0,1,0,0,0,1,0,0,0,0,0,0,1,1,1,0,1,0,1,1,1,1,1,1,1,0,1,0,0,0,0,0,1,1,0,0,1,1,1,1,0,1,0,0,0,1,0,1,0,0,1,0,1,1,1,1,0,0,1,0,1,0,1,1,1,1,0,1,0,0,1,0,1,1,1,0,0,0,0,0,0,1,1,0,0,0,0,1,0,0,0,0,0,1,0,0,0,1,0,0,0,0,0,0,0,0,0,0,0,0,0,1,0,0,0,0,0,0,0,1,1,0,0,0,0,0,0,0,0,0,0,0,0,0,0,1,1,0,0,0,0,0,0,0,0,1,0,1,0,0,0,0,0,0,0,0,1,1,0,0,1,0,0,0,0,0,1,0,1,0,0,0,0,0,0,0,0,0,0,0,0,0,0,0,0,0,0,0,0,0,0,0
0,0,0,0,0,1,0,0,0,0,0,0,0,0,0,0,0,0,0,0,0,0,0,0,0,0,0,0,0,0,1,0,0,0,0,0,0,0,0,1,0,0,0,1,0,0,0,0,1,0,0,1,0,0,0,0,0,1,1,0,0,0,0,0,0,0,0,0,1,0,0,0,0,0,0,0,0,0,0,0,0,0,0,0,0,0,0,0,0,0,1,0,0,0,0,0,0,1,0,0,0,0,0,0,0,0,0,0,0,0,0,0,1,1,0,0,0,1,0,0,0,0,0,1,0,0,0,1,1,0,0,0,0,0,0,0,1,0,0,1,0,0,0,0,0,1,1,0,0,0,0,0,0,1,0,0,0,0,0,1,0,0,0,0,0,1,0,0,1,0,0,0,0,1,0,1,0,0,0,0,0,1,0,0,0,0,1,0,0,1,0,0,0,0,0,0,0,0,0,0,0,0,0,0,0,0,0,1,0,0,0,0,0,0,1,0,0,0,0,0,0
0,0,0,0,0,0,0,0,0,0,0,0,0,0,0,0,0,0,0,0,0,0,0,0,0,0,0,0,0,0,0,0,0,0,0,0,0,0,0,0,0,1,0,0,0,0,0,1,0,0,0,1,0,0,0,0,0,0,0,0,0,0,1,0,0,0,0,0,0,0,0,0,0,0,0,0,0,0,0,0,0,0,0,0,0,0,0,0,0,0,0,0,0,0,0,0,0,0,0,0,0,0,0,0,0,0,0,0,0,0,0,1,0,0,0,0,0,0,0,0,0,0,0,0,0,0,0,0,0,0,0,0,0,0,0,0,0,0,0,0,0,0,0,0,0,0,0,0,0,0,0,0,0,0,0,0,0,0,0,0,0,0,0,0,0,0,0,0,0,0,0,0,0,0,0,0,0,0,0,0,0,0,0,0,0,0,0,0,0,0,0,0,0,0,0,0,0,0,0,0,0,0,0,0,0,0,0,0,0,0,0,0,0,0,0,0,0,0,0,0,0
0,0,0,0,0,1,1,0,0,0,1,1,0,0,0,0,0,0,0,0,0,0,0,0,0,0,0,0,0,0,1,0,0,0,1,0,1,0,0,1,0,0,0,1,0,0,0,0,1,0,0,1,0,0,0,0,0,1,1,0,0,0,0,0,0,0,0,0,1,1,0,1,0,1,0,0,0,0,0,0,1,0,0,0,0,0,0,0,0,0,1,0,0,0,0,1,0,1,0,0,0,0,0,0,0,0,0,1,0,0,0,0,1,1,1,0,0,1,0,0,1,0,0,1,0,1,0,1,1,0,0,0,1,0,0,0,1,0,0,1,0,1,0,0,0,1,1,0,0,0,0,0,1,1,0,0,0,1,0,1,0,1,0,0,0,1,0,0,1,0,0,0,0,1,0,1,0,0,0,1,0,1,1,1,1,0,1,0,1,1,0,0,1,1,0,1,1,1,1,0,0,0,0,1,1,0,1,1,1,1,0,0,1,0,1,0,1,1,0,0,1
0,0,0,0,0,1,0,0,0,0,1,1,0,0,0,0,0,0,0,0,0,0,0,0,0,0,0,0,0,0,1,0,0,0,0,0,1,0,0,1,0,0,0,1,0,0,0,0,0,0,0,1,0,0,0,0,0,0,0,0,0,0,0,0,0,0,0,0,0,0,0,1,0,1,0,0,0,0,0,0,1,0,0,0,0,0,0,0,0,0,0,0,0,0,0,1,0,0,0,0,0,0,0,0,0,0,0,1,0,0,0,0,0,0,0,0,0,0,0,0,1,0,0,0,0,0,0,0,0,0,0,0,1,0,0,0,0,0,0,0,0,1,0,0,0,0,0,0,0,0,0,0,0,0,0,0,0,1,0,0,0,0,0,0,0,0,0,0,0,0,0,0,0,0,0,0,0,0,0,0,0,0,0,1,1,0,0,0,1,0,0,0,1,0,0,1,1,0,0,0,0,0,0,1,0,0,1,0,0,1,0,0,0,0,0,0,0,1,0,0,0
0,0,0,0,0,1,1,0,0,0,1,1,0,1,1,0,0,0,0,0,0,0,0,0,0,0,0,0,0,0,1,0,0,0,0,0,1,0,0,1,0,0,0,1,0,0,0,0,1,0,0,1,0,0,0,0,1,1,1,0,0,0,0,0,0,0,0,0,1,0,0,1,0,1,0,0,0,0,0,0,1,0,0,0,0,0,0,0,0,0,1,0,0,0,0,1,0,1,0,0,0,0,0,0,0,0,0,1,0,0,0,0,1,1,1,0,0,1,0,0,1,0,0,1,0,1,0,1,1,0,0,0,1,0,0,0,1,0,0,1,0,1,0,0,0,1,1,0,0,0,0,0,0,1,0,0,0,1,0,1,0,1,0,0,0,1,0,0,1,0,0,0,0,1,0,1,0,0,0,1,0,1,0,1,1,0,1,0,1,1,0,0,1,1,0,1,1,1,1,0,0,0,0,1,1,0,1,1,1,1,0,0,1,0,1,0,1,1,0,0,1
0,0,0,1,0,1,1,0,0,0,0,0,0,0,0,1,1,1,0,0,0,0,0,0,0,0,0,0,0,0,1,0,0,1,1,0,0,0,1,1,0,1,1,1,0,0,0,1,1,0,0,1,0,1,1,0,1,0,0,0,0,0,1,1,1,0,0,0,1,1,0,1,0,0,0,1,0,1,0,0,1,0,0,1,0,1,0,0,1,0,0,0,0,0,0,0,1,0,0,1,0,0,0,0,0,0,0,0,0,0,0,1,0,0,0,1,1,1,1,0,0,0,0,0,1,0,0,1,1,0,0,0,0,0,0,1,0,0,0,1,0,0,0,1,0,1,0,1,0,0,1,1,1,1,0,0,0,0,0,0,1,0,0,1,0,1,0,0,1,0,1,1,0,0,0,1,1,1,1,0,1,1,1,0,0,0,1,0,0,1,0,1,0,0,0,1,0,1,0,0,0,1,1,0,0,0,0,0,0,0,0,0,0,0,0,0,0,0,0,0,0
0,0,0,0,0,0,0,0,0,0,0,0,0,0,0,0,0,0,0,0,0,0,0,0,0,0,0,0,0,0,0,0,0,0,0,0,0,0,0,0,0,0,0,0,0,0,0,0,0,0,0,1,0,0,0,0,0,0,0,0,0,0,0,0,0,0,0,0,0,0,0,0,0,0,0,0,0,0,0,0,0,0,0,0,0,0,0,0,0,0,0,0,0,0,0,0,0,0,0,0,0,0,0,0,0,0,0,0,0,0,0,0,0,0,0,0,0,0,0,0,0,0,0,0,0,0,0,0,0,0,0,0,0,0,0,0,0,0,0,0,0,0,0,0,0,0,0,0,0,0,0,0,0,0,0,0,0,0,0,0,0,0,0,0,0,0,0,0,0,0,0,0,0,0,0,0,0,0,0,0,0,0,0,0,0,0,0,0,0,0,0,0,0,0,0,0,0,0,0,0,0,0,0,0,0,0,0,0,0,0,0,0,0,0,0,0,0,0,0,0,0
0,0,0,0,0,0,0,0,0,0,0,0,0,0,0,0,0,0,0,0,0,0,0,0,0,0,0,0,0,0,0,0,0,0,0,0,0,0,0,0,0,1,0,0,0,0,0,1,0,0,0,1,0,0,0,0,0,0,0,0,0,0,1,0,0,0,0,0,0,0,0,0,0,0,0,0,0,0,0,0,0,0,0,0,0,0,0,0,0,0,0,0,0,0,0,0,0,0,0,0,0,0,0,0,0,0,0,0,0,0,0,1,0,0,0,0,0,0,0,0,0,0,0,0,0,0,0,0,0,0,0,0,0,0,0,0,0,0,0,0,0,0,0,0,0,0,0,0,0,0,0,0,0,0,0,0,0,0,0,0,0,0,0,0,0,0,0,0,0,0,0,0,0,0,0,0,0,0,0,0,0,0,0,0,0,0,0,0,0,0,0,0,0,0,0,0,0,0,0,0,0,0,0,0,0,0,0,0,0,0,0,0,0,0,0,0,0,0,0,0,0
0,0,0,1,0,1,0,0,0,0,0,0,0,0,0,0,0,0,0,0,0,0,0,0,0,0,0,0,0,0,1,0,0,1,0,0,0,0,1,0,0,0,0,1,0,0,0,1,0,0,0,1,0,1,1,0,0,0,0,0,0,0,1,1,1,0,0,0,0,0,0,1,0,0,0,1,0,1,0,0,1,0,0,1,0,1,0,0,1,0,0,0,0,0,0,0,1,0,0,1,0,0,0,0,0,0,0,0,0,0,0,1,0,0,0,1,1,0,1,0,0,0,0,0,0,0,0,0,0,0,0,0,0,0,0,1,0,0,1,0,0,0,0,1,1,0,0,1,0,0,0,0,0,0,0,0,0,0,0,0,1,0,0,1,0,0,0,0,0,0,1,1,0,0,0,0,1,1,0,0,1,0,0,0,0,0,0,0,0,0,0,0,0,0,0,0,0,0,0,0,0,0,0,0,0,0,0,0,0,0,0,0,0,0,0,0,0,0,0,0,0
0,0,0,0,0,1,1,0,0,0,0,0,0,0,0,0,0,0,0,0,0,0,0,0,0,0,0,0,0,0,1,0,0,0,0,0,0,0,1,1,0,0,0,1,0,0,0,1,0,0,0,1,0,1,1,0,1,1,1,0,0,0,1,0,0,0,0,0,1,0,0,1,0,0,0,1,0,0,1,0,1,0,0,1,0,0,1,0,1,0,1,0,0,0,0,0,1,1,0,1,0,0,0,0,0,0,0,1,0,0,0,1,1,1,0,1,1,1,1,0,0,0,0,1,0,0,0,1,1,0,0,0,0,0,0,1,1,0,0,1,0,0,0,1,0,1,1,1,0,0,1,0,0,1,1,0,1,0,0,1,1,0,1,1,0,1,1,0,1,0,0,0,0,1,0,1,0,1,0,0,1,1,0,0,0,0,1,0,0,1,0,1,0,0,0,0,0,0,0,0,0,1,1,0,0,0,0,1,0,0,0,1,0,0,1,0,0,0,0,1,0
0,1,0,1,1,1,1,1,0,0,0,0,0,0,0,1,1,1,0,1,1,0,0,0,0,1,1,1,0,0,1,0,0,0,1,0,0,0,1,0,0,1,1,1,1,1,0,1,1,1,1,0,0,1,0,0,0,0,0,0,0,1,1,0,0,1,1,1,1,0,1,0,1,0,1,1,0,0,0,1,0,1,1,1,0,0,0,1,1,1,0,1,0,0,1,0,1,0,0,1,0,1,0,1,1,0,1,0,0,1,1,1,0,0,0,1,1,0,1,0,0,1,0,0,0,1,0,0,0,0,1,1,0,0,0,1,0,0,0,0,0,0,0,1,0,0,0,1,0,1,0,0,0,0,0,0,0,0,0,0,1,0,0,1,0,0,0,0,0,0,0,0,0,0,0,0,1,1,0,1,1,0,0,0,0,0,0,0,0,0,0,0,0,0,0,0,0,0,0,0,0,0,0,0,0,0,0,0,0,0,0,0,0,0,0,0,0,0,0,0,0
0,0,0,0,0,1,1,0,0,0,1,1,0,0,0,0,0,0,0,0,0,0,0,0,0,0,0,0,0,0,1,0,0,0,0,0,1,0,0,1,0,0,0,1,0,0,0,0,1,0,0,1,0,0,0,0,0,1,1,0,0,0,0,0,0,0,0,0,1,0,0,1,0,1,0,0,0,0,0,0,1,0,0,0,0,0,0,0,0,0,1,0,0,0,0,1,0,1,0,0,0,0,0,0,0,0,0,1,0,0,0,0,1,1,0,0,0,1,0,0,1,0,0,1,0,0,0,1,1,0,0,0,1,0,0,0,1,0,0,1,0,1,0,0,0,1,1,0,0,0,0,0,0,1,0,0,0,1,0,1,0,0,0,0,0,1,0,0,1,0,0,0,0,1,0,1,0,0,0,0,0,1,0,1,1,0,1,0,1,1,0,0,1,1,0,1,1,1,1,0,0,0,0,1,1,0,1,0,1,1,1,0,0,0,0,0,1,1,1,0,0
0,0,0,0,0,1,1,0,0,0,0,0,0,0,0,0,0,0,0,0,0,0,0,0,0,0,0,0,0,0,1,0,0,1,1,0,0,0,0,0,0,0,0,0,0,0,0,0,0,0,0,0,0,0,0,0,1,0,0,0,0,0,0,0,1,0,0,0,0,1,0,1,0,0,0,0,0,0,0,0,0,0,0,0,0,1,1,0,0,0,0,0,0,0,0,0,0,0,0,0,0,0,0,0,0,0,0,0,0,0,0,0,0,0,0,0,0,0,0,0,0,0,0,0,0,0,0,0,0,0,0,0,0,0,0,0,0,0,0,0,0,0,0,0,0,0,0,0,0,0,0,0,0,0,0,0,0,0,0,0,0,0,0,0,0,0,0,0,0,0,0,0,0,0,0,0,0,0,0,0,0,0,0,0,0,0,0,0,0,0,0,0,0,0,0,0,0,0,0,0,0,0,0,0,0,0,0,0,0,0,0,0,0,0,0,0,0,0,0,0,0
0,0,0,0,0,1,0,0,0,0,0,0,0,0,0,0,0,0,0,0,0,0,0,0,0,0,0,0,0,0,1,0,0,0,0,0,0,0,0,1,0,1,0,1,0,0,0,1,0,0,0,1,0,0,0,0,0,0,0,0,0,0,1,0,0,0,0,0,0,0,0,1,0,1,0,0,0,0,0,0,1,0,0,0,0,0,0,0,0,0,0,0,0,0,0,0,0,0,0,0,0,0,0,0,0,0,0,1,0,0,0,1,0,0,0,0,0,0,0,0,0,0,0,0,0,0,0,0,0,0,0,0,1,0,0,0,0,0,0,0,0,0,0,0,0,0,0,0,0,0,0,0,0,0,0,0,0,0,0,0,0,0,0,0,0,0,0,0,0,0,0,0,0,0,0,0,0,0,0,0,0,0,0,0,0,0,0,0,0,0,0,0,0,0,0,0,0,0,0,0,0,0,0,0,0,0,0,0,0,0,0,0,0,0,0,0,0,0,0,0,0
0,0,0,0,0,1,1,0,0,0,1,1,0,0,0,0,0,0,0,0,0,0,0,0,0,0,0,0,0,0,1,0,0,0,0,0,1,0,0,1,0,0,0,1,0,0,0,0,1,0,0,1,0,0,0,0,0,1,1,0,0,0,0,0,0,0,0,0,1,0,0,1,0,1,0,0,0,0,0,0,1,0,0,0,0,0,0,0,0,0,1,0,0,0,0,1,0,1,0,0,0,0,0,0,0,0,0,1,0,0,0,0,1,1,1,0,0,1,0,0,1,0,0,1,0,1,0,1,1,0,0,0,1,0,1,0,1,0,0,1,0,1,0,0,0,1,1,0,0,0,0,0,0,1,0,0,0,1,1,1,0,1,0,0,0,1,0,0,1,1,0,0,0,1,0,1,0,0,0,1,0,1,0,1,0,0,1,0,1,1,0,0,1,0,0,1,1,1,1,0,0,0,0,1,0,0,1,1,1,1,1,0,1,0,1,0,1,1,1,0,1
0,0,0,0,0,0,0,0,0,0,0,0,0,0,0,0,0,0,0,0,0,0,0,0,0,0,0,0,0,0,0,0,0,0,0,0,0,0,0,0,0,1,0,0,0,0,0,1,0,0,0,1,0,0,0,0,0,0,0,0,0,0,1,0,0,0,0,0,0,0,0,0,0,0,0,0,0,0,0,0,0,0,0,0,0,0,0,0,0,0,0,0,0,0,0,0,0,0,0,0,0,0,0,0,0,0,0,0,0,0,0,1,0,0,0,0,0,0,0,0,0,0,0,0,0,0,0,0,0,0,0,0,0,0,0,0,0,0,0,0,0,0,0,0,0,0,0,0,0,0,0,0,0,0,0,0,0,0,0,0,0,0,0,0,0,0,0,0,0,0,0,0,0,0,0,0,0,0,0,0,0,0,0,0,0,0,0,0,0,0,0,0,0,0,0,0,0,0,0,0,0,0,0,0,0,0,0,0,0,0,0,0,0,0,0,0,0,0,0,0,0
0,0,0,0,0,1,1,0,0,0,0,0,0,0,0,0,0,0,0,0,0,0,0,0,0,0,0,0,0,0,1,0,0,0,0,0,0,0,1,1,0,0,0,1,0,0,0,1,0,0,0,1,0,1,1,0,1,1,1,0,0,0,1,0,0,0,0,0,1,0,0,1,0,0,0,1,0,0,1,0,1,0,0,1,0,0,1,0,1,0,1,0,0,0,0,0,1,1,0,1,0,0,0,0,0,0,0,0,0,0,0,1,1,1,0,1,1,1,1,0,0,0,0,1,0,0,0,1,1,0,0,0,0,0,0,1,1,0,0,1,0,0,0,1,0,1,1,1,0,0,1,0,0,1,1,0,1,0,0,1,1,0,1,1,0,1,1,0,1,0,0,0,0,1,0,1,0,1,0,0,1,1,0,0,0,0,1,0,0,1,0,1,0,0,0,0,0,1,0,0,0,1,1,0,0,0,0,0,0,0,1,1,0,0,0,0,0,0,1,1,0
0,0,0,0,0,1,1,0,0,0,0,0,0,0,0,0,0,0,0,0,0,0,0,0,0,0,0,0,0,0,1,0,0,0,0,0,0,0,1,1,0,0,0,1,0,0,0,1,0,0,0,1,0,1,1,0,1,1,1,0,0,0,1,0,0,0,0,0,1,0,0,1,0,0,0,1,0,0,1,0,1,0,0,1,0,0,1,0,1,0,1,0,0,0,0,0,1,1,0,1,0,0,0,0,0,0,0,1,0,0,0,1,1,1,0,1,1,1,1,0,0,0,0,1,0,0,0,1,1,0,0,0,0,0,0,1,1,0,0,1,0,0,0,1,0,1,1,1,0,0,1,0,0,1,1,0,1,0,0,1,1,0,1,1,0,1,1,0,1,0,0,0,0,1,0,1,0,1,0,0,1,1,0,0,0,0,1,0,0,1,0,1,0,0,0,0,0,1,0,0,0,1,1,0,0,0,0,0,0,0,1,1,0,0,0,0,0,0,1,1,0
0,0,0,1,0,1,1,0,0,0,1,0,1,1,0,0,0,0,0,0,0,0,0,0,0,1,0,0,0,0,1,0,0,0,1,0,0,0,0,0,0,1,1,1,0,1,0,1,1,1,1,1,1,1,0,1,0,0,0,0,0,1,1,0,0,1,1,1,1,0,1,0,0,0,1,0,1,0,0,1,0,1,1,1,1,0,0,1,0,1,0,1,1,1,1,0,1,0,0,1,0,1,1,1,0,0,0,0,0,0,1,1,0,0,0,0,1,0,0,0,0,0,1,0,0,0,1,0,0,0,0,0,0,0,0,0,0,0,0,0,1,0,0,0,0,0,0,0,1,1,0,0,0,0,0,0,0,0,0,0,0,0,0,0,1,1,0,0,0,0,0,0,0,0,1,0,1,0,0,0,0,0,0,0,0,1,0,0,0,0,0,0,0,0,0,0,0,0,0,0,0,0,0,0,0,0,0,0,0,0,0,0,0,0,0,0,0,0,0,0,0
0,0,0,0,0,1,1,0,0,0,0,0,0,0,0,1,1,0,0,0,0,0,0,0,0,0,0,0,0,0,1,0,0,0,1,0,0,0,0,1,0,1,1,1,0,0,0,1,1,0,0,1,0,0,0,0,1,0,0,0,0,0,1,0,0,0,0,0,1,1,0,0,0,0,0,0,0,0,0,0,0,0,0,0,0,0,0,0,0,0,0,0,0,0,0,0,0,0,0,0,0,0,0,0,0,0,0,0,0,0,0,1,0,0,0,0,0,0,0,0,0,0,0,0,1,0,0,0,0,0,0,0,0,0,0,0,0,0,0,0,0,0,0,0,0,0,0,0,0,0,1,1,0,0,0,0,0,0,0,0,0,0,0,0,0,0,0,0,0,0,0,0,0,0,0,0,1,0,1,0,0,0,0,0,0,0,0,0,0,0,0,0,0,0,0,0,0,0,0,0,0,0,0,0,0,0,0,0,0,0,0,0,0,0,0,0,0,0,0,0,0
0,0,0,0,0,1,0,0,0,0,0,0,0,0,0,0,0,0,0,0,0,0,0,0,0,0,0,0,0,0,1,0,0,0,0,0,0,0,0,0,0,1,1,1,0,0,0,1,1,0,0,1,0,0,0,0,0,0,0,0,0,0,1,0,0,0,0,0,1,0,0,0,0,0,0,0,0,0,0,0,0,0,0,0,0,0,0,0,0,0,0,0,0,0,0,0,0,0,0,0,0,0,0,0,0,0,0,0,0,0,0,1,0,0,0,0,0,0,0,0,0,0,0,0,1,0,0,0,0,0,0,0,0,0,0,0,0,0,0,0,0,0,0,0,0,0,0,0,0,0,1,1,0,0,0,0,0,0,0,0,0,0,0,0,0,0,0,0,0,0,0,0,0,0,0,0,0,0,1,0,0,0,0,0,0,0,0,0,0,0,0,0,0,0,0,0,0,0,0,0,0,0,0,0,0,0,0,0,0,0,0,0,0,0,0,0,0,0,0,0,0
0,0,0,0,0,1,1,0,0,0,1,1,0,0,0,0,0,0,0,0,0,0,0,0,0,0,0,0,0,0,1,0,0,0,1,0,1,0,0,1,0,0,0,1,0,0,0,0,1,0,0,1,0,0,0,0,0,1,1,0,0,0,0,0,0,0,0,0,1,1,0,1,0,1,0,0,0,0,0,0,1,0,0,0,0,0,0,0,0,0,1,0,0,0,0,1,0,1,0,0,0,0,0,0,0,0,0,1,0,0,0,0,1,1,1,0,0,1,0,0,1,0,0,1,0,1,0,1,1,0,0,0,1,0,0,0,1,0,0,1,0,1,0,0,0,1,1,0,0,0,0,0,1,1,0,0,0,1,0,1,0,1,0,0,0,1,0,0,1,0,0,0,0,1,0,1,0,0,0,1,0,1,1,1,1,0,1,0,1,1,0,0,1,1,0,1,1,1,1,0,0,0,0,1,1,0,1,1,1,1,0,0,1,0,1,0,1,1,0,0,1
0,0,0,0,0,1,1,0,0,0,0,0,0,0,0,0,0,0,0,0,0,0,0,0,0,0,0,0,0,0,1,0,0,0,0,0,0,0,0,0,0,1,1,1,0,0,0,1,1,0,0,1,0,0,0,0,1,0,0,0,0,0,1,0,0,0,0,0,1,0,0,1,0,0,0,0,0,0,1,0,1,0,0,0,0,0,1,0,0,0,0,0,0,0,0,0,0,0,0,0,0,0,0,0,0,0,0,1,0,0,0,1,0,0,0,0,0,0,0,0,0,0,0,0,1,0,0,0,0,0,0,0,1,0,0,0,0,0,0,0,0,0,0,0,0,0,0,0,0,0,1,1,0,0,0,0,0,0,0,0,0,0,0,0,0,1,0,0,0,0,0,0,0,0,0,0,0,0,1,0,0,0,0,0,0,0,0,0,0,0,0,0,0,0,0,0,0,0,0,0,0,0,0,0,0,0,0,0,0,0,0,0,0,0,0,0,0,0,0,0,0
0,0,0,0,0,1,0,0,0,0,0,0,0,0,0,0,0,0,0,0,0,0,0,0,0,0,0,0,0,0,1,0,0,0,0,0,0,0,1,1,0,0,0,1,0,0,0,1,1,0,0,1,0,1,1,0,0,1,1,0,0,0,1,0,0,0,0,0,1,0,0,0,0,0,0,1,0,0,0,0,0,0,0,1,0,0,0,0,1,0,1,0,0,0,0,0,1,1,0,1,0,0,0,0,0,0,0,0,0,0,0,1,1,1,0,1,1,1,1,0,0,0,0,1,0,0,0,1,1,0,0,0,0,0,0,1,1,0,0,1,0,0,0,1,0,1,1,1,0,0,0,0,0,1,0,0,0,0,0,1,1,0,0,1,0,1,1,0,1,0,0,0,0,1,0,1,0,1,0,0,1,1,0,0,0,0,1,0,0,1,0,1,0,0,0,0,0,1,0,0,0,1,1,0,0,0,0,0,0,0,1,1,0,0,0,0,0,0,1,1,0
0,0,0,1,0,1,1,0,0,0,1,0,1,1,0,0,0,0,0,0,0,0,0,0,0,1,0,0,0,0,1,0,0,0,1,0,1,0,0,0,0,1,1,1,0,1,0,1,1,1,1,1,1,1,0,1,0,0,0,0,0,1,1,0,0,1,1,1,1,0,1,0,0,0,1,0,1,0,0,1,0,1,1,1,1,0,0,1,0,1,0,1,1,1,1,0,1,0,0,1,0,1,1,1,0,0,0,0,0,0,1,1,0,0,0,0,1,0,0,0,0,0,1,0,0,0,1,0,0,0,0,0,0,0,0,0,0,0,0,0,1,0,0,0,0,0,0,0,1,1,0,0,0,0,0,0,0,0,0,0,0,0,0,0,1,1,0,0,0,0,0,0,0,0,1,0,1,0,0,0,0,0,0,0,0,1,1,0,0,1,0,0,0,0,0,0,0,1,0,0,0,0,0,0,0,0,0,0,0,0,0,0,0,0,0,0,0,0,0,0,0
0,0,0,0,0,0,0,0,0,0,0,0,0,0,0,0,0,0,0,0,0,0,0,0,0,0,0,0,0,0,0,0,0,0,0,0,0,0,0,0,0,0,0,0,0,0,0,0,0,0,0,1,0,0,0,0,0,0,0,0,0,0,0,0,0,0,0,0,0,0,0,0,0,0,0,0,0,0,0,0,0,0,0,0,0,0,0,0,0,0,0,0,0,0,0,0,0,0,0,0,0,0,0,0,0,0,0,0,0,0,0,0,0,0,0,0,0,0,0,0,0,0,0,0,0,0,0,0,0,0,0,0,0,0,0,0,0,0,0,0,0,0,0,0,0,0,0,0,0,0,0,0,0,0,0,0,0,0,0,0,0,0,0,0,0,0,0,0,0,0,0,0,0,0,0,0,0,0,0,0,0,0,0,0,0,0,0,0,0,0,0,0,0,0,0,0,0,0,0,0,0,0,0,0,0,0,0,0,0,0,0,0,0,0,0,0,0,0,0,0,0
0,0,0,0,0,1,1,0,0,0,1,1,0,0,0,0,0,0,0,0,0,0,0,0,0,0,0,0,0,0,1,0,0,0,0,0,1,0,0,1,0,0,0,1,0,0,0,0,1,0,0,1,0,0,0,0,0,1,1,0,0,0,0,0,0,0,0,0,1,0,0,1,0,1,0,0,0,0,0,0,1,0,0,0,0,0,0,0,0,0,1,0,0,0,0,1,0,1,0,0,0,0,0,0,0,0,0,1,0,0,0,0,1,1,0,0,0,1,0,0,1,0,0,1,0,0,0,1,1,0,0,0,1,0,1,0,1,0,0,1,0,1,0,0,0,1,1,0,0,0,0,0,0,1,0,0,0,1,1,1,0,0,0,0,0,1,0,0,1,1,0,0,0,1,0,1,0,0,0,0,0,1,0,1,0,0,1,0,1,1,0,0,1,1,0,1,1,1,1,0,0,0,0,1,1,0,1,0,1,1,1,0,0,0,0,0,1,1,1,0,0
0,0,0,0,0,1,1,0,0,0,0,0,0,0,0,0,0,0,0,0,0,0,0,0,0,0,0,0,0,0,0,0,0,0,0,0,0,0,1,0,0,0,0,0,0,0,0,0,0,0,0,1,0,1,1,0,0,0,0,0,0,0,0,0,0,0,0,0,0,0,0,0,0,0,0,1,0,0,0,0,0,0,0,1,0,0,0,0,1,0,0,0,0,0,0,0,0,0,0,1,0,0,0,0,0,0,0,0,0,0,0,0,0,0,0,1,1,0,1,0,0,0,0,0,0,0,0,0,0,0,0,0,0,0,0,0,0,0,0,0,0,0,0,1,0,0,0,1,0,0,0,0,0,0,0,0,0,0,0,0,0,0,0,1,0,0,0,0,0,0,0,0,0,0,0,0,0,0,0,0,1,0,0,0,0,0,0,0,0,0,0,0,0,0,0,0,0,0,0,0,0,0,0,0,0,0,0,0,0,0,0,0,0,0,0,0,0,0,0,0,0
0,0,0,0,0,1,0,0,0,0,1,1,0,0,0,0,0,0,0,0,0,0,0,0,0,0,0,0,0,0,1,0,0,0,0,0,1,0,0,1,0,0,0,1,0,0,0,0,0,0,0,1,0,0,0,0,0,0,0,0,0,0,0,0,0,0,0,0,0,0,0,1,0,1,0,0,0,0,0,0,1,0,0,0,0,0,0,0,0,0,0,0,0,0,0,1,0,0,0,0,0,0,0,0,0,0,0,1,0,0,0,0,0,0,0,0,0,0,0,0,1,0,0,0,0,0,0,0,0,0,0,0,1,0,0,0,0,0,0,0,0,1,0,0,0,0,0,0,0,0,0,0,0,0,0,0,0,1,0,0,0,0,0,0,0,0,0,0,0,0,0,0,0,0,0,0,0,0,0,0,0,0,0,1,1,0,0,0,1,0,0,0,1,0,0,1,1,0,0,0,0,0,0,1,0,0,1,0,0,1,0,0,0,0,0,0,0,1,0,0,0
0,1,0,1,0,1,1,0,0,0,1,0,1,1,0,0,0,1,1,0,0,0,0,0,0,1,1,0,1,0,1,0,0,0,1,0,0,0,0,0,0,1,1,1,0,1,0,1,1,1,1,1,1,1,0,1,0,0,0,1,0,1,1,0,0,1,1,1,1,0,1,0,0,0,1,0,1,0,0,1,0,1,1,1,1,0,0,1,0,1,0,1,1,1,1,0,1,0,0,1,0,1,1,1,0,0,0,0,0,0,1,1,0,0,0,0,1,1,0,0,0,0,1,0,0,0,1,1,1,0,0,0,0,0,0,0,0,0,0,1,1,0,0,0,0,1,0,0,1,1,0,0,0,1,0,0,0,0,0,0,0,0,0,0,1,1,0,0,1,0,0,0,0,0,1,1,1,0,0,0,0,1,0,0,0,1,1,0,0,1,0,0,0,0,0,1,1,1,0,0,0,0,0,0,0,0,1,0,0,1,0,0,0,0,0,1,0,1,0,0,0
0,0,0,0,0,1,0,0,0,0,0,0,0,0,0,0,0,0,0,0,0,0,0,0,0,0,0,0,0,0,1,0,0,0,1,0,0,0,0,1,0,0,0,1,0,0,0,0,0,0,0,1,0,0,0,0,0,1,1,0,0,0,0,0,0,0,0,0,0,1,0,0,0,0,0,0,0,0,0,0,0,0,0,0,0,0,0,0,0,0,0,0,0,0,0,0,0,1,0,0,0,0,0,0,0,0,0,0,0,0,0,0,1,1,0,0,0,1,0,0,0,0,0,0,0,0,0,1,1,0,0,0,0,0,0,0,0,0,0,0,0,0,0,0,0,0,1,0,0,0,0,0,1,1,0,0,0,0,0,0,0,0,0,0,0,1,0,0,1,0,0,0,0,1,0,1,0,0,0,0,0,0,1,0,0,0,1,0,0,1,0,0,0,0,0,0,0,0,0,0,0,0,0,0,0,0,0,1,0,0,0,0,0,0,1,0,0,0,0,0,0
0,0,0,0,0,1,0,0,0,0,0,0,0,0,0,0,0,0,0,0,0,0,0,0,0,0,0,0,0,0,1,0,0,0,1,0,0,0,0,0,0,1,1,1,0,0,0,1,1,0,0,1,0,0,0,0,0,0,0,0,0,0,1,0,0,0,0,0,0,1,0,0,0,0,0,0,0,0,0,0,0,0,0,0,0,0,0,0,0,0,0,0,0,0,0,0,0,0,0,0,0,0,0,0,0,0,0,0,0,0,0,1,0,0,0,0,0,0,0,0,0,0,0,0,1,0,0,0,0,0,0,0,0,0,0,0,0,0,0,0,0,0,0,0,0,0,0,0,0,0,0,0,0,0,0,0,0,0,0,0,0,0,0,0,0,0,0,0,0,0,0,0,0,0,0,0,0,0,1,0,0,0,0,0,0,0,0,0,0,0,0,0,0,0,0,0,0,0,0,0,0,0,0,0,0,0,0,0,0,0,0,0,0,0,0,0,0,0,0,0,0
0,0,0,0,0,0,0,0,1,0,0,0,0,0,0,0,0,0,0,0,0,0,0,0,0,0,0,0,0,0,0,1,0,0,0,0,0,0,0,0,0,1,0,0,0,0,0,1,0,0,0,1,0,0,0,0,0,0,0,0,0,0,1,0,0,0,0,0,0,0,0,0,0,0,0,0,0,0,0,0,0,0,0,0,0,0,0,0,0,0,0,0,0,0,0,0,0,0,0,0,0,0,0,0,0,0,0,0,0,0,0,1,0,0,0,0,0,0,0,0,0,0,0,0,0,0,0,0,0,0,0,0,0,0,0,0,0,0,0,0,0,0,0,0,0,0,0,0,0,0,0,0,0,0,0,0,0,0,0,0,0,0,0,0,0,0,0,0,0,0,0,0,0,0,0,0,0,0,0,0,0,0,0,0,0,0,0,0,0,0,0,0,0,0,0,0,0,0,0,0,0,0,0,0,0,0,0,0,0,0,0,0,0,0,0,0,0,0,0,0,0
0,0,0,0,0,0,0,0,0,0,0,0,0,0,0,0,0,0,0,0,0,0,0,0,0,0,0,0,0,0,0,0,0,0,0,0,0,0,0,0,0,1,0,0,0,0,0,1,0,0,0,1,0,0,0,0,0,0,0,0,0,0,1,0,0,0,0,0,0,0,0,0,0,0,0,0,0,0,0,0,0,0,0,0,0,0,0,0,0,0,0,0,0,0,0,0,0,0,0,0,0,0,0,0,0,0,0,0,0,0,0,1,0,0,0,0,0,0,0,0,0,0,0,0,0,0,0,0,0,0,0,0,0,0,0,0,0,0,0,0,0,0,0,0,0,0,0,0,0,0,0,0,0,0,0,0,0,0,0,0,0,0,0,0,0,0,0,0,0,0,0,0,0,0,0,0,0,0,0,0,0,0,0,0,0,0,0,0,0,0,0,0,0,0,0,0,0,0,0,0,0,0,0,0,0,0,0,0,0,0,0,0,0,0,0,0,0,0,0,0,0
0,0,0,0,0,1,0,0,0,0,0,0,0,0,0,0,0,0,0,0,0,0,0,0,0,0,0,0,0,0,1,0,0,0,1,0,0,0,1,1,0,0,0,1,0,0,0,1,0,0,0,1,0,1,1,0,0,1,1,0,0,0,1,0,0,0,0,0,0,1,0,0,0,0,0,1,0,0,0,0,0,0,0,1,0,0,0,0,1,0,0,0,0,0,0,0,1,1,0,1,0,0,0,0,0,0,0,0,0,0,0,1,1,1,0,1,1,1,1,0,0,0,0,0,0,0,0,1,1,0,0,0,0,0,0,1,0,0,0,0,0,0,0,1,0,0,1,1,0,0,0,0,1,1,0,0,0,0,0,0,1,0,0,1,0,1,1,0,1,0,0,0,0,1,0,1,0,1,0,0,1,0,1,0,0,0,1,0,0,1,0,1,0,0,0,0,0,1,0,0,0,1,1,0,0,0,0,0,0,0,1,1,0,0,0,0,0,0,1,1,0
0,0,0,0,0,1,0,0,0,0,0,0,0,0,0,0,0,0,0,0,0,0,0,0,0,0,0,0,0,0,1,0,0,0,1,0,0,0,0,1,0,0,0,1,0,0,0,0,0,0,0,1,0,0,0,0,0,1,1,0,0,0,0,0,0,0,0,0,0,1,0,0,0,0,0,0,0,0,0,0,0,0,0,0,0,0,0,0,0,0,0,0,0,0,0,0,0,1,0,0,0,0,0,0,0,0,0,0,0,0,0,0,1,1,0,0,0,1,0,0,0,0,0,0,0,0,0,1,1,0,0,0,0,0,0,0,0,0,0,0,0,0,0,0,0,0,1,0,0,0,0,0,1,1,0,0,0,0,0,0,0,0,0,0,0,1,0,0,1,0,0,0,0,1,0,1,0,0,0,0,0,0,1,0,0,0,1,0,0,1,0,0,0,0,0,0,0,0,1,0,0,0,0,0,0,0,0,0,1,0,0,0,0,0,0,0,1,0,0,0,0
0,0,0,0,0,1,1,0,0,0,0,0,0,0,0,1,1,0,0,0,0,0,0,0,0,0,0,0,0,0,1,0,0,0,1,1,0,0,0,1,0,1,1,1,0,0,0,1,1,0,0,1,0,0,0,0,1,0,0,0,0,0,1,0,0,0,0,0,1,1,0,0,0,0,0,0,0,0,0,0,0,0,0,0,0,0,0,0,0,0,0,0,0,0,0,0,0,0,0,0,0,0,0,0,0,0,0,0,0,0,0,1,0,0,0,0,0,0,0,0,0,0,0,0,1,0,0,0,0,0,0,0,0,0,0,0,0,0,0,0,0,0,0,0,0,0,0,0,0,0,1,1,1,0,0,0,0,0,0,0,0,0,0,0,0,0,0,0,0,0,0,0,0,0,0,0,1,0,1,0,0,0,0,0,0,0,0,0,0,0,0,0,0,0,0,0,0,0,0,0,0,0,0,0,0,1,0,0,0,0,0,0,0,0,0,0,0,0,0,0,0
0,0,0,1,0,1,1,0,0,0,1,0,1,1,0,0,0,0,0,0,0,0,0,0,0,1,0,0,0,0,1,0,0,0,1,1,0,0,0,1,0,1,1,1,0,1,0,1,1,1,1,1,1,1,0,1,0,0,0,0,0,1,1,0,0,1,1,1,1,0,1,0,0,0,1,0,1,0,0,1,0,1,1,1,1,0,0,1,0,1,0,1,1,1,1,0,1,0,0,1,0,1,1,1,0,0,0,0,0,0,1,1,0,0,0,0,1,0,0,0,0,0,1,0,0,0,1,0,0,0,0,0,0,0,0,0,0,0,0,0,1,0,0,0,0,0,0,0,1,1,0,0,0,0,0,0,0,0,0,0,0,0,0,0,1,0,0,0,0,0,0,0,0,0,1,0,1,0,0,0,0,0,0,0,0,1,0,0,0,0,0,0,0,0,0,0,0,0,0,0,0,0,0,0,0,1,0,0,0,0,0,0,0,0,0,0,0,0,0,0,0
0,0,0,0,0,0,0,0,0,0,0,0,0,0,0,0,0,0,0,0,0,0,0,0,0,0,0,0,0,0,0,0,0,0,0,0,0,0,0,0,0,1,0,0,0,0,0,1,0,0,0,1,0,0,0,0,0,0,0,0,0,0,1,0,0,0,0,0,0,0,0,0,0,0,0,0,0,0,0,0,0,0,0,0,0,0,0,0,1,0,0,0,0,0,0,0,0,0,0,0,0,0,0,0,0,0,0,0,0,0,0,1,0,0,0,0,0,0,0,0,0,0,0,0,0,0,0,0,0,0,0,0,0,0,0,0,0,0,0,0,0,0,0,0,0,0,0,0,0,0,0,0,0,0,0,0,0,0,0,0,0,0,0,0,0,0,0,0,0,0,0,0,0,0,0,0,0,0,0,0,0,0,0,0,0,0,0,0,0,0,0,0,0,0,0,0,0,0,0,0,0,0,0,0,0,0,0,0,0,0,0,0,0,0,0,0,0,0,0,0,0
0,0,0,1,0,1,0,0,0,0,1,0,1,1,0,0,0,0,0,0,0,0,0,0,0,1,1,0,0,0,0,0,0,0,1,0,0,0,1,0,0,1,0,0,1,1,0,1,0,0,0,1,1,1,1,1,0,0,0,0,1,1,1,0,0,1,1,1,0,0,1,0,1,0,1,1,1,0,0,1,0,0,1,1,1,0,0,1,1,1,0,1,1,1,0,0,1,0,0,1,0,1,1,1,1,0,1,0,0,1,1,1,0,0,0,1,1,0,1,0,0,1,1,0,0,0,1,0,0,0,1,0,0,0,0,1,0,0,0,0,1,0,0,1,0,0,0,1,1,0,0,0,0,0,0,0,0,0,0,0,1,0,0,1,1,0,0,0,0,0,0,0,0,0,1,0,1,1,0,0,1,0,0,0,0,1,0,0,0,0,0,0,0,0,0,0,0,0,0,0,0,0,0,0,0,0,0,0,0,0,0,0,0,0,0,0,0,0,0,0,0
0,0,0,0,0,1,0,0,0,0,0,0,0,0,0,0,0,0,0,0,0,0,0,0,0,0,0,0,0,0,1,0,0,0,1,0,0,0,1,1,0,0,0,1,0,0,0,1,0,0,0,1,0,1,1,0,0,1,1,0,0,0,1,0,0,0,0,0,0,1,0,0,0,0,0,1,0,0,0,0,0,0,0,1,0,0,0,0,1,0,0,0,0,0,0,0,1,1,0,1,0,0,0,0,0,0,0,0,0,0,0,1,1,1,0,1,1,1,1,0,0,0,0,0,0,0,0,1,1,0,0,0,0,0,0,1,0,0,0,0,0,0,0,1,0,0,1,1,0,0,0,0,1,1,0,0,0,0,0,0,1,0,0,1,0,1,1,0,1,0,0,0,0,1,0,1,0,1,0,0,1,0,1,0,0,0,1,0,0,1,0,1,0,0,0,0,0,1,0,0,0,1,1,0,0,0,0,0,0,0,1,0,0,0,0,0,0,0,1,0,0
0,0,0,1,0,1,1,0,0,0,1,0,1,1,0,0,0,0,0,0,0,0,0,0,0,1,0,0,0,0,1,0,0,0,1,0,0,0,0,0,0,1,1,1,0,1,0,1,1,1,1,1,1,1,0,1,0,0,0,0,0,1,1,0,0,1,1,1,1,0,1,0,0,0,1,0,1,0,0,1,0,1,1,1,1,0,0,1,0,1,0,1,1,1,1,0,1,0,0,1,0,1,1,1,0,0,0,0,0,0,1,1,0,0,0,0,1,0,0,0,0,0,1,0,0,0,1,0,0,0,0,0,0,0,0,0,0,0,0,0,1,0,0,0,0,0,0,0,1,1,0,0,0,0,0,0,0,0,0,0,0,0,0,0,1,1,0,0,0,0,0,0,0,0,1,0,1,0,0,0,0,0,0,0,0,1,1,0,0,1,0,0,0,0,0,0,0,0,0,0,0,0,0,0,0,0,0,0,0,0,0,0,0,0,0,0,0,0,0,0,0
0,0,0,1,0,1,1,0,0,0,1,0,1,1,0,0,0,0,0,0,0,0,0,0,0,1,1,0,0,0,1,0,0,0,1,0,0,0,0,0,0,1,1,1,0,1,0,1,1,1,1,1,1,1,0,1,0,0,0,0,0,1,1,0,0,1,1,1,1,0,1,0,0,0,1,0,1,0,0,1,0,1,1,1,1,0,0,1,0,1,0,1,1,1,1,0,1,0,0,1,0,1,1,1,0,0,0,0,0,0,1,1,0,0,0,0,1,1,0,0,0,0,1,0,0,0,1,1,1,0,0,0,0,0,0,0,0,0,0,1,1,0,0,0,0,1,0,0,1,1,0,0,0,1,0,0,0,0,0,0,0,0,0,0,1,1,0,0,1,0,0,0,0,0,1,1,1,0,0,0,0,1,0,0,0,1,1,0,0,1,0,0,0,0,0,0,0,1,0,0,0,0,0,0,0,0,0,0,0,0,0,0,0,0,0,0,0,0,0,0,0
0,0,0,0,0,1,1,0,0,0,0,0,0,0,0,1,1,0,0,0,0,0,0,0,0,0,0,0,0,0,1,0,0,0,1,0,0,0,0,0,0,1,1,1,0,0,0,1,1,0,0,1,0,0,0,0,1,0,0,0,0,0,1,0,0,0,0,0,1,1,0,0,0,0,0,0,0,0,0,0,0,0,0,0,0,0,0,0,0,0,0,0,0,0,0,0,0,0,0,0,0,0,0,0,0,0,0,0,0,0,0,1,0,0,0,0,0,0,0,0,0,0,0,0,1,0,0,0,0,0,0,0,0,0,0,0,0,0,0,0,0,0,0,0,0,0,0,0,0,0,1,1,0,0,0,0,0,0,0,0,0,0,0,0,0,0,0,0,0,0,0,0,0,0,0,0,1,0,1,0,0,0,0,0,0,0,0,0,0,0,0,0,0,0,0,0,0,0,0,0,0,0,0,0,0,0,0,0,0,0,0,0,0,0,0,0,0,0,0,0,0
0,0,0,0,0,1,1,1,0,0,1,1,0,0,0,0,0,0,0,0,0,0,0,0,0,0,0,0,0,0,1,0,0,0,0,0,1,0,0,1,0,0,0,1,0,0,0,0,1,0,0,1,0,0,0,0,0,1,1,0,0,0,0,0,0,0,0,0,1,0,0,1,0,1,0,0,0,0,0,0,1,0,0,0,0,0,0,0,0,0,1,0,0,0,0,1,0,1,0,0,0,0,0,0,0,0,0,1,0,0,0,0,1,1,1,0,0,1,0,0,1,0,0,1,0,1,0,1,1,1,0,0,1,0,1,0,1,0,0,1,0,1,0,0,0,1,1,0,0,0,0,0,0,1,0,0,0,1,1,1,0,1,0,0,0,1,0,1,1,1,0,0,0,1,0,1,0,0,0,1,0,1,0,1,0,0,1,0,1,1,1,0,1,1,0,1,1,1,1,1,1,0,0,1,1,0,1,1,1,1,1,0,1,0,1,0,1,1,1,0,1
0,0,0,1,0,1,1,1,0,0,0,0,0,0,0,1,1,1,0,0,0,0,0,0,0,0,0,0,0,0,1,0,0,0,1,0,0,0,1,1,0,1,1,1,0,0,0,1,1,0,0,1,0,1,1,0,1,0,0,0,0,0,1,0,0,0,0,0,1,1,0,0,0,0,0,1,0,0,0,0,0,0,0,1,0,0,0,0,1,0,0,0,0,0,0,0,0,0,0,1,0,0,0,0,0,0,0,0,0,0,0,1,0,0,0,1,1,1,1,0,0,0,0,0,1,0,0,1,1,0,0,0,0,0,0,0,0,0,0,1,0,0,0,1,0,1,0,1,0,0,1,1,1,1,0,0,0,0,0,0,0,0,0,1,0,1,0,0,1,0,0,0,0,0,0,1,1,0,1,0,1,1,1,0,0,0,1,0,0,1,0,1,0,0,0,1,0,1,0,0,0,0,1,0,0,0,0,0,0,0,0,0,0,0,0,0,0,0,0,0,0
0,0,0,0,0,1,0,0,0,0,0,0,0,0,0,0,0,0,0,0,0,0,0,0,0,0,0,0,0,0,1,0,0,0,0,0,0,0,1,1,0,0,0,1,0,0,0,1,1,0,0,1,0,1,1,0,0,1,1,0,0,0,1,0,0,0,0,0,1,0,0,0,0,0,0,1,0,0,0,0,0,0,0,1,0,0,0,0,1,0,1,0,0,0,0,0,1,1,0,1,0,0,0,0,0,0,0,0,0,0,0,1,1,1,0,1,1,1,1,0,0,0,0,1,0,0,0,1,1,0,0,0,0,0,0,1,1,0,0,1,0,0,0,1,0,1,1,1,0,0,0,0,0,1,0,0,0,0,0,1,1,0,0,1,0,1,1,0,1,0,0,0,0,1,0,1,0,1,0,0,1,1,0,0,0,0,1,0,0,1,0,1,0,0,0,0,0,0,0,0,0,1,1,0,0,0,0,0,0,0,0,0,0,0,0,0,0,0,0,0,0
0,0,0,1,0,1,1,0,0,0,1,0,1,1,0,0,0,0,0,0,0,0,0,0,0,1,0,0,0,0,1,0,0,0,1,1,0,0,0,0,0,1,1,1,0,1,0,1,1,1,1,1,1,1,0,1,0,0,0,0,0,1,1,0,0,1,1,1,1,0,1,0,0,0,1,0,1,0,0,1,0,1,1,1,1,0,0,1,0,1,0,1,1,1,1,0,1,0,0,1,0,1,1,1,0,0,0,0,0,0,1,1,0,0,0,0,1,0,0,0,0,0,1,0,0,0,1,0,0,0,0,0,0,0,0,0,0,0,0,0,1,0,0,0,0,0,0,0,1,1,0,0,0,0,0,0,0,0,0,0,0,0,0,0,1,0,0,0,0,0,0,0,0,0,1,0,1,0,0,0,0,0,0,0,0,1,0,0,0,0,0,0,0,0,0,0,0,0,0,0,0,0,0,0,0,0,0,0,0,0,0,0,0,0,0,0,0,0,0,0,0
0,0,0,0,0,1,1,0,0,0,1,1,0,0,0,0,0,0,0,0,0,0,0,0,0,0,0,0,0,0,1,0,0,0,0,0,1,0,0,1,0,0,0,1,0,0,0,0,1,0,0,1,0,0,0,0,0,1,1,0,0,0,0,0,0,0,0,0,1,0,0,1,0,1,0,0,0,0,0,0,1,0,0,0,0,0,0,0,0,0,1,0,0,0,0,1,0,1,0,0,0,0,0,0,0,0,0,1,0,0,0,0,1,1,1,0,0,1,0,0,1,0,0,1,0,1,0,1,1,0,0,0,1,0,0,0,1,0,0,1,0,1,0,0,0,1,1,0,0,0,0,0,0,1,0,0,0,1,0,1,0,1,0,0,0,1,0,0,1,0,0,0,0,1,0,1,0,0,0,1,0,1,0,1,1,0,1,0,1,1,0,0,1,1,0,1,1,1,1,0,0,0,0,1,1,0,1,1,1,1,0,0,1,0,1,0,1,1,0,0,1
0,0,0,0,0,1,1,0,0,1,0,0,0,0,0,1,1,1,0,0,0,0,0,0,0,0,0,0,0,0,1,0,1,0,1,0,0,0,0,1,1,1,1,1,0,0,1,1,1,0,0,1,0,0,0,0,1,0,0,0,0,0,1,0,0,0,0,0,1,1,0,0,0,0,0,0,0,0,0,0,0,0,0,0,0,0,0,0,0,0,0,0,0,0,0,0,0,0,1,0,1,0,0,0,0,0,0,0,0,0,0,1,0,0,0,0,0,1,0,1,0,0,0,0,1,0,0,1,1,0,0,0,0,0,0,0,0,1,0,1,0,0,1,0,0,1,0,1,0,0,1,1,1,1,0,0,0,0,0,0,0,0,0,0,0,1,0,0,1,0,0,0,0,0,0,1,1,0,1,0,0,1,1,0,0,0,1,0,0,1,0,0,0,0,0,1,0,1,0,0,0,0,0,0,0,0,0,0,0,0,0,0,0,0,0,0,0,0,0,0,0
0,0,0,0,0,1,1,0,0,0,0,0,0,0,0,1,1,0,0,0,0,0,0,0,0,0,0,0,0,0,1,0,0,0,1,0,0,0,0,1,0,1,1,1,0,0,0,1,1,0,0,1,0,0,0,0,1,0,0,0,0,0,1,0,0,0,0,0,1,1,0,0,0,0,0,0,0,0,0,0,0,0,0,0,0,0,0,0,0,0,0,0,0,0,0,0,0,0,0,0,0,0,0,0,0,0,0,0,0,0,0,1,0,0,0,0,0,0,0,0,0,0,0,0,1,0,0,0,0,0,0,0,0,0,0,0,0,0,0,0,0,0,0,0,0,0,0,0,0,0,1,1,0,0,0,0,0,0,0,0,0,0,0,0,0,0,0,0,0,0,0,0,0,0,0,0,1,0,1,0,0,0,0,0,0,0,0,0,0,0,0,0,0,0,0,0,0,0,0,0,0,0,0,0,0,0,0,0,0,0,0,0,0,0,0,0,0,0,0,0,0
0,0,0,0,0,1,1,0,0,0,0,0,0,0,0,0,0,0,0,0,0,0,0,0,0,0,0,0,0,0,1,0,0,0,0,0,0,0,1,1,0,0,0,1,0,0,0,1,0,0,0,1,0,1,1,0,1,1,1,0,0,0,1,0,0,0,0,0,1,0,0,1,0,0,0,1,0,0,1,0,1,0,0,1,0,0,1,0,1,0,1,0,0,0,0,0,1,1,0,1,0,0,0,0,0,0,0,0,0,0,0,1,1,1,0,1,1,1,1,0,0,0,0,1,0,0,0,1,1,0,0,0,0,0,0,1,1,0,0,1,0,0,0,1,0,1,1,1,0,0,1,0,0,1,1,0,1,0,0,1,1,0,1,1,0,1,1,0,1,0,0,0,0,1,0,1,0,1,0,0,1,1,0,0,0,0,1,0,0,1,0,1,0,0,0,0,0,0,0,0,0,1,1,0,0,0,0,0,0,0,0,0,0,0,0,0,0,0,0,0,0
0,0,0,0,0,1,0,0,0,0,0,0,0,0,0,0,0,0,0,0,0,0,0,0,0,0,0,0,0,0,1,0,0,0,1,0,0,0,1,1,0,0,0,1,0,0,0,1,0,0,0,1,0,1,1,0,0,1,1,0,0,0,1,0,0,0,0,0,0,1,0,0,0,0,0,1,0,0,0,0,0,0,0,1,0,0,0,0,1,0,0,0,0,0,0,0,1,1,0,1,0,0,0,0,0,0,0,0,0,0,0,1,1,1,0,1,1,1,1,0,0,0,0,0,0,0,0,1,1,0,0,0,0,0,0,1,0,0,0,0,0,0,0,1,0,0,1,1,0,0,0,0,1,1,0,0,0,0,0,0,1,0,0,1,0,1,1,0,1,0,0,0,0,1,0,1,0,1,0,0,1,0,1,0,0,0,1,0,0,1,0,1,0,0,0,0,0,0,0,0,0,1,1,0,0,0,0,0,0,0,0,0,0,0,0,0,0,0,0,0,0
0,0,0,1,0,1,0,0,0,0,1,0,1,1,0,0,0,0,0,0,0,0,0,0,0,1,0,0,0,0,1,0,0,0,0,1,0,0,0,1,0,1,1,1,0,1,0,1,1,1,1,1,1,1,0,1,0,0,0,0,0,1,1,0,0,1,1,1,1,0,1,0,0,0,1,0,1,0,0,1,0,1,1,1,1,0,0,1,0,1,0,1,1,1,1,0,1,0,0,1,0,1,1,1,0,0,0,0,0,0,1,1,0,0,0,0,1,0,0,0,0,0,1,0,0,0,1,0,0,0,0,0,0,0,0,0,0,0,0,0,1,0,0,0,0,0,0,0,1,1,0,0,0,0,0,0,0,0,0,0,0,0,0,0,1,0,0,0,0,0,0,0,0,0,1,0,1,0,0,0,0,0,0,0,0,1,0,0,0,0,0,0,0,0,0,0,0,0,0,0,0,0,0,0,0,1,0,0,0,0,0,0,0,0,0,0,0,0,0,0,0
0,0,0,0,0,1,0,0,0,0,0,0,0,0,0,0,0,0,0,0,0,0,0,0,0,0,0,0,0,0,1,0,0,0,0,0,0,0,0,1,0,0,0,1,0,0,0,0,1,0,0,1,0,0,0,0,0,1,1,0,0,0,0,0,0,0,0,0,1,0,0,0,0,0,0,0,0,0,0,0,0,0,0,0,0,0,0,0,0,0,1,0,0,0,0,0,0,1,0,0,0,0,0,0,0,0,0,0,0,0,0,0,1,1,0,0,0,1,0,0,0,0,0,1,0,0,0,1,1,0,0,0,0,0,0,0,1,0,0,1,0,0,0,0,0,1,1,0,0,0,0,0,0,1,0,0,0,0,0,1,0,0,0,0,0,1,0,0,1,0,0,0,0,1,0,1,0,0,0,0,0,1,0,0,0,0,1,0,0,1,0,0,0,0,0,0,0,0,1,0,0,0,0,0,0,0,0,0,1,0,0,0,0,0,0,0,1,0,0,0,0
0,0,0,1,0,1,1,0,0,0,0,0,0,0,0,1,1,1,0,0,0,0,0,0,0,0,0,0,0,0,1,0,0,1,1,0,0,0,1,1,0,1,1,1,0,0,0,1,1,0,0,1,0,1,1,0,1,0,0,0,0,0,1,0,1,0,0,0,1,1,0,0,0,0,0,1,0,0,0,0,0,0,0,1,0,0,0,0,1,0,0,0,0,0,0,0,0,0,0,1,0,0,0,0,0,0,0,0,0,0,0,1,0,0,0,1,1,1,1,0,0,0,0,0,1,0,0,1,1,0,0,0,0,0,0,0,0,0,0,1,0,0,0,1,0,1,0,1,0,0,1,1,1,1,0,0,0,0,0,0,0,0,0,1,0,1,0,0,1,0,1,0,0,0,0,1,1,0,1,0,1,1,1,0,0,0,1,0,0,1,0,1,0,0,0,1,0,1,0,0,0,0,1,0,0,0,0,0,0,0,0,0,0,0,0,0,0,0,0,0,0
0,0,0,0,0,1,1,0,0,0,1,1,0,0,0,0,0,0,0,0,0,0,0,0,0,0,0,0,0,0,1,0,0,0,0,0,1,0,0,1,0,0,1,1,0,0,0,0,1,0,0,1,0,0,0,0,0,1,1,0,0,0,0,0,0,0,0,0,1,0,0,1,0,1,0,0,0,0,0,0,1,0,0,0,0,0,0,0,0,0,1,0,0,0,0,1,0,1,0,0,0,0,0,0,0,0,0,1,0,0,0,0,1,1,1,0,0,1,0,0,1,0,0,1,0,1,0,1,1,0,0,0,1,0,0,0,1,0,0,1,0,1,0,0,0,1,1,0,0,0,1,0,0,1,1,0,0,1,0,1,0,1,1,0,0,1,0,0,1,0,0,0,0,1,0,1,0,0,0,1,0,1,0,1,1,0,1,0,1,1,0,0,1,1,0,1,1,1,1,0,0,0,0,1,1,0,1,1,1,1,0,0,1,0,1,0,1,1,0,0,1
0,0,0,0,0,1,1,0,0,0,0,0,0,0,0,0,0,0,0,0,0,0,0,0,0,0,0,0,0,0,0,0,0,0,0,0,0,0,1,0,0,0,0,0,0,0,0,0,0,0,0,1,0,1,1,0,0,0,0,0,0,0,0,0,0,0,0,0,0,0,0,0,0,0,0,1,0,0,0,0,0,0,0,1,0,0,0,0,1,0,0,0,0,0,0,0,0,0,0,1,0,0,0,0,0,0,0,0,0,0,0,0,0,0,0,1,1,0,1,0,0,0,0,0,0,0,0,0,0,0,0,0,0,0,0,0,0,0,0,0,0,0,0,1,0,0,0,1,0,0,0,0,0,0,0,0,0,0,0,0,0,0,0,1,0,0,0,0,0,0,0,0,0,0,0,0,0,0,0,0,1,0,0,0,0,0,0,0,0,0,0,0,0,0,0,0,0,0,0,0,0,0,0,0,0,0,0,0,0,0,0,0,0,0,0,0,0,0,0,0,0
0,0,0,0,0,1,0,0,0,0,1,1,0,0,0,0,0,0,0,0,0,0,0,0,0,0,0,0,0,0,1,0,0,0,0,0,1,0,0,1,0,0,0,1,0,0,0,0,0,0,0,1,0,0,0,0,0,0,0,0,0,0,0,0,0,0,0,0,0,0,0,1,0,1,0,0,0,0,0,0,1,0,0,0,0,0,0,0,0,0,0,0,0,0,0,1,0,0,0,0,0,0,0,0,0,0,0,1,0,0,0,0,0,0,0,0,0,0,0,0,1,0,0,0,0,0,0,0,0,0,0,0,1,0,0,0,0,0,0,0,0,1,0,0,0,0,0,0,0,0,0,0,0,0,0,0,0,1,0,0,0,0,0,0,0,0,0,0,0,0,0,0,0,0,0,0,0,0,0,0,0,0,0,1,1,0,0,0,1,0,0,0,1,0,0,1,1,0,0,0,0,0,0,1,0,0,1,0,0,1,0,0,0,1,0,1,0,1,0,0,0
0,0,0,0,0,0,0,0,0,0,0,0,0,0,0,0,0,0,0,0,0,0,0,0,0,0,0,0,0,0,0,0,0,0,0,0,0,0,0,0,0,1,0,0,0,0,0,1,0,0,0,1,0,0,0,0,0,0,0,0,0,0,1,0,0,0,0,0,0,0,0,0,0,0,0,0,0,0,0,0,0,0,0,0,0,0,0,0,0,0,0,0,0,0,0,0,0,0,0,0,0,0,0,0,0,0,0,0,0,0,0,1,0,0,0,0,0,0,0,0,0,0,0,0,0,0,0,0,0,0,0,0,0,0,0,0,0,0,0,0,0,0,0,0,0,0,0,0,0,0,0,0,0,0,0,0,0,0,0,0,0,0,0,0,0,0,0,0,0,0,0,0,0,0,0,0,0,0,0,0,0,0,0,0,0,0,0,0,0,0,0,0,0,0,0,0,0,0,0,0,0,0,0,0,0,0,0,0,0,0,0,0,0,0,0,0,0,0,0,0,0
0,0,0,1,0,1,1,0,0,0,0,0,0,0,0,0,0,0,0,0,0,0,0,0,0,0,0,0,0,0,0,0,0,0,0,0,0,0,1,0,0,0,0,0,0,0,0,1,0,0,0,1,0,1,1,0,0,0,0,0,0,0,1,0,0,0,0,0,0,0,0,0,0,0,0,1,0,0,0,0,0,0,0,1,0,0,0,0,1,0,0,0,0,0,0,0,1,0,0,1,0,0,0,0,0,0,0,0,0,0,0,1,0,0,0,1,1,0,1,0,0,0,0,0,0,0,0,0,0,0,0,0,0,0,0,1,0,0,1,0,0,0,0,1,1,0,0,1,0,0,0,0,0,0,0,0,0,0,0,0,1,0,0,1,0,0,0,0,0,0,0,0,0,0,0,0,0,1,0,0,1,0,0,0,0,0,0,0,0,0,0,0,0,0,0,0,0,0,0,0,0,0,0,0,0,0,0,0,0,0,0,0,0,0,0,0,0,0,0,0,0
0,0,0,1,0,0,0,0,0,0,0,0,0,0,0,0,0,0,0,0,0,0,0,0,0,0,0,0,0,0,0,0,0,1,0,0,0,0,1,0,0,0,0,0,0,0,0,1,0,0,0,1,0,1,1,0,0,0,0,0,0,0,1,0,1,0,0,0,0,0,0,0,0,0,0,1,0,0,0,0,0,0,0,1,0,0,0,0,1,0,0,0,0,0,0,0,1,0,0,1,0,0,0,0,0,0,0,0,0,0,0,1,0,0,0,1,1,0,1,0,0,0,0,0,0,0,0,0,0,0,0,0,0,0,0,1,0,0,1,0,0,0,0,1,1,0,0,1,0,0,0,0,0,0,0,0,0,0,0,0,1,0,0,1,0,0,0,0,0,0,1,0,0,0,0,0,0,1,0,0,1,0,0,0,0,0,0,0,0,0,0,0,0,0,0,0,0,0,0,0,0,0,0,0,0,0,0,0,0,0,0,0,0,0,0,0,0,0,0,0,0
0,0,0,1,0,1,1,0,0,0,1,0,1,1,0,0,0,0,0,0,0,0,0,0,0,1,0,0,0,0,1,0,0,0,1,1,0,0,0,1,0,1,1,1,0,1,0,1,1,1,1,1,1,1,0,1,0,0,0,0,0,1,1,0,0,1,1,1,1,0,1,0,0,0,1,0,1,0,0,1,0,1,1,1,1,0,0,1,0,1,0,1,1,1,1,0,1,0,0,1,0,1,1,1,0,0,0,0,0,0,1,1,0,0,0,0,1,0,0,0,0,0,1,0,0,0,1,0,0,0,0,0,0,0,0,0,0,0,0,0,1,0,0,0,0,0,0,0,1,1,0,0,0,0,0,0,0,0,0,0,0,0,0,0,1,0,0,0,0,0,0,0,0,0,1,0,1,0,0,0,0,0,0,0,0,1,0,0,0,0,0,0,0,0,0,0,0,0,0,0,0,0,0,0,0,1,0,0,0,0,0,0,0,0,0,0,0,0,0,0,0
0,0,0,0,0,1,1,0,0,0,1,1,0,0,0,0,0,0,0,0,0,0,0,0,0,0,0,0,0,0,1,0,0,0,0,0,1,0,0,1,0,0,0,1,0,0,0,0,1,0,0,1,0,0,0,0,0,1,1,0,0,0,0,0,0,0,0,0,1,0,0,1,0,1,0,0,0,0,0,0,1,0,0,0,0,0,0,0,0,0,1,0,0,0,0,1,0,1,0,0,0,0,0,0,0,0,0,1,0,0,0,0,1,1,1,0,0,1,0,0,1,0,0,1,0,1,0,1,1,0,0,0,1,0,0,0,1,0,0,1,0,1,0,0,0,1,1,0,0,0,0,0,0,1,0,0,0,1,0,1,0,1,0,0,0,1,0,0,1,0,0,0,0,1,0,1,0,0,0,1,0,1,0,1,1,0,1,0,1,1,0,0,1,1,0,1,1,1,1,0,0,0,0,1,1,0,1,1,1,1,1,0,1,0,1,0,1,1,1,0,1
0,0,0,0,0,1,0,0,0,0,0,0,0,0,0,0,0,0,0,0,0,0,0,0,0,0,0,0,0,0,1,0,0,0,1,0,0,0,1,1,0,1,0,1,0,0,0,1,0,0,0,1,0,1,1,0,0,1,1,0,0,0,1,0,0,0,0,0,0,1,0,0,0,0,0,1,0,0,0,0,0,0,0,1,0,0,0,0,1,0,0,0,0,0,0,0,1,1,0,1,0,0,0,0,0,0,0,0,0,0,0,1,1,1,0,1,1,1,1,0,0,0,0,0,0,0,0,1,1,0,0,0,0,0,0,1,0,0,0,0,0,0,0,1,0,0,1,1,0,0,0,0,1,1,0,0,0,0,0,0,1,0,0,1,0,1,1,0,1,0,0,0,0,1,0,1,1,1,0,0,1,0,1,0,0,0,1,0,0,1,0,1,0,0,0,0,0,0,0,0,0,1,1,0,0,0,0,0,0,0,0,0,0,0,0,0,0,0,0,0,0
0,0,0,0,0,1,1,0,1,0,0,0,0,0,0,0,0,0,0,0,0,0,0,0,0,0,0,0,0,0,1,1,0,0,0,0,0,0,0,0,0,1,1,1,0,0,0,1,1,0,0,1,0,0,0,0,1,0,0,0,0,0,1,0,0,0,0,0,1,0,0,1,0,0,0,0,0,0,0,0,0,0,0,0,0,0,1,0,0,0,0,0,0,0,0,0,0,0,0,0,0,0,0,0,0,0,0,0,0,0,0,1,0,0,0,0,0,0,0,0,0,0,0,0,1,0,0,0,0,0,0,0,0,0,0,0,0,0,0,0,0,0,0,0,0,0,0,0,0,0,0,1,0,0,0,0,0,0,0,0,0,0,0,0,0,0,0,0,0,0,0,0,0,0,0,0,0,0,1,0,0,0,0,0,0,0,0,0,0,0,0,0,0,0,0,0,0,0,0,0,0,0,0,0,0,0,0,0,0,0,0,0,0,0,0,0,0,0,0,0,0
0,0,0,0,0,1,1,0,1,0,0,0,0,0,0,0,0,0,0,0,0,0,0,0,0,0,0,0,0,0,1,1,0,0,0,0,0,0,0,0,0,1,1,1,0,0,0,1,1,0,0,1,0,0,0,0,1,0,0,0,0,0,1,0,0,0,0,0,1,0,0,1,0,0,0,0,0,0,0,0,0,0,0,0,0,0,1,0,0,0,0,0,0,0,0,0,0,0,0,0,0,0,0,0,0,0,0,0,0,0,0,1,0,0,0,0,0,0,0,0,0,0,0,0,1,0,0,0,0,0,0,0,0,0,0,0,0,0,0,0,0,0,0,0,0,0,0,0,0,0,0,1,0,0,0,0,0,0,0,0,0,0,0,0,0,0,0,0,0,0,0,0,0,0,0,0,0,0,1,0,0,0,0,0,0,0,0,0,0,0,0,0,0,0,0,1,0,0,0,0,0,0,0,0,0,0,0,0,0,0,0,0,0,0,0,0,0,0,0,0,0
0,0,0,1,0,1,1,0,0,0,1,0,1,1,0,0,0,1,1,0,0,0,0,0,0,1,1,0,1,0,1,0,0,0,1,0,0,0,0,0,0,1,0,1,0,1,0,1,0,0,0,0,1,1,0,1,0,0,0,1,0,1,0,0,0,1,0,1,0,0,1,1,0,0,1,0,1,1,0,1,1,0,1,1,1,1,0,1,1,1,0,1,1,1,0,0,1,0,0,0,0,1,1,0,1,0,1,0,0,1,1,0,0,0,0,1,0,0,1,0,0,1,1,0,0,0,0,0,0,0,1,0,0,0,0,1,0,0,0,0,1,0,0,1,0,0,0,1,0,0,0,0,0,0,0,0,0,0,0,0,1,0,0,1,0,0,0,0,0,0,0,1,0,0,1,0,1,1,0,0,1,0,0,0,0,0,0,0,0,0,0,0,0,0,0,1,1,0,0,0,0,0,0,0,0,0,1,0,0,1,0,0,0,0,0,1,0,1,0,0,0
0,0,0,1,0,1,1,0,0,0,1,0,1,1,0,0,0,0,0,0,0,0,0,0,0,1,1,0,0,0,1,0,0,0,1,0,0,0,0,0,0,1,0,1,0,1,0,1,0,0,0,0,1,1,0,1,0,0,0,1,0,1,0,0,0,1,0,1,0,0,1,1,0,0,1,0,1,1,0,1,1,0,1,1,1,1,0,1,1,1,0,1,1,1,0,0,1,0,0,0,0,1,1,0,1,0,1,0,0,1,1,0,0,0,0,1,0,0,1,0,0,1,1,0,0,0,0,0,0,0,1,0,0,0,0,1,0,0,0,0,1,0,0,1,0,0,0,1,0,0,0,0,0,0,0,0,0,0,0,0,1,0,0,1,0,0,0,0,0,0,0,1,0,0,1,0,1,1,0,0,1,0,0,0,0,0,0,0,0,0,0,0,0,0,0,0,0,0,0,0,0,0,0,0,0,0,0,0,0,0,0,0,0,0,0,0,0,0,0,0,0
0,0,0,0,0,1,1,0,1,0,0,0,0,0,0,0,0,0,0,0,0,0,0,0,0,0,0,0,0,0,1,1,0,0,0,0,1,0,0,0,0,1,1,1,0,0,0,1,1,0,0,1,0,0,0,0,1,0,0,0,0,0,1,0,0,0,0,0,1,0,0,1,0,0,0,0,0,0,0,0,0,0,0,0,0,0,1,0,0,0,0,0,0,0,0,0,0,0,0,0,0,0,0,0,0,0,0,0,0,0,0,1,0,0,0,0,0,0,0,0,0,0,0,0,1,0,0,0,0,0,0,0,0,0,0,0,0,0,0,0,0,0,0,0,0,0,0,0,0,0,0,1,0,0,0,0,0,0,0,0,0,0,0,0,0,0,0,0,0,0,0,0,0,0,0,0,0,0,1,0,0,0,0,0,0,0,0,0,0,0,0,0,0,0,0,0,0,0,0,0,0,0,0,0,0,0,0,0,0,0,0,0,0,0,0,0,0,0,0,0,0
0,1,0,1,0,1,1,0,0,0,1,0,1,1,1,0,0,1,1,0,0,0,0,0,0,0,1,0,0,0,1,0,0,1,0,1,1,0,1,1,0,1,0,1,0,0,0,1,0,0,0,1,1,1,1,0,1,1,1,0,0,0,1,1,1,0,0,0,1,0,0,1,0,0,0,1,0,0,0,0,0,0,0,1,0,1,1,0,1,0,1,0,0,0,0,0,1,1,0,1,0,0,0,0,0,1,0,0,0,0,0,1,1,1,0,1,1,1,1,0,0,0,1,1,0,0,0,1,1,0,0,0,0,0,0,1,1,0,0,1,0,0,0,1,0,1,1,1,0,1,0,0,0,1,0,0,1,0,0,1,1,0,0,1,1,1,0,0,1,0,1,1,0,1,1,1,1,1,0,0,1,1,0,0,0,1,1,1,0,1,0,1,0,0,0,1,1,1,1,0,0,1,0,0,0,1,1,0,1,0,0,1,0,0,0,0,1,0,0,1,0
1,1,0,1,0,1,1,0,0,0,1,0,1,1,1,0,0,1,1,0,0,1,1,0,0,0,1,0,1,0,1,0,0,1,0,1,1,0,1,1,0,1,0,1,0,0,0,1,0,0,0,1,1,1,1,0,1,1,1,0,0,0,1,1,1,0,0,0,1,0,0,1,0,0,0,1,0,0,0,0,0,0,0,1,0,1,1,0,1,0,1,0,0,0,0,0,1,1,0,1,0,0,0,0,0,0,0,0,0,0,0,1,1,1,0,1,1,1,1,0,0,0,1,1,0,0,0,1,1,0,0,0,0,0,0,1,1,0,0,1,0,0,0,1,0,1,1,1,0,1,0,0,0,1,0,0,1,0,0,1,1,0,0,1,1,1,0,0,1,0,1,1,0,1,1,1,1,1,0,0,1,1,0,0,0,1,1,1,0,1,0,1,0,0,0,1,1,1,1,0,0,1,0,0,0,1,1,0,1,0,0,1,0,0,0,0,1,0,0,1,0
0,0,0,0,0,1,1,0,1,0,0,0,0,0,0,0,0,0,0,0,0,0,0,0,0,0,0,0,0,0,1,1,0,0,0,0,0,0,0,0,0,1,1,1,0,0,0,1,1,0,0,1,0,0,0,0,1,0,0,0,0,0,1,0,0,0,0,0,1,0,0,1,0,0,0,0,0,0,0,0,0,0,0,0,0,0,1,0,0,0,0,0,0,0,0,0,0,0,0,0,0,0,0,0,0,0,0,0,0,0,0,1,0,0,0,0,0,0,0,0,0,0,0,0,1,0,0,0,0,0,0,0,0,0,0,0,0,0,0,0,0,0,0,0,0,0,0,0,0,0,0,1,0,0,0,0,0,0,0,0,0,0,0,0,0,0,0,0,0,0,0,0,0,0,0,0,0,0,1,0,0,0,0,0,0,0,0,0,0,0,0,0,0,0,0,0,0,0,0,0,0,0,0,0,0,0,0,0,0,0,0,0,0,0,0,0,0,0,0,0,0
0,1,0,1,0,1,1,0,0,0,1,0,1,1,1,0,0,1,1,0,0,0,0,0,0,0,1,0,0,0,1,0,0,1,0,1,0,0,1,1,0,1,0,1,0,0,0,1,0,0,0,1,1,1,1,0,1,1,1,0,0,0,1,1,1,0,0,0,1,0,0,1,0,0,0,1,0,0,0,0,0,0,0,1,0,1,1,0,1,0,1,0,0,0,0,0,1,1,0,1,0,0,0,0,0,0,0,0,0,0,0,1,1,1,0,1,1,1,1,0,0,0,1,1,0,0,0,1,1,0,0,0,0,0,0,1,1,0,0,1,0,0,0,1,0,1,1,1,0,1,0,0,0,1,0,0,1,0,0,1,1,0,0,1,1,1,0,0,1,0,1,1,0,1,1,1,1,1,0,0,1,1,0,0,0,1,1,1,0,1,0,1,0,0,0,1,1,1,1,0,0,1,0,0,0,1,1,0,1,0,0,1,0,0,0,0,1,0,0,1,0
0,0,0,1,0,1,1,0,1,0,1,0,1,1,1,0,0,0,0,0,0,0,0,0,0,1,1,1,0,0,1,1,0,0,1,0,0,0,0,0,0,1,0,1,0,1,0,1,0,0,0,0,1,1,0,1,0,0,0,0,0,1,0,0,0,1,0,1,0,0,1,1,0,0,1,0,1,1,0,1,1,0,1,1,1,1,0,1,1,1,0,1,1,1,0,0,1,0,0,0,0,1,1,0,1,0,1,0,0,1,1,0,0,0,0,1,0,0,1,0,0,1,1,0,0,0,0,0,0,0,1,0,0,0,0,1,0,0,0,0,1,0,0,1,0,0,0,1,0,0,0,0,0,0,0,0,0,0,0,0,1,0,0,1,0,0,0,0,0,0,0,1,0,0,1,0,1,1,0,0,1,0,0,0,0,0,0,0,0,0,0,0,0,0,0,0,0,0,0,0,0,0,0,0,0,0,0,0,0,0,0,0,0,0,0,0,0,0,0,0,0
0,0,0,0,0,1,1,0,1,0,0,0,0,0,0,0,0,0,0,0,0,0,0,0,0,0,0,0,0,0,1,1,0,0,0,0,0,0,0,0,0,1,1,1,0,0,0,1,1,0,0,1,0,0,0,0,1,0,0,0,0,0,1,0,0,0,0,0,1,0,0,1,0,0,0,0,0,0,0,0,0,0,0,0,0,0,1,0,0,0,0,0,0,0,0,0,0,0,0,0,0,0,0,0,0,0,0,0,0,0,0,1,0,0,0,0,0,0,0,0,0,0,0,0,1,0,0,0,0,0,0,0,0,0,0,0,0,0,0,0,0,0,0,0,0,0,0,0,0,0,0,1,0,0,0,0,0,0,0,0,0,0,0,0,0,0,0,0,0,0,0,0,0,0,0,0,0,0,1,0,0,0,0,0,0,0,0,0,0,0,0,0,0,0,0,0,0,0,0,0,0,0,0,0,0,0,0,0,0,0,0,0,0,0,0,0,0,0,0,0,0
0,0,0,0,0,1,1,0,1,0,0,0,0,0,0,0,0,0,0,0,0,0,0,0,0,0,0,0,0,0,1,1,0,0,0,0,0,0,0,0,0,1,1,1,0,0,0,1,1,0,0,1,0,0,0,0,1,0,0,0,0,0,1,0,0,0,0,0,1,0,0,1,0,0,0,0,0,0,0,0,0,0,0,0,0,0,1,0,0,0,0,0,0,0,0,0,0,0,0,0,0,0,0,0,0,0,0,0,0,0,0,1,0,0,0,0,0,0,0,0,0,0,0,0,1,0,0,0,0,0,0,0,0,0,0,0,0,0,0,0,0,0,0,0,0,0,0,0,0,0,0,1,0,0,0,0,0,0,0,0,0,0,0,0,0,0,0,0,0,0,0,0,0,0,0,0,0,0,1,0,0,0,0,0,0,0,0,0,0,0,0,0,0,0,0,0,0,0,0,0,0,0,0,0,0,0,0,0,0,0,0,0,0,0,0,0,0,0,0,0,0
0,0,0,0,0,1,1,0,1,0,0,0,0,0,0,0,0,0,0,0,0,0,0,0,0,0,0,0,0,0,1,1,0,0,0,0,0,0,0,0,0,1,1,1,0,0,0,1,1,0,0,1,0,0,0,0,1,0,0,0,0,0,1,0,0,0,0,0,1,0,0,1,0,0,0,0,0,0,0,0,0,0,0,0,0,0,1,0,0,0,0,0,0,0,0,0,0,0,0,0,0,0,0,0,0,0,0,0,0,0,0,1,0,0,0,0,0,0,0,0,0,0,0,0,1,0,0,0,0,0,0,0,0,0,0,0,0,0,0,0,0,0,0,0,0,0,0,0,0,0,0,1,0,0,0,0,0,0,0,0,0,0,0,0,0,0,0,0,0,0,0,0,0,0,0,0,0,0,1,0,0,0,0,0,0,0,0,0,0,0,0,0,0,0,0,1,0,0,0,0,0,0,0,0,0,0,0,0,0,0,0,0,0,0,0,0,0,0,0,0,0
0,0,0,1,1,1,1,0,0,0,0,0,0,0,0,1,1,1,0,1,1,0,0,0,0,1,1,1,0,0,1,0,0,1,1,0,0,0,1,0,0,1,1,1,1,1,0,1,1,1,1,1,0,1,0,0,0,0,0,0,0,1,1,0,1,1,1,1,0,0,1,1,1,0,1,1,0,1,0,1,1,1,1,1,0,1,0,1,1,1,0,1,0,0,1,1,1,0,0,1,0,1,0,1,1,0,1,1,0,1,1,1,0,0,0,1,1,0,1,0,1,1,0,0,0,0,0,0,0,0,1,1,1,0,0,1,0,0,0,0,0,1,0,1,0,0,0,1,0,0,0,0,0,0,0,0,0,1,0,0,1,0,0,1,0,1,1,0,1,0,0,0,0,0,0,1,1,1,0,0,1,0,0,1,1,0,1,0,0,1,0,0,0,0,0,1,0,1,0,0,0,0,0,0,0,0,0,0,0,0,0,0,0,0,0,0,0,0,0,0,0
1,1,0,1,0,1,1,0,0,0,1,0,1,1,1,0,0,1,1,0,0,1,1,0,0,0,1,0,1,0,1,0,0,1,0,1,1,0,1,1,0,1,0,1,0,0,0,1,0,0,0,1,1,1,1,0,1,1,1,0,0,0,1,1,1,0,0,0,1,0,0,1,0,0,0,1,0,0,0,0,0,0,0,1,0,1,1,0,1,0,1,0,0,0,0,0,1,1,0,1,0,0,0,0,0,0,0,0,0,0,0,1,1,1,0,1,1,1,1,0,0,0,1,1,0,0,0,1,1,0,0,0,0,0,0,1,1,0,0,1,0,0,0,1,0,1,1,1,0,1,0,0,0,1,0,0,1,0,0,1,1,0,0,1,1,1,0,0,1,0,1,1,0,1,1,1,1,1,0,0,1,1,0,0,0,1,1,1,0,1,0,1,0,0,0,1,1,1,1,0,0,1,0,0,0,1,1,0,1,0,0,1,0,0,0,0,1,0,0,1,0
0,0,0,1,1,1,1,0,0,0,1,0,1,1,0,0,0,0,0,0,0,0,0,0,0,1,1,0,0,0,1,0,0,1,1,0,0,0,0,0,0,1,0,1,0,1,0,1,0,0,0,1,1,1,0,1,0,0,0,1,0,1,1,0,1,1,0,1,0,0,1,1,0,0,0,0,1,1,0,1,1,0,0,1,1,1,0,1,1,1,0,1,1,1,0,0,1,0,0,0,0,1,1,0,1,0,1,0,1,1,0,1,0,0,0,1,0,0,1,0,0,1,1,0,1,0,1,0,0,0,1,0,0,0,0,1,0,0,0,0,1,0,0,1,0,0,0,1,1,0,0,0,0,0,0,0,0,0,0,0,1,0,0,1,0,0,0,0,0,0,0,1,0,0,1,0,1,1,0,0,1,0,0,0,0,0,0,0,0,0,0,0,0,0,0,0,0,0,0,0,0,0,0,0,0,0,0,0,0,0,0,0,0,0,0,0,0,0,0,0,0
0,0,0,1,1,1,1,0,1,0,1,0,1,1,0,0,0,0,0,0,0,0,0,0,0,1,0,0,0,0,1,1,0,0,1,0,0,0,0,0,0,1,0,1,0,1,0,1,0,0,0,1,1,0,0,1,0,0,0,0,0,0,1,0,0,1,0,1,0,0,1,1,0,0,0,0,1,1,0,1,1,0,0,0,1,1,0,1,0,1,0,0,1,1,0,0,0,0,0,0,0,1,1,0,0,0,0,0,0,0,1,1,0,0,0,0,0,0,0,0,0,0,1,0,0,0,0,0,0,0,0,0,0,0,0,0,0,0,0,0,1,0,0,0,0,0,0,0,0,0,0,0,0,0,0,0,0,0,0,0,0,0,0,0,0,0,0,0,0,0,0,1,0,0,1,0,1,0,0,0,0,0,0,0,0,0,0,0,0,0,0,0,0,0,0,0,0,0,0,0,0,0,0,0,0,0,0,0,0,0,0,0,0,0,0,0,0,0,0,0,0
0,0,0,0,0,1,1,0,1,0,0,0,0,0,0,0,0,0,0,0,0,0,0,0,0,0,0,0,0,0,1,1,0,0,0,0,1,0,0,0,0,1,1,1,0,0,0,1,1,0,0,1,0,0,0,0,1,0,0,0,0,0,1,0,0,0,0,0,1,0,0,1,0,0,0,0,0,0,0,0,0,0,0,0,0,0,1,0,0,0,0,0,0,0,0,0,0,0,0,0,0,0,0,0,0,0,0,0,0,0,0,1,0,0,0,0,0,0,0,0,0,0,0,0,1,0,0,0,0,0,0,0,0,0,0,0,0,0,0,0,0,0,0,0,0,0,0,0,0,0,0,1,0,0,0,0,0,0,0,0,0,0,0,0,0,0,0,0,0,0,0,0,0,0,0,0,0,0,1,0,0,0,0,0,0,0,0,0,0,0,0,0,0,0,0,0,0,0,0,0,0,0,0,0,0,0,0,0,0,0,0,0,0,0,0,0,0,0,0,0,0
0,1,0,1,0,1,1,0,0,0,1,0,1,1,1,0,0,1,1,0,0,0,0,0,0,0,1,0,0,0,1,0,0,1,0,1,1,0,1,1,0,1,0,1,0,0,0,1,0,0,0,1,1,1,1,0,1,1,1,0,0,0,0,1,1,0,0,0,1,0,0,1,0,0,0,1,0,0,0,0,0,0,0,1,0,1,1,0,1,0,1,0,0,0,0,0,1,1,0,1,0,0,0,0,0,1,0,0,0,0,0,1,1,1,0,1,1,1,1,0,0,0,1,1,0,0,0,1,1,0,0,0,0,0,0,1,1,0,0,1,0,0,0,1,0,1,1,1,0,1,0,0,0,1,0,0,1,0,0,1,1,0,0,1,1,1,0,0,1,0,1,1,0,1,1,1,1,1,0,0,1,1,0,0,0,1,1,1,0,1,0,1,0,0,0,1,1,1,1,0,0,1,0,0,0,1,1,0,1,0,0,1,0,0,0,0,1,0,0,1,0
1,1,0,1,1,1,1,0,1,0,1,0,1,1,0,0,0,0,0,0,0,0,0,0,0,1,0,0,0,0,1,1,0,0,1,0,0,0,0,0,0,1,0,1,0,1,0,1,0,0,0,1,1,0,0,1,0,0,0,0,0,0,1,0,0,1,0,1,0,0,1,1,0,0,0,0,1,1,0,1,1,0,0,0,1,1,0,1,0,1,0,0,1,1,0,0,0,0,0,0,0,1,1,0,0,0,0,0,0,1,1,1,0,0,0,0,0,0,0,0,0,0,1,0,0,0,0,0,0,0,0,0,0,0,0,0,0,0,0,0,1,0,0,0,0,0,0,0,0,0,0,0,0,0,0,0,0,0,0,0,0,0,0,0,0,0,0,0,0,0,0,1,0,0,1,0,1,0,0,0,0,0,0,0,0,0,0,0,0,0,0,0,0,0,0,1,0,0,0,0,0,0,0,0,0,0,0,0,0,0,0,0,0,0,0,0,0,0,0,0,0
0,0,0,1,0,1,1,0,0,0,1,0,1,1,0,0,0,0,0,0,0,0,0,0,0,1,0,0,0,0,1,0,0,0,1,0,0,0,0,0,0,1,0,1,0,1,0,1,0,0,0,1,1,0,0,1,0,0,0,0,0,0,0,0,0,1,0,1,0,0,1,1,0,0,1,0,1,1,0,1,1,0,1,0,1,1,0,1,0,1,0,0,1,1,0,0,0,0,0,0,0,1,1,0,0,0,0,0,0,0,1,0,0,0,0,0,0,0,0,0,0,0,1,0,0,0,0,0,0,0,0,0,0,0,0,0,0,0,0,0,1,0,0,0,0,0,0,0,0,0,0,0,0,0,0,0,0,0,0,0,0,0,0,0,0,0,0,0,0,0,0,1,0,0,1,0,1,0,0,0,0,0,0,0,0,0,0,0,0,0,0,0,0,0,0,0,0,0,0,0,0,0,0,0,0,0,0,0,0,0,0,0,0,0,0,0,0,0,0,0,0
0,0,0,1,0,1,1,0,0,0,1,0,1,1,0,0,0,0,0,0,0,0,0,0,0,1,0,0,0,0,1,0,0,0,1,0,0,0,0,0,0,1,0,1,0,1,0,1,0,0,0,1,1,0,0,1,0,0,0,0,0,0,0,0,0,1,0,1,0,0,1,1,0,0,1,0,1,1,0,1,1,0,1,0,1,1,0,1,0,1,0,0,1,1,0,0,0,0,0,0,0,1,1,0,0,0,0,0,0,0,1,0,0,0,0,0,0,0,0,0,0,0,1,0,0,0,0,0,0,0,0,0,0,0,0,0,0,0,0,0,1,0,0,0,0,0,0,0,0,0,0,0,0,0,0,0,0,0,0,0,0,0,0,0,0,0,0,0,0,0,0,1,0,0,1,0,1,0,0,0,0,0,0,0,0,0,0,0,0,0,0,0,0,0,0,0,0,0,0,0,0,0,0,0,0,0,0,0,0,0,0,0,0,0,0,0,0,0,0,0,0
0,0,0,1,0,1,1,0,0,0,1,0,1,1,0,0,0,0,0,0,0,0,0,0,0,1,1,0,0,0,1,0,0,0,1,0,0,0,0,0,0,1,0,1,0,1,0,1,0,0,0,0,1,0,0,1,0,0,0,0,0,0,0,0,0,1,0,1,0,0,1,1,0,0,1,0,1,1,0,1,1,0,1,0,1,1,0,1,0,1,0,0,1,1,0,0,0,0,0,0,0,1,1,0,0,0,0,0,0,1,1,0,0,0,0,0,0,0,0,0,0,0,1,0,0,0,0,0,0,0,0,0,0,0,0,0,0,0,0,0,1,0,0,0,0,0,0,1,0,0,0,0,0,0,0,0,0,0,0,0,0,0,0,0,0,0,0,0,0,0,0,1,0,0,1,0,1,0,0,0,0,0,0,0,0,0,0,0,0,0,0,0,0,0,0,1,0,0,0,0,0,0,0,0,0,0,0,0,0,0,0,0,0,0,0,0,0,0,0,0,0
0,0,0,1,1,1,1,0,1,0,1,0,1,1,0,0,0,0,0,0,0,0,0,0,0,1,1,0,0,0,1,1,0,0,1,0,0,0,0,0,0,1,0,1,0,1,0,1,0,0,0,1,1,1,0,1,0,0,0,1,0,1,1,0,0,1,0,1,0,0,1,1,0,0,0,0,1,1,0,1,1,0,0,1,1,1,0,1,1,1,0,1,1,1,0,0,1,0,0,0,0,1,1,0,1,0,1,0,0,1,0,1,0,0,0,1,0,0,1,0,0,1,1,0,0,0,0,0,0,0,1,0,0,0,0,1,0,0,0,0,1,0,0,1,0,0,0,1,0,0,0,0,0,0,0,0,0,0,0,0,1,0,0,1,0,0,0,0,0,0,0,1,0,0,1,0,1,1,0,0,1,0,0,0,0,0,0,0,0,0,0,0,0,0,0,0,0,0,0,0,0,0,0,0,0,0,0,0,0,0,0,0,0,0,0,0,0,0,0,0,0
0,0,0,1,0,1,1,0,0,0,1,0,1,1,0,0,0,0,0,0,0,0,0,0,0,1,0,0,0,0,1,0,0,0,1,1,0,0,0,0,0,1,0,1,0,1,0,1,0,0,0,1,1,0,0,1,0,0,0,0,0,0,0,0,0,1,0,1,0,0,1,1,0,0,1,0,1,1,0,1,1,0,1,0,1,1,0,1,0,1,0,0,1,1,0,0,0,0,0,0,0,1,1,0,0,0,0,0,0,1,1,0,0,0,0,0,0,0,0,0,0,0,1,0,0,0,0,0,0,0,0,0,0,0,0,0,0,0,0,0,1,0,0,0,0,0,0,0,0,0,0,0,0,0,0,0,0,0,0,0,0,0,0,0,0,0,0,0,0,0,0,1,0,0,1,0,1,0,0,0,0,0,0,0,0,0,0,0,0,0,0,0,0,0,0,0,0,0,0,0,0,0,0,0,0,0,0,0,0,0,0,0,0,0,0,0,0,0,0,0,0
0,1,0,1,0,1,1,0,0,0,1,0,1,1,1,0,0,1,1,0,0,0,0,0,0,0,1,0,0,0,1,0,0,1,0,1,1,0,1,1,0,1,0,1,0,0,0,1,0,0,0,1,1,1,1,0,1,1,1,0,0,0,1,1,1,0,0,0,1,0,0,1,0,0,0,1,0,0,0,0,0,0,0,1,0,1,1,0,1,0,1,0,0,0,0,0,1,1,0,1,0,0,0,0,0,0,0,0,0,0,0,1,1,1,0,1,1,1,1,0,0,0,1,1,0,0,0,1,1,0,0,0,0,0,0,1,1,0,0,1,0,0,0,1,0,1,1,1,0,1,0,0,0,1,0,0,1,0,0,1,1,0,0,1,1,1,0,0,1,0,1,1,0,1,1,1,1,1,0,0,1,1,0,0,0,1,1,1,0,1,0,1,0,0,0,1,1,1,1,0,0,1,0,0,0,1,1,0,1,0,0,1,0,0,0,0,1,0,0,1,0
0,1,0,1,0,1,1,0,0,0,1,0,1,1,1,0,0,1,1,0,0,0,0,0,0,0,1,0,0,0,1,0,0,1,0,1,0,0,1,1,0,1,0,1,0,0,0,1,0,0,0,1,1,1,1,0,1,1,1,0,0,0,1,1,1,0,0,0,1,0,0,1,0,0,0,1,0,0,0,0,0,0,0,1,0,1,1,0,1,0,1,0,0,0,0,0,1,1,0,1,0,0,0,0,0,1,0,0,0,0,0,1,1,1,0,1,1,1,1,0,0,0,1,1,0,0,0,1,1,0,0,0,0,0,0,1,1,0,0,1,0,0,0,1,0,1,1,1,0,1,0,0,0,1,0,0,1,0,0,1,1,0,0,1,1,1,0,0,1,0,1,1,0,1,1,1,1,1,0,0,1,1,0,0,0,1,1,1,0,1,0,1,0,0,0,1,1,1,1,0,0,1,0,0,0,1,1,0,1,0,0,1,0,0,0,0,1,0,0,1,0
0,0,0,0,0,1,1,0,1,0,0,0,0,0,0,0,0,0,0,0,0,0,0,0,0,0,0,0,0,0,1,1,0,0,0,0,0,0,0,0,0,1,1,1,0,0,0,1,1,0,0,1,0,0,0,0,1,0,0,0,0,0,1,0,0,0,0,0,1,0,0,1,0,0,0,0,0,0,0,0,0,0,0,0,0,0,1,0,0,0,0,0,0,0,0,0,0,0,0,0,0,0,0,0,0,0,0,0,0,0,0,1,0,0,0,0,0,0,0,0,0,0,0,0,1,0,0,0,0,0,0,0,0,0,0,0,0,0,0,0,0,0,0,0,0,0,0,0,0,0,0,1,0,0,0,0,0,0,0,0,0,0,0,0,0,0,0,0,0,0,0,0,0,0,0,0,0,0,1,0,0,0,0,0,0,0,0,0,0,0,0,0,0,0,0,0,0,0,0,0,0,0,0,0,0,0,0,0,0,0,0,0,0,0,0,0,0,0,0,0,0
0,1,0,1,0,1,1,0,0,0,1,0,1,1,1,0,0,1,1,0,0,0,0,0,0,0,1,0,0,0,1,0,0,1,0,1,0,0,1,1,0,1,0,1,0,0,0,1,0,0,0,1,1,1,1,0,1,1,1,0,0,0,1,1,1,0,0,0,1,0,0,1,0,0,0,1,0,0,0,0,0,0,0,1,0,1,1,0,1,0,1,0,0,0,0,0,1,1,0,1,0,0,0,0,0,1,0,0,0,0,0,1,1,1,0,1,1,1,1,0,0,0,1,1,0,0,0,1,1,0,0,0,0,0,0,1,1,0,0,1,0,0,0,1,0,1,1,1,0,1,0,0,0,1,0,0,1,0,0,1,1,0,0,1,1,1,0,0,1,0,1,1,0,1,1,1,1,1,0,0,1,1,0,0,0,1,1,1,0,1,0,1,0,0,0,1,1,1,1,0,0,1,0,0,0,1,1,0,1,0,0,1,0,0,0,0,1,0,0,1,0
1,1,1,1,0,1,1,0,0,0,1,0,1,1,1,0,0,1,1,0,0,1,1,1,0,0,1,0,1,1,1,0,0,1,0,1,0,0,1,1,0,1,0,1,0,0,0,1,0,0,0,1,1,1,1,0,1,1,1,0,0,0,1,1,1,0,0,0,1,0,0,1,0,0,0,1,0,0,0,0,0,0,0,1,0,1,1,0,1,0,1,0,0,0,0,0,1,1,0,1,0,0,0,0,0,0,0,0,0,0,0,1,1,1,0,1,1,1,1,0,0,0,1,1,0,0,0,1,1,0,0,0,0,0,0,1,1,0,0,1,0,0,0,1,0,1,1,1,0,1,0,0,0,1,0,0,1,0,0,1,1,0,0,1,1,1,0,0,1,0,1,1,0,1,1,1,1,1,0,0,1,1,0,0,0,1,1,1,0,1,0,1,0,0,0,1,1,1,1,0,0,1,0,0,0,1,1,0,1,0,0,1,0,0,0,0,1,0,0,1,0
0,0,0,0,0,1,1,0,1,0,0,0,0,0,0,0,0,0,0,0,0,0,0,0,0,0,0,0,0,0,1,1,0,0,0,0,0,0,0,0,0,1,1,1,0,0,0,1,1,0,0,1,0,0,0,0,1,0,0,0,0,0,1,0,0,0,0,0,1,0,0,1,0,0,0,0,0,0,0,0,0,0,0,0,0,0,1,0,0,0,0,0,0,0,0,0,0,0,0,0,0,0,0,0,0,0,0,0,0,0,0,1,0,0,0,0,0,0,0,0,0,0,0,0,1,0,0,0,0,0,0,0,0,0,0,0,0,0,0,0,0,0,0,0,0,0,0,0,0,0,0,1,0,0,0,0,0,0,0,0,0,0,0,0,0,0,0,0,0,0,0,0,0,0,0,0,0,0,1,0,0,0,0,0,0,0,0,0,0,0,0,0,0,0,0,0,0,0,0,0,0,0,0,0,0,0,0,0,0,0,0,0,0,0,0,0,0,0,0,0,0
0,1,0,1,0,1,1,0,0,0,1,0,1,1,1,0,0,1,1,0,0,0,0,0,0,0,1,0,0,0,1,0,0,1,0,1,0,0,1,1,0,1,0,1,0,0,0,1,0,0,0,1,1,1,1,0,1,1,1,0,0,0,0,1,1,0,0,0,1,0,0,1,0,0,0,1,0,0,0,0,0,0,0,1,0,1,1,0,1,0,1,0,0,0,0,0,1,1,0,1,0,0,0,0,0,1,0,0,0,0,0,1,1,1,0,1,1,1,1,0,0,0,1,1,0,0,0,1,1,0,0,0,0,0,0,1,1,0,0,1,0,0,0,1,0,1,1,1,0,1,0,0,0,1,0,0,1,0,0,1,1,0,0,1,1,1,0,0,1,0,1,1,0,1,1,1,1,1,0,0,1,1,0,0,0,1,1,1,0,1,0,1,0,0,0,1,1,1,1,0,0,1,0,0,0,1,1,0,1,0,0,1,0,0,0,0,1,0,0,1,0
0,1,0,1,0,1,1,0,0,0,1,0,1,1,1,0,0,1,1,0,0,1,1,0,0,0,1,0,1,0,1,0,0,1,0,1,0,0,1,1,0,1,0,1,0,0,0,1,0,0,0,1,1,1,1,0,1,1,1,0,0,0,1,1,1,0,0,0,1,0,0,1,0,0,0,1,0,0,0,0,0,0,0,1,0,1,1,0,1,0,1,0,0,0,0,0,1,1,0,1,0,0,0,0,0,0,0,0,0,0,0,1,1,1,0,1,1,1,1,0,0,0,1,1,0,0,0,1,1,0,0,0,0,0,0,1,1,0,0,1,0,0,0,1,0,1,1,1,0,1,0,0,0,1,0,0,1,0,0,1,1,0,0,1,1,1,0,0,1,0,1,1,0,1,1,1,1,1,0,0,1,1,0,0,0,1,1,1,0,1,0,1,0,0,0,1,1,1,1,0,0,1,0,0,0,1,1,0,1,0,0,1,0,0,0,0,1,0,0,1,0
1,1,1,1,0,1,1,0,0,0,1,0,1,1,1,0,0,1,1,0,0,1,1,1,0,0,1,0,1,1,1,0,0,1,0,1,1,0,1,1,0,1,0,1,0,0,0,1,0,0,0,1,1,1,1,0,1,1,1,0,0,0,1,1,1,0,0,0,1,0,0,1,0,0,0,1,0,0,0,0,0,0,0,1,0,1,1,0,1,0,1,0,0,0,0,0,1,1,0,1,0,0,0,0,0,0,0,0,0,0,0,1,1,1,0,1,1,1,1,0,0,0,1,1,0,0,0,1,1,0,0,0,0,0,0,1,1,0,0,1,0,0,0,1,0,1,1,1,0,1,0,0,0,1,0,0,1,0,0,1,1,0,0,1,1,1,0,0,1,0,1,1,0,1,1,1,1,1,0,0,1,1,0,0,0,1,1,1,0,1,0,1,0,0,0,1,1,1,1,0,0,1,0,0,0,1,1,0,1,0,0,1,0,0,0,0,1,0,0,1,0
0,1,0,1,0,1,1,0,0,0,1,0,1,1,1,0,0,1,1,0,0,0,0,0,0,0,1,0,0,0,1,0,0,1,0,1,1,0,1,1,0,1,0,1,0,0,0,1,0,0,0,1,1,1,1,0,1,1,1,0,0,0,1,1,1,0,0,0,1,0,0,1,0,0,0,1,0,0,0,0,0,0,0,1,0,1,1,0,1,0,1,0,0,0,0,0,1,1,0,1,0,0,0,0,0,1,0,0,0,0,0,1,1,1,0,1,1,1,1,0,0,0,1,1,0,0,0,1,1,0,0,0,0,0,0,1,1,0,0,1,0,0,0,1,0,1,1,1,0,1,0,0,0,1,0,0,1,0,0,1,1,0,0,1,1,1,0,0,1,0,1,1,0,1,1,1,1,1,0,0,1,1,0,0,0,1,1,1,0,1,0,1,0,0,0,1,1,1,1,0,0,1,0,0,0,1,1,0,1,0,0,1,0,0,0,0,1,0,0,1,0
0,0,0,0,0,1,1,0,1,0,0,0,0,0,0,0,0,0,0,0,0,0,0,0,0,0,0,0,0,0,1,1,0,0,0,0,0,0,0,0,0,1,1,1,0,0,0,1,1,0,0,1,0,0,0,0,1,0,0,0,0,0,1,0,0,0,0,0,1,0,0,1,0,0,0,0,0,0,0,0,0,0,0,0,0,0,1,0,0,0,0,0,0,0,0,0,0,0,0,0,0,0,0,0,0,0,0,0,0,0,0,1,0,0,0,0,0,0,0,0,0,0,0,0,1,0,0,0,0,0,0,0,0,0,0,0,0,0,0,0,0,0,0,0,0,0,0,0,0,0,0,1,0,0,0,0,0,0,0,0,0,0,0,0,0,0,0,0,0,0,0,0,0,0,0,0,0,0,1,0,0,0,0,0,0,0,0,0,0,0,0,0,0,0,0,0,0,0,0,0,0,0,0,0,0,0,0,0,0,0,0,0,0,0,0,0,0,0,0,0,0
0,0,0,1,1,1,1,0,1,0,1,0,1,1,0,0,0,0,0,0,0,0,0,0,0,1,0,0,0,0,1,1,0,0,1,1,0,0,0,0,0,1,0,1,0,1,0,1,0,0,0,1,1,0,0,1,0,0,0,0,0,0,1,0,0,1,0,1,0,0,1,1,0,0,0,0,1,1,0,1,1,0,0,0,1,1,0,1,0,1,0,0,1,1,0,0,0,0,0,0,0,1,1,0,0,0,0,0,0,1,0,1,0,0,0,0,0,0,0,0,0,0,1,0,0,0,0,0,0,0,0,0,0,0,0,0,0,0,0,0,1,0,0,0,0,0,0,0,0,0,0,0,0,0,0,0,0,0,0,0,0,0,0,0,0,0,0,0,0,0,0,1,0,0,1,0,1,0,0,0,0,0,0,0,0,0,0,0,0,0,0,0,0,0,0,0,0,0,0,0,0,0,0,0,0,0,0,0,0,0,0,0,0,0,0,0,0,0,0,0,0
0,1,0,1,1,1,1,0,1,0,1,0,1,1,0,0,0,0,0,0,0,0,0,0,0,1,1,0,0,0,1,1,0,0,1,0,0,0,0,0,0,1,0,1,0,1,0,1,0,0,0,1,1,0,0,1,0,0,0,0,0,0,1,0,0,1,0,1,0,0,1,1,0,0,0,0,1,1,0,1,1,0,0,0,1,1,0,1,0,1,0,0,1,1,0,0,0,0,0,0,0,1,1,0,0,0,0,0,0,1,1,1,0,0,0,0,0,0,0,0,0,0,1,0,0,0,0,0,0,0,0,0,0,0,0,0,0,0,0,0,1,0,0,0,0,0,0,1,0,0,0,0,0,0,0,0,0,0,0,0,0,0,0,0,0,0,0,0,0,0,0,1,0,0,1,0,1,0,0,0,0,0,0,0,0,0,0,0,0,0,0,0,0,0,0,1,0,0,0,0,0,0,0,0,0,0,0,0,0,0,0,0,0,0,0,0,0,0,0,0,0
0,0,0,1,1,1,1,0,0,0,1,0,1,1,0,1,1,0,0,0,0,0,0,0,0,1,1,1,0,0,1,0,0,0,1,0,0,0,0,0,0,1,0,1,0,1,0,1,0,1,1,0,1,1,0,1,0,0,0,1,0,1,0,0,0,1,0,1,0,0,1,1,0,0,1,0,1,1,0,1,1,1,1,1,1,1,0,1,1,1,0,1,1,1,1,0,1,0,0,1,0,1,1,1,1,0,1,0,0,1,1,1,0,0,0,1,1,0,1,0,0,1,1,0,0,0,0,0,0,0,1,1,0,0,0,1,0,0,0,0,1,0,0,1,0,0,0,1,0,0,0,0,0,0,0,0,0,0,0,0,1,0,0,1,0,0,0,0,0,0,0,1,0,0,1,0,1,1,0,0,1,0,0,0,0,0,0,0,0,0,0,0,0,0,0,0,0,0,0,0,0,0,0,0,0,0,0,0,0,0,0,0,0,0,0,0,0,0,0,0,0
0,0,0,0,0,1,1,0,1,0,0,0,0,0,0,0,0,0,0,0,0,0,0,0,0,0,0,0,0,0,1,1,0,0,0,0,0,0,0,0,0,1,1,1,0,0,0,1,1,0,0,1,0,0,0,0,1,0,0,0,0,0,1,0,0,0,0,0,1,0,0,1,0,0,0,0,0,0,0,0,0,0,0,0,0,0,1,0,0,0,0,0,0,0,0,0,0,0,0,0,0,0,0,0,0,0,0,0,0,0,0,1,0,0,0,0,0,0,0,0,0,0,0,0,1,0,0,0,0,0,0,0,0,0,0,0,0,0,0,0,0,0,0,0,0,0,0,0,0,0,0,1,0,0,0,0,0,0,0,0,0,0,0,0,0,0,0,0,0,0,0,0,0,0,0,0,0,0,1,0,0,0,0,0,0,0,0,0,0,0,0,0,0,0,0,0,0,0,0,0,0,0,0,0,0,0,0,0,0,0,0,0,0,0,0,0,0,0,0,0,0
0,0,0,1,0,1,1,0,0,0,1,0,1,1,0,0,0,0,0,0,0,0,0,0,0,1,0,0,0,0,1,0,0,0,1,0,0,0,0,0,0,1,0,1,0,1,0,1,0,0,0,1,1,0,0,1,0,0,0,0,0,0,0,0,0,1,0,1,0,0,1,1,0,0,1,0,1,1,0,1,1,0,1,0,1,1,0,1,0,1,0,0,1,1,0,0,0,0,0,0,0,1,1,0,0,0,0,0,0,1,1,0,0,0,0,0,0,0,0,0,0,0,1,0,0,0,0,0,0,0,0,0,0,0,0,0,0,0,0,0,1,0,0,0,0,0,0,0,0,0,0,0,0,0,0,0,0,0,0,0,0,0,0,0,0,0,0,0,0,0,0,1,0,0,1,0,1,0,0,0,0,0,0,0,0,0,0,0,0,0,0,0,0,0,0,1,0,0,0,0,0,0,0,0,0,0,0,0,0,0,0,0,0,0,0,0,0,0,0,0,0
0,0,0,1,0,1,0,0,0,0,0,0,0,0,0,0,0,0,0,0,0,0,0,0,0,0,0,0,0,0,1,0,0,1,0,0,0,0,1,0,0,1,0,1,0,0,0,1,0,0,0,1,0,1,1,0,0,0,0,0,0,0,1,1,1,0,0,0,0,0,0,1,0,0,0,1,0,1,0,0,1,0,0,1,0,1,0,0,1,0,0,0,0,0,0,1,0,0,0,1,0,0,0,0,0,1,0,1,0,0,0,1,0,0,0,1,1,0,1,0,1,0,0,0,0,0,1,0,0,0,0,0,1,0,0,0,0,0,0,0,0,1,0,1,0,0,0,1,1,0,0,0,0,0,0,0,0,1,0,0,1,0,0,1,0,0,0,0,0,0,1,1,1,0,0,0,1,0,0,0,1,0,0,1,1,0,0,0,1,0,0,0,1,0,1,0,0,0,0,0,0,0,0,1,0,0,0,0,0,0,0,0,0,0,0,0,0,0,0,0,0
0,1,0,1,0,1,1,0,0,0,1,0,1,1,1,0,0,1,1,0,0,1,1,0,0,0,1,0,1,0,1,0,0,1,0,1,0,0,1,1,0,1,0,1,0,0,0,1,0,0,0,1,1,1,1,0,1,1,1,0,0,0,1,1,1,0,0,0,1,0,0,1,0,0,0,1,0,0,0,0,0,0,0,1,0,1,1,0,1,0,1,0,0,0,0,0,1,1,0,1,0,0,0,0,0,0,0,0,0,0,0,1,1,1,0,1,1,1,1,0,0,0,1,1,0,0,0,1,1,0,0,0,0,0,0,1,1,0,0,1,0,0,0,1,0,1,1,1,0,1,0,0,0,1,0,0,1,0,0,1,1,0,0,1,1,1,0,0,1,0,1,1,0,1,1,1,1,1,0,0,1,1,0,0,0,1,1,1,0,1,0,1,0,0,0,1,1,1,1,0,0,1,0,0,0,1,1,0,1,0,0,1,0,0,0,0,1,0,0,1,0
0,0,0,1,0,0,0,0,0,0,0,0,0,0,0,1,1,1,0,0,0,1,0,0,0,0,0,0,0,0,0,0,0,0,0,0,0,0,1,0,0,1,0,0,0,0,0,1,0,0,0,0,1,1,1,0,0,0,0,0,0,0,1,0,0,0,0,0,0,0,1,0,0,0,0,1,1,0,0,1,0,0,0,1,1,0,0,1,1,0,0,0,0,1,0,0,0,0,0,1,0,0,1,0,0,0,0,0,0,1,1,1,0,0,0,1,1,0,1,0,0,0,0,0,0,0,0,0,0,0,0,0,0,0,0,0,0,0,1,0,1,0,0,1,0,0,0,1,0,0,0,0,0,0,0,0,0,0,0,0,1,0,0,1,0,0,0,0,0,0,0,0,0,0,0,0,1,0,0,0,1,0,0,0,0,0,0,0,0,0,0,0,0,0,0,0,0,0,0,0,0,0,0,0,0,0,0,0,0,0,0,1,0,0,0,0,0,0,0,1,0
0,0,0,1,0,0,0,0,0,1,0,0,0,0,0,0,0,1,0,0,0,0,0,0,0,0,0,0,0,0,0,0,1,0,0,0,0,0,1,0,1,1,0,0,0,0,1,1,0,0,0,0,1,1,1,0,0,0,0,0,0,0,1,0,0,0,0,0,0,0,1,0,0,0,0,1,1,0,0,1,0,0,0,1,1,0,0,1,1,0,0,0,0,1,0,0,0,0,1,1,1,0,1,0,0,0,0,0,0,1,1,1,0,0,0,1,1,0,1,1,0,0,0,0,0,0,0,0,0,0,0,0,0,0,0,0,0,1,1,0,1,0,1,1,0,0,0,1,0,0,0,0,0,0,0,0,0,0,0,0,1,0,0,1,0,0,0,0,0,0,0,0,0,0,0,0,1,0,0,0,1,0,0,0,0,0,0,0,0,0,0,0,0,0,0,0,0,0,0,0,0,0,0,0,0,0,0,0,0,0,0,1,0,0,0,0,0,0,0,1,0
0,1,0,1,0,0,0,0,0,0,0,0,0,0,0,1,1,1,1,0,0,1,0,1,0,1,1,0,0,0,0,0,0,1,0,0,1,0,1,0,0,0,0,0,1,1,0,0,0,0,0,1,0,1,1,0,0,0,0,1,1,1,0,0,1,1,0,1,0,0,1,0,1,0,0,1,0,0,0,1,0,0,0,1,0,0,0,1,1,1,0,1,0,0,0,0,1,0,0,1,0,1,0,0,1,0,1,0,0,1,1,0,0,0,0,1,1,0,1,0,0,1,0,0,0,0,0,0,0,0,1,1,0,0,0,1,0,0,1,0,0,0,0,1,1,0,0,1,0,0,0,0,0,0,0,1,0,0,0,0,1,0,0,1,0,0,0,0,0,0,0,0,0,0,0,0,1,1,0,0,1,0,0,0,0,0,0,0,0,0,0,0,0,0,0,1,1,0,0,0,0,0,0,0,0,0,1,0,0,0,0,1,0,1,0,1,0,1,0,1,0
0,1,0,1,0,0,0,0,0,1,0,0,0,0,0,1,1,1,1,0,0,1,0,1,0,1,1,0,0,0,0,0,1,1,0,0,1,0,1,0,1,0,0,0,1,1,1,0,0,0,0,1,0,1,1,0,0,0,0,1,1,1,0,0,1,1,0,1,0,0,1,0,1,0,0,1,0,0,0,1,0,0,0,1,0,0,0,1,1,1,0,1,0,0,0,0,1,0,1,1,1,1,0,0,1,0,1,0,0,1,1,0,0,0,0,1,1,0,1,1,0,1,0,0,0,0,0,0,0,0,1,1,0,0,0,1,0,1,1,0,0,0,1,1,1,0,0,1,0,0,0,0,0,0,0,1,0,0,0,0,1,0,0,1,0,0,0,0,0,0,0,0,0,0,0,0,1,1,0,0,1,0,0,0,0,0,0,0,0,0,0,0,0,0,0,1,1,0,0,0,0,0,0,0,0,0,1,0,0,0,0,1,0,1,0,1,0,1,0,1,0
0,0,0,1,0,0,0,0,0,1,0,0,0,0,0,0,0,1,0,0,0,0,0,0,0,0,0,0,0,0,0,0,1,0,0,0,0,0,1,0,1,1,0,0,0,0,1,1,0,0,0,0,1,1,1,0,0,0,0,0,0,0,1,0,0,0,0,0,0,0,1,0,0,0,0,1,1,0,0,1,0,0,0,1,1,0,0,1,1,0,0,0,0,1,0,0,0,0,1,0,1,0,1,0,0,0,0,0,0,1,1,1,0,0,0,1,0,0,1,1,0,0,0,0,0,0,0,0,0,0,0,0,0,0,0,0,0,1,1,0,1,0,1,1,0,0,0,1,0,0,0,0,0,0,0,0,0,0,0,0,1,0,0,1,0,0,0,0,0,0,0,0,0,0,0,0,1,0,0,0,1,0,0,0,0,0,0,0,0,0,0,0,0,0,0,0,0,0,0,0,0,0,0,0,0,0,0,0,0,0,0,1,0,0,0,0,0,0,0,1,0
0,1,0,1,0,0,0,0,0,0,0,0,0,0,0,1,1,1,1,0,0,1,0,1,0,1,1,0,0,0,0,0,0,1,0,0,1,0,1,0,0,0,0,0,1,1,0,0,0,0,0,1,0,1,1,0,0,0,0,1,1,1,0,0,1,1,0,1,0,0,1,0,1,0,0,1,0,0,0,1,0,0,0,1,0,0,0,1,1,1,0,1,0,0,0,0,1,0,0,1,0,1,0,0,1,0,1,0,0,1,1,0,0,0,0,1,1,0,1,0,0,1,0,0,0,0,0,0,0,0,1,1,0,0,0,1,0,0,1,0,0,0,0,1,1,0,0,1,0,0,0,0,0,0,0,1,0,0,0,0,1,0,0,1,0,0,0,0,0,0,0,0,0,0,0,0,1,1,0,0,1,0,0,0,0,0,0,0,0,0,0,0,0,0,0,1,1,0,0,0,0,0,0,0,0,0,1,0,0,0,0,1,0,1,0,1,0,1,0,1,0
0,0,0,1,0,0,0,0,0,0,0,0,0,0,0,1,1,1,1,0,0,1,0,0,0,1,1,0,0,0,0,0,0,1,0,0,0,0,1,0,0,0,0,0,1,1,0,0,0,0,0,0,0,1,1,0,0,0,0,1,1,1,0,0,1,1,0,1,0,0,1,0,1,0,0,1,0,0,0,1,0,0,0,1,0,0,0,1,1,1,0,1,0,0,0,0,1,0,0,1,0,1,0,0,1,0,1,0,0,1,1,0,0,0,0,1,1,0,1,0,0,1,0,0,0,0,0,0,0,0,1,1,0,0,0,1,0,0,1,0,0,0,0,1,1,0,0,1,0,0,0,0,0,0,0,1,0,0,0,0,1,0,0,1,0,0,0,0,0,0,0,0,0,0,0,0,1,1,0,0,1,0,0,0,0,0,0,0,0,0,0,0,0,0,0,1,1,0,0,0,0,0,0,0,0,0,0,0,0,0,0,1,0,0,0,0,0,0,0,1,0
0,1,0,1,0,0,0,0,0,1,0,0,0,0,0,1,1,1,1,0,0,1,0,1,0,1,1,0,0,0,0,0,1,1,0,0,1,0,1,0,1,0,0,0,1,1,1,0,0,0,0,1,0,1,1,0,0,0,0,1,1,1,0,0,1,1,0,1,0,0,1,0,1,0,0,1,0,0,0,1,0,0,0,1,0,0,0,1,1,1,0,1,0,0,0,0,1,0,1,1,1,1,0,0,1,0,1,0,0,1,1,0,0,0,0,1,1,0,1,1,0,1,0,0,0,0,0,0,0,0,0,1,0,0,0,1,0,1,1,0,0,0,1,1,1,0,0,1,0,0,0,0,0,0,0,1,0,0,0,0,1,0,0,1,0,0,0,0,0,0,0,0,0,0,0,0,1,1,0,0,1,0,0,0,0,0,0,0,0,0,0,0,0,0,0,1,1,0,0,0,0,0,0,0,0,0,1,0,0,0,0,1,0,1,0,1,0,1,0,1,0
0,0,0,1,0,0,0,0,0,1,0,0,0,0,0,1,1,1,0,0,0,0,0,0,0,1,1,0,0,0,0,0,1,1,0,0,0,0,1,0,1,1,0,0,0,0,1,1,0,0,0,0,1,1,1,0,0,0,0,0,0,0,1,0,1,1,0,0,0,0,1,0,1,0,0,1,1,0,0,1,0,0,0,1,1,0,0,1,1,1,0,1,1,1,0,0,1,0,1,1,1,1,1,1,1,0,1,0,0,1,1,1,0,0,0,1,1,0,1,1,0,1,1,0,0,0,0,0,0,0,1,0,0,0,0,1,0,1,1,0,1,0,1,1,1,0,0,1,0,0,0,0,0,0,0,0,0,0,0,0,1,0,0,1,1,0,0,0,0,0,0,0,0,0,1,0,1,1,0,0,1,0,0,0,0,1,0,0,0,0,0,0,0,0,0,0,0,0,0,0,0,0,0,0,0,0,0,0,0,0,0,1,0,0,0,0,0,0,0,1,0
0,0,0,1,0,1,0,0,0,1,0,0,0,0,0,1,1,1,0,0,0,0,0,0,0,1,1,0,0,0,1,0,1,0,0,0,0,0,1,0,1,1,0,1,0,0,1,1,0,0,0,0,1,1,1,0,0,1,0,0,0,0,1,0,0,1,0,0,0,0,1,1,1,0,0,1,1,1,0,1,1,0,0,1,1,1,0,1,1,1,0,1,1,1,0,1,1,0,1,1,1,1,1,1,1,0,1,1,0,1,1,1,0,0,0,1,1,0,1,1,1,1,1,0,0,0,0,0,0,0,1,0,1,1,0,1,0,1,1,0,1,1,1,1,1,0,0,1,0,0,0,0,0,0,0,0,0,1,0,0,1,0,0,1,1,0,0,0,0,0,0,1,1,0,1,0,1,1,0,0,1,0,0,1,1,1,0,0,1,0,0,0,1,0,0,0,0,0,0,0,0,0,0,1,0,0,0,0,0,0,0,1,0,0,0,0,0,0,0,1,0
0,1,0,1,0,0,0,0,0,0,0,0,0,0,0,1,1,1,1,0,0,1,0,1,0,1,1,0,0,0,0,0,0,1,0,0,1,0,1,0,0,0,0,0,1,1,0,0,0,0,0,1,0,1,1,0,0,0,0,1,1,1,0,0,1,1,0,1,0,0,1,0,1,0,0,1,0,0,0,1,0,0,0,1,0,0,0,1,1,1,0,1,0,0,0,0,1,0,0,1,0,1,0,0,1,0,1,0,0,1,1,0,0,0,0,1,1,0,1,0,0,1,0,0,0,0,0,0,0,0,1,1,0,0,0,1,0,0,1,0,0,0,0,1,1,0,0,1,0,0,0,0,0,0,0,1,0,0,0,0,1,0,0,1,0,0,0,0,0,0,0,0,0,0,0,0,1,1,0,0,1,0,0,0,0,0,0,0,0,0,0,0,0,0,0,1,1,0,0,0,0,0,0,0,0,0,1,0,0,0,0,1,0,1,0,1,0,1,0,1,0
0,0,0,1,0,0,0,0,0,0,0,0,0,0,0,0,0,1,0,0,0,0,0,0,0,0,0,0,0,0,0,0,0,0,0,0,0,0,1,0,0,1,0,0,0,0,0,1,0,0,0,0,1,1,1,0,0,0,0,0,0,0,1,0,0,0,0,0,0,0,1,0,0,0,0,1,1,0,0,1,0,0,0,1,1,0,0,1,1,0,0,0,0,1,0,0,0,0,0,1,0,0,1,0,0,0,0,0,0,1,1,1,0,0,0,1,1,0,1,0,0,0,0,0,0,0,0,0,0,0,0,0,0,0,0,0,0,0,1,0,1,0,0,1,0,0,0,1,0,0,0,0,0,0,0,0,0,0,0,0,1,0,0,1,0,0,0,0,0,0,0,0,0,0,0,0,1,0,0,0,1,0,0,0,0,0,0,0,0,0,0,0,0,0,0,0,0,0,0,0,0,0,0,0,0,0,0,0,0,0,0,1,0,0,0,0,0,0,0,1,0
0,1,0,1,0,0,0,0,0,1,0,0,0,0,0,1,1,1,1,0,0,1,0,1,0,1,1,0,0,0,0,0,1,1,0,0,1,0,1,0,1,0,0,0,1,1,1,0,0,0,0,1,0,1,1,0,0,0,0,1,1,1,0,0,1,1,0,1,0,0,1,0,1,0,0,1,0,0,0,1,0,0,0,1,0,0,0,1,1,1,0,1,0,0,0,0,1,0,1,1,1,1,0,0,1,0,1,0,0,1,1,0,0,0,0,1,1,0,1,1,0,1,0,0,0,0,0,0,0,0,1,1,0,0,0,1,0,1,1,0,0,0,1,1,1,0,0,1,0,0,0,0,0,0,0,1,0,0,0,0,1,0,0,1,0,0,0,0,0,0,0,0,0,0,0,0,1,1,0,0,1,0,0,0,0,0,0,0,0,0,0,0,0,0,0,1,1,0,0,0,0,0,0,0,0,0,1,0,0,0,0,1,0,1,0,1,0,1,0,1,0
0,1,0,1,0,0,0,0,0,0,0,0,0,0,0,1,1,1,1,0,0,1,0,1,0,1,1,0,0,0,0,0,0,1,0,0,1,0,1,0,0,0,0,0,1,1,0,0,0,0,0,1,0,1,1,0,0,0,0,1,1,1,0,0,1,1,0,1,0,0,1,0,1,0,0,1,0,0,0,1,0,0,0,1,0,0,0,1,1,1,0,1,0,0,0,0,1,0,0,1,0,1,0,0,1,0,1,0,0,1,1,0,0,0,0,1,1,0,1,0,0,1,0,0,0,0,0,0,0,0,1,1,0,0,0,1,0,0,1,0,0,0,0,1,1,0,0,1,0,0,0,0,0,0,0,1,0,0,0,0,1,0,0,1,0,0,0,0,0,0,0,0,0,0,0,0,1,1,0,0,1,0,0,0,0,0,0,0,0,0,0,0,0,0,0,1,1,0,0,0,0,0,0,0,0,0,1,0,0,0,0,1,0,1,0,1,0,1,0,1,0
0,1,0,1,0,0,0,0,0,1,0,0,0,0,0,1,1,1,1,0,0,1,0,1,0,1,1,0,0,0,0,0,1,1,0,0,1,0,1,0,1,0,0,0,1,1,1,0,0,0,0,1,0,1,1,0,0,0,0,1,1,1,0,0,1,1,0,1,0,0,1,0,1,0,0,1,0,0,0,1,0,0,0,1,0,0,0,1,1,1,0,1,0,0,0,0,1,0,1,1,1,1,0,0,1,0,1,0,0,1,1,0,0,0,0,1,1,0,1,1,0,1,0,0,0,0,0,0,0,0,1,1,0,0,0,1,0,1,1,0,0,0,1,1,1,0,0,1,0,0,0,0,0,0,0,1,0,0,0,0,1,0,0,1,0,0,0,0,0,0,0,0,0,0,0,0,1,1,0,0,1,0,0,0,0,0,0,0,0,0,0,0,0,0,0,1,1,0,0,0,0,0,0,0,0,0,1,0,0,0,0,1,0,1,0,1,0,1,0,1,0
0,1,0,1,0,0,0,0,0,0,0,0,0,0,0,1,1,1,1,0,0,1,0,1,0,1,1,0,0,0,0,0,0,1,0,0,1,0,1,0,0,0,0,0,1,1,0,0,0,0,0,1,0,1,1,0,0,0,0,1,1,1,0,0,1,1,0,1,0,0,1,0,1,0,0,1,0,0,0,1,0,0,0,1,0,0,0,1,1,1,0,1,0,0,0,0,1,0,0,1,0,1,0,0,1,0,1,0,0,1,1,0,0,0,0,1,1,0,1,0,0,1,0,0,0,0,0,0,0,0,0,1,0,0,0,1,0,0,1,0,0,0,0,1,1,0,0,1,0,0,0,0,0,0,0,1,0,0,0,0,1,0,0,1,0,0,0,0,0,0,0,0,0,0,0,0,1,1,0,0,1,0,0,0,0,0,0,0,0,0,0,0,0,0,0,1,1,0,0,0,0,0,0,0,0,0,1,0,0,0,0,1,0,1,0,1,0,1,0,1,0
0,0,0,1,0,0,0,0,0,1,0,0,0,0,0,0,0,1,0,0,0,0,0,0,0,0,0,0,0,0,0,0,1,0,0,0,0,0,1,0,1,1,0,0,0,0,1,1,0,0,0,0,1,1,1,0,0,0,0,0,0,0,1,0,0,0,0,0,0,0,1,0,0,0,0,1,1,0,0,1,0,0,0,1,1,0,0,1,1,0,0,0,0,1,0,0,0,0,1,1,1,0,1,0,0,0,0,0,0,1,1,1,0,0,0,1,1,0,1,1,0,0,0,0,0,0,0,0,0,0,0,0,0,0,0,0,0,1,1,0,1,0,1,1,0,0,0,1,0,0,0,0,0,0,0,0,0,0,0,0,1,0,0,1,0,0,0,0,0,0,0,0,0,0,0,0,1,0,0,0,1,0,0,0,0,0,0,0,0,0,0,0,0,0,0,0,0,0,0,0,0,0,0,0,0,0,0,0,0,0,0,1,0,0,0,0,0,0,0,1,0
0,0,0,1,0,0,0,0,0,0,1,0,1,1,0,0,0,1,0,0,0,0,0,0,0,0,0,0,0,0,0,0,0,0,0,0,0,0,1,0,0,1,0,0,0,0,0,1,0,0,0,0,1,1,1,0,0,0,0,0,0,0,1,0,0,0,0,0,0,0,1,0,0,0,0,1,1,0,0,1,0,0,0,1,1,0,0,1,1,0,0,0,0,1,0,0,0,0,0,1,0,0,1,0,0,0,0,0,0,1,1,1,0,0,0,1,1,0,1,0,0,0,0,0,0,0,0,0,0,0,0,0,0,0,0,0,0,0,1,0,1,0,0,1,0,0,0,1,0,0,0,0,0,0,0,0,0,0,0,0,1,0,0,1,0,0,0,0,0,0,0,0,0,0,0,0,1,0,0,0,1,0,0,0,0,0,0,0,0,0,0,0,0,0,0,0,0,0,0,0,0,0,0,0,0,0,0,0,0,0,0,1,0,0,0,0,0,0,0,1,0
0,1,0,1,0,0,0,0,0,0,0,0,0,0,0,1,1,1,1,0,0,1,0,1,0,1,1,0,0,0,0,0,0,1,0,0,1,0,1,0,0,0,0,0,1,1,0,0,0,0,0,1,0,1,1,0,0,0,0,1,1,1,0,0,1,1,0,1,0,0,1,0,1,0,0,1,0,0,0,1,0,0,0,1,0,0,0,1,1,1,0,1,0,0,0,0,1,0,0,1,0,1,0,0,1,0,1,0,0,1,1,0,0,0,0,1,1,0,1,0,0,1,0,0,0,0,0,0,0,0,1,1,0,0,0,1,0,0,1,0,0,0,0,1,1,0,0,1,0,0,0,0,0,0,0,1,0,0,0,0,1,0,0,1,0,0,0,0,0,0,0,0,0,0,0,0,1,1,0,0,1,0,0,0,0,0,0,0,0,0,0,0,0,0,0,1,1,0,0,0,0,0,0,0,0,0,1,0,0,0,0,1,0,1,0,1,0,1,0,1,0
0,1,0,1,0,0,0,0,0,0,0,0,0,0,0,1,1,1,1,0,0,1,0,1,0,1,1,0,0,0,0,0,0,1,0,0,1,0,1,0,0,0,0,0,1,1,0,0,0,0,0,1,0,1,1,0,0,0,0,1,1,1,0,0,1,1,0,1,0,0,1,0,1,0,0,1,0,0,0,1,0,0,0,1,0,0,0,1,1,1,0,1,0,0,0,0,1,0,0,1,0,1,0,0,1,0,1,0,0,1,1,0,0,0,0,1,1,0,1,0,0,1,0,0,0,0,0,0,0,0,1,1,0,0,0,1,0,0,1,0,0,0,0,1,1,0,0,1,0,0,0,0,0,0,0,1,0,0,0,0,1,0,0,1,0,0,0,0,0,0,0,0,0,0,0,0,1,1,0,0,1,0,0,0,0,0,0,0,0,0,0,0,0,0,0,1,1,0,0,0,0,0,0,0,0,0,1,0,0,0,0,1,0,1,0,1,0,1,0,1,0
0,1,0,1,0,0,0,0,0,0,0,0,0,0,0,1,1,1,1,0,0,1,0,1,0,1,1,0,0,0,0,0,0,1,0,0,1,0,1,0,0,0,0,0,1,1,0,0,0,0,0,1,0,1,1,0,0,0,0,1,1,1,0,0,1,1,0,1,0,0,1,0,1,0,0,1,0,0,0,1,0,0,0,1,0,0,0,1,1,1,0,1,0,0,0,0,1,0,0,1,0,1,0,0,1,0,1,0,0,1,1,0,0,0,0,1,1,0,1,0,0,1,0,0,0,0,0,0,0,0,0,1,0,0,0,1,0,0,1,0,0,0,0,1,1,0,0,1,0,0,0,0,0,0,0,1,0,0,0,0,1,0,0,1,0,0,0,0,0,0,0,0,0,0,0,0,1,1,0,0,1,0,0,0,0,0,0,0,0,0,0,0,0,0,0,1,1,0,0,0,0,0,0,0,0,0,1,0,0,1,0,1,0,1,0,1,0,1,0,1,0
0,1,0,1,0,0,0,0,0,0,0,0,0,0,0,1,1,1,1,0,0,1,0,1,0,1,1,0,0,0,0,0,0,1,0,0,1,0,1,0,0,0,0,0,1,1,0,0,0,0,0,1,0,1,1,0,0,0,0,1,1,1,0,0,1,1,0,1,0,0,1,0,1,0,0,1,0,0,0,1,0,0,0,1,0,0,0,1,1,1,0,1,0,0,0,0,1,0,0,1,0,1,0,0,1,0,1,0,0,1,1,0,0,0,0,1,1,0,1,0,0,1,0,0,0,0,0,0,0,0,1,1,0,0,0,1,0,0,1,0,0,0,0,1,1,0,0,1,0,0,0,0,0,0,0,1,0,0,0,0,1,0,0,1,0,0,0,0,0,0,0,0,0,0,0,0,1,1,0,0,1,0,0,0,0,0,0,0,0,0,0,0,0,0,0,1,1,0,0,0,0,0,0,0,0,0,1,0,0,0,0,1,0,1,0,1,0,1,0,1,0
0,0,0,1,0,0,0,0,0,1,0,0,0,0,0,0,0,1,0,0,0,0,0,0,0,0,0,0,0,0,0,0,1,0,0,0,0,0,1,0,1,1,0,0,0,0,1,1,0,0,0,0,1,1,1,0,0,0,0,0,0,0,1,0,0,0,0,0,0,0,1,0,0,0,0,1,1,0,0,1,0,0,0,1,1,0,0,1,1,0,0,0,0,1,0,0,0,0,1,1,1,0,1,0,0,0,0,0,0,1,1,1,0,0,0,1,1,0,1,1,0,0,0,0,0,0,0,0,0,0,0,0,0,0,0,0,0,1,1,0,1,0,1,1,0,0,0,1,0,0,0,0,0,0,0,0,0,0,0,0,1,0,0,1,0,0,0,0,0,0,0,0,0,0,0,0,1,0,0,0,1,0,0,0,0,0,0,0,0,0,0,0,0,0,0,0,0,0,0,0,0,0,0,0,0,0,0,0,0,0,0,1,0,0,0,0,0,0,0,1,0
0,1,0,1,0,0,0,0,0,0,0,0,0,0,0,1,1,1,1,0,0,1,0,1,0,1,1,0,0,0,0,0,0,1,0,0,1,0,1,0,0,0,0,0,1,1,0,0,0,0,0,1,0,1,1,0,0,0,0,1,1,1,0,0,1,1,0,1,0,0,1,0,1,0,0,1,0,0,0,1,0,0,0,1,0,0,0,1,1,1,0,1,0,0,0,0,1,0,0,1,0,1,0,0,1,0,1,0,0,1,1,0,0,0,0,1,1,0,1,0,0,1,0,0,0,0,0,0,0,0,1,1,0,0,0,1,0,0,1,0,0,0,0,1,1,0,0,1,0,0,0,0,0,0,0,1,0,0,0,0,1,0,0,1,0,0,0,0,0,0,0,0,0,0,0,0,1,1,0,0,1,0,0,0,0,0,0,0,0,0,0,0,0,0,0,1,1,0,0,0,0,0,0,0,0,0,1,0,0,0,0,1,0,1,0,1,0,1,0,1,0
0,0,0,1,0,0,0,0,0,0,0,0,0,0,0,0,0,1,0,0,0,0,0,0,0,0,0,0,0,0,0,0,0,0,0,0,0,0,1,0,0,1,0,0,0,0,0,1,0,0,0,0,1,1,1,0,0,0,0,0,0,0,1,0,0,0,0,0,0,0,1,0,0,0,0,1,1,0,0,1,0,0,0,1,1,0,0,1,1,0,0,0,0,1,0,0,0,0,0,1,0,0,1,0,0,0,0,0,0,1,1,1,0,0,0,1,1,0,1,0,0,0,0,0,0,0,0,0,0,0,0,0,0,0,0,0,0,0,1,0,1,0,0,1,0,0,0,1,0,0,0,0,0,0,0,0,0,0,0,0,1,0,0,1,0,0,0,0,0,0,0,0,0,0,0,0,1,0,0,0,1,0,0,0,0,0,0,0,0,0,0,0,0,0,0,1,0,0,0,0,0,0,0,0,0,0,0,0,0,0,0,1,0,0,0,0,0,0,0,1,0
0,0,0,1,0,0,0,0,1,1,0,0,0,0,0,1,1,1,0,0,0,0,0,0,0,1,1,0,0,0,0,1,1,0,0,0,0,0,1,0,1,1,0,0,0,0,1,1,0,0,0,0,1,1,1,0,0,0,0,0,0,0,1,0,0,1,0,0,0,0,1,0,1,0,0,1,1,0,0,1,0,0,0,1,1,0,0,1,1,1,0,1,1,1,0,0,1,0,1,1,1,1,1,1,1,0,1,0,0,1,1,1,0,0,0,1,1,0,1,1,0,1,1,0,0,0,0,0,0,0,1,0,0,0,0,1,0,1,1,0,1,0,1,1,1,0,0,1,0,0,0,0,0,0,0,0,0,0,0,0,1,0,0,1,1,0,0,0,0,0,0,0,0,0,1,0,1,1,0,0,1,0,0,0,0,1,0,0,0,0,0,0,0,0,0,0,0,0,0,0,0,0,0,0,0,0,0,0,0,0,0,1,0,0,0,0,0,0,0,1,0
0,1,0,1,0,0,0,0,0,1,0,0,0,0,0,1,1,1,1,0,0,1,0,1,0,1,1,0,0,0,0,0,1,1,0,0,1,0,1,0,1,0,0,0,1,1,1,0,0,0,0,1,0,1,1,0,0,0,0,1,1,1,0,0,1,1,0,1,0,0,1,0,1,0,0,1,0,0,0,1,0,0,0,1,0,0,0,1,1,1,0,1,0,0,0,0,1,0,1,1,1,1,0,0,1,0,1,0,0,1,1,0,0,0,0,1,1,0,1,1,0,1,0,0,0,0,0,0,0,0,1,1,0,0,0,1,0,1,1,0,0,0,1,1,1,0,0,1,0,0,0,0,0,0,0,1,0,0,0,0,1,0,0,1,0,0,0,0,0,0,0,0,0,0,0,0,1,1,0,0,1,0,0,0,0,0,0,0,0,0,0,0,0,0,0,1,1,0,0,0,0,0,0,0,0,0,1,0,0,0,0,1,0,1,0,1,0,1,0,1,0
0,1,0,1,0,0,0,0,0,0,0,0,0,0,0,1,1,1,1,0,0,1,0,1,0,1,1,0,0,0,0,0,0,1,0,0,1,0,1,0,0,0,0,0,1,1,0,0,0,0,0,1,0,1,1,0,0,0,0,1,1,1,0,0,1,1,0,1,0,0,1,0,1,0,0,1,0,0,0,1,0,0,0,1,0,0,0,1,1,1,0,1,0,0,0,0,1,0,0,1,0,1,0,0,1,0,1,0,0,1,1,0,0,0,0,1,1,0,1,0,0,1,0,0,0,0,0,0,0,0,0,1,0,0,0,1,0,0,1,0,0,0,0,1,1,0,0,1,0,0,0,0,0,0,0,1,0,0,0,0,1,0,0,1,0,0,0,0,0,0,0,0,0,0,0,0,1,1,0,0,1,0,0,0,0,0,0,0,0,0,0,0,0,0,0,1,1,0,0,0,0,0,0,0,0,0,1,0,0,0,0,1,0,1,0,1,0,1,0,1,0
0,0,0,1,0,0,0,0,0,0,0,0,0,0,0,0,0,1,0,0,0,0,0,0,0,0,0,0,0,0,0,0,0,0,0,0,0,0,1,0,0,1,0,0,0,0,0,1,0,0,0,0,1,1,1,0,0,0,0,0,0,0,1,0,0,0,0,0,0,0,1,0,0,0,0,1,1,0,0,1,0,0,0,1,1,0,0,1,1,0,0,0,0,1,0,0,0,0,0,1,0,0,1,0,0,0,0,0,0,1,1,1,0,0,0,1,1,0,1,0,0,0,0,0,0,0,0,0,0,0,0,0,0,0,0,0,0,0,1,0,1,0,0,1,0,0,0,1,0,0,0,0,0,0,0,0,0,0,0,0,1,0,0,1,0,0,0,0,0,0,0,0,0,0,0,0,1,0,0,0,1,0,0,0,0,0,0,0,0,0,0,0,0,0,0,0,0,0,0,0,0,0,0,0,0,0,0,0,0,0,0,1,0,0,0,0,0,0,0,1,0
0,1,0,0,0,1,1,0,0,0,0,0,0,0,0,1,1,1,1,0,1,1,0,1,0,0,1,0,0,0,1,0,0,0,0,0,1,0,0,1,0,1,1,1,0,0,0,1,1,0,0,0,0,0,0,0,0,1,1,0,0,0,1,0,0,0,0,0,1,0,0,1,0,1,0,0,0,0,0,0,1,0,0,0,0,0,0,0,1,0,1,0,0,0,0,1,0,1,0,0,0,0,0,0,0,0,0,1,0,0,0,1,1,1,1,0,0,1,1,0,1,0,0,1,0,1,0,1,1,0,0,0,1,0,0,0,1,0,0,1,0,1,0,0,0,1,1,1,0,0,1,0,0,1,1,0,0,1,0,1,1,1,1,1,0,1,0,0,1,0,0,0,0,1,0,1,1,0,0,1,0,1,0,1,1,0,1,0,1,1,0,0,1,1,0,1,1,1,1,0,0,0,0,1,1,0,0,1,1,0,0,0,1,0,1,0,1,0,0,0,1
1,1,0,1,0,1,0,0,0,0,1,0,1,1,0,1,1,1,1,0,0,1,0,0,0,1,1,0,1,0,1,0,0,0,0,0,1,0,1,1,0,1,0,1,1,1,0,1,0,0,0,1,0,1,1,0,0,0,0,0,1,1,1,0,0,1,0,1,0,0,1,1,1,1,0,1,0,0,0,1,1,0,0,1,0,0,0,1,1,1,0,1,0,0,0,1,1,0,0,1,0,1,0,0,1,0,1,1,1,1,1,1,0,0,0,1,1,0,1,0,1,1,0,0,0,0,0,0,0,0,1,1,1,0,0,1,0,0,1,0,0,1,0,1,1,0,0,1,0,0,0,0,0,0,0,1,0,1,0,0,1,0,0,1,0,0,0,0,0,0,0,0,0,0,0,0,1,1,0,0,1,0,0,1,1,0,0,0,1,0,0,0,1,0,0,1,1,0,0,0,0,0,0,0,0,0,0,0,0,0,0,0,0,0,0,0,0,0,0,0,0
0,1,0,1,1,1,1,1,1,0,1,0,0,1,0,0,0,1,1,0,0,0,0,0,0,1,1,0,1,0,1,1,0,1,0,0,0,0,1,1,0,1,0,1,0,0,0,1,0,0,0,1,0,1,1,0,0,1,0,0,0,0,1,1,1,0,0,0,1,0,0,1,0,1,0,1,0,0,0,0,1,0,0,1,0,0,0,0,1,0,1,0,0,0,0,1,1,1,0,1,0,0,0,0,0,1,0,1,1,0,0,1,1,1,0,1,1,1,1,0,1,0,0,1,1,0,1,1,1,0,0,1,1,0,0,1,1,0,1,1,0,1,0,1,1,1,1,1,1,0,1,1,0,1,1,0,0,1,0,1,1,0,1,1,0,1,0,0,1,0,1,0,0,1,0,1,1,1,1,0,1,1,0,1,1,0,1,0,1,0,0,1,0,0,1,0,0,0,0,0,0,1,0,0,0,0,0,0,0,0,0,0,0,0,0,0,0,0,0,0,0
0,1,0,0,0,1,1,0,0,0,1,0,0,1,0,1,1,1,1,0,0,1,0,0,0,0,1,0,0,0,1,0,0,0,0,0,1,0,0,1,0,1,0,1,0,0,0,1,1,0,0,1,0,0,0,0,1,1,1,0,0,0,1,0,0,0,0,0,1,0,0,1,0,1,0,0,0,0,0,0,1,0,0,0,0,0,0,0,1,0,1,0,0,0,0,1,0,1,0,0,0,0,0,0,0,0,0,1,0,0,0,1,1,1,1,0,0,1,1,0,1,0,0,1,0,1,0,1,1,0,0,0,1,0,0,0,1,0,0,1,0,1,0,0,0,1,1,1,0,0,0,0,0,1,0,0,0,1,0,1,1,1,0,1,0,1,0,0,1,0,0,0,0,1,0,1,1,0,0,1,0,1,0,1,1,0,1,0,1,1,0,0,1,1,0,1,1,1,1,0,0,0,0,1,1,0,0,1,1,0,0,0,1,0,1,0,1,0,0,0,1
0,1,0,1,1,1,1,1,1,0,1,0,0,1,0,0,0,0,0,0,0,0,0,0,0,1,1,0,0,0,1,1,0,1,0,0,0,0,1,1,0,1,0,1,0,0,0,1,0,0,0,1,0,1,1,0,0,1,0,0,0,0,1,1,1,0,0,0,1,0,0,1,0,1,0,1,0,0,0,0,1,0,0,1,0,0,0,0,1,0,1,0,0,0,0,1,1,1,0,1,0,0,0,0,0,1,0,1,1,0,0,1,1,1,0,1,1,1,1,0,1,0,0,1,1,0,1,1,1,0,0,0,1,0,0,1,1,0,1,1,0,1,0,1,1,1,1,1,1,0,1,1,0,1,1,0,0,1,0,1,1,0,1,1,0,1,0,0,1,0,1,0,0,1,0,1,1,1,1,0,1,1,0,1,1,0,1,0,1,0,0,1,0,0,1,0,0,0,0,0,0,1,0,0,0,0,0,0,0,0,0,0,0,0,0,0,0,0,0,0,0
0,1,0,1,1,1,1,1,1,0,1,0,0,1,0,0,0,0,0,0,0,0,0,0,0,1,1,0,0,0,1,1,0,1,0,0,0,0,1,1,0,1,0,1,0,0,0,1,0,0,0,1,0,1,1,0,0,1,0,0,0,0,1,1,1,0,0,0,1,0,1,1,1,1,0,1,0,0,0,1,1,0,0,1,0,0,0,0,1,0,1,0,0,0,0,1,1,1,0,1,0,0,0,0,0,1,0,1,1,0,1,1,1,1,0,1,1,1,1,0,1,0,0,1,1,0,1,1,1,0,0,0,1,0,0,1,1,0,1,1,0,1,0,1,1,1,1,1,1,0,1,1,0,1,1,0,0,1,0,1,1,0,1,1,0,1,0,0,1,0,1,0,0,1,0,1,1,1,1,0,1,1,0,1,1,0,1,0,1,0,0,1,0,0,1,0,0,0,0,0,0,1,0,0,0,0,0,0,0,0,0,0,0,0,0,0,0,0,0,0,0
0,1,0,1,0,1,0,0,0,0,1,0,1,1,0,1,1,1,1,0,0,1,1,1,0,1,1,0,1,1,1,0,0,1,0,0,1,0,1,1,0,1,0,1,1,1,0,1,0,0,0,0,1,1,1,1,0,0,0,1,1,1,1,1,1,1,0,1,0,0,1,1,1,1,0,1,1,0,0,1,1,0,0,1,1,0,0,1,1,1,0,1,1,1,0,1,1,0,0,1,0,1,1,0,1,0,1,1,0,1,1,1,0,0,0,1,1,0,1,0,1,1,1,0,0,0,1,0,0,0,1,1,1,0,0,1,0,0,0,0,1,1,0,1,0,0,0,1,1,0,0,0,0,0,0,0,0,1,0,0,1,0,0,1,1,0,0,0,0,0,1,0,0,0,1,0,1,1,0,0,1,0,0,1,1,1,0,0,1,0,0,0,1,0,1,1,1,0,0,0,0,0,0,1,0,0,0,0,0,0,0,0,0,0,0,0,0,0,0,0,0
0,1,0,1,0,1,1,0,1,0,1,0,0,1,0,0,0,0,0,0,0,0,0,0,0,1,1,0,0,0,1,1,0,1,0,0,0,0,1,1,0,1,0,1,0,0,0,1,0,0,0,1,0,1,1,0,0,1,0,0,0,0,1,1,1,0,0,0,1,0,0,1,0,1,0,1,0,0,0,0,1,0,0,1,0,0,0,0,1,0,1,0,0,0,0,1,1,1,0,1,0,0,0,0,0,1,0,1,1,0,0,1,1,1,0,1,1,1,1,0,1,0,0,1,1,0,1,1,1,0,0,0,1,0,0,1,1,0,0,1,0,1,0,1,0,1,1,1,1,0,1,1,0,1,1,0,0,1,0,1,1,0,1,1,0,1,0,0,1,0,1,0,0,1,0,1,1,1,1,0,1,1,0,1,1,0,1,0,1,0,0,1,0,0,1,0,0,0,0,0,0,1,0,0,0,0,0,0,0,0,0,0,0,0,0,0,0,0,0,0,0
0,1,0,1,0,1,0,0,1,0,1,0,0,1,0,0,0,0,0,0,0,0,0,0,0,1,1,0,0,0,1,1,0,1,0,0,0,0,1,1,0,1,0,1,0,0,0,1,0,0,0,1,0,1,1,0,0,1,0,0,0,0,1,1,1,0,0,0,1,0,0,1,0,1,0,1,0,0,0,0,1,0,0,1,0,0,0,0,1,0,1,0,0,0,0,1,1,1,0,1,0,0,0,0,0,1,0,1,1,0,0,1,1,1,0,1,1,1,1,0,1,0,0,1,1,0,0,1,1,0,0,0,1,0,0,1,1,0,0,1,0,1,0,1,0,1,1,1,0,0,1,1,0,1,1,0,0,1,0,1,1,0,1,1,0,1,0,0,1,0,1,0,0,1,0,1,1,1,1,0,1,1,0,1,1,0,1,0,1,0,0,1,0,0,1,0,0,0,0,0,0,1,0,0,0,0,0,0,0,0,0,1,0,0,0,0,0,0,0,1,0
0,1,0,1,1,1,1,1,1,0,1,0,0,1,0,1,1,1,0,0,0,0,0,0,0,1,1,1,1,0,1,1,0,1,0,0,0,0,1,1,0,1,0,1,0,1,0,1,0,1,1,1,0,1,1,0,0,1,0,0,0,1,1,1,1,1,0,1,1,0,1,1,0,1,1,1,0,0,0,1,1,1,1,1,0,0,0,1,1,1,1,1,0,0,1,1,1,1,0,1,0,1,0,1,1,1,1,1,1,1,1,1,1,1,0,1,1,1,1,0,1,1,0,1,1,0,1,1,1,0,1,1,1,0,0,1,1,0,1,1,0,1,0,1,1,1,1,1,1,0,1,1,0,1,1,0,0,1,0,1,1,0,1,1,0,1,0,0,1,0,1,0,0,1,0,1,1,1,1,0,1,1,0,1,1,0,1,0,1,0,0,1,0,0,1,0,0,0,0,0,0,1,0,0,0,0,0,0,0,0,0,0,0,0,0,0,0,0,0,0,0
1,1,0,0,0,1,1,0,0,0,0,0,0,0,0,1,1,1,1,0,0,1,1,1,0,0,1,0,1,0,1,0,0,0,0,0,1,0,0,1,0,1,0,1,0,0,0,1,1,0,0,1,0,0,0,0,0,1,1,1,0,0,1,0,0,0,0,0,1,0,0,1,0,1,0,0,0,0,0,0,1,0,0,0,0,0,0,0,1,0,1,0,0,0,0,1,0,1,0,0,0,0,0,0,0,0,0,1,0,0,0,1,1,1,0,0,0,1,1,0,1,0,0,1,0,0,0,1,1,0,0,0,1,0,0,0,1,0,0,1,0,1,0,0,0,1,1,1,0,0,0,0,0,1,0,0,0,1,0,1,1,0,0,1,0,1,0,0,1,0,0,0,0,1,0,1,1,0,0,0,0,1,0,1,1,0,1,0,1,1,0,0,1,0,0,1,1,1,1,0,0,0,0,1,0,0,1,1,1,1,0,0,0,1,1,1,1,1,0,0,0
0,1,0,0,0,1,1,0,0,0,1,0,0,1,0,1,1,1,1,0,0,1,0,0,0,0,1,0,0,0,1,0,0,0,0,0,1,0,0,1,0,1,1,1,0,0,0,1,1,0,0,1,0,0,0,0,0,1,1,0,0,0,1,0,0,0,0,0,1,0,0,1,0,1,0,0,0,0,0,0,1,0,0,0,0,0,0,0,1,0,1,0,0,0,0,1,0,1,0,0,0,0,0,0,0,0,0,1,0,0,0,1,1,1,0,0,0,1,1,0,1,0,0,1,0,0,0,1,1,0,0,0,1,0,0,0,1,0,0,1,0,1,0,0,0,1,1,1,0,0,1,0,0,1,1,0,0,1,0,1,1,0,1,1,0,1,0,0,1,0,0,0,0,1,0,1,1,0,0,0,0,1,0,1,1,0,1,0,1,1,0,0,1,1,0,1,1,1,1,0,0,0,0,1,1,0,0,1,0,0,1,0,0,0,1,1,0,0,1,0,0
0,1,0,0,0,1,1,0,0,0,1,0,0,1,0,1,1,1,1,0,0,1,0,0,0,0,1,0,0,0,1,0,0,0,0,0,1,0,0,1,0,1,1,1,0,0,0,1,1,0,0,1,0,0,0,0,0,1,1,0,0,0,1,0,0,0,0,0,1,0,0,1,0,1,0,0,0,0,0,0,1,0,0,0,0,0,0,0,1,0,1,0,0,0,0,1,0,1,0,0,0,0,0,0,0,0,0,1,0,0,0,1,1,1,0,0,0,1,1,0,1,0,0,1,0,0,0,1,1,0,0,0,1,0,0,0,1,0,0,1,0,1,0,0,0,1,1,1,0,0,1,0,0,1,1,0,0,1,0,1,1,0,1,1,0,1,0,0,1,0,0,0,0,1,0,1,1,0,0,0,0,1,0,1,1,0,1,0,1,1,0,0,1,1,0,1,1,1,1,0,0,0,0,1,1,0,0,1,0,0,1,0,0,0,1,1,0,0,1,0,0
0,1,0,1,1,1,1,1,1,0,1,0,0,1,0,0,0,0,0,0,0,0,0,0,0,1,1,0,0,0,1,1,0,1,0,0,0,0,1,1,0,1,0,1,0,0,0,1,0,0,0,1,0,1,1,0,0,1,0,0,0,0,1,1,1,0,0,0,1,0,0,1,0,1,0,1,0,0,0,0,1,0,0,1,0,0,0,0,1,0,1,0,0,0,0,1,1,1,0,1,0,0,0,0,0,1,0,1,1,0,0,1,1,1,0,1,1,1,1,0,1,0,0,1,1,0,1,1,1,0,0,0,1,0,0,1,1,0,1,1,0,1,0,1,1,1,1,1,1,0,1,1,0,1,1,0,0,1,0,1,1,0,1,1,0,1,0,0,1,0,1,0,0,1,0,1,1,1,1,0,1,1,0,1,1,0,1,0,1,0,0,1,0,0,1,0,0,0,0,0,0,1,0,0,0,0,0,0,0,0,0,0,0,0,0,0,0,0,0,0,0
0,1,0,0,0,1,1,1,0,0,0,0,0,0,0,0,1,1,1,0,0,1,1,1,0,1,1,0,1,1,1,0,0,0,0,0,0,0,0,1,0,1,0,1,0,0,0,1,1,0,0,1,0,0,0,0,1,1,1,0,0,0,1,0,0,0,0,0,1,0,0,1,0,1,0,0,0,0,1,0,1,0,0,0,0,0,1,0,1,0,1,0,0,0,0,1,0,1,0,0,0,0,0,0,0,0,0,1,0,0,0,1,1,1,1,0,0,1,1,0,1,0,0,1,0,1,0,1,1,1,0,0,1,0,1,0,1,0,0,1,0,1,0,0,0,1,1,1,0,0,1,0,0,1,1,0,1,1,1,1,1,1,1,1,0,1,0,1,1,1,0,0,0,1,0,1,1,0,0,1,0,1,0,1,1,0,1,0,1,1,1,0,1,1,0,1,1,1,1,1,1,0,0,1,1,0,1,1,1,0,1,0,1,1,1,0,1,0,1,0,1
0,1,0,1,1,1,1,1,1,0,1,0,0,1,0,0,0,0,0,0,0,0,0,0,0,1,1,0,0,0,1,1,0,1,0,0,0,0,1,1,0,1,0,1,0,0,0,1,0,0,0,1,0,1,1,0,0,1,0,0,0,0,1,1,1,0,0,0,1,0,0,1,0,1,0,1,0,0,0,0,1,0,0,1,0,0,0,0,1,0,1,0,0,0,0,1,1,1,0,1,0,0,0,0,0,1,0,1,1,0,0,1,1,1,0,1,1,1,1,0,1,0,0,1,1,0,1,1,1,0,0,0,1,0,0,1,1,0,1,1,0,1,0,1,1,1,1,1,1,0,1,1,0,1,1,0,0,1,0,1,1,0,1,1,0,1,0,0,1,0,1,0,0,1,0,1,1,1,1,0,1,1,0,1,1,0,1,0,1,0,0,1,0,0,1,0,0,0,0,0,0,1,0,0,0,0,0,0,0,0,0,0,0,0,0,0,0,0,0,0,0
0,1,0,1,1,1,1,1,1,0,1,0,0,1,0,0,0,0,0,0,0,0,0,0,0,1,1,0,0,0,1,1,0,1,0,0,0,0,1,1,0,1,0,1,0,0,0,1,0,0,0,1,0,1,1,0,0,1,0,0,0,0,1,1,1,0,0,0,1,0,0,1,0,1,0,1,0,0,0,0,1,0,0,1,0,0,0,0,1,0,1,0,0,0,0,1,1,1,0,1,0,0,0,0,0,1,0,1,1,0,0,1,1,1,0,1,1,1,1,0,1,0,0,1,1,0,1,1,1,0,0,0,1,0,0,1,1,0,1,1,0,1,0,1,1,1,1,1,1,0,1,1,0,1,1,0,0,1,0,1,1,0,1,1,0,1,0,0,1,0,1,0,0,1,0,1,1,1,1,0,1,1,0,1,1,0,1,0,1,0,0,1,0,0,1,0,0,0,0,0,0,1,0,0,0,0,0,0,0,0,0,0,0,0,0,0,0,0,0,0,0
0,1,0,1,1,1,1,1,1,0,1,0,0,1,0,0,0,0,0,0,0,0,0,0,0,1,1,0,0,0,1,1,0,1,0,0,0,0,1,1,0,1,0,1,0,0,0,1,0,0,0,1,0,1,1,0,0,1,0,0,0,0,1,1,1,0,0,0,1,0,0,1,0,1,0,1,0,0,0,0,1,0,0,1,0,0,0,0,1,0,1,0,0,0,0,1,1,1,0,1,0,0,0,0,0,1,0,1,1,0,0,1,1,1,0,1,1,1,1,0,1,0,0,1,1,0,1,1,1,0,0,0,1,0,0,1,1,0,1,1,0,1,0,1,1,1,1,1,1,0,1,1,0,1,1,0,0,1,0,1,1,0,1,1,0,1,0,0,1,0,1,0,0,1,0,1,1,1,1,0,1,1,0,1,1,0,1,0,1,0,0,1,0,0,1,0,0,0,0,0,0,1,0,0,0,0,0,0,0,0,0,0,0,0,0,0,0,0,0,0,0
1,1,0,1,0,1,1,0,0,0,1,0,1,1,0,1,1,1,1,0,0,1,0,0,0,1,1,0,1,0,1,0,0,0,0,0,1,0,1,1,0,1,0,1,1,1,0,1,1,0,0,1,0,1,1,0,0,1,1,1,1,1,1,0,0,1,1,1,1,0,1,1,1,1,0,1,0,0,0,1,1,0,0,1,0,0,0,1,1,1,1,1,0,0,0,1,1,1,0,1,0,1,0,1,1,0,1,1,1,1,1,1,1,1,1,1,1,1,1,0,1,1,0,1,0,1,0,1,1,0,1,1,1,0,0,1,1,0,0,1,0,1,0,1,0,1,1,1,0,0,0,0,0,1,0,0,0,1,0,1,1,1,0,1,0,1,1,0,1,0,0,0,0,1,0,1,1,1,0,1,1,1,0,1,1,0,1,1,1,1,0,1,1,0,1,1,1,1,1,0,0,1,1,1,0,0,0,1,1,0,0,1,1,0,1,0,1,0,0,1,1
0,1,0,1,1,1,1,1,1,0,1,0,0,1,0,0,0,0,0,0,0,0,0,0,0,1,1,0,0,0,1,1,0,1,0,0,0,0,1,1,0,1,0,1,0,0,0,1,0,0,0,1,0,1,1,0,0,1,0,0,0,0,1,1,1,0,0,0,1,0,0,1,0,1,0,1,0,0,0,0,1,0,0,1,0,0,0,0,1,0,1,0,0,0,0,1,1,1,0,1,0,0,0,0,0,1,0,1,1,0,0,1,1,1,0,1,1,1,1,0,1,0,0,1,1,0,1,1,1,0,0,0,1,0,0,1,1,0,1,1,0,1,0,1,1,1,1,1,1,0,1,1,0,1,1,0,0,1,0,1,1,0,1,1,0,1,0,0,1,0,1,0,0,1,0,1,1,1,1,0,1,1,0,1,1,0,1,0,1,0,0,1,0,0,1,0,0,0,0,0,0,1,0,0,0,0,0,0,0,0,0,0,0,0,0,0,0,0,0,0,0
0,1,0,1,1,1,1,1,1,0,1,0,0,1,0,1,1,1,0,0,0,0,0,0,0,1,1,1,1,0,1,1,0,1,0,0,0,0,1,1,0,1,0,1,0,1,0,1,0,1,1,1,1,1,1,1,0,1,0,0,0,1,1,1,1,1,0,1,1,0,1,1,0,1,1,1,1,0,0,1,1,1,1,1,1,0,0,1,1,1,1,1,1,1,1,1,1,1,0,1,0,1,1,1,1,1,1,1,1,1,1,1,1,1,0,1,1,1,1,0,1,1,1,1,1,0,1,1,1,0,1,1,1,0,0,1,1,0,1,1,1,1,0,1,1,1,1,1,1,0,1,1,0,1,1,0,0,1,0,1,1,0,1,1,1,1,0,0,1,0,1,0,0,1,1,1,1,1,1,0,1,1,0,1,1,1,1,0,1,0,0,1,0,0,1,0,0,0,0,0,0,1,0,0,0,0,0,0,0,0,0,0,0,0,0,0,0,0,0,0,0
1,1,0,1,0,1,0,0,0,0,0,0,0,0,0,1,1,1,1,0,0,1,0,0,0,0,1,0,0,0,1,0,0,1,0,0,1,0,1,1,0,1,0,1,0,0,0,1,0,0,0,1,0,1,1,0,0,0,0,0,0,0,1,1,1,0,0,0,0,0,0,1,0,1,0,1,0,0,0,0,1,0,0,1,0,0,0,0,1,0,0,0,0,0,0,1,1,0,0,1,0,0,0,0,0,1,0,1,0,0,0,1,0,0,0,1,1,0,1,0,1,0,0,0,0,0,0,0,0,0,0,0,1,0,0,1,0,0,0,0,0,1,0,1,0,0,0,1,0,0,0,0,0,0,0,0,0,1,0,0,1,0,0,1,0,0,0,0,0,0,1,0,0,0,0,0,1,1,0,0,1,0,0,1,1,0,0,0,1,0,0,0,1,0,0,1,1,0,0,0,0,0,0,1,0,0,0,0,0,0,0,1,0,1,0,0,0,0,0,1,0
0,1,0,1,0,1,0,0,1,0,1,0,1,1,0,1,1,1,1,0,0,1,0,0,0,1,1,0,1,0,1,1,0,0,0,0,1,0,1,1,0,1,0,1,1,1,0,1,0,0,0,1,0,1,1,0,0,0,0,0,1,1,1,0,0,1,0,1,0,0,1,1,1,1,0,1,0,0,0,1,1,0,0,1,0,0,0,1,1,1,0,1,0,0,0,1,1,0,0,1,0,1,0,0,1,0,1,1,0,1,1,1,0,0,0,1,1,0,1,0,1,1,0,0,0,0,0,0,0,0,1,0,1,0,0,1,0,0,0,0,0,1,0,1,0,0,0,1,0,0,0,0,0,0,0,0,0,1,0,0,1,0,0,1,0,0,0,0,0,0,0,0,0,0,0,0,1,1,0,0,1,0,0,1,1,0,0,0,1,0,0,0,1,0,1,1,1,0,0,0,0,0,0,1,0,0,0,0,0,0,0,0,0,0,0,0,0,0,0,0,0
0,1,0,0,0,1,1,0,0,0,1,0,0,1,0,0,0,1,0,0,0,0,0,0,0,0,0,0,0,0,1,0,0,0,1,1,0,0,0,1,0,1,1,1,0,0,0,1,1,0,0,1,0,0,0,0,0,1,1,0,0,0,1,0,0,0,0,0,1,1,0,0,0,0,0,0,0,0,0,0,0,0,0,0,0,0,0,0,1,0,1,0,0,0,0,0,0,1,0,0,0,0,0,0,0,0,0,0,0,0,0,1,1,1,1,0,0,1,1,0,0,0,0,1,0,1,0,1,1,0,0,0,0,0,0,0,1,0,0,1,0,0,0,0,0,1,1,1,0,0,1,0,1,1,1,0,0,0,0,1,1,1,1,1,0,1,0,1,1,0,0,0,0,1,0,1,1,0,0,1,0,1,1,0,0,0,1,1,0,1,1,1,0,0,0,1,1,1,1,1,1,1,0,0,0,1,1,1,1,1,1,0,1,0,1,0,1,1,1,0,1
0,1,0,1,1,1,1,1,1,0,1,0,0,1,0,0,0,1,1,0,0,0,0,0,0,1,1,0,1,0,1,1,0,1,0,0,0,0,1,1,0,1,0,1,0,0,0,1,0,0,0,1,0,1,1,0,0,1,0,0,0,0,1,1,1,0,0,0,1,0,0,1,0,1,0,1,0,0,0,0,1,0,0,1,0,0,0,0,1,0,1,0,0,0,0,1,1,1,0,1,0,0,0,0,0,1,0,1,1,0,0,1,1,1,0,1,1,1,1,0,1,0,0,1,1,0,1,1,1,0,0,1,1,0,0,1,1,0,1,1,0,1,0,1,1,1,1,1,1,0,1,1,0,1,1,0,0,1,0,1,1,0,1,1,0,1,0,0,1,0,1,0,0,1,0,1,1,1,1,0,1,1,0,1,1,0,1,0,1,0,0,1,0,0,1,0,0,0,0,0,0,1,0,0,0,0,0,0,0,0,0,1,0,0,0,0,0,0,0,1,0
0,1,0,1,0,1,0,0,0,0,0,0,0,0,0,1,1,1,0,1,1,1,0,1,0,1,0,0,0,0,1,0,0,1,0,0,1,0,1,0,0,1,0,1,0,0,0,1,0,0,0,1,0,0,0,0,0,0,0,0,0,0,0,1,1,0,0,0,0,0,1,1,1,0,0,1,0,1,0,1,1,0,0,1,0,1,0,1,1,1,0,1,0,0,0,1,1,0,0,1,0,1,0,0,1,1,1,1,0,1,1,1,0,0,0,1,1,0,1,0,1,1,0,0,0,0,0,0,0,0,1,0,1,0,0,1,0,0,1,0,0,0,0,1,0,0,0,0,0,0,0,0,0,0,0,0,0,1,0,0,0,0,0,1,0,0,0,0,0,0,1,1,0,0,0,0,1,1,0,0,1,0,0,1,1,0,0,0,1,0,0,0,1,0,1,1,1,0,0,0,0,0,0,1,0,0,1,0,0,0,0,0,0,1,0,1,0,1,0,1,0
0,1,0,1,1,1,1,1,1,0,1,0,0,1,0,0,0,0,0,0,0,0,0,0,0,1,1,0,0,0,1,1,0,1,0,0,0,0,1,1,0,1,0,1,0,0,0,1,0,0,0,1,0,1,1,0,0,1,0,0,0,0,1,1,1,0,0,0,1,0,0,1,0,1,0,1,0,0,0,0,1,0,0,1,0,0,0,0,1,0,1,0,0,0,0,1,1,1,0,1,0,0,0,0,0,1,0,1,1,0,0,1,1,1,0,1,1,1,1,0,1,0,0,1,1,0,1,1,1,0,0,0,1,0,0,1,1,0,1,1,0,1,0,1,1,1,1,1,1,0,1,1,0,1,1,0,0,1,0,1,1,0,1,1,0,1,0,0,1,0,1,0,0,1,0,1,1,1,1,0,1,1,0,1,1,0,1,0,1,0,0,1,0,0,1,0,0,0,0,0,0,1,0,0,0,0,0,0,0,0,0,0,0,0,0,0,0,0,0,0,0
0,1,0,1,0,1,0,0,0,0,1,0,1,1,0,1,1,1,1,0,0,1,0,0,0,1,1,0,1,0,1,0,0,0,0,0,1,0,1,1,0,1,0,1,1,1,0,1,0,0,0,1,1,1,1,1,0,0,0,0,1,1,1,0,0,1,1,1,0,0,1,1,1,1,0,1,1,0,0,1,1,0,0,1,1,0,0,1,1,1,0,1,1,1,0,1,1,0,0,1,0,1,1,1,1,0,1,1,0,1,1,1,0,0,0,1,1,0,1,0,1,1,1,0,0,0,1,0,0,0,1,0,1,0,0,1,0,0,0,0,1,1,0,1,0,0,0,1,1,0,0,0,0,0,0,0,0,1,0,0,1,0,0,1,1,0,0,0,0,0,0,0,0,0,1,0,1,1,0,0,1,0,0,1,1,1,0,0,1,0,0,0,1,0,1,1,1,0,0,0,0,0,0,1,0,0,0,0,0,0,0,0,0,0,0,0,0,0,0,0,0
1,1,0,1,1,1,1,1,1,0,1,0,0,1,0,1,1,1,0,0,0,0,0,0,0,1,1,0,0,0,1,1,0,1,0,0,0,0,1,1,0,1,1,1,0,0,0,1,1,0,0,1,0,1,1,0,0,1,0,0,0,0,1,1,1,0,0,0,1,0,0,1,0,1,0,1,0,0,0,0,1,0,0,1,0,0,0,0,1,0,1,0,0,0,0,1,1,1,0,1,0,0,0,0,0,1,0,1,1,0,0,1,1,1,0,1,1,1,1,0,1,0,0,1,1,0,1,1,1,0,0,0,1,0,0,1,1,0,1,1,0,1,0,1,1,1,1,1,1,0,1,1,0,1,1,0,0,1,0,1,1,0,1,1,0,1,0,0,1,0,1,0,0,1,0,1,1,1,1,0,1,1,0,1,1,0,1,0,1,0,0,1,0,0,1,0,0,0,0,0,0,1,0,0,0,0,0,0,0,0,0,0,0,0,0,0,0,0,0,0,0
0,1,0,0,0,1,0,0,0,0,0,0,0,0,0,1,1,1,1,0,0,1,0,0,0,0,1,0,0,0,1,0,0,0,0,0,1,0,0,1,0,1,0,1,0,0,0,1,0,0,0,0,0,0,0,0,0,0,0,0,0,0,1,0,0,0,0,0,0,0,0,1,0,1,0,0,0,0,0,0,1,0,0,0,0,0,0,0,1,0,0,0,0,0,0,1,0,0,0,0,0,0,0,0,0,0,0,1,0,0,0,1,0,0,0,0,0,0,1,0,1,0,0,0,0,0,0,0,0,0,0,0,1,0,0,0,0,0,0,0,0,1,0,0,0,0,0,1,0,0,0,0,0,0,0,0,0,1,0,0,1,0,0,1,0,0,0,0,0,0,0,0,0,0,0,0,1,0,0,0,0,0,0,1,1,0,0,0,1,0,0,0,1,0,0,1,1,0,0,0,0,0,0,1,0,0,0,0,0,0,0,0,0,0,0,0,0,0,0,0,0
0,0,0,1,1,1,1,0,1,0,1,0,0,1,0,1,1,0,0,0,0,0,0,0,0,1,1,1,0,0,1,1,0,1,0,0,0,0,1,1,0,1,0,1,0,1,0,1,0,1,1,1,1,1,1,1,0,1,0,0,0,1,1,1,1,0,0,0,1,0,1,1,0,1,1,1,1,0,0,1,1,1,1,1,1,0,0,0,1,0,1,0,0,0,0,1,1,1,0,1,0,0,1,0,1,1,1,1,1,1,1,1,1,1,0,1,1,1,1,0,1,1,1,1,1,0,1,1,1,0,1,0,1,0,0,1,1,0,1,1,1,1,0,1,1,1,1,1,1,0,1,1,0,1,1,1,0,1,0,1,1,0,1,1,0,1,0,0,1,0,1,0,0,1,1,1,1,1,1,0,1,1,0,1,1,0,1,0,1,0,0,1,0,0,1,0,0,0,0,0,0,1,0,0,0,0,0,0,0,0,0,0,0,0,0,0,0,0,0,0,0
0,1,0,1,1,1,1,1,1,0,1,0,0,1,0,0,0,1,1,0,0,0,0,0,0,1,1,0,1,0,1,1,0,1,0,0,0,0,1,1,0,1,0,1,0,0,0,1,0,0,0,1,0,1,1,0,0,1,0,0,0,0,1,1,1,0,0,0,1,0,0,1,0,1,0,1,0,0,0,0,1,0,0,1,0,0,0,0,1,0,1,0,0,0,0,1,1,1,0,1,0,0,0,0,0,1,0,1,1,0,0,1,1,1,0,1,1,1,1,0,1,0,0,1,1,0,1,1,1,0,0,0,1,0,0,1,1,0,1,1,0,1,0,1,1,1,1,1,1,0,1,1,0,1,1,0,0,1,0,1,1,0,1,1,0,1,0,0,1,0,1,0,0,1,0,1,1,1,1,0,1,1,0,1,1,0,1,0,1,0,0,1,0,0,1,0,0,0,0,0,0,1,0,0,0,0,0,0,0,0,0,0,0,0,0,0,0,0,0,0,0
0,1,0,1,1,1,1,1,1,0,1,0,0,1,0,0,0,1,1,0,0,0,0,0,0,1,1,0,1,0,1,1,0,1,0,0,0,0,1,1,0,1,0,1,0,0,0,1,0,0,0,1,0,1,1,0,0,1,1,0,0,0,1,1,1,0,0,0,1,0,0,1,0,1,0,1,0,0,0,0,1,0,0,1,0,0,0,0,1,0,1,0,0,0,0,1,1,1,0,1,0,0,0,0,0,1,0,1,1,0,0,1,1,1,0,1,1,1,1,0,1,0,0,1,1,0,1,1,1,0,0,0,1,0,0,1,1,0,1,1,0,1,0,1,1,1,1,1,1,0,1,1,0,1,1,0,0,1,0,1,1,0,1,1,0,1,1,0,1,0,1,0,0,1,0,1,1,1,1,0,1,1,0,1,1,0,1,1,1,1,0,1,0,0,1,0,0,0,0,0,0,1,1,0,0,0,0,0,0,0,0,0,0,0,0,0,0,0,0,0,0
1,1,0,1,0,1,0,0,0,0,0,0,0,0,0,1,1,1,1,0,0,1,0,0,0,0,1,0,0,0,1,0,0,1,0,0,1,0,1,1,0,1,0,1,0,0,0,1,0,0,0,0,0,1,1,0,0,0,0,0,0,0,1,1,1,0,0,0,0,0,0,1,0,1,0,1,0,0,0,0,1,0,0,1,0,0,0,0,1,0,0,0,0,0,0,1,1,0,0,1,0,0,0,0,0,1,0,1,0,0,0,1,0,0,0,1,1,0,1,0,1,0,0,0,0,0,0,0,0,0,0,0,1,0,0,1,0,0,0,0,0,1,0,1,0,0,0,1,0,0,0,0,0,0,0,0,0,1,0,0,1,0,0,1,0,0,0,0,0,0,1,0,0,0,0,0,1,1,0,0,1,0,0,1,1,0,0,0,1,0,0,0,1,0,0,1,1,0,0,0,0,0,0,1,0,0,0,0,0,0,0,1,0,1,0,0,0,0,0,1,0
1,1,0,0,0,1,1,0,0,0,1,1,0,0,0,1,1,1,1,0,0,1,0,0,0,0,1,0,0,0,1,0,0,0,0,0,1,0,0,1,0,1,0,1,0,0,0,1,1,0,0,1,0,0,0,0,0,1,1,0,0,0,1,0,0,0,0,0,1,0,0,1,0,1,0,0,0,0,0,0,1,0,0,0,0,0,0,0,1,0,1,0,0,0,0,1,0,1,0,0,0,0,0,0,0,0,0,1,0,0,0,1,1,1,1,0,0,1,1,0,1,0,0,1,0,1,0,1,1,0,0,0,1,0,0,0,1,0,0,1,0,1,0,0,0,1,1,1,0,0,0,0,0,1,0,0,0,1,0,1,1,1,0,1,0,1,0,0,1,0,0,0,0,1,0,1,1,0,0,1,0,1,0,1,1,0,1,0,1,1,0,0,1,1,0,1,1,1,1,0,0,0,0,1,1,0,1,1,1,1,0,0,1,0,1,0,1,1,0,0,1
0,1,0,1,1,1,1,1,1,0,1,0,0,1,0,1,1,1,0,0,0,0,0,0,0,1,1,1,1,0,1,1,0,1,0,0,0,0,1,1,0,1,0,1,1,1,0,1,0,1,1,1,0,1,1,0,0,1,0,0,0,1,1,1,1,1,0,1,1,0,1,1,1,1,1,1,0,0,0,1,1,1,1,1,0,0,0,1,1,1,1,1,0,0,1,1,1,1,0,1,0,1,0,1,1,1,1,1,1,1,1,1,1,1,0,1,1,1,1,0,1,1,0,1,1,0,1,1,1,0,1,1,1,0,0,1,1,0,1,1,0,1,0,1,1,1,1,1,1,0,1,1,0,1,1,0,0,1,0,1,1,0,1,1,0,1,0,0,1,0,1,0,0,1,0,1,1,1,1,0,1,1,0,1,1,0,1,0,1,0,0,1,0,0,1,0,0,0,0,0,0,1,0,0,0,0,0,0,0,0,0,0,0,0,0,0,0,0,0,0,0
0,1,0,1,0,1,0,0,0,0,1,0,1,1,0,1,1,1,1,0,0,1,0,0,0,1,1,0,1,0,1,0,0,1,0,0,1,0,1,1,0,1,0,1,1,1,0,1,0,0,0,1,1,1,1,1,0,0,0,0,1,1,1,1,1,1,0,1,0,0,1,1,1,1,0,1,1,0,0,1,1,0,0,1,1,0,0,1,1,1,0,1,1,1,0,1,1,0,0,1,0,1,1,0,1,0,1,1,0,1,1,1,0,0,0,1,1,0,1,0,1,1,1,0,0,0,1,0,0,0,1,0,1,0,0,1,0,0,0,0,1,1,0,1,0,0,0,1,1,0,0,0,0,0,0,0,0,1,0,0,1,0,0,1,1,0,0,0,0,0,1,0,0,0,1,0,1,1,0,0,1,0,0,1,1,1,0,0,1,0,0,0,1,0,1,1,1,0,0,0,0,0,0,1,0,0,0,0,0,0,0,0,0,0,0,0,0,0,0,0,0
0,1,0,0,0,1,1,0,0,0,0,0,0,0,0,1,1,1,1,0,1,1,0,1,0,0,1,0,0,0,1,0,0,0,0,0,1,0,0,1,0,1,1,1,0,0,0,1,1,0,0,1,0,0,0,0,0,1,1,0,0,0,1,0,0,0,0,0,1,0,0,1,0,1,0,0,0,0,0,0,1,0,0,0,0,0,0,0,1,0,1,0,0,0,0,1,0,1,0,0,0,0,0,0,0,0,0,1,0,0,0,1,1,1,1,0,0,1,1,0,1,0,0,1,0,1,0,1,1,0,0,0,1,0,0,0,1,0,0,1,0,1,0,0,0,1,1,1,0,0,1,0,0,1,1,0,0,1,0,1,1,1,1,1,0,1,0,0,1,0,0,0,0,1,0,1,1,0,0,1,0,1,0,1,1,0,1,0,1,1,0,0,1,1,0,1,1,1,1,0,0,0,0,1,1,0,0,1,1,0,0,0,1,0,1,0,1,0,0,0,1
1,1,0,0,0,1,1,0,1,0,1,0,0,1,0,1,1,1,1,0,0,1,0,0,0,1,1,0,1,0,1,1,0,0,0,0,1,0,0,1,0,1,0,1,0,0,0,1,1,0,0,1,0,0,0,0,0,1,1,1,0,0,1,0,0,0,0,0,1,0,0,1,0,1,0,0,0,0,0,0,1,0,0,0,0,0,0,0,1,0,1,0,0,0,0,1,0,1,0,0,0,0,0,0,0,0,0,1,0,0,0,1,1,1,1,0,0,1,1,0,1,0,0,1,0,1,0,1,1,0,0,0,1,0,0,0,1,0,0,1,0,1,0,0,0,1,1,1,0,0,0,0,0,1,0,0,0,1,0,1,1,1,0,1,0,1,0,0,1,0,0,0,0,1,0,1,1,0,0,1,0,1,0,1,1,0,1,0,1,1,0,0,1,0,0,1,1,1,1,0,0,0,0,1,0,0,0,1,1,0,0,0,1,0,1,0,1,0,0,0,1
0,1,0,1,1,1,1,1,1,0,1,0,0,1,0,0,0,0,0,0,0,0,0,0,0,1,1,0,0,0,1,1,0,1,0,0,0,0,1,1,0,1,0,1,0,0,0,1,0,0,0,1,0,1,1,0,0,1,0,0,0,0,1,1,1,0,0,0,1,0,0,1,0,1,0,1,0,0,0,0,1,0,0,1,0,0,0,0,1,0,1,0,0,0,0,1,1,1,0,1,0,0,0,0,0,1,0,1,1,0,0,1,1,1,0,1,1,1,1,0,1,0,0,1,1,0,1,1,1,0,0,0,1,0,0,1,1,0,1,1,0,1,0,1,1,1,1,1,1,0,1,1,0,1,1,0,0,1,0,1,1,0,1,1,0,1,0,0,1,0,1,0,0,1,0,1,1,1,1,0,1,1,0,1,1,0,1,0,1,0,0,1,0,0,1,0,0,0,0,0,0,1,0,0,0,0,0,0,0,0,0,0,0,0,0,0,0,0,0,0,0
1,1,0,0,0,1,1,0,0,0,0,0,0,0,0,1,1,1,1,0,0,1,0,0,0,0,1,0,0,0,1,0,0,0,0,0,1,0,0,1,0,1,1,1,0,0,0,1,1,0,0,1,0,0,0,0,0,1,1,0,0,0,1,0,0,0,0,0,1,0,0,1,0,1,0,0,0,0,0,0,1,0,0,0,0,0,0,0,1,0,1,0,0,0,0,1,0,1,0,0,0,0,0,0,0,0,0,1,0,0,0,1,1,1,0,0,0,1,1,0,1,0,0,1,0,0,0,1,1,0,0,0,1,0,0,0,1,0,0,1,0,1,0,0,0,1,1,1,0,0,1,0,0,1,1,0,0,1,0,1,1,0,1,1,0,1,0,0,1,0,0,0,0,1,0,1,1,0,0,0,0,1,0,1,1,0,1,0,1,1,0,0,1,1,0,1,1,1,1,0,0,0,0,1,1,0,0,1,0,0,1,0,0,0,1,1,0,0,1,0,0
0,1,0,1,1,1,1,1,1,0,1,0,0,1,0,0,0,1,1,0,0,0,0,0,0,1,1,0,1,0,1,1,0,1,0,0,0,0,1,1,0,1,0,1,0,0,0,1,0,0,0,1,0,1,1,0,0,1,0,0,0,0,1,1,1,0,0,0,1,0,0,1,0,1,0,1,0,0,0,0,1,0,0,1,0,0,0,0,1,0,1,0,0,0,0,1,1,1,0,1,0,0,0,0,0,1,0,1,1,0,0,1,1,1,0,1,1,1,1,0,1,0,0,1,1,0,1,1,1,0,0,1,1,0,0,1,1,0,1,1,0,1,0,1,1,1,1,1,1,0,1,1,0,1,1,0,0,1,0,1,1,0,1,1,0,1,0,0,1,0,1,0,0,1,0,1,1,1,1,0,1,1,0,1,1,0,1,0,1,0,0,1,0,0,1,0,0,0,0,0,0,1,0,0,0,0,0,0,0,0,0,0,0,0,0,0,0,0,0,0,0
0,0,0,1,0,1,1,0,0,0,0,0,0,0,0,0,0,0,0,0,0,0,0,0,0,0,0,0,0,0,1,0,0,0,0,0,0,1,1,1,0,1,0,1,0,0,0,1,0,0,0,1,0,0,0,0,1,1,1,0,0,0,1,0,0,0,0,0,1,0,0,1,0,0,0,0,0,0,0,0,0,0,0,0,0,1,1,0,1,0,1,0,0,0,0,0,0,1,0,0,0,0,0,0,0,0,0,0,0,0,0,1,1,1,0,0,0,1,1,0,0,0,0,1,0,0,0,1,1,0,0,0,0,0,0,0,1,0,0,1,0,0,0,0,0,1,1,1,0,1,0,0,0,1,0,0,1,0,0,1,1,0,0,1,0,1,0,0,1,0,0,0,1,1,0,1,0,0,0,0,0,1,0,0,0,0,1,1,0,1,0,0,0,0,0,1,0,1,1,0,0,0,0,0,0,0,0,0,1,0,0,0,0,0,0,0,1,0,0,0,0
0,1,0,1,0,1,0,0,0,0,0,0,0,0,0,1,1,1,0,1,1,1,0,1,0,1,0,0,0,0,1,0,0,0,1,0,1,0,1,0,0,1,0,1,1,1,0,1,0,0,0,1,0,1,0,0,0,1,0,0,0,1,1,0,0,1,0,1,0,1,1,0,1,0,0,1,0,0,0,1,0,0,0,1,0,0,0,1,1,1,0,1,0,0,0,0,1,1,0,1,0,1,0,0,1,0,1,0,0,1,1,1,1,1,0,1,1,1,1,0,0,1,0,0,0,0,0,1,1,0,1,1,0,0,0,1,0,0,1,0,0,0,0,1,0,0,1,1,0,0,0,0,1,1,0,0,0,0,0,0,1,0,0,1,0,1,0,0,1,0,0,0,0,1,0,1,1,1,0,0,1,0,1,0,0,0,1,0,0,1,0,1,0,0,0,1,1,1,1,0,0,1,1,0,0,0,1,0,0,0,0,0,0,1,0,1,0,1,0,1,0
0,1,0,1,0,1,1,0,0,0,1,1,0,0,0,0,0,0,0,0,0,0,0,0,0,0,0,0,0,0,1,0,0,1,0,0,0,1,1,1,0,1,0,1,0,0,0,1,0,0,0,1,0,0,0,0,1,1,1,0,0,0,1,1,1,0,0,0,1,0,0,1,0,0,0,0,0,0,0,0,0,0,0,0,0,1,1,0,1,0,1,0,0,0,0,0,0,1,0,0,0,0,0,0,0,1,0,0,0,0,0,1,1,1,0,0,0,1,1,0,0,0,0,1,0,0,0,1,1,0,0,0,0,0,0,0,1,0,0,1,0,0,0,0,0,1,1,1,0,1,0,0,0,1,0,0,1,0,0,1,1,0,0,1,0,1,0,0,1,0,1,1,1,1,0,1,1,0,0,0,0,1,0,0,0,0,1,1,0,1,0,0,0,0,0,1,0,1,1,0,0,0,0,0,0,0,1,1,1,1,0,0,0,0,1,0,1,1,0,0,0
0,0,0,1,0,1,1,0,0,0,1,1,0,0,0,0,0,0,0,0,0,0,0,0,0,0,0,0,0,0,1,0,0,1,0,0,0,1,1,1,0,1,0,1,0,0,0,1,0,0,0,1,0,0,0,0,1,1,1,0,0,0,1,1,1,0,0,0,1,0,0,1,0,0,0,0,0,0,0,0,0,0,0,0,0,1,1,0,1,0,1,0,0,0,0,0,0,1,0,0,0,0,0,0,0,1,0,0,0,0,0,1,1,1,0,0,0,1,1,0,0,0,0,1,0,0,0,1,1,0,0,0,0,0,0,0,1,0,0,1,0,0,0,0,0,1,1,1,0,1,0,0,0,1,0,0,1,0,0,1,1,0,0,1,0,1,0,0,1,0,1,0,1,1,0,1,0,0,0,0,0,1,0,0,0,0,1,1,0,1,0,0,0,0,0,1,0,1,1,0,0,0,0,0,0,0,1,1,1,1,0,0,0,0,1,0,1,1,0,0,0
0,0,0,1,0,1,1,0,0,0,0,0,0,0,0,0,0,0,0,0,0,0,0,0,0,0,0,0,0,0,1,0,0,1,0,0,0,0,0,1,0,1,0,1,0,0,0,1,0,0,0,1,0,0,0,0,1,1,1,0,0,0,1,1,1,0,0,0,1,0,0,1,0,0,0,0,0,0,0,0,0,0,0,0,0,1,1,0,0,0,1,0,0,0,0,0,0,1,0,0,0,0,0,0,0,1,0,0,0,0,0,1,1,1,0,0,0,1,0,0,0,0,0,1,0,0,0,1,1,0,0,0,0,0,0,0,1,0,0,1,0,0,0,0,0,1,1,1,0,1,0,0,0,1,0,0,1,0,0,1,0,0,0,0,0,1,0,0,1,0,1,1,1,1,0,1,0,0,0,0,0,1,0,0,0,0,1,0,0,1,0,1,0,0,0,1,0,1,1,0,0,1,0,0,0,0,0,0,1,0,0,0,0,0,0,0,1,0,0,0,0
0,1,0,1,0,1,1,0,0,0,1,1,0,0,0,0,0,0,0,0,0,0,0,0,0,0,0,0,0,0,1,0,0,1,0,0,0,1,1,1,0,1,0,1,0,0,0,1,0,0,0,1,0,0,0,0,1,1,1,0,0,0,1,1,1,0,0,0,1,0,0,1,0,0,0,0,0,0,0,0,0,0,0,0,0,1,1,0,1,0,1,0,0,0,0,0,0,1,0,0,0,0,0,0,0,1,0,0,0,0,0,1,1,1,0,0,0,1,1,0,0,0,0,1,0,0,0,1,1,0,0,0,0,0,0,0,1,0,0,1,0,0,0,0,0,1,1,1,0,1,0,0,0,1,0,0,1,0,0,1,1,0,0,1,0,1,0,0,1,0,1,1,1,1,0,1,1,0,0,0,0,1,0,0,0,0,1,1,0,1,0,1,0,0,0,1,0,1,1,0,0,1,1,0,0,0,1,0,1,1,1,0,0,0,0,0,1,1,1,0,0
0,0,0,1,0,1,1,0,0,0,1,1,0,0,0,0,0,0,0,0,0,0,0,0,0,0,0,0,0,0,1,0,0,1,0,0,0,1,1,1,0,1,0,1,0,0,0,1,0,0,0,1,0,0,0,0,1,1,1,0,0,0,0,1,1,0,0,0,1,0,0,1,0,0,0,0,0,0,0,0,0,0,0,0,0,1,1,0,1,0,1,0,0,0,0,0,0,1,0,0,0,0,0,0,0,1,0,0,0,0,0,1,1,1,0,0,0,1,1,0,0,0,0,1,0,0,0,1,1,0,0,0,0,0,0,0,1,0,0,1,0,0,0,0,0,1,1,1,0,1,0,0,0,1,0,0,1,0,0,1,1,0,0,1,0,1,0,0,1,0,1,1,1,1,0,1,1,0,0,0,0,1,0,0,0,0,1,1,0,1,0,0,0,0,0,1,0,1,1,0,0,0,0,0,0,0,1,1,1,1,0,0,0,0,1,0,1,1,0,0,0
0,0,0,1,0,1,1,0,0,0,1,1,0,0,0,0,0,0,0,0,0,0,0,0,0,0,0,0,0,0,1,0,0,1,0,0,0,1,1,1,0,1,0,1,0,0,0,1,0,0,0,1,0,0,0,0,1,1,1,0,0,0,1,1,1,0,0,0,1,0,0,1,0,0,0,0,0,0,0,0,0,0,0,0,0,1,1,0,1,0,1,0,0,0,0,0,0,1,0,0,0,0,0,0,0,1,0,0,0,0,0,1,1,1,0,0,0,1,1,0,0,0,0,1,0,0,0,1,1,0,0,0,0,0,0,0,1,0,0,1,0,0,0,0,0,1,1,1,0,1,0,0,0,1,0,0,1,0,0,1,1,0,0,1,0,1,0,0,1,0,1,0,1,1,0,1,1,0,0,0,0,1,0,0,0,0,1,1,0,1,0,0,0,0,0,1,0,1,1,0,0,0,0,0,0,0,1,1,1,1,0,0,0,0,1,0,1,1,0,0,0
0,1,0,1,0,1,1,0,0,0,1,1,0,0,0,0,0,0,0,0,0,0,0,0,0,0,0,0,0,0,1,0,0,1,0,0,0,1,1,1,0,1,0,1,0,0,0,1,0,0,0,1,0,0,0,0,1,1,1,0,0,0,1,1,1,0,0,0,1,0,0,1,0,0,0,0,0,0,0,0,0,0,0,0,0,1,1,0,1,0,1,0,0,0,0,0,0,1,0,0,0,0,0,0,0,1,0,0,0,0,0,1,1,1,0,0,0,1,1,0,0,0,0,1,0,0,0,1,1,0,0,0,0,0,0,0,1,0,0,1,0,0,0,0,0,1,1,1,0,1,0,0,0,1,0,0,1,0,0,1,1,0,0,1,0,1,1,0,1,0,1,1,1,1,0,1,1,0,0,0,0,1,0,0,0,0,1,0,0,1,0,0,0,0,0,1,0,1,1,0,0,0,0,0,0,0,1,0,1,1,1,0,0,0,0,0,1,1,1,0,0
0,0,0,1,0,1,1,0,0,0,1,1,0,0,0,0,0,0,0,0,0,0,0,0,0,0,0,0,0,0,1,0,0,1,0,0,0,1,1,1,0,1,0,1,0,0,0,1,0,0,0,1,0,0,0,0,1,1,1,0,0,0,1,0,1,0,0,0,1,0,0,1,0,0,0,0,0,0,0,0,0,0,0,0,0,1,1,0,1,0,1,0,0,0,0,0,0,1,0,0,0,0,0,0,0,1,0,0,0,0,0,1,1,1,0,0,0,1,1,0,0,0,0,1,0,0,0,1,1,0,0,0,0,0,0,0,1,0,0,1,0,0,0,0,0,1,1,1,0,1,0,0,0,1,0,0,1,0,0,1,0,0,0,1,0,1,0,0,1,0,1,0,1,1,0,1,0,0,0,0,0,1,0,0,0,0,1,1,0,1,0,1,0,0,0,1,0,1,1,0,0,0,1,0,0,0,1,0,1,1,1,0,0,0,0,0,1,1,1,0,0
0,1,0,1,0,1,1,0,0,0,1,1,0,0,0,0,0,0,0,0,0,0,0,0,0,0,0,0,0,0,1,0,0,0,0,0,0,1,1,1,0,1,0,1,0,0,0,1,0,0,0,1,0,0,0,0,1,1,1,0,0,0,1,0,0,0,0,0,1,0,0,1,0,0,0,0,0,0,0,0,0,0,0,0,0,1,1,0,1,0,1,0,0,0,0,0,0,1,0,0,0,0,0,0,0,0,0,0,0,0,0,1,1,1,0,0,0,1,1,0,0,0,0,1,0,0,0,1,1,0,0,0,0,0,0,0,1,0,0,1,0,0,0,0,0,1,1,1,0,1,0,0,0,1,0,0,1,0,0,1,1,0,0,1,0,1,0,0,1,0,0,0,1,1,0,1,1,0,0,0,0,1,0,0,0,0,1,1,0,1,0,0,0,0,0,1,0,1,1,0,0,0,0,0,0,0,1,1,1,1,0,0,0,0,1,0,1,1,0,0,0
1,1,0,1,0,1,1,0,0,0,0,0,0,0,0,0,0,0,0,0,0,0,0,0,0,0,0,0,0,0,1,0,0,0,0,0,0,1,1,1,0,1,0,1,0,0,0,1,0,0,0,1,0,0,0,0,1,1,1,0,0,0,1,0,0,0,0,0,1,0,0,1,0,0,0,0,0,0,0,0,0,0,0,0,0,1,1,0,0,0,1,0,0,0,0,0,0,1,0,0,0,0,0,0,0,0,0,0,0,0,0,1,1,1,0,0,0,1,0,0,0,0,0,1,0,0,0,1,1,0,0,0,0,0,0,0,1,0,0,1,0,0,0,0,0,1,1,1,0,1,0,0,0,1,0,0,1,0,0,1,0,0,0,0,0,1,0,0,1,0,0,1,1,1,0,1,1,0,0,0,0,1,0,0,0,0,1,0,0,1,0,1,0,0,0,1,0,1,1,0,0,1,1,0,0,0,0,0,1,0,0,0,0,0,0,0,1,0,0,0,0
0,0,0,1,0,1,1,0,0,0,1,1,0,0,0,0,0,0,0,0,0,0,0,0,0,0,0,0,0,0,1,0,0,1,0,0,0,1,1,1,0,1,0,1,0,0,0,1,0,0,0,1,0,0,0,0,1,1,1,0,0,0,1,1,1,0,0,0,1,0,0,1,0,0,0,0,0,0,0,0,0,0,0,0,0,1,1,0,1,0,1,0,0,0,0,0,0,1,0,0,0,0,0,0,0,1,0,0,0,0,0,1,1,1,0,0,0,1,1,0,0,0,0,1,0,0,0,1,1,0,0,0,0,0,0,0,1,0,0,1,0,0,0,0,0,1,1,1,0,1,0,0,0,1,0,0,1,0,0,1,1,0,0,1,0,1,1,0,1,0,1,0,1,1,0,1,1,0,0,0,0,1,0,0,0,0,1,0,0,1,0,0,0,0,0,1,0,1,1,0,0,0,0,0,0,0,1,0,1,1,1,0,0,0,0,0,1,1,1,0,0
0,1,0,1,0,1,1,0,0,0,1,1,0,0,0,0,0,1,1,0,0,0,0,0,0,0,1,0,0,0,1,0,0,1,0,0,0,1,1,1,0,1,0,1,0,0,0,1,0,0,0,1,0,0,0,0,1,1,1,0,0,0,1,1,1,0,0,0,1,0,0,1,0,0,0,0,0,0,0,0,0,0,0,0,0,1,1,0,1,0,1,0,0,0,0,0,0,1,0,0,0,0,0,0,0,1,0,0,0,0,0,1,1,1,0,0,0,1,1,0,0,0,0,1,0,0,0,1,1,0,0,0,0,0,0,0,1,0,0,1,0,0,0,0,0,1,1,1,0,1,0,0,0,1,0,0,1,0,0,1,1,0,0,1,0,1,0,0,1,0,1,1,1,1,0,1,1,0,0,0,0,1,0,0,0,0,1,1,0,1,0,0,0,0,0,1,0,1,1,0,0,0,0,0,0,0,1,1,1,1,0,0,0,0,1,0,1,1,0,0,0
0,1,0,1,0,1,1,0,0,0,0,0,0,0,0,0,0,1,1,0,0,0,0,0,0,0,0,0,0,0,1,0,0,0,0,0,0,1,1,1,0,1,0,1,0,0,0,1,0,0,0,1,0,0,0,0,1,1,1,0,0,0,1,0,0,0,0,0,1,0,0,1,0,0,0,0,0,0,0,0,0,0,0,0,0,1,1,0,0,0,1,0,0,0,0,0,0,1,0,0,0,0,0,0,0,0,0,0,0,0,0,1,1,1,0,0,0,1,0,0,0,0,0,1,0,0,0,1,1,0,0,0,0,0,0,0,1,0,0,1,0,0,0,0,0,1,1,1,0,1,0,0,0,1,0,0,1,0,0,1,0,0,0,0,0,1,0,0,1,0,0,1,1,1,0,1,1,0,0,0,0,1,0,0,0,0,1,0,0,1,0,1,0,0,0,1,0,1,1,0,0,1,1,0,0,0,0,0,1,0,0,0,0,0,0,0,1,0,0,0,0
0,1,0,1,0,1,1,0,0,0,1,1,0,0,0,0,0,1,1,0,0,0,0,0,0,0,0,0,0,0,1,0,0,1,0,0,0,1,1,1,0,1,0,1,0,0,0,1,0,0,0,1,0,0,0,0,1,1,1,0,0,0,1,0,1,0,0,0,1,0,0,1,0,0,0,0,0,0,0,0,0,0,0,0,0,1,1,0,1,0,1,0,0,0,0,0,0,1,0,0,0,0,0,0,0,1,0,0,0,0,0,1,1,1,0,0,0,1,1,0,0,0,0,1,0,0,0,1,1,0,0,0,0,0,0,0,1,0,0,1,0,0,0,0,0,1,1,1,0,1,0,0,0,1,0,0,1,0,0,1,0,0,0,1,0,1,0,0,1,0,1,1,1,1,0,1,0,0,0,0,0,1,0,0,0,0,1,1,0,1,0,0,0,0,0,1,0,1,1,0,0,0,0,0,0,0,1,1,1,1,0,0,0,0,1,0,1,1,0,0,0
0,0,0,1,0,1,1,0,0,0,1,1,0,0,0,0,0,0,0,0,0,0,0,0,0,0,0,0,0,0,1,0,0,1,0,0,0,1,1,1,0,1,0,1,0,0,0,1,0,0,0,1,0,0,0,0,1,1,1,0,0,0,1,1,1,0,0,0,1,0,0,1,0,0,0,0,0,0,0,0,0,0,0,0,0,1,1,0,1,0,1,0,0,0,0,0,0,1,0,0,0,0,0,0,0,1,0,0,0,0,0,1,1,1,0,0,0,1,1,0,0,0,0,1,0,0,0,1,1,0,0,0,0,0,0,0,1,0,0,1,0,0,0,0,0,1,1,1,0,1,0,0,0,1,0,0,1,0,0,1,1,0,0,1,0,1,0,0,1,0,1,1,1,1,0,1,0,0,0,0,0,1,0,0,0,0,1,1,0,1,0,0,0,0,0,1,0,1,1,0,0,0,0,0,0,0,1,1,1,1,0,0,0,0,1,0,1,1,0,0,0
0,1,0,1,0,1,1,0,0,0,1,1,0,0,0,0,0,0,0,0,0,0,0,0,0,0,0,0,0,0,1,0,0,1,0,0,0,1,1,1,0,1,0,1,0,0,0,1,0,0,0,1,0,0,0,0,1,1,1,0,0,0,1,1,1,0,0,0,1,0,0,1,0,0,0,0,0,0,0,0,0,0,0,0,0,1,1,0,1,0,1,0,0,0,0,0,0,1,0,0,0,0,0,0,0,1,0,0,0,0,0,1,1,1,0,0,0,1,1,0,0,0,0,1,0,0,0,1,1,0,0,0,0,0,0,0,1,0,0,1,0,0,0,0,0,1,1,1,0,1,0,0,0,1,0,0,1,0,0,1,1,0,0,1,0,1,0,0,1,0,1,1,1,1,0,1,1,0,0,0,0,1,0,0,0,0,1,1,0,1,0,0,0,0,0,1,0,1,1,0,0,0,0,0,0,0,1,1,1,1,0,0,0,0,1,0,1,1,0,0,0
0,0,0,1,0,1,1,0,0,0,0,0,0,0,0,0,0,0,0,0,0,0,0,0,0,0,0,0,0,0,1,0,0,1,0,0,0,0,0,1,0,1,0,1,0,0,0,1,0,0,0,1,0,0,0,0,1,1,1,0,0,0,1,0,1,0,0,0,1,0,0,1,0,0,0,0,0,0,0,0,0,0,0,0,0,1,1,0,0,0,1,0,0,0,0,0,0,1,0,0,0,0,0,0,0,1,0,0,0,0,0,1,1,1,0,0,0,1,0,0,0,0,0,1,0,0,0,1,1,0,0,0,0,0,0,0,1,0,0,1,0,0,0,0,0,1,1,1,0,1,0,0,0,1,0,0,1,0,0,1,0,0,0,0,0,1,0,0,1,0,1,1,1,1,0,1,0,0,0,0,0,1,0,0,0,0,1,0,0,1,0,1,0,0,0,1,0,1,1,0,0,0,0,0,0,0,0,0,1,0,0,0,0,0,0,0,1,0,0,0,0
0,1,0,1,0,1,1,0,0,0,0,0,0,0,0,0,0,0,0,0,0,0,0,0,0,0,0,0,0,0,1,0,0,0,0,0,0,1,1,1,0,1,0,1,0,0,0,1,0,0,0,1,0,0,0,0,1,1,1,0,0,0,1,0,0,0,0,0,1,0,0,1,0,0,0,0,0,0,0,0,0,0,0,0,0,1,1,0,0,0,1,0,0,0,0,0,0,1,0,0,0,0,0,0,0,0,0,0,0,0,0,1,1,1,0,0,0,1,0,0,0,0,0,1,0,0,0,1,1,0,0,0,0,0,0,0,1,0,0,1,0,0,0,0,0,1,1,1,0,1,0,0,0,1,0,0,1,0,0,1,0,0,0,0,0,1,0,0,1,0,0,1,1,1,0,1,1,0,0,0,0,1,0,0,0,0,1,0,0,1,0,1,0,0,0,1,0,1,1,0,0,1,1,0,0,0,0,0,1,0,0,0,0,0,0,0,1,0,0,0,0
0,1,0,1,0,1,1,0,0,0,1,1,0,0,0,0,0,1,1,0,0,0,0,0,0,0,1,0,0,0,1,0,0,1,0,0,0,1,1,1,0,1,0,1,0,0,0,1,1,0,0,1,0,1,1,0,1,1,1,0,0,0,1,1,1,0,0,0,1,0,0,1,0,0,0,1,0,0,0,0,0,0,0,1,0,1,1,0,1,0,1,0,0,0,0,0,1,1,0,1,0,0,0,0,0,1,0,0,0,0,0,1,1,1,0,1,1,1,1,0,0,0,0,1,0,0,0,1,1,0,0,0,0,0,0,1,1,0,0,1,0,0,0,1,0,1,1,1,0,1,0,0,0,1,0,0,1,0,0,1,1,0,0,1,0,1,0,0,1,0,1,1,1,1,0,1,1,1,0,0,1,1,0,0,0,0,1,1,0,1,0,0,0,0,0,1,0,1,1,0,0,0,0,0,0,0,1,1,1,1,0,0,0,0,1,0,1,1,0,0,0
0,0,0,1,0,1,1,0,0,0,0,0,0,0,0,0,0,1,1,0,0,0,0,0,0,0,0,0,0,0,1,0,0,1,0,0,0,1,1,1,0,1,0,1,0,0,0,1,0,0,0,1,0,0,0,0,1,1,1,0,0,0,1,0,1,0,0,0,1,0,0,1,0,0,0,0,0,0,0,0,0,0,0,0,0,1,1,0,1,0,1,0,0,0,0,0,0,1,0,0,0,0,0,0,0,1,0,0,0,0,0,1,1,1,0,0,0,1,1,0,0,0,0,1,0,0,0,1,1,0,0,0,0,0,0,0,1,0,0,1,0,0,0,0,0,1,1,1,0,1,0,0,0,1,0,0,1,0,0,1,0,0,0,1,0,1,0,0,1,0,1,0,1,1,0,1,0,0,0,0,0,1,0,0,0,0,1,1,0,1,0,0,0,0,0,1,0,1,1,0,0,0,0,0,0,0,1,1,1,1,0,0,0,0,1,0,1,1,0,1,0
0,1,0,1,0,1,1,0,0,0,0,0,0,0,0,0,0,0,0,0,0,0,0,0,0,0,0,0,0,0,1,0,0,0,0,0,0,1,1,1,0,1,0,1,0,0,0,1,0,0,0,1,0,0,0,0,1,1,1,0,0,0,1,0,0,0,0,0,1,0,0,1,0,0,0,0,0,0,0,0,0,0,0,0,0,1,1,0,0,0,1,0,0,0,0,0,0,1,0,0,0,0,0,0,0,0,0,0,0,0,0,1,1,1,0,0,0,1,0,0,0,0,0,1,0,0,0,1,1,0,0,0,0,0,0,0,1,0,0,1,0,0,0,0,0,1,1,1,0,1,0,0,0,1,0,0,1,0,0,1,0,0,0,0,0,1,0,0,1,0,0,1,1,1,0,1,1,0,0,0,0,1,0,0,0,0,1,0,0,1,0,1,0,0,0,1,0,1,1,0,0,1,1,0,0,0,0,0,1,0,0,0,0,0,0,0,1,0,0,0,0
0,1,0,1,0,1,1,0,0,0,1,1,0,0,0,0,0,0,0,0,0,0,0,0,0,0,0,0,0,0,1,0,0,1,0,0,0,1,1,1,0,1,0,1,0,0,0,1,0,0,0,1,0,0,0,0,1,1,1,0,0,0,1,0,1,0,0,0,1,0,0,1,0,0,0,0,0,0,0,0,0,0,0,0,0,1,1,0,1,0,1,0,0,0,0,0,0,1,0,0,0,0,0,0,0,1,0,0,0,0,0,1,1,1,0,0,0,1,1,0,0,0,0,1,0,0,0,1,1,0,0,0,0,0,0,0,1,0,0,1,0,0,0,0,0,1,1,1,0,1,0,0,0,1,0,0,1,0,0,1,0,0,0,1,0,1,0,0,1,0,1,1,1,1,0,1,0,0,0,0,0,1,0,0,0,0,1,1,0,1,0,0,0,0,0,1,0,1,1,0,0,0,0,0,0,0,1,1,1,1,0,0,0,0,1,0,1,1,0,0,0
0,0,0,1,0,1,1,0,0,0,1,1,0,0,0,0,0,0,0,0,0,0,0,0,0,0,0,0,0,0,1,0,0,1,0,0,0,1,1,1,0,1,0,1,0,0,0,1,0,0,0,1,0,0,0,0,1,1,1,0,0,0,0,1,1,0,0,0,1,0,0,1,0,0,0,0,0,0,0,0,0,0,0,0,0,1,1,0,1,0,1,0,0,0,0,0,0,1,0,0,0,0,0,0,0,1,0,0,0,0,0,1,1,1,0,0,0,1,1,0,0,0,0,1,0,0,0,1,1,0,0,0,0,0,0,0,1,0,0,1,0,0,0,0,0,1,1,1,0,1,0,0,0,1,0,0,1,0,0,1,0,0,0,1,0,1,0,0,1,0,1,1,1,1,0,1,0,0,0,0,0,1,0,0,0,0,1,1,0,1,0,0,0,0,0,1,0,1,1,0,0,0,0,0,0,0,1,1,1,1,0,0,0,0,1,0,1,1,0,0,0
0,0,0,1,0,1,1,0,0,0,0,0,0,0,0,0,0,1,1,0,0,0,0,0,0,0,0,0,0,0,1,0,0,1,0,0,0,1,1,1,0,1,0,1,0,0,0,1,0,0,0,1,0,0,0,0,1,1,1,0,0,0,1,0,1,0,0,0,1,0,0,1,0,0,0,0,0,0,0,0,0,0,0,0,0,1,1,0,0,0,1,0,0,0,0,0,0,1,0,0,0,0,0,0,0,1,0,0,0,0,0,1,1,1,0,0,0,1,0,0,0,0,0,1,0,0,0,1,1,0,0,0,0,0,0,0,1,0,0,1,0,0,0,0,0,1,1,1,0,1,0,0,0,1,0,0,1,0,0,1,0,0,0,0,0,1,0,0,1,0,1,0,1,1,0,1,0,0,0,0,0,1,0,0,0,0,1,0,0,1,0,1,0,0,0,1,0,1,1,0,0,0,1,0,0,0,1,1,1,1,0,0,0,0,1,0,1,1,0,0,0
0,0,0,1,0,1,1,0,0,0,0,0,0,0,0,0,0,1,1,0,0,0,0,0,0,0,0,0,0,0,1,0,0,1,0,0,0,1,1,1,0,1,0,1,0,0,0,1,0,0,0,1,0,0,0,0,1,1,1,0,0,0,1,0,1,0,0,0,1,0,0,1,0,0,0,0,0,0,0,0,0,0,0,0,0,1,1,0,0,0,1,0,0,0,0,0,0,1,0,0,0,0,0,0,0,1,0,0,0,0,0,1,1,1,0,0,0,1,0,0,0,0,0,1,0,0,0,1,1,0,0,0,0,0,0,0,1,0,0,1,0,0,0,0,0,1,1,1,0,1,0,0,0,1,0,0,1,0,0,1,0,0,0,0,0,1,0,0,1,0,1,1,1,1,0,1,0,0,0,0,0,1,0,0,0,0,1,0,0,1,0,1,0,0,0,1,0,1,1,0,0,0,1,0,0,0,1,1,1,1,0,0,0,0,1,0,1,1,0,0,0
0,1,0,1,0,1,1,0,0,0,1,1,0,0,0,0,0,0,0,0,0,0,0,0,0,0,0,0,0,0,1,0,0,0,0,0,0,1,1,1,0,1,0,1,0,0,0,1,0,0,0,1,0,0,0,0,1,1,1,0,0,0,1,0,0,0,0,0,1,0,0,1,0,0,0,0,0,0,0,0,0,0,0,0,0,1,1,0,1,0,1,0,0,0,0,0,0,1,0,0,0,0,0,0,0,0,0,0,0,0,0,1,1,1,0,0,0,1,1,0,0,0,0,1,0,0,0,1,1,0,0,0,0,0,0,0,1,0,0,1,0,0,0,0,0,1,1,1,0,1,0,0,0,1,0,0,1,0,0,1,1,0,0,1,0,1,1,0,1,0,0,0,1,1,0,1,1,0,0,0,0,1,0,0,0,0,1,0,0,1,0,0,0,0,0,1,0,1,1,0,0,0,0,0,0,0,1,0,1,1,1,0,0,0,0,0,1,1,1,0,0
0,0,0,1,0,1,1,0,0,0,0,0,0,0,0,0,0,0,0,0,0,0,0,0,0,0,0,0,0,0,1,0,0,0,0,0,0,0,0,1,0,1,0,1,0,0,0,1,0,0,0,1,0,0,0,0,1,1,1,0,0,0,1,0,0,0,0,0,1,0,0,1,0,0,0,0,0,0,0,0,0,0,0,0,0,1,1,0,0,0,1,0,0,0,0,0,0,1,0,0,0,0,0,0,0,0,0,0,0,0,0,1,1,1,0,0,0,1,0,0,0,0,0,1,0,0,0,1,1,0,0,0,0,0,0,0,1,0,0,1,0,0,0,0,0,1,1,1,0,1,0,0,0,1,0,0,1,0,0,1,0,0,0,0,0,1,0,0,1,0,0,0,1,1,0,1,1,0,0,0,0,1,0,0,0,0,1,0,0,1,0,1,0,0,0,1,0,1,1,0,0,1,0,0,0,0,0,0,1,0,0,0,0,0,0,0,1,0,0,0,0
0,1,0,1,0,1,1,0,0,0,0,0,0,0,0,0,0,0,0,0,0,0,0,0,0,0,0,0,0,0,1,0,0,1,0,0,0,1,1,1,0,1,0,1,0,0,0,1,0,0,0,1,0,0,0,0,1,1,1,0,0,0,1,1,1,0,0,0,1,0,0,1,0,0,0,0,0,0,0,0,0,0,0,0,0,1,1,0,0,0,1,0,0,0,0,0,0,1,0,0,0,0,0,0,0,1,0,0,0,0,0,1,1,1,0,0,0,1,0,0,0,0,0,1,0,0,0,1,1,0,0,0,0,0,0,0,1,0,0,1,0,0,0,0,0,1,1,1,0,1,0,0,0,1,0,0,1,0,0,1,0,0,0,0,0,1,0,0,1,0,1,1,1,1,0,1,1,0,0,0,0,1,0,0,0,0,1,0,0,1,0,1,0,0,0,1,0,1,1,0,0,1,1,0,0,0,0,0,1,0,0,0,0,0,0,0,1,0,0,0,0
0,1,0,1,0,1,1,0,0,0,1,1,0,0,0,0,0,0,0,0,0,0,0,0,0,0,0,0,0,0,1,0,0,0,0,0,0,1,1,1,0,1,0,1,0,0,0,1,0,0,0,1,0,0,0,0,1,1,1,0,0,0,1,0,0,0,0,0,1,0,0,1,0,0,0,0,0,0,0,0,0,0,0,0,0,1,1,0,1,0,1,0,0,0,0,0,0,1,0,0,0,0,0,0,0,0,0,0,0,0,0,1,1,1,0,0,0,1,1,0,0,0,0,1,0,0,0,1,1,0,0,0,0,0,0,0,1,0,0,1,0,0,0,0,0,1,1,1,0,1,0,0,0,1,0,0,1,0,0,1,1,0,0,1,0,1,0,0,1,0,0,1,1,1,0,1,1,0,0,0,0,1,0,0,0,0,1,1,0,1,0,0,0,0,0,1,0,1,1,0,0,0,0,0,0,0,1,1,1,1,0,0,0,0,1,0,1,1,0,0,0
0,1,0,1,0,1,1,0,0,0,0,0,0,0,0,0,0,0,0,0,0,0,0,0,0,0,0,0,0,0,1,0,0,1,0,0,0,1,1,1,0,1,0,1,0,0,0,1,0,0,0,1,0,0,0,0,1,1,1,0,0,0,1,1,1,0,0,0,1,0,0,1,0,0,0,0,0,0,0,0,0,0,0,0,0,1,1,0,0,0,1,0,0,0,0,0,0,1,0,0,0,0,0,0,0,1,0,0,0,0,0,1,1,1,0,0,0,1,0,0,0,0,0,1,0,0,0,1,1,0,0,0,0,0,0,0,1,0,0,1,0,0,0,0,0,1,1,1,0,1,0,0,0,1,0,0,1,0,0,1,0,0,0,0,0,1,0,0,1,0,1,1,1,1,0,1,1,0,0,0,0,1,0,0,0,0,1,0,0,1,0,1,0,0,0,1,0,1,1,0,0,1,1,0,0,0,0,0,1,0,0,0,0,0,0,0,1,0,0,0,0
0,1,0,1,0,1,1,0,0,0,0,0,0,0,0,0,0,1,1,0,0,0,0,0,0,0,0,0,0,0,1,0,0,0,0,0,0,1,1,1,0,1,0,1,0,0,0,1,0,0,0,1,0,0,0,0,1,1,1,0,0,0,1,0,0,0,0,0,1,0,0,1,0,0,0,0,0,0,0,0,0,0,0,0,0,1,1,0,0,0,1,0,0,0,0,0,0,1,0,0,0,0,0,0,0,0,0,0,0,0,0,1,1,1,0,0,0,1,0,0,0,0,0,1,0,0,0,1,1,0,0,0,0,0,0,0,1,0,0,1,0,0,0,0,0,1,1,1,0,1,0,0,0,1,0,0,1,0,0,1,0,0,0,0,0,1,0,0,1,0,0,1,1,1,0,1,1,0,0,0,0,1,0,0,0,0,1,0,0,1,0,1,0,0,0,1,0,1,1,0,0,1,1,0,0,0,0,0,1,0,0,0,0,0,0,0,1,0,0,0,0
0,0,0,1,0,1,1,0,0,0,1,1,0,0,0,0,0,0,0,0,0,0,0,0,0,0,0,0,0,0,1,0,0,1,0,0,0,1,1,1,0,1,0,1,0,0,0,1,0,0,0,1,0,0,0,0,1,1,1,0,0,0,1,0,1,0,0,0,1,0,0,1,0,0,0,0,0,0,0,0,0,0,0,0,0,1,1,0,1,0,1,0,0,0,0,0,0,1,0,0,0,0,0,0,0,1,0,0,0,0,0,1,1,1,0,0,0,1,1,0,0,0,0,1,0,0,0,1,1,0,0,0,0,0,0,0,1,0,0,1,0,0,0,0,0,1,1,1,0,1,0,0,0,1,0,0,1,0,0,1,0,0,0,1,0,1,1,0,1,0,1,1,1,1,0,1,0,0,0,0,0,1,0,0,0,0,1,0,0,1,0,0,0,0,0,1,0,1,1,0,0,0,0,0,0,0,1,0,1,1,1,0,0,0,0,0,1,1,1,0,0
0,0,0,1,0,1,1,0,0,0,1,1,0,0,0,0,0,0,0,0,0,0,0,0,0,0,0,0,0,0,1,0,0,1,0,0,0,1,1,1,0,1,0,1,0,0,0,1,0,0,0,1,0,0,0,0,1,1,1,0,0,0,1,0,1,0,0,0,1,0,0,1,0,0,0,0,0,0,0,0,0,0,0,0,0,1,1,0,1,0,1,0,0,0,0,0,0,1,0,0,0,0,0,0,0,1,0,0,0,0,0,1,1,1,0,0,0,1,1,0,0,0,0,1,0,0,0,1,1,0,0,0,0,0,0,0,1,0,0,1,0,0,0,0,0,1,1,1,0,1,0,0,0,1,0,0,1,0,0,1,0,0,0,1,0,1,0,0,1,0,1,1,1,1,0,1,0,0,0,0,0,1,0,0,0,0,1,1,0,1,0,1,0,0,0,1,0,1,1,0,0,0,1,0,0,0,1,0,1,1,1,0,0,0,0,0,1,1,1,0,0
0,1,0,1,0,1,1,0,0,0,1,1,0,0,0,0,0,0,0,0,0,0,0,0,0,0,0,0,0,0,1,0,0,1,0,0,0,1,1,1,0,1,0,1,0,0,0,1,0,0,0,1,0,0,0,0,1,1,1,0,0,0,1,1,1,0,0,0,1,0,0,1,0,0,0,0,0,0,0,0,0,0,0,0,0,1,1,0,1,0,1,0,0,0,0,0,0,1,0,0,0,0,0,0,0,1,0,0,0,0,0,1,1,1,0,0,0,1,1,0,0,0,0,1,0,0,0,1,1,0,0,0,0,0,0,0,1,0,0,1,0,0,0,0,0,1,1,1,0,1,0,0,0,1,0,0,1,0,0,1,1,0,0,1,0,1,0,0,1,0,1,1,1,1,0,1,1,0,0,0,0,1,0,0,0,0,1,1,0,1,0,0,0,0,0,1,0,1,1,0,0,0,0,0,0,0,1,1,1,1,0,0,0,0,1,0,1,1,0,0,0
0,1,0,1,0,1,1,0,0,0,0,0,0,0,0,0,0,1,1,0,0,0,0,0,0,0,0,0,0,0,1,0,0,1,0,0,0,1,1,1,0,1,0,1,0,0,0,1,0,0,0,1,0,0,0,0,1,1,1,0,0,0,1,1,1,0,0,0,1,0,0,1,0,0,0,0,0,0,0,0,0,0,0,0,0,1,1,0,0,0,1,0,0,0,0,0,0,1,0,0,0,0,0,0,0,1,0,0,0,0,0,1,1,1,0,0,0,1,0,0,0,0,0,1,0,0,0,1,1,0,0,0,0,0,0,0,1,0,0,1,0,0,0,0,0,1,1,1,0,1,0,0,0,1,0,0,1,0,0,1,0,0,0,0,0,1,0,0,1,0,1,1,1,1,0,1,1,0,0,0,0,1,0,0,0,0,1,0,0,1,0,1,0,0,0,1,0,1,1,0,0,1,1,0,0,0,1,1,1,1,0,0,0,0,1,0,1,1,0,0,0
1,1,0,1,0,1,1,0,0,0,0,0,0,0,0,0,0,0,0,0,0,0,0,0,0,0,0,0,0,0,1,0,0,0,0,0,0,1,1,1,0,1,0,1,0,0,0,1,0,0,0,1,0,0,0,0,1,1,1,0,0,0,1,0,0,0,0,0,1,0,0,1,0,0,0,0,0,0,0,0,0,0,0,0,0,1,1,0,0,0,1,0,0,0,0,0,0,1,0,0,0,0,0,0,0,0,0,0,0,0,0,1,1,1,0,0,0,1,0,0,0,0,0,1,0,0,0,1,1,0,0,0,0,0,0,0,1,0,0,1,0,0,0,0,0,1,1,1,0,1,0,0,0,1,0,0,1,0,0,1,0,0,0,0,0,1,0,0,1,0,0,1,1,1,0,1,1,0,0,0,0,1,0,0,0,0,1,0,0,1,0,1,0,0,0,1,0,1,1,0,0,1,1,0,0,0,0,0,1,0,0,0,0,0,0,0,1,0,0,0,0
0,0,0,1,0,1,1,0,0,0,1,1,0,0,0,0,0,0,0,0,0,0,0,0,0,0,0,0,0,0,1,0,0,1,0,0,0,1,1,1,0,1,0,1,0,0,0,1,0,0,0,1,0,0,0,0,1,1,1,0,0,0,1,1,1,0,0,0,1,0,0,1,0,0,0,0,0,0,0,0,0,0,0,0,0,1,1,0,1,0,1,0,0,0,0,0,0,1,0,0,0,0,0,0,0,1,0,0,0,0,0,1,1,1,0,0,0,1,1,0,0,0,0,1,0,0,0,1,1,0,0,0,0,0,0,0,1,0,0,1,0,0,0,0,0,1,1,1,0,1,0,0,0,1,0,0,1,0,0,1,1,0,0,1,0,1,0,0,1,0,1,0,1,1,0,1,1,0,0,0,0,1,0,0,0,0,1,1,0,1,0,0,0,0,0,1,0,1,1,0,0,0,0,0,0,0,1,1,1,1,0,0,0,0,1,0,1,1,0,0,0
0,0,0,1,0,1,1,0,0,0,0,0,0,0,0,0,0,0,0,0,0,0,0,0,0,0,0,0,0,0,1,0,0,1,0,0,0,0,0,1,0,1,0,1,0,0,0,1,0,0,0,1,0,0,0,0,1,1,1,0,0,0,1,1,1,0,0,0,1,0,0,1,0,0,0,0,0,0,0,0,0,0,0,0,0,1,1,0,0,0,1,0,0,0,0,0,0,1,0,0,0,0,0,0,0,1,0,0,0,0,0,1,1,1,0,0,0,1,0,0,0,0,0,1,0,0,0,1,1,0,0,0,0,0,0,0,1,0,0,1,0,0,0,0,0,1,1,1,0,1,0,0,0,1,0,0,1,0,0,1,0,0,0,0,0,1,0,0,1,0,1,0,1,1,0,1,1,0,0,0,0,1,0,0,0,0,1,0,0,1,0,1,0,0,0,1,0,1,1,0,0,1,0,0,0,0,0,0,1,0,0,0,0,0,0,0,1,0,0,0,0
0,1,0,0,0,1,1,0,0,0,0,0,0,0,0,0,0,1,1,0,0,0,0,0,0,0,0,0,0,0,1,0,0,0,0,0,1,0,0,1,0,1,0,1,0,0,0,1,0,0,0,1,0,0,0,0,1,1,1,0,0,0,1,0,0,0,0,0,1,0,0,1,0,0,0,0,0,0,0,0,0,0,0,0,0,1,1,0,0,0,1,0,0,0,0,0,0,1,0,0,0,0,0,0,0,0,0,0,0,0,0,1,1,1,0,0,0,1,0,0,0,0,0,1,0,0,0,1,1,0,0,0,0,0,0,0,1,0,0,1,0,0,0,0,0,1,1,0,0,1,0,0,0,1,0,0,1,0,0,1,0,0,0,0,0,1,0,0,1,0,0,1,1,1,0,1,0,0,0,0,0,1,0,0,0,0,1,0,0,1,0,0,0,0,0,1,1,1,1,0,0,0,0,0,0,0,1,1,1,1,0,0,0,0,1,1,1,1,0,0,0
0,1,0,1,0,1,1,0,0,0,1,1,0,0,0,0,0,0,0,0,0,0,0,0,0,0,0,0,0,0,1,0,0,1,0,0,0,1,1,1,0,1,0,1,0,0,0,1,0,0,0,1,0,0,0,0,1,1,1,0,0,0,0,1,1,0,0,0,1,0,0,1,0,0,0,0,0,0,0,0,0,0,0,0,0,1,1,0,1,0,1,0,0,0,0,0,0,1,0,0,0,0,0,0,0,1,0,0,0,0,0,1,1,1,0,0,0,1,1,0,0,0,0,1,0,0,0,1,1,0,0,0,0,0,0,0,1,0,0,1,0,0,0,0,0,1,1,1,0,1,0,0,0,1,0,0,1,0,0,1,1,0,0,1,0,1,0,0,1,0,1,1,1,1,0,1,1,0,0,0,0,1,0,0,0,0,1,1,0,1,0,0,0,0,0,1,0,1,1,0,0,0,0,0,0,0,1,1,1,1,0,0,0,0,1,0,1,1,0,0,0
0,1,0,1,0,1,1,0,0,0,1,1,0,0,0,0,0,0,0,0,0,0,0,0,0,0,0,0,0,0,1,0,0,0,0,0,0,1,1,1,0,1,0,1,0,0,0,1,0,0,0,1,0,0,0,0,1,1,1,0,0,0,1,0,0,0,0,0,1,0,0,1,0,0,0,0,0,0,0,0,0,0,0,0,0,1,1,0,1,0,1,0,0,0,0,0,0,1,0,0,0,0,0,0,0,0,0,0,0,0,0,1,1,1,0,0,0,1,1,0,0,0,0,1,0,0,0,1,1,0,0,0,0,0,0,0,1,0,0,1,0,0,0,0,0,1,1,1,0,1,0,0,0,1,0,0,1,0,0,1,1,0,0,1,0,1,0,0,1,0,0,1,1,1,0,1,1,0,0,0,0,1,0,0,0,0,1,1,0,1,0,1,0,0,0,1,0,1,1,0,0,1,1,0,0,0,1,0,1,1,1,0,0,0,0,0,1,1,1,0,0
0,0,0,1,0,1,1,0,0,0,1,1,0,0,0,0,0,0,0,0,0,0,0,0,0,0,0,0,0,0,1,0,0,1,0,0,0,1,1,1,0,1,0,1,0,0,0,1,0,0,0,1,0,0,0,0,1,1,1,0,0,0,1,0,1,0,0,0,1,0,0,1,0,0,0,0,0,0,0,0,0,0,0,0,0,1,1,0,1,0,1,0,0,0,0,0,0,1,0,0,0,0,0,0,0,1,0,0,0,0,0,1,1,1,0,0,0,1,1,0,0,0,0,1,0,0,0,1,1,0,0,0,0,0,0,0,1,0,0,1,0,0,0,0,0,1,1,1,0,1,0,0,0,1,0,0,1,0,0,1,0,0,0,1,0,1,0,0,1,0,1,1,1,1,0,1,0,0,0,0,0,1,0,0,0,0,1,1,0,1,0,0,0,0,0,1,0,1,1,0,0,0,0,0,0,0,1,1,1,1,0,0,0,0,1,0,1,1,0,0,0
0,1,0,1,0,1,1,0,0,0,0,0,0,0,0,0,0,0,0,0,0,0,0,0,0,0,0,0,0,0,1,0,0,0,0,0,0,1,1,1,0,1,0,1,0,0,0,1,0,0,0,1,0,0,0,0,1,1,1,0,0,0,1,0,0,0,0,0,1,0,0,1,0,0,0,0,0,0,0,0,0,0,0,0,0,1,1,0,0,0,1,0,0,0,0,0,0,1,0,0,0,0,0,0,0,0,0,0,0,0,0,1,1,1,0,0,0,1,0,0,0,0,0,1,0,0,0,1,1,0,0,0,0,0,0,0,1,0,0,1,0,0,0,0,0,1,1,1,0,1,0,0,0,1,0,0,1,0,0,1,0,0,0,0,0,1,0,0,1,0,0,0,1,1,0,1,1,0,0,0,0,1,0,0,0,0,1,0,0,1,0,1,0,0,0,1,0,1,1,0,0,1,1,0,0,0,0,0,1,0,0,0,0,0,0,0,1,0,0,0,0
0,0,0,1,0,1,1,0,0,0,1,1,0,0,0,0,0,0,0,0,0,0,0,0,0,0,0,0,0,0,1,0,0,1,0,0,0,1,1,1,0,1,0,1,0,0,0,1,0,0,0,1,0,0,0,0,1,1,1,0,0,0,1,1,1,0,0,0,1,0,0,1,0,0,0,0,0,0,0,0,0,0,0,0,0,1,1,0,1,0,1,0,0,0,0,0,0,1,0,0,0,0,0,0,0,1,0,0,0,0,0,1,1,1,0,0,0,1,1,0,0,0,0,1,0,0,0,1,1,0,0,0,0,0,0,0,1,0,0,1,0,0,0,0,0,1,1,1,0,1,0,0,0,1,0,0,1,0,0,1,1,0,0,1,0,1,0,0,1,0,1,0,1,1,0,1,1,0,0,0,0,1,0,0,0,0,1,1,0,1,0,1,0,0,0,1,0,1,1,0,0,1,1,0,0,0,1,0,1,1,1,0,0,0,0,0,1,1,1,0,0
0,1,0,1,0,1,1,0,0,0,1,1,0,0,0,0,0,1,1,0,0,0,0,0,0,0,1,0,0,0,1,0,0,1,0,0,0,1,1,1,0,1,0,1,0,0,0,1,1,0,0,1,0,1,1,0,1,1,1,0,0,0,1,0,1,0,0,0,1,0,0,1,0,0,0,1,0,0,0,0,0,0,0,1,0,1,1,0,1,0,1,0,0,0,0,0,1,1,0,1,0,0,0,0,0,1,0,0,0,0,0,1,1,1,0,1,1,1,1,0,0,0,0,1,0,0,0,1,1,0,0,0,0,0,0,1,1,0,0,1,0,0,0,1,0,1,1,1,0,1,0,0,0,1,0,0,1,0,0,1,1,0,0,1,0,1,0,0,1,0,1,1,1,1,0,1,0,1,0,0,1,1,0,0,0,0,1,1,0,1,0,0,0,0,0,1,0,1,1,0,0,0,0,0,0,0,1,1,1,1,0,0,0,0,1,0,1,1,0,0,0
0,0,0,1,0,1,1,0,0,0,1,1,0,0,0,0,0,0,0,0,0,0,0,0,0,0,0,0,0,0,1,0,0,1,0,0,0,1,1,1,0,1,0,1,0,0,0,1,0,0,0,1,0,0,0,0,1,1,1,0,0,0,1,1,1,0,0,0,1,0,0,1,0,0,0,0,0,0,0,0,0,0,0,0,0,1,1,0,1,0,1,0,0,0,0,0,0,1,0,0,0,0,0,0,0,1,0,0,0,0,0,1,1,1,0,0,0,1,1,0,0,0,0,1,0,0,0,1,1,0,0,0,0,0,0,0,1,0,0,1,0,0,0,0,0,1,1,1,0,1,0,0,0,1,0,0,1,0,0,1,1,0,0,1,0,1,1,0,1,0,1,0,1,1,0,1,0,0,0,0,0,1,0,0,0,0,1,0,0,1,0,0,0,0,0,1,0,1,1,0,0,0,0,0,0,0,1,0,1,1,1,0,0,0,0,0,1,1,1,0,0
0,0,0,1,0,1,1,0,0,0,1,1,0,0,0,0,0,0,0,0,0,0,0,0,0,0,0,0,0,0,1,0,0,0,0,0,0,1,1,1,0,1,0,1,0,0,0,1,0,0,0,1,0,0,0,0,1,1,1,0,0,0,1,0,0,0,0,0,1,0,0,1,0,0,0,0,0,0,0,0,0,0,0,0,0,1,1,0,1,0,1,0,0,0,0,0,0,1,0,0,0,0,0,0,0,0,0,0,0,0,0,1,1,1,0,0,0,1,1,0,0,0,0,1,0,0,0,1,1,0,0,0,0,0,0,0,1,0,0,1,0,0,0,0,0,1,1,1,0,1,0,0,0,1,0,0,1,0,0,1,1,0,0,1,0,1,0,0,1,0,0,0,1,1,0,1,0,0,0,0,0,1,0,0,0,0,1,1,0,1,0,1,0,0,0,1,0,1,1,0,0,1,1,0,0,0,1,0,1,1,1,0,0,0,0,0,1,1,1,0,0
0,0,0,1,0,1,1,0,0,0,1,1,0,0,0,0,0,0,0,0,0,0,0,0,0,0,0,0,0,0,1,0,0,1,0,0,0,1,1,1,0,1,0,1,0,0,0,1,0,0,0,1,0,0,0,0,1,1,1,0,0,0,1,0,1,0,0,0,1,0,0,1,0,0,0,0,0,0,0,0,0,0,0,0,0,1,1,0,1,0,1,0,0,0,0,0,0,1,0,0,0,0,0,0,0,1,0,0,0,0,0,1,1,1,0,0,0,1,1,0,0,0,0,1,0,0,0,1,1,0,0,0,0,0,0,0,1,0,0,1,0,0,0,0,0,1,1,1,0,1,0,0,0,1,0,0,1,0,0,1,0,0,0,1,0,1,0,0,1,0,1,0,1,1,0,1,0,0,0,0,0,1,0,0,0,0,1,1,0,1,0,0,0,0,0,1,0,1,1,0,0,0,0,0,0,0,1,1,1,1,0,0,0,0,1,0,1,1,0,0,0
0,0,0,1,0,1,1,0,0,0,1,1,0,0,0,0,0,0,0,0,0,0,0,0,0,0,0,0,0,0,1,0,0,1,0,0,0,1,1,1,0,1,0,1,0,0,0,1,0,0,0,1,0,0,0,0,1,1,1,0,0,0,1,0,1,0,0,0,1,0,0,1,0,0,0,0,0,0,0,0,0,0,0,0,0,1,1,0,1,0,1,0,0,0,0,0,0,1,0,0,0,0,0,0,0,1,0,0,0,0,0,1,1,1,0,0,0,1,1,0,0,0,0,1,0,0,0,1,1,0,0,0,0,0,0,0,1,0,0,1,0,0,0,0,0,1,1,1,0,1,0,0,0,1,0,0,1,0,0,1,0,0,0,1,0,1,1,0,1,0,1,0,1,1,0,1,0,0,0,0,0,1,0,0,0,0,1,0,0,1,0,0,0,0,0,1,0,1,1,0,0,0,0,0,0,0,1,0,1,1,1,0,0,0,0,0,1,1,1,0,0
0,1,0,1,0,1,1,0,0,0,1,1,0,0,0,0,0,0,0,0,0,0,0,0,0,0,0,0,0,0,1,0,0,0,0,0,0,1,1,1,0,1,0,1,0,0,0,1,0,0,0,1,0,0,0,0,1,1,1,0,0,0,1,0,0,0,0,0,1,0,0,1,0,0,0,0,0,0,0,0,0,0,0,0,0,1,1,0,1,0,1,0,0,0,0,0,0,1,0,0,0,0,0,0,0,0,0,0,0,0,0,1,1,1,0,0,0,1,1,0,0,0,0,1,0,0,0,1,1,0,0,0,0,0,0,0,1,0,0,1,0,0,0,0,0,1,1,1,0,1,0,0,0,1,0,0,1,0,0,1,1,0,0,1,0,1,1,0,1,0,0,1,1,1,0,1,1,0,0,0,0,1,0,0,0,0,1,0,0,1,0,0,0,0,0,1,0,1,1,0,0,0,0,0,0,0,1,0,1,1,1,0,0,0,0,0,1,1,1,0,0
0,1,0,1,0,1,1,0,0,0,1,1,0,0,0,0,0,0,0,0,0,0,0,0,0,0,0,0,0,0,1,0,0,1,0,0,0,1,1,1,0,1,0,1,0,0,0,1,0,0,0,1,0,0,0,0,1,1,1,0,0,0,1,1,1,0,0,0,1,0,0,1,0,0,0,0,0,0,0,0,0,0,0,0,0,1,1,0,1,0,1,0,0,0,0,0,0,1,0,0,0,0,0,0,0,1,0,0,0,0,0,1,1,1,0,0,0,1,1,0,0,0,0,1,0,0,0,1,1,0,0,0,0,0,0,0,1,0,0,1,0,0,0,0,0,1,1,1,0,1,0,0,0,1,0,0,1,0,0,1,1,0,0,1,0,1,0,0,1,0,1,1,1,1,0,1,1,0,0,0,0,1,0,0,0,0,1,1,0,1,0,0,0,0,0,1,0,1,1,0,0,0,0,0,0,0,1,1,1,1,0,0,0,0,1,0,1,1,0,0,0
0,0,0,1,0,1,1,0,0,0,0,0,0,0,0,0,0,0,0,0,0,0,0,0,0,0,0,0,0,0,1,0,0,1,0,0,0,0,0,1,0,1,0,1,0,0,0,1,0,0,0,1,0,0,0,0,1,1,1,0,0,0,1,1,1,0,0,0,1,0,0,1,0,0,0,0,0,0,0,0,0,0,0,0,0,1,1,0,0,0,1,0,0,0,0,0,0,1,0,0,0,0,0,0,0,1,0,0,0,0,0,1,1,1,0,0,0,1,0,0,0,0,0,1,0,0,0,1,1,0,0,0,0,0,0,0,1,0,0,1,0,0,0,0,0,1,1,1,0,1,0,0,0,1,0,0,1,0,0,1,0,0,0,0,0,1,0,0,1,0,1,0,1,1,0,1,0,0,0,0,0,1,0,0,0,0,1,0,0,1,0,1,0,0,0,1,0,1,1,0,0,1,0,0,0,0,0,0,1,0,0,0,0,0,0,0,1,0,0,0,0
0,0,0,1,0,1,1,0,0,0,1,1,0,0,0,0,0,0,0,0,0,0,0,0,0,0,0,0,0,0,1,0,0,1,0,0,0,1,1,1,0,1,0,1,0,0,0,1,0,0,0,1,0,0,0,0,1,1,1,0,0,0,1,1,1,0,0,0,1,0,0,1,0,0,0,0,0,0,0,0,0,0,0,0,0,1,1,0,1,0,1,0,0,0,0,0,0,1,0,0,0,0,0,0,0,1,0,0,0,0,0,1,1,1,0,0,0,1,1,0,0,0,0,1,0,0,0,1,1,0,0,0,0,0,0,0,1,0,0,1,0,0,0,0,0,1,1,1,0,1,0,0,0,1,0,0,1,0,0,1,1,0,0,1,0,1,0,0,1,0,1,0,1,1,0,1,1,0,0,0,0,1,0,0,0,0,1,1,0,1,0,0,0,0,0,1,0,1,1,0,0,0,0,0,0,0,1,1,1,1,0,0,0,0,1,0,1,1,0,0,0
0,0,0,1,0,1,1,0,0,0,1,1,0,0,0,0,0,0,0,0,0,0,0,0,0,0,0,0,0,0,1,0,0,1,0,0,0,1,1,1,0,1,0,1,0,0,0,1,0,0,0,1,0,0,0,0,1,1,1,0,0,0,0,1,1,0,0,0,1,0,0,1,0,0,0,0,0,0,0,0,0,0,0,0,0,1,1,0,1,0,1,0,0,0,0,0,0,1,0,0,0,0,0,0,0,1,0,0,0,0,0,1,1,1,0,0,0,1,1,0,0,0,0,1,0,0,0,1,1,0,0,0,0,0,0,0,1,0,0,1,0,0,0,0,0,1,1,1,0,1,0,0,0,1,0,0,1,0,0,1,0,0,0,1,0,1,0,0,1,0,1,1,1,1,0,1,0,0,0,0,0,1,0,0,0,0,1,1,0,1,0,0,0,0,0,1,0,1,1,0,0,0,0,0,0,0,1,1,1,1,0,0,0,0,1,0,1,1,0,0,0
0,0,0,1,0,1,1,0,0,0,1,1,0,0,0,0,0,0,0,0,0,0,0,0,0,0,0,0,0,0,1,0,0,1,0,0,0,1,1,1,0,1,0,1,0,0,0,1,0,0,0,1,0,0,0,0,1,1,1,0,0,0,1,0,1,0,0,0,1,0,0,1,0,0,0,0,0,0,0,0,0,0,0,0,0,1,1,0,1,0,1,0,0,0,0,0,0,1,0,0,0,0,0,0,0,1,0,0,0,0,0,1,1,1,0,0,0,1,1,0,0,0,0,1,0,0,0,1,1,0,0,0,0,0,0,0,1,0,0,1,0,0,0,0,0,1,1,1,0,1,0,0,0,1,0,0,1,0,0,1,0,0,0,1,0,1,0,0,1,0,1,1,1,1,0,1,0,0,0,0,0,1,0,0,0,0,1,1,0,1,0,0,0,0,0,1,0,1,1,0,0,0,0,0,0,0,1,1,1,1,0,0,0,0,1,0,1,1,0,0,0
0,1,0,1,0,1,1,0,0,0,1,1,0,0,0,0,0,0,0,0,0,0,0,0,0,0,0,0,0,0,1,0,0,1,0,0,0,1,1,1,0,1,0,1,0,0,0,1,0,0,0,1,0,0,0,0,1,1,1,0,0,0,1,1,1,0,0,0,1,0,0,1,0,0,0,0,0,0,0,0,0,0,0,0,0,1,1,0,1,0,1,0,0,0,0,0,0,1,0,0,0,0,0,0,0,1,0,0,0,0,0,1,1,1,0,0,0,1,1,0,0,0,0,1,0,0,0,1,1,0,0,0,0,0,0,0,1,0,0,1,0,0,0,0,0,1,1,1,0,1,0,0,0,1,0,0,1,0,0,1,1,0,0,1,0,1,0,0,1,0,1,1,1,1,0,1,1,0,0,0,0,1,0,0,0,0,1,1,0,1,0,0,0,0,0,1,0,1,1,0,0,0,0,0,0,0,1,1,1,1,0,0,0,0,1,0,1,1,0,0,0
0,1,0,1,0,1,1,0,0,1,1,1,0,0,0,0,0,0,0,0,0,0,0,0,0,0,0,0,0,0,1,0,1,1,0,0,0,1,1,1,1,1,0,1,0,0,1,1,0,0,0,1,0,0,0,0,1,1,1,0,0,0,1,1,1,0,0,0,1,0,0,1,0,0,0,0,0,0,0,0,0,0,0,0,0,1,1,0,1,0,1,0,0,0,0,0,0,1,1,0,1,0,0,0,0,1,0,0,0,0,0,1,1,1,0,0,0,1,1,1,0,0,0,1,0,0,0,1,1,0,0,0,0,0,0,0,1,1,0,1,0,0,1,0,0,1,1,1,0,1,0,0,0,1,0,0,1,0,0,1,1,0,0,1,0,1,0,0,1,0,1,1,1,1,0,1,1,0,0,0,0,1,0,0,0,0,1,1,0,1,0,0,0,0,0,1,0,1,1,0,0,0,0,0,0,0,1,1,1,1,0,0,0,0,1,0,1,1,0,0,0
0,0,0,1,0,1,1,0,0,0,0,0,0,0,0,0,0,0,0,0,0,0,0,0,0,0,0,0,0,0,1,0,0,0,0,0,0,0,0,1,0,1,0,1,0,0,0,1,0,0,0,1,0,0,0,0,1,1,1,0,0,0,1,0,0,0,0,0,1,0,0,1,0,0,0,0,0,0,0,0,0,0,0,0,0,1,1,0,0,0,1,0,0,0,0,0,0,1,0,0,0,0,0,0,0,0,0,0,0,0,0,1,1,1,0,0,0,1,0,0,0,0,0,1,0,0,0,1,1,0,0,0,0,0,0,0,1,0,0,1,0,0,0,0,0,1,1,1,0,1,0,0,0,1,0,0,1,0,0,1,0,0,0,0,0,1,0,0,1,0,0,0,1,1,0,1,0,0,0,0,0,1,0,0,0,0,1,0,0,1,0,1,0,0,0,1,0,1,1,0,0,1,0,0,0,0,0,0,1,0,0,0,0,0,0,0,1,0,0,0,0
0,1,0,1,0,1,1,0,0,0,1,1,0,0,0,0,0,0,0,0,0,0,0,0,0,0,0,0,0,0,1,0,0,1,0,0,0,1,1,1,0,1,0,1,0,0,0,1,0,0,0,1,0,0,0,0,1,1,1,0,0,0,1,1,1,0,0,0,1,0,0,1,0,0,0,0,0,0,0,0,0,0,0,0,0,1,1,0,1,0,1,0,0,0,0,0,0,1,0,0,0,0,0,0,0,1,0,0,0,0,0,1,1,1,0,0,0,1,1,0,0,0,0,1,0,0,0,1,1,0,0,0,0,0,0,0,1,0,0,1,0,0,0,0,0,1,1,1,0,1,0,0,0,1,0,0,1,0,0,1,1,0,0,1,0,1,0,0,1,0,1,1,1,1,0,1,1,0,0,0,0,1,0,0,0,0,1,1,0,1,0,0,0,0,0,1,0,1,1,0,0,0,0,0,0,0,1,1,1,1,0,0,0,0,1,0,1,1,0,0,0
0,0,0,1,0,1,1,0,0,0,0,0,0,0,0,0,0,0,0,0,0,0,0,0,0,0,0,0,0,0,1,0,0,1,0,0,0,0,0,1,0,1,0,1,0,0,0,1,0,0,0,1,0,0,0,0,1,1,1,0,0,0,1,0,1,0,0,0,1,0,0,1,0,0,0,0,0,0,0,0,0,0,0,0,0,1,1,0,0,0,1,0,0,0,0,0,0,1,0,0,0,0,0,0,0,1,0,0,0,0,0,1,1,1,0,0,0,1,0,0,0,0,0,1,0,0,0,1,1,0,0,0,0,0,0,0,1,0,0,1,0,0,0,0,0,1,1,1,0,1,0,0,0,1,0,0,1,0,0,1,0,0,0,0,0,1,0,0,1,0,1,0,1,1,0,1,0,0,0,0,0,1,0,0,0,0,1,0,0,1,0,1,0,0,0,1,0,1,1,0,0,0,0,0,0,0,0,0,1,0,0,0,0,0,0,0,1,0,0,0,0
0,1,0,1,0,1,1,0,0,0,1,1,0,0,0,0,0,0,0,0,0,0,0,0,0,0,0,0,0,0,1,0,0,1,0,0,0,1,1,1,0,1,0,1,0,0,0,1,0,0,0,1,0,0,0,0,1,1,1,0,0,0,1,1,1,0,0,0,1,0,0,1,0,0,0,0,0,0,0,0,0,0,0,0,0,1,1,0,1,0,1,0,0,0,0,0,0,1,0,0,0,0,0,0,0,1,0,0,0,0,0,1,1,1,0,0,0,1,1,0,0,0,0,1,0,0,0,1,1,0,0,0,0,0,0,0,1,0,0,1,0,0,0,0,0,1,1,1,0,1,0,0,0,1,0,0,1,0,0,1,1,0,0,1,0,1,0,0,1,0,1,1,1,1,0,1,1,0,0,0,0,1,0,0,0,0,1,1,0,1,0,0,0,0,0,1,0,1,1,0,0,0,0,0,0,0,1,1,1,1,0,0,0,0,1,0,1,1,0,0,0
0,1,0,1,0,1,1,0,0,0,0,0,0,0,0,0,0,0,0,0,0,0,0,0,0,0,0,0,0,0,1,0,0,1,0,0,0,1,1,1,0,1,0,1,0,0,0,1,0,0,0,1,0,0,0,0,1,1,1,0,0,0,1,1,1,0,0,0,1,0,0,1,0,0,0,0,0,0,0,0,0,0,0,0,0,1,1,0,0,0,1,0,0,0,0,0,0,1,0,0,0,0,0,0,0,1,0,0,0,0,0,1,1,1,0,0,0,1,0,0,0,0,0,1,0,0,0,1,1,0,0,0,0,0,0,0,1,0,0,1,0,0,0,0,0,1,1,1,0,1,0,0,0,1,0,0,1,0,0,1,0,0,0,0,0,1,0,0,1,0,1,1,1,1,0,1,1,0,0,0,0,1,0,0,0,0,1,0,0,1,0,1,0,0,0,1,0,1,1,0,0,1,1,0,0,0,0,0,1,0,0,0,0,0,0,0,1,0,0,0,0
0,1,0,1,0,1,1,0,0,0,1,1,0,0,0,0,0,0,0,0,0,0,0,0,0,0,0,0,0,0,1,0,0,0,0,0,0,1,1,1,0,1,0,1,0,0,0,1,0,0,0,1,0,0,0,0,1,1,1,0,0,0,1,0,0,0,0,0,1,0,0,1,0,0,0,0,0,0,0,0,0,0,0,0,0,1,1,0,1,0,1,0,0,0,0,0,0,1,0,0,0,0,0,0,0,0,0,0,0,0,0,1,1,1,0,0,0,1,1,0,0,0,0,1,0,0,0,1,1,0,0,0,0,0,0,0,1,0,0,1,0,0,0,0,0,1,1,1,0,1,0,0,0,1,0,0,1,0,0,1,1,0,0,1,0,1,1,0,1,0,0,1,1,1,0,1,1,0,0,0,0,1,0,0,0,0,1,0,0,1,0,0,0,0,0,1,0,1,1,0,0,0,0,0,0,0,1,0,1,1,1,0,0,0,0,0,1,1,1,0,0
0,1,0,0,0,1,1,0,0,0,0,0,0,0,0,0,0,1,1,0,0,0,0,0,0,0,0,0,0,0,1,0,0,0,0,0,1,0,0,1,0,0,0,1,0,0,0,1,0,0,0,1,0,0,0,0,1,1,1,0,0,0,1,0,0,0,0,0,1,0,0,1,0,0,0,0,0,0,0,0,0,0,0,0,0,1,1,0,0,0,1,0,0,0,0,0,0,1,0,0,0,0,0,0,0,0,0,0,0,0,0,1,1,1,0,0,0,1,0,0,0,0,0,1,0,0,0,1,1,0,0,0,0,0,0,0,1,0,0,1,0,0,0,0,0,1,1,0,0,1,0,0,0,1,0,0,1,0,0,1,0,0,0,0,0,1,0,0,1,0,0,0,1,1,0,1,0,0,0,0,0,1,0,0,0,0,1,0,0,1,0,0,0,0,0,1,1,1,1,0,0,0,0,0,0,0,1,1,1,1,0,0,0,0,1,1,1,1,0,0,0
0,1,0,1,0,1,1,0,0,0,0,0,0,0,0,0,0,0,0,0,0,0,0,0,0,0,0,0,0,0,1,0,0,1,0,0,0,1,1,1,0,1,0,1,0,0,0,1,0,0,0,1,0,0,0,0,1,1,1,0,0,0,1,1,1,0,0,0,1,0,0,1,0,0,0,0,0,0,0,0,0,0,0,0,0,1,1,0,0,0,1,0,0,0,0,0,0,1,0,0,0,0,0,0,0,1,0,0,0,0,0,1,1,1,0,0,0,1,0,0,0,0,0,1,0,0,0,1,1,0,0,0,0,0,0,0,1,0,0,1,0,0,0,0,0,1,1,1,0,1,0,0,0,1,0,0,1,0,0,1,0,0,0,0,0,1,0,0,1,0,1,1,1,1,0,1,1,0,0,0,0,1,0,0,0,0,1,0,0,1,0,1,0,0,0,1,0,1,1,0,0,1,0,0,0,0,0,0,1,0,0,0,0,0,0,0,1,0,0,0,0
0,1,0,1,0,1,1,0,0,0,0,0,0,0,0,0,0,0,0,0,0,0,0,0,0,0,0,0,0,0,1,0,0,1,0,0,0,0,0,1,0,1,0,1,0,0,0,1,0,0,0,1,0,0,0,0,1,1,1,0,0,0,1,1,1,0,0,0,1,0,0,1,0,0,0,0,0,0,0,0,0,0,0,0,0,1,1,0,0,0,1,0,0,0,0,0,0,1,0,0,0,0,0,0,0,1,0,0,0,0,0,1,1,1,0,0,0,1,0,0,0,0,0,1,0,0,0,1,1,0,0,0,0,0,0,0,1,0,0,1,0,0,0,0,0,1,1,1,0,1,0,0,0,1,0,0,1,0,0,1,0,0,0,0,0,1,0,0,1,0,1,1,1,1,0,1,1,0,0,0,0,1,0,0,0,0,1,0,0,1,0,1,0,0,0,1,0,1,1,0,0,1,0,0,0,0,0,0,1,0,0,0,0,0,0,0,1,0,0,0,0
0,1,0,1,0,1,1,0,0,0,1,1,0,0,0,0,0,0,0,0,0,0,0,0,0,0,0,0,0,0,1,0,0,1,0,0,0,1,1,1,0,1,0,1,0,0,0,1,0,0,0,1,0,0,0,0,1,1,1,0,0,0,1,1,1,0,0,0,1,0,0,1,0,0,0,0,0,0,0,0,0,0,0,0,0,1,1,0,1,0,1,0,0,0,0,0,0,1,0,0,0,0,0,0,0,1,0,0,0,0,0,1,1,1,0,0,0,1,1,0,0,0,0,1,0,0,0,1,1,0,0,0,0,0,0,0,1,0,0,1,0,0,0,0,0,1,1,1,0,1,0,0,0,1,0,0,1,0,0,1,1,0,0,1,0,1,0,0,1,0,1,1,1,1,0,1,1,0,0,0,0,1,0,0,0,0,1,1,0,1,0,0,0,0,0,1,0,1,1,0,0,0,0,0,0,0,1,1,1,1,0,0,0,0,1,0,1,1,0,0,0
0,0,0,1,0,1,1,0,0,0,0,0,0,0,0,0,0,0,0,0,0,0,0,0,0,0,0,0,0,0,1,0,0,1,0,0,0,1,1,1,0,1,0,1,0,0,0,1,0,0,0,1,0,0,0,0,1,1,1,0,0,0,1,1,1,0,0,0,1,0,0,1,0,0,0,0,0,0,0,0,0,0,0,0,0,1,1,0,0,0,1,0,0,0,0,0,0,1,0,0,0,0,0,0,0,1,0,0,0,0,0,1,1,1,0,0,0,1,0,0,0,0,0,1,0,0,0,1,1,0,0,0,0,0,0,0,1,0,0,1,0,0,0,0,0,1,1,1,0,1,0,0,0,1,0,0,1,0,0,1,0,0,0,0,0,1,0,0,1,0,1,0,1,1,0,1,1,0,0,0,0,1,0,0,0,0,1,0,0,1,0,1,0,0,0,1,0,1,1,0,0,1,1,0,0,0,0,0,1,0,0,0,0,0,0,0,1,0,0,0,0
0,1,0,1,0,1,1,0,0,0,0,0,0,0,0,0,0,1,1,0,0,0,0,0,0,0,0,0,0,0,1,0,0,0,0,0,0,1,1,1,0,1,0,1,0,0,0,1,0,0,0,1,0,0,0,0,1,1,1,0,0,0,1,0,0,0,0,0,1,0,0,1,0,0,0,0,0,0,0,0,0,0,0,0,0,1,1,0,0,0,1,0,0,0,0,0,0,1,0,0,0,0,0,0,0,0,0,0,0,0,0,1,1,1,0,0,0,1,0,0,0,0,0,1,0,0,0,1,1,0,0,0,0,0,0,0,1,0,0,1,0,0,0,0,0,1,1,1,0,1,0,0,0,1,0,0,1,0,0,1,0,0,0,0,0,1,0,0,1,0,0,1,1,1,0,1,1,0,0,0,0,1,0,0,0,0,1,0,0,1,0,1,0,0,0,1,0,1,1,0,0,1,1,0,0,0,0,0,1,0,0,0,0,0,0,0,1,0,0,0,0
0,0,0,1,0,1,1,0,0,0,0,0,0,0,0,0,0,0,0,0,0,0,0,0,0,0,0,0,0,0,1,0,0,1,0,0,0,0,0,1,0,1,0,1,0,0,0,1,0,0,0,1,0,0,0,0,1,1,1,0,0,0,1,0,1,0,0,0,1,0,0,1,0,0,0,0,0,0,0,0,0,0,0,0,0,1,1,0,0,0,1,0,0,0,0,0,0,1,0,0,0,0,0,0,0,1,0,0,0,0,0,1,1,1,0,0,0,1,0,0,0,0,0,1,0,0,0,1,1,0,0,0,0,0,0,0,1,0,0,1,0,0,0,0,0,1,1,1,0,1,0,0,0,1,0,0,1,0,0,1,0,0,0,0,0,1,0,0,1,0,1,1,1,1,0,1,0,0,0,0,0,1,0,0,0,0,1,0,0,1,0,1,0,0,0,1,0,1,1,0,0,0,0,0,0,0,0,0,1,0,0,0,0,0,0,0,1,0,0,0,0
0,1,0,1,0,1,1,0,0,0,0,0,0,0,0,0,0,1,1,0,0,0,0,0,0,0,0,0,0,0,1,0,0,1,0,0,0,1,1,1,0,1,0,1,0,0,0,1,0,0,0,1,0,0,0,0,1,1,1,0,0,0,1,1,1,0,0,0,1,0,0,1,0,0,0,0,0,0,0,0,0,0,0,0,0,1,1,0,0,0,1,0,0,0,0,0,0,1,0,0,0,0,0,0,0,1,0,0,0,0,0,1,1,1,0,0,0,1,0,0,0,0,0,1,0,0,0,1,1,0,0,0,0,0,0,0,1,0,0,1,0,0,0,0,0,1,1,1,0,1,0,0,0,1,0,0,1,0,0,1,0,0,0,0,0,1,0,0,1,0,1,1,1,1,0,1,1,0,0,0,0,1,0,0,0,0,1,0,0,1,0,1,0,0,0,1,0,1,1,0,0,1,1,0,0,0,0,0,1,0,0,0,0,0,0,0,1,0,0,0,0
0,1,0,1,0,1,1,0,0,0,1,1,0,0,0,0,0,1,1,0,0,0,0,0,0,0,1,0,0,0,1,0,0,1,0,0,0,1,1,1,0,1,0,1,0,0,0,1,0,0,0,1,0,1,1,0,1,1,1,0,0,0,1,1,1,0,0,0,1,0,0,1,0,0,0,1,0,0,0,0,0,0,0,1,0,1,1,0,1,0,1,0,0,0,0,0,1,1,0,1,0,0,0,0,0,1,0,0,0,0,0,1,1,1,0,1,1,1,1,0,0,0,0,1,0,0,0,1,1,0,0,0,0,0,0,1,1,0,0,1,0,0,0,1,0,1,1,1,0,1,0,0,0,1,0,0,1,0,0,1,1,0,0,1,0,1,0,0,1,0,1,1,1,1,0,1,1,1,0,0,1,1,0,0,0,0,1,1,0,1,0,0,0,0,0,1,0,1,1,0,0,0,0,0,0,0,1,1,1,1,0,0,0,0,1,0,1,1,0,0,0
0,0,0,1,0,1,1,0,0,0,0,0,0,0,0,0,0,1,1,0,0,0,0,0,0,0,0,0,0,0,1,0,0,1,0,0,0,1,1,1,0,1,0,1,0,0,0,1,0,0,0,1,0,0,0,0,1,1,1,0,0,0,1,0,1,0,0,0,1,0,0,1,0,0,0,0,0,0,0,0,0,0,0,0,0,1,1,0,1,0,1,0,0,0,0,0,0,1,0,0,0,0,0,0,0,1,0,0,0,0,0,1,1,1,0,0,0,1,1,0,0,0,0,1,0,0,0,1,1,0,0,0,0,0,0,0,1,0,0,1,0,0,0,0,0,1,1,1,0,1,0,0,0,1,0,0,1,0,0,1,0,0,0,1,0,1,0,0,1,0,1,1,1,1,0,1,0,0,0,0,0,1,0,0,0,0,1,1,0,1,0,0,0,0,0,1,0,1,1,0,0,0,0,0,0,0,1,1,1,1,0,0,0,0,1,0,1,1,0,1,0
0,1,0,1,0,1,1,0,0,1,1,1,0,0,0,0,0,0,0,0,0,0,0,0,0,0,0,0,0,0,1,0,1,1,0,0,0,1,1,1,1,1,0,1,0,0,1,1,0,0,0,1,0,0,0,0,1,1,1,0,0,0,1,1,1,0,0,0,1,0,0,1,0,0,0,0,0,0,0,0,0,0,0,0,0,1,1,0,1,0,1,0,0,0,0,0,0,1,1,0,1,0,0,0,0,1,0,0,0,0,0,1,1,1,0,0,0,1,1,1,0,0,0,1,0,0,0,1,1,0,0,0,0,0,0,0,1,1,0,1,0,0,1,0,0,1,1,1,0,1,0,0,0,1,0,0,1,0,0,1,1,0,0,1,0,1,0,0,1,0,1,1,1,1,0,1,1,0,0,0,0,1,0,0,0,0,1,1,0,1,0,0,0,0,0,1,0,1,1,0,0,0,0,0,0,0,1,1,1,1,0,0,0,0,1,0,1,1,0,0,0
0,1,0,1,0,1,1,0,0,0,1,1,0,0,0,0,0,1,1,0,0,0,0,0,0,0,0,0,0,0,1,0,0,1,0,0,0,1,1,1,0,1,0,1,0,0,0,1,0,0,0,1,0,0,0,0,1,1,1,0,0,0,1,1,1,0,0,0,1,0,0,1,0,0,0,0,0,0,0,0,0,0,0,0,0,1,1,0,1,0,1,0,0,0,0,0,0,1,0,0,0,0,0,0,0,1,0,0,0,0,0,1,1,1,0,0,0,1,1,0,0,0,0,1,0,0,0,1,1,0,0,0,0,0,0,0,1,0,0,1,0,0,0,0,0,1,1,1,0,1,0,0,0,1,0,0,1,0,0,1,1,0,0,1,0,1,0,0,1,0,1,1,1,1,0,1,1,0,0,0,0,1,0,0,0,0,1,1,0,1,0,0,0,0,0,1,0,1,1,0,0,0,0,0,0,0,1,1,1,1,0,0,0,0,1,0,1,1,0,0,0
0,1,0,1,0,1,1,0,0,0,1,1,0,0,0,0,0,0,0,0,0,0,0,0,0,0,0,0,0,0,1,0,0,1,0,0,0,1,1,1,0,1,0,1,0,0,0,1,0,0,0,1,0,0,0,0,1,1,1,0,0,0,1,1,1,0,0,0,1,0,0,1,0,0,0,0,0,0,0,0,0,0,0,0,0,1,1,0,1,0,1,0,0,0,0,0,0,1,0,0,0,0,0,0,0,1,0,0,0,0,0,1,1,1,0,0,0,1,1,0,0,0,0,1,0,0,0,1,1,0,0,0,0,0,0,0,1,0,0,1,0,0,0,0,0,1,1,1,0,1,0,0,0,1,0,0,1,0,0,1,1,0,0,1,0,1,1,0,1,0,1,1,1,1,0,1,1,0,0,0,0,1,0,0,0,0,1,0,0,1,0,0,0,0,0,1,0,1,1,0,0,0,0,0,0,0,1,0,1,1,1,0,0,0,0,0,1,1,1,0,0
0,0,0,1,0,1,1,0,0,0,1,1,0,0,0,0,0,0,0,0,0,0,0,0,0,0,0,0,0,0,1,0,0,1,0,0,0,1,1,1,0,1,0,1,0,0,0,1,0,0,0,1,0,0,0,0,1,1,1,0,0,0,1,1,1,0,0,0,1,0,0,1,0,0,0,0,0,0,0,0,0,0,0,0,0,1,1,0,1,0,1,0,0,0,0,0,0,1,0,0,0,0,0,0,0,1,0,0,0,0,0,1,1,1,0,0,0,1,1,0,0,0,0,1,0,0,0,1,1,0,0,0,0,0,0,0,1,0,0,1,0,0,0,0,0,1,1,1,0,1,0,0,0,1,0,0,1,0,0,1,1,0,0,1,0,1,0,0,1,0,1,0,1,1,0,1,1,0,0,0,0,1,0,0,0,0,1,1,0,1,0,0,0,0,0,1,0,1,1,0,0,0,0,0,0,0,1,1,1,1,0,0,0,0,1,0,1,1,0,0,0
0,1,0,1,0,1,1,0,0,0,1,1,0,0,0,0,0,0,0,0,0,0,0,0,0,0,0,0,0,0,1,0,0,1,0,0,0,1,1,1,0,1,0,1,0,0,0,1,0,0,0,1,0,0,0,0,1,1,1,0,0,0,1,1,1,0,0,0,1,0,0,1,0,0,0,0,0,0,0,0,0,0,0,0,0,1,1,0,1,0,1,0,0,0,0,0,0,1,0,0,0,0,0,0,0,1,0,0,0,0,0,1,1,1,0,0,0,1,1,0,0,0,0,1,0,0,0,1,1,0,0,0,0,0,0,0,1,0,0,1,0,0,0,0,0,1,1,1,0,1,0,0,0,1,0,0,1,0,0,1,1,0,0,1,0,1,0,0,1,0,1,1,1,1,0,1,1,0,0,0,0,1,0,0,0,0,1,1,0,1,0,0,0,0,0,1,0,1,1,0,0,0,0,0,0,0,1,1,1,1,0,0,0,0,1,0,1,1,0,0,0
0,1,0,1,0,1,1,0,0,0,1,1,0,0,0,0,0,0,0,0,0,0,0,0,0,0,0,0,0,0,1,0,0,0,0,0,0,1,1,1,0,1,0,1,0,0,0,1,0,0,0,1,0,0,0,0,1,1,1,0,0,0,1,0,0,0,0,0,1,0,0,1,0,0,0,0,0,0,0,0,0,0,0,0,0,1,1,0,1,0,1,0,0,0,0,0,0,1,0,0,0,0,0,0,0,0,0,0,0,0,0,1,1,1,0,0,0,1,1,0,0,0,0,1,0,0,0,1,1,0,0,0,0,0,0,0,1,0,0,1,0,0,0,0,0,1,1,1,0,1,0,0,0,1,0,0,1,0,0,1,1,0,0,1,0,1,0,0,1,0,0,1,1,1,0,1,1,0,0,0,0,1,0,0,0,0,1,1,0,1,0,0,0,0,0,1,0,1,1,0,0,0,0,0,0,0,1,1,1,1,0,0,0,0,1,0,1,1,0,0,0
0,0,0,1,0,1,1,0,0,0,1,1,0,0,0,0,0,0,0,0,0,0,0,0,0,0,0,0,0,0,1,0,0,1,0,0,0,1,1,1,0,1,0,1,0,0,0,1,0,0,0,1,0,0,0,0,1,1,1,0,0,0,1,0,1,0,0,0,1,0,0,1,0,0,0,0,0,0,0,0,0,0,0,0,0,1,1,0,1,0,1,0,0,0,0,0,0,1,0,0,0,0,0,0,0,1,0,0,0,0,0,1,1,1,0,0,0,1,1,0,0,0,0,1,0,0,0,1,1,0,0,0,0,0,0,0,1,0,0,1,0,0,0,0,0,1,1,1,0,1,0,0,0,1,0,0,1,0,0,1,0,0,0,1,0,1,0,0,1,0,1,1,1,1,0,1,0,0,0,0,0,1,0,0,0,0,1,1,0,1,0,0,0,0,0,1,0,1,1,0,0,0,0,0,0,0,1,1,1,1,0,0,0,0,1,0,1,1,0,0,0
0,1,0,1,0,1,0,0,1,0,1,1,0,0,0,0,0,0,0,0,0,0,0,0,0,0,0,0,0,0,1,1,0,1,0,0,0,1,1,1,0,1,0,1,0,0,0,1,0,0,0,1,0,0,0,0,0,1,1,0,0,0,1,1,1,0,0,0,1,0,0,0,0,0,0,0,0,0,0,0,0,0,0,0,0,0,0,0,1,0,1,0,0,0,0,0,0,1,0,0,0,0,0,0,0,1,0,0,0,0,0,1,1,1,0,0,0,1,1,0,0,0,0,1,0,0,0,1,1,0,0,0,0,0,0,0,1,0,0,1,0,0,0,0,0,1,1,1,0,1,0,0,0,1,0,0,0,0,0,1,1,0,0,1,0,1,0,0,1,0,1,0,0,1,0,1,1,0,0,0,0,1,0,0,0,0,1,1,0,1,0,0,0,0,0,1,0,1,1,0,0,0,0,0,0,0,1,1,1,1,0,0,0,0,1,0,1,1,0,0,0
0,1,0,1,0,1,1,0,0,0,1,1,0,0,0,0,0,0,0,0,0,0,0,0,0,0,0,0,0,0,1,0,0,0,0,0,0,1,1,1,0,1,0,1,0,0,0,1,0,0,0,1,0,0,0,0,1,1,1,0,0,0,1,0,0,0,0,0,1,0,0,1,0,0,0,0,0,0,0,0,0,0,0,0,0,1,1,0,1,0,1,0,0,0,0,0,0,1,0,0,0,0,0,0,0,0,0,0,0,0,0,1,1,1,0,0,0,1,1,0,0,0,0,1,0,0,0,1,1,0,0,0,0,0,0,0,1,0,0,1,0,0,0,0,0,1,1,1,0,1,0,0,0,1,0,0,1,0,0,1,1,0,0,1,0,1,0,0,1,0,0,1,1,1,0,1,1,0,0,0,0,1,0,0,0,0,1,1,0,1,0,0,0,0,0,1,0,1,1,0,0,0,0,0,0,0,1,1,1,1,0,0,0,0,1,0,1,1,0,0,0
0,1,0,1,0,1,1,0,0,0,1,1,0,0,0,0,0,0,0,0,0,0,0,0,0,0,0,0,0,0,1,0,0,1,0,0,0,1,1,1,0,1,0,1,0,0,0,1,0,0,0,1,0,0,0,0,1,1,1,0,0,0,1,1,1,0,0,0,1,0,0,1,0,0,0,0,0,0,0,0,0,0,0,0,0,1,1,0,1,0,1,0,0,0,0,0,0,1,0,0,0,0,0,0,0,1,0,0,0,0,0,1,1,1,0,0,0,1,1,0,0,0,0,1,0,0,0,1,1,0,0,0,0,0,0,0,1,0,0,1,0,0,0,0,0,1,1,1,0,1,0,0,0,1,0,0,1,0,0,1,1,0,0,1,0,1,0,0,1,0,1,1,1,1,0,1,1,0,0,0,0,1,0,0,0,0,1,1,0,1,0,0,0,0,0,1,0,1,1,0,0,0,0,0,0,0,1,1,1,1,0,0,0,0,1,0,1,1,0,0,0
0,1,0,1,0,1,1,0,0,0,1,1,0,0,0,0,0,0,0,0,0,0,0,0,0,0,0,0,0,0,1,0,0,1,0,0,0,1,1,1,0,1,0,1,0,0,0,1,0,0,0,1,0,0,0,0,1,1,1,0,0,0,1,1,1,0,0,0,1,0,0,1,0,0,0,0,0,0,0,0,0,0,0,0,0,1,1,0,1,0,1,0,0,0,0,0,0,1,0,0,0,0,0,0,0,1,0,0,0,0,0,1,1,1,0,0,0,1,1,0,0,0,0,1,0,0,0,1,1,0,0,0,0,0,0,0,1,0,0,1,0,0,0,0,0,1,1,1,0,1,0,0,0,1,0,0,1,0,0,1,1,0,0,1,0,1,0,0,1,0,1,1,1,1,0,1,1,0,0,0,0,1,0,0,0,0,1,1,0,1,0,0,0,0,0,1,0,1,1,0,0,0,0,0,0,0,1,1,1,1,0,0,0,0,1,0,1,1,0,0,0
0,1,0,1,0,1,1,0,0,0,0,0,0,0,0,0,0,1,1,0,0,0,0,0,0,0,0,0,0,0,1,0,0,1,0,0,0,1,1,1,0,1,0,1,0,0,0,1,0,0,0,1,0,0,0,0,1,1,1,0,0,0,1,1,1,0,0,0,1,0,0,1,0,0,0,0,0,0,0,0,0,0,0,0,0,1,1,0,0,0,1,0,0,0,0,0,0,1,0,0,0,0,0,0,0,1,0,0,0,0,0,1,1,1,0,0,0,1,0,0,0,0,0,1,0,0,0,1,1,0,0,0,0,0,0,0,1,0,0,1,0,0,0,0,0,1,1,1,0,1,0,0,0,1,0,0,1,0,0,1,0,0,0,0,0,1,0,0,1,0,1,0,1,1,0,1,1,0,0,0,0,1,0,0,0,0,1,0,0,1,0,1,0,0,0,1,0,1,1,0,0,1,1,0,0,0,1,1,1,1,0,0,0,0,1,0,1,1,0,0,0
0,0,0,1,0,1,1,0,0,0,0,0,0,0,0,0,0,0,0,0,0,0,0,0,0,0,0,0,0,0,1,0,0,1,0,0,0,1,1,1,0,1,0,1,0,0,0,1,0,0,0,1,0,0,0,0,1,1,1,0,0,0,1,1,1,0,0,0,1,0,0,1,0,0,0,0,0,0,0,0,0,0,0,0,0,1,1,0,0,0,1,0,0,0,0,0,0,1,0,0,0,0,0,0,0,1,0,0,0,0,0,1,1,1,0,0,0,1,0,0,0,0,0,1,0,0,0,1,1,0,0,0,0,0,0,0,1,0,0,1,0,0,0,0,0,1,1,1,0,1,0,0,0,1,0,0,1,0,0,1,0,0,0,0,0,1,0,0,1,0,1,0,1,1,0,1,1,0,0,0,0,1,0,0,0,0,1,0,0,1,0,1,0,0,0,1,0,1,1,0,0,1,0,0,0,0,0,0,1,0,0,0,0,0,0,0,1,0,0,0,0
0,1,0,1,0,1,1,0,0,0,1,1,0,0,0,0,0,0,0,0,0,0,0,0,0,0,0,0,0,0,1,0,0,0,0,0,0,1,1,1,0,1,0,1,0,0,0,1,0,0,0,1,0,0,0,0,1,1,1,0,0,0,1,0,0,0,0,0,1,0,0,1,0,0,0,0,0,0,0,0,0,0,0,0,0,1,1,0,1,0,1,0,0,0,0,0,0,1,0,0,0,0,0,0,0,0,0,0,0,0,0,1,1,1,0,0,0,1,1,0,0,0,0,1,0,0,0,1,1,0,0,0,0,0,0,0,1,0,0,1,0,0,0,0,0,1,1,1,0,1,0,0,0,1,0,0,1,0,0,1,1,0,0,1,0,1,0,0,1,0,0,0,1,1,0,1,1,0,0,0,0,1,0,0,0,0,1,1,0,1,0,0,0,0,0,1,0,1,1,0,0,0,0,0,0,0,1,1,1,1,0,0,0,0,1,0,1,1,0,0,0
0,1,0,1,0,1,0,0,1,0,1,1,0,0,0,0,0,0,0,0,0,0,0,0,0,0,0,0,0,0,1,1,0,1,0,0,0,1,1,0,0,1,0,0,0,0,0,1,0,0,0,1,0,0,0,0,0,0,0,0,0,0,1,1,1,0,0,0,0,0,0,1,0,0,0,0,0,0,0,0,0,0,0,0,0,1,0,0,1,0,0,0,0,0,0,0,0,0,0,0,0,0,0,0,0,1,0,0,0,0,0,1,0,0,0,0,0,0,1,0,0,0,0,0,0,0,0,0,0,0,0,0,0,0,0,0,0,0,0,0,0,0,0,0,0,0,0,1,0,0,0,0,0,0,0,0,0,0,0,0,1,0,0,1,0,0,0,0,0,0,1,0,1,0,0,0,1,0,0,0,0,0,0,0,0,0,0,0,0,0,0,0,0,0,0,1,0,0,0,0,0,0,0,0,0,0,1,0,0,1,0,0,0,0,0,0,0,1,0,0,0
0,1,0,1,0,1,1,0,0,0,1,1,0,0,0,0,0,1,1,0,0,0,0,0,0,0,0,0,0,0,1,0,0,1,0,0,0,1,1,1,0,1,0,1,0,0,0,1,0,0,0,1,0,0,0,0,1,1,1,0,0,0,1,1,1,0,0,0,1,0,0,1,0,0,0,0,0,0,0,0,0,0,0,0,0,1,1,0,1,0,1,0,0,0,0,0,0,1,0,0,0,0,0,0,0,1,0,0,0,0,0,1,1,1,0,0,0,1,1,0,0,0,0,1,0,0,0,1,1,0,0,0,0,0,0,0,1,0,0,1,0,0,0,0,0,1,1,1,0,1,0,0,0,1,0,0,1,0,0,1,1,0,0,1,0,1,0,0,1,0,1,1,1,1,0,1,1,0,0,0,0,1,0,0,0,0,1,1,0,1,0,0,0,0,0,1,0,1,1,0,0,0,0,0,0,0,1,1,1,1,0,0,0,0,1,0,1,1,0,0,0
0,1,0,1,0,1,1,0,0,0,1,1,0,0,0,0,0,0,0,0,0,0,0,0,0,0,0,0,0,0,1,0,0,1,0,0,0,1,1,1,0,1,0,1,0,0,0,1,0,0,0,1,0,0,0,0,1,1,1,0,0,0,1,1,1,0,0,0,1,0,0,1,0,0,0,0,0,0,0,0,0,0,0,0,0,1,1,0,1,0,1,0,0,0,0,0,0,1,0,0,0,0,0,0,0,1,0,0,0,0,0,1,1,1,0,0,0,1,1,0,0,0,0,1,0,0,0,1,1,0,0,0,0,0,0,0,1,0,0,1,0,0,0,0,0,1,1,1,0,1,0,0,0,1,0,0,1,0,0,1,1,0,0,1,0,1,0,0,1,0,1,1,1,1,0,1,1,0,0,0,0,1,0,0,0,0,1,1,0,1,0,0,0,0,0,1,0,1,1,0,0,0,0,0,0,0,1,1,1,1,0,0,0,0,1,0,1,1,0,0,0
0,0,0,1,0,1,0,0,1,0,1,1,0,0,0,0,0,0,0,0,0,0,0,0,0,0,0,0,0,0,1,1,0,1,0,0,0,1,1,1,0,1,0,1,0,0,0,1,0,0,0,1,0,0,0,0,0,1,1,0,0,0,1,1,1,0,0,0,1,0,0,0,0,0,0,0,0,0,0,0,0,0,0,0,0,0,0,0,1,0,1,0,0,0,0,0,0,1,0,0,0,0,0,0,0,1,0,0,0,0,0,1,1,1,0,0,0,1,1,0,0,0,0,1,0,0,0,1,1,0,0,0,0,0,0,0,1,0,0,1,0,0,0,0,0,1,1,1,0,1,0,0,0,1,0,0,0,0,0,1,1,0,0,1,0,1,0,0,1,0,1,0,0,1,0,1,1,0,0,0,0,1,0,0,0,0,1,1,0,1,0,0,0,0,0,1,0,1,1,0,0,0,0,0,0,0,1,1,1,1,0,0,0,0,1,0,1,1,0,0,0
0,0,0,1,0,1,1,0,0,0,1,1,0,0,0,0,0,0,0,0,0,0,0,0,0,0,0,0,0,0,1,0,0,0,0,0,0,1,1,1,0,1,0,1,0,0,0,1,0,0,0,1,0,0,0,0,1,1,1,0,0,0,1,0,0,0,0,0,1,0,0,1,0,0,0,0,0,0,0,0,0,0,0,0,0,1,1,0,1,0,1,0,0,0,0,0,0,1,0,0,0,0,0,0,0,0,0,0,0,0,0,1,1,1,0,0,0,1,1,0,0,0,0,1,0,0,0,1,1,0,0,0,0,0,0,0,1,0,0,1,0,0,0,0,0,1,1,1,0,1,0,0,0,1,0,0,1,0,0,1,1,0,0,1,0,1,0,0,1,0,0,0,1,1,0,1,0,0,0,0,0,1,0,0,0,0,1,1,0,1,0,0,0,0,0,1,0,1,1,0,0,0,0,0,0,0,1,1,1,1,0,0,0,0,1,0,1,1,0,0,0
0,0,0,1,0,1,1,0,0,0,0,0,0,0,0,0,0,0,0,0,0,0,0,0,0,0,0,0,0,0,1,0,0,1,0,0,0,0,0,1,0,1,0,1,0,0,0,1,0,0,0,1,0,0,0,0,1,1,1,0,0,0,1,1,1,0,0,0,1,0,0,1,0,0,0,0,0,0,0,0,0,0,0,0,0,1,1,0,0,0,1,0,0,0,0,0,0,1,0,0,0,0,0,0,0,1,0,0,0,0,0,1,1,1,0,0,0,1,0,0,0,0,0,1,0,0,0,1,1,0,0,0,0,0,0,0,1,0,0,1,0,0,0,0,0,1,1,1,0,1,0,0,0,1,0,0,1,0,0,1,0,0,0,0,0,1,0,0,1,0,1,1,1,1,0,1,1,0,0,0,0,1,0,0,0,0,1,0,0,1,0,1,0,0,0,1,0,1,1,0,0,1,0,0,0,0,0,0,1,0,0,0,0,0,0,0,1,0,0,0,0
0,1,0,1,0,1,1,0,0,0,0,0,0,0,0,0,0,0,0,0,0,0,0,0,0,0,0,0,0,0,1,0,0,0,0,0,0,0,0,1,0,1,0,1,0,0,0,1,0,0,0,1,0,0,0,0,1,1,1,0,0,0,1,0,0,0,0,0,1,0,0,1,0,0,0,0,0,0,0,0,0,0,0,0,0,1,1,0,0,0,1,0,0,0,0,0,0,1,0,0,0,0,0,0,0,0,0,0,0,0,0,1,1,1,0,0,0,1,0,0,0,0,0,1,0,0,0,1,1,0,0,0,0,0,0,0,1,0,0,1,0,0,0,0,0,1,1,1,0,1,0,0,0,1,0,0,1,0,0,1,0,0,0,0,0,1,0,0,1,0,0,1,1,1,0,1,1,0,0,0,0,1,0,0,0,0,1,0,0,1,0,1,0,0,0,1,0,1,1,0,0,1,0,0,0,0,0,0,1,0,0,0,0,0,0,0,1,0,0,0,0
1,1,0,1,0,1,1,0,0,0,0,0,0,0,0,0,0,0,0,0,0,0,0,0,0,0,0,0,0,0,1,0,0,0,0,0,0,1,1,1,0,1,0,1,0,0,0,1,0,0,0,1,0,0,0,0,1,1,1,0,0,0,1,0,0,0,0,0,1,0,0,1,0,0,0,0,0,0,0,0,0,0,0,0,0,1,1,0,0,0,1,0,0,0,0,0,0,1,0,0,0,0,0,0,0,0,0,0,0,0,0,1,1,1,0,0,0,1,0,0,0,0,0,1,0,0,0,1,1,0,0,0,0,0,0,0,1,0,0,1,0,0,0,0,0,1,1,1,0,1,0,0,0,1,0,0,1,0,0,1,0,0,0,0,0,1,0,0,1,0,0,1,1,1,0,1,1,0,0,0,0,1,0,0,0,0,1,0,0,1,0,1,0,0,0,1,0,1,1,0,0,1,1,0,0,0,0,0,1,0,0,0,0,0,0,0,1,0,0,0,0
1,1,0,1,0,1,1,0,1,0,1,0,0,1,1,0,0,0,0,0,0,0,0,0,0,1,1,1,1,0,1,1,0,0,0,0,0,0,0,1,0,1,0,1,0,0,0,1,0,0,0,1,0,0,0,0,0,1,0,0,0,0,1,0,0,0,0,0,1,0,0,1,0,1,0,0,0,0,0,0,1,0,0,0,0,0,0,0,1,0,1,0,0,0,0,1,0,1,0,0,0,0,0,0,0,0,0,1,1,0,0,1,1,1,0,0,0,1,1,0,1,0,0,1,1,0,0,1,1,0,0,0,1,0,0,0,1,0,0,1,0,1,0,0,0,1,1,1,0,0,1,1,0,1,1,0,0,1,0,1,1,0,1,1,0,1,0,0,1,0,0,0,0,1,0,1,0,0,1,0,0,1,0,1,1,0,1,0,1,0,0,1,0,0,1,1,0,0,0,0,0,1,0,0,0,0,1,0,0,1,0,0,0,0,0,0,0,1,0,0,0
1,1,0,1,0,1,1,0,0,0,1,1,0,0,0,0,0,1,1,0,0,1,0,0,0,0,0,0,0,0,1,0,0,1,1,1,1,1,1,1,0,1,1,1,0,0,0,1,1,0,0,1,0,0,0,0,0,0,0,0,0,0,1,1,1,0,0,0,0,1,0,1,0,0,0,0,0,1,0,0,1,0,0,0,0,1,0,0,1,0,0,0,0,0,0,0,0,0,0,0,0,0,0,0,0,1,0,1,0,0,0,1,0,0,0,0,0,0,0,0,1,0,0,0,1,0,0,1,0,0,0,0,0,0,0,0,0,0,0,0,0,0,0,0,0,0,0,0,0,0,0,0,1,1,0,0,0,0,0,0,0,0,0,0,0,1,0,0,0,0,1,1,1,0,0,0,1,0,1,0,0,0,1,1,1,0,1,0,0,1,0,0,0,0,0,1,1,1,1,0,0,0,0,0,0,1,1,0,0,0,0,0,0,1,0,1,1,1,0,0,0
1,1,0,1,0,1,1,0,1,0,1,0,0,1,1,0,0,0,0,0,0,0,0,0,0,1,1,1,0,0,1,1,0,0,0,0,0,0,0,1,0,1,0,1,0,0,0,1,0,0,0,1,0,0,0,0,0,1,0,0,0,0,1,0,0,0,0,0,1,0,0,1,0,1,0,0,0,0,0,0,1,0,0,0,0,0,0,0,1,0,1,0,0,0,0,1,0,1,0,0,0,0,0,0,0,0,0,1,1,0,0,1,1,1,0,0,0,1,1,0,1,0,0,1,1,0,0,1,1,0,0,0,1,0,0,0,1,0,0,1,0,1,0,0,0,1,1,1,0,0,1,1,0,1,1,0,0,1,0,1,1,0,1,1,0,1,0,0,1,0,0,0,0,1,0,1,0,0,1,0,0,1,0,1,1,0,1,0,1,0,0,1,0,0,1,0,0,0,0,0,0,1,0,0,0,0,0,0,0,0,0,0,0,0,0,0,0,0,0,0,0
1,1,0,1,0,1,1,0,1,0,1,0,0,1,1,0,0,0,0,0,0,0,0,0,0,1,1,1,0,0,1,1,0,0,0,0,0,0,0,1,0,1,0,1,0,0,0,1,0,0,0,1,0,0,0,0,0,1,0,0,0,0,1,0,0,0,0,0,1,0,0,1,0,1,0,0,0,0,0,0,1,0,0,0,0,0,0,0,1,0,1,0,0,0,0,1,0,1,0,0,0,0,0,0,0,0,0,1,1,0,0,1,1,1,0,0,0,1,1,0,1,0,0,1,1,0,0,1,1,0,0,0,1,0,0,0,1,0,0,1,0,1,0,0,0,1,1,1,0,0,1,1,0,1,1,0,0,1,0,1,1,0,1,1,0,1,0,0,1,0,0,0,0,1,0,1,0,0,1,0,0,1,0,1,1,0,1,0,1,0,0,1,0,0,1,1,0,0,0,0,0,1,0,0,0,0,0,0,0,0,0,0,0,0,0,0,0,0,0,0,0
0,1,0,1,0,1,1,0,0,0,1,1,0,0,0,1,1,1,0,0,0,0,0,0,0,0,0,0,0,0,1,0,0,1,0,0,1,1,1,1,0,1,0,1,0,0,0,1,0,0,0,1,0,0,0,0,1,1,1,0,0,0,1,1,1,0,0,0,1,0,0,1,0,0,0,0,0,0,0,0,0,0,0,0,0,1,1,0,1,0,1,0,0,0,0,0,0,1,0,0,0,0,0,0,0,1,0,0,0,0,0,1,1,1,0,0,0,1,1,0,0,0,0,1,0,0,0,1,1,0,0,0,0,0,0,0,1,0,0,1,0,0,0,0,0,1,1,1,0,1,0,0,0,1,0,0,1,0,0,1,1,0,0,1,0,1,0,0,1,0,1,1,1,1,0,1,1,0,0,0,0,1,0,0,0,0,1,0,0,1,0,1,0,0,0,1,1,1,1,0,0,1,1,0,0,0,1,1,1,1,0,0,0,0,1,0,1,1,0,0,0
1,1,0,1,0,1,1,0,0,0,1,0,0,0,0,0,0,1,1,0,0,1,1,0,0,0,0,0,0,0,1,0,0,1,0,1,1,1,1,1,0,1,1,1,0,0,0,1,1,0,0,1,0,0,0,0,1,0,0,0,0,0,1,1,1,0,0,0,1,0,0,1,0,0,0,0,0,1,1,0,1,0,0,0,0,1,1,0,1,0,0,0,0,0,0,0,0,0,0,0,0,0,0,0,0,1,0,0,0,0,0,1,0,0,0,0,0,0,0,0,1,0,0,0,1,0,0,0,0,0,0,0,0,0,0,0,0,0,0,0,0,0,0,0,0,0,0,0,0,0,1,1,0,0,0,0,0,0,0,0,0,0,0,0,0,1,0,0,0,0,1,1,1,0,0,0,1,0,1,0,0,0,0,1,0,0,1,0,0,1,0,0,0,0,0,1,1,1,1,0,0,0,0,0,0,1,1,0,0,0,0,0,0,1,0,1,1,1,1,0,0
1,1,0,1,0,1,0,0,0,0,1,1,0,0,0,0,0,1,1,0,0,1,1,1,0,0,0,0,0,0,1,0,0,1,0,1,1,1,1,0,0,1,0,1,0,0,0,1,0,0,0,1,0,0,0,0,0,0,0,0,0,0,1,1,1,0,0,0,0,0,0,1,0,0,0,0,0,1,0,0,1,0,0,0,0,1,0,0,1,0,0,0,0,0,0,1,0,0,0,0,0,0,0,0,0,1,0,1,0,0,0,1,0,0,0,0,0,0,1,0,1,0,0,0,0,0,0,0,0,0,0,0,1,0,0,0,0,0,0,0,0,1,0,0,0,0,0,1,0,0,0,0,0,0,0,0,0,1,0,0,1,0,0,1,0,0,0,0,0,0,1,1,1,0,0,0,1,0,0,0,0,0,0,1,1,0,0,0,1,0,0,0,1,0,0,1,1,0,0,0,0,0,0,1,0,1,1,0,0,0,0,0,0,1,0,1,0,1,0,0,0
1,1,0,0,0,1,0,0,0,0,1,0,0,0,0,0,0,1,1,0,0,1,0,0,0,0,0,0,0,0,1,0,0,1,0,1,1,1,1,1,0,1,1,1,0,0,0,1,1,0,0,1,0,0,0,0,0,0,0,0,0,0,0,1,1,0,0,0,1,0,0,0,0,0,0,0,0,0,0,0,0,0,0,0,0,0,0,0,1,0,0,0,0,0,0,0,0,0,0,0,0,0,0,0,0,1,0,0,0,0,0,1,0,0,0,0,0,0,0,0,0,0,0,0,0,0,0,0,0,0,0,0,0,0,0,0,0,0,0,0,0,0,0,0,0,0,0,0,0,0,0,0,0,0,0,0,0,0,0,0,0,0,0,0,0,1,0,0,1,0,1,0,0,0,0,0,0,0,0,0,0,0,0,0,0,0,1,0,0,1,0,0,0,0,0,1,1,1,1,0,0,0,0,0,0,1,1,0,0,0,0,0,0,1,1,1,0,1,0,0,0
1,1,0,1,0,1,1,0,0,0,1,1,0,0,0,0,0,1,1,0,0,1,0,0,0,0,0,0,0,0,1,0,0,1,0,1,1,1,1,1,0,1,0,1,0,0,0,1,0,0,0,1,0,0,0,0,0,0,0,0,0,0,1,1,1,0,0,0,0,0,0,1,0,1,0,0,0,1,0,0,1,0,0,0,0,1,0,0,1,0,0,0,0,0,0,0,0,0,0,0,0,0,0,0,0,1,0,1,1,0,0,1,0,0,0,0,0,0,0,0,1,0,0,0,0,0,0,0,0,0,0,0,1,0,0,0,0,0,0,0,0,0,0,0,0,0,0,0,0,0,0,0,0,0,0,0,0,0,0,0,0,0,0,0,0,0,0,0,0,0,1,1,1,0,0,0,1,0,0,0,0,0,0,1,1,0,0,0,1,0,0,0,1,0,0,1,1,0,0,0,0,0,0,1,0,1,1,0,0,0,0,0,0,1,0,1,0,1,0,0,0
1,1,0,1,0,1,1,0,0,0,1,1,0,0,0,1,1,1,0,0,0,0,0,0,0,0,0,0,0,0,1,0,0,1,0,1,0,1,1,1,0,1,0,1,0,0,0,1,0,0,0,1,0,0,0,0,1,1,1,0,0,0,1,1,1,0,0,0,1,0,0,1,0,0,0,0,0,0,0,0,0,0,0,0,0,1,1,0,1,0,1,0,0,0,0,0,0,1,0,0,0,0,0,0,0,1,0,0,0,0,0,1,1,1,0,0,0,1,1,0,0,0,0,1,0,0,0,1,1,0,0,0,0,0,0,0,1,0,0,1,0,0,0,0,0,1,1,1,0,1,0,0,0,1,0,0,1,0,0,1,1,0,0,1,0,1,0,0,1,0,1,1,1,1,0,1,1,0,0,0,0,1,0,0,0,0,1,0,0,1,0,1,0,0,0,1,1,1,1,0,0,1,1,0,0,1,1,1,1,1,0,0,0,0,1,0,1,1,0,0,0
0,1,0,1,0,1,1,0,1,0,1,0,0,1,1,0,0,0,0,0,0,0,0,0,0,1,1,1,0,0,1,1,0,1,0,0,0,0,0,1,0,1,0,1,0,0,0,1,0,0,0,1,0,0,0,0,0,1,0,0,0,0,1,1,1,0,0,0,1,0,0,1,0,1,0,0,0,1,0,0,1,0,0,0,0,1,0,0,1,0,1,0,0,0,0,1,0,1,0,0,0,0,0,0,0,1,0,1,1,0,0,1,1,1,0,0,0,1,1,0,1,0,0,1,1,0,0,1,1,0,0,0,1,0,0,0,1,0,0,1,0,1,0,0,0,1,1,1,0,0,1,1,0,1,1,0,0,1,0,1,1,0,1,1,0,1,0,0,1,0,1,1,1,1,0,1,1,0,1,0,0,1,0,1,1,0,1,0,1,0,0,1,0,0,1,0,0,0,0,0,0,1,0,0,0,0,0,0,0,0,0,0,0,0,0,0,0,0,0,0,0
1,1,0,1,0,1,1,0,1,0,1,0,0,1,1,0,0,0,0,0,0,0,0,0,0,1,1,1,1,0,1,1,0,0,0,0,0,0,0,1,0,1,0,1,0,0,0,1,0,0,0,1,0,0,0,0,0,1,0,0,0,0,1,0,0,0,0,0,1,0,0,1,0,1,0,0,0,0,0,0,1,0,0,0,0,0,0,0,1,0,1,0,0,0,0,1,0,1,0,0,0,0,0,0,0,0,0,1,1,0,0,1,1,1,0,0,0,1,1,0,1,0,0,1,1,0,0,1,1,0,0,0,1,0,0,0,1,0,0,1,0,1,0,0,0,1,1,1,0,0,1,1,0,1,1,0,0,1,0,1,1,0,1,1,0,1,0,0,1,0,0,0,0,1,0,1,0,0,1,0,0,1,0,1,1,0,1,0,1,0,0,1,0,0,1,0,1,0,0,0,0,1,0,0,0,0,0,0,0,0,0,0,0,0,0,1,0,0,0,0,0
0,0,0,1,0,1,1,0,0,0,1,1,0,0,0,1,1,1,0,0,0,0,0,0,0,0,0,0,0,0,1,0,0,1,0,0,1,1,1,1,0,1,0,1,0,0,0,1,0,0,0,1,0,0,0,0,1,1,1,0,0,0,1,1,1,0,0,0,1,0,0,1,0,0,0,0,0,0,0,0,0,0,0,0,0,1,1,0,1,0,1,0,0,0,0,0,0,1,0,0,0,0,0,0,0,1,0,0,0,0,0,1,1,1,0,0,0,1,1,0,0,0,0,1,0,0,0,1,1,0,0,0,0,0,0,0,1,0,0,1,0,0,0,0,0,1,1,1,0,1,0,0,0,1,0,0,1,0,0,1,1,0,0,1,0,1,0,0,1,0,0,0,1,1,0,1,1,0,0,0,0,1,0,0,0,0,1,0,0,1,0,1,0,0,0,1,1,1,1,0,0,1,1,0,0,0,1,1,1,1,0,0,0,0,1,0,1,1,0,0,0
1,1,0,1,0,1,1,0,1,0,1,0,0,1,1,0,0,0,0,0,0,0,0,0,0,1,1,1,0,0,1,1,0,0,0,0,0,0,0,1,0,1,0,1,0,0,0,1,0,0,0,1,0,0,0,0,0,1,0,0,0,0,1,0,0,0,0,0,1,0,0,1,0,1,0,0,0,0,0,0,1,0,0,0,0,0,0,0,1,0,1,0,0,0,0,1,0,1,0,0,0,0,0,0,0,0,0,1,1,0,0,1,1,1,0,0,0,1,1,0,1,0,0,1,1,0,0,1,1,0,0,0,1,0,0,0,1,0,0,1,0,1,0,0,0,1,1,1,0,0,1,1,0,1,1,0,0,1,0,1,1,0,1,1,0,1,0,0,1,0,0,0,0,1,0,1,0,0,1,0,0,1,0,1,1,0,1,0,1,0,0,1,0,0,1,0,0,0,0,0,0,1,0,0,0,0,0,0,0,0,0,0,0,0,0,0,0,0,0,0,0
1,1,0,1,0,1,1,0,1,0,1,0,0,1,1,0,0,1,1,0,0,0,0,0,0,1,1,1,1,1,1,1,0,0,0,0,0,0,0,1,0,1,0,1,0,0,0,1,0,0,0,1,0,0,0,0,0,1,0,1,0,0,1,0,0,0,0,0,1,0,0,1,0,1,0,0,0,0,0,0,1,0,0,0,0,0,0,0,1,0,1,0,0,0,0,1,0,1,0,0,0,0,0,0,0,0,0,1,1,0,0,1,1,1,0,0,0,1,1,0,1,0,0,1,1,0,0,1,1,0,0,0,1,0,0,0,1,0,0,1,0,1,0,0,0,1,1,1,0,0,1,1,0,1,1,0,0,1,0,1,1,0,1,1,0,1,0,0,1,0,0,0,0,1,0,1,0,0,1,0,0,1,0,1,1,0,1,0,1,0,0,1,0,0,1,1,1,0,0,0,0,1,0,0,0,0,1,0,0,0,0,0,0,1,0,0,0,0,0,0,0
1,1,0,1,1,1,1,1,1,0,1,0,0,1,1,0,0,0,0,0,0,0,0,0,0,1,1,1,0,0,1,1,0,1,0,0,0,0,0,1,0,1,0,1,0,0,0,1,0,0,0,1,1,0,0,0,0,1,0,0,0,0,1,1,1,0,0,0,1,0,0,1,0,1,0,0,0,0,0,0,1,1,0,1,0,0,0,0,1,0,1,0,0,0,0,1,0,1,0,1,0,0,0,0,0,1,0,1,1,0,0,1,1,1,0,0,0,1,1,0,1,0,1,1,1,0,0,1,1,0,0,0,1,0,0,0,1,0,0,1,0,1,0,0,0,1,1,1,0,0,1,1,0,1,1,0,0,1,0,1,1,0,1,1,0,1,0,0,1,0,1,0,0,1,1,1,0,0,1,0,0,1,0,1,1,0,1,0,1,0,0,1,0,0,1,0,0,0,0,0,0,1,0,0,0,0,0,0,0,0,0,0,0,0,0,0,0,0,0,0,0
1,1,0,1,0,1,1,0,1,0,1,0,0,1,1,0,0,0,0,0,0,0,0,0,0,1,1,1,0,0,1,1,0,0,0,0,0,0,0,1,0,1,0,1,0,0,0,1,0,0,0,1,0,0,0,0,0,1,0,0,0,0,1,0,0,0,0,0,1,0,0,1,0,1,0,0,0,0,0,0,1,0,0,0,0,0,0,0,1,0,1,0,0,0,0,1,0,1,0,0,0,0,0,0,0,0,0,1,1,0,0,1,1,1,0,0,0,1,1,0,1,0,0,1,1,0,0,1,1,0,0,0,1,0,0,0,1,0,0,1,0,1,0,0,0,1,1,1,0,0,1,1,0,1,1,0,0,1,0,1,1,0,1,1,0,1,0,0,1,0,0,0,0,1,0,1,0,0,1,0,0,1,0,1,1,0,1,0,1,0,0,1,0,0,1,1,0,0,0,0,0,1,0,0,0,0,0,0,0,0,0,0,0,0,0,0,0,0,0,0,0
0,1,0,1,0,1,1,0,0,0,1,1,0,0,0,1,1,1,0,0,0,0,0,0,0,0,0,0,0,0,1,0,0,1,0,0,1,1,1,1,0,1,0,1,0,0,0,1,0,0,0,1,0,0,0,0,1,1,1,0,0,0,1,1,1,0,0,0,1,0,0,1,0,0,0,0,0,0,0,0,0,0,0,0,0,1,1,0,1,0,1,0,0,0,0,0,0,1,0,0,0,0,0,0,0,1,0,0,0,0,0,1,1,1,0,0,0,1,1,0,0,0,0,1,0,0,0,1,1,0,0,0,0,0,0,0,1,0,0,1,0,0,0,0,0,1,1,1,0,1,0,0,0,1,0,0,1,0,0,1,1,0,0,1,0,1,0,0,1,0,1,1,1,1,0,1,1,0,0,0,0,1,0,0,0,0,1,0,0,1,0,1,0,0,0,1,1,1,1,0,0,1,1,0,0,0,1,1,1,1,0,0,0,0,1,0,1,1,0,0,0
1,1,1,1,0,1,1,1,0,0,1,1,0,0,0,0,0,1,1,0,0,1,1,1,0,0,0,0,0,0,1,0,0,1,1,1,1,1,1,1,0,1,1,1,0,0,0,1,1,0,0,1,0,0,0,0,1,0,0,0,0,0,1,1,1,0,0,0,1,1,0,1,0,0,0,0,0,1,1,0,1,0,0,0,0,1,1,0,1,0,0,0,0,0,0,1,0,0,0,0,0,0,0,0,0,1,0,1,0,0,0,1,0,0,0,0,0,0,1,0,1,0,0,0,1,0,0,0,0,0,0,0,1,0,0,0,0,0,0,0,0,1,0,0,0,0,0,1,0,0,1,1,1,0,0,0,0,1,0,0,1,0,0,1,0,1,0,1,0,0,1,1,1,0,0,0,1,0,1,0,0,0,0,1,1,0,1,0,1,1,1,0,1,0,0,1,1,1,1,1,1,0,0,1,0,1,1,0,0,0,0,0,0,1,1,1,1,1,1,0,0
0,1,0,1,0,1,1,0,1,0,1,0,0,1,1,0,0,0,0,0,0,0,0,0,0,1,1,1,0,0,1,1,0,0,0,0,0,0,0,1,0,1,0,1,0,0,0,1,0,0,0,1,0,0,0,0,0,1,0,0,0,0,1,0,0,0,0,0,1,0,0,1,0,1,0,0,0,0,0,0,1,0,0,0,0,0,0,0,1,0,1,0,0,0,0,1,0,1,0,0,0,0,0,0,0,0,0,1,1,0,0,1,1,1,0,0,0,1,1,0,1,0,0,1,1,0,0,1,1,0,0,0,1,0,0,0,1,0,0,1,0,1,0,0,0,1,1,1,0,0,1,1,0,1,1,0,0,1,0,1,1,0,1,1,0,1,0,0,1,0,0,0,0,1,0,1,0,0,1,0,0,1,0,1,1,0,1,0,1,0,0,1,0,0,1,0,0,0,0,0,0,1,0,0,0,0,0,0,0,0,0,0,0,0,0,0,0,0,0,0,0
1,1,0,1,0,1,1,0,0,0,1,1,0,0,0,0,0,1,1,0,0,1,0,0,0,0,0,0,0,0,1,0,0,1,0,1,1,1,1,1,0,1,0,1,0,0,0,1,0,0,0,1,0,0,0,0,0,0,0,0,0,0,1,1,1,0,0,0,0,0,0,1,0,1,0,1,0,1,0,0,1,0,0,1,0,1,0,0,1,0,0,0,0,0,0,0,0,0,0,1,0,0,0,0,0,0,0,1,1,0,0,1,0,0,0,0,0,0,0,0,1,0,0,0,0,0,0,0,0,0,0,0,1,0,0,0,0,0,0,0,0,0,0,0,0,0,0,0,0,0,0,0,0,0,0,0,0,0,0,0,0,0,0,0,0,0,0,0,0,0,0,1,0,0,0,0,1,0,0,0,0,0,0,1,1,0,0,0,1,0,0,0,1,0,0,1,1,0,0,0,0,0,0,1,0,1,1,0,0,0,0,0,0,1,0,1,0,1,0,0,0
1,1,0,1,1,1,1,0,1,0,1,0,0,1,1,0,0,0,0,0,0,0,0,0,0,1,1,1,0,0,1,1,0,1,0,0,0,0,0,1,0,1,0,1,0,0,0,1,0,0,0,1,1,0,0,0,0,1,0,0,0,0,1,1,1,0,0,0,1,0,0,1,0,1,0,0,0,0,0,0,1,0,0,0,0,1,0,0,1,0,1,0,0,0,0,1,0,1,0,0,0,0,0,0,0,1,0,1,1,0,0,1,1,1,0,0,0,1,1,0,1,0,1,1,1,0,0,1,1,0,0,0,1,0,0,0,1,0,0,1,0,1,0,0,0,1,1,1,0,0,1,1,0,1,1,0,0,1,0,1,1,0,1,1,1,1,0,0,1,0,1,1,1,1,1,1,0,0,1,0,0,1,0,1,1,0,1,0,1,0,0,1,0,0,1,0,0,0,0,0,0,1,0,0,0,0,0,0,0,0,0,0,0,0,0,0,0,0,0,0,0
1,1,0,1,0,1,1,0,1,0,1,0,0,1,1,0,0,0,0,0,0,0,0,0,0,1,1,1,0,0,1,1,0,0,0,0,0,0,0,1,0,1,0,1,0,0,0,1,0,0,0,1,0,0,0,0,0,1,0,0,0,0,1,0,0,0,0,0,1,0,0,1,0,1,0,0,0,0,0,0,1,0,0,0,0,0,0,0,1,0,1,0,0,0,0,1,0,1,0,0,0,0,0,0,0,0,0,1,1,0,0,1,1,1,0,0,0,1,1,0,1,0,0,1,1,0,0,1,1,0,0,0,1,0,0,0,1,0,0,1,0,1,0,0,0,1,1,1,0,0,1,1,0,1,1,0,0,1,0,1,1,0,1,1,0,1,0,0,1,0,0,0,0,1,0,1,0,0,1,0,0,1,0,1,1,0,1,0,1,0,0,1,0,0,1,0,0,0,0,0,0,1,0,0,0,0,0,0,0,0,0,0,0,0,0,0,0,0,0,0,0
1,1,0,1,0,1,1,0,0,0,1,1,0,0,0,0,0,1,1,0,0,1,0,0,0,0,0,0,0,0,1,0,0,1,1,1,1,1,1,1,0,1,1,1,0,0,0,1,1,0,0,1,0,0,0,0,0,0,0,0,0,0,1,1,1,0,0,0,0,1,0,1,0,0,0,0,0,1,0,0,1,0,0,0,0,1,0,0,1,0,0,0,0,0,0,0,0,0,0,0,0,0,0,0,0,1,0,1,0,0,0,1,0,0,0,0,0,0,0,0,1,0,0,0,1,0,0,0,0,0,0,0,0,0,0,0,0,0,0,0,0,0,0,0,0,0,0,0,0,0,0,0,1,0,0,0,0,0,0,0,0,0,0,0,0,1,0,0,1,0,1,1,1,0,0,0,1,0,1,0,0,0,0,1,1,0,1,0,0,1,0,0,0,0,0,1,1,1,1,0,0,0,0,0,0,1,1,0,0,0,0,0,0,1,1,1,0,1,0,0,0
1,1,0,1,0,1,1,1,0,0,1,0,0,0,0,0,0,1,1,0,0,1,1,0,0,0,0,0,0,0,1,0,0,1,1,1,1,1,1,1,0,1,1,1,0,0,0,1,1,0,0,1,0,0,0,0,1,0,0,0,0,0,1,1,1,0,0,0,1,1,0,1,0,0,0,0,0,1,1,0,1,0,0,0,0,1,1,0,1,0,0,0,0,0,0,0,0,0,0,0,0,0,0,0,0,1,0,1,0,0,0,1,0,0,0,0,0,0,0,0,1,0,0,0,1,0,0,0,0,0,0,0,0,0,0,0,0,0,0,0,0,0,0,0,0,0,0,0,0,0,1,1,1,0,0,0,0,0,0,0,0,0,0,0,0,1,0,1,0,0,1,1,1,0,0,0,1,0,1,0,0,0,0,1,1,0,1,0,0,1,1,0,0,0,0,1,1,1,1,1,1,0,0,0,0,1,1,0,0,0,0,0,0,1,1,1,1,1,1,0,0
1,1,0,1,0,1,1,0,0,0,1,1,0,0,0,1,1,1,0,0,0,0,0,0,0,0,0,0,0,0,1,0,0,1,0,0,1,1,1,1,0,1,0,1,0,0,0,1,0,0,0,1,0,0,0,0,1,1,1,0,0,0,1,1,1,0,0,0,1,0,0,1,0,0,0,0,0,0,0,0,0,0,0,0,0,1,1,0,1,0,1,0,0,0,0,0,0,1,0,0,0,0,0,0,0,1,0,0,0,0,0,1,1,1,0,0,0,1,1,0,0,0,0,1,0,0,0,1,1,0,0,0,0,0,0,0,1,0,0,1,0,0,0,0,0,1,1,1,0,1,0,0,0,1,0,0,1,0,0,1,1,0,0,1,0,1,0,0,1,0,1,1,1,1,0,1,1,0,0,0,0,1,0,0,0,0,1,0,0,1,0,1,0,0,0,1,1,1,1,0,0,1,1,0,0,0,1,1,1,1,0,0,0,0,1,0,1,1,0,0,0
1,1,0,1,0,1,1,0,0,0,1,1,0,0,0,0,0,1,1,0,0,1,1,1,0,0,0,0,0,0,1,0,0,1,1,1,1,1,1,1,0,1,1,1,0,0,0,1,1,0,0,1,0,0,0,0,0,0,0,0,0,0,1,1,1,0,0,0,0,1,0,1,0,0,0,0,0,1,0,0,1,0,0,0,0,1,0,0,1,0,0,0,0,0,0,1,0,0,0,0,0,0,0,0,0,1,0,1,0,0,0,1,0,0,0,0,0,0,1,0,1,0,0,0,1,0,0,0,0,0,0,0,1,0,0,0,0,0,0,0,0,1,0,0,0,0,0,1,0,0,0,0,1,0,0,0,0,1,0,0,1,0,0,1,0,1,0,0,0,0,1,1,1,0,0,0,1,0,1,0,0,0,0,1,1,0,1,0,1,1,0,0,1,0,0,1,1,1,1,0,0,0,0,1,0,1,1,0,0,0,0,0,0,1,1,1,1,1,0,0,0
1,1,0,1,0,1,1,0,0,0,1,1,0,0,0,0,0,1,1,0,0,1,1,1,0,0,0,0,0,0,1,0,0,1,0,1,1,1,1,1,0,1,0,1,0,0,0,1,0,0,0,1,0,0,0,0,0,0,0,0,0,0,1,1,1,0,0,0,0,0,0,1,0,1,0,1,0,1,0,0,1,0,0,1,0,1,0,0,1,0,0,0,0,0,0,1,0,0,0,1,0,0,0,0,0,0,0,1,1,0,0,1,0,0,0,0,0,0,1,0,1,0,0,0,0,0,0,0,0,0,0,0,1,0,0,0,0,0,0,0,0,1,0,0,0,0,0,1,0,0,0,0,0,0,0,0,0,1,0,0,1,0,0,1,0,0,0,0,0,0,0,1,0,0,0,0,1,0,0,0,0,0,0,1,1,0,0,0,1,0,0,0,1,0,0,1,1,0,0,0,0,0,0,1,0,1,1,0,0,0,0,0,0,1,0,1,0,1,0,0,0
1,1,0,1,1,1,1,0,1,0,1,0,0,1,1,0,0,0,0,0,0,0,0,0,0,1,1,1,0,0,1,1,0,1,0,0,0,0,0,1,0,1,0,1,0,0,0,1,0,0,0,1,1,0,0,0,0,1,0,0,0,0,1,1,1,0,0,0,1,0,1,1,0,1,0,0,0,0,0,0,1,0,0,0,1,0,0,1,1,0,1,0,0,1,0,1,0,1,0,0,0,0,1,0,0,1,0,1,1,0,0,1,1,1,0,0,0,1,1,0,1,0,1,1,1,0,0,1,1,0,0,0,1,0,0,0,1,0,0,1,1,1,0,0,0,1,1,1,0,0,1,1,0,1,1,0,0,1,0,1,1,0,1,1,1,1,0,0,1,0,1,0,0,1,1,1,0,0,1,0,0,1,0,1,1,0,1,0,1,0,0,1,0,0,1,0,0,0,0,0,0,1,0,0,0,0,0,0,0,0,0,0,0,0,0,0,0,0,0,0,0
1,1,0,1,0,1,1,0,1,0,1,0,0,1,1,0,0,0,0,0,0,0,0,0,0,1,1,1,0,0,1,1,0,0,0,0,0,0,0,1,0,1,0,1,0,0,0,1,0,0,0,1,0,0,0,0,0,1,0,0,0,0,1,0,0,0,0,0,1,0,0,1,0,1,0,0,0,0,0,0,1,0,0,0,0,0,0,0,1,0,1,0,0,0,0,1,0,1,0,0,0,0,0,0,0,0,0,1,1,0,0,1,1,1,0,0,0,1,1,0,1,0,0,1,1,0,0,1,1,0,0,0,1,0,0,0,1,0,0,1,0,1,0,0,0,1,1,1,0,0,1,1,0,1,1,0,0,1,0,1,1,0,1,1,0,1,0,0,1,0,0,0,0,1,0,1,0,0,1,0,0,1,0,1,1,0,1,0,1,0,0,1,0,0,1,0,0,0,0,0,0,1,0,0,0,0,0,0,0,0,0,0,0,0,0,0,0,0,0,0,0
1,1,0,1,1,1,1,1,1,0,1,0,0,1,1,0,0,0,0,0,0,0,0,0,0,1,1,1,1,0,1,1,0,1,0,0,0,0,1,1,0,1,0,1,0,0,0,1,0,0,0,1,0,1,1,0,0,1,0,0,0,0,1,1,1,0,0,0,1,0,0,1,0,1,0,1,0,0,0,0,1,0,0,1,0,0,0,0,1,0,1,0,0,0,0,1,1,1,0,1,0,0,0,0,0,1,0,1,1,0,0,1,1,1,0,1,1,1,1,0,1,0,0,1,1,0,1,1,1,0,0,0,1,0,0,1,1,0,1,1,0,1,0,1,1,1,1,1,1,0,1,1,0,1,1,0,0,1,0,1,1,0,1,1,0,1,0,0,1,0,1,0,0,1,0,1,1,1,1,0,1,1,0,1,1,0,1,0,1,0,0,1,0,0,1,0,0,0,0,0,0,1,0,0,0,0,0,0,0,0,0,0,0,0,0,0,0,0,0,0,0
1,1,0,1,0,1,0,0,0,0,1,0,0,0,0,0,0,1,1,0,0,1,1,0,0,0,0,0,0,0,1,0,0,0,0,1,1,1,1,0,0,1,0,1,0,0,0,1,0,0,0,1,0,0,0,0,0,0,0,0,0,0,1,0,0,0,0,0,0,0,0,1,0,0,0,0,0,1,0,0,1,0,0,0,0,1,0,0,1,0,0,0,0,0,0,0,0,0,0,0,0,0,0,0,0,0,0,0,0,0,0,1,0,0,0,0,0,0,0,0,1,0,0,0,0,0,0,0,0,0,0,0,0,0,0,0,0,0,0,0,0,0,0,0,0,0,0,0,0,0,0,0,0,0,0,0,0,0,0,0,0,0,0,0,0,0,0,0,0,0,0,1,1,0,0,0,1,0,0,0,0,0,0,1,0,0,0,0,0,0,0,0,0,0,0,1,1,0,0,0,0,0,0,0,0,1,1,0,0,0,0,0,0,1,0,1,0,1,0,0,0
1,1,0,1,0,0,0,0,0,0,1,0,0,0,0,0,0,1,1,0,0,1,1,0,0,0,0,0,0,0,0,0,0,1,0,1,1,1,1,0,0,1,0,0,0,0,0,1,0,0,0,1,0,0,0,0,0,0,0,0,0,0,1,1,1,0,0,0,0,0,0,0,0,0,0,0,0,0,0,0,0,0,0,0,0,0,0,0,1,0,0,0,0,0,0,0,0,0,0,0,0,0,0,0,0,1,0,0,0,0,0,1,0,0,0,0,0,0,0,0,0,0,0,0,0,0,0,0,0,0,0,0,0,0,0,0,0,0,0,0,0,0,0,0,0,0,0,0,0,0,0,0,0,0,0,0,0,0,0,0,0,0,0,0,0,0,0,0,0,0,1,0,0,0,0,0,0,0,0,0,0,0,0,0,0,0,0,0,0,0,0,0,0,0,0,1,1,0,0,0,0,0,0,0,0,1,1,0,0,0,0,0,0,1,0,1,0,1,0,0,0
1,1,0,1,0,0,0,0,0,0,1,1,0,0,0,0,0,1,1,0,0,1,1,0,0,0,0,0,0,0,0,0,0,1,0,1,1,1,1,0,0,1,0,0,0,0,0,1,0,0,0,1,0,0,0,0,0,0,0,0,0,0,1,1,1,0,0,0,0,0,0,0,0,0,0,0,0,0,0,0,0,0,0,0,0,0,0,0,0,0,0,0,0,0,0,0,0,0,0,0,0,0,0,0,0,1,0,0,0,0,0,1,0,0,0,0,0,0,0,0,0,0,0,0,0,0,0,0,0,0,0,0,0,0,0,0,0,0,0,0,0,0,0,0,0,0,0,0,0,0,0,0,0,0,0,0,0,0,0,0,0,0,0,0,0,0,0,0,0,0,1,0,0,0,0,0,0,0,0,0,0,0,0,0,0,0,0,0,0,0,0,0,0,0,0,1,1,0,0,0,0,0,0,0,0,1,1,0,0,0,0,0,0,1,0,1,0,1,0,0,0
0,1,0,1,0,1,1,0,1,0,1,0,0,1,1,0,0,0,0,0,0,0,0,0,0,1,1,1,0,0,1,1,0,0,0,0,0,0,0,1,0,1,0,1,0,0,0,1,0,0,0,1,0,0,0,0,0,1,0,0,0,0,1,0,0,0,0,0,1,0,0,1,0,1,0,0,0,0,0,0,1,0,0,0,0,0,0,0,1,0,1,0,0,0,0,1,0,1,0,0,0,0,0,0,0,0,0,1,1,0,0,1,1,1,0,0,0,1,1,0,1,0,0,1,1,0,0,1,1,0,0,0,1,0,0,0,1,0,0,1,0,1,0,0,0,1,1,1,0,0,1,1,0,1,1,0,0,1,0,1,1,0,1,1,0,1,0,0,1,0,0,0,0,1,0,1,0,0,1,0,0,1,0,1,1,0,1,0,1,0,0,1,0,0,1,0,0,0,0,0,0,1,0,0,0,0,0,0,0,0,0,0,0,0,0,0,0,0,0,0,0
1,1,1,1,0,1,1,1,0,0,1,0,0,0,0,0,0,1,1,0,0,1,1,0,0,0,0,0,0,0,1,0,0,1,0,1,1,1,1,1,0,1,1,1,0,0,0,1,1,0,0,1,0,0,0,0,1,0,0,0,0,0,1,1,1,0,0,0,1,0,0,1,0,0,0,0,0,1,1,0,1,0,0,0,0,1,1,0,1,0,0,0,0,0,0,0,0,0,0,0,0,0,0,0,0,1,0,1,0,0,0,1,0,0,0,0,0,0,0,0,1,0,0,0,1,0,0,0,0,0,0,0,0,0,0,0,0,0,0,0,0,0,0,0,0,0,0,0,0,0,1,1,0,0,0,0,0,0,0,0,0,0,0,0,0,1,0,1,0,0,1,1,1,0,0,0,1,0,1,0,0,0,0,1,1,0,1,0,0,1,1,0,0,0,0,1,1,1,1,1,1,0,0,0,0,1,1,0,0,0,0,0,0,1,1,1,1,1,1,0,0
1,1,0,1,0,1,1,0,1,0,1,0,0,1,1,0,0,0,0,0,0,0,0,0,0,1,1,1,0,0,1,1,0,0,0,0,0,0,0,1,0,1,0,1,0,0,0,1,0,0,0,1,0,0,0,0,0,1,0,0,0,0,1,0,0,0,0,0,1,0,0,1,0,1,0,0,0,0,0,0,1,0,0,0,0,0,0,0,1,0,1,0,0,0,0,1,0,1,0,0,0,0,0,0,0,0,0,1,1,0,0,1,1,1,0,0,0,1,1,0,1,0,0,1,1,0,0,1,1,0,0,0,1,0,0,0,1,0,0,1,0,1,0,0,0,1,1,1,0,0,1,1,0,1,1,0,0,1,0,1,1,0,1,1,0,1,0,0,1,0,0,0,0,1,0,1,0,0,1,0,0,1,0,1,1,0,1,0,1,0,0,1,0,0,1,1,0,0,0,0,0,1,0,0,0,0,0,0,0,0,0,0,0,0,0,0,0,0,0,0,0
1,1,1,1,0,1,0,0,0,0,1,1,0,0,0,0,0,1,1,0,0,1,1,1,0,0,0,0,0,0,1,0,0,0,0,1,1,1,1,0,0,1,0,1,0,0,0,1,0,0,0,1,0,0,0,0,0,0,0,0,0,0,1,0,0,0,0,0,0,0,0,1,0,0,0,0,0,1,0,0,1,0,0,0,0,1,0,0,1,0,0,0,0,0,0,0,0,0,0,0,0,0,0,0,0,0,0,0,0,0,0,1,0,0,0,0,0,0,0,0,1,0,0,0,0,0,0,0,0,0,0,0,0,0,0,0,0,0,0,0,0,0,0,0,0,0,0,0,0,0,0,0,0,0,0,0,0,0,0,0,0,0,0,0,0,0,0,0,0,0,0,1,1,0,0,0,1,0,0,0,0,0,0,1,1,0,0,0,0,0,0,0,0,0,0,1,1,0,0,0,0,0,0,0,0,1,1,0,0,0,0,0,0,1,0,1,0,1,0,0,0
1,1,0,1,0,1,0,0,0,0,1,1,0,0,0,0,0,1,1,0,0,1,1,0,0,0,0,0,0,0,1,0,0,0,0,1,1,1,1,0,0,1,0,1,0,0,0,1,0,0,0,1,0,0,0,0,0,0,0,0,0,0,1,0,0,0,0,0,0,0,0,1,0,0,0,0,0,1,0,0,1,0,0,0,0,1,0,0,1,0,0,0,0,0,0,0,0,0,0,0,0,0,0,0,0,0,0,0,0,0,0,1,0,0,0,0,0,0,0,0,1,0,0,0,0,0,0,0,0,0,0,0,0,0,0,0,0,0,0,0,0,0,0,0,0,0,0,0,0,0,0,0,0,0,0,0,0,0,0,0,0,0,0,0,0,0,0,0,0,0,0,1,1,0,0,0,1,0,0,0,0,0,0,1,0,0,0,0,0,0,0,0,0,0,0,1,1,0,0,0,0,0,0,0,0,1,1,0,0,0,0,0,0,1,0,1,0,1,0,0,0
0,1,0,1,0,1,1,0,1,0,1,0,0,1,1,0,0,0,0,0,0,0,0,0,0,1,1,1,0,0,1,1,0,0,0,0,0,0,0,1,0,1,0,1,0,0,0,1,0,0,0,1,0,0,0,0,0,1,0,0,0,0,1,0,0,0,0,0,1,0,0,1,0,1,0,0,0,0,0,0,1,0,0,0,0,0,0,0,1,0,1,0,0,0,0,1,0,1,0,0,0,0,0,0,0,0,0,1,1,0,0,1,1,1,0,0,0,1,1,0,1,0,0,1,1,0,0,1,1,0,0,0,1,0,0,0,1,0,0,1,0,1,0,0,0,1,1,1,0,0,1,1,0,1,1,0,0,1,0,1,1,0,1,1,0,1,0,0,1,0,0,0,0,1,0,1,0,0,1,0,0,1,0,1,1,0,1,0,1,0,0,1,0,0,1,0,0,0,0,0,0,1,0,0,0,0,0,0,0,0,0,0,0,0,0,0,0,0,0,0,0
1,1,0,1,0,1,1,0,0,0,1,0,0,0,0,0,0,1,1,0,0,1,1,0,0,0,0,0,0,0,1,0,0,1,1,1,1,1,1,1,0,1,1,1,0,0,0,1,1,0,0,1,0,0,0,0,0,0,0,0,0,0,1,1,1,0,0,0,0,1,0,1,0,0,0,0,0,1,0,0,1,0,0,0,0,1,0,0,1,0,0,0,0,0,0,0,0,0,0,0,0,0,0,0,0,1,0,1,0,0,0,1,0,0,0,0,0,0,0,0,1,0,0,0,1,0,0,0,0,0,0,0,0,0,0,0,0,0,0,0,0,0,0,0,0,0,0,0,0,0,0,0,1,0,0,0,0,0,0,0,0,0,0,0,0,1,0,1,0,0,1,1,1,0,0,0,1,0,1,0,0,0,0,1,1,0,1,0,0,1,1,0,0,0,0,1,1,1,1,0,1,0,0,0,0,1,1,0,0,0,0,0,0,1,1,1,1,1,1,0,0
1,1,0,1,0,1,0,0,0,0,1,0,0,0,0,0,0,1,1,0,0,1,0,0,0,0,0,0,0,0,1,0,0,1,0,1,1,1,1,0,0,1,0,1,0,0,0,1,0,0,0,1,0,0,0,0,0,0,0,0,0,0,1,1,1,0,0,0,0,0,0,1,0,0,0,0,0,1,0,0,1,0,0,0,0,1,0,0,1,0,0,0,0,0,0,0,0,0,0,0,0,0,0,0,0,1,0,1,0,0,0,1,0,0,0,0,0,0,0,0,1,0,0,0,0,0,0,0,0,0,0,0,0,0,0,0,0,0,0,0,0,0,0,0,0,0,0,0,0,0,0,0,0,0,0,0,0,0,0,0,0,0,0,0,0,0,0,0,0,0,1,1,1,0,0,0,1,0,0,0,0,0,0,1,1,0,0,0,0,0,0,0,0,0,0,1,1,0,0,0,0,0,0,0,0,1,1,0,0,0,0,0,0,1,0,1,0,1,0,0,0
1,1,0,1,0,0,0,0,0,0,1,1,0,0,0,0,0,1,1,0,0,1,0,0,0,0,0,0,0,0,0,0,0,0,0,1,1,1,1,0,0,1,0,0,0,0,0,1,0,0,0,1,0,0,0,0,0,0,0,0,0,0,1,0,0,0,0,0,0,0,0,0,0,0,0,0,0,0,0,0,0,0,0,0,0,0,0,0,0,0,0,0,0,0,0,0,0,0,0,0,0,0,0,0,0,0,0,0,0,0,0,1,0,0,0,0,0,0,0,0,0,0,0,0,0,0,0,0,0,0,0,0,0,0,0,0,0,0,0,0,0,0,0,0,0,0,0,0,0,0,0,0,0,0,0,0,0,0,0,0,0,0,0,0,0,0,0,0,0,0,0,0,0,0,0,0,0,0,0,0,0,0,0,0,0,0,0,0,0,0,0,0,0,0,0,1,1,0,0,0,0,0,0,0,0,1,1,0,0,0,0,0,0,1,0,1,0,1,0,0,0
1,1,0,0,0,1,1,0,0,0,1,0,0,0,0,0,0,1,1,0,0,1,0,0,0,0,0,0,0,0,1,0,0,0,0,1,1,1,1,1,0,1,1,1,0,0,0,1,1,0,0,1,0,0,0,0,0,0,0,0,0,0,1,0,0,0,0,0,1,0,0,1,0,0,0,0,0,0,0,0,0,0,0,0,0,1,0,0,1,0,0,0,0,0,0,0,0,0,0,0,0,0,0,0,0,0,0,0,0,0,0,1,0,0,0,0,0,0,0,0,0,0,0,0,0,0,0,0,0,0,0,0,0,0,0,0,0,0,0,0,0,0,0,0,0,0,0,0,0,0,0,0,0,0,0,0,0,0,0,0,0,0,0,0,0,1,0,0,1,0,0,1,1,0,0,0,0,0,0,0,0,0,0,0,0,0,1,0,0,1,0,0,0,0,0,1,1,1,1,0,0,0,0,0,0,1,1,0,0,0,0,0,0,1,1,1,0,1,0,0,0
1,1,0,1,0,1,0,0,0,0,1,1,0,0,0,0,0,1,1,0,0,1,0,0,0,0,0,0,0,0,1,0,0,0,0,1,1,1,1,0,0,1,0,1,0,0,0,1,0,0,0,1,0,0,0,0,0,0,0,0,0,0,1,0,0,0,0,0,0,0,0,1,0,0,0,0,0,1,0,0,1,0,0,0,0,1,0,0,0,0,0,0,0,0,0,0,0,0,0,0,0,0,0,0,0,0,0,0,0,0,0,1,0,0,0,0,0,0,0,0,0,0,0,0,0,0,0,0,0,0,0,0,0,0,0,0,0,0,0,0,0,0,0,0,0,0,0,0,0,0,0,0,0,0,0,0,0,0,0,0,0,0,0,0,0,0,0,0,0,0,0,1,1,0,0,0,1,0,0,0,0,0,0,0,0,0,0,0,0,0,0,0,0,0,0,1,1,0,0,0,0,0,0,0,0,1,1,0,0,0,0,0,0,1,0,1,0,1,0,0,0
1,1,0,1,0,1,1,0,0,0,1,0,0,0,0,0,0,1,1,0,0,1,0,0,0,0,0,0,0,0,1,0,0,1,0,1,1,1,1,1,0,1,0,1,0,0,0,1,0,0,0,1,0,0,0,0,0,0,0,0,0,0,1,1,1,0,0,0,0,0,0,1,0,1,0,0,0,1,0,0,1,0,0,0,0,1,0,0,1,0,0,0,0,0,0,0,0,0,0,0,0,0,0,0,0,1,0,1,1,0,0,1,0,0,0,0,0,0,0,0,1,0,0,0,0,0,0,0,0,0,0,0,1,0,0,0,0,0,0,0,0,0,0,0,0,0,0,0,0,0,0,0,0,0,0,0,0,0,0,0,0,0,0,0,0,0,0,0,0,0,1,1,1,0,0,0,1,0,0,0,0,0,0,1,1,0,0,0,1,0,0,0,1,0,0,1,1,0,0,0,0,0,0,1,0,1,1,0,0,0,0,0,0,1,0,1,0,1,0,0,0
1,1,0,1,0,1,0,0,0,0,1,1,0,0,0,0,0,1,1,0,0,1,1,0,0,0,0,0,0,0,1,0,0,1,0,1,1,1,1,0,0,1,0,1,0,0,0,1,0,0,0,1,0,0,0,0,0,0,0,0,0,0,1,1,1,0,0,0,0,0,0,1,0,0,0,0,0,1,0,0,1,0,0,0,0,1,0,0,0,0,0,0,0,0,0,0,0,0,0,0,0,0,0,0,0,1,0,0,0,0,0,1,0,0,0,0,0,0,0,0,0,0,0,0,0,0,0,0,0,0,0,0,0,0,0,0,0,0,0,0,0,0,0,0,0,0,0,0,0,0,0,0,0,0,0,0,0,0,0,0,0,0,0,0,0,0,0,0,0,0,1,1,1,0,0,0,1,0,0,0,0,0,0,0,0,0,0,0,0,0,0,0,0,0,0,1,1,0,0,0,0,0,0,0,0,1,1,0,0,0,0,0,0,1,0,1,0,1,0,0,0
1,1,0,1,0,1,0,0,0,0,1,1,0,0,0,0,0,1,1,0,0,1,1,0,0,0,0,0,0,0,1,0,0,0,0,1,1,1,1,0,0,1,0,1,0,0,0,1,0,0,0,1,0,0,0,0,0,0,0,0,0,0,1,0,0,0,0,0,0,0,0,1,0,0,0,0,0,1,0,0,1,0,0,0,0,1,0,0,0,0,0,0,0,0,0,0,0,0,0,0,0,0,0,0,0,0,0,0,0,0,0,1,0,0,0,0,0,0,0,0,0,0,0,0,0,0,0,0,0,0,0,0,0,0,0,0,0,0,0,0,0,0,0,0,0,0,0,0,0,0,0,0,0,0,0,0,0,0,0,0,0,0,0,0,0,0,0,0,0,0,0,1,1,0,0,0,1,0,0,0,0,0,0,0,0,0,0,0,0,0,0,0,0,0,0,1,1,0,0,0,0,0,0,0,0,1,1,0,0,0,0,0,0,1,0,1,0,1,0,0,0
1,1,0,1,0,1,0,0,0,0,1,1,0,0,0,0,0,1,1,0,0,1,1,0,0,0,0,0,0,0,1,0,0,0,0,1,1,1,1,0,0,1,0,1,0,0,0,1,0,0,0,1,0,0,0,0,0,0,0,0,0,0,1,0,0,0,0,0,0,0,0,1,0,0,0,0,0,1,0,0,1,0,0,0,0,1,0,0,0,0,0,0,0,0,0,0,0,0,0,0,0,0,0,0,0,0,0,0,0,0,0,1,0,0,0,0,0,0,0,0,0,0,0,0,0,0,0,0,0,0,0,0,0,0,0,0,0,0,0,0,0,0,0,0,0,0,0,0,0,0,0,0,0,0,0,0,0,0,0,0,0,0,0,0,0,0,0,0,0,0,0,1,1,0,0,0,1,0,0,0,0,0,0,0,0,0,0,0,0,0,0,0,0,0,0,1,1,0,0,0,0,0,0,0,0,1,1,0,0,0,0,0,0,1,0,1,0,1,0,0,0
0,1,0,1,0,1,1,0,0,0,1,1,0,0,0,1,1,1,0,0,0,0,0,0,0,0,0,0,0,0,1,0,0,1,0,0,1,1,1,1,0,1,0,1,0,0,0,1,0,0,0,1,0,0,0,0,1,1,1,0,0,0,1,1,1,0,0,0,1,0,0,1,0,0,0,0,0,0,0,0,0,0,0,0,0,1,1,0,1,0,1,0,0,0,0,0,0,1,0,0,0,0,0,0,0,1,0,0,0,0,0,1,1,1,0,0,0,1,1,0,0,0,0,1,0,0,0,1,1,0,0,0,0,0,0,0,1,0,0,1,0,0,0,0,0,1,1,1,0,1,0,0,0,1,0,0,1,0,0,1,1,0,0,1,0,1,0,0,1,0,1,1,1,1,0,1,1,0,0,0,0,1,0,0,0,0,1,0,0,1,0,1,0,0,0,1,1,1,1,0,0,1,1,0,0,0,1,1,1,1,0,0,0,0,1,0,1,1,0,0,0
1,1,0,1,0,1,1,0,1,0,1,0,0,1,1,0,0,0,0,0,0,0,0,0,0,1,1,1,1,0,1,1,0,0,0,0,0,0,0,1,0,1,0,1,0,0,0,1,0,0,0,1,0,0,0,0,0,1,0,0,0,0,1,0,0,0,0,0,1,0,0,1,0,1,0,0,0,0,0,0,1,0,0,0,0,0,0,0,1,0,1,0,0,0,0,1,0,1,0,0,0,0,0,0,0,0,0,1,1,0,0,1,1,1,0,0,0,1,1,0,1,0,0,1,1,0,0,1,1,0,0,0,1,0,0,0,1,0,0,1,0,1,0,0,0,1,1,1,0,0,1,1,0,1,1,0,0,1,0,1,1,0,1,1,0,1,0,0,1,0,0,0,0,1,0,1,0,0,1,0,0,1,0,1,1,0,1,0,1,0,0,1,0,0,1,0,0,0,0,0,0,1,0,0,0,0,0,0,0,0,0,0,0,1,0,0,0,0,0,0,0
1,1,0,1,0,1,0,0,0,0,1,1,0,0,0,0,0,1,1,0,0,1,1,0,0,0,0,0,0,0,1,0,0,1,0,1,1,1,1,0,0,1,0,0,0,0,0,1,1,0,0,1,0,0,0,0,0,0,0,0,0,0,1,1,1,0,0,0,0,0,0,1,0,0,0,0,0,0,0,0,0,0,0,0,0,1,0,0,0,0,0,0,0,0,0,0,0,0,0,0,0,0,0,0,0,1,0,0,0,0,0,1,0,0,0,0,0,0,0,0,0,0,0,0,0,0,0,0,0,0,0,0,0,0,0,0,0,0,0,0,0,0,0,0,0,0,0,0,0,0,0,0,0,0,0,0,0,0,0,0,0,0,0,0,0,0,0,0,0,0,1,1,1,0,0,0,0,0,0,0,0,0,0,0,0,0,0,0,0,0,0,0,0,0,0,1,1,0,0,0,0,0,0,0,0,1,1,0,0,0,0,0,0,1,0,1,0,1,0,0,0
1,1,0,1,0,1,1,1,0,0,1,1,0,0,0,0,0,1,1,0,0,1,1,0,0,0,0,0,0,0,1,0,0,1,1,1,1,1,1,1,0,1,1,1,0,0,0,1,1,0,0,1,0,0,0,0,1,0,0,0,0,0,1,1,1,0,0,0,1,1,0,1,0,0,0,0,0,1,1,0,1,0,0,0,0,1,1,0,1,0,0,0,0,0,0,0,0,0,0,0,0,0,0,0,0,1,0,1,0,0,0,1,0,0,0,0,0,0,0,0,1,0,0,0,1,0,0,0,0,0,0,0,0,0,0,0,0,0,0,0,0,0,0,0,0,0,0,0,0,0,1,1,1,0,0,0,0,0,0,0,0,0,0,0,0,1,0,1,0,0,1,1,1,0,0,0,1,0,1,0,0,0,0,1,1,0,1,0,0,1,1,0,0,0,0,1,1,1,1,1,1,0,0,0,0,1,1,0,0,0,0,0,0,1,1,1,1,1,1,0,0
1,1,0,1,1,1,1,0,1,0,1,0,0,1,1,0,0,0,0,0,0,0,0,0,0,1,1,1,0,0,1,1,0,1,0,0,0,0,0,1,0,1,0,1,0,0,0,1,0,0,0,1,1,0,0,0,0,1,0,0,0,0,1,1,1,0,0,0,1,0,1,1,0,1,0,0,0,0,0,0,1,0,1,0,1,0,0,1,1,0,1,0,0,1,0,1,0,1,0,0,0,0,1,0,0,1,0,1,1,0,0,1,1,1,0,0,0,1,1,0,1,0,0,1,1,0,0,1,1,0,0,0,1,0,0,0,1,0,0,1,1,1,0,0,0,1,1,1,0,0,1,1,0,1,1,0,0,1,0,1,1,0,1,1,0,1,0,0,1,0,1,0,0,1,0,1,0,0,1,0,0,1,0,1,1,0,1,0,1,0,0,1,0,0,1,0,0,0,0,0,0,1,0,0,0,0,0,0,0,0,0,0,0,0,0,0,0,0,0,0,0
1,1,0,1,0,1,1,0,0,0,1,1,0,0,0,1,1,1,0,0,0,0,0,0,0,0,0,0,0,0,1,0,0,1,0,1,0,1,1,1,0,1,0,1,0,0,0,1,0,0,0,1,0,0,0,0,1,1,1,0,0,0,1,1,1,0,0,0,1,0,0,1,0,0,0,0,0,0,0,0,0,0,0,0,0,1,1,0,1,0,1,0,0,0,0,0,0,1,0,0,0,0,0,0,0,1,0,0,0,0,0,1,1,1,0,0,0,1,1,0,0,0,0,1,0,0,0,1,1,0,0,0,0,0,0,0,1,0,0,1,0,0,0,0,0,1,1,1,0,1,0,0,0,1,0,0,1,0,0,1,1,0,0,1,0,1,0,0,1,0,1,1,1,1,0,1,1,0,0,0,0,1,0,0,0,0,1,0,0,1,0,1,0,0,0,1,1,1,1,0,0,1,1,0,0,1,1,1,1,1,0,0,0,0,1,0,1,1,0,0,0
0,1,0,1,0,1,1,0,0,0,1,1,0,0,0,1,1,1,0,0,0,0,0,0,0,0,0,0,0,0,1,0,0,1,0,0,1,1,1,1,0,1,0,1,0,0,0,1,0,0,0,1,0,0,0,0,1,1,1,0,0,0,1,1,1,0,0,0,1,0,0,1,0,0,0,0,0,0,0,0,0,0,0,0,0,1,1,0,1,0,1,0,0,0,0,0,0,1,0,0,0,0,0,0,0,1,0,0,0,0,0,1,1,1,0,0,0,1,1,0,0,0,0,1,0,0,0,1,1,0,0,0,0,0,0,0,1,0,0,1,0,0,0,0,0,1,1,1,0,1,0,0,0,1,0,0,1,0,0,1,1,0,0,1,0,1,0,0,1,0,1,1,1,1,0,1,1,0,0,0,0,1,0,0,0,0,1,0,0,1,0,1,0,0,0,1,1,1,1,0,0,1,1,0,0,0,1,1,1,1,0,0,0,0,1,0,1,1,0,0,0
1,1,0,0,0,1,1,0,0,0,1,0,0,0,0,0,0,1,1,0,0,1,0,0,0,0,0,0,0,0,1,0,0,0,1,1,1,1,1,1,0,1,1,1,0,0,0,1,1,0,0,1,0,0,0,0,0,0,0,0,0,0,1,0,0,0,0,0,1,1,0,0,0,0,0,0,0,0,0,0,0,0,0,0,0,0,0,0,1,0,0,0,0,0,0,0,0,0,0,0,0,0,0,0,0,0,0,0,0,0,0,1,0,0,0,0,0,0,0,0,0,0,0,0,0,1,0,0,0,0,0,0,0,0,0,0,0,0,0,0,0,0,0,0,0,0,0,0,0,0,0,0,1,0,0,0,0,0,0,0,0,0,0,0,0,1,0,0,1,0,0,0,0,0,0,0,0,0,0,1,0,0,0,0,0,0,1,0,0,1,0,0,0,0,0,1,1,1,1,0,0,0,0,0,0,1,1,0,0,0,0,0,0,1,1,1,1,1,0,0,1
1,1,0,0,0,1,0,0,0,0,1,1,0,0,0,0,0,1,1,0,0,1,0,0,0,0,0,0,0,0,1,0,0,0,0,1,1,1,1,1,0,1,1,1,0,0,0,1,1,0,0,1,0,0,0,0,0,0,0,0,0,0,1,0,0,0,0,0,1,0,0,0,0,0,0,0,0,0,0,0,0,0,0,0,0,0,0,0,0,0,0,0,0,0,0,0,0,0,0,0,0,0,0,0,0,0,0,0,0,0,0,1,0,0,0,0,0,0,0,0,0,0,0,0,0,0,0,0,0,0,0,0,0,0,0,0,0,0,0,0,0,0,0,0,0,0,0,0,0,0,0,0,0,0,0,0,0,0,0,0,0,0,0,0,0,1,0,0,1,0,0,0,0,0,0,0,0,0,0,0,0,0,0,0,0,0,1,0,0,1,0,0,0,0,0,1,1,1,1,0,0,0,0,0,0,1,1,0,0,0,0,0,0,1,1,1,0,1,0,0,0
0,0,0,1,0,1,1,0,0,0,1,0,1,1,1,0,0,0,0,0,0,0,0,0,0,0,0,0,0,0,1,0,0,1,0,1,0,0,1,1,0,1,1,1,0,0,0,1,1,0,0,1,0,1,1,0,1,1,1,0,0,0,1,1,1,0,0,0,1,0,0,1,0,0,0,1,0,0,0,0,0,0,0,1,0,1,1,0,1,0,1,0,0,0,0,0,1,1,0,1,0,0,0,0,0,1,0,0,0,0,0,1,1,1,0,1,1,1,1,0,0,0,0,1,0,0,0,1,1,0,0,0,0,0,0,1,1,0,0,1,0,0,0,1,0,1,1,1,0,1,1,0,0,1,0,0,1,0,0,1,1,0,0,1,0,1,0,0,1,0,0,0,1,1,0,1,1,1,0,0,1,1,0,0,0,0,1,1,0,1,1,1,0,0,0,1,1,1,1,1,1,1,1,0,0,1,1,0,1,0,0,1,0,0,0,0,1,0,0,1,0
0,0,0,1,0,1,1,0,0,0,1,0,1,1,1,0,0,0,0,0,0,0,0,0,0,0,0,0,0,0,1,0,0,1,0,1,0,0,1,1,0,1,1,1,0,0,0,1,1,0,0,1,0,1,1,0,1,1,1,0,0,0,1,1,1,0,0,0,1,0,0,1,0,0,0,1,0,0,0,0,0,0,0,1,0,1,1,0,1,0,1,0,0,0,0,0,1,1,0,1,0,0,0,0,0,1,0,0,0,0,0,1,1,1,0,1,1,1,1,0,0,0,0,1,0,0,0,1,1,0,0,0,0,0,0,1,1,0,0,1,0,0,0,1,0,1,1,1,0,1,1,0,0,1,0,0,1,0,0,1,1,0,0,1,0,1,0,0,1,0,1,1,1,1,0,1,1,1,0,0,1,1,0,0,0,0,1,1,0,1,1,1,0,0,0,1,1,1,1,1,1,1,1,0,0,1,1,0,1,0,0,1,0,0,0,0,1,0,0,1,0
1,1,1,1,1,0,0,0,0,0,0,0,0,0,0,1,1,1,1,1,1,1,1,1,1,1,1,1,1,1,0,0,0,1,0,0,0,0,1,0,0,1,0,0,1,1,0,1,0,0,0,1,0,1,1,0,0,0,0,1,1,1,1,1,1,1,0,1,0,0,1,0,1,0,0,1,0,0,0,1,0,0,0,1,0,0,0,1,1,1,0,1,0,0,0,0,1,0,0,1,0,1,0,0,1,1,1,0,0,1,1,1,0,0,0,1,1,0,1,0,0,1,0,0,0,0,0,0,0,0,1,1,0,0,0,1,0,0,1,0,0,0,0,1,1,0,0,1,0,0,0,0,0,0,0,1,0,0,0,0,1,0,0,1,0,0,0,0,0,0,1,0,0,0,0,0,1,1,0,0,1,0,0,0,0,0,0,0,0,0,0,0,0,0,0,1,1,0,0,0,0,0,0,0,0,0,0,0,0,0,0,1,0,0,0,0,0,0,0,1,0
0,1,0,1,0,1,1,0,0,0,1,0,1,1,1,0,0,1,1,0,0,0,0,0,0,0,1,0,0,0,1,0,0,1,0,1,0,0,1,1,0,1,1,1,0,0,0,1,1,0,0,1,0,1,1,0,1,1,1,0,0,0,1,1,1,0,0,0,1,0,0,1,0,0,0,1,0,0,0,0,0,0,0,1,0,1,1,0,1,0,1,0,0,0,0,0,1,1,0,1,0,0,0,0,0,0,0,0,0,0,0,1,1,1,0,1,1,1,1,0,0,0,0,1,0,0,0,1,1,0,0,0,0,0,0,1,1,0,0,1,0,0,0,1,0,1,1,1,0,1,1,0,0,1,0,0,1,0,0,1,1,0,0,1,0,1,0,0,1,0,1,1,0,1,0,1,1,1,0,0,1,1,0,0,0,0,1,1,0,1,1,1,0,0,0,1,1,1,1,1,1,1,1,0,0,1,1,0,1,0,0,1,0,0,0,0,1,0,0,1,0
0,1,0,1,0,1,1,0,0,0,1,0,1,1,1,0,0,0,0,0,0,0,0,0,0,0,0,0,0,0,1,0,0,1,0,1,0,0,1,1,0,1,0,1,0,0,0,1,0,0,0,1,1,1,1,0,1,1,1,0,0,0,1,1,1,0,0,0,1,0,0,1,0,0,0,1,0,0,0,0,0,0,0,1,0,1,1,0,1,0,1,0,0,0,0,0,1,1,0,1,0,0,0,0,0,1,0,0,0,0,0,1,1,1,0,1,1,1,1,0,0,0,1,1,0,0,0,1,1,0,0,0,0,0,0,1,1,0,0,1,0,0,0,1,0,1,1,1,0,1,0,0,0,1,0,0,1,0,0,1,1,0,0,1,1,1,0,0,1,0,1,1,1,1,1,1,1,1,0,0,1,1,0,0,0,1,1,1,0,1,0,1,0,0,0,1,1,1,1,0,0,1,0,0,0,1,1,0,1,0,0,1,0,0,0,0,1,0,0,1,0
0,1,0,1,0,1,1,0,0,0,1,0,1,1,1,0,0,1,1,0,0,0,0,0,0,0,1,0,0,0,1,0,0,1,0,1,1,0,1,1,0,1,1,1,0,0,0,1,1,0,0,1,0,1,1,0,1,1,1,0,0,0,1,1,1,0,0,0,1,0,0,1,0,0,0,1,0,0,0,0,0,0,0,1,0,1,1,0,1,0,1,0,0,0,0,0,1,1,0,1,0,0,0,0,0,0,0,0,0,0,0,1,1,1,0,1,1,1,1,0,0,0,0,1,0,0,0,1,1,0,0,0,0,0,0,1,1,0,0,1,0,0,0,1,0,1,1,1,0,1,1,0,0,1,0,0,1,0,0,1,1,0,0,1,0,1,0,0,1,0,1,1,0,1,0,1,1,1,0,0,1,1,0,0,0,0,1,1,0,1,1,1,0,0,0,1,1,1,1,1,1,1,1,0,0,1,1,0,1,0,0,1,0,0,0,0,1,0,0,1,0
0,0,0,0,0,1,1,1,0,0,1,0,0,1,1,0,0,0,0,0,0,0,0,0,0,0,0,0,0,0,1,0,0,1,0,1,0,0,0,1,0,1,1,1,0,0,0,1,1,0,0,1,0,0,0,0,1,1,1,0,0,0,0,1,1,0,0,0,1,0,0,1,0,0,0,0,0,0,0,0,0,0,0,0,0,1,1,0,0,0,1,0,0,0,0,0,0,1,0,0,0,0,0,0,0,1,0,0,0,0,0,1,1,1,0,0,0,1,0,0,0,0,0,1,0,0,0,1,1,0,0,0,0,0,0,0,1,0,0,1,0,0,0,0,0,1,1,0,0,1,1,0,0,1,1,0,1,0,0,1,0,0,1,0,0,1,0,0,1,0,1,1,1,1,0,1,0,0,0,0,0,1,0,0,0,0,1,0,0,1,1,0,0,0,0,1,1,1,1,1,1,0,0,0,0,1,1,0,1,0,1,0,0,0,0,0,1,0,1,0,0
0,1,0,0,0,1,1,1,0,0,1,0,0,1,1,0,0,1,1,0,0,0,0,0,0,0,1,0,0,0,1,0,0,1,0,1,0,0,1,1,0,0,1,1,0,0,0,0,1,0,0,1,0,1,1,0,1,1,1,0,0,0,0,1,1,0,0,0,1,0,0,1,0,0,0,1,0,0,0,0,0,0,0,1,0,1,1,0,1,0,1,0,0,0,0,0,1,1,0,1,0,0,0,0,0,0,0,0,0,0,0,0,1,1,0,1,1,1,1,0,0,0,0,1,0,0,0,1,1,0,0,0,0,0,0,1,1,0,0,1,0,0,0,1,0,1,1,1,0,1,1,0,0,1,1,0,1,0,0,1,1,0,1,1,0,1,0,0,1,0,1,1,0,1,0,1,0,1,0,0,1,1,0,0,0,0,1,0,0,1,1,0,0,0,0,1,1,1,1,1,1,0,0,0,0,1,1,0,1,0,1,1,0,0,0,0,1,0,1,1,0
0,1,0,0,0,1,1,1,0,0,1,0,0,1,1,0,0,1,1,0,0,0,0,0,0,0,1,0,0,0,1,0,0,1,0,1,1,0,1,1,0,0,1,1,0,0,0,0,1,0,0,1,0,1,1,0,1,1,1,0,0,0,0,1,1,0,0,0,1,0,0,1,0,0,0,1,0,0,0,0,0,0,0,1,0,1,1,0,1,0,1,0,0,0,0,0,1,1,0,1,0,0,0,0,0,0,0,0,0,0,0,0,1,1,0,1,1,1,1,0,0,0,0,1,0,0,0,1,1,0,0,0,0,0,0,1,1,0,0,1,0,0,0,1,0,1,1,1,0,1,1,0,0,1,1,0,1,0,0,1,1,0,1,1,0,1,0,0,1,0,1,1,0,1,0,1,0,1,0,0,1,1,0,0,0,0,1,0,0,1,1,0,0,0,0,1,1,1,1,1,1,0,0,0,0,1,1,0,1,0,1,0,0,0,0,0,1,0,1,0,0
0,0,0,0,0,1,1,1,0,0,1,0,0,1,0,0,1,1,0,0,0,0,0,0,0,0,0,0,0,0,1,0,0,1,0,1,0,0,0,1,0,1,1,1,0,0,0,1,1,0,0,1,0,0,0,0,1,1,1,0,0,0,0,1,1,0,0,0,1,0,0,1,0,0,0,0,0,0,0,0,0,0,0,0,0,1,1,0,0,0,1,0,0,0,0,0,0,1,0,0,0,0,0,0,0,1,0,0,0,0,0,1,1,1,0,0,0,1,0,0,0,0,0,1,0,0,0,1,1,0,0,0,0,0,0,0,1,0,0,1,0,0,0,0,0,1,1,0,0,1,1,0,0,1,1,0,1,0,0,1,0,0,1,0,0,1,0,0,1,0,1,1,1,1,0,1,0,0,0,0,0,1,0,0,0,0,1,0,0,1,1,0,0,0,0,1,1,1,1,1,1,0,0,0,0,1,1,0,1,0,1,0,0,0,0,0,1,0,1,0,0
0,1,0,0,0,1,1,1,0,0,1,0,0,1,0,0,1,1,1,0,0,1,0,0,0,0,1,0,0,0,1,0,0,1,0,1,0,0,1,1,0,0,1,1,0,0,0,0,1,0,0,1,0,1,1,0,1,1,1,0,0,0,0,1,1,0,0,0,1,0,0,1,0,0,0,1,0,0,0,0,0,0,0,1,0,1,1,0,1,0,1,0,0,0,0,0,1,1,0,1,0,0,0,0,0,0,0,0,0,0,0,0,1,1,0,1,1,1,1,0,0,0,0,1,0,0,0,1,1,0,0,0,0,0,0,1,1,0,0,1,0,0,0,1,0,1,1,1,0,1,1,0,0,1,1,0,1,0,0,1,1,0,1,1,0,1,0,0,1,0,1,1,0,1,0,1,0,1,0,0,1,1,0,0,0,0,1,0,0,1,1,0,0,0,0,1,1,1,1,1,1,0,0,0,0,1,1,0,1,0,1,1,0,0,0,0,1,0,1,1,0
0,1,0,0,0,1,1,1,0,0,1,0,0,1,0,0,1,1,1,0,0,1,0,0,0,0,1,0,0,0,1,0,0,1,0,1,1,0,1,1,0,0,1,1,0,0,0,0,1,0,0,1,0,1,1,0,1,1,1,0,0,0,0,1,1,0,0,0,1,0,0,1,0,0,0,1,0,0,0,0,0,0,0,1,0,1,1,0,1,0,1,0,0,0,0,0,1,1,0,1,0,0,0,0,0,0,0,0,0,0,0,0,1,1,0,1,1,1,1,0,0,0,0,1,0,0,0,1,1,0,0,0,0,0,0,1,1,0,0,1,0,0,0,1,0,1,1,1,0,1,1,0,0,1,1,0,1,0,0,1,1,0,1,1,0,1,0,0,1,0,1,1,0,1,0,1,0,1,0,0,1,1,0,0,0,0,1,0,0,1,1,0,0,0,0,1,1,1,1,1,1,0,0,0,0,1,1,0,1,0,1,0,0,0,0,0,1,0,1,0,0
0,1,0,1,0,1,1,0,0,0,1,0,1,1,1,0,0,1,1,0,0,0,0,0,0,0,1,0,0,0,1,0,0,1,0,1,0,0,1,1,0,1,0,1,0,0,0,1,0,0,0,1,1,1,1,0,1,1,1,0,0,0,1,1,1,0,0,0,1,0,0,1,0,0,0,1,0,0,0,0,0,0,0,1,0,1,1,0,1,0,1,0,0,0,0,0,1,1,0,1,0,0,0,0,0,0,0,0,0,0,0,1,1,1,0,1,1,1,1,0,0,0,1,1,0,0,0,1,1,0,0,0,0,0,0,1,1,0,0,1,0,0,0,1,0,1,1,1,0,1,0,0,0,1,0,0,1,0,0,1,1,0,0,1,1,1,0,0,1,0,1,1,0,1,1,1,1,1,0,0,1,1,0,0,0,1,1,1,0,1,0,1,0,0,0,1,1,1,1,0,0,1,0,0,0,1,1,0,1,0,0,1,0,0,0,0,1,0,0,1,0
1,1,0,1,1,0,0,0,0,0,0,0,0,0,0,1,1,1,1,0,0,1,1,1,0,1,1,0,1,1,0,0,0,1,0,0,0,0,1,0,0,1,0,0,1,1,0,1,0,0,0,1,0,1,1,0,0,0,0,1,1,1,1,0,1,1,1,1,0,0,1,0,1,0,0,1,0,0,0,1,0,0,0,1,0,0,0,1,1,1,0,1,0,0,0,0,1,0,0,1,0,1,0,1,1,0,1,0,0,1,1,1,0,0,0,1,1,0,1,0,0,1,0,0,0,0,0,0,0,0,1,1,0,0,0,1,0,0,1,0,0,0,0,1,1,0,0,1,0,0,0,0,0,0,0,1,0,0,0,0,1,0,0,1,0,0,0,0,0,0,1,0,0,0,0,0,1,1,0,0,1,0,0,0,0,0,0,0,0,0,0,0,0,0,0,1,1,0,0,0,0,0,0,0,0,0,1,0,0,1,0,1,0,0,0,0,0,1,0,1,0
1,1,1,1,1,0,0,0,0,0,0,0,0,0,0,1,1,1,1,1,1,1,1,1,1,1,1,1,1,1,0,0,0,1,0,0,0,0,1,0,0,1,0,0,1,1,0,1,0,0,0,0,0,1,1,0,0,0,0,1,1,1,1,1,1,1,1,1,0,0,1,0,1,0,0,1,0,0,0,1,0,0,0,1,0,0,0,1,1,1,0,1,0,0,0,0,1,0,0,1,0,1,0,1,1,1,1,0,0,1,1,1,0,0,0,1,1,0,1,0,0,1,0,0,0,0,0,0,0,0,1,1,0,0,0,1,0,0,1,0,0,0,0,1,1,0,0,1,0,0,0,0,0,0,0,1,0,0,0,0,1,0,0,1,0,0,0,0,0,0,1,0,0,0,0,0,1,1,0,0,1,0,0,0,0,0,0,0,0,0,0,0,0,0,0,1,1,0,0,0,0,0,0,0,0,0,1,0,0,1,0,1,0,0,0,0,0,1,0,1,0
1,1,1,1,1,1,0,0,0,0,0,0,0,0,0,1,1,1,1,0,0,1,1,1,1,1,1,0,1,1,1,0,0,1,0,0,0,0,1,1,0,1,0,1,1,1,0,1,1,0,0,1,0,1,1,0,0,1,1,1,1,1,1,1,1,1,1,1,1,0,1,0,1,0,0,1,0,0,0,1,0,0,0,1,0,0,0,1,1,1,1,1,0,0,0,0,1,1,0,1,0,1,0,1,1,1,1,0,0,1,1,1,1,1,0,1,1,1,1,0,0,1,0,1,0,0,0,1,1,0,1,1,0,0,0,1,1,0,1,1,0,0,0,1,1,1,1,1,0,0,0,0,0,1,0,1,0,0,0,1,1,0,0,1,0,1,1,0,1,0,1,0,0,1,0,1,1,1,0,0,1,1,0,0,0,0,1,0,0,1,0,0,0,0,0,1,1,1,0,0,0,0,0,0,0,0,1,0,0,1,1,1,0,0,0,0,0,1,1,1,0
1,1,0,0,0,1,1,1,0,0,0,0,0,0,0,0,1,1,1,0,1,1,0,1,0,1,1,0,0,0,1,0,0,0,1,1,0,0,0,1,0,0,0,1,0,0,0,0,1,0,0,1,0,0,0,0,1,1,1,0,0,0,0,0,0,0,0,0,1,1,0,1,0,1,0,0,0,0,1,0,1,0,0,0,0,0,1,0,0,0,1,0,0,0,0,1,0,1,0,0,0,0,0,0,0,0,0,1,0,0,0,0,1,1,0,0,0,1,0,0,1,0,0,1,0,1,0,1,1,1,0,0,1,0,1,0,1,0,0,1,0,1,0,0,0,1,1,0,0,0,1,0,1,1,0,0,1,1,1,1,0,0,1,0,0,1,0,1,1,1,0,0,0,1,0,1,0,0,0,1,0,1,0,1,1,0,1,0,1,1,1,0,1,1,0,1,1,1,1,1,1,0,0,1,1,1,1,1,0,0,0,0,0,1,1,1,1,1,1,0,1
1,1,1,1,1,0,0,0,0,0,0,0,0,0,0,1,1,1,1,1,1,1,1,1,1,1,1,1,1,1,0,0,0,1,0,0,1,0,1,0,0,1,0,0,1,1,0,1,0,0,0,1,0,1,1,0,0,0,0,1,1,1,0,1,1,1,0,1,0,0,1,0,1,0,0,1,0,0,0,1,0,0,0,1,0,0,0,1,1,1,0,1,0,0,0,0,1,0,0,1,0,1,0,0,1,1,1,0,0,1,1,1,0,0,0,1,1,0,1,0,0,1,0,0,0,0,0,0,0,0,1,1,0,0,0,1,0,0,1,0,0,0,0,1,1,0,0,1,0,0,0,0,0,0,0,1,0,0,0,0,1,0,0,1,0,0,0,0,0,0,1,0,0,0,0,0,1,1,0,0,1,0,0,0,0,0,0,0,0,0,0,0,0,0,0,1,1,0,0,0,0,0,0,0,0,0,1,0,0,0,0,1,0,1,0,1,0,1,0,1,0
0,1,0,0,0,1,1,1,0,0,1,1,0,1,1,0,1,1,1,0,1,1,0,1,0,1,1,0,0,0,1,0,0,0,1,1,0,0,0,1,0,0,0,1,0,0,0,0,1,0,0,1,0,0,0,0,1,1,1,0,0,0,0,0,0,0,0,0,1,1,0,1,0,1,0,0,0,0,1,0,1,0,0,0,0,0,1,0,0,0,1,0,0,0,0,1,0,1,0,0,0,0,0,0,0,0,0,1,0,0,0,0,1,1,0,0,0,1,0,0,1,0,0,1,0,1,0,1,1,1,0,0,1,0,1,0,1,0,0,1,0,1,0,0,0,1,1,0,0,0,1,0,1,1,0,0,1,1,1,1,0,0,1,0,0,1,0,1,1,1,0,0,0,1,0,1,0,0,0,1,0,1,0,1,1,0,1,0,1,1,1,0,1,1,0,1,1,1,1,1,1,0,0,1,1,1,1,1,0,0,0,0,0,1,1,1,1,1,1,0,1
0,1,0,0,0,1,1,1,0,0,0,0,0,0,0,0,1,1,1,0,1,1,0,1,1,1,1,0,0,0,1,0,0,0,1,1,0,0,0,1,0,0,0,1,0,0,0,0,1,0,0,1,0,0,0,0,1,1,1,0,0,0,0,0,0,0,0,0,1,1,0,1,0,1,0,0,0,0,1,0,1,0,0,0,0,0,1,0,0,0,1,0,0,0,0,1,0,1,0,0,0,0,0,0,0,0,0,1,0,0,0,0,1,1,0,0,0,1,0,0,1,0,0,1,0,1,0,1,1,1,0,0,1,0,1,0,1,0,0,1,0,1,0,0,0,1,1,0,0,0,1,0,1,1,0,0,1,1,1,1,0,0,1,0,0,1,0,1,1,1,0,0,0,1,0,1,0,0,0,1,0,1,0,1,1,0,1,0,1,1,1,0,1,1,0,1,1,1,1,1,1,0,0,1,1,1,1,1,0,0,0,0,0,1,1,1,1,1,1,0,1
1,1,0,0,0,1,1,1,0,0,0,0,0,0,0,0,1,1,1,0,1,1,1,1,1,1,1,0,0,0,1,0,0,0,1,1,0,0,0,1,0,0,0,1,0,0,0,0,1,0,0,1,0,0,0,0,1,1,1,0,0,0,0,0,0,0,0,0,1,1,0,1,0,1,0,0,0,0,1,0,1,0,0,0,0,0,1,0,0,0,1,0,0,0,0,1,0,1,0,0,0,0,0,0,0,0,0,1,0,0,0,0,1,1,0,0,0,1,0,0,1,0,0,1,0,1,0,1,1,1,0,0,1,0,1,0,1,0,0,1,0,1,0,0,0,1,1,0,0,0,1,0,1,1,0,0,1,1,1,1,0,0,1,0,0,1,0,1,1,1,0,0,0,1,0,1,0,0,0,1,0,1,0,1,1,0,1,0,1,1,1,0,1,1,0,1,1,1,1,1,1,0,0,1,1,1,1,1,0,0,0,0,0,1,1,1,1,1,1,0,1
1,1,0,0,0,1,1,1,0,0,0,0,0,0,0,0,1,1,1,0,1,1,0,1,1,1,1,0,0,0,1,0,0,0,1,1,0,0,0,1,0,0,0,1,0,0,0,0,1,0,0,1,0,0,0,0,1,1,1,0,0,0,0,0,0,0,0,0,1,1,0,1,0,1,0,0,0,0,1,0,1,0,0,0,0,0,1,0,0,0,1,0,0,0,0,1,0,1,0,0,0,0,0,0,0,0,0,1,0,0,0,0,1,1,1,0,0,1,0,0,1,0,0,1,0,1,0,1,1,1,0,0,1,0,1,0,1,0,0,1,0,1,0,0,0,1,1,0,0,0,1,0,1,1,0,0,1,1,1,1,0,1,1,0,0,1,0,1,1,1,0,0,0,1,0,1,0,0,0,1,0,1,0,1,1,0,1,0,1,1,1,0,1,1,0,1,1,1,1,1,1,0,0,1,1,1,1,1,1,0,0,0,1,1,1,1,1,1,1,0,1
0,0,0,1,0,0,0,0,0,0,0,0,0,0,0,0,0,1,1,0,0,1,0,0,0,0,0,0,0,0,0,0,0,1,0,0,1,1,1,0,0,1,0,0,0,0,0,1,0,0,0,0,0,0,0,0,0,0,0,0,0,0,0,0,1,0,0,0,0,0,1,0,1,0,0,1,0,0,0,1,0,0,0,1,0,0,0,1,0,0,0,0,0,0,0,0,0,0,0,0,0,0,0,0,0,0,0,0,0,1,1,0,0,0,0,0,0,0,0,0,0,1,0,0,0,0,0,0,0,0,0,0,0,0,0,0,0,0,1,0,0,0,0,0,0,0,0,0,0,0,0,0,0,0,0,0,0,0,0,0,0,0,0,0,0,0,0,0,0,0,1,0,0,0,0,0,0,0,0,0,0,0,0,0,0,0,0,0,0,0,0,0,0,0,0,0,0,0,0,0,0,0,0,0,0,0,0,0,0,0,0,0,0,0,0,0,0,0,0,1,0
0,0,0,1,0,1,0,0,0,0,0,0,0,0,0,1,1,1,1,0,0,1,0,0,0,1,1,0,0,0,1,0,0,1,1,0,0,0,1,1,0,0,0,1,1,1,0,0,0,0,0,0,0,1,1,0,0,1,1,1,1,1,0,0,1,1,0,1,0,1,1,0,1,0,0,1,0,0,0,1,0,0,0,1,0,0,0,1,1,1,0,1,0,0,0,0,1,1,0,1,0,1,0,0,1,0,1,0,0,1,1,0,1,1,0,1,1,1,1,0,0,1,0,0,0,0,0,1,1,0,1,1,0,0,0,1,0,0,1,0,0,0,0,1,1,0,1,1,0,0,0,0,1,1,0,1,0,0,0,0,1,0,0,1,0,1,0,0,1,0,0,0,0,1,0,1,1,1,0,0,1,0,1,0,0,0,1,1,0,1,0,0,0,0,0,1,1,1,1,0,0,0,0,0,0,0,0,0,1,0,0,1,0,0,0,0,1,0,0,1,0
0,0,0,1,0,0,0,0,0,0,0,0,0,0,0,1,1,1,1,0,0,1,0,0,0,1,1,0,0,0,0,0,0,1,0,0,1,0,1,0,0,0,0,0,1,1,0,0,0,0,0,0,0,1,1,0,0,0,0,1,1,1,0,0,1,1,0,1,0,0,1,0,1,0,0,1,0,0,0,1,0,0,0,1,0,0,0,1,1,1,0,1,0,0,0,0,1,0,0,1,0,1,0,0,1,0,1,0,0,1,1,0,0,0,0,1,1,0,1,0,0,1,0,0,0,0,0,0,0,0,1,1,0,0,0,1,0,0,1,0,0,0,0,1,1,0,0,1,0,0,0,0,0,0,0,1,0,0,0,0,1,0,0,1,0,0,0,0,0,0,0,0,0,0,0,0,1,1,0,0,1,0,0,0,0,0,0,0,0,0,0,0,0,0,0,1,1,0,0,0,0,0,0,0,0,0,0,0,0,0,0,1,0,0,0,1,0,0,0,1,0
0,0,0,1,0,0,0,0,0,0,0,0,0,0,0,0,0,1,0,0,0,0,0,0,0,0,0,0,0,0,0,0,0,0,0,0,0,0,1,0,0,1,0,0,0,0,0,1,0,0,0,0,1,1,1,0,0,0,0,0,0,0,1,0,0,0,0,0,0,0,1,0,0,0,0,1,1,0,0,1,0,0,0,1,1,0,0,1,1,0,0,0,0,1,0,0,0,0,0,1,0,0,1,0,0,0,0,0,0,1,1,1,0,0,0,1,1,0,1,0,0,0,0,0,0,0,0,0,0,0,0,0,0,0,0,0,0,0,1,0,1,0,0,1,0,0,0,1,0,0,0,0,0,0,0,0,0,0,0,0,1,0,0,1,0,0,0,0,0,0,0,0,0,0,0,0,1,0,0,0,1,0,0,0,0,0,0,0,0,0,0,0,0,0,0,0,0,0,0,0,0,0,0,0,0,0,0,0,0,0,0,1,0,0,0,0,0,0,0,1,0
0,0,0,1,0,0,0,0,0,1,0,0,0,0,0,0,0,1,0,0,0,0,0,0,0,0,0,0,0,0,0,0,1,0,0,0,0,0,1,0,1,1,0,0,0,0,1,1,0,0,0,0,1,1,1,0,0,0,0,0,0,0,1,0,0,0,0,0,0,0,1,0,0,0,0,1,1,0,0,1,0,0,0,1,1,0,0,1,1,0,0,0,0,1,0,0,0,0,1,1,1,0,1,0,0,0,0,0,0,1,1,1,0,0,0,1,0,0,1,1,0,0,0,0,0,0,0,0,0,0,0,0,0,0,0,0,0,1,1,0,1,0,1,1,0,0,0,1,0,0,0,0,0,0,0,0,0,0,0,0,1,0,0,1,0,0,0,0,0,0,0,0,0,0,0,0,1,0,0,0,1,0,0,0,0,0,0,0,0,0,0,0,0,0,0,0,0,0,0,0,0,0,0,0,0,0,0,0,0,0,0,1,0,0,0,0,0,0,0,1,0
0,1,0,1,0,0,0,0,0,1,0,0,0,0,0,1,1,1,1,0,0,1,0,1,0,1,1,0,0,0,0,0,1,1,0,0,1,0,1,0,1,0,0,0,1,1,1,0,0,0,0,1,0,1,1,0,0,0,0,1,1,1,0,0,1,1,0,1,0,0,1,0,1,0,0,1,0,0,0,1,0,0,0,1,0,0,0,1,1,1,0,1,0,0,0,0,1,0,1,1,1,1,0,0,1,0,1,0,0,1,1,0,0,0,0,1,1,0,1,1,0,1,0,0,0,0,0,0,0,0,1,1,0,0,0,1,0,1,1,0,0,0,1,1,1,0,0,1,0,0,0,0,0,0,0,1,0,0,0,0,1,0,0,1,0,0,0,0,0,0,0,0,0,0,0,0,1,1,0,0,1,0,0,0,0,0,0,0,0,0,0,0,0,0,0,1,1,0,0,0,0,0,0,0,0,0,1,0,0,0,0,1,0,1,0,1,0,1,0,1,0
0,0,0,1,0,0,0,0,0,1,0,0,0,0,0,0,0,1,0,0,0,0,0,0,0,0,0,0,0,0,0,0,1,0,0,0,0,0,1,0,1,1,0,0,0,0,1,1,0,0,0,0,1,1,1,0,0,0,0,0,0,0,1,0,0,0,0,0,0,0,1,0,0,0,0,1,1,0,0,1,0,0,0,1,1,0,0,1,1,0,0,0,0,1,0,0,0,0,1,1,1,0,1,0,0,0,0,0,0,1,1,1,0,0,0,1,1,0,1,1,0,0,0,0,0,0,0,0,0,0,0,0,0,0,0,0,0,1,1,0,1,0,1,1,0,0,0,1,0,0,0,0,0,0,0,0,0,0,0,0,1,0,0,1,0,0,0,0,0,0,0,0,0,0,0,0,1,0,0,0,1,0,0,0,0,0,0,0,0,0,0,0,0,0,0,0,0,0,0,0,0,0,0,0,0,0,0,0,0,0,0,1,0,0,0,0,0,0,0,1,0
0,0,0,1,0,0,0,0,0,1,0,0,0,0,0,0,0,1,0,0,0,0,0,0,0,0,0,0,0,0,0,0,1,0,0,0,0,0,1,0,1,1,0,0,0,0,1,1,0,0,0,0,1,1,1,0,0,0,0,0,0,0,1,0,0,0,0,0,0,0,1,0,0,0,0,1,1,0,0,1,0,0,0,1,1,0,0,1,1,0,0,0,0,1,0,0,0,0,1,1,1,0,1,0,0,0,0,0,0,1,1,1,0,0,0,1,1,0,1,1,0,0,0,0,0,0,0,0,0,0,0,0,0,0,0,0,0,1,1,0,1,0,1,1,0,0,0,1,0,0,0,0,0,0,0,0,0,0,0,0,1,0,0,1,0,0,0,0,0,0,0,0,0,0,0,0,1,0,0,0,1,0,0,0,0,0,0,0,0,0,0,0,0,0,0,0,0,0,0,0,0,0,0,0,0,0,0,0,0,0,0,1,0,0,0,0,0,0,0,1,0
0,0,0,1,0,0,0,0,0,1,0,0,0,0,0,0,0,1,0,0,0,0,0,0,0,0,0,0,0,0,0,0,1,0,0,0,0,0,1,0,1,1,0,0,0,0,1,1,0,0,0,0,1,1,1,0,0,0,0,0,0,0,1,0,0,0,0,0,0,0,1,0,0,0,0,1,1,0,0,1,0,0,0,1,1,0,0,1,1,0,0,0,0,1,0,0,0,0,1,1,1,0,1,0,0,0,0,0,0,1,1,1,0,0,0,1,1,0,1,1,0,0,0,0,0,0,0,0,0,0,0,0,0,0,0,0,0,1,1,0,1,0,1,1,0,0,0,1,0,0,0,0,0,0,0,0,0,0,0,0,1,0,0,1,0,0,0,0,0,0,0,0,0,0,0,0,1,0,0,0,1,0,0,0,0,0,0,0,0,0,0,0,0,0,0,0,0,0,0,0,0,0,0,0,0,0,0,0,0,0,0,1,0,0,0,0,0,0,0,1,0
0,1,0,1,0,1,1,0,0,0,1,0,1,1,0,1,1,1,1,0,0,1,0,0,0,1,1,0,1,0,1,0,0,0,0,0,1,0,1,1,0,1,0,1,1,1,0,1,1,0,0,1,0,1,0,0,0,1,1,1,0,1,1,0,0,0,0,0,1,0,1,1,1,1,0,1,0,0,0,1,1,0,0,1,0,0,0,0,1,0,1,0,0,0,0,1,0,1,0,0,0,0,0,0,1,0,1,1,0,1,1,1,1,1,0,1,0,1,1,0,1,1,0,1,0,0,0,1,1,1,1,0,1,1,1,0,1,0,0,1,0,1,0,1,0,1,1,1,0,0,0,0,0,1,0,0,0,1,1,1,1,0,0,1,0,1,1,1,1,1,0,0,0,1,0,1,1,0,0,0,1,1,0,1,1,0,1,0,1,1,1,1,1,1,0,1,1,1,0,1,1,0,1,1,1,0,0,1,0,0,1,0,0,0,1,1,0,0,1,0,0
0,1,0,1,0,1,1,0,0,0,1,0,1,1,1,1,1,1,1,0,0,1,0,0,0,1,1,0,1,0,1,0,0,0,0,0,1,0,1,1,0,1,0,1,1,1,0,1,0,0,0,1,0,1,1,0,0,1,1,1,0,1,1,0,0,0,0,0,0,0,1,1,1,1,0,1,0,1,0,1,1,0,0,1,0,1,0,0,1,0,0,0,0,0,0,1,1,1,0,1,0,0,0,0,1,0,1,1,0,1,1,1,1,1,0,1,1,1,1,0,1,1,0,0,0,0,0,1,1,0,1,0,1,1,0,1,0,0,0,0,0,1,0,1,0,0,1,1,0,0,0,0,0,1,0,0,0,1,0,0,1,0,0,1,0,1,1,0,1,0,0,1,1,1,0,1,1,1,0,0,1,0,0,1,1,0,1,1,1,1,0,1,1,1,1,1,1,1,1,0,0,1,0,1,1,0,0,0,1,0,1,1,0,1,0,0,1,0,1,1,0
0,1,0,0,0,1,1,0,0,0,1,0,0,0,0,1,1,1,1,0,0,1,0,0,0,0,1,0,0,0,1,0,0,0,0,0,1,0,0,1,0,1,0,1,0,0,0,1,1,0,0,1,0,0,0,0,0,1,1,0,0,0,1,0,0,0,0,0,1,0,0,1,0,1,0,0,0,0,0,0,1,0,0,0,0,0,0,0,1,0,1,0,0,0,0,1,0,1,0,0,0,0,0,0,0,0,0,1,0,0,0,1,1,1,1,0,0,1,1,0,1,0,0,1,0,1,0,1,1,0,0,0,1,0,0,0,1,0,0,1,0,1,0,0,0,1,1,1,0,0,0,0,0,1,0,0,0,1,0,1,1,1,0,1,0,1,0,0,1,0,0,0,0,1,0,1,1,0,0,1,0,1,0,1,1,0,1,0,1,1,0,0,1,1,1,1,1,1,1,0,0,0,0,1,1,0,1,1,1,1,0,0,1,0,1,0,1,1,0,0,1
0,1,0,0,0,1,1,0,1,0,1,0,0,1,0,0,0,1,1,0,0,0,0,0,0,1,1,0,1,0,1,1,0,0,0,0,1,0,0,1,0,1,0,1,0,0,0,1,1,0,0,1,0,0,0,0,0,1,1,1,0,0,1,0,0,0,0,0,1,0,0,1,0,1,0,0,0,0,0,0,1,0,0,0,0,0,0,0,1,0,1,0,0,0,0,1,0,1,0,0,0,0,0,0,0,0,0,1,0,0,0,1,1,1,1,0,0,1,1,0,1,0,0,1,0,1,0,1,1,0,0,0,1,0,0,0,1,0,0,1,0,1,0,0,0,1,1,1,0,0,0,0,0,1,0,0,0,1,0,1,1,1,0,1,0,1,0,0,1,0,0,0,0,1,0,1,1,0,0,1,0,1,0,1,1,0,1,0,1,1,0,0,1,0,1,1,1,1,1,0,0,0,0,1,0,0,0,1,1,0,0,0,1,0,1,0,1,0,0,0,1
0,1,0,0,0,1,1,1,1,0,1,0,0,1,0,0,0,1,1,0,0,0,0,0,0,1,1,0,1,0,1,1,0,0,1,0,1,0,0,1,0,1,1,1,0,0,0,1,1,0,0,1,0,0,0,0,0,1,1,1,0,0,1,0,0,0,0,0,1,1,0,1,0,1,0,0,0,0,0,0,1,0,0,0,0,0,0,0,1,0,1,0,0,0,0,1,0,1,0,0,0,0,0,0,0,0,0,1,0,0,0,1,1,1,1,0,0,1,1,0,1,0,0,1,0,1,0,1,1,0,0,0,1,0,1,0,1,0,0,1,0,1,0,0,0,1,1,1,0,0,0,0,1,1,0,0,0,1,0,1,1,1,0,1,0,1,1,0,1,1,0,0,0,1,0,1,1,0,0,1,0,1,0,1,1,0,1,1,1,1,0,0,1,0,1,1,1,1,1,0,0,0,0,1,0,0,0,1,1,0,0,0,1,0,1,0,1,0,0,0,1
1,1,0,0,0,1,1,1,1,0,1,0,0,1,0,0,0,1,1,0,0,0,0,0,0,1,1,0,1,0,1,1,0,0,1,0,1,0,0,1,0,1,1,1,0,0,0,1,1,0,0,1,0,0,0,0,0,1,1,1,0,0,1,0,0,0,0,0,1,1,0,1,0,1,0,0,0,0,0,0,1,0,0,0,0,0,0,0,1,0,1,0,0,0,0,1,0,1,0,0,0,0,0,0,0,0,0,1,0,0,0,1,1,1,1,0,0,1,1,0,1,0,0,1,1,1,0,1,1,0,0,0,1,0,0,0,1,0,0,1,0,1,0,0,0,1,1,1,0,0,0,0,1,1,0,0,0,1,0,1,1,1,0,1,0,1,0,0,1,0,0,0,0,1,0,1,1,0,1,1,0,1,0,1,1,0,1,0,1,1,0,0,1,0,1,1,1,1,1,0,0,0,0,1,0,0,0,1,1,0,0,0,1,0,1,0,1,0,0,0,1
1,1,0,0,0,1,1,0,1,0,1,0,0,1,0,0,0,1,1,0,0,0,0,0,0,1,1,0,1,0,1,1,0,0,0,0,1,0,0,1,0,1,0,1,0,0,0,1,1,0,0,1,0,0,0,0,0,1,1,1,0,0,1,0,0,0,0,0,1,0,0,1,0,1,0,0,0,0,0,0,1,0,0,0,0,0,0,0,1,0,1,0,0,0,0,1,0,1,0,0,0,0,0,0,0,0,0,1,0,0,0,1,1,1,1,0,0,1,1,0,1,0,0,1,0,1,0,1,1,0,0,0,1,0,0,0,1,0,0,1,0,1,0,0,0,1,1,1,0,0,0,0,0,1,0,0,0,1,0,1,1,1,0,1,0,1,0,0,1,0,0,0,0,1,0,1,1,0,0,1,0,1,0,1,1,0,1,0,1,1,0,0,1,0,1,1,1,1,1,0,0,0,0,1,0,0,0,1,1,0,0,0,1,0,1,0,1,0,0,0,1
1,1,0,0,0,1,1,1,1,0,1,0,0,1,0,0,0,1,1,0,0,0,0,0,0,1,1,0,1,0,1,1,0,0,0,0,1,0,0,1,0,1,1,1,0,0,0,1,1,0,0,1,0,0,0,0,0,1,1,1,0,0,1,0,0,0,0,0,1,0,0,1,0,1,0,0,0,0,0,0,1,0,0,0,0,0,0,0,1,0,1,0,0,0,0,1,0,1,0,0,0,0,0,0,0,0,0,1,0,0,0,1,1,1,1,0,0,1,1,0,1,0,0,1,0,1,0,1,1,0,0,0,1,0,1,0,1,0,0,1,0,1,0,0,0,1,1,1,0,0,0,0,0,1,0,0,0,1,0,1,1,1,0,1,0,1,1,0,1,1,0,0,0,1,0,1,1,0,0,1,0,1,0,1,1,0,1,1,1,1,0,0,1,0,1,1,1,1,1,0,0,0,0,1,0,0,0,1,1,0,0,0,1,0,1,0,1,0,0,0,1
0,1,0,0,0,1,1,0,1,0,1,0,0,1,0,0,0,1,1,0,0,1,0,0,0,1,1,0,1,0,1,1,0,0,0,0,0,0,0,1,0,1,0,1,0,0,0,1,1,0,0,1,0,0,0,0,0,1,1,1,0,0,1,0,0,0,0,0,1,0,0,1,0,1,0,0,0,0,0,0,1,0,0,0,0,0,0,0,1,0,1,0,0,0,0,1,0,1,0,0,0,0,0,0,0,0,0,1,0,0,0,1,1,1,1,0,0,1,1,0,1,0,0,1,0,1,0,1,1,0,0,0,1,0,0,0,1,0,0,1,0,1,0,0,0,1,1,1,0,0,0,0,0,1,0,0,0,1,0,1,1,1,0,1,0,1,0,0,1,0,0,0,0,1,0,1,1,0,0,1,0,1,0,1,1,0,1,0,1,1,0,0,1,0,0,1,1,1,1,0,0,0,0,1,0,0,0,1,1,0,0,0,1,0,1,0,1,0,0,0,1
0,1,0,0,0,1,1,0,1,0,1,0,0,1,0,1,1,1,1,0,0,1,0,0,0,1,1,0,1,0,1,1,0,0,1,0,1,0,0,1,0,1,1,1,0,0,0,1,1,0,0,1,0,0,0,0,0,1,1,1,0,0,1,0,0,0,0,0,1,1,0,0,0,0,0,0,0,0,0,0,0,0,0,0,0,0,0,0,1,0,1,0,0,0,0,0,0,1,0,0,0,0,0,0,0,0,0,0,0,0,0,1,1,1,1,0,0,1,1,0,0,0,0,1,1,1,0,1,1,0,0,0,0,0,0,0,1,0,0,1,0,0,0,0,0,1,1,1,0,0,0,0,1,1,0,0,0,0,0,1,1,1,0,1,0,1,0,0,1,0,0,0,0,1,0,1,1,0,1,1,0,1,0,0,0,0,1,1,0,1,0,0,0,0,0,1,1,1,1,0,0,0,0,0,0,0,0,1,1,0,0,0,1,0,1,0,1,0,0,0,1
0,1,0,0,0,1,1,0,1,0,1,0,0,1,0,0,0,1,1,0,0,1,0,0,0,1,1,0,1,0,1,1,0,0,0,0,0,0,0,1,0,1,0,1,0,0,0,1,1,0,0,1,0,0,0,0,0,1,1,1,0,0,1,0,0,0,0,0,1,0,0,0,0,0,0,0,0,0,0,0,0,0,0,0,0,0,0,0,1,0,1,0,0,0,0,0,0,1,0,0,0,0,0,0,0,0,0,0,0,0,0,1,1,1,1,0,0,1,1,0,0,0,0,1,0,1,0,1,1,0,0,0,0,0,0,0,1,0,0,1,0,0,0,0,0,1,1,1,0,0,0,0,0,1,0,0,0,0,0,1,1,1,0,1,0,1,0,0,1,0,0,0,0,1,0,1,1,0,0,1,0,1,0,0,0,0,1,0,0,1,0,0,0,0,0,1,1,1,1,0,0,0,0,0,0,0,0,1,1,0,0,0,1,0,1,0,1,0,0,0,1
0,1,0,0,0,1,1,1,1,0,1,0,0,1,0,0,0,0,0,0,0,0,0,0,0,1,1,0,0,0,1,1,0,0,0,0,1,0,0,1,0,1,1,1,0,0,0,1,1,0,0,1,0,0,0,0,0,1,1,1,0,0,1,0,0,0,0,0,1,0,0,1,0,1,0,0,0,0,0,0,1,0,0,0,0,0,0,0,0,0,1,0,0,0,0,1,0,1,0,0,0,0,0,0,0,0,0,1,0,0,0,1,1,1,1,0,0,1,0,0,1,0,0,1,1,1,0,1,1,0,0,0,1,0,0,0,1,0,0,1,0,1,0,0,0,1,1,0,0,0,0,1,0,1,0,0,0,1,0,1,0,1,0,0,0,1,0,0,1,0,0,0,0,1,0,1,1,0,1,1,0,1,0,1,1,0,1,0,1,1,0,0,1,0,1,1,1,1,1,0,0,0,0,1,0,0,0,1,1,0,0,0,1,0,1,0,1,0,0,0,1
0,1,0,1,0,1,1,1,1,0,1,0,0,1,1,0,0,0,0,0,0,0,0,0,0,1,1,1,1,0,1,1,0,0,0,0,1,0,0,1,0,1,0,1,0,0,0,1,1,0,0,1,0,1,0,0,0,1,1,1,0,0,1,0,0,0,0,0,1,0,0,1,0,1,0,0,0,1,0,0,1,0,0,1,0,1,0,0,1,0,1,0,0,0,0,1,0,1,0,1,0,0,0,0,0,0,0,1,1,0,0,1,1,1,1,1,1,1,1,0,1,0,0,1,1,1,0,1,1,0,0,0,1,0,0,0,1,0,0,1,0,1,0,1,0,1,1,1,0,1,1,1,0,1,1,0,0,1,0,1,1,1,1,1,0,1,0,0,1,0,0,0,0,1,0,1,1,0,1,1,1,1,0,1,1,0,1,1,1,1,0,1,1,0,1,1,1,1,1,0,0,1,0,1,0,0,0,1,1,0,0,0,1,0,1,0,1,0,0,0,1
1,1,0,0,0,1,1,1,1,0,1,0,0,1,0,0,1,1,0,0,0,0,0,0,0,1,1,0,0,0,1,1,0,0,0,0,1,0,0,1,0,1,1,1,0,0,0,1,1,0,0,1,0,0,0,0,0,1,1,1,0,0,1,0,0,0,0,0,1,0,0,1,0,1,0,0,0,0,0,0,1,0,0,0,0,0,0,0,0,0,1,0,0,0,0,1,0,1,0,0,0,0,0,0,0,0,0,1,0,0,0,1,1,1,1,0,0,1,0,0,1,0,0,1,1,1,0,1,1,0,0,0,1,0,0,0,1,0,0,1,0,1,0,0,0,1,1,0,0,0,1,1,0,1,0,0,0,1,0,1,0,1,0,0,0,1,0,0,1,0,0,0,0,1,0,1,1,0,1,1,0,1,0,1,1,0,1,0,1,1,0,0,1,0,1,1,1,1,1,0,0,0,0,1,0,0,0,1,1,0,0,0,1,0,1,0,1,0,0,0,1
1,1,0,0,0,1,1,1,1,0,1,0,0,1,0,0,0,0,0,0,0,0,0,0,0,1,1,0,0,0,1,1,0,0,0,0,1,0,0,1,0,1,0,1,0,0,0,1,1,0,0,1,0,0,0,0,1,1,1,1,0,0,1,0,0,0,0,0,1,0,0,1,0,1,0,0,0,0,1,0,1,0,0,0,0,0,1,0,0,0,1,0,0,0,0,1,0,1,0,0,0,0,0,0,0,0,0,1,1,0,0,1,1,1,1,0,0,1,0,0,1,0,0,1,1,1,0,1,1,0,0,0,1,0,0,0,1,0,0,1,0,1,0,0,0,1,1,0,0,0,1,1,0,1,0,0,0,1,0,1,0,1,0,0,0,1,0,0,1,0,0,0,0,1,0,1,1,0,1,1,0,1,0,1,1,0,1,0,1,1,0,0,1,0,1,1,1,1,1,0,0,0,0,1,0,0,0,1,1,0,0,0,1,0,1,0,1,0,0,0,1
1,1,0,0,0,1,1,1,1,0,1,0,0,1,0,0,0,1,1,0,0,0,0,0,0,1,1,0,1,0,1,1,0,0,0,0,1,0,0,1,0,1,1,1,0,0,0,1,1,0,0,1,0,0,0,0,0,1,1,1,0,0,1,0,0,0,0,0,1,0,0,1,0,1,0,0,0,0,0,0,1,0,0,0,0,0,0,0,0,0,1,0,0,0,0,1,0,1,0,0,0,0,0,0,0,0,0,1,0,0,0,1,1,1,1,0,0,1,0,0,1,0,0,1,1,1,0,1,1,0,0,0,1,0,0,0,1,0,0,1,0,1,0,0,0,1,1,0,0,0,1,1,0,1,1,0,0,1,0,1,0,1,1,0,0,1,0,0,1,0,0,0,0,1,0,1,1,0,1,1,0,1,0,1,1,0,1,0,1,1,0,0,1,0,1,1,1,1,1,0,0,0,0,1,0,0,0,1,1,0,0,0,1,0,1,0,1,0,0,0,1
0,1,0,1,0,1,1,0,1,0,1,0,0,1,0,0,0,0,0,0,0,0,0,0,0,1,1,0,0,0,1,1,0,0,0,0,1,0,0,1,0,1,0,1,0,0,0,1,1,0,0,1,0,0,0,0,0,1,1,1,0,0,1,0,0,0,0,0,1,0,0,1,0,1,0,0,0,0,0,0,1,0,0,0,0,0,0,0,0,0,1,0,0,0,0,1,0,1,0,0,0,0,0,0,0,0,0,1,0,0,0,1,1,1,1,0,0,1,0,0,1,0,0,1,0,1,0,1,1,0,0,0,1,0,0,0,1,0,0,1,0,1,0,0,0,1,1,0,0,0,0,0,0,1,0,0,0,1,0,1,0,1,0,0,0,1,0,0,1,0,0,0,0,1,0,1,1,0,0,1,0,1,0,1,1,0,1,0,1,1,0,0,1,0,1,1,1,1,1,0,0,0,0,1,0,0,0,1,1,0,0,0,1,0,1,0,1,0,0,0,1
0,1,0,0,0,1,1,0,1,0,1,0,0,1,0,1,1,1,0,0,0,0,0,0,0,1,1,0,0,0,1,1,0,0,0,0,0,0,0,1,0,1,0,1,0,1,0,1,1,1,1,1,0,1,0,0,0,1,1,0,0,1,1,0,0,1,1,1,1,0,1,1,0,1,1,0,0,0,0,1,1,1,1,1,0,0,0,1,1,1,1,1,0,0,1,0,1,1,0,1,0,1,0,1,1,0,1,1,0,1,1,1,1,1,1,1,1,1,1,0,0,1,0,1,0,1,0,1,1,0,1,1,1,0,0,1,1,0,0,1,0,0,0,1,0,1,1,1,0,0,0,0,0,1,0,0,0,0,0,1,1,1,0,1,0,1,0,0,1,0,0,0,0,1,0,1,1,1,0,1,1,1,0,0,0,0,1,0,1,1,0,0,1,0,0,1,1,1,1,0,0,0,0,1,0,0,0,1,1,0,0,0,1,0,1,0,1,0,0,0,1
0,1,0,0,0,1,1,0,1,0,1,0,0,1,0,1,1,1,0,0,0,0,0,0,0,1,1,0,0,0,1,1,0,0,0,0,0,0,0,1,0,1,0,1,0,1,0,1,1,1,1,1,0,1,0,0,0,1,1,0,0,1,1,0,0,1,1,1,1,0,1,1,0,1,1,0,0,0,0,1,1,1,1,1,0,0,0,1,1,1,1,1,0,0,1,0,1,1,0,1,0,1,0,1,1,0,1,1,0,1,1,1,1,1,1,1,1,1,1,0,0,1,0,1,0,1,0,1,1,0,1,1,1,0,0,1,1,0,0,1,0,0,0,1,0,1,1,1,0,0,0,0,0,1,0,0,0,0,0,1,1,1,0,1,0,1,0,0,1,0,0,0,0,1,0,1,1,1,0,1,1,1,0,0,0,0,1,0,1,1,0,0,1,0,0,1,1,1,1,0,0,0,0,1,0,0,0,1,1,0,0,0,1,0,1,0,1,0,0,0,1
0,1,0,0,0,1,1,0,1,0,1,0,0,1,0,1,1,1,0,0,0,0,0,0,0,1,1,0,0,0,1,1,0,0,0,0,0,0,0,1,0,1,0,1,0,1,0,1,1,1,1,1,0,1,0,0,0,1,1,0,0,1,1,0,0,1,1,1,1,0,1,1,0,1,1,0,0,0,0,1,1,1,1,1,0,0,0,1,1,1,1,1,0,0,1,0,1,1,0,1,0,1,0,1,1,0,1,1,0,1,1,1,1,1,1,1,1,1,1,0,0,1,0,1,0,1,0,1,1,0,1,1,1,0,0,1,1,0,0,1,0,0,0,1,0,1,1,1,0,0,0,0,0,1,0,0,0,0,0,1,1,1,0,1,0,1,0,0,1,0,0,0,0,1,0,1,1,1,0,1,1,1,0,0,0,0,1,0,1,1,0,0,1,0,0,1,1,1,1,0,0,0,0,1,0,0,0,1,1,0,0,0,1,0,1,0,1,0,0,0,1
0,1,0,0,0,1,1,0,1,0,1,0,0,1,0,1,1,1,0,0,0,0,0,0,0,1,1,0,0,0,1,1,0,0,0,0,1,0,0,1,0,1,0,1,0,1,0,1,1,1,1,1,0,1,0,0,0,1,1,0,0,1,1,0,0,1,1,1,1,0,1,1,0,1,1,0,0,0,0,1,1,1,1,1,0,0,0,1,1,1,1,1,0,0,1,0,1,1,0,1,0,1,0,1,1,0,1,1,0,1,1,1,1,1,1,1,1,1,1,0,0,1,0,1,0,1,0,1,1,0,1,1,1,0,0,1,1,0,0,1,0,0,0,1,0,1,1,1,0,0,0,0,0,1,0,0,0,0,0,1,1,1,0,1,0,1,0,0,1,0,0,0,0,1,0,1,1,1,0,1,1,1,0,0,0,0,1,0,1,1,0,0,1,0,0,1,1,1,1,0,0,0,0,1,0,0,0,1,1,0,0,0,1,0,1,0,1,0,0,0,1
0,1,0,0,0,1,1,1,1,0,1,0,0,1,0,1,1,1,0,0,0,0,0,0,0,1,1,0,0,0,1,1,0,0,0,0,0,0,0,1,0,1,1,1,0,1,0,1,1,1,1,1,0,1,0,0,0,1,1,0,0,1,1,0,0,1,1,1,1,0,1,1,0,1,1,0,0,0,0,1,1,1,1,1,0,0,0,1,1,1,1,1,0,0,1,0,1,1,0,1,0,1,0,1,1,0,1,1,0,1,1,1,1,1,1,1,1,1,1,0,0,1,0,1,1,1,0,1,1,0,1,1,1,0,0,1,1,0,0,1,0,0,0,1,0,1,1,1,0,0,1,1,0,1,0,0,0,0,0,1,1,1,0,1,0,1,0,0,1,0,0,0,0,1,0,1,1,1,1,1,1,1,0,0,0,0,1,0,1,1,0,0,1,0,0,1,1,1,1,0,0,0,0,1,0,0,0,1,1,0,0,0,1,0,1,0,1,0,0,0,1
0,1,0,0,0,1,1,0,1,0,1,0,0,1,0,1,1,1,0,0,0,0,0,0,0,1,1,0,0,0,1,1,0,0,0,0,1,0,0,1,0,1,0,1,0,1,0,1,1,1,1,1,0,1,0,0,0,1,1,0,0,1,1,0,0,1,1,1,1,0,1,1,0,1,1,0,0,0,0,1,1,1,1,1,0,0,0,1,1,1,1,1,0,0,1,0,1,1,0,1,0,1,0,1,1,0,1,1,0,1,1,1,1,1,1,1,1,1,1,0,0,1,0,1,0,1,0,1,1,0,1,1,1,0,0,1,1,0,0,1,0,0,0,1,0,1,1,1,0,0,0,0,0,1,0,0,0,0,0,1,1,1,0,1,0,1,0,0,1,0,0,0,0,1,0,1,1,1,0,1,1,1,0,0,0,0,1,0,1,1,0,0,1,0,0,1,1,1,1,0,0,0,0,1,0,0,0,1,1,0,0,0,1,0,1,0,1,0,0,0,1
0,1,0,0,0,1,1,0,1,0,1,0,0,1,0,1,1,1,1,0,0,1,0,0,0,1,1,0,1,0,1,1,0,0,0,0,0,0,0,1,0,1,0,1,0,1,0,1,1,1,1,1,0,1,0,0,0,1,1,0,0,1,1,0,0,1,1,1,1,0,1,1,0,1,1,0,0,0,0,1,1,1,1,1,0,0,0,1,1,1,1,1,0,0,1,0,1,1,0,1,0,1,0,1,1,0,1,1,0,1,1,1,1,1,1,1,1,1,1,0,0,1,0,1,0,1,0,1,1,0,1,1,1,0,0,1,1,0,0,1,0,0,0,1,0,1,1,1,0,0,0,0,0,1,0,0,0,0,0,1,1,1,0,1,0,1,0,0,1,0,0,0,0,1,0,1,1,1,0,1,1,1,0,0,0,0,1,0,1,1,0,0,1,0,0,1,1,1,1,0,0,0,0,1,0,0,0,1,1,0,0,0,1,0,1,0,1,0,0,0,1
0,1,0,0,0,1,1,1,1,0,1,0,0,1,0,1,1,1,1,0,0,1,0,0,0,1,1,0,1,0,1,1,0,0,0,0,0,0,0,1,0,1,0,1,0,1,0,1,1,1,1,1,0,1,0,0,1,1,1,0,0,1,1,0,0,1,1,1,1,0,1,1,0,1,1,0,0,0,1,1,1,1,1,1,0,0,1,1,1,1,1,1,0,0,1,1,1,1,0,1,0,1,0,1,1,0,1,1,0,1,1,1,1,1,1,1,1,1,1,0,1,1,0,1,0,1,0,1,1,0,1,1,1,0,0,1,1,0,0,1,0,1,0,1,0,1,1,1,0,0,0,0,0,1,0,0,0,1,0,1,1,1,0,1,0,1,0,0,1,0,0,0,0,1,0,1,1,1,0,1,1,1,0,1,1,0,1,0,1,1,0,0,1,0,0,1,1,1,1,0,0,0,0,1,0,0,0,1,1,0,0,0,1,1,1,0,1,0,0,0,1
0,1,0,0,0,1,1,0,1,0,1,0,0,1,1,1,1,1,0,0,0,0,0,0,0,1,1,1,1,0,1,1,0,0,0,0,0,0,0,1,0,1,0,1,0,1,0,1,1,1,1,1,0,1,0,0,0,1,1,0,0,1,1,0,0,1,1,1,1,0,1,1,0,1,1,0,0,0,0,1,1,1,1,1,0,0,0,1,1,1,1,1,0,0,1,0,1,1,0,1,0,1,0,1,1,0,1,1,0,1,1,1,1,1,1,1,1,1,1,0,0,1,0,1,0,1,0,1,1,0,1,1,1,0,0,1,1,0,0,1,0,0,0,1,0,1,1,1,0,0,0,0,0,1,0,0,0,0,0,1,1,1,0,1,0,1,0,0,1,0,0,0,0,1,0,1,1,1,0,1,1,1,0,0,0,0,1,0,1,1,0,0,1,0,0,1,1,1,1,0,0,0,0,1,0,0,0,1,1,0,0,0,1,0,1,0,1,0,0,0,1
0,1,0,1,0,1,1,1,1,0,1,0,0,1,1,1,1,1,0,0,0,0,0,0,0,1,1,1,1,0,1,1,0,0,0,0,0,0,0,1,0,1,1,1,0,1,0,1,1,1,1,1,0,1,0,0,0,1,1,0,0,1,1,0,0,1,1,1,1,0,1,1,0,1,1,0,0,1,0,1,1,1,1,1,0,1,0,1,1,1,1,1,0,0,1,1,1,1,0,1,0,1,0,1,1,0,1,1,0,1,1,1,1,1,1,1,1,1,1,0,1,1,0,1,0,1,0,1,1,0,1,1,1,1,0,1,1,0,0,1,0,1,0,1,0,1,1,1,0,1,1,0,0,1,1,0,0,1,0,1,1,1,1,1,0,1,1,0,1,0,0,0,0,1,0,1,1,1,0,1,1,1,0,1,1,0,1,1,1,1,0,0,1,0,0,1,1,1,1,0,0,0,0,1,0,0,0,1,1,0,0,0,1,0,1,0,1,0,0,0,1
0,1,0,1,0,0,0,0,0,0,1,0,0,0,0,1,1,1,1,0,0,1,0,0,0,0,1,0,0,0,0,0,0,0,0,0,1,0,1,0,0,1,0,0,0,0,0,1,0,0,0,0,0,1,1,0,0,0,0,0,0,0,1,0,0,0,0,0,0,0,1,0,1,0,0,1,0,0,0,1,0,0,1,1,0,0,0,1,1,0,0,0,0,0,0,0,0,0,0,1,0,0,0,0,0,0,0,0,0,1,1,1,0,0,0,1,1,0,1,0,0,1,0,0,0,0,0,0,0,0,1,0,0,0,0,0,0,0,0,0,0,0,0,1,0,0,0,1,0,0,0,0,0,0,0,0,0,0,0,0,1,0,0,1,0,0,0,0,0,0,0,0,0,0,0,0,1,0,0,0,1,0,0,0,0,0,0,0,0,0,0,0,0,0,0,1,1,0,0,0,0,0,0,0,0,0,0,0,0,0,0,1,0,0,0,0,0,0,0,1,0
0,1,0,1,0,1,1,0,0,0,1,0,1,1,1,1,1,1,1,0,0,1,0,0,0,1,1,0,1,0,1,0,0,1,0,0,1,0,1,1,0,1,0,1,1,1,0,1,0,0,0,0,0,1,1,0,0,1,1,1,0,1,1,1,1,0,0,0,0,0,1,1,1,1,0,1,0,1,0,1,1,0,0,1,0,1,0,0,1,0,0,0,0,0,0,1,1,1,0,1,0,0,0,0,1,0,1,1,0,1,1,1,1,1,0,1,1,1,1,0,1,1,0,0,0,0,0,1,1,0,1,0,1,1,0,1,0,0,0,0,0,1,0,1,0,0,1,1,0,0,0,0,0,1,0,0,0,1,0,0,1,0,0,1,0,1,1,0,1,0,1,1,0,1,0,1,1,1,0,0,1,0,0,1,1,0,1,0,1,1,0,1,1,0,1,1,1,1,0,0,0,1,1,1,0,0,0,1,0,0,1,1,0,0,1,1,0,0,1,1,0
1,1,0,0,0,1,1,1,1,0,1,0,0,1,0,1,1,1,1,0,0,1,0,0,0,0,1,0,0,0,1,1,0,0,1,0,1,0,0,1,0,1,1,1,0,0,0,1,1,0,0,1,0,0,0,0,0,1,1,0,0,0,1,0,0,0,0,0,1,1,0,1,0,1,0,0,0,0,0,0,1,0,0,0,0,0,0,0,1,0,1,0,0,0,0,0,0,1,0,0,0,0,0,0,0,0,0,1,0,0,0,1,1,1,1,0,0,1,1,0,0,0,0,1,0,1,0,1,1,0,0,0,1,0,1,0,1,0,0,1,0,0,0,0,0,1,1,1,0,0,0,0,1,1,0,0,0,0,0,1,1,1,0,1,0,1,0,0,1,1,0,0,0,1,0,1,1,0,0,1,0,1,0,0,0,0,1,1,1,1,0,0,1,0,0,1,1,1,1,0,0,0,0,1,0,0,0,1,1,0,0,0,1,0,1,0,1,0,0,0,1
1,1,0,0,0,1,1,1,1,0,1,0,0,1,0,1,1,1,1,0,0,1,0,0,0,0,1,0,0,0,1,1,0,0,1,0,0,0,0,1,0,1,0,1,0,0,0,1,1,0,0,1,0,0,0,0,0,1,1,0,0,0,1,0,0,0,0,0,1,1,0,1,0,1,0,0,0,0,0,0,1,0,0,0,0,0,0,0,1,0,1,0,0,0,0,0,0,1,0,0,0,0,0,0,0,0,0,1,0,0,0,1,1,1,1,0,0,1,1,0,0,0,0,1,0,1,0,1,1,0,0,0,1,0,1,0,1,0,0,1,0,0,0,0,0,1,1,1,0,0,0,0,1,1,0,0,0,0,0,1,1,1,0,1,0,1,1,0,1,1,0,0,0,1,0,1,1,0,0,1,0,1,0,0,0,0,1,0,1,1,0,0,1,0,1,1,1,1,1,0,0,0,0,1,0,0,0,1,1,0,0,0,1,0,1,0,1,0,0,0,1
1,1,0,0,0,1,1,0,1,0,1,0,0,1,0,0,0,1,1,0,0,0,0,0,0,0,1,0,0,0,1,1,0,0,0,0,1,0,0,1,0,1,0,1,0,0,0,1,1,0,0,1,0,0,0,0,0,1,1,0,0,0,1,0,0,0,0,0,1,0,0,1,0,1,0,0,0,0,0,0,1,0,0,0,0,0,0,0,1,0,1,0,0,0,0,0,0,1,0,0,0,0,0,0,0,0,0,1,0,0,0,1,1,1,1,0,0,1,1,0,0,0,0,1,0,1,0,1,1,0,0,0,1,0,0,0,1,0,0,1,0,0,0,0,0,1,1,1,0,0,0,0,0,1,0,0,0,0,0,1,1,1,0,1,0,1,0,0,1,0,0,0,0,1,0,1,1,0,0,1,0,1,0,0,0,0,1,0,1,1,0,0,1,0,1,1,1,1,1,0,0,0,0,1,0,0,0,1,1,0,0,0,1,0,1,0,1,0,0,0,1
1,1,0,0,0,1,1,0,1,0,1,0,0,1,0,1,1,1,1,0,0,1,0,0,0,0,1,0,0,0,1,1,0,0,0,0,1,0,0,1,0,1,0,1,0,0,0,1,1,0,0,1,0,0,0,0,0,1,1,0,0,0,1,0,0,0,0,0,1,0,0,0,0,0,0,0,0,0,0,0,0,0,0,0,0,0,0,0,1,0,1,0,0,0,0,0,0,1,0,0,0,0,0,0,0,0,0,0,0,0,0,1,1,1,1,0,0,1,1,0,0,0,0,1,0,1,0,1,1,0,0,0,0,0,0,0,1,0,0,1,0,0,0,0,0,1,1,1,0,0,0,0,0,1,0,0,0,0,0,1,1,1,0,1,0,1,0,0,1,0,0,0,0,1,0,1,1,0,0,1,0,1,0,0,0,0,1,0,0,1,0,0,0,0,0,1,1,1,1,0,0,0,0,0,0,0,0,1,1,0,0,0,1,0,1,0,1,0,0,0,1
1,1,0,0,0,1,1,1,1,0,1,0,0,1,0,1,1,1,0,0,0,0,0,0,0,0,0,0,0,0,1,1,0,0,0,0,1,0,0,1,0,1,0,1,0,0,0,1,1,0,0,1,0,0,0,0,1,1,1,0,0,0,1,0,0,0,0,0,1,0,0,1,0,1,0,0,0,0,1,0,1,0,0,0,0,0,1,0,0,0,1,0,0,0,0,0,0,1,0,0,0,0,0,0,0,0,0,1,1,0,0,1,1,1,1,0,0,1,0,0,0,0,0,1,1,1,0,1,1,0,0,0,1,0,0,0,1,0,0,1,0,0,0,0,0,1,1,0,0,0,0,1,0,1,0,0,0,0,0,1,0,1,0,0,0,1,0,0,1,0,0,0,0,1,0,1,1,0,1,1,0,1,0,0,0,0,1,0,1,1,0,0,1,0,0,1,1,1,1,0,0,0,0,1,0,0,0,1,1,0,0,0,1,0,1,0,1,0,0,0,1
0,1,0,0,0,1,1,0,1,0,1,0,0,1,0,1,1,1,0,0,0,0,0,0,0,1,1,0,0,0,1,1,0,0,0,0,0,0,0,1,0,1,0,1,0,1,0,1,1,1,1,1,0,1,0,0,0,1,1,0,0,1,1,0,0,1,1,1,1,0,1,1,0,1,1,0,0,0,0,1,1,1,1,1,0,0,0,1,1,1,1,1,0,0,1,0,1,1,0,1,0,1,0,1,1,0,1,1,0,1,1,1,1,1,1,1,1,1,1,0,0,1,0,1,0,1,0,1,1,0,1,1,1,0,0,1,1,0,0,1,0,0,0,1,0,1,1,1,0,0,0,0,0,1,0,0,0,0,0,1,1,1,0,1,0,1,0,0,1,0,0,0,0,1,0,1,1,1,0,1,1,1,0,0,0,0,1,0,1,1,0,0,1,0,0,1,1,1,1,0,0,0,0,1,0,0,0,1,1,0,0,0,1,0,1,0,1,0,0,0,1
0,1,0,0,0,1,1,1,1,0,1,0,0,1,0,1,1,1,0,0,0,0,0,0,0,1,1,0,0,0,1,1,0,0,0,0,0,0,0,1,0,1,1,1,0,1,0,1,1,1,1,1,0,1,0,0,0,1,1,0,0,1,1,0,0,1,1,1,1,0,1,1,0,1,1,0,0,0,0,1,1,1,1,1,0,0,0,1,1,1,1,1,0,0,1,0,1,1,0,1,0,1,0,1,1,0,1,1,0,1,1,1,1,1,1,1,1,1,1,0,0,1,0,1,1,1,0,1,1,0,1,1,1,0,0,1,1,0,0,1,0,0,0,1,0,1,1,1,0,0,0,1,0,1,0,0,0,0,0,1,1,1,0,1,0,1,0,0,1,0,0,0,0,1,0,1,1,1,1,1,1,1,0,0,0,0,1,0,1,1,0,0,1,0,0,1,1,1,1,0,0,0,0,1,0,0,0,1,1,0,0,0,1,0,1,0,1,0,0,0,1
0,1,0,0,0,1,1,0,0,0,1,0,0,1,0,1,1,1,1,0,0,1,0,0,0,1,1,0,1,0,1,0,0,0,0,0,0,0,0,1,0,1,0,1,0,1,0,1,1,1,1,0,0,1,0,0,1,1,1,0,0,1,1,0,0,1,1,1,1,0,1,1,0,1,1,0,0,0,0,1,1,1,1,1,0,0,0,1,1,1,1,1,0,0,1,1,1,1,0,1,0,1,0,1,1,0,1,1,0,1,1,1,1,1,1,1,1,1,1,0,1,1,0,1,0,1,0,1,1,0,1,1,1,0,0,1,1,0,0,1,0,1,0,1,0,1,1,1,0,0,0,0,0,1,0,0,0,1,0,1,1,1,0,1,0,1,0,0,1,0,0,0,0,1,0,1,1,1,0,1,1,1,0,1,1,0,1,0,1,1,0,0,1,1,0,1,1,1,1,0,0,0,0,1,1,0,0,1,1,0,0,0,1,0,1,0,1,0,0,0,1
0,1,0,0,0,1,1,0,1,0,1,0,0,1,0,1,1,1,1,0,0,1,0,0,0,1,1,0,1,0,1,1,0,0,0,0,0,0,0,1,0,1,0,1,0,1,0,1,1,1,1,1,0,1,0,0,0,1,1,0,0,1,1,0,0,1,1,1,1,0,1,1,0,1,1,0,0,0,0,1,1,1,1,1,0,0,0,1,1,1,1,1,0,0,1,0,1,1,0,1,0,1,0,1,1,0,1,1,0,1,1,1,1,1,1,1,1,1,1,0,0,1,0,1,0,1,0,1,1,0,1,1,1,0,0,1,1,0,0,1,0,0,0,1,0,1,1,1,0,0,0,0,0,1,0,0,0,0,0,1,1,1,0,1,0,1,0,0,1,0,0,0,0,1,0,1,1,1,0,1,1,1,0,0,0,0,1,0,1,1,0,0,1,0,0,1,1,1,1,0,0,0,0,1,0,0,0,1,1,0,0,0,1,0,1,0,1,0,0,0,1
0,0,0,1,0,1,1,0,0,0,0,0,0,0,0,0,0,0,0,0,0,0,0,0,0,0,0,0,0,0,1,0,0,1,0,0,0,1,1,1,0,1,0,1,0,0,0,1,0,0,0,1,0,0,0,0,1,1,1,0,0,0,1,1,1,0,0,0,1,0,0,1,0,0,0,0,0,0,0,0,0,0,0,0,0,1,1,0,1,0,1,0,0,0,0,0,0,1,0,0,0,0,0,0,0,1,0,0,0,0,0,1,1,1,0,0,0,1,1,0,0,0,0,1,0,0,0,1,1,0,0,0,0,0,0,0,1,0,0,1,0,0,0,0,0,1,1,1,0,1,0,0,0,1,0,0,1,0,0,1,1,0,0,1,0,1,0,0,1,0,0,0,1,1,0,1,0,0,0,0,0,1,0,0,0,0,1,1,0,1,0,0,0,0,0,1,0,1,1,0,0,0,0,0,0,0,0,0,1,0,0,0,0,0,0,0,1,0,0,0,0
0,0,0,1,0,1,1,0,0,0,1,0,1,1,0,0,1,1,0,0,0,0,0,0,0,0,0,0,0,0,1,0,0,1,0,0,1,1,1,1,0,1,1,1,0,0,0,1,1,0,0,1,0,0,0,0,1,1,1,0,0,0,1,1,1,0,0,0,1,0,0,1,0,0,0,0,0,0,0,0,0,0,0,0,0,1,1,0,1,0,1,0,0,0,0,0,0,1,0,0,0,0,0,0,0,1,0,0,0,0,0,1,1,1,1,0,0,1,1,0,0,0,0,1,0,1,0,1,1,0,0,0,0,0,0,0,1,0,0,1,0,0,0,0,0,1,1,1,0,1,1,0,0,1,1,0,1,0,0,1,1,1,1,1,0,1,1,0,1,0,0,0,1,1,0,1,1,0,0,1,0,1,0,0,0,0,1,1,0,1,0,0,0,0,0,1,1,1,1,0,0,0,0,0,0,0,0,0,1,0,1,0,1,0,0,0,1,0,1,0,1
0,0,0,1,0,1,1,0,0,0,1,0,1,1,0,0,0,1,1,0,0,0,0,0,0,0,0,0,0,0,1,0,0,1,0,0,1,1,1,1,0,1,0,1,0,0,0,1,0,0,0,1,0,0,0,0,1,1,1,0,0,0,1,1,1,0,0,0,1,0,0,1,0,0,0,0,0,0,0,0,0,0,0,0,0,1,1,0,1,0,1,0,0,0,0,0,0,1,0,0,0,0,0,0,0,1,0,0,0,0,0,1,1,1,0,0,0,1,1,0,0,0,0,1,0,0,0,1,1,0,0,0,0,0,0,0,1,0,0,1,0,0,0,0,0,1,1,1,0,1,0,0,0,1,0,0,1,0,0,1,1,0,0,1,0,1,0,0,1,0,0,0,1,1,0,1,1,0,0,0,0,1,0,0,0,0,1,1,0,1,0,0,0,0,0,1,1,1,1,0,0,0,0,0,0,0,1,0,1,1,1,0,0,1,0,1,1,1,1,1,0
0,0,0,1,0,1,1,0,1,0,1,0,1,1,0,0,1,1,0,0,0,0,0,0,0,0,0,0,0,0,1,1,0,1,0,0,1,1,1,1,0,1,0,1,0,0,0,1,0,0,0,1,0,0,0,0,1,1,1,0,0,0,1,1,1,0,0,0,1,0,0,1,0,0,0,0,0,0,0,0,0,0,0,0,0,1,1,0,1,0,1,0,0,0,0,0,0,1,0,0,0,0,0,0,0,1,0,0,0,0,0,1,1,1,0,0,0,1,1,0,0,0,0,1,0,0,0,1,1,0,0,0,0,0,0,0,1,0,0,1,0,0,0,0,0,1,1,1,0,1,0,0,0,1,0,0,1,0,0,1,1,0,0,1,0,1,0,0,1,0,0,0,1,1,0,1,1,0,0,0,0,1,0,0,0,0,1,1,0,1,0,0,0,0,0,1,1,1,1,0,0,0,0,0,0,0,0,0,1,0,0,0,0,0,0,0,1,0,0,0,0
0,1,0,1,0,1,1,0,0,0,1,0,1,1,0,0,1,1,0,0,0,0,0,0,0,0,0,0,0,0,1,0,0,1,0,0,1,1,1,1,0,1,1,1,0,0,0,1,1,0,0,1,0,0,0,0,1,1,1,0,0,0,1,1,1,0,0,0,1,0,0,1,0,0,0,0,0,0,0,0,0,0,0,0,0,1,1,0,1,0,1,0,0,0,0,0,0,1,0,0,0,0,0,0,0,1,0,0,0,0,0,1,1,1,1,0,0,1,1,0,0,0,0,1,0,1,0,1,1,0,0,0,0,0,0,0,1,0,0,1,0,0,0,0,0,1,1,1,0,1,1,0,0,1,1,0,1,0,0,1,1,1,1,1,0,1,1,0,1,0,1,1,1,1,0,1,1,0,0,1,0,1,0,0,0,0,1,1,0,1,0,0,0,0,0,1,1,1,1,0,0,0,0,0,0,0,0,0,1,0,1,0,1,0,0,0,1,0,1,0,1
0,1,0,1,0,1,1,0,0,0,1,0,1,1,0,0,1,1,1,0,0,1,0,0,0,0,1,0,0,0,1,0,0,1,0,0,1,1,1,1,0,1,1,1,0,0,0,1,1,0,0,1,0,0,0,0,1,1,1,0,0,0,1,1,1,0,0,0,1,0,0,1,0,0,0,0,0,0,0,0,0,0,0,0,0,1,1,0,1,0,1,0,0,0,0,0,0,1,0,0,0,0,0,0,0,1,0,0,0,0,0,1,1,1,1,0,0,1,1,0,0,0,0,1,0,1,0,1,1,0,0,0,0,0,0,0,1,0,0,1,0,0,0,0,0,1,1,1,0,1,1,0,0,1,1,0,1,0,0,1,1,1,1,1,0,1,1,0,1,0,1,1,1,1,0,1,1,0,0,1,0,1,0,0,0,0,1,1,0,1,0,0,0,0,0,1,1,1,1,0,0,0,0,0,0,0,0,0,1,0,1,0,1,0,0,0,1,0,1,0,1
0,0,0,1,0,1,1,0,0,0,1,0,1,1,0,0,1,1,0,0,0,0,0,0,0,0,0,0,0,0,1,0,0,1,0,0,1,1,1,1,0,1,1,1,0,0,0,1,1,0,0,1,0,0,0,0,1,1,1,0,0,0,1,1,1,0,0,0,1,0,0,1,0,0,0,0,0,0,0,0,0,0,0,0,0,1,1,0,1,0,1,0,0,0,0,0,0,1,0,0,0,0,0,0,0,1,0,0,0,0,0,1,1,1,1,0,0,1,1,0,0,0,0,1,0,1,0,1,1,0,0,0,0,0,0,0,1,0,0,1,0,0,0,0,0,1,1,1,0,1,1,0,0,1,1,0,1,0,0,1,1,1,1,1,0,1,1,0,1,0,1,1,1,1,0,1,1,0,0,1,0,1,0,0,0,0,1,1,0,1,0,0,0,0,0,1,1,1,1,0,0,0,0,0,0,0,0,0,1,0,1,0,1,0,0,0,1,0,1,0,1
0,1,0,1,0,1,1,0,0,0,1,0,1,1,0,0,0,1,1,0,0,0,0,0,0,0,0,0,0,0,1,0,0,1,0,0,1,1,1,1,0,1,0,1,0,0,0,1,0,0,0,1,0,0,0,0,1,1,1,0,0,0,1,1,1,0,0,0,1,0,0,1,0,0,0,0,0,0,0,0,0,0,0,0,0,1,1,0,1,0,1,0,0,0,0,0,0,1,0,0,0,0,0,0,0,1,0,0,0,0,0,1,1,1,0,0,0,1,1,0,0,0,0,1,0,0,0,1,1,0,0,0,0,0,0,0,1,0,0,1,0,0,0,0,0,1,1,1,0,1,0,0,0,1,0,0,1,0,0,1,1,0,0,1,0,1,0,0,1,0,1,1,1,1,0,1,1,0,0,0,0,1,0,0,0,0,1,1,0,1,0,0,0,0,0,1,1,1,1,0,0,0,0,0,0,0,1,0,1,1,1,0,0,1,0,1,1,1,1,1,0
1,1,0,1,0,1,1,1,0,0,0,0,0,0,0,0,1,1,1,0,0,1,1,1,0,1,1,0,1,1,1,0,0,1,0,0,0,0,0,1,0,1,1,1,0,0,0,1,1,0,0,1,0,0,0,0,1,1,1,0,0,0,1,1,1,0,0,0,1,0,0,1,0,1,0,0,0,0,0,0,1,0,0,0,0,1,1,0,1,0,1,0,0,0,0,1,0,1,0,0,0,0,0,0,0,1,0,1,0,0,0,1,1,1,0,0,0,1,1,0,1,0,0,1,0,0,0,1,1,1,0,0,1,0,1,0,1,0,0,1,0,1,0,0,0,1,1,1,0,1,1,0,0,1,1,0,1,1,1,1,1,0,1,1,0,1,0,1,1,1,0,0,1,1,0,1,1,0,0,0,0,1,0,1,1,0,1,1,1,1,1,0,1,1,0,1,1,1,1,1,1,0,0,1,1,0,0,1,1,0,1,0,0,0,1,0,1,0,1,0,0
1,1,0,1,0,1,1,1,0,0,1,0,0,1,0,0,0,1,1,0,0,1,1,0,0,0,1,0,1,0,1,0,0,1,0,0,0,0,0,1,0,1,1,1,0,0,0,1,1,0,0,1,0,0,0,0,1,1,1,0,0,0,1,1,1,0,0,0,1,0,0,1,0,1,0,0,0,0,0,0,1,0,0,0,0,1,1,0,1,0,1,0,0,0,0,1,0,1,0,0,0,0,0,0,0,1,0,1,0,0,0,1,1,1,1,0,0,1,1,0,1,0,0,1,0,1,0,1,1,1,0,0,1,0,1,0,1,0,0,1,0,1,0,0,0,1,1,1,0,1,1,0,0,1,1,0,1,1,1,1,1,1,1,1,0,1,1,1,1,1,0,0,1,1,0,1,1,0,0,1,0,1,0,1,1,0,1,1,1,1,1,0,1,1,0,1,0,1,1,1,1,0,0,1,1,0,0,1,1,0,1,0,1,0,1,0,1,0,1,0,1
0,1,1,1,0,1,1,1,0,0,1,0,0,1,0,0,0,1,1,0,0,1,1,1,0,0,1,0,1,1,1,0,0,1,0,0,0,0,0,1,0,1,1,1,0,0,0,1,1,0,0,1,0,0,0,0,1,1,1,1,0,0,1,1,1,0,0,0,1,0,0,1,0,1,0,0,0,0,0,0,1,0,0,0,0,1,1,0,1,0,1,0,0,0,0,1,0,1,0,0,0,0,0,0,0,1,0,1,0,0,0,1,1,1,0,0,0,1,1,0,1,0,0,1,0,0,0,1,1,1,0,0,1,0,1,0,1,0,0,1,0,1,0,0,0,1,1,1,0,1,1,0,0,1,1,0,1,1,1,1,1,0,1,1,0,1,1,1,1,1,0,0,1,1,0,1,1,0,0,0,0,1,0,1,1,0,1,1,1,1,1,0,1,1,0,1,1,1,1,1,1,0,0,1,1,0,1,1,1,1,1,0,0,0,1,1,1,1,1,0,0
0,1,1,1,0,1,1,1,0,0,1,0,0,1,0,0,0,1,1,0,0,1,1,1,0,0,1,0,1,1,1,0,0,1,0,0,0,0,0,1,0,1,1,1,0,0,0,1,1,0,0,1,0,0,0,0,1,1,1,1,0,0,1,1,1,0,0,0,1,0,0,1,0,1,0,0,0,0,0,0,1,0,0,0,0,1,1,0,1,0,1,0,0,0,0,1,0,1,0,0,0,0,0,0,0,1,0,1,0,0,0,1,1,1,0,0,0,1,1,0,1,0,0,1,0,0,0,1,1,1,0,0,1,0,1,0,1,0,0,1,0,1,0,0,0,1,1,1,0,1,1,0,0,1,1,0,1,1,1,1,1,0,1,1,0,1,1,1,1,1,0,0,1,1,0,1,1,0,0,0,0,1,0,1,1,0,1,1,1,1,1,0,1,1,0,1,1,1,1,1,1,0,0,1,1,0,1,1,1,1,1,0,0,1,1,1,1,1,1,0,0
1,1,1,1,0,1,1,1,0,0,1,0,0,1,0,0,0,1,1,0,0,1,1,0,0,0,1,0,1,0,1,0,0,1,0,0,0,0,0,1,0,1,1,1,0,0,0,1,1,0,0,1,0,0,0,0,1,1,1,0,0,0,1,1,1,0,0,0,1,0,0,1,0,1,0,0,0,0,0,0,1,0,0,0,0,1,1,0,1,0,1,0,0,0,0,1,0,1,0,0,0,0,0,0,0,1,0,1,0,0,0,1,1,1,1,0,0,1,1,0,1,0,0,1,0,1,0,1,1,1,0,0,1,0,1,0,1,0,0,1,0,1,0,0,0,1,1,1,0,1,1,0,0,1,1,0,1,1,1,1,1,1,1,1,0,1,0,1,1,1,0,0,1,1,0,1,1,0,0,1,0,1,0,1,1,0,1,1,1,1,1,0,1,1,0,1,0,1,1,1,1,0,0,1,1,0,0,1,1,0,1,0,1,0,1,0,1,0,1,0,1
1,1,1,1,0,1,1,1,0,0,1,0,0,1,0,0,0,1,1,0,0,1,1,1,0,0,1,0,1,1,1,0,0,1,0,0,0,0,0,1,0,1,1,1,0,0,0,1,1,0,0,1,0,0,0,0,1,1,1,1,0,0,1,1,1,0,0,0,1,0,0,1,0,1,0,0,0,0,0,0,1,0,0,0,0,1,1,0,1,0,1,0,0,0,0,1,0,1,0,0,0,0,0,0,0,1,0,1,0,0,0,1,1,1,0,0,0,1,1,0,1,0,0,1,0,0,0,1,1,1,0,0,1,0,1,0,1,0,0,1,0,1,0,0,0,1,1,1,0,1,1,0,0,1,1,0,1,1,1,1,1,0,1,1,0,1,0,1,1,1,0,0,1,1,0,1,1,0,0,0,0,1,0,1,1,0,1,1,1,1,1,0,1,1,0,1,1,1,1,1,1,0,0,1,1,0,1,1,1,1,1,0,0,0,1,1,1,1,1,0,0
1,1,1,0,0,1,1,1,0,0,1,0,0,1,0,0,0,1,1,0,0,1,1,1,0,0,1,0,1,1,1,0,0,0,0,0,0,0,0,1,0,1,1,1,0,0,0,1,1,0,0,1,0,0,0,0,1,1,1,1,0,0,1,0,0,0,0,0,1,0,0,1,0,1,0,0,0,0,1,0,1,0,0,0,0,0,1,0,1,0,1,0,0,0,0,1,0,1,0,0,0,0,0,0,0,0,0,1,0,0,0,1,1,1,0,0,0,1,1,0,1,0,0,1,0,0,0,1,1,1,0,0,1,0,1,0,1,0,0,1,0,1,0,0,0,1,1,1,0,0,1,0,0,1,1,0,1,1,1,1,1,0,1,1,0,1,0,1,1,1,0,0,0,1,0,1,1,0,0,0,0,1,0,1,1,0,1,1,1,1,1,0,1,1,0,1,1,1,1,1,1,0,0,1,1,0,1,1,1,1,1,0,0,1,1,1,1,1,1,0,0
1,1,1,1,0,1,1,1,0,0,1,0,0,1,0,0,0,1,1,0,0,1,1,0,0,0,1,0,1,0,1,0,0,1,0,0,0,0,0,1,0,1,1,1,0,0,0,1,1,0,0,1,0,0,0,0,1,1,1,0,0,0,1,1,1,0,0,0,1,0,0,1,0,1,0,0,0,0,0,0,1,0,0,0,0,1,1,0,1,0,1,0,0,0,0,1,0,1,0,0,0,0,0,0,0,1,0,1,0,0,0,1,1,1,0,0,0,1,1,0,1,0,0,1,0,0,0,1,1,1,0,0,1,0,1,0,1,0,0,1,0,1,0,0,0,1,1,1,0,1,1,0,0,1,1,0,1,1,1,1,1,0,1,1,0,1,0,1,1,1,0,0,1,1,0,1,1,0,0,0,0,1,0,1,1,0,1,1,1,1,1,0,1,1,0,1,0,1,1,1,1,0,0,1,1,0,0,1,1,0,1,0,0,0,1,0,1,0,1,0,0
1,1,1,1,0,1,1,1,0,0,1,0,0,1,0,0,0,1,1,0,0,1,1,1,1,0,1,0,1,1,1,0,0,1,0,0,0,0,0,1,0,1,1,1,0,0,0,1,1,0,0,1,0,0,0,0,1,1,1,1,0,0,1,1,1,0,0,0,1,0,0,1,0,1,0,0,0,0,0,0,1,0,0,0,0,1,1,0,1,0,1,0,0,0,0,1,0,1,0,0,0,0,0,0,0,1,0,1,0,0,0,1,1,1,0,0,0,1,1,0,1,0,0,1,0,0,0,1,1,1,0,0,1,0,1,0,1,0,0,1,0,1,0,0,0,1,1,1,0,1,1,0,0,1,1,0,1,1,1,1,1,0,1,1,0,1,0,1,1,1,0,0,1,1,0,1,1,0,0,0,0,1,0,1,1,0,1,1,1,1,1,0,1,1,0,1,1,1,1,1,1,0,0,1,1,0,1,1,1,1,1,0,0,1,1,1,1,1,1,0,0
1,1,1,1,0,1,1,1,0,1,1,0,0,1,0,0,0,1,1,0,0,1,1,0,0,0,1,0,1,0,1,0,1,1,0,0,0,0,0,1,1,1,1,1,0,0,1,1,1,0,0,1,0,0,0,0,1,1,1,0,0,0,1,1,1,0,0,0,1,0,0,1,0,1,0,0,0,0,0,0,1,0,0,0,0,1,1,0,1,0,1,0,0,0,0,1,0,1,1,0,1,0,0,0,0,1,0,1,0,0,0,1,1,1,0,0,0,1,1,1,1,0,0,1,0,0,0,1,1,1,0,0,1,0,1,0,1,1,0,1,0,1,1,0,0,1,1,1,0,1,1,0,0,1,1,0,1,1,1,1,1,0,1,1,0,1,0,1,1,1,0,0,1,1,0,1,1,0,0,0,0,1,0,1,1,0,1,1,1,1,1,0,1,1,0,1,0,1,1,1,1,0,0,1,1,0,0,1,1,0,1,0,0,0,1,0,1,0,1,0,0
1,1,1,1,0,1,1,1,0,1,1,0,0,1,0,0,0,1,1,0,0,1,1,0,0,0,1,0,1,0,1,0,1,1,0,0,0,0,0,1,1,1,1,1,0,0,1,1,1,0,0,1,0,0,0,0,1,1,1,0,0,0,1,1,1,0,0,0,1,0,0,1,0,1,0,0,0,0,0,0,1,0,0,0,0,1,1,0,1,0,1,0,0,0,0,1,0,1,1,0,1,0,0,0,0,1,0,1,0,0,0,1,1,1,0,0,0,1,1,1,1,0,0,1,0,0,0,1,1,1,0,0,1,0,1,0,1,1,0,1,0,1,1,0,0,1,1,1,0,1,1,0,0,1,1,0,1,1,1,1,1,0,1,1,0,1,0,1,1,1,0,0,1,1,0,1,1,0,0,0,0,1,0,1,1,0,1,1,1,1,1,0,1,1,0,1,0,1,1,1,1,0,0,1,1,0,0,1,1,0,1,0,0,0,1,0,1,0,1,0,0
1,1,1,1,0,1,1,1,0,0,1,1,0,0,0,0,0,1,1,0,0,1,1,0,0,0,1,0,1,0,1,0,0,1,0,0,0,0,0,1,0,1,1,1,0,0,0,1,1,0,0,1,0,0,0,0,1,1,1,0,0,0,1,1,1,0,0,0,1,0,0,1,0,1,0,0,0,0,0,0,1,0,0,0,0,1,1,0,1,0,1,0,0,0,0,1,0,1,0,0,0,0,0,0,0,1,0,1,0,0,0,1,1,1,1,0,0,1,1,0,1,0,0,1,0,1,0,1,1,1,0,0,1,0,0,0,1,0,0,1,0,1,0,0,0,1,1,1,0,1,1,0,0,1,1,0,1,1,0,1,1,1,1,1,0,1,0,1,1,0,0,0,1,1,0,1,1,0,0,1,0,1,0,1,1,0,1,1,1,1,1,0,1,1,0,1,0,1,1,1,1,0,0,1,1,0,1,1,1,1,0,0,1,0,1,0,1,1,0,0,1
1,1,1,1,0,1,1,1,0,0,0,0,0,0,0,0,1,1,1,0,0,1,1,1,0,0,1,0,1,0,1,0,0,1,0,0,0,0,0,1,0,1,1,1,0,0,0,1,1,0,0,1,0,0,0,0,1,1,1,0,0,0,1,1,1,0,0,0,1,0,0,1,0,1,0,0,0,0,0,0,1,0,0,0,0,1,1,0,1,0,1,0,0,0,0,1,0,1,0,0,0,0,0,0,0,1,0,1,0,0,0,1,1,1,1,0,0,1,1,0,1,0,0,1,0,1,0,1,1,1,0,0,1,0,1,0,1,0,0,1,0,1,0,0,0,1,1,1,0,1,1,0,0,1,1,0,1,1,1,1,1,1,1,1,0,1,0,1,1,1,0,0,1,1,0,1,1,0,0,1,0,1,0,1,1,0,1,1,1,1,1,0,1,1,0,1,0,1,1,1,1,0,0,1,1,0,0,1,1,0,1,0,1,0,1,0,1,0,1,0,1
1,1,1,1,0,1,1,1,0,0,0,0,0,0,0,0,0,1,1,0,0,1,1,1,0,0,1,0,1,0,1,0,0,1,0,0,0,0,0,1,0,1,1,1,0,0,0,1,1,0,0,1,0,0,0,0,1,1,1,0,0,0,1,1,1,0,0,0,1,0,0,1,0,1,0,0,0,0,0,0,1,0,0,0,0,1,1,0,1,0,1,0,0,0,0,1,0,1,0,0,0,0,0,0,0,1,0,1,0,0,0,1,1,1,1,0,0,1,1,0,1,0,0,1,0,1,0,1,1,1,0,0,1,0,0,0,1,0,0,1,0,1,0,0,0,1,1,1,0,1,1,0,0,1,1,0,1,1,0,1,1,1,1,1,0,1,0,1,1,0,0,0,1,1,0,1,1,0,0,1,0,1,0,1,1,0,1,1,1,1,1,0,1,1,0,1,0,1,1,1,1,0,0,1,1,0,1,1,1,1,0,0,1,0,1,0,1,1,0,0,1
1,1,0,1,0,1,1,1,0,0,1,0,0,1,0,0,0,1,1,0,0,0,0,0,0,0,1,0,0,0,1,0,0,1,0,0,0,0,0,1,0,1,1,1,0,0,0,1,1,0,0,1,0,0,0,0,1,1,1,0,0,0,1,1,1,0,0,0,1,0,0,1,0,1,0,0,0,0,0,0,1,0,0,0,0,1,1,0,1,0,1,0,0,0,0,1,0,1,0,0,0,0,0,0,0,1,0,1,0,0,0,1,1,1,0,0,0,1,1,0,1,0,0,1,0,0,0,1,1,1,0,0,1,0,1,0,1,0,0,1,0,1,0,0,0,1,1,1,0,1,1,0,0,1,1,0,1,1,1,1,1,0,1,1,0,1,0,1,1,1,0,0,1,1,0,1,1,0,0,0,0,1,0,1,1,0,1,1,1,1,1,0,1,1,0,1,0,1,1,1,1,0,0,1,1,0,0,1,1,0,1,0,0,0,1,0,1,0,1,0,0
0,0,0,1,0,1,1,0,0,0,0,0,0,0,0,1,1,0,0,0,0,0,0,0,0,0,0,0,0,0,1,0,0,0,0,0,0,1,1,0,0,1,0,1,0,0,0,1,0,0,0,1,0,0,0,0,0,0,0,0,0,0,1,0,0,0,0,0,0,0,0,1,0,0,0,0,0,1,0,0,1,0,0,0,0,1,0,0,0,0,0,0,0,0,0,0,0,0,0,0,0,0,0,0,0,0,0,0,1,0,0,1,0,0,0,0,0,0,0,0,0,0,0,0,0,0,1,0,0,0,0,0,0,0,0,0,0,0,1,0,0,0,0,0,0,0,0,0,1,0,0,0,0,0,0,0,0,0,0,0,0,0,0,0,0,0,0,0,0,0,0,1,1,0,0,0,1,0,0,0,0,0,0,0,0,0,0,0,0,0,0,0,0,0,0,0,0,0,0,0,0,0,0,0,0,0,0,0,0,0,0,0,0,0,0,0,0,0,0,0,0
0,1,0,1,0,1,1,0,0,0,0,0,0,0,0,1,1,1,0,0,0,0,0,0,0,0,0,0,0,0,1,0,0,0,0,0,0,0,0,0,0,1,0,1,0,0,0,1,0,0,0,1,0,0,0,0,0,0,0,0,0,0,1,0,0,0,0,0,0,0,0,1,0,0,0,0,0,1,0,0,1,0,0,0,0,1,0,0,0,0,0,0,0,0,0,0,0,0,0,0,0,0,0,0,0,0,0,0,1,0,0,1,0,0,0,0,0,0,0,0,0,0,0,0,0,0,1,0,0,0,0,0,0,0,0,0,0,0,0,0,0,0,0,0,0,0,0,1,1,0,0,0,0,0,0,0,0,0,0,0,0,0,0,0,0,0,0,0,0,0,0,1,1,0,0,0,1,0,0,0,0,0,0,0,0,0,0,0,0,0,0,0,0,0,0,1,0,0,0,0,0,0,0,0,0,0,0,0,0,0,0,0,0,0,0,0,0,0,0,0,0
1,1,1,0,0,1,1,1,0,0,1,0,0,1,0,0,0,1,1,0,0,1,1,1,0,0,1,0,1,1,1,0,0,0,1,0,0,0,0,1,0,1,1,1,0,0,0,1,1,0,0,1,0,0,0,0,0,1,1,1,0,0,1,0,0,0,0,0,1,1,0,1,0,1,0,0,0,0,0,0,1,0,0,0,0,0,0,0,1,0,1,0,0,0,0,1,0,1,0,0,0,0,0,0,0,0,0,1,0,0,0,1,1,1,0,0,0,1,1,0,1,0,0,1,0,0,0,1,1,1,0,0,1,0,1,0,1,0,0,1,0,1,0,0,0,1,1,1,0,0,1,0,1,1,1,0,0,1,1,1,1,0,1,1,0,1,0,1,1,1,0,0,0,1,0,1,1,0,0,0,0,1,1,1,1,0,1,1,1,1,1,0,1,1,0,1,1,1,1,1,1,0,0,1,1,0,1,1,1,1,1,0,0,0,1,1,1,1,1,0,0
0,1,0,1,0,1,1,0,0,1,0,0,0,0,0,1,1,1,0,0,0,0,0,0,0,0,0,0,0,0,1,0,1,0,0,0,0,1,1,0,1,1,0,1,0,0,1,1,0,0,0,1,0,0,0,0,0,0,0,0,0,0,1,0,0,0,0,0,0,0,0,1,0,0,0,0,0,1,0,0,1,0,0,0,0,1,0,0,0,0,0,0,0,0,0,0,0,0,1,0,1,0,0,0,0,0,0,0,1,0,0,1,0,0,0,0,0,0,0,1,0,0,0,0,0,0,1,0,0,0,0,0,0,0,0,0,0,1,0,0,0,0,1,0,0,0,0,1,1,0,0,0,0,0,0,0,0,0,0,0,0,0,0,0,0,0,0,0,0,0,0,1,1,0,0,0,1,0,0,0,0,0,0,0,0,0,0,0,0,0,0,0,0,0,0,1,0,0,0,0,0,0,0,0,0,0,0,0,0,0,0,0,0,0,0,0,0,0,0,0,0
0,1,0,1,1,1,1,0,0,0,1,0,1,1,1,1,1,0,0,0,0,0,0,0,0,1,0,0,0,0,1,0,0,0,0,0,0,0,0,0,0,1,0,1,0,1,0,1,0,1,1,0,1,1,0,1,0,0,0,0,0,1,1,0,0,1,1,1,0,0,1,1,0,0,1,0,0,1,0,1,1,1,1,1,1,1,0,1,0,1,0,1,1,1,1,0,1,0,0,1,0,1,1,1,0,0,0,0,1,0,1,1,0,0,0,0,1,0,0,0,0,0,1,0,0,0,1,0,0,0,0,0,0,0,0,0,0,0,1,0,1,0,0,0,0,0,0,0,1,0,0,0,0,0,0,0,0,0,0,0,0,0,0,0,1,0,0,0,0,0,0,1,1,0,1,0,1,0,0,0,0,0,0,0,0,1,0,0,0,0,0,0,0,0,0,0,0,0,0,0,0,0,0,0,0,0,0,0,0,0,0,0,0,0,0,0,0,0,0,0,0
0,1,0,1,0,1,1,1,0,0,0,0,0,0,0,1,1,1,0,1,1,1,0,0,0,1,1,0,0,0,1,0,0,0,0,0,0,0,1,1,0,1,0,1,1,1,0,1,1,1,1,1,0,1,0,0,0,1,1,0,0,1,1,0,0,1,0,1,1,0,1,1,1,0,1,1,0,1,0,1,1,1,1,1,0,1,0,1,1,1,1,1,0,0,1,0,1,1,0,1,0,1,0,1,1,0,1,0,1,1,1,1,1,1,1,1,1,1,1,0,0,1,0,1,0,1,1,1,1,0,1,1,0,0,0,1,1,0,1,1,0,0,0,1,0,1,1,1,1,0,0,0,0,1,0,0,0,0,0,1,1,1,0,1,0,1,0,0,1,0,0,1,1,1,0,1,1,1,0,1,1,1,0,0,0,0,1,0,0,1,0,1,0,0,0,1,0,1,1,0,0,1,0,0,0,0,0,1,1,0,0,0,1,0,1,0,1,0,0,0,1
0,1,0,1,0,1,1,0,0,0,0,0,0,0,0,1,1,1,0,1,1,1,0,0,0,0,0,0,0,0,1,0,0,0,0,0,0,1,1,0,0,1,0,1,0,0,0,1,0,0,0,1,0,0,0,0,0,0,0,0,0,0,1,0,0,0,0,0,0,0,0,1,0,0,0,0,0,1,0,0,1,0,0,0,0,1,0,0,0,0,0,0,0,0,0,0,0,0,0,0,0,0,0,0,0,0,0,0,1,0,0,1,0,0,0,0,0,0,0,0,0,0,0,0,0,0,1,0,0,0,0,0,0,0,0,0,0,0,1,0,0,0,0,0,0,0,0,1,1,0,0,0,0,0,0,0,0,0,0,0,0,0,0,0,0,0,0,0,0,0,0,1,1,0,0,0,1,0,0,0,0,0,0,0,0,0,0,0,0,0,0,0,0,0,0,1,0,0,0,0,0,0,0,0,0,0,0,0,0,0,0,0,0,0,0,0,0,0,0,0,0
0,1,0,1,0,1,1,0,0,0,0,0,0,0,0,1,1,1,0,1,1,1,0,0,0,1,1,0,0,0,1,0,0,0,0,0,0,0,1,0,0,1,1,1,1,1,0,1,1,0,0,1,1,1,1,1,1,0,0,1,1,1,1,0,0,1,0,1,1,0,1,1,1,0,0,1,1,0,1,1,1,0,0,1,1,0,1,1,1,1,0,1,1,1,0,1,1,0,0,1,0,1,1,0,1,0,1,1,0,1,1,1,0,0,0,1,1,1,1,0,1,1,1,0,0,0,1,1,1,0,1,1,1,0,0,1,0,0,0,1,1,1,0,1,0,1,0,1,1,0,1,0,0,1,0,0,0,1,0,0,1,0,0,1,1,1,0,0,1,0,0,0,0,0,1,1,1,1,0,0,1,1,0,1,0,1,1,1,1,1,0,0,1,0,0,1,1,1,0,0,0,0,0,1,0,0,1,0,0,0,0,1,0,0,0,0,0,0,0,1,0
0,1,0,1,0,1,1,0,0,0,0,0,0,0,0,1,1,1,1,1,1,1,0,1,0,0,1,0,0,0,1,0,0,0,0,0,1,0,0,0,0,1,1,1,0,0,0,1,1,0,0,0,0,0,0,0,0,0,0,0,0,0,1,0,0,0,0,0,1,0,0,1,0,0,0,0,0,1,0,0,1,0,0,0,0,1,0,0,0,0,0,0,0,0,0,0,0,0,0,0,0,0,0,0,0,0,0,0,1,0,0,1,0,0,0,0,0,0,0,0,0,0,0,0,1,0,1,0,0,0,0,0,0,0,0,0,0,0,0,0,0,0,0,0,0,0,0,0,1,0,1,1,0,0,0,0,0,0,0,0,0,0,0,0,0,0,0,0,0,0,0,1,1,0,0,0,1,0,1,0,0,0,0,0,0,0,0,0,0,0,0,0,0,0,0,1,1,0,0,0,0,0,0,0,0,0,1,0,0,0,0,0,0,0,0,0,0,0,0,0,0
0,1,0,1,1,1,0,0,0,0,0,0,0,0,0,1,1,1,1,1,1,1,0,1,0,1,1,0,1,0,1,0,0,0,0,0,0,0,1,0,0,1,0,1,1,1,0,1,0,0,0,1,1,1,1,1,0,0,0,1,1,1,1,0,0,1,0,1,0,0,1,1,1,0,0,1,1,1,0,1,1,0,0,1,1,1,0,1,1,1,0,1,1,1,0,1,1,0,0,1,0,1,1,0,1,0,1,1,0,1,1,1,0,0,0,1,1,0,1,0,1,1,1,0,0,0,1,0,0,0,1,1,1,0,0,1,0,0,0,0,1,1,0,1,0,0,0,1,1,0,0,0,0,0,0,0,0,1,0,0,1,0,0,1,1,0,0,0,0,0,0,1,1,0,1,0,1,1,0,0,1,0,0,1,0,1,0,0,1,0,0,0,1,0,0,1,1,0,0,0,0,0,0,1,0,0,1,0,0,0,0,1,0,0,0,0,0,0,0,1,0
1,1,1,1,1,0,0,0,0,0,0,0,0,0,0,1,1,1,1,1,1,1,1,1,1,1,1,1,1,1,0,0,0,1,0,0,0,0,1,0,0,1,0,0,1,1,0,1,0,0,0,0,0,1,1,0,0,0,0,1,1,1,0,1,1,1,0,1,0,0,1,0,1,0,0,1,0,0,0,1,0,0,0,1,0,0,0,1,1,1,0,1,0,0,0,0,1,0,0,1,0,1,0,0,1,1,1,0,0,1,1,1,0,0,0,1,1,0,1,0,0,1,0,0,0,0,0,0,0,0,1,1,0,0,0,1,0,0,1,0,0,0,0,1,1,0,0,1,0,0,0,0,0,0,0,1,0,0,0,0,1,0,0,1,0,0,0,0,0,0,1,0,0,0,0,0,1,1,0,0,1,0,0,0,0,0,0,0,0,0,0,0,0,0,0,1,1,0,0,0,0,0,0,0,0,0,0,0,0,0,0,1,0,0,0,0,0,0,0,1,0
1,1,0,1,1,1,0,0,0,1,0,0,0,0,0,1,1,1,1,1,1,1,1,1,1,1,1,1,1,1,1,0,1,1,0,0,0,0,1,0,1,1,0,1,1,1,1,1,0,0,0,1,0,1,1,0,0,0,0,1,1,1,0,1,1,1,0,1,0,0,1,1,1,0,0,1,0,1,0,1,1,0,0,1,0,1,0,1,1,1,0,1,0,0,0,1,1,0,1,1,0,1,0,0,1,1,1,1,0,1,1,1,0,0,0,1,1,0,1,1,1,1,0,0,0,0,0,0,0,0,1,1,1,0,0,1,0,1,1,0,0,1,1,1,1,0,0,1,0,0,0,0,0,0,0,1,0,1,0,0,1,0,0,1,0,0,0,0,0,0,1,1,1,0,0,0,1,1,0,0,1,0,0,1,0,0,0,0,1,0,0,0,1,0,0,1,1,0,0,0,0,0,0,1,0,0,1,0,0,0,0,1,0,0,0,0,0,0,0,1,0
0,1,0,1,0,1,0,0,1,0,1,0,0,1,0,1,1,1,1,0,0,1,0,0,0,1,1,0,0,0,1,1,0,1,0,0,0,0,1,0,0,1,0,1,1,1,0,1,0,0,0,0,0,1,1,0,0,0,0,1,1,1,0,1,1,1,0,1,0,0,1,1,1,0,0,1,0,1,0,1,1,0,0,1,0,1,0,1,1,1,0,1,0,0,0,0,1,0,0,1,0,1,0,0,1,1,1,1,0,1,1,1,0,0,0,1,1,0,1,0,0,1,0,0,0,0,1,0,0,0,1,1,1,0,0,1,0,0,1,0,0,0,0,1,1,0,0,1,1,0,0,0,0,0,0,1,0,0,0,0,1,0,0,1,0,0,0,0,0,0,1,1,1,0,0,0,1,1,0,0,1,0,0,0,0,0,0,0,1,0,0,0,1,0,0,1,1,0,0,0,0,0,0,1,0,0,0,0,0,0,0,1,0,0,0,0,0,0,0,1,0
1,1,1,1,1,1,0,0,0,0,0,0,0,0,0,1,1,1,1,1,1,1,1,1,1,1,1,1,1,1,1,0,0,1,0,0,0,0,1,0,0,1,0,1,1,1,0,1,0,0,0,1,1,1,1,1,0,0,0,1,1,1,1,1,1,1,0,1,0,0,1,1,1,0,0,1,1,1,0,1,1,0,0,1,1,1,0,1,1,1,0,1,1,1,0,1,1,0,0,1,0,1,1,0,1,1,1,1,0,1,1,1,0,0,0,1,1,0,1,0,1,1,1,0,0,0,1,0,0,0,1,1,1,0,0,1,0,0,1,0,1,1,0,1,1,0,0,1,1,0,0,0,0,0,0,1,0,1,0,0,1,0,0,1,1,0,0,0,0,0,1,1,1,0,1,0,1,1,0,0,1,0,0,1,0,1,0,0,1,0,0,0,1,0,0,1,1,0,0,0,0,0,0,1,0,0,1,0,0,0,0,1,0,0,0,0,0,0,0,1,0
1,1,0,1,0,1,0,0,1,0,1,0,0,1,0,1,1,1,1,0,0,1,0,0,0,1,1,0,0,0,1,1,0,1,0,0,0,0,1,0,0,1,0,1,1,1,0,1,0,0,0,0,0,1,1,0,0,0,0,1,1,1,0,1,1,1,0,1,0,0,1,1,1,0,0,1,0,1,0,1,1,0,0,1,0,1,0,1,1,1,0,1,0,0,0,0,1,0,0,1,0,1,0,0,1,1,1,1,0,1,1,1,0,0,0,1,1,0,1,0,0,1,0,0,0,0,0,0,0,0,1,1,1,0,0,1,0,0,1,0,0,0,0,1,1,0,0,1,0,0,0,0,0,0,0,1,0,0,0,0,1,0,0,1,0,0,0,0,0,0,1,1,1,0,0,0,1,1,0,0,1,0,0,0,0,0,0,0,1,0,0,0,1,0,0,1,1,0,0,0,0,0,0,1,0,0,0,0,0,0,0,1,0,0,0,0,0,0,0,1,0
1,1,0,1,0,1,0,0,1,0,1,0,0,1,0,1,1,1,1,0,0,1,0,0,0,1,1,0,0,0,1,1,0,1,0,0,0,0,1,0,0,1,0,1,1,1,0,1,0,0,0,0,0,1,1,0,0,0,0,1,1,1,0,1,1,1,0,1,0,0,1,1,1,0,0,1,0,1,0,1,1,0,0,1,0,1,0,1,1,1,0,1,0,0,0,0,1,0,0,1,0,1,0,0,1,1,1,1,0,1,1,1,0,0,0,1,1,0,1,0,0,1,0,0,0,0,0,0,0,0,1,1,1,0,0,1,0,0,1,0,0,0,0,1,1,0,0,1,0,0,0,0,0,0,0,1,0,0,0,0,1,0,0,1,0,0,0,0,0,0,1,1,1,0,0,0,1,1,0,0,1,0,0,0,0,0,0,0,1,0,0,0,1,0,0,1,1,0,0,0,0,0,0,1,0,0,0,0,0,0,0,1,0,0,0,0,0,0,0,1,0
1,1,0,1,0,1,0,0,1,0,1,0,0,1,0,1,1,1,1,0,0,1,0,0,0,1,1,0,0,0,1,1,0,1,0,0,0,0,1,0,0,1,0,1,1,1,0,1,0,0,0,0,0,1,1,0,0,0,0,1,1,1,0,1,1,1,0,1,0,0,1,1,1,0,0,1,0,1,0,1,1,0,0,1,0,1,0,1,1,1,0,1,0,0,0,0,1,0,0,1,0,1,0,0,1,1,1,1,0,1,1,1,0,0,0,1,1,0,1,0,0,1,0,0,0,0,0,0,0,0,1,1,1,0,0,1,0,0,1,0,0,0,0,1,1,0,0,1,0,0,0,0,0,0,0,1,0,0,0,0,1,0,0,1,0,0,0,0,0,0,1,1,1,0,0,0,1,1,0,0,1,0,0,0,0,0,0,0,1,0,0,0,1,0,0,1,1,0,0,0,0,0,0,1,0,0,0,0,0,0,0,1,0,0,0,0,0,0,0,1,0
1,1,0,1,0,1,0,0,1,0,1,0,0,1,0,1,1,1,1,0,0,1,0,0,0,1,1,0,0,0,1,1,0,1,0,0,0,0,1,0,0,1,0,1,1,1,0,1,0,0,0,0,0,1,1,0,0,0,0,1,1,1,0,1,1,1,0,1,0,0,1,1,1,0,0,1,0,1,0,1,1,0,0,1,0,1,0,1,1,1,0,1,0,0,0,0,1,0,0,1,0,1,0,0,1,1,1,1,0,1,1,1,0,0,0,1,1,0,1,0,0,1,0,0,0,0,0,0,0,0,1,1,1,0,0,1,0,0,1,0,0,0,0,1,1,0,0,1,0,0,0,0,0,0,0,1,0,0,0,0,1,0,0,1,0,0,0,0,0,0,1,1,1,0,0,0,1,1,0,0,1,0,0,0,0,0,0,0,1,0,0,0,1,0,0,1,1,0,0,0,0,0,0,1,0,0,0,0,0,0,0,1,0,0,0,0,0,0,0,1,0
1,1,0,1,0,1,0,0,1,0,1,0,0,1,0,1,1,1,1,0,0,1,0,0,0,1,1,0,0,0,1,1,0,1,0,0,0,0,1,0,0,1,0,1,1,1,0,1,0,0,0,0,0,1,1,0,0,0,0,1,1,1,0,1,1,1,0,1,0,0,1,1,1,0,0,1,0,1,0,1,1,0,0,1,0,1,0,1,1,1,0,1,0,0,0,0,1,0,0,1,0,1,0,0,1,1,1,1,0,1,1,1,0,0,0,1,1,0,1,0,0,1,0,0,0,0,0,0,0,0,1,1,1,0,0,1,0,0,1,0,0,0,0,1,1,0,0,1,0,0,0,0,0,0,0,1,0,0,0,0,1,0,0,1,0,0,0,0,0,0,1,1,1,0,0,0,1,1,0,0,1,0,0,0,0,0,0,0,1,0,0,0,1,0,0,1,1,0,0,0,0,0,0,1,0,0,0,0,0,0,0,1,0,0,0,0,0,0,0,1,0
1,1,0,1,0,1,0,0,1,1,1,0,0,1,0,1,1,1,1,0,0,1,0,0,0,1,1,0,0,0,1,1,1,1,0,0,0,0,1,0,1,1,0,1,1,1,1,1,0,0,0,0,0,1,1,0,0,0,0,1,1,1,0,1,1,1,0,1,0,0,1,1,1,0,0,1,0,1,0,1,1,0,0,1,0,1,0,1,1,1,0,1,0,0,0,0,1,0,1,1,1,1,0,0,1,1,1,1,0,1,1,1,0,0,0,1,1,0,1,1,0,1,0,0,0,0,0,0,0,0,1,1,1,0,0,1,0,1,1,0,0,0,1,1,1,0,0,1,0,0,0,0,0,0,0,1,0,0,0,0,1,0,0,1,0,0,0,0,0,0,1,1,1,0,0,0,1,1,0,0,1,0,0,0,0,0,0,0,1,0,0,0,1,0,0,1,1,0,0,0,0,0,0,1,0,0,0,0,0,0,0,1,0,0,0,0,0,0,0,1,0
0,1,0,1,0,1,0,0,1,1,1,0,0,1,0,1,1,1,1,0,0,1,0,0,0,1,1,0,0,0,1,1,1,1,0,0,1,0,1,0,1,1,0,1,1,1,1,1,0,0,0,0,0,1,1,0,0,0,0,1,1,1,0,1,1,1,0,1,0,0,1,1,1,0,0,1,0,1,0,1,1,0,0,1,0,1,0,1,1,1,0,1,0,0,0,0,1,0,1,1,1,1,0,0,1,1,1,1,0,1,1,1,0,0,0,1,1,0,1,1,0,1,0,0,0,0,0,0,0,0,1,1,1,0,0,1,0,1,1,0,0,0,1,1,1,0,0,1,0,0,0,0,0,0,0,1,0,0,0,0,1,0,0,1,0,0,0,0,0,0,1,1,1,0,0,0,1,1,0,0,1,0,0,0,0,0,0,0,1,0,0,0,1,0,0,1,1,0,0,0,0,0,0,1,0,0,0,0,0,0,0,1,0,1,0,0,0,0,0,1,0
0,0,0,0,0,1,1,0,1,0,1,0,0,1,0,0,0,0,0,0,0,0,0,0,0,0,0,0,0,0,1,1,0,0,1,0,0,0,0,0,0,0,0,1,0,0,0,0,0,0,0,0,0,0,0,0,1,0,0,0,0,0,0,0,0,0,0,0,0,1,0,1,0,0,0,0,0,0,1,0,1,0,0,0,0,0,1,0,0,0,0,0,0,0,0,0,0,0,0,0,0,0,0,0,0,0,0,1,0,0,0,0,0,0,0,0,0,0,0,0,0,0,0,0,0,0,0,0,0,0,0,0,1,0,0,0,0,0,0,0,0,0,0,0,0,0,0,0,0,0,0,0,1,0,0,0,0,0,0,0,0,0,0,0,0,1,0,0,0,0,0,0,0,0,0,0,0,0,0,0,0,0,0,0,0,0,1,0,1,1,0,0,1,0,0,1,0,1,0,0,0,0,0,1,0,0,0,0,0,0,0,0,0,0,0,0,0,0,0,0,0
0,1,0,1,0,0,0,0,0,1,0,0,0,0,0,1,1,1,1,0,0,1,0,0,0,1,1,0,0,0,0,0,1,1,0,0,0,0,1,0,1,1,0,0,1,1,1,1,0,0,0,0,0,1,1,0,0,0,0,1,1,1,0,1,1,1,0,1,0,0,1,0,1,0,0,1,0,0,0,1,0,0,0,1,0,0,0,1,1,1,0,1,0,0,0,0,1,0,1,1,1,1,0,0,1,1,1,0,0,1,1,1,0,0,0,1,1,0,1,1,0,1,0,0,0,0,0,0,0,0,1,1,0,0,0,1,0,1,1,0,0,0,1,1,1,0,0,1,0,0,0,0,0,0,0,1,0,0,0,0,1,0,0,1,0,0,0,0,0,0,1,0,0,0,0,0,1,1,0,0,1,0,0,0,0,0,0,0,0,0,0,0,0,0,0,1,1,0,0,0,0,0,0,0,0,0,0,0,0,0,0,1,0,0,0,0,0,0,0,1,0
1,1,1,1,1,0,0,0,0,1,0,0,0,0,0,1,1,1,1,1,1,1,1,1,1,1,1,1,1,1,0,0,1,1,0,0,1,0,1,0,1,1,0,0,1,1,1,1,0,0,0,1,0,1,1,0,0,0,0,1,1,1,0,1,1,1,0,1,0,0,1,0,1,0,0,1,0,0,0,1,0,0,0,1,0,0,0,1,1,1,0,1,0,0,0,0,1,0,1,1,1,1,0,0,1,1,1,0,0,1,1,1,0,0,0,1,1,0,1,1,0,1,0,0,0,0,0,0,0,0,1,1,0,0,0,1,0,1,1,0,0,0,1,1,1,0,0,1,0,0,0,0,0,0,0,1,0,0,0,0,1,0,0,1,0,0,0,0,0,0,1,0,0,0,0,0,1,1,0,0,1,0,0,0,0,0,0,0,0,0,0,0,0,0,0,1,1,0,0,0,0,0,0,0,0,0,1,0,0,0,0,1,0,1,0,1,0,1,0,1,0
1,1,1,1,1,0,0,0,0,1,0,0,0,0,0,1,1,1,1,1,1,1,1,1,1,1,1,1,1,1,0,0,1,1,0,0,1,0,1,0,1,1,0,0,1,1,1,1,0,0,0,1,0,1,1,0,0,0,0,1,1,1,0,1,1,1,0,1,0,0,1,0,1,0,0,1,0,0,0,1,0,0,0,1,0,0,0,1,1,1,0,1,0,0,0,0,1,0,1,1,1,1,0,0,1,1,1,0,0,1,1,1,0,0,0,1,1,0,1,1,0,1,0,0,0,0,0,0,0,0,1,1,0,0,0,1,0,1,1,0,0,0,1,1,1,0,0,1,0,0,0,0,0,0,0,1,0,0,0,0,1,0,0,1,0,0,0,0,0,0,1,0,0,0,0,0,1,1,0,0,1,0,0,0,0,0,0,0,0,0,0,0,0,0,0,1,1,0,0,0,0,0,0,0,0,0,1,0,0,0,0,1,0,1,0,1,0,1,0,1,0
1,1,1,1,1,0,0,0,0,1,0,0,0,0,0,1,1,1,1,1,1,1,1,1,1,1,1,1,1,1,0,0,1,1,0,0,1,0,1,0,1,1,0,0,1,1,1,1,0,0,0,1,0,1,1,0,0,0,0,1,1,1,0,1,1,1,0,1,0,0,1,0,1,0,0,1,0,0,0,1,0,0,0,1,0,0,0,1,1,1,0,1,0,0,0,0,1,0,1,1,1,1,0,0,1,1,1,0,0,1,1,1,0,0,0,1,1,0,1,1,0,1,0,0,0,0,0,0,0,0,1,1,0,0,0,1,0,1,1,0,0,0,1,1,1,0,0,1,0,0,0,0,0,0,0,1,0,0,0,0,1,0,0,1,0,0,0,0,0,0,1,0,0,0,0,0,1,1,0,0,1,0,0,0,0,0,0,0,0,0,0,0,0,0,0,1,1,0,0,0,0,0,0,0,0,0,1,0,0,0,0,1,0,1,0,1,0,1,0,1,0
1,1,1,1,1,0,0,0,0,1,0,0,0,0,0,1,1,1,1,1,1,1,1,1,1,1,1,1,1,1,0,0,1,1,0,0,1,0,1,0,1,1,0,0,1,1,1,1,0,0,0,1,0,1,1,0,0,0,0,1,1,1,1,1,1,1,0,1,0,0,1,0,1,0,0,1,0,0,0,1,0,0,0,1,0,0,0,1,1,1,0,1,0,0,0,0,1,0,1,1,1,1,0,0,1,1,1,0,0,1,1,1,0,0,0,1,1,0,1,1,0,1,0,0,0,0,0,0,0,0,1,1,0,0,0,1,0,1,1,0,0,0,1,1,1,0,0,1,0,0,0,0,0,0,0,1,0,0,0,0,1,0,0,1,0,0,0,0,0,0,1,0,0,0,0,0,1,1,0,0,1,0,0,0,0,0,0,0,0,0,0,0,0,0,0,1,1,0,0,0,0,0,0,0,0,0,1,0,0,0,0,1,0,1,0,1,0,1,0,1,0
1,1,1,1,1,0,0,0,0,1,0,0,0,0,0,1,1,1,1,1,1,1,1,1,1,1,1,1,1,1,0,0,1,1,0,0,1,0,1,0,1,1,0,0,1,1,1,1,0,0,0,1,0,1,1,0,0,0,0,1,1,1,0,1,1,1,0,1,0,0,1,0,1,0,0,1,0,0,0,1,0,0,0,1,0,0,0,1,1,1,0,1,0,0,0,0,1,0,1,1,1,1,0,0,1,1,1,0,0,1,1,1,0,0,0,1,1,0,1,1,0,1,0,0,0,0,0,0,0,0,1,1,0,0,0,1,0,1,1,0,0,0,1,1,1,0,0,1,0,0,0,0,0,0,0,1,0,0,0,0,1,0,0,1,0,0,0,0,0,0,1,0,0,0,0,0,1,1,0,0,1,0,0,0,0,0,0,0,0,0,0,0,0,0,0,1,1,0,0,0,0,0,0,0,0,0,1,0,0,0,0,1,0,1,0,1,0,1,0,1,0
1,1,1,1,1,0,0,0,0,1,0,0,0,0,0,1,1,1,1,1,1,1,1,1,1,1,1,1,1,1,0,0,1,1,0,0,1,0,1,0,1,1,0,0,1,1,1,1,0,0,0,1,0,1,1,0,0,0,0,1,1,1,0,1,1,1,0,1,0,0,1,0,1,0,0,1,0,0,0,1,0,0,0,1,0,0,0,1,1,1,0,1,0,0,0,0,1,0,1,1,1,1,0,0,1,1,1,0,0,1,1,1,0,0,0,1,1,0,1,1,0,1,0,0,0,0,0,0,0,0,1,1,0,0,0,1,0,1,1,0,0,0,1,1,1,0,0,1,0,0,0,0,0,0,0,1,0,0,0,0,1,0,0,1,0,0,0,0,0,0,1,0,0,0,0,0,1,1,0,0,1,0,0,0,0,0,0,0,0,0,0,0,0,0,0,1,1,0,0,0,0,0,0,0,0,0,1,0,0,0,0,1,0,1,0,1,0,1,0,1,0
1,1,1,1,1,0,0,0,0,1,0,0,0,0,0,1,1,1,1,1,1,1,1,1,1,1,1,1,1,1,0,0,1,1,0,0,1,0,1,0,1,1,0,0,1,1,1,1,0,0,0,1,0,1,1,0,0,0,0,1,1,1,0,1,1,1,0,1,0,0,1,0,1,0,0,1,0,0,0,1,0,0,0,1,0,0,0,1,1,1,0,1,0,0,0,0,1,0,1,1,1,1,0,0,1,1,1,0,0,1,1,1,0,0,0,1,1,0,1,1,0,1,0,0,0,0,0,0,0,0,1,1,0,0,0,1,0,1,1,0,0,0,1,1,1,0,0,1,0,0,0,0,0,0,0,1,0,0,0,0,1,0,0,1,0,0,0,0,0,0,1,0,0,0,0,0,1,1,0,0,1,0,0,0,0,0,0,0,0,0,0,0,0,0,0,1,1,0,0,0,0,0,0,0,0,0,1,0,0,0,0,1,0,1,0,1,0,1,0,1,0
1,1,1,1,1,0,0,0,0,1,0,0,0,0,0,1,1,1,1,1,1,1,1,1,1,1,1,1,1,1,0,0,1,1,0,0,1,0,1,0,1,1,0,0,1,1,1,1,0,0,0,1,0,1,1,0,0,0,0,1,1,1,1,1,1,1,0,1,0,0,1,0,1,0,0,1,0,0,0,1,0,0,0,1,0,0,0,1,1,1,0,1,0,0,0,0,1,0,1,1,1,1,0,0,1,1,1,0,0,1,1,1,0,0,0,1,1,0,1,1,0,1,0,0,0,0,0,0,0,0,1,1,0,0,0,1,0,1,1,0,0,0,1,1,1,0,0,1,0,0,0,0,0,0,0,1,0,0,0,0,1,0,0,1,0,0,0,0,0,0,1,0,0,0,0,0,1,1,0,0,1,0,0,0,0,0,0,0,0,0,0,0,0,0,0,1,1,0,0,0,0,0,0,0,0,0,1,0,0,0,0,1,0,1,0,1,0,1,0,1,0
0,1,0,1,0,0,0,0,0,1,0,0,0,0,0,1,1,1,1,0,0,1,0,1,0,1,1,0,0,0,0,0,1,1,0,0,1,0,1,0,1,0,0,0,1,1,1,0,0,0,0,1,0,1,1,0,0,0,0,1,1,1,0,0,1,1,0,1,0,0,1,0,1,0,0,1,0,0,0,1,0,0,0,1,0,0,0,1,1,1,0,1,0,0,0,0,1,0,1,1,1,1,0,0,1,0,1,0,0,1,1,0,0,0,0,1,1,0,1,1,0,1,0,0,0,0,0,0,0,0,1,1,0,0,0,1,0,1,1,0,0,0,1,1,1,0,0,1,0,0,0,0,0,0,0,1,0,0,0,0,1,0,0,1,0,0,0,0,0,0,0,0,0,0,0,0,1,1,0,0,1,0,0,0,0,0,0,0,0,0,0,0,0,0,0,1,1,0,0,0,0,0,0,0,0,0,1,0,0,0,0,1,0,1,0,1,0,1,0,1,0
0,0,0,0,0,1,1,1,0,0,0,0,0,0,0,1,1,1,0,0,1,1,0,0,0,1,1,0,0,0,1,0,0,0,0,0,0,0,1,1,0,1,1,1,1,1,0,1,1,1,1,1,0,1,0,0,1,1,1,1,0,1,0,0,0,1,0,1,1,0,1,1,1,0,1,1,0,0,1,1,1,1,1,1,0,0,1,1,1,1,1,1,0,0,1,1,1,1,0,1,0,1,0,1,1,0,1,1,1,1,1,1,1,1,1,1,1,1,1,0,1,1,0,1,1,1,0,1,1,1,1,1,1,0,0,1,1,0,0,1,0,1,0,1,0,1,1,1,0,0,1,1,0,1,0,0,0,1,0,1,1,1,0,1,0,1,0,1,1,0,0,0,0,1,0,1,1,1,1,1,1,1,0,1,0,0,1,1,1,1,1,1,1,1,0,1,1,1,1,1,1,1,1,1,1,0,1,1,1,1,1,0,1,0,1,1,1,1,1,0,1
0,1,0,0,0,1,1,1,0,0,0,0,0,0,0,1,1,1,0,0,1,1,0,0,0,1,1,0,0,0,1,0,0,0,1,0,0,0,1,1,0,1,1,1,1,1,0,1,1,1,1,1,0,1,0,0,1,1,1,1,0,1,0,0,0,1,0,1,1,1,1,0,1,0,1,1,0,0,0,1,0,1,1,1,0,0,0,1,1,1,1,1,0,0,1,0,1,1,0,1,0,1,0,1,1,0,1,0,0,1,1,1,1,1,1,1,1,1,1,0,0,1,0,1,1,1,0,1,1,1,1,1,0,0,0,1,1,0,0,1,0,0,0,1,0,1,1,1,0,0,1,1,1,1,0,0,0,0,0,1,1,1,0,1,0,1,0,1,1,0,0,0,0,1,0,1,1,1,1,1,1,1,1,0,0,0,1,1,0,1,1,1,0,0,0,1,1,1,1,1,1,1,1,0,0,0,1,1,1,1,1,0,1,0,1,1,1,1,1,0,1
0,1,0,0,0,1,1,1,0,0,0,0,0,0,0,1,1,1,0,0,1,1,0,0,0,1,1,0,0,0,1,0,0,0,0,0,0,0,1,1,0,1,1,1,1,1,0,1,1,1,1,1,0,1,0,0,1,1,1,1,0,1,0,0,0,1,0,1,1,0,1,0,1,0,1,1,0,0,0,1,0,1,1,1,0,0,0,1,1,1,1,1,0,0,1,0,1,1,0,1,0,1,0,1,1,0,1,0,0,1,1,1,1,1,1,1,1,1,1,0,0,1,0,1,1,1,0,1,1,1,1,1,0,0,0,1,1,0,0,1,0,0,0,1,0,1,1,1,0,0,1,1,0,1,0,0,0,0,0,1,1,1,0,1,0,1,0,1,1,0,0,0,0,1,0,1,1,1,1,1,1,1,0,0,0,0,1,1,0,1,1,1,0,0,0,1,1,1,1,1,1,1,1,0,0,0,1,1,1,1,1,0,1,0,1,1,1,1,1,0,1
0,1,0,0,0,1,1,1,0,0,0,0,0,0,0,1,1,1,0,0,1,1,0,0,0,1,1,0,0,0,1,0,0,0,1,0,0,0,1,1,0,1,1,1,1,1,0,1,1,1,1,1,0,1,0,0,1,1,1,1,0,1,0,0,0,1,0,1,1,1,1,0,1,0,1,1,0,0,0,1,0,1,1,1,0,0,0,1,1,1,1,1,0,0,1,0,1,1,0,1,0,1,0,1,1,0,1,0,0,1,1,1,1,1,1,1,1,1,1,0,0,1,0,1,1,1,0,1,1,1,1,1,0,0,0,1,1,0,0,1,0,0,0,1,0,1,1,1,0,0,1,1,1,1,0,0,0,0,0,1,1,1,0,1,0,1,0,1,1,0,0,0,0,1,0,1,1,1,1,1,1,1,0,0,0,0,1,1,0,1,1,1,0,0,0,1,1,1,1,1,1,1,1,0,0,0,1,1,1,1,1,0,1,0,1,1,1,1,1,0,1
0,1,0,0,0,1,1,1,0,0,0,0,0,0,0,1,1,1,0,0,1,1,0,0,0,1,1,0,0,0,1,0,0,0,1,0,0,0,1,1,0,1,1,1,1,1,0,1,1,1,1,1,0,1,0,0,1,1,1,1,0,1,0,0,0,1,0,1,1,1,1,0,1,0,1,1,0,0,0,1,0,1,1,1,0,0,0,1,1,1,1,1,0,0,1,0,1,1,0,1,0,1,0,1,1,0,1,0,0,1,1,1,1,1,1,1,1,1,1,0,0,1,0,1,1,1,0,1,1,1,1,1,0,0,0,1,1,0,0,1,0,0,0,1,0,1,1,1,0,0,1,1,1,1,0,0,0,0,0,1,1,1,0,1,0,1,0,1,1,0,0,0,0,1,0,1,1,1,1,1,1,1,0,0,0,0,1,1,0,1,1,1,0,0,0,1,1,1,1,1,1,1,1,0,0,0,1,1,1,1,1,0,1,0,1,1,1,1,1,0,1
0,0,0,0,0,1,1,1,0,0,0,0,0,0,0,1,1,1,0,0,1,1,0,0,0,1,1,0,0,0,1,0,0,0,0,0,0,0,1,1,0,1,1,1,1,1,0,1,1,1,1,1,0,1,0,0,1,1,1,1,0,1,0,0,0,1,0,1,1,0,1,1,1,0,1,1,0,0,1,1,1,1,1,1,0,0,1,1,1,1,1,1,0,0,1,1,1,1,0,1,0,1,0,1,1,0,1,1,1,1,1,1,1,1,1,1,1,1,1,0,1,1,0,1,1,1,0,1,1,1,1,1,1,0,0,1,1,0,0,1,0,1,0,1,0,1,1,1,0,0,1,1,0,1,0,0,0,1,0,1,1,1,0,1,0,1,0,1,1,0,0,0,0,1,0,1,1,1,1,1,1,1,0,1,0,0,1,1,1,1,1,1,1,1,0,1,1,1,1,1,1,1,1,1,1,0,1,1,1,1,1,0,1,0,1,1,1,1,1,0,1
0,1,0,0,0,1,1,1,0,0,0,0,0,0,0,1,1,1,0,0,1,1,0,0,0,1,1,0,0,0,1,0,0,0,1,0,0,0,1,1,0,1,1,1,1,1,0,1,1,1,1,1,0,1,0,0,1,1,1,1,0,1,0,0,0,1,0,1,1,1,1,0,1,0,1,1,0,0,0,1,0,1,1,1,0,0,0,1,1,1,1,1,0,0,1,0,1,1,0,1,0,1,0,1,1,0,1,0,0,1,1,1,1,1,1,1,1,1,1,0,0,1,0,1,1,1,0,1,1,1,1,1,0,0,0,1,1,0,0,1,0,0,0,1,0,1,1,1,0,0,1,1,1,1,0,0,0,0,0,1,1,1,0,1,0,1,0,1,1,0,0,0,0,1,0,1,1,1,1,1,1,1,1,0,0,0,1,1,0,1,1,1,0,0,0,1,1,1,1,1,1,1,1,0,0,0,1,1,1,1,1,0,1,0,1,1,1,1,1,0,1
0,0,0,0,0,1,1,1,0,0,0,0,0,0,0,1,1,1,0,0,1,1,0,0,0,1,1,0,0,0,1,0,0,0,0,0,0,0,1,1,0,1,1,1,1,1,0,1,1,1,1,1,0,1,0,0,1,1,1,1,0,1,1,0,0,1,1,1,1,0,1,1,1,0,1,1,0,0,1,1,1,1,1,1,0,0,1,1,1,1,1,1,0,0,1,1,1,1,0,1,0,1,0,1,1,0,1,1,1,1,1,1,1,1,1,1,1,1,1,0,1,1,0,1,1,1,0,1,1,1,1,1,1,0,0,1,1,0,0,1,0,1,0,1,0,1,1,1,0,0,1,1,0,1,0,0,0,1,0,1,1,1,0,1,0,1,0,1,1,0,0,0,0,1,0,1,1,1,1,1,1,1,0,1,0,0,1,1,1,1,1,1,1,1,0,1,1,1,1,1,1,1,1,1,1,0,1,1,1,1,1,0,1,0,1,1,1,1,1,0,1
0,1,0,0,0,1,1,0,0,0,1,0,0,1,0,0,0,1,0,0,0,0,0,0,0,0,0,0,0,0,1,0,0,1,1,1,0,0,0,1,0,1,1,1,0,0,0,1,1,0,0,1,0,0,0,0,0,1,1,0,0,0,0,1,1,0,0,0,1,1,0,0,0,0,0,0,0,0,0,0,0,0,0,0,0,0,0,0,1,0,1,0,0,0,0,0,0,1,0,0,0,0,0,0,0,1,0,0,0,0,0,1,1,1,1,0,0,1,1,0,0,0,0,1,0,1,0,1,1,0,0,0,0,0,0,0,1,0,0,1,0,0,0,0,0,1,1,1,0,0,1,0,1,1,1,0,0,0,0,1,1,1,1,1,0,1,0,1,1,0,1,0,0,1,0,1,1,0,0,1,0,1,1,0,0,0,1,1,0,1,1,1,0,0,0,1,1,1,1,1,1,1,0,0,0,1,1,1,1,1,1,0,1,0,1,0,1,1,1,0,1
0,1,0,1,0,1,1,1,0,0,0,0,0,0,0,0,0,1,1,0,0,0,0,0,0,0,1,0,0,0,1,0,0,1,0,0,0,1,1,1,0,1,1,1,0,0,0,1,1,0,0,1,0,1,1,0,1,1,1,0,0,0,1,1,1,0,0,0,1,0,0,1,0,0,0,1,0,0,0,0,0,0,0,1,0,1,1,0,1,0,1,0,0,0,0,0,0,1,0,1,0,0,0,0,0,1,0,0,0,0,0,1,1,1,0,1,1,1,1,0,0,0,0,1,0,0,0,1,1,0,0,0,0,0,0,0,1,0,0,1,0,0,0,1,0,1,1,1,0,1,1,0,0,1,1,0,1,0,0,1,1,0,1,1,0,1,1,0,1,0,1,0,1,1,0,1,0,0,0,0,1,1,0,0,0,0,1,1,0,1,0,1,0,0,0,1,0,1,0,0,0,1,1,0,0,0,0,1,0,0,0,0,0,0,1,0,0,0,0,0,0
0,1,0,1,0,1,1,1,0,0,0,0,0,0,0,0,0,1,1,0,0,0,0,0,0,0,1,0,0,0,1,0,0,0,0,0,0,1,1,1,0,1,1,1,0,0,0,1,1,0,0,1,0,1,1,0,1,1,1,0,0,0,1,0,0,0,0,0,1,0,0,1,0,0,0,1,0,0,0,0,0,0,0,1,0,1,1,0,1,0,1,0,0,0,0,0,0,1,0,1,0,0,0,0,0,0,0,0,0,0,0,1,1,1,0,1,1,1,1,0,0,0,0,1,0,0,0,1,1,0,0,0,0,0,0,0,1,0,0,1,0,0,0,1,0,1,1,1,0,1,1,0,0,1,1,0,1,0,0,1,1,0,1,1,0,1,1,0,1,0,0,0,1,1,0,1,1,0,0,0,1,1,0,0,0,0,1,1,0,1,0,1,0,0,0,1,0,1,1,0,0,1,1,0,0,0,1,1,1,1,0,0,0,0,1,0,1,1,0,0,0
1,1,0,1,1,1,0,0,0,0,1,0,1,1,0,1,1,1,1,0,0,1,1,1,0,1,1,1,1,1,1,0,0,1,0,0,0,0,1,0,0,1,0,1,1,1,0,1,0,1,1,0,0,1,1,0,0,0,0,1,1,1,0,1,1,1,0,1,0,0,1,1,1,0,1,1,0,1,0,1,1,1,1,1,0,1,0,1,1,1,0,1,0,0,1,0,1,0,0,1,0,1,0,1,1,1,1,1,0,1,1,1,0,0,0,1,1,0,1,0,0,1,0,0,0,0,0,0,0,0,1,1,1,0,0,1,0,0,1,0,0,0,0,1,1,0,0,1,0,0,0,0,0,0,0,1,0,0,0,0,1,0,0,1,0,0,0,0,0,0,1,1,1,0,0,0,1,1,0,0,1,0,0,0,0,0,0,0,1,0,0,0,1,0,0,1,1,0,0,0,0,0,0,1,0,0,1,0,0,0,0,1,0,0,0,0,0,0,0,1,0
1,1,0,1,1,1,1,0,0,0,1,0,1,1,0,1,1,1,1,0,0,1,1,1,0,1,1,1,1,1,1,0,0,1,1,0,0,0,1,1,0,1,0,1,1,1,0,1,0,1,1,0,0,1,1,0,0,1,1,1,1,1,0,1,1,1,0,1,0,1,1,1,1,0,1,1,0,1,0,1,1,1,1,1,0,1,0,1,1,1,0,1,0,0,1,0,1,1,0,1,0,1,0,1,1,1,1,1,0,1,1,1,1,1,0,1,1,1,1,0,0,1,0,0,0,0,0,1,1,0,1,1,1,0,0,1,0,0,1,0,0,0,0,1,1,0,1,1,0,0,0,0,1,1,0,1,0,0,0,0,1,0,0,1,0,1,0,0,1,0,1,1,1,1,0,1,1,1,0,0,1,0,1,0,0,0,1,1,1,1,0,1,1,0,0,1,1,1,1,0,0,1,0,0,0,0,1,0,1,0,0,1,0,0,0,0,1,0,0,1,0
1,1,0,1,1,1,1,0,0,1,1,0,1,1,0,1,1,1,1,0,0,1,1,1,0,1,1,1,1,1,1,0,1,1,0,0,0,0,1,1,1,1,0,1,1,1,1,1,1,1,1,1,0,1,1,0,0,1,1,1,1,1,0,1,1,1,0,1,1,0,1,1,1,0,1,1,0,1,0,1,1,1,1,1,0,1,0,1,1,1,1,1,0,0,1,0,1,1,1,1,1,1,0,1,1,1,1,1,0,1,1,1,1,1,0,1,1,1,1,1,0,1,0,1,0,0,0,1,1,0,1,1,1,0,0,1,1,1,1,1,0,0,1,1,1,1,1,1,0,0,0,0,0,1,0,1,0,0,0,1,1,0,0,1,0,1,0,0,1,0,1,1,1,1,0,1,1,1,0,0,1,1,0,0,0,0,1,1,1,1,0,1,1,0,0,1,1,1,1,0,0,1,0,1,0,0,1,0,1,0,0,1,0,0,0,0,1,0,0,1,0
1,1,0,1,1,1,1,0,0,0,1,0,1,1,0,1,1,1,1,0,0,1,1,1,0,1,1,1,1,1,1,0,0,1,0,0,0,0,1,1,0,1,0,1,1,1,0,1,1,1,1,1,0,1,1,0,0,1,1,1,1,1,0,1,1,1,0,1,1,0,1,1,1,0,1,1,0,1,0,1,1,1,1,1,0,1,0,1,1,1,1,1,0,0,1,0,1,1,0,1,0,1,0,1,1,1,1,1,0,1,1,1,1,1,0,1,1,1,1,0,0,1,0,1,0,0,0,1,1,0,1,1,1,0,0,1,1,0,1,1,0,0,0,1,1,1,1,1,0,0,0,0,0,1,0,1,0,0,0,1,1,0,0,1,0,1,0,0,1,0,1,1,1,1,0,1,1,1,0,0,1,1,0,0,0,0,1,1,1,1,0,1,1,0,0,1,1,1,1,0,0,1,0,1,0,0,1,0,1,0,0,1,0,0,0,0,1,0,0,1,0
1,1,0,1,1,1,0,0,0,1,1,0,1,1,0,1,1,1,1,0,0,1,1,1,0,1,1,1,1,1,1,0,1,1,0,0,0,0,1,0,1,1,0,1,1,1,1,1,0,1,1,0,0,1,1,0,0,0,0,1,1,1,0,1,1,1,0,1,0,0,1,1,1,0,1,1,0,1,0,1,1,1,1,1,0,1,0,1,1,1,0,1,0,0,1,0,1,0,1,1,1,1,0,1,1,1,1,1,0,1,1,1,0,0,0,1,1,0,1,1,0,1,0,0,0,0,0,0,0,0,1,1,1,0,0,1,0,1,1,0,0,0,1,1,1,0,0,1,0,0,0,0,0,0,0,1,0,0,0,0,1,0,0,1,0,0,0,0,0,0,1,1,1,0,0,0,1,1,0,0,1,0,0,0,0,0,0,0,1,0,0,0,1,0,0,1,1,0,0,0,0,0,0,1,0,0,1,0,0,0,0,1,0,0,0,0,0,0,0,1,0
1,1,0,1,1,1,0,0,0,1,1,0,1,1,0,1,1,1,1,0,0,1,1,1,0,1,1,1,1,1,1,0,1,1,0,0,0,0,1,0,1,1,0,1,1,1,1,1,0,1,1,0,0,1,1,0,0,0,0,1,1,1,0,1,1,1,0,1,0,0,1,1,1,0,1,1,0,1,0,1,1,1,1,1,0,1,0,1,1,1,0,1,0,0,1,0,1,0,1,1,1,1,0,1,1,1,1,1,0,1,1,1,0,0,0,1,1,0,1,1,0,1,0,0,0,0,0,0,0,0,1,1,1,0,0,1,0,1,1,0,0,0,1,1,1,0,0,1,0,0,0,0,0,0,0,1,0,0,0,0,1,0,0,1,0,0,0,0,0,0,1,1,1,0,0,0,1,1,0,0,1,0,0,0,0,0,0,0,1,0,0,0,1,0,0,1,1,0,0,0,0,0,0,0,0,0,1,0,0,0,0,1,0,0,0,0,0,0,0,1,0
0,0,0,0,0,1,1,1,0,0,1,0,0,1,1,0,0,0,0,0,0,0,0,0,0,0,0,0,0,0,1,0,0,1,0,1,0,0,0,1,0,1,1,1,0,0,0,1,1,0,0,1,0,0,0,0,1,1,1,0,0,0,0,1,1,0,0,0,1,0,0,1,0,0,0,0,0,0,0,0,0,0,0,0,0,1,1,0,0,0,1,0,0,0,0,0,0,1,0,0,0,0,0,0,0,1,0,0,0,0,0,1,1,1,0,0,0,1,0,0,0,0,0,1,0,0,0,1,1,0,0,0,0,0,0,0,1,0,0,1,0,0,0,0,0,1,1,0,0,1,1,0,0,1,1,0,1,0,0,1,0,0,1,0,0,1,0,0,1,0,1,1,1,1,0,1,0,0,0,0,0,1,0,0,0,0,1,0,0,1,1,0,0,0,0,1,1,1,1,1,1,0,0,0,0,1,1,0,1,0,1,0,0,0,0,0,1,0,1,0,0
0,1,0,1,0,1,1,0,0,0,1,0,1,1,1,0,0,1,1,0,0,0,0,0,0,0,1,0,0,0,1,0,0,1,0,1,1,0,1,1,0,1,1,1,0,0,0,1,1,0,0,1,0,1,1,0,1,1,1,0,0,0,1,1,1,0,0,0,1,0,0,1,0,0,0,1,0,0,0,0,0,0,0,1,0,1,1,0,1,0,1,0,0,0,0,0,1,1,0,1,0,0,0,0,0,0,0,0,0,0,0,1,1,1,0,1,1,1,1,0,0,0,0,1,0,0,0,1,1,0,0,0,0,0,0,1,1,0,0,1,0,0,0,1,0,1,1,1,0,1,1,0,0,1,0,0,1,0,0,1,1,0,0,1,0,1,0,0,1,0,1,1,0,1,0,1,1,1,0,0,1,1,0,0,0,0,1,1,0,1,1,1,0,0,0,1,1,1,1,1,1,1,1,0,0,1,1,0,1,0,0,1,0,0,0,0,1,0,0,1,0
1,1,0,1,1,1,0,0,0,1,1,0,1,1,0,1,1,1,1,0,0,1,1,1,0,1,1,1,1,1,1,0,1,1,0,0,0,0,1,0,1,1,0,1,1,1,1,1,0,1,1,0,0,1,1,0,0,0,0,1,1,1,0,1,1,1,0,1,0,0,1,1,1,0,1,1,0,1,0,1,1,1,1,1,0,1,0,1,1,1,0,1,0,0,1,0,1,0,1,1,1,1,0,1,1,1,1,1,0,1,1,1,0,0,0,1,1,0,1,1,0,1,0,0,0,0,0,0,0,0,1,1,1,0,0,1,0,1,1,0,0,0,1,1,1,0,0,1,0,0,0,0,0,0,0,1,0,0,0,0,1,0,0,1,0,0,0,0,0,0,1,1,1,0,0,0,1,1,0,0,1,0,0,0,0,0,0,0,1,0,0,0,1,0,0,1,1,0,0,0,0,0,0,1,0,0,1,0,0,0,0,1,0,0,0,0,0,0,0,1,0
0,1,0,1,0,1,1,0,0,0,1,0,1,1,1,0,0,1,1,0,0,0,0,0,0,0,1,0,0,0,1,0,0,1,0,1,0,0,1,1,0,1,1,1,0,0,0,1,1,0,0,1,0,1,1,0,1,1,1,0,0,0,1,1,1,0,0,0,1,0,0,1,0,0,0,1,0,0,0,0,0,0,0,1,0,1,1,0,1,0,1,0,0,0,0,0,1,1,0,1,0,0,0,0,0,0,0,0,0,0,0,1,1,1,0,1,1,1,1,0,0,0,0,1,0,0,0,1,1,0,0,0,0,0,0,1,1,0,0,1,0,0,0,1,0,1,1,1,0,1,1,0,0,1,0,0,1,0,0,1,1,0,0,1,0,1,0,0,1,0,1,1,0,1,0,1,1,1,0,0,1,1,0,0,0,0,1,1,0,1,1,1,0,0,0,1,1,1,1,1,1,1,1,0,0,1,1,0,1,0,0,1,0,0,0,0,1,0,0,1,0
0,1,0,1,0,1,1,0,0,0,1,0,1,1,1,0,0,1,1,0,0,0,0,0,0,0,1,0,0,0,1,0,0,1,0,1,0,0,1,1,0,1,1,1,0,0,0,1,1,0,0,1,0,1,1,0,1,1,1,0,0,0,1,1,1,0,0,0,1,0,0,1,0,0,0,1,0,0,0,0,0,0,0,1,0,1,1,0,1,0,1,0,0,0,0,0,1,1,0,1,0,0,0,0,0,0,0,0,0,0,0,1,1,1,0,1,1,1,1,0,0,0,0,1,0,0,0,1,1,0,0,0,0,0,0,1,1,0,0,1,0,0,0,1,0,1,1,1,0,1,1,0,0,1,0,0,1,0,0,1,1,0,0,1,0,1,0,0,1,0,1,1,0,1,0,1,1,1,0,0,1,1,0,0,0,0,1,1,0,1,1,1,0,0,0,1,1,1,1,1,1,1,1,0,0,1,1,0,1,0,0,1,0,0,0,0,1,0,0,1,0
0,0,0,1,0,1,1,0,0,0,1,0,1,1,1,0,0,0,0,0,0,0,0,0,0,0,0,0,0,0,1,0,0,1,0,1,0,0,1,1,0,1,1,1,0,0,0,1,1,0,0,1,0,1,1,0,1,1,1,0,0,0,1,1,1,0,0,0,1,0,0,1,0,0,0,1,0,0,0,0,0,0,0,1,0,1,1,0,1,0,1,0,0,0,0,0,1,1,0,1,0,0,0,0,0,1,0,0,0,0,0,1,1,1,0,1,1,1,1,0,0,0,0,1,0,0,0,1,1,0,0,0,0,0,0,1,1,0,0,1,0,0,0,1,0,1,1,1,0,1,1,0,0,1,0,0,1,0,0,1,1,0,0,1,0,1,0,0,1,0,1,1,1,1,0,1,1,1,0,0,1,1,0,0,0,0,1,1,0,1,1,1,0,0,0,1,1,1,1,1,1,1,1,0,0,1,1,0,1,0,0,1,0,0,0,0,1,0,0,1,0
0,0,0,1,0,1,1,0,0,0,1,0,1,1,1,0,0,0,0,0,0,0,0,0,0,0,0,0,0,0,1,0,0,1,0,1,0,0,1,1,0,1,1,1,0,0,0,1,1,0,0,1,0,1,1,0,1,1,1,0,0,0,1,1,1,0,0,0,1,0,0,1,0,0,0,1,0,0,0,0,0,0,0,1,0,1,1,0,1,0,1,0,0,0,0,0,1,1,0,1,0,0,0,0,0,1,0,0,0,0,0,1,1,1,0,1,1,1,1,0,0,0,0,1,0,0,0,1,1,0,0,0,0,0,0,1,1,0,0,1,0,0,0,1,0,1,1,1,0,1,1,0,0,1,0,0,1,0,0,1,1,0,0,1,0,1,0,0,1,0,0,0,1,1,0,1,1,1,0,0,1,1,0,0,0,0,1,1,0,1,1,1,0,0,0,1,1,1,1,1,1,1,1,0,0,1,1,0,1,0,0,1,0,0,0,0,1,0,0,1,0
0,0,0,1,0,1,1,0,0,0,1,0,1,1,1,0,0,0,0,0,0,0,0,0,0,0,0,0,0,0,1,0,0,1,0,1,0,0,1,1,0,1,1,1,0,0,0,1,1,0,0,1,0,1,1,0,1,1,1,0,0,0,1,1,1,0,0,0,1,0,0,1,0,0,0,1,0,0,0,0,0,0,0,1,0,1,1,0,1,0,1,0,0,0,0,0,1,1,0,1,0,0,0,0,0,1,0,0,0,0,0,1,1,1,0,1,1,1,1,0,0,0,0,1,0,0,0,1,1,0,0,0,0,0,0,1,1,0,0,1,0,0,0,1,0,1,1,1,0,1,1,0,0,1,0,0,1,0,0,1,1,0,0,1,0,1,0,0,1,0,0,0,1,1,0,1,1,1,0,0,1,1,0,0,0,0,1,1,0,1,1,1,0,0,0,1,1,1,1,1,1,1,1,0,0,1,1,0,1,0,0,1,0,0,0,0,1,0,0,1,0
0,1,0,1,0,1,1,0,0,0,1,0,1,1,1,0,0,0,0,0,0,0,0,0,0,0,0,0,0,0,1,0,0,1,0,1,0,0,1,1,0,1,0,1,0,0,0,1,0,0,0,1,1,1,1,0,1,1,1,0,0,0,1,1,1,0,0,0,1,0,0,1,0,0,0,1,0,0,0,0,0,0,0,1,0,1,1,0,1,0,1,0,0,0,0,0,1,1,0,1,0,0,0,0,0,1,0,0,0,0,0,1,1,1,0,1,1,1,1,0,0,0,1,1,0,0,0,1,1,0,0,0,0,0,0,1,1,0,0,1,0,0,0,1,0,1,1,1,0,1,0,0,0,1,0,0,1,0,0,1,1,0,0,1,1,1,0,0,1,0,1,1,1,1,1,1,1,1,0,0,1,1,0,0,0,1,1,1,0,1,0,1,0,0,0,1,1,1,1,0,0,1,0,0,0,1,1,0,1,0,0,1,0,0,0,0,1,0,0,1,0
0,1,0,1,0,1,1,0,0,0,1,0,1,1,1,0,0,1,1,0,0,0,0,0,0,0,1,0,0,0,1,0,0,1,0,1,0,0,1,1,0,1,0,1,0,0,0,1,0,0,0,1,1,1,1,0,1,1,1,0,0,0,1,1,1,0,0,0,1,0,0,1,0,0,0,1,0,0,0,0,0,0,0,1,0,1,1,0,1,0,1,0,0,0,0,0,1,1,0,1,0,0,0,0,0,0,0,0,0,0,0,1,1,1,0,1,1,1,1,0,0,0,1,1,0,0,0,1,1,0,0,0,0,0,0,1,1,0,0,1,0,0,0,1,0,1,1,1,0,1,0,0,0,1,0,0,1,0,0,1,1,0,0,1,1,1,0,0,1,0,1,1,0,1,1,1,1,1,0,0,1,1,0,0,0,1,1,1,0,1,0,1,0,0,0,1,1,1,1,0,0,1,0,0,0,1,1,0,1,0,0,1,0,0,0,0,1,0,0,1,0
0,0,0,1,0,1,1,0,0,0,1,0,1,1,1,0,0,0,0,0,0,0,0,0,0,0,0,0,0,0,1,0,0,1,0,1,0,0,1,1,0,1,0,1,0,0,0,1,0,0,0,1,1,1,1,0,1,1,1,0,0,0,1,1,1,0,0,0,1,0,0,1,0,0,0,1,0,0,0,0,0,0,0,1,0,1,1,0,1,0,1,0,0,0,0,0,1,1,0,1,0,0,0,0,0,1,0,0,0,0,0,1,1,1,0,1,1,1,1,0,0,0,1,1,0,0,0,1,1,0,0,0,0,0,0,1,1,0,0,1,0,0,0,1,0,1,1,1,0,1,0,0,0,1,0,0,1,0,0,1,1,0,0,1,1,1,0,0,1,0,0,0,1,1,1,1,1,1,0,0,1,1,0,0,0,1,1,1,0,1,0,1,0,0,0,1,1,1,1,0,0,1,0,0,0,1,1,0,1,0,0,1,0,0,0,0,1,0,0,1,0
0,1,0,0,0,1,1,1,0,0,1,0,0,1,0,0,1,1,1,0,0,1,0,0,0,0,1,0,0,0,1,0,0,1,0,1,1,0,1,1,0,0,1,1,0,0,0,0,1,0,0,1,0,1,1,0,1,1,1,0,0,0,0,1,1,0,0,0,1,0,0,1,0,0,0,1,0,0,0,0,0,0,0,1,0,1,1,0,1,0,1,0,0,0,0,0,1,1,0,1,0,0,0,0,0,0,0,0,0,0,0,0,1,1,0,1,1,1,1,0,0,0,0,1,0,0,0,1,1,0,0,0,0,0,0,1,1,0,0,1,0,0,0,1,0,1,1,1,0,1,1,0,0,1,1,0,1,0,0,1,1,0,1,1,0,1,0,0,1,0,1,1,0,1,0,1,0,1,0,0,1,1,0,0,0,0,1,0,0,1,1,0,0,0,0,1,1,1,1,1,1,0,0,0,0,1,1,0,1,0,1,0,0,0,0,0,1,0,1,0,0
0,1,0,0,0,1,1,1,0,0,1,0,0,1,0,0,1,1,1,0,0,1,0,0,0,0,1,0,0,0,1,0,0,1,0,1,0,0,1,1,0,0,1,1,0,0,0,0,1,0,0,1,0,1,1,0,1,1,1,0,0,0,0,1,1,0,0,0,1,0,0,1,0,0,0,1,0,0,0,0,0,0,0,1,0,1,1,0,1,0,1,0,0,0,0,0,1,1,0,1,0,0,0,0,0,0,0,0,0,0,0,0,1,1,0,1,1,1,1,0,0,0,0,1,0,0,0,1,1,0,0,0,0,0,0,1,1,0,0,1,0,0,0,1,0,1,1,1,0,1,1,0,0,1,1,0,1,0,0,1,1,0,1,1,0,1,0,0,1,0,1,1,0,1,0,1,0,1,0,0,1,1,0,0,0,0,1,0,0,1,1,0,0,0,0,1,1,1,1,1,1,0,0,0,0,1,1,0,1,0,1,1,0,0,0,0,1,0,1,1,0
0,0,0,0,0,1,1,1,0,0,1,0,0,1,0,0,1,1,0,0,0,0,0,0,0,0,0,0,0,0,1,0,0,1,0,1,0,0,0,1,0,1,1,1,0,0,0,1,1,0,0,1,0,0,0,0,1,1,1,0,0,0,0,1,1,0,0,0,1,0,0,1,0,0,0,0,0,0,0,0,0,0,0,0,0,1,1,0,0,0,1,0,0,0,0,0,0,1,0,0,0,0,0,0,0,1,0,0,0,0,0,1,1,1,0,0,0,1,0,0,0,0,0,1,0,0,0,1,1,0,0,0,0,0,0,0,1,0,0,1,0,0,0,0,0,1,1,0,0,1,1,0,0,1,1,0,1,0,0,1,0,0,1,0,0,1,0,0,1,0,1,1,1,1,0,1,0,0,0,0,0,1,0,0,0,0,1,0,0,1,1,0,0,0,0,1,1,1,1,1,1,0,0,0,0,1,1,0,1,0,1,0,0,0,0,0,1,0,1,0,0
0,1,0,0,0,1,1,1,0,0,1,0,0,1,0,0,1,1,1,0,0,1,0,0,0,0,1,0,0,0,1,0,0,1,0,1,0,0,1,1,0,0,1,1,0,0,0,0,1,0,0,1,0,1,1,0,1,1,1,0,0,0,0,1,1,0,0,0,1,0,0,1,0,0,0,1,0,0,0,0,0,0,0,1,0,1,1,0,1,0,1,0,0,0,0,0,1,1,0,1,0,0,0,0,0,0,0,0,0,0,0,0,1,1,0,1,1,1,1,0,0,0,0,1,0,0,0,1,1,0,0,0,0,0,0,1,1,0,0,1,0,0,0,1,0,1,1,1,0,1,1,0,0,1,1,0,1,0,0,1,1,0,1,1,0,1,0,0,1,0,1,1,0,1,0,1,0,1,0,0,1,1,0,0,0,0,1,0,0,1,1,0,0,0,0,1,1,1,1,1,1,0,0,0,0,1,1,0,1,0,1,1,0,0,0,0,1,0,1,1,0
0,0,0,0,0,1,1,1,0,0,1,0,0,1,0,0,1,1,0,0,0,0,0,0,0,0,0,0,0,0,1,0,0,1,0,1,0,0,0,1,0,1,1,1,0,0,0,1,1,0,0,1,0,0,0,0,1,1,1,0,0,0,0,1,1,0,0,0,1,0,0,1,0,0,0,0,0,0,0,0,0,0,0,0,0,1,1,0,0,0,1,0,0,0,0,0,0,1,0,0,0,0,0,0,0,1,0,0,0,0,0,1,1,1,0,0,0,1,0,0,0,0,0,1,0,0,0,1,1,0,0,0,0,0,0,0,1,0,0,1,0,0,0,0,0,1,1,0,0,1,1,0,0,1,1,0,1,0,0,1,0,0,1,0,0,1,0,0,1,0,1,1,1,1,0,1,0,0,0,0,0,1,0,0,0,0,1,0,0,1,1,0,0,0,0,1,1,1,1,1,1,0,0,0,0,1,1,0,1,0,1,0,0,0,0,0,1,0,1,0,0
0,1,0,0,0,1,1,1,0,0,1,0,0,1,1,0,0,1,1,0,0,0,0,0,0,0,1,0,0,0,1,0,0,1,0,1,0,0,1,1,0,0,1,1,0,0,0,0,1,0,0,1,0,1,1,0,1,1,1,0,0,0,0,1,1,0,0,0,1,0,0,1,0,0,0,1,0,0,0,0,0,0,0,1,0,1,1,0,1,0,1,0,0,0,0,0,1,1,0,1,0,0,0,0,0,0,0,0,0,0,0,0,1,1,0,1,1,1,1,0,0,0,0,1,0,0,0,1,1,0,0,0,0,0,0,1,1,0,0,1,0,0,0,1,0,1,1,1,0,1,1,0,0,1,1,0,1,0,0,1,1,0,1,1,0,1,0,0,1,0,1,1,0,1,0,1,0,1,0,0,1,1,0,0,0,0,1,0,0,1,1,0,0,0,0,1,1,1,1,1,1,0,0,0,0,1,1,0,1,0,1,1,0,0,0,0,1,0,1,1,0
0,1,0,0,0,1,1,1,0,0,1,0,0,1,1,0,0,1,1,0,0,0,0,0,0,0,1,0,0,0,1,0,0,1,0,1,1,0,1,1,0,0,1,1,0,0,0,0,1,0,0,1,0,1,1,0,1,1,1,0,0,0,0,1,1,0,0,0,1,0,0,1,0,0,0,1,0,0,0,0,0,0,0,1,0,1,1,0,1,0,1,0,0,0,0,0,1,1,0,1,0,0,0,0,0,0,0,0,0,0,0,0,1,1,0,1,1,1,1,0,0,0,0,1,0,0,0,1,1,0,0,0,0,0,0,1,1,0,0,1,0,0,0,1,0,1,1,1,0,1,1,0,0,1,1,0,1,0,0,1,1,0,1,1,0,1,0,0,1,0,1,1,0,1,0,1,0,1,0,0,1,1,0,0,0,0,1,0,0,1,1,0,0,0,0,1,1,1,1,1,1,0,0,0,0,1,1,0,1,0,1,0,0,0,0,0,1,0,1,0,0
0,0,0,0,0,1,1,1,0,0,1,0,0,1,1,0,0,0,0,0,0,0,0,0,0,0,0,0,0,0,1,0,0,1,0,1,0,0,0,1,0,1,1,1,0,0,0,1,1,0,0,1,0,0,0,0,1,1,1,0,0,0,0,1,1,0,0,0,1,0,0,1,0,0,0,0,0,0,0,0,0,0,0,0,0,1,1,0,0,0,1,0,0,0,0,0,0,1,0,0,0,0,0,0,0,1,0,0,0,0,0,1,1,1,0,0,0,1,0,0,0,0,0,1,0,0,0,1,1,0,0,0,0,0,0,0,1,0,0,1,0,0,0,0,0,1,1,0,0,1,1,0,0,1,1,0,1,0,0,1,0,0,1,0,0,1,0,0,1,0,1,1,1,1,0,1,0,0,0,0,0,1,0,0,0,0,1,0,0,1,1,0,0,0,0,1,1,1,1,1,1,0,0,0,0,1,1,0,1,0,1,0,0,0,0,0,1,0,1,0,0
1,0,0,1,1,1,1,0,0,0,0,0,0,0,0,0,0,0,0,0,0,0,0,0,0,0,0,0,0,0,0,0,0,1,0,0,0,1,1,0,0,1,0,0,0,0,0,1,0,0,0,1,0,0,0,0,0,0,0,0,0,0,0,0,1,0,0,0,0,0,0,0,0,0,0,0,0,0,0,0,0,0,0,0,0,0,0,0,0,0,0,0,0,0,0,0,0,0,0,0,0,0,0,0,0,1,0,0,0,0,0,0,0,0,0,0,0,0,0,0,0,0,0,0,0,0,0,0,0,0,0,0,0,0,0,0,0,0,0,0,0,0,0,0,0,0,0,0,0,0,0,0,0,0,0,0,0,0,0,0,0,0,0,0,0,0,0,0,0,0,1,0,0,0,0,0,0,0,0,0,0,0,0,0,0,0,0,0,0,0,0,0,0,0,0,0,0,0,0,0,0,0,0,0,0,0,0,0,0,0,0,0,0,0,0,0,0,0,0,0,0
0,1,0,0,0,1,1,1,0,0,1,0,0,1,1,0,0,1,1,0,0,0,0,0,0,0,1,0,0,0,1,0,0,1,0,1,0,0,1,1,0,0,1,1,0,0,0,0,1,0,0,1,0,1,1,0,1,1,1,0,0,0,0,1,1,0,0,0,1,0,0,1,0,0,0,1,0,0,0,0,0,0,0,1,0,1,1,0,1,0,1,0,0,0,0,0,1,1,0,1,0,0,0,0,0,0,0,0,0,0,0,0,1,1,0,1,1,1,1,0,0,0,0,1,0,0,0,1,1,0,0,0,0,0,0,1,1,0,0,1,0,0,0,1,0,1,1,1,0,1,1,0,0,1,1,0,1,0,0,1,1,0,1,1,0,1,0,0,1,0,1,1,0,1,0,1,0,1,0,0,1,1,0,0,0,0,1,0,0,1,1,0,0,0,0,1,1,1,1,1,1,0,0,0,0,1,1,0,1,0,1,1,0,0,0,0,1,0,1,1,0
0,1,0,0,0,1,1,1,0,0,0,0,0,0,0,0,0,1,1,0,0,1,0,0,0,0,1,0,0,0,1,0,0,0,0,0,0,0,1,1,0,1,0,1,0,0,0,1,1,0,0,1,0,0,0,0,0,1,1,0,0,0,1,0,0,0,0,0,1,0,1,0,1,0,0,0,0,0,0,1,0,0,0,0,0,0,0,1,0,0,1,0,0,0,0,0,0,1,0,0,0,0,0,0,0,0,0,0,0,1,1,1,1,1,1,0,0,1,0,0,0,1,0,1,0,1,0,1,1,0,1,0,0,0,0,0,1,0,0,1,0,0,0,0,0,1,1,1,0,0,0,0,0,1,0,0,0,0,0,1,0,1,0,0,0,1,0,0,1,0,0,0,0,1,0,1,0,0,0,1,0,1,0,0,0,0,1,0,0,1,0,1,0,0,0,1,1,1,1,0,0,1,0,0,0,0,1,1,1,1,0,0,1,0,1,0,1,1,0,0,1
1,1,0,1,0,1,0,0,0,0,0,0,0,0,0,0,0,1,1,0,0,0,0,0,0,0,1,0,0,0,1,0,0,0,0,0,0,0,1,1,0,1,0,1,0,0,0,1,0,0,0,1,0,1,1,0,0,0,0,0,0,0,1,0,0,0,0,0,0,0,0,1,0,1,0,1,0,0,0,0,1,0,0,1,0,0,0,0,1,0,0,0,0,0,0,0,1,0,0,1,0,0,0,0,0,0,0,1,0,0,0,1,0,0,0,1,1,0,1,0,0,0,0,0,0,0,0,0,0,0,0,0,1,0,0,1,0,0,0,0,0,0,0,1,0,0,0,1,0,0,0,0,0,0,0,0,0,0,0,0,1,0,0,1,0,0,0,0,0,0,0,0,0,0,0,0,1,1,0,0,1,0,0,0,0,0,0,0,1,0,0,0,1,0,0,1,1,0,0,0,0,0,0,1,0,0,0,0,0,0,0,0,0,0,0,0,0,0,0,0,0
0,1,0,0,0,1,1,1,0,0,0,0,0,0,0,1,1,1,1,0,0,1,0,0,0,1,1,0,1,0,1,0,0,0,0,0,0,0,1,1,0,1,0,1,1,1,0,1,1,1,1,1,0,1,0,0,0,1,1,1,0,1,0,0,0,1,0,1,1,0,1,0,1,0,1,1,0,0,0,1,0,1,1,1,0,0,0,1,1,1,1,1,0,0,1,0,1,1,0,1,0,1,0,1,1,0,1,0,0,1,1,1,1,1,1,1,1,1,1,0,0,1,0,1,0,1,0,1,1,0,1,1,0,0,0,1,1,0,0,1,0,0,0,1,0,1,1,1,0,0,0,0,0,1,0,0,0,0,0,1,1,1,0,1,0,1,0,0,1,0,0,0,0,1,0,1,1,1,0,1,1,1,0,0,0,0,1,1,0,1,0,1,0,0,0,1,1,1,1,0,0,1,1,0,0,0,1,1,1,1,0,0,1,0,1,0,1,1,0,0,1
0,1,0,0,0,1,1,1,0,0,0,0,0,0,0,1,1,1,1,0,0,1,0,0,0,1,1,0,1,0,1,0,0,0,1,0,0,0,1,1,0,1,1,1,1,1,0,1,1,1,1,1,0,1,0,0,0,1,1,1,0,1,0,0,0,1,0,1,1,1,1,0,1,0,1,1,0,0,0,1,0,1,1,1,0,0,0,1,1,1,1,1,0,0,1,0,1,1,0,1,0,1,0,1,1,0,1,0,0,1,1,1,1,1,1,1,1,1,1,0,0,1,0,1,1,1,0,1,1,0,1,1,0,0,0,1,1,0,0,1,0,0,0,1,0,1,1,1,0,0,0,0,1,1,0,0,0,0,0,1,1,1,0,1,0,1,0,0,1,0,0,0,0,1,0,1,1,1,1,1,1,1,1,0,0,0,1,1,0,1,1,1,0,0,0,1,1,1,1,1,1,1,1,0,0,0,1,1,1,1,0,0,1,0,1,0,1,1,0,0,1
0,1,0,0,0,1,1,1,0,0,0,0,0,0,0,1,1,1,1,0,0,1,0,0,0,1,1,0,1,0,1,0,0,0,1,0,0,0,1,1,0,1,1,1,1,1,0,1,1,1,1,1,0,1,0,0,0,1,1,1,0,1,0,0,0,1,0,1,1,1,1,0,1,0,1,1,0,0,0,1,0,1,1,1,0,0,0,1,1,1,1,1,0,0,1,0,1,1,0,1,0,1,0,1,1,0,1,0,0,1,1,1,1,1,1,1,1,1,1,0,0,1,0,1,1,1,0,1,1,1,1,1,0,0,0,1,1,0,0,1,0,0,0,1,0,1,1,1,0,0,0,0,1,1,0,0,0,0,0,1,1,1,0,1,0,1,0,1,1,0,0,0,0,1,0,1,1,1,1,1,1,1,1,0,0,0,1,1,0,1,1,1,0,0,0,1,1,1,1,1,1,1,1,0,0,0,1,1,1,1,1,0,1,0,1,0,1,1,1,0,1
0,1,0,0,0,1,1,1,0,0,1,1,0,0,1,0,0,0,0,0,0,0,0,0,0,0,0,0,0,0,1,0,0,1,1,1,1,0,1,0,0,0,1,1,0,0,0,0,1,0,0,1,0,0,0,0,1,0,0,0,0,0,0,1,1,0,0,0,0,1,0,1,0,0,0,0,0,1,1,0,1,0,0,0,0,1,1,0,0,0,0,0,0,0,0,0,0,0,0,0,0,0,0,0,0,0,0,1,0,0,0,0,0,0,0,0,0,0,0,0,0,0,0,0,1,0,0,0,0,0,0,0,1,0,0,0,0,0,0,0,0,0,0,0,0,0,0,1,0,0,0,0,1,0,0,0,0,0,0,0,0,0,0,0,0,1,0,0,0,0,1,1,0,0,0,0,1,0,1,0,0,0,0,0,0,0,1,0,1,1,0,1,1,1,1,1,1,1,1,0,0,1,0,1,0,1,1,0,0,1,0,0,0,0,0,0,0,1,0,0,0
0,0,0,1,0,1,1,0,1,0,1,1,1,1,1,0,0,0,0,0,0,0,0,0,0,1,0,0,0,0,1,1,0,1,1,1,1,0,0,0,0,0,0,1,0,1,0,0,0,0,0,1,1,0,0,1,1,0,0,0,0,0,0,1,1,0,0,0,0,1,1,1,0,0,0,0,0,1,1,1,1,0,0,0,1,1,1,0,0,0,0,0,0,0,0,0,0,0,0,0,0,0,1,0,0,0,0,1,0,0,1,0,0,0,0,0,0,0,0,0,0,0,1,0,0,0,0,0,0,0,0,0,1,0,0,0,0,0,0,0,1,0,0,0,0,0,0,0,0,0,0,0,1,0,0,0,0,0,0,0,0,0,0,0,0,1,0,0,0,0,0,0,0,0,1,0,0,0,0,0,0,0,0,0,0,0,1,0,1,1,0,1,1,1,1,1,1,1,0,0,0,1,0,1,0,1,0,0,0,0,0,0,0,0,0,0,0,0,0,0,0
0,1,0,1,0,1,1,0,1,0,1,1,1,1,1,0,0,0,0,0,0,0,0,0,0,1,0,0,0,0,1,1,0,1,1,1,1,0,0,0,0,0,0,1,0,1,0,0,0,0,0,1,1,0,0,1,1,0,0,0,0,0,0,1,1,0,0,0,0,1,1,1,0,0,0,0,0,1,1,1,1,0,0,0,1,1,1,0,0,0,0,0,0,0,0,0,0,0,0,0,0,0,1,0,0,0,0,1,0,1,1,0,0,0,0,0,0,0,0,0,0,0,1,0,0,0,0,0,0,0,0,0,1,0,0,0,0,0,0,0,1,0,0,0,0,0,0,0,0,0,0,0,1,0,0,0,0,0,0,0,0,0,0,0,0,1,0,0,0,0,0,0,0,0,1,0,0,0,0,0,0,0,0,0,0,0,1,0,1,1,0,1,1,1,1,1,1,1,0,0,0,1,0,1,0,1,0,0,0,0,0,0,0,0,0,0,0,0,0,0,0
0,1,0,1,0,1,1,0,1,0,1,1,1,1,1,0,0,0,0,0,0,0,0,0,0,1,0,0,0,0,1,1,0,1,1,1,1,0,0,0,0,0,0,1,0,1,0,0,0,0,0,1,1,0,0,1,1,0,0,0,0,0,0,1,1,0,0,0,0,1,1,1,0,0,0,0,0,1,1,1,1,0,0,0,1,1,1,0,0,0,0,0,0,0,0,0,0,0,0,0,0,0,1,0,0,0,0,1,0,1,1,0,0,0,0,0,0,0,0,0,0,0,1,0,0,0,0,0,0,0,0,0,1,0,0,0,0,0,0,0,1,0,0,0,0,0,0,0,0,0,0,0,1,0,0,0,0,0,0,0,0,0,0,0,0,1,0,0,0,0,0,0,0,0,1,0,0,0,0,0,0,0,0,0,0,0,1,0,1,1,0,1,1,1,1,1,1,1,0,0,0,1,0,1,0,1,0,0,0,0,0,0,0,0,0,0,0,0,0,0,0
0,1,0,0,0,1,1,1,0,0,1,1,0,0,1,0,0,0,0,0,0,0,0,0,0,0,0,0,0,0,1,0,0,1,1,1,1,0,1,0,0,0,1,1,0,0,0,0,1,0,0,1,0,0,0,0,1,0,0,0,0,0,0,1,1,0,0,0,0,1,0,1,0,0,0,0,0,1,1,0,1,0,0,0,0,1,1,0,0,0,0,0,0,0,0,0,0,0,0,0,0,0,0,0,0,0,0,1,0,0,0,0,0,0,0,0,0,0,0,0,0,0,0,0,1,0,0,0,0,0,0,0,1,0,0,0,0,0,0,0,0,0,0,0,0,0,0,1,0,0,0,0,1,0,0,0,0,0,0,0,0,0,0,0,0,1,0,0,0,0,1,1,0,0,0,0,1,0,1,0,0,0,0,0,0,0,1,0,1,1,0,1,1,1,1,1,1,1,1,0,0,1,0,1,0,1,1,0,0,1,0,0,0,0,0,0,0,1,0,0,0
0,0,0,1,0,1,1,0,1,0,1,1,1,1,1,0,0,0,0,0,0,0,0,0,0,1,0,0,0,0,1,1,0,1,1,1,1,0,0,0,0,0,0,1,0,1,0,0,0,0,0,1,1,0,0,1,1,0,0,0,0,0,0,1,1,0,0,0,0,1,1,1,0,0,0,0,0,1,1,1,1,0,0,0,1,1,1,0,0,0,0,0,0,0,0,0,0,0,0,0,0,0,1,0,0,0,0,1,0,0,1,0,0,0,0,0,0,0,0,0,0,0,1,0,0,0,0,0,0,0,0,0,1,0,0,0,0,0,0,0,1,0,0,0,0,0,0,0,0,0,0,0,1,0,0,0,0,0,0,0,0,0,0,0,0,1,0,0,0,0,0,0,0,0,1,0,0,0,0,0,0,0,0,0,0,0,1,0,1,1,0,1,1,1,1,1,1,1,0,0,0,1,0,1,0,1,0,0,0,0,0,0,0,0,0,0,0,0,0,0,0
0,1,0,1,0,1,1,0,0,0,1,1,1,1,1,0,0,0,0,0,0,0,0,0,0,1,1,0,0,0,1,0,0,0,1,1,1,0,0,0,0,0,0,1,0,1,0,0,0,0,0,1,0,0,0,0,1,0,0,0,0,0,0,0,0,0,0,0,1,1,1,1,0,0,0,0,0,1,1,1,1,0,0,0,0,1,1,0,0,0,0,0,0,0,0,0,0,0,0,0,0,0,0,0,0,0,0,1,0,1,1,0,0,0,0,0,0,0,0,0,0,0,0,0,0,0,0,0,0,0,0,0,1,0,0,0,0,0,0,0,0,1,0,0,0,0,0,1,0,1,1,0,1,0,0,0,0,0,0,0,0,0,0,0,0,1,0,0,1,0,0,0,0,0,0,1,0,0,0,0,0,0,0,0,0,0,1,0,1,1,1,1,1,1,1,1,1,1,0,1,0,0,0,1,0,1,0,0,0,0,0,0,0,0,0,0,0,0,0,0,0
0,1,0,1,0,1,1,1,0,0,1,1,1,1,1,1,1,1,0,0,0,0,0,0,0,1,1,1,1,0,1,0,0,0,1,1,1,0,0,0,0,1,0,1,0,1,0,1,0,0,0,1,0,0,0,0,1,0,0,0,0,0,1,0,0,0,0,0,1,1,1,1,0,0,1,0,0,1,1,1,1,1,1,1,0,1,1,1,1,1,1,1,0,0,1,1,1,1,0,1,0,1,0,1,1,0,1,1,0,1,1,1,1,0,0,1,1,1,1,0,1,1,0,1,0,0,0,1,1,0,1,0,1,1,0,1,1,0,1,1,0,0,0,1,1,0,1,1,0,1,1,0,1,1,0,0,0,1,0,1,1,0,0,1,0,1,1,0,1,0,0,1,1,1,0,0,1,1,0,0,1,1,0,1,1,0,1,0,1,1,1,1,1,1,1,1,1,1,0,1,0,1,0,1,0,1,0,0,0,0,0,0,0,0,0,0,0,0,0,0,0
0,1,0,1,0,1,1,0,1,0,1,1,1,1,1,0,0,0,0,0,0,0,0,0,0,1,0,0,0,0,1,1,0,1,1,1,1,0,0,0,0,0,0,1,0,1,0,0,0,0,0,1,1,0,0,1,1,0,0,0,0,0,0,1,1,0,0,0,0,1,1,1,0,0,0,0,0,1,1,1,1,0,0,0,1,1,1,0,0,0,0,0,0,0,0,0,0,0,0,0,0,0,1,0,0,0,0,1,0,1,1,0,0,0,0,0,0,0,0,0,0,0,1,0,0,0,0,0,0,0,0,0,1,0,0,0,0,0,0,0,1,0,0,0,0,0,0,0,0,0,0,0,1,0,0,0,0,0,0,0,0,0,0,0,0,1,0,0,0,0,0,0,0,0,1,0,0,0,0,0,0,0,0,0,0,0,1,0,1,1,0,1,1,1,1,1,1,1,1,0,0,1,0,1,0,1,0,0,0,0,0,0,0,0,0,0,0,0,0,0,0
0,0,0,1,0,1,1,0,1,0,1,1,1,1,1,0,0,0,0,0,0,0,0,0,0,1,0,0,0,0,1,1,0,1,1,1,0,0,0,0,0,0,0,1,0,1,0,0,0,0,0,1,1,0,0,1,1,0,0,0,0,0,0,1,1,0,0,0,0,1,1,1,0,0,0,0,0,1,1,1,1,0,0,0,1,1,1,0,0,0,0,0,0,0,0,0,0,0,0,0,0,0,1,0,0,0,0,1,0,1,1,0,0,0,0,0,0,0,0,0,0,0,1,0,0,0,0,0,0,0,0,0,1,0,0,0,0,0,0,0,1,0,0,0,0,0,0,0,0,0,0,0,1,0,0,0,0,0,0,0,0,0,0,0,0,1,0,0,0,0,0,0,0,0,1,0,0,0,0,0,0,0,0,0,0,0,1,0,1,1,0,1,1,1,1,1,0,1,0,0,0,1,0,1,0,1,0,0,0,0,0,0,0,0,0,0,0,0,0,0,0
0,1,0,1,0,1,1,0,1,0,1,1,1,1,1,0,0,0,0,0,0,0,0,0,0,1,1,0,0,0,1,1,0,1,1,1,1,0,0,0,0,0,0,1,0,1,0,0,0,0,0,1,1,0,0,1,1,0,0,0,0,0,0,1,1,0,0,0,0,1,1,1,0,0,0,0,0,1,1,1,1,0,0,0,1,1,1,0,0,0,0,0,0,0,0,0,0,0,0,0,0,0,1,0,0,0,0,1,0,1,1,0,0,0,0,0,0,0,0,0,0,0,1,0,0,0,0,0,0,0,0,0,1,0,0,0,0,0,0,0,1,0,0,0,0,0,0,0,0,0,0,0,1,0,0,0,0,0,0,0,0,0,0,0,0,1,0,0,0,0,0,0,0,0,1,0,0,0,0,0,0,0,0,0,0,0,1,0,1,1,0,1,1,1,1,1,1,1,1,0,0,1,0,1,0,1,0,0,0,0,0,0,0,0,0,0,0,0,0,0,0
0,1,0,1,0,1,1,0,1,0,1,1,1,1,1,0,0,0,0,0,0,0,0,0,0,1,0,0,0,0,1,1,0,1,1,1,1,0,0,0,0,0,0,1,0,1,0,0,0,0,0,1,1,0,0,1,1,0,0,0,0,0,0,1,1,0,0,0,0,1,1,1,0,0,0,0,0,1,1,1,1,0,0,0,1,1,1,0,0,0,0,0,0,0,0,0,0,0,0,0,0,0,1,0,0,0,0,1,0,1,1,0,0,0,0,0,0,0,0,0,0,0,1,0,0,0,0,0,0,0,0,0,1,0,0,0,0,0,0,0,1,0,0,0,0,0,0,0,0,0,0,0,1,0,0,0,0,0,0,0,0,0,0,0,0,1,0,0,0,0,0,0,0,0,1,0,0,0,0,0,0,0,0,0,0,0,1,0,1,1,0,1,1,1,1,1,1,1,0,0,0,1,0,1,0,1,0,0,0,0,0,0,0,0,0,0,0,0,0,0,0
1,1,0,1,0,1,1,1,0,0,1,1,0,0,0,0,0,0,0,0,0,0,0,0,0,0,0,0,0,0,1,0,0,1,1,1,1,1,1,0,0,1,0,1,0,0,0,1,0,0,0,1,0,0,0,0,1,0,0,0,0,0,0,1,1,0,0,0,0,1,0,1,0,0,0,0,0,1,1,0,1,0,0,0,0,1,1,0,0,0,0,0,0,0,0,0,0,0,0,0,0,0,0,0,0,1,0,1,0,0,0,1,0,0,0,0,0,0,0,0,0,0,0,0,0,0,0,0,0,0,0,0,1,0,0,0,0,0,0,0,0,0,0,0,0,0,0,0,0,0,0,0,1,0,0,0,0,0,0,0,0,0,0,0,0,1,0,0,0,0,1,1,1,0,0,0,1,0,0,0,0,0,0,0,0,0,1,0,1,1,0,1,1,1,1,1,1,1,0,0,0,1,0,1,0,1,0,0,0,0,0,0,0,0,0,0,0,0,0,0,0
0,1,0,1,0,1,1,1,0,0,1,1,0,0,1,0,0,0,0,0,0,0,0,0,0,0,0,0,0,0,1,0,0,1,1,1,1,1,1,0,0,1,0,1,0,0,0,1,0,0,0,1,0,0,0,0,1,0,0,0,0,0,0,1,1,0,0,0,0,1,0,1,0,0,0,0,0,1,1,0,1,0,0,0,0,1,1,0,0,0,0,0,0,0,0,0,0,0,0,0,0,0,0,0,0,1,0,1,0,0,0,1,0,0,0,0,0,0,0,0,0,0,0,0,0,0,0,0,0,0,0,0,1,0,0,0,0,0,0,0,0,0,0,0,0,0,0,0,0,0,0,0,1,0,0,0,0,0,0,0,0,0,0,0,0,1,0,0,0,0,1,1,1,0,0,0,1,0,0,0,0,0,0,0,0,0,1,0,1,1,0,1,1,1,1,1,1,1,0,0,0,1,0,1,0,1,0,0,0,0,0,0,0,0,0,0,0,0,0,0,0
1,1,0,1,0,1,1,0,0,0,1,1,1,1,1,0,0,0,0,0,0,0,0,0,0,0,0,0,0,0,1,0,0,1,1,1,1,1,1,0,0,1,0,1,0,0,0,1,0,0,0,1,0,0,0,0,1,0,0,0,0,0,1,1,1,0,0,0,0,1,0,1,0,0,0,0,0,1,1,0,1,0,0,0,0,1,1,0,1,0,0,0,0,0,0,0,0,0,0,0,0,0,0,0,0,1,0,1,0,0,0,1,0,0,0,0,0,0,1,0,0,0,0,0,0,0,1,0,0,0,0,0,1,0,0,0,0,0,1,0,0,0,0,0,0,0,0,1,1,0,0,0,1,0,0,0,0,0,0,0,1,0,0,1,0,1,0,0,0,0,1,1,1,0,0,0,1,0,0,0,0,0,0,0,0,0,1,0,1,1,0,1,1,1,1,1,1,1,0,0,0,1,0,1,0,1,0,0,0,0,0,0,0,0,0,0,0,0,0,0,0
1,1,0,1,0,1,1,1,0,0,1,1,0,0,0,0,0,0,0,0,0,0,0,0,0,0,0,0,0,0,1,0,0,1,1,1,1,1,1,0,0,1,0,1,0,0,0,1,0,0,0,1,0,0,0,0,1,0,0,0,0,0,1,1,1,0,0,0,0,1,0,1,0,0,0,0,0,1,1,0,1,0,0,0,0,1,1,0,0,0,0,0,0,0,0,0,0,0,0,0,0,0,0,0,0,1,0,1,0,0,0,1,0,0,0,0,0,0,0,0,0,0,0,0,0,0,0,0,0,0,0,0,1,0,0,0,0,0,0,0,0,0,0,0,0,0,0,0,0,0,0,0,1,0,0,0,0,0,0,0,0,0,0,0,0,1,0,0,0,0,1,1,1,0,0,0,1,0,0,0,0,0,0,0,0,0,1,0,1,1,0,1,1,1,1,1,1,1,0,0,0,1,0,1,0,1,0,0,0,0,0,0,0,0,0,0,0,0,0,0,0
1,1,0,1,0,1,1,1,0,0,1,1,0,0,0,0,0,0,0,0,0,0,0,0,0,0,0,0,0,0,1,0,0,1,1,1,1,1,1,0,0,1,0,1,0,0,0,1,0,0,0,1,0,0,0,0,1,0,0,0,0,0,1,1,1,0,0,0,0,1,0,1,0,0,0,0,0,1,1,0,1,0,0,0,0,1,1,0,0,0,0,0,0,0,0,0,0,0,0,0,0,0,0,0,0,1,0,1,0,0,0,1,0,0,0,0,0,0,0,0,0,0,0,0,0,0,0,0,0,0,0,0,1,0,0,0,0,0,0,0,0,0,0,0,0,0,0,0,0,0,0,0,1,0,0,0,0,0,0,0,0,0,0,0,0,1,0,0,0,0,1,1,1,0,0,0,1,0,0,0,0,0,0,0,0,0,1,0,1,1,0,1,1,1,1,1,1,1,0,0,0,1,0,1,0,1,0,0,0,0,0,0,0,0,0,0,0,0,0,0,0
1,1,0,0,0,1,1,0,0,0,1,1,0,0,0,0,0,0,0,0,0,0,0,0,0,0,0,0,0,0,1,0,0,1,1,1,1,1,1,0,0,1,0,1,0,0,0,1,0,0,0,1,0,0,0,0,1,0,0,0,0,0,0,1,1,0,0,0,0,1,0,1,0,0,0,0,0,1,1,0,1,0,0,0,0,1,1,0,0,0,0,0,0,0,0,0,0,0,0,0,0,0,0,0,0,1,0,1,0,0,0,1,0,0,0,0,0,0,0,0,0,0,0,0,0,0,0,0,0,0,0,0,1,0,0,0,0,0,0,0,0,0,0,0,0,0,0,0,0,0,0,0,1,0,0,0,0,0,0,0,0,0,0,0,0,1,0,0,0,0,1,1,1,0,0,0,1,0,0,0,0,0,0,0,0,0,1,0,1,1,0,1,1,1,1,1,1,1,0,0,0,1,0,1,0,1,0,0,0,0,0,0,0,0,0,0,0,0,0,1,0
0,1,0,1,0,1,1,0,1,0,1,1,1,1,1,0,0,0,0,0,0,0,0,0,0,1,0,0,0,0,1,1,0,1,1,1,1,0,0,0,0,1,0,1,0,1,0,1,0,0,0,1,0,0,0,0,1,0,0,0,0,0,0,1,1,0,0,0,0,1,1,1,0,0,0,0,0,1,1,1,1,0,0,0,0,1,1,0,0,0,0,0,0,0,0,0,0,0,0,0,0,0,0,0,0,1,0,1,0,0,1,1,0,0,0,0,0,0,0,0,0,0,0,0,0,0,1,0,0,0,0,0,1,0,0,0,0,0,0,0,0,0,0,0,0,0,0,0,1,0,0,0,1,0,0,0,0,0,0,0,0,0,0,0,0,1,0,0,0,0,0,1,1,0,0,0,1,0,0,0,0,0,0,0,0,0,1,0,1,1,0,1,1,1,1,1,1,1,0,0,0,1,0,1,0,1,0,0,0,0,0,0,0,0,0,0,0,0,0,0,0
1,1,0,0,0,1,1,0,0,0,1,1,0,0,0,0,0,1,1,0,0,0,0,0,0,0,0,0,0,0,1,0,0,1,1,1,1,1,1,0,0,1,0,1,0,0,0,1,0,0,0,1,0,0,0,0,1,0,0,0,0,0,0,1,1,0,0,0,0,1,0,1,0,0,0,0,0,1,1,0,1,0,0,0,0,1,1,0,0,0,0,0,0,0,0,0,0,0,0,0,0,0,0,0,0,1,0,1,0,0,0,1,0,0,0,0,0,0,0,0,0,0,0,0,0,0,0,0,0,0,0,0,1,0,0,0,0,0,0,0,0,0,0,0,0,0,0,0,0,0,0,0,1,0,0,0,0,0,0,0,0,0,0,0,0,1,0,0,0,0,1,1,1,0,0,0,1,0,0,0,0,0,0,0,0,0,1,0,1,1,0,1,1,1,1,1,1,1,0,0,0,1,0,1,0,1,0,0,0,0,0,0,0,0,0,0,0,0,0,1,0
0,1,0,1,0,1,1,0,1,0,1,1,1,1,1,0,0,0,0,0,0,0,0,0,0,1,0,0,0,0,1,1,0,1,1,1,1,0,0,0,0,0,0,1,0,1,0,0,0,0,0,1,1,0,0,1,1,0,0,0,0,0,0,1,1,0,0,0,0,1,1,1,0,0,0,0,0,1,1,1,1,0,0,0,1,1,1,0,0,0,0,0,0,0,0,0,0,0,0,0,0,0,1,0,0,0,0,1,0,1,1,0,0,0,0,0,0,0,0,0,0,0,1,0,0,0,0,0,0,0,0,0,1,0,0,0,0,0,0,0,1,0,0,0,0,0,0,0,0,0,0,0,1,0,0,0,0,0,0,0,0,0,0,0,0,1,0,0,0,0,0,0,0,0,1,0,0,0,0,0,0,0,0,0,0,0,1,0,1,1,0,1,1,1,1,1,1,1,0,0,0,1,0,1,0,1,0,0,0,0,0,0,0,0,0,0,0,0,0,0,0
0,1,0,1,0,1,1,0,1,0,1,1,1,1,1,0,0,0,0,0,0,0,0,0,0,1,0,0,0,0,1,1,0,1,1,1,1,0,0,0,0,0,0,1,0,1,0,0,0,0,0,1,1,0,0,1,1,0,0,0,0,0,0,1,1,0,0,0,0,1,1,1,0,0,0,0,0,1,1,1,1,0,0,0,1,1,1,0,0,0,0,0,0,0,0,0,0,0,0,0,0,0,1,0,0,0,0,1,0,1,1,0,0,0,0,0,0,0,0,0,0,0,1,0,0,0,0,0,0,0,0,0,1,0,0,0,0,0,0,0,1,0,0,0,0,0,0,0,0,0,0,0,1,0,0,0,0,0,0,0,0,0,0,0,0,1,0,0,0,0,0,0,0,0,1,0,0,0,0,0,0,0,0,0,0,0,1,0,1,1,0,1,1,1,1,1,1,1,0,0,0,1,0,1,0,1,0,0,0,0,0,0,0,0,0,0,0,0,0,0,0
0,1,0,1,0,1,1,0,1,0,1,1,1,1,1,0,0,0,0,0,0,0,0,0,0,1,1,0,0,0,1,1,0,1,1,1,1,0,0,0,0,0,0,1,0,1,0,0,0,0,0,1,1,0,0,1,1,0,0,0,0,0,0,1,1,0,0,0,0,1,1,1,0,0,0,0,0,1,1,1,1,0,0,0,1,1,1,0,0,0,0,0,0,0,0,0,0,0,0,0,0,0,1,0,0,0,0,1,0,1,1,0,0,0,0,0,0,0,0,0,0,0,1,0,0,0,0,0,0,0,0,0,1,0,0,0,0,0,0,0,1,0,0,0,0,0,0,1,0,0,0,0,1,0,0,0,0,0,0,0,0,0,0,0,0,1,0,0,0,0,0,0,0,0,1,0,0,0,0,0,0,0,0,0,0,0,1,0,1,1,0,1,1,1,1,1,1,1,0,0,0,1,0,1,0,1,0,0,0,0,0,0,0,0,0,0,0,0,0,0,0
0,0,0,1,0,1,1,0,1,0,1,1,1,1,1,0,0,0,0,0,0,0,0,0,0,1,0,0,0,0,1,1,0,1,1,1,1,0,0,0,0,0,0,1,0,0,0,1,0,0,1,1,1,0,0,1,1,0,0,0,0,0,0,1,1,0,0,0,0,1,1,1,0,0,0,0,0,1,1,0,1,0,1,0,1,1,1,0,0,0,0,0,0,0,0,0,0,0,0,0,0,0,1,0,0,0,0,1,0,0,0,0,0,0,0,0,0,0,0,0,0,0,1,0,0,0,0,0,0,0,0,0,1,0,0,0,0,0,0,0,1,0,0,0,0,0,0,0,0,0,0,0,1,0,0,0,0,0,0,0,0,0,0,0,0,1,0,0,0,0,0,0,0,0,1,0,0,0,0,0,0,0,0,0,0,0,1,0,1,1,0,1,1,1,1,1,1,1,0,0,0,1,0,1,0,1,0,0,0,0,0,0,0,0,0,0,0,0,0,0,0
0,1,0,1,0,1,1,0,1,0,1,1,1,1,1,0,0,0,0,0,0,0,0,0,0,1,1,0,0,0,1,1,0,1,1,1,1,0,0,0,0,0,0,1,0,1,0,0,0,0,0,1,1,1,0,1,1,0,0,1,0,1,0,1,1,0,0,0,0,1,1,1,0,0,0,0,0,1,1,1,1,0,0,1,1,1,1,0,1,0,0,0,0,0,0,0,0,0,0,0,0,0,1,0,1,0,1,1,0,1,0,0,0,0,0,1,0,0,1,0,0,1,1,0,0,0,0,0,0,0,1,0,1,0,0,0,0,0,0,0,1,0,0,1,0,0,0,1,0,0,0,0,1,0,0,0,0,0,0,0,0,0,0,1,0,1,0,0,0,0,0,0,0,0,1,0,0,0,0,0,1,0,0,0,0,0,1,0,1,1,0,1,1,1,1,1,1,1,0,0,0,1,0,1,0,1,0,0,0,0,0,0,0,0,0,0,0,0,0,0,0
0,1,0,1,0,1,1,1,0,0,1,1,0,0,0,1,1,1,0,0,0,0,0,0,0,1,1,0,0,0,1,0,0,1,1,1,1,0,1,0,0,1,0,1,0,0,0,1,0,0,0,1,0,0,0,0,1,0,0,0,0,0,1,1,1,0,0,0,0,1,1,1,0,0,1,1,0,1,1,1,1,1,1,1,0,1,1,1,1,1,0,1,0,0,1,1,1,0,0,1,0,1,0,1,1,0,1,1,0,1,1,1,0,0,0,1,1,0,1,0,1,1,0,0,0,0,1,0,0,0,1,0,1,0,0,1,0,0,0,0,0,0,0,1,0,0,0,1,1,0,0,0,1,0,0,0,0,1,0,0,1,0,0,1,0,1,0,0,0,0,1,1,1,0,0,0,1,1,0,0,1,0,0,1,1,0,1,0,1,1,0,1,1,1,1,1,1,1,0,0,0,1,0,1,0,1,0,0,0,0,0,0,0,0,0,0,0,0,0,0,0
0,1,0,1,0,1,1,0,0,0,1,1,0,0,0,1,1,1,0,0,0,0,0,0,0,1,1,0,0,0,1,0,0,1,1,1,1,0,0,0,0,1,0,1,0,1,0,1,0,1,1,1,1,1,0,1,1,0,0,0,0,1,0,1,1,1,0,1,0,1,1,1,0,0,1,0,1,1,1,1,1,1,1,1,1,1,1,1,1,1,0,1,1,1,1,0,1,0,0,1,0,1,1,1,1,0,1,1,0,1,1,1,0,0,0,1,1,0,1,0,0,1,1,0,0,0,0,0,0,0,1,1,1,0,0,1,0,0,0,0,1,0,0,1,0,0,0,1,0,0,0,0,1,0,0,0,0,0,0,0,1,0,0,1,1,1,0,0,0,0,1,1,0,0,1,0,1,1,0,0,1,0,0,0,0,1,1,0,1,1,0,1,1,1,1,1,1,1,0,0,0,1,0,1,0,1,0,0,0,0,0,0,0,0,0,0,0,0,0,0,0
1,1,0,1,0,1,1,0,0,0,1,1,0,0,0,1,1,0,0,0,0,0,0,0,0,1,0,0,0,0,1,0,0,1,1,1,1,0,0,0,0,1,0,1,0,1,0,1,0,1,1,1,1,1,0,1,1,0,0,0,0,1,0,1,1,1,0,1,0,1,1,1,0,0,1,0,1,1,1,1,1,1,1,1,1,1,1,1,1,1,0,1,1,1,1,0,1,0,0,1,0,1,1,1,1,0,1,1,0,1,1,1,0,0,0,1,1,0,1,0,0,1,1,0,0,0,0,0,0,0,1,1,1,0,0,1,0,0,0,0,1,0,0,1,0,0,0,1,0,0,0,0,1,0,0,0,0,0,0,0,1,0,0,1,1,1,0,0,0,0,1,1,0,0,1,0,1,1,0,0,1,0,0,0,0,1,1,0,1,1,0,1,1,1,1,1,1,1,0,0,0,1,0,1,0,1,0,0,0,0,0,0,0,0,0,0,0,0,0,0,0
0,1,0,1,0,1,1,0,0,0,1,1,0,0,0,1,1,0,0,0,0,0,0,0,0,1,0,0,0,0,1,0,0,1,1,1,1,0,0,0,0,1,0,1,0,1,0,1,0,1,1,1,1,1,0,1,1,0,0,0,0,1,0,1,1,1,0,1,0,1,1,1,0,0,1,0,1,1,1,1,1,1,1,1,1,1,1,1,1,1,0,1,1,1,1,0,1,0,0,1,0,1,1,1,1,0,1,1,0,1,1,1,0,0,0,1,1,0,1,0,0,1,1,0,0,0,0,0,0,0,1,1,1,0,0,1,0,0,0,0,1,0,0,1,0,0,0,1,0,0,0,0,1,0,0,0,0,0,0,0,1,0,0,1,1,1,0,0,0,0,1,1,0,0,1,0,1,1,0,0,1,0,0,0,0,1,1,0,1,1,0,1,1,1,1,1,1,1,0,0,0,1,0,1,0,1,0,0,0,0,0,0,0,0,0,0,0,0,0,0,0
0,1,0,1,0,1,1,1,0,0,1,1,0,0,0,1,1,0,0,0,0,0,0,0,0,1,0,0,0,0,1,0,0,1,1,1,1,0,0,0,0,0,0,1,0,1,0,0,1,0,0,1,1,1,0,1,1,1,0,0,0,1,0,1,1,0,0,0,1,1,1,1,0,0,0,0,1,1,1,1,1,0,0,1,1,1,1,0,1,0,1,0,0,0,0,0,1,1,0,1,0,0,1,0,1,0,1,1,0,1,1,0,1,1,0,1,1,1,1,0,0,1,1,1,0,0,0,1,1,0,1,0,1,0,0,1,1,0,0,1,1,0,0,1,0,1,1,1,0,0,0,0,1,1,0,0,0,0,0,1,1,0,0,1,0,1,0,0,1,0,1,1,0,1,1,1,1,1,0,0,1,1,0,0,0,0,1,1,1,1,0,1,1,1,1,1,1,1,0,0,0,1,0,1,0,1,0,0,0,0,0,0,0,0,0,0,0,0,0,0,0
0,1,0,1,1,1,1,0,0,0,1,1,0,0,0,1,1,0,0,0,0,0,0,0,0,1,0,0,0,0,1,0,0,1,1,1,1,0,0,0,0,1,0,1,0,1,0,1,0,1,1,1,1,1,0,1,1,0,0,0,0,1,0,1,1,1,0,1,0,1,1,1,0,0,1,0,1,1,1,1,1,1,1,1,1,1,1,1,1,1,0,1,1,1,1,0,1,0,0,1,0,1,1,1,1,1,1,1,0,1,1,1,0,0,0,1,1,0,1,0,0,1,1,0,0,0,0,0,0,0,1,0,1,0,0,1,0,0,1,0,1,0,0,0,1,0,0,0,0,0,0,0,1,0,0,1,0,0,0,0,1,0,0,0,1,1,0,0,0,0,1,0,0,0,1,0,1,1,0,0,0,0,0,0,0,1,1,0,1,1,0,1,1,1,1,1,1,1,0,0,0,1,0,1,0,1,0,0,0,0,0,0,0,0,0,0,0,0,0,0,0
0,1,0,1,1,1,1,0,0,0,1,1,1,1,1,0,0,0,0,0,0,0,0,0,0,1,0,0,0,0,1,0,0,1,1,1,1,0,0,0,0,1,0,1,0,1,0,1,0,1,1,1,1,1,0,1,1,0,0,0,0,1,0,1,1,1,0,0,0,1,1,1,0,0,1,0,1,1,1,1,1,1,1,1,1,1,1,1,0,0,0,0,0,0,1,0,1,0,0,1,0,0,1,1,0,0,0,1,0,0,1,1,0,0,0,0,1,0,0,0,0,0,1,0,0,0,1,0,0,0,0,0,1,0,0,0,0,0,0,0,1,0,0,0,0,0,0,0,1,0,0,0,1,0,0,0,0,0,0,0,0,0,0,0,0,1,0,0,0,0,1,1,0,0,1,0,1,0,0,0,0,0,0,0,0,0,1,0,1,1,0,1,1,1,1,1,1,1,0,0,0,1,0,1,0,1,0,0,0,0,0,0,0,0,0,0,0,0,0,0,0
0,1,0,1,0,1,1,0,1,0,1,1,1,1,1,0,0,0,0,0,0,0,0,0,0,1,0,0,0,0,1,1,0,1,1,1,1,0,0,0,0,0,0,1,0,1,0,0,0,0,0,1,1,0,0,1,1,0,0,0,0,0,0,1,1,0,0,0,0,1,1,1,0,0,0,0,0,1,1,1,1,0,0,0,1,1,1,0,0,0,0,0,0,0,0,0,0,0,0,0,0,0,1,0,0,0,0,1,0,1,1,0,0,0,0,0,0,0,0,0,0,0,1,0,0,0,0,0,0,0,0,0,1,0,0,0,0,0,0,0,1,0,0,0,0,0,0,0,0,0,0,0,1,0,0,0,0,0,0,0,0,0,0,0,0,1,0,0,0,0,0,0,0,0,1,0,0,0,0,0,0,0,0,0,0,0,1,0,1,1,0,1,1,1,1,1,1,1,0,0,0,1,0,1,0,1,0,0,0,0,0,0,0,0,0,0,0,0,0,0,0
0,1,0,0,0,1,1,1,0,0,1,1,0,0,0,0,0,0,0,0,0,0,0,0,0,0,0,0,0,0,1,0,0,1,1,1,1,1,1,0,0,1,1,1,0,0,0,1,1,0,0,1,0,0,0,0,1,0,0,0,0,0,0,1,1,0,0,0,0,1,0,1,0,0,0,0,0,1,1,0,1,0,0,0,0,1,1,0,0,0,0,0,0,0,0,0,0,0,0,0,0,0,0,0,0,1,0,1,0,0,0,1,0,0,0,0,0,0,0,0,0,0,0,0,1,0,0,0,0,0,0,0,1,0,0,0,0,0,0,0,0,0,0,0,0,0,0,1,0,0,0,0,1,0,0,0,0,0,0,0,0,0,0,0,0,1,0,0,0,0,1,1,1,0,0,0,1,0,1,0,0,0,0,0,0,0,1,0,1,1,0,1,1,1,1,1,1,1,0,0,0,1,0,1,0,1,0,0,0,0,0,0,0,0,0,0,0,0,0,0,0
0,1,0,0,0,1,1,0,0,0,1,1,0,0,1,0,0,0,0,0,0,0,0,0,0,0,0,0,0,0,1,0,0,1,1,1,1,1,1,0,0,1,0,1,0,0,0,1,0,0,0,1,0,0,0,0,1,0,0,0,0,0,0,1,1,0,0,0,0,1,0,1,0,0,0,0,0,1,1,0,1,0,0,0,0,1,1,0,0,0,0,0,0,0,0,0,0,0,0,0,0,0,0,0,0,1,0,1,0,0,0,1,0,0,0,0,0,0,0,0,0,0,0,0,0,0,0,0,0,0,0,0,1,0,0,0,0,0,0,0,0,0,0,0,0,0,0,1,0,0,0,0,1,0,0,0,0,0,0,0,0,0,0,0,0,1,0,0,0,0,1,1,1,0,0,0,1,0,0,0,0,0,0,0,0,0,1,0,1,1,0,1,1,1,1,1,1,1,0,0,0,1,0,1,0,1,1,0,0,1,0,0,0,0,0,0,0,1,0,0,0
0,1,0,0,0,1,1,1,0,0,1,1,0,0,1,0,0,0,0,0,0,0,0,0,0,0,0,0,0,0,1,0,0,1,1,1,1,0,1,0,0,0,1,1,0,0,0,0,1,0,0,1,0,0,0,0,1,0,0,0,0,0,0,1,1,0,0,0,0,1,0,1,0,0,0,0,0,1,1,0,1,0,0,0,0,1,1,0,0,0,0,0,0,0,0,0,0,0,0,0,0,0,0,0,0,0,0,1,0,0,0,0,0,0,0,0,0,0,0,0,0,0,0,0,1,0,0,0,0,0,0,0,1,0,0,0,0,0,0,0,0,0,0,0,0,0,0,1,0,0,0,0,1,0,0,0,0,0,0,0,0,0,0,0,0,1,0,0,0,0,1,1,0,0,0,0,1,0,1,0,0,0,0,0,0,0,1,0,1,1,0,1,1,1,1,1,1,1,1,0,0,1,0,1,0,1,1,0,0,1,0,0,0,0,0,0,0,1,0,0,0
0,1,0,0,0,1,1,1,0,0,1,1,0,0,1,0,0,0,0,0,0,0,0,0,0,0,0,0,0,0,1,0,0,1,1,1,1,0,1,0,0,0,1,1,0,0,0,0,1,0,0,1,0,0,0,0,1,0,0,0,0,0,0,1,1,0,0,0,0,1,0,1,0,0,0,0,0,1,1,0,1,0,0,0,0,1,1,0,0,0,0,0,0,0,0,0,0,0,0,0,0,0,0,0,0,0,0,1,0,0,0,0,0,0,0,0,0,0,0,0,0,0,0,0,1,0,0,0,0,0,0,0,1,0,0,0,0,0,0,0,0,0,0,0,0,0,0,0,0,0,0,0,1,0,0,0,0,0,0,0,0,0,0,0,0,1,0,0,0,0,1,1,0,0,0,0,1,0,1,0,0,0,0,0,0,0,1,0,1,1,0,1,1,1,1,1,1,1,0,0,0,1,0,1,0,1,0,0,0,0,0,0,0,0,0,0,0,0,0,0,0
0,1,0,0,0,1,1,0,0,0,1,1,0,0,0,0,0,0,0,0,0,0,0,0,0,0,0,0,0,0,1,0,0,1,1,1,1,1,1,0,0,1,0,1,0,0,0,1,0,0,0,1,0,0,0,0,1,0,0,0,0,0,0,1,1,0,0,0,0,1,0,1,0,0,0,0,0,1,1,0,1,0,0,0,0,1,1,0,1,0,0,0,0,0,0,0,0,0,0,0,0,0,0,0,0,1,0,1,0,0,0,1,0,0,0,0,0,0,1,0,0,0,0,0,0,0,0,0,0,0,0,0,1,0,0,0,0,0,0,0,0,0,0,0,0,0,0,1,0,0,0,0,1,0,0,0,0,0,0,0,1,0,0,1,0,1,0,0,0,0,1,1,1,0,0,0,1,0,0,0,0,0,0,0,0,0,1,0,1,1,0,1,1,1,1,1,1,1,0,0,0,1,0,1,0,1,0,0,0,0,0,0,0,0,0,0,0,0,0,0,0
0,0,0,1,0,1,1,0,1,0,1,1,1,1,1,0,0,0,0,0,0,0,0,0,0,1,0,0,0,0,1,1,0,1,1,1,1,0,0,0,0,0,0,1,0,1,0,0,0,0,0,1,1,0,0,1,1,0,0,0,0,0,0,1,1,0,0,0,0,1,1,1,0,0,0,0,0,1,1,1,1,0,0,0,1,1,1,0,0,0,0,0,0,0,0,0,0,0,0,0,0,0,1,0,0,0,0,1,0,0,1,0,0,0,0,0,0,0,0,0,0,0,1,0,0,0,0,0,0,0,0,0,1,0,0,0,0,0,0,0,1,0,0,0,0,0,0,0,0,0,0,0,1,0,0,0,0,0,0,0,0,0,0,0,0,1,0,0,0,0,0,0,0,0,1,0,0,0,0,0,0,0,0,0,0,0,1,0,1,1,0,1,1,1,1,1,1,1,0,0,0,1,0,1,0,1,0,0,0,0,0,0,0,0,0,0,0,0,0,0,0
0,0,0,1,0,1,1,0,0,0,0,0,0,0,0,0,0,0,0,0,0,0,0,0,0,0,0,0,0,0,1,0,0,0,0,0,0,0,1,1,0,0,0,1,0,0,0,1,0,0,0,1,0,1,1,0,1,1,1,0,0,0,1,0,0,0,0,0,1,0,0,1,0,0,0,1,0,0,0,0,0,0,0,1,0,1,1,0,1,0,1,0,0,0,0,0,1,1,0,1,0,0,0,0,0,0,0,0,0,0,0,1,1,1,0,1,1,1,1,0,0,0,0,1,0,0,0,1,1,0,0,0,0,0,0,1,1,0,0,1,0,0,0,1,0,1,1,1,0,1,0,0,0,1,0,0,1,0,0,1,1,0,0,1,0,1,1,0,1,0,0,0,1,1,0,1,0,1,0,0,1,1,0,0,0,0,1,0,0,1,0,1,0,0,0,0,0,0,0,0,0,1,1,0,0,0,0,0,0,0,0,0,0,0,0,0,0,0,0,0,0
0,1,0,0,0,1,1,1,0,0,1,1,0,1,1,0,0,0,0,0,0,0,0,0,0,0,0,0,0,0,1,0,0,1,1,1,1,0,0,1,0,1,0,1,0,0,0,1,1,0,0,1,0,0,0,0,1,1,1,0,0,0,0,1,1,0,0,0,1,1,0,1,0,0,0,0,0,1,1,0,1,0,0,0,0,1,1,0,1,0,1,0,0,0,0,0,0,1,0,0,0,0,0,0,0,1,0,1,0,0,0,1,1,1,1,0,0,1,1,0,0,0,0,1,0,1,0,1,1,0,0,0,1,0,0,0,1,0,0,1,0,0,0,0,0,1,1,1,0,0,0,0,1,1,0,0,0,0,0,1,1,1,0,1,0,1,0,0,1,0,0,1,1,1,0,1,1,0,0,1,0,1,0,0,0,0,1,1,1,1,0,1,1,1,1,1,1,1,1,0,0,1,0,1,0,1,0,1,1,0,0,0,1,0,1,0,1,0,0,0,1
0,1,0,1,0,1,1,0,0,0,0,0,0,0,0,1,1,1,1,0,0,1,1,1,0,0,1,0,1,0,1,0,0,0,0,0,0,1,1,1,0,1,0,1,0,0,0,1,1,0,0,1,0,0,0,0,0,1,1,0,0,0,1,0,0,0,0,0,1,0,0,0,0,0,0,0,0,0,0,0,0,0,0,0,0,0,0,0,1,0,1,0,0,0,0,0,0,1,0,0,0,0,0,0,0,0,0,0,0,0,0,1,1,1,1,0,0,1,1,0,0,0,0,1,0,1,1,1,1,0,0,0,0,0,0,0,1,0,0,1,0,0,0,0,0,1,1,1,1,0,0,0,0,1,0,0,0,0,0,1,1,1,0,1,0,1,0,0,1,0,0,0,0,1,0,1,1,0,0,1,0,1,0,0,0,0,1,1,0,1,0,1,0,0,0,1,1,0,1,0,0,1,0,0,0,0,0,1,1,0,0,0,1,0,1,0,1,0,0,0,1
0,1,0,1,0,0,0,0,0,0,0,0,0,0,0,1,1,1,1,0,0,1,1,1,1,0,1,0,1,1,0,0,0,0,0,0,0,1,1,0,0,1,0,0,0,0,0,1,0,0,0,0,0,0,0,0,0,0,0,1,0,0,1,0,0,0,0,0,0,0,0,0,0,0,0,0,0,0,0,0,0,0,0,0,0,0,0,0,1,0,0,0,0,0,0,0,0,0,0,0,0,0,0,0,0,0,0,0,0,0,0,1,0,0,0,0,0,0,1,0,0,0,0,0,0,0,1,0,0,0,0,0,0,0,0,0,0,0,0,0,0,0,0,0,0,0,0,1,1,0,0,0,0,0,0,0,0,0,0,0,1,0,0,1,0,0,0,0,0,0,0,0,0,0,0,0,1,0,0,0,0,0,0,0,0,0,0,0,0,0,0,0,0,0,0,1,1,0,0,0,0,0,0,0,0,0,1,0,0,1,0,0,0,1,0,0,0,1,0,0,0
0,1,0,1,0,1,1,0,0,0,1,0,0,1,0,1,1,1,1,0,0,1,1,1,0,0,1,0,1,0,1,0,0,0,0,0,0,1,1,1,0,1,0,1,0,0,0,1,1,0,0,1,0,0,0,0,1,1,1,0,0,0,1,0,0,0,0,0,1,0,0,0,0,0,0,0,0,0,0,0,0,0,0,0,0,0,0,0,1,0,1,0,0,0,0,0,0,1,0,0,0,0,0,0,0,0,0,0,0,0,0,1,1,1,1,0,0,1,1,0,0,0,0,1,0,1,1,1,1,0,0,0,0,0,0,0,1,0,0,1,0,0,0,0,0,1,1,1,1,0,0,0,0,1,0,0,0,0,0,1,1,1,0,1,0,1,0,0,1,0,0,0,0,1,0,1,1,0,0,1,0,1,0,0,0,0,1,1,0,1,0,1,0,0,0,1,1,0,1,0,0,1,0,0,0,0,1,1,1,1,0,0,1,0,1,0,1,1,0,0,1
1,1,0,1,0,1,0,0,0,0,0,0,0,0,0,1,1,1,1,0,0,1,1,1,1,0,1,0,0,0,1,0,0,0,0,0,1,1,1,1,0,1,0,1,0,0,0,1,0,0,0,1,0,0,0,0,0,0,0,0,0,0,1,0,0,0,0,0,0,0,1,1,1,1,0,1,0,0,0,1,1,0,0,1,0,0,0,1,1,0,0,0,0,0,0,0,0,0,0,0,0,0,0,0,0,0,0,1,0,1,1,1,0,0,0,0,0,0,1,0,1,0,0,0,0,0,1,0,0,0,0,0,1,0,0,0,0,0,0,0,0,0,0,0,0,0,0,1,1,0,0,0,0,0,0,0,0,0,0,0,1,0,0,1,0,0,0,0,0,0,0,0,0,0,0,0,1,0,0,0,0,0,0,1,0,0,0,0,1,0,0,0,1,0,0,1,1,0,0,0,0,0,0,1,0,0,0,0,0,0,0,0,0,0,0,0,0,0,0,0,0
0,1,0,1,1,1,0,0,0,0,0,0,0,0,0,1,1,1,1,1,1,1,0,1,1,1,1,1,1,1,1,0,0,0,0,0,0,1,1,0,0,1,0,1,0,0,0,1,0,0,0,1,1,0,0,0,0,0,0,0,0,0,1,0,0,0,0,0,0,0,1,1,1,0,1,1,1,1,0,1,1,1,1,1,1,1,0,1,1,1,0,1,1,1,1,1,1,0,0,1,0,1,1,1,1,0,1,1,0,1,1,1,0,0,0,1,1,0,1,0,1,1,1,0,0,0,1,0,0,0,1,0,1,1,0,1,0,0,1,0,1,0,0,1,1,0,0,1,1,0,0,0,0,0,0,0,0,1,0,0,1,0,0,1,1,0,0,0,0,0,0,1,1,0,1,0,1,1,0,0,1,0,0,1,0,0,0,0,0,0,0,0,0,0,0,1,1,0,0,0,0,0,0,0,0,0,0,0,0,0,0,0,0,0,0,0,0,0,0,0,0
0,1,0,1,0,0,0,0,0,0,1,0,1,1,0,1,1,1,1,0,0,1,0,0,0,0,1,0,0,0,0,0,0,0,0,0,0,1,1,0,0,1,0,0,0,0,0,1,0,0,0,0,0,0,0,0,0,0,0,0,0,0,1,0,0,0,0,0,0,0,0,0,0,0,0,0,0,0,0,0,0,0,0,0,0,0,0,0,1,0,0,0,0,0,0,0,0,0,0,0,0,0,0,0,0,0,0,0,0,0,0,1,0,0,0,0,0,0,1,0,0,0,0,0,0,0,1,0,0,0,0,0,0,0,0,0,0,0,0,0,0,0,0,0,0,0,0,1,1,0,0,0,0,0,0,0,0,0,0,0,1,0,0,1,0,0,0,0,0,0,0,0,0,0,0,0,1,0,0,0,0,0,0,0,0,0,0,0,0,0,0,0,0,0,0,1,1,0,0,0,0,0,0,0,0,0,0,0,0,0,0,0,0,0,0,0,0,0,0,0,0
0,1,0,1,0,0,0,0,0,0,0,0,0,0,0,1,1,1,1,1,1,1,0,1,0,0,1,0,0,0,0,0,0,0,0,0,0,1,1,0,0,1,0,0,0,0,0,1,0,0,0,0,0,0,0,0,0,0,0,0,0,0,1,0,0,0,0,0,0,0,0,0,0,0,0,0,0,0,0,0,0,0,0,0,0,0,0,0,1,0,0,0,0,0,0,0,0,0,0,0,0,0,0,0,0,0,0,0,0,0,0,1,0,0,0,0,0,0,1,0,0,0,0,0,0,0,1,0,0,0,0,0,0,0,0,0,0,0,0,0,0,0,0,0,0,0,0,1,1,0,0,0,0,0,0,0,0,0,0,0,1,0,0,1,0,0,0,0,0,0,0,0,0,0,0,0,1,0,0,0,0,0,0,0,0,0,0,0,0,0,0,0,0,0,0,1,1,0,0,0,0,0,0,0,0,0,0,0,0,0,0,0,0,0,0,0,0,0,0,0,0
0,1,0,1,0,1,0,0,0,0,0,0,0,0,0,1,1,1,1,1,1,1,0,1,0,0,1,0,0,0,1,0,0,0,0,0,0,1,1,0,0,1,1,1,0,0,0,1,1,0,0,0,0,0,0,0,0,0,0,0,0,0,1,0,0,0,0,0,1,0,0,0,0,0,0,0,0,0,0,0,0,0,0,0,0,0,0,0,1,0,0,0,0,0,0,0,0,0,0,0,0,0,0,0,0,0,0,0,0,0,0,1,0,0,0,0,0,0,1,0,0,0,0,0,1,0,1,0,0,0,0,0,0,0,0,0,0,0,0,0,0,0,0,0,0,0,0,1,1,0,1,1,0,0,0,0,0,0,0,0,1,0,0,1,0,0,0,0,0,0,0,0,0,0,0,0,1,0,1,0,0,0,0,0,0,0,0,0,0,0,0,0,0,0,0,1,1,0,0,0,0,0,0,0,0,0,0,0,0,0,0,0,0,0,0,0,0,0,0,0,0
0,1,0,1,0,1,0,0,0,1,0,0,0,0,0,1,1,1,1,0,0,1,0,1,0,1,1,0,0,0,1,0,1,1,0,0,1,1,1,0,1,1,0,0,1,1,1,1,1,0,0,1,0,1,1,0,0,0,0,1,1,1,0,1,1,1,0,1,0,0,1,1,1,0,0,1,0,0,0,1,0,0,0,1,0,1,0,1,1,1,0,1,0,0,0,0,1,0,1,1,1,1,0,0,1,1,1,0,0,1,1,1,0,0,0,1,1,0,1,1,0,1,0,0,0,0,0,0,0,0,1,1,0,0,0,1,0,1,1,0,0,0,1,1,1,0,0,1,0,0,0,0,0,0,0,1,0,0,0,0,1,0,0,1,0,0,0,0,0,0,1,1,1,0,0,0,1,1,0,0,1,0,0,0,0,0,0,0,0,0,0,0,0,0,0,1,1,0,0,0,0,0,0,0,0,0,1,0,0,0,0,1,0,1,0,1,0,1,0,1,0
0,1,0,1,0,0,0,0,0,1,0,0,0,0,0,1,1,1,1,0,0,1,0,1,0,1,1,0,0,0,0,0,1,1,0,0,1,1,1,0,1,1,0,0,1,1,1,1,0,0,0,1,0,1,1,0,0,0,0,1,1,1,0,0,1,1,0,1,0,0,1,0,1,0,0,1,0,0,0,1,0,0,0,1,0,0,0,1,1,1,0,1,0,0,0,0,1,0,1,1,1,1,0,0,1,1,1,0,0,1,1,0,0,0,0,1,1,0,1,1,0,1,0,0,0,0,0,0,0,0,1,1,0,0,0,1,0,1,1,0,0,0,1,1,1,0,0,1,0,0,0,0,0,0,0,1,0,0,0,0,1,0,0,1,0,0,0,0,0,0,1,0,0,0,0,0,1,1,0,0,1,0,0,0,0,0,0,0,0,0,0,0,0,0,0,1,1,0,0,0,0,0,0,0,0,0,1,0,0,0,0,1,0,1,0,1,0,1,0,1,0
0,1,0,1,0,1,1,0,1,1,0,0,0,0,0,1,1,1,1,0,0,1,0,1,0,1,1,0,0,0,0,1,1,1,0,0,1,1,1,0,1,1,0,0,1,1,1,1,0,0,0,1,0,1,1,0,0,0,0,1,1,1,0,0,1,1,0,1,0,0,1,0,1,0,0,1,0,0,0,1,0,0,0,1,0,0,0,1,1,1,0,1,0,0,0,0,1,0,1,1,1,1,0,0,1,1,1,0,0,1,1,0,0,0,0,1,1,0,1,1,0,1,0,0,0,0,0,0,0,0,1,1,0,0,0,1,0,1,1,0,0,0,1,1,1,0,0,1,0,0,0,0,0,0,0,1,0,0,0,0,1,0,0,1,0,0,0,0,0,0,1,0,0,0,0,0,1,1,0,0,1,0,0,0,0,0,0,0,0,0,0,0,0,0,0,1,1,0,0,0,0,0,0,0,0,0,1,0,0,0,0,1,0,1,0,1,0,1,0,1,0
0,1,0,1,0,1,1,1,0,0,0,0,0,0,0,1,1,1,1,0,0,1,1,1,0,1,1,0,1,0,1,0,0,1,0,0,0,0,1,1,0,0,0,1,1,1,0,0,1,0,0,1,0,1,1,0,0,1,1,1,1,1,0,0,1,1,0,1,1,0,1,1,1,0,0,1,0,1,0,1,1,0,0,1,0,1,0,1,1,1,1,1,0,0,0,1,1,1,0,1,0,1,0,0,1,0,1,1,0,1,1,0,1,1,1,1,1,1,1,0,1,1,0,1,0,1,0,1,1,1,1,1,1,0,0,1,1,0,1,1,0,1,0,1,1,1,1,1,0,0,0,0,0,1,0,1,0,1,0,1,1,1,0,1,0,1,0,1,1,0,0,0,0,1,0,1,1,1,0,1,1,1,0,1,1,0,1,1,1,1,1,1,1,1,0,1,1,0,1,1,1,0,0,1,1,0,0,1,1,0,0,1,1,0,1,0,1,0,0,1,1
1,1,0,1,1,1,1,1,0,0,0,0,0,0,0,1,1,1,1,0,0,1,1,1,0,1,1,0,1,0,1,0,0,1,0,0,0,0,1,1,0,1,0,1,1,1,0,1,1,0,0,1,0,1,1,0,0,1,1,1,1,1,0,1,1,1,0,1,1,0,1,1,1,0,0,1,0,1,0,1,1,0,0,1,0,1,0,1,1,1,1,1,0,0,0,0,1,1,0,1,0,1,0,0,1,1,1,1,0,1,1,1,1,1,1,1,1,1,1,0,0,1,0,1,0,1,0,1,1,1,1,1,1,0,0,1,1,0,1,1,0,0,0,1,1,1,1,1,0,0,0,0,0,1,0,1,0,0,0,1,1,1,0,1,0,1,0,1,1,0,1,1,1,1,0,1,1,1,0,1,1,1,0,0,0,0,1,0,1,1,1,0,1,0,0,1,1,1,1,1,1,0,0,1,0,0,0,1,1,0,0,1,1,0,1,0,1,0,0,1,1
1,1,0,1,1,1,1,1,0,0,0,0,0,0,0,1,1,1,1,0,0,1,1,1,0,1,1,0,1,0,1,0,0,1,0,0,0,0,1,1,0,1,0,1,1,1,0,1,1,0,0,1,0,1,1,0,0,1,1,1,1,1,0,1,1,1,0,1,1,0,1,1,1,0,0,1,0,1,0,1,1,0,0,1,0,1,0,1,1,1,1,1,0,0,0,0,1,1,0,1,0,1,0,0,1,1,1,1,0,1,1,1,1,1,1,1,1,1,1,0,0,1,0,1,0,1,0,1,1,1,1,1,1,0,0,1,1,0,1,1,0,0,0,1,1,1,1,1,0,0,0,0,0,1,0,1,0,0,0,1,1,1,0,1,0,1,0,1,1,0,1,1,1,1,0,1,1,1,0,1,1,1,0,0,0,0,1,0,1,1,1,0,1,0,1,1,1,1,1,1,1,0,0,1,0,0,0,1,1,0,0,1,1,0,1,0,1,0,0,1,1
1,1,0,1,1,1,1,1,0,0,0,0,0,0,0,1,1,1,1,0,0,1,1,1,0,1,1,0,1,0,1,0,0,1,0,0,0,0,1,1,0,1,0,1,1,1,0,1,1,0,0,1,0,1,1,0,0,1,1,1,1,1,0,1,1,1,0,1,1,0,1,1,1,0,0,1,0,1,0,1,1,0,0,1,0,1,0,1,1,1,1,1,0,0,0,0,1,1,0,1,0,1,0,0,1,1,1,1,0,1,1,1,1,1,1,1,1,1,1,0,0,1,0,1,0,1,0,1,1,1,1,1,1,0,0,1,1,0,1,1,0,0,0,1,1,1,1,1,0,0,0,0,0,1,0,1,0,0,0,1,1,1,0,1,0,1,0,1,1,0,1,1,1,1,0,1,1,1,0,1,1,1,0,0,0,0,1,0,1,1,1,0,1,0,0,1,1,1,1,1,1,0,0,1,0,0,0,1,1,0,0,1,1,0,1,0,1,0,0,1,1
1,1,0,1,1,1,1,1,0,0,0,0,0,0,0,1,1,1,1,0,0,1,1,1,0,1,1,0,1,0,1,0,0,1,0,0,0,0,1,1,0,1,0,1,1,1,0,1,1,0,0,1,0,1,1,0,0,1,1,1,1,1,0,1,1,1,0,1,1,0,1,1,1,0,0,1,0,1,0,1,1,0,0,1,0,1,0,1,1,1,1,1,0,0,0,0,1,1,0,1,0,1,0,0,1,1,1,1,0,1,1,1,1,1,1,1,1,1,1,0,0,1,0,1,0,1,0,1,1,1,1,1,1,1,0,1,1,0,1,1,0,0,0,1,1,1,1,1,0,0,0,0,0,1,0,1,0,0,0,1,1,1,0,1,0,1,0,1,1,0,1,1,1,1,0,1,1,1,0,1,1,1,0,0,0,0,1,0,1,1,1,0,1,0,0,1,1,1,1,1,1,0,0,1,0,0,0,1,1,0,0,1,1,0,1,0,1,0,0,1,1
1,1,0,1,1,1,1,1,0,0,0,0,0,0,0,1,1,1,1,0,0,1,1,1,0,1,1,0,1,0,1,0,0,1,0,0,0,0,1,1,0,1,0,1,1,1,0,1,1,0,0,1,0,1,1,0,0,1,1,1,1,1,0,1,1,1,0,1,1,0,1,1,1,0,0,1,0,1,0,1,1,0,0,1,0,1,0,1,1,1,1,1,0,0,0,0,1,1,0,1,0,1,0,0,1,1,1,1,1,1,1,1,1,1,1,1,1,1,1,0,0,1,0,1,0,1,1,1,1,1,1,1,1,0,0,1,1,0,1,1,0,0,0,1,1,1,1,1,1,0,0,0,0,1,0,1,0,0,0,1,1,1,0,1,0,1,0,1,1,0,1,1,1,1,0,1,1,1,0,1,1,1,0,0,0,0,1,0,1,1,1,0,1,0,0,1,1,1,1,1,1,0,0,1,0,0,0,1,1,0,0,1,1,0,1,0,1,0,0,1,1
0,1,0,1,0,1,1,1,0,0,0,0,0,0,0,1,1,1,1,0,0,1,1,1,0,1,1,0,1,0,1,0,0,1,0,0,0,0,1,1,0,0,0,1,1,1,0,0,1,0,0,1,0,1,1,0,0,1,1,1,1,1,0,0,1,1,0,1,1,0,1,1,1,0,0,1,0,1,0,1,1,0,0,1,0,1,0,1,1,1,1,1,0,0,0,0,1,1,0,1,0,1,0,0,1,0,1,1,0,1,1,0,1,1,1,1,1,1,1,0,0,1,0,1,0,1,0,1,1,1,1,1,1,0,0,1,1,0,1,1,0,0,0,1,1,1,1,1,0,0,0,0,0,1,0,1,0,0,0,1,1,1,0,1,0,1,0,1,1,0,1,0,0,1,0,1,1,1,0,1,1,1,0,0,0,0,1,0,1,1,1,0,1,0,0,1,1,1,1,1,1,0,0,1,0,0,0,1,1,0,0,1,1,0,1,0,1,0,0,1,1
1,1,1,1,0,1,1,1,0,0,0,0,0,0,0,0,0,1,1,0,0,1,1,1,0,0,1,0,1,0,1,0,0,1,0,0,0,0,1,1,0,1,0,1,0,0,0,1,1,0,0,1,0,1,1,0,0,1,1,1,0,0,0,1,1,0,0,0,1,0,0,1,0,0,0,1,0,1,0,0,1,0,0,1,0,1,0,0,1,0,1,0,0,0,0,1,0,1,0,0,0,0,0,0,0,1,0,1,0,0,0,1,1,1,1,1,0,1,1,0,1,0,0,1,0,1,0,1,1,1,0,0,1,0,0,0,1,0,0,1,0,1,0,1,0,1,1,1,0,0,0,0,0,1,0,0,0,1,0,1,1,1,0,1,0,1,0,1,1,0,1,1,1,1,0,1,1,0,0,1,1,1,0,1,1,0,1,1,1,1,1,1,1,1,0,1,1,0,1,1,1,1,0,1,1,0,1,1,1,1,0,1,1,1,1,1,1,1,0,1,1
1,1,0,1,1,1,1,1,0,0,0,0,0,0,0,1,1,1,1,0,0,1,1,1,0,1,1,0,1,0,1,0,0,1,0,0,0,0,1,1,0,1,0,1,1,1,0,1,1,0,0,1,0,1,1,0,0,1,1,1,1,1,0,1,1,1,0,1,1,0,1,1,1,0,0,1,0,1,0,1,1,0,0,1,0,1,0,1,1,1,1,1,0,0,0,1,1,1,0,1,0,1,0,0,1,1,1,1,0,1,1,1,1,1,1,1,1,1,1,0,1,1,0,1,0,1,0,1,1,1,1,1,1,0,0,1,1,0,1,1,0,1,0,1,1,1,1,1,0,0,0,0,0,1,0,1,0,1,0,1,1,1,0,1,0,1,0,1,1,0,1,1,1,1,0,1,1,1,0,1,1,1,0,1,1,0,1,1,1,1,1,1,1,1,0,1,1,0,1,1,1,1,0,1,1,0,0,1,1,0,0,1,1,0,1,0,1,0,0,1,1
1,1,0,1,1,1,1,1,0,0,0,0,0,0,0,1,1,1,1,0,0,1,1,1,0,1,1,0,1,0,1,0,0,1,0,0,0,0,1,1,0,1,0,1,1,1,0,1,1,0,0,1,0,1,1,0,0,1,1,1,1,1,0,1,1,1,0,1,1,0,1,1,1,0,0,1,0,1,0,1,1,0,0,1,0,1,0,1,1,1,1,1,0,0,0,1,1,1,0,1,0,1,0,0,1,1,1,1,0,1,1,1,1,1,1,1,1,1,1,0,1,1,0,1,0,1,0,1,1,1,1,1,1,0,0,1,1,0,1,1,0,1,0,1,1,1,1,1,0,0,0,0,0,1,0,1,0,1,0,1,1,1,0,1,0,1,0,1,1,0,1,1,1,1,0,1,1,1,0,1,1,1,0,1,1,0,1,1,1,1,1,1,1,1,0,1,1,0,1,1,1,1,0,1,1,0,0,1,1,0,0,1,1,0,1,0,1,0,0,1,1
1,1,0,1,1,1,1,1,0,0,0,0,0,0,0,1,1,1,1,0,0,1,1,1,0,1,1,0,1,0,1,0,0,1,0,0,0,0,1,1,0,1,0,1,1,1,0,1,1,0,0,1,0,1,1,0,0,1,1,1,1,1,0,1,1,1,0,1,1,0,1,1,1,0,0,1,0,1,0,1,1,0,0,1,0,1,0,1,1,1,1,1,0,0,0,1,1,1,0,1,0,1,0,0,1,1,1,1,0,1,1,1,1,1,1,1,1,1,1,0,1,1,0,1,0,1,0,1,1,1,1,1,1,0,0,1,1,0,1,1,0,1,0,1,1,1,1,1,0,0,0,0,0,1,0,1,0,1,0,1,1,1,0,1,0,1,0,1,1,0,1,1,1,1,0,1,1,1,0,1,1,1,0,1,1,0,1,1,1,1,1,1,1,1,0,1,1,0,1,1,1,1,0,1,1,0,0,1,1,0,0,1,1,0,1,0,1,0,0,1,1
1,1,0,1,1,1,1,1,0,0,0,0,0,0,0,1,1,1,1,0,0,1,1,1,0,1,1,0,1,0,1,0,0,1,0,0,0,0,1,1,0,1,0,1,1,1,0,1,1,0,0,1,0,1,1,0,0,1,1,1,1,1,0,1,1,1,0,1,1,0,1,1,1,0,0,1,0,1,0,1,1,0,0,1,0,1,0,1,1,1,1,1,0,0,0,1,1,1,0,1,0,1,0,0,1,1,1,1,0,1,1,1,1,1,1,1,1,1,1,0,1,1,0,1,0,1,0,1,1,1,1,1,1,0,0,1,1,0,1,1,0,1,0,1,1,1,1,1,0,0,0,0,0,1,0,1,0,1,0,1,1,1,0,1,0,1,0,1,1,0,1,1,1,1,0,1,1,1,0,1,1,1,0,1,1,0,1,1,1,1,1,1,1,1,1,1,1,0,1,1,1,1,0,1,1,0,0,1,1,0,0,1,1,0,1,0,1,0,0,1,1
1,1,0,1,1,1,1,1,0,0,0,0,0,0,0,1,1,1,1,0,0,1,1,1,0,1,1,0,1,0,1,0,0,1,0,0,0,0,1,1,0,1,0,1,1,1,0,1,1,0,0,1,0,1,1,0,0,1,1,1,1,1,0,1,1,1,0,1,1,0,1,1,1,0,0,1,0,1,0,1,1,0,0,1,0,1,0,1,1,1,1,1,0,0,0,1,1,1,0,1,0,1,0,0,1,1,1,1,0,1,1,1,1,1,1,1,1,1,1,0,1,1,0,1,0,1,0,1,1,1,1,1,1,0,0,1,1,0,1,1,0,1,0,1,1,1,1,1,0,0,0,0,0,1,0,1,0,1,0,1,1,1,0,1,0,1,0,1,1,0,1,1,1,1,0,1,1,1,0,1,1,1,0,1,1,0,1,1,1,1,1,1,1,1,0,1,1,0,1,1,1,1,0,1,1,0,0,1,1,0,0,1,1,0,1,0,1,0,0,1,1
0,1,0,1,1,1,1,1,0,0,0,0,0,0,0,1,1,1,1,0,0,1,1,1,0,1,1,0,1,0,1,0,0,1,0,0,0,0,1,1,0,1,0,1,1,1,0,1,1,0,0,1,0,1,1,0,0,1,1,1,1,1,0,1,1,1,0,1,1,0,1,1,1,0,0,1,0,1,0,1,1,0,0,1,0,1,0,1,1,1,1,1,0,0,0,1,1,1,0,1,0,1,0,0,1,1,1,1,0,1,1,1,1,1,1,1,1,1,1,0,1,1,0,1,0,1,0,1,1,1,1,1,1,1,0,1,1,0,1,1,0,1,0,1,1,1,1,1,0,0,0,0,0,1,0,1,0,1,0,1,1,1,0,1,0,1,0,1,1,0,1,1,1,1,0,1,1,1,0,1,1,1,0,1,1,0,1,1,1,1,1,1,1,1,0,1,1,0,1,1,1,1,0,1,1,0,0,1,1,0,0,1,1,0,1,0,1,0,0,1,1
0,1,0,1,1,1,1,1,0,0,0,0,0,0,0,1,1,1,1,0,0,1,1,1,0,1,1,0,1,0,1,0,0,1,0,0,0,0,1,1,0,1,0,1,1,1,0,1,1,0,0,1,0,1,1,0,0,1,1,1,1,1,0,1,1,1,0,1,1,0,1,1,1,0,0,1,0,1,0,1,1,0,0,1,0,1,0,1,1,1,1,1,0,0,0,1,1,1,0,1,0,1,0,0,1,1,1,1,1,1,1,1,1,1,1,1,1,1,1,0,1,1,0,1,0,1,1,1,1,1,1,1,1,0,0,1,1,0,1,1,0,1,0,1,1,1,1,1,1,0,0,0,0,1,0,1,0,1,0,1,1,1,0,1,0,1,0,1,1,0,1,1,1,1,0,1,1,1,0,1,1,1,0,1,1,0,1,1,1,1,1,1,1,1,0,1,1,0,1,1,1,1,0,1,1,0,0,1,1,0,0,1,1,0,1,0,1,0,0,1,1
0,1,0,1,0,1,1,0,0,0,0,0,0,0,0,1,1,1,1,0,0,1,0,1,0,1,1,0,0,0,1,0,0,1,0,0,1,0,1,1,0,0,1,1,1,1,0,0,1,0,0,1,1,1,1,1,1,1,1,0,0,1,0,1,1,1,0,1,1,0,1,1,1,0,0,1,1,0,1,1,1,0,0,1,1,0,1,1,1,1,1,1,1,1,0,0,1,1,0,0,0,1,1,0,1,0,1,1,0,1,1,0,1,1,0,1,0,1,1,0,1,1,1,1,0,0,0,1,1,0,0,1,1,0,0,1,1,0,1,1,1,0,0,1,1,1,1,1,0,0,1,0,0,1,0,1,0,0,0,1,1,0,0,1,1,1,0,0,1,0,1,0,0,1,1,1,1,1,0,0,1,1,0,1,0,1,1,0,1,1,0,1,1,0,1,1,1,1,1,0,0,1,1,1,0,0,1,0,1,0,0,0,0,0,0,0,1,0,0,1,0
0,1,0,1,0,1,1,0,0,0,0,0,0,0,0,1,1,1,1,0,0,1,0,1,0,1,1,0,0,0,1,0,0,1,0,0,1,0,1,1,0,0,1,1,1,1,0,0,1,0,0,1,1,1,1,1,1,1,1,0,0,1,0,1,1,1,0,1,1,0,1,1,1,0,0,1,1,0,1,1,1,0,0,1,1,0,1,1,1,1,1,1,1,1,0,0,1,1,0,0,0,1,1,0,1,0,1,1,0,1,1,0,1,1,0,1,0,1,1,0,1,1,1,1,0,0,0,1,1,0,0,1,1,0,0,1,1,0,1,1,1,0,0,1,1,1,1,1,0,0,1,0,0,1,0,1,0,0,0,1,1,0,0,1,1,1,0,0,1,0,1,0,0,1,1,1,1,1,0,0,1,1,0,1,0,1,1,0,1,1,0,1,1,0,1,1,1,1,1,0,0,1,1,1,0,0,1,1,0,0,0,0,0,0,1,0,0,0,0,1,0
0,1,0,1,0,1,1,0,0,0,0,0,0,0,0,1,1,1,1,0,0,1,0,1,0,1,1,0,0,0,1,0,0,1,0,0,1,0,1,1,0,0,1,1,1,1,0,0,1,0,0,1,1,1,1,1,1,1,1,0,0,1,0,1,1,1,0,1,1,0,1,1,1,0,0,1,1,0,1,1,1,0,0,1,1,0,1,1,1,1,1,1,1,1,0,0,1,1,0,0,0,1,1,0,1,0,1,1,0,1,1,0,1,1,0,1,0,1,1,0,1,1,1,1,0,0,0,1,1,0,0,1,1,0,0,1,1,0,1,1,1,0,0,1,1,1,1,1,0,0,1,0,0,1,0,1,0,0,0,1,1,0,0,1,1,1,0,0,1,0,1,0,0,1,1,1,1,1,0,0,1,1,0,1,0,1,1,0,1,1,1,1,1,1,1,1,1,1,0,1,1,1,1,1,1,0,1,0,0,0,1,0,0,0,0,0,0,0,1,1,0
0,1,0,1,0,1,1,0,0,0,0,0,0,0,0,1,1,1,1,0,0,1,0,1,0,1,1,0,0,0,1,0,0,1,0,0,1,0,1,0,0,0,1,1,1,1,0,0,1,0,0,1,1,1,1,1,1,0,0,0,0,1,0,1,1,1,0,1,1,0,1,1,1,0,0,1,1,0,1,1,1,0,0,1,1,0,1,1,1,1,0,1,1,1,0,0,1,0,0,0,0,1,1,0,1,0,1,1,0,1,1,0,0,0,0,1,0,0,1,0,1,1,1,0,0,0,0,1,0,0,0,1,1,0,0,1,0,0,1,1,1,0,0,1,1,0,0,1,0,0,1,0,0,1,0,1,0,0,0,0,1,0,0,1,1,1,0,0,0,0,1,0,0,0,1,0,1,1,0,0,1,1,0,1,0,1,1,0,1,1,0,1,1,0,1,1,1,1,0,0,0,1,1,1,0,0,1,0,0,0,0,0,0,1,0,0,0,0,0,1,0
0,1,0,1,1,1,1,1,0,0,0,0,0,0,0,1,1,1,1,0,0,1,0,1,0,1,1,0,0,0,1,0,0,1,0,0,1,0,1,0,0,0,1,1,1,1,0,0,1,0,0,1,1,1,1,1,1,0,0,0,0,1,0,1,1,1,0,1,1,0,1,1,1,0,0,1,1,0,1,1,1,0,0,1,1,0,1,1,1,1,0,1,1,1,0,0,1,0,0,1,0,1,1,0,1,0,1,1,0,1,1,0,0,0,0,1,1,0,1,0,1,1,1,0,0,0,0,1,0,0,0,1,1,0,0,1,0,0,1,1,1,0,0,1,1,0,0,1,0,0,1,0,0,1,0,1,0,0,0,0,1,0,0,1,1,1,0,0,0,0,1,0,0,0,1,0,1,1,0,0,1,1,0,1,0,1,1,0,1,1,0,1,1,0,1,1,1,1,0,0,0,1,1,1,0,0,1,0,0,0,0,0,0,0,0,0,0,0,0,1,0
0,1,0,1,1,1,1,1,0,0,0,0,0,0,0,1,1,1,1,0,0,1,0,1,0,1,1,0,0,0,1,0,0,1,0,0,1,0,1,0,0,0,1,1,1,1,0,0,1,0,0,1,1,1,1,1,1,0,0,0,0,1,0,1,1,1,0,1,1,0,1,1,1,0,0,1,1,0,1,1,1,0,0,1,1,0,1,1,1,1,0,1,1,1,0,0,1,0,0,1,0,1,1,0,1,0,1,1,0,1,1,0,0,0,0,1,1,0,1,0,1,1,1,0,0,0,0,1,0,0,0,1,1,0,0,1,0,0,1,1,1,0,0,1,1,0,0,1,0,0,1,0,0,1,0,1,0,0,0,0,1,0,0,1,1,1,0,0,0,0,1,0,0,0,1,0,1,1,0,0,1,1,0,1,0,1,1,0,1,1,0,1,1,0,1,1,1,1,0,0,0,1,1,1,0,0,1,0,0,0,0,0,0,0,0,0,0,0,0,1,0
0,1,0,1,1,1,1,1,0,0,0,0,0,0,0,1,1,1,1,0,0,1,0,1,0,1,1,0,0,0,1,0,0,1,0,0,1,0,1,0,0,0,1,1,1,1,0,0,1,0,0,1,1,1,1,1,1,0,0,0,0,1,0,1,1,1,0,1,1,0,1,1,1,0,0,1,1,0,1,1,1,0,0,1,1,0,1,1,1,1,0,1,1,1,0,0,1,0,0,1,0,1,1,0,1,0,1,1,0,1,1,0,0,0,0,1,1,0,1,0,1,1,1,0,0,0,0,1,0,0,0,1,1,0,0,1,0,0,1,1,1,0,0,1,1,0,0,1,0,0,1,0,0,1,0,1,0,0,0,0,1,0,0,1,1,1,0,0,0,0,1,0,0,0,1,0,1,1,0,0,1,1,0,1,0,1,1,0,1,1,0,1,1,0,1,1,1,1,0,0,0,1,1,1,0,0,1,0,0,0,0,1,0,0,0,0,0,0,0,1,0
0,1,0,1,0,1,1,0,0,0,0,0,0,0,0,1,1,1,1,0,0,1,0,1,0,1,1,0,0,0,1,0,0,1,0,0,1,0,1,0,0,0,1,1,1,1,0,0,1,0,0,1,1,1,1,1,1,0,0,0,0,1,0,1,1,1,0,1,1,0,1,1,1,0,0,1,1,0,1,1,1,0,0,1,1,0,1,1,1,1,0,1,1,1,0,0,1,0,0,0,0,1,1,0,1,0,1,1,0,1,1,0,0,0,0,1,0,0,1,0,1,1,1,0,0,0,0,1,0,0,0,1,1,0,0,1,0,0,1,1,1,0,0,1,1,0,0,1,0,0,1,0,0,1,0,1,0,0,0,0,1,0,0,1,1,1,0,0,0,0,1,0,0,0,1,0,1,1,0,0,1,1,0,1,0,1,1,0,1,1,0,1,1,0,1,1,1,1,0,0,0,1,1,1,0,0,1,0,0,0,0,0,0,0,0,0,0,0,0,1,0
0,0,0,1,0,1,0,0,0,0,1,0,1,1,0,1,1,1,0,0,0,0,0,0,0,1,1,0,0,0,1,0,0,1,0,0,0,0,1,1,0,1,0,1,1,1,0,1,1,0,0,1,0,1,1,0,0,1,1,1,1,1,0,1,1,1,0,1,1,0,1,0,1,0,0,1,0,0,0,1,0,0,0,1,0,0,0,1,1,1,1,1,0,0,0,0,1,1,0,1,0,1,0,0,1,1,1,0,0,1,1,1,1,1,0,1,1,1,1,0,0,1,0,1,0,0,1,1,1,0,1,1,0,0,0,1,1,0,0,1,0,0,0,1,0,1,1,1,1,0,0,0,0,1,0,0,0,0,0,1,1,0,0,1,0,1,0,0,1,0,1,0,0,1,0,1,1,1,0,0,1,1,0,0,0,0,1,1,0,1,0,1,0,0,0,1,1,1,1,0,0,1,1,0,0,0,1,0,1,0,0,1,0,0,0,0,1,0,0,1,0
0,1,0,1,0,1,1,0,0,0,0,0,0,0,0,1,1,1,1,0,0,1,0,1,0,1,1,0,0,0,1,0,0,1,0,0,1,0,1,0,0,0,1,1,1,1,0,0,1,0,0,1,1,1,1,1,1,0,0,0,0,1,0,1,1,1,0,1,1,0,1,1,1,0,0,1,1,0,1,1,1,0,0,1,1,0,1,1,1,1,0,1,1,1,0,0,1,0,0,0,0,1,1,0,1,0,1,1,0,1,1,0,0,0,0,1,0,0,1,0,1,1,1,0,0,0,0,1,0,0,0,1,1,0,0,1,0,0,1,1,1,0,0,1,1,0,0,1,0,0,1,0,0,1,0,1,0,0,0,0,1,0,0,1,1,1,0,0,0,0,1,0,0,0,1,0,1,1,0,0,1,1,0,1,0,1,1,0,1,1,0,1,1,0,1,1,1,1,0,0,0,1,1,1,0,0,1,0,0,0,0,0,0,0,0,0,0,0,0,1,0
0,0,0,1,0,1,0,0,0,0,1,0,1,1,0,1,1,1,0,0,0,0,0,0,0,1,1,0,0,0,1,0,0,1,0,0,0,1,1,1,0,1,0,1,1,1,0,1,1,0,0,1,0,1,1,0,0,1,1,1,1,1,0,1,1,1,0,1,1,0,1,0,1,0,0,1,0,0,0,1,0,0,0,1,0,0,0,1,1,1,1,1,0,0,0,0,1,1,0,1,0,1,0,0,1,1,1,0,0,1,1,1,1,1,0,1,1,1,1,0,0,1,0,1,0,0,1,1,1,0,1,1,0,0,0,1,1,0,0,1,0,0,0,1,0,1,1,1,1,0,0,0,0,1,0,0,0,0,0,1,1,0,0,1,0,1,0,0,1,0,1,0,0,1,0,1,1,1,0,0,1,1,0,0,0,0,1,1,0,1,0,1,0,0,0,1,1,1,1,0,0,1,1,0,0,0,1,0,1,0,0,1,0,0,0,0,1,0,0,1,0
0,0,0,1,0,1,0,0,0,0,1,0,1,1,0,1,1,1,0,0,0,0,0,0,0,1,1,1,1,0,1,0,0,1,0,0,0,0,1,1,0,1,0,1,1,1,0,1,1,1,1,1,0,1,1,0,0,1,1,1,1,1,0,1,1,1,0,1,1,0,1,0,1,0,1,1,0,0,0,1,0,1,1,1,0,0,0,1,1,1,1,1,0,0,1,0,1,1,0,1,0,1,0,1,1,0,1,0,0,1,1,1,1,1,0,1,1,1,1,0,0,1,0,1,0,0,1,1,1,0,1,1,0,0,0,1,1,0,0,1,0,0,0,1,0,1,1,1,1,0,0,0,0,1,0,0,0,0,0,1,1,0,0,1,0,1,0,0,1,0,1,0,0,1,0,1,1,1,0,0,1,1,0,0,0,0,1,1,0,1,0,1,0,0,0,1,1,1,1,0,0,1,1,0,0,0,1,0,1,0,0,1,0,0,0,0,1,0,0,1,0
0,0,0,1,0,1,0,0,0,0,1,0,1,1,0,1,1,1,0,0,0,0,0,0,0,1,1,1,1,0,1,0,0,0,0,0,0,0,1,1,0,1,0,1,1,1,0,1,1,1,1,1,0,1,1,0,0,1,1,1,1,1,1,0,0,1,1,1,1,0,1,0,1,0,1,1,0,0,0,1,0,1,1,1,0,0,0,1,1,1,1,1,0,0,1,0,1,1,0,1,0,1,0,1,1,0,1,0,0,1,1,1,1,1,0,1,1,1,1,0,0,1,0,1,0,0,1,1,1,0,1,1,0,0,0,1,1,0,0,1,0,0,0,1,0,1,1,1,1,0,0,0,0,1,0,0,0,0,0,1,1,0,0,1,0,1,0,0,1,0,0,0,0,1,0,1,1,1,0,0,1,1,0,0,0,0,1,1,0,1,0,1,0,0,0,1,1,1,1,0,0,1,1,0,0,0,1,0,1,0,0,1,0,0,0,0,1,0,0,1,0
0,0,0,1,0,1,0,0,0,0,1,0,1,1,0,1,1,1,0,0,0,0,0,0,0,1,1,1,1,0,1,0,0,1,0,0,0,0,1,1,0,1,0,1,1,1,0,1,1,1,1,1,0,1,1,0,0,1,1,1,1,1,0,1,1,1,0,1,1,0,1,0,1,0,1,1,0,0,0,1,0,1,1,1,0,0,0,1,1,1,1,1,0,0,1,0,1,1,0,1,0,1,0,1,1,0,1,0,0,1,1,1,1,1,0,1,1,1,1,0,0,1,0,1,0,0,1,1,1,0,1,1,0,0,0,1,1,0,0,1,0,0,0,1,0,1,1,1,1,0,0,0,0,1,0,0,0,0,0,1,1,0,0,1,0,1,0,0,1,0,1,0,0,1,0,1,1,1,0,0,1,1,0,0,0,0,1,1,0,1,0,1,0,0,0,1,1,1,1,0,0,1,1,0,0,0,1,0,1,0,0,1,0,0,0,0,1,0,0,1,0
0,0,0,1,0,1,0,0,0,0,1,0,1,1,0,1,1,1,0,0,0,0,0,0,0,1,1,1,1,0,1,0,0,1,1,0,0,0,1,1,0,1,0,1,1,1,0,1,0,1,1,0,0,1,1,0,0,1,1,1,1,1,0,1,1,1,0,1,0,1,1,0,1,0,1,1,0,0,0,1,0,1,1,1,0,0,0,1,1,1,0,1,0,0,1,0,1,1,0,1,0,1,0,1,1,0,1,0,0,1,1,1,1,1,0,1,1,1,1,0,0,1,0,0,0,0,1,1,1,0,1,1,0,0,0,1,0,0,0,0,0,0,0,1,0,0,1,1,1,0,0,0,1,1,0,0,0,0,0,0,1,0,0,1,0,1,0,0,1,0,1,0,0,1,0,1,1,1,0,0,1,0,1,0,0,0,1,1,0,1,0,1,0,0,0,1,1,1,1,0,0,1,1,0,0,0,1,0,1,0,0,1,0,0,0,0,1,0,0,1,0
0,0,0,1,0,1,0,0,0,0,1,0,1,1,0,1,1,1,0,0,0,0,0,0,0,1,1,1,1,0,1,0,0,0,1,0,0,0,1,1,0,1,0,1,1,1,0,1,0,1,1,1,0,1,1,0,0,1,1,1,1,1,1,0,0,1,1,1,0,1,1,0,1,0,1,1,0,0,0,1,0,1,1,1,0,0,0,1,1,1,0,1,0,0,1,0,1,1,0,1,0,1,0,1,1,0,1,0,0,1,1,1,1,1,0,1,1,1,1,0,0,1,0,0,0,0,1,1,1,0,1,1,0,0,0,1,0,0,0,0,0,0,0,1,0,0,1,1,1,0,0,0,1,1,0,0,0,0,0,0,1,0,0,1,0,1,0,0,1,0,0,0,0,1,0,1,1,1,0,0,1,0,1,0,0,0,1,1,0,1,0,1,0,0,0,1,1,1,1,0,0,1,1,0,0,0,1,0,1,0,0,1,0,0,0,0,1,0,0,1,0
0,0,0,1,0,1,0,0,0,0,1,0,1,1,0,1,1,1,0,0,0,0,0,0,0,1,1,1,1,0,1,0,0,1,1,0,0,0,1,1,0,1,0,1,1,1,0,1,0,1,1,1,0,1,1,0,0,1,1,1,1,1,0,1,1,1,0,1,0,1,1,0,1,0,1,1,0,0,0,1,0,1,1,1,0,0,0,1,1,1,0,1,0,0,1,0,1,1,0,1,0,1,0,1,1,0,1,0,0,1,1,1,1,1,0,1,1,1,1,0,0,1,0,0,0,0,1,1,1,0,1,1,0,0,0,1,0,0,0,0,0,0,0,1,0,0,1,1,1,0,0,0,1,1,0,0,0,0,0,0,1,0,0,1,0,1,0,0,1,0,1,0,0,1,0,1,1,1,0,0,1,0,1,0,0,0,1,1,0,1,0,1,0,0,0,1,1,1,1,0,0,1,1,0,0,0,1,0,1,0,0,1,0,0,0,0,1,0,0,1,0
0,0,0,1,0,1,0,0,0,0,1,0,1,1,0,1,1,1,0,0,0,0,0,0,0,1,1,1,1,0,1,0,0,0,1,0,0,0,1,1,0,1,0,1,1,1,0,1,0,1,1,1,0,1,1,0,0,1,1,1,1,1,1,0,0,1,1,1,0,1,1,0,1,0,1,1,0,0,0,1,0,1,1,1,0,0,0,1,1,1,0,1,0,0,1,0,1,1,0,1,0,1,0,1,1,0,1,0,0,1,1,1,1,1,0,1,1,1,1,0,0,1,0,0,0,0,1,1,1,0,1,1,0,0,0,1,0,0,0,0,0,0,0,1,0,0,1,1,1,0,0,0,1,1,0,0,0,0,0,0,1,0,0,1,0,1,0,0,1,0,0,0,0,1,0,1,1,1,0,0,1,0,1,0,0,0,1,1,0,1,0,1,0,0,0,1,1,1,1,0,0,1,1,0,0,0,1,0,1,0,0,1,0,0,0,0,1,0,0,1,0
0,0,0,1,0,1,0,0,0,0,1,0,1,1,0,1,1,1,0,0,0,0,0,0,0,1,1,1,1,0,1,0,0,0,0,0,0,0,1,1,0,1,0,1,1,1,0,1,1,1,1,1,0,1,1,0,0,1,1,1,1,1,1,0,0,1,1,1,1,0,1,0,1,0,1,1,0,0,0,1,0,1,1,1,0,0,0,1,1,1,1,1,0,0,1,0,1,1,0,1,0,1,0,1,1,0,1,0,0,1,1,1,1,1,0,1,1,1,1,0,0,1,0,1,0,0,1,1,1,0,1,1,0,0,0,1,1,0,0,1,0,0,0,1,0,1,1,1,1,0,0,0,0,1,0,0,0,0,0,1,1,0,0,1,0,1,0,0,1,0,0,0,0,1,0,1,1,1,0,0,1,1,0,0,0,0,1,1,0,1,0,1,0,0,0,1,1,1,1,0,0,1,1,0,0,0,1,0,1,0,0,1,0,0,0,0,1,0,0,1,0
0,0,0,1,0,1,0,0,0,0,1,0,1,1,0,1,1,1,0,0,0,0,0,0,0,1,1,1,1,0,1,0,0,0,1,0,0,0,1,1,0,1,0,1,1,1,0,1,0,1,1,1,0,1,1,0,0,1,1,1,1,1,1,0,0,1,1,1,0,1,1,0,1,0,1,1,0,0,0,1,0,1,1,1,0,0,0,1,1,1,0,1,0,0,1,0,1,1,0,1,0,1,0,1,1,0,1,0,0,1,1,1,1,1,0,1,1,1,1,0,0,1,0,0,0,0,1,1,1,0,1,1,0,0,0,1,0,0,0,0,0,0,0,1,0,0,1,1,1,0,0,0,1,1,0,0,0,0,0,0,1,0,0,1,0,1,0,0,1,0,0,0,0,1,0,1,1,1,0,0,1,0,1,0,0,0,1,1,0,1,0,1,0,0,0,1,1,1,1,0,0,1,1,0,0,0,1,0,1,0,0,1,0,0,0,0,1,0,0,1,0
0,0,0,1,0,1,0,0,0,0,1,0,1,1,0,1,1,1,0,0,0,0,0,0,0,1,1,1,1,0,1,0,0,1,1,0,0,0,1,1,0,1,0,1,1,1,0,1,0,1,1,1,0,1,1,0,0,1,1,1,1,1,1,1,1,1,1,1,0,1,1,0,1,0,1,1,0,0,0,1,0,1,1,1,0,0,0,1,1,1,0,1,0,0,1,0,1,1,0,1,0,1,0,1,1,0,1,0,0,1,1,1,1,1,0,1,1,1,1,0,0,1,0,0,0,0,1,1,1,0,1,1,0,0,0,1,0,0,0,0,0,0,0,1,0,0,1,1,1,0,0,0,1,1,0,0,0,0,0,0,1,0,0,1,0,1,0,0,1,0,1,0,0,1,0,1,1,1,0,0,1,0,1,0,0,0,1,1,0,1,0,1,0,0,0,1,1,1,1,0,0,1,1,0,0,0,1,0,1,0,0,1,0,0,0,0,1,0,0,1,0
0,0,0,1,0,1,0,0,0,0,1,0,1,1,0,1,1,1,0,0,0,0,0,0,0,1,1,1,1,0,1,0,0,0,1,0,0,0,1,1,0,1,0,1,1,1,0,1,0,1,1,1,0,1,1,0,0,1,1,1,1,1,1,0,0,1,1,1,0,1,1,0,1,0,1,1,0,0,0,1,0,1,1,1,0,0,0,1,1,1,0,1,0,0,1,0,1,1,0,1,0,1,0,1,1,0,1,0,0,1,1,1,1,1,0,1,1,1,1,0,0,1,0,0,0,0,1,1,1,0,1,1,0,0,0,1,0,0,0,0,0,0,0,1,0,0,1,1,1,0,0,0,1,1,0,0,0,0,0,0,1,0,0,1,0,1,0,0,1,0,0,0,0,1,0,1,1,1,0,0,1,0,1,0,0,0,1,1,0,1,0,1,0,0,0,1,1,1,1,0,0,1,1,0,0,0,1,0,1,0,0,1,0,0,0,0,1,0,0,1,0
0,0,0,1,0,1,0,0,0,0,1,0,1,1,0,1,1,1,0,0,0,0,0,0,0,1,1,1,1,0,1,0,0,1,1,0,0,0,1,1,0,1,0,1,1,1,0,1,0,1,1,1,0,1,1,0,0,1,1,1,1,1,1,1,1,1,1,1,0,1,1,0,1,0,1,1,0,0,0,1,0,1,1,1,0,0,0,1,1,1,0,1,0,0,1,0,1,1,0,1,0,1,0,1,1,0,1,0,0,1,1,1,1,1,0,1,1,1,1,0,0,1,0,0,0,0,1,1,1,0,1,1,0,0,0,1,0,0,0,0,0,0,0,1,0,0,1,1,1,0,0,0,1,1,0,0,0,0,0,0,1,0,0,1,0,1,0,0,1,0,1,0,0,1,0,1,1,1,0,0,1,0,1,0,0,0,1,1,0,1,0,1,0,0,0,1,1,1,1,0,0,1,1,0,0,0,1,0,1,0,0,1,0,0,0,0,1,0,0,1,0
0,0,0,1,0,1,0,0,0,0,1,0,1,1,0,1,1,1,0,0,0,0,0,0,0,1,1,1,1,0,1,0,0,1,0,0,0,0,1,1,0,1,0,1,1,1,0,1,1,1,1,1,0,1,1,0,0,1,1,1,1,1,1,1,1,1,1,1,1,0,1,0,1,0,1,1,0,0,0,1,0,1,1,1,0,0,0,1,1,1,1,1,0,0,1,0,1,1,0,1,0,1,0,1,1,0,1,0,0,1,1,1,1,1,0,1,1,1,1,0,0,1,0,1,0,0,1,1,1,0,1,1,0,0,0,1,1,0,0,1,0,0,0,1,0,1,1,1,1,0,0,0,0,1,0,0,0,0,0,1,1,0,0,1,0,1,0,0,1,0,1,0,0,1,0,1,1,1,0,0,1,1,0,0,0,0,1,1,0,1,0,1,0,0,0,1,1,1,1,0,0,1,1,0,0,0,1,0,1,0,0,1,0,0,0,0,1,0,0,1,0
0,0,0,1,0,1,0,0,0,0,1,0,1,1,0,1,1,1,0,0,0,0,0,0,0,1,1,1,1,0,1,0,0,0,0,0,0,0,1,1,0,1,0,1,1,1,0,1,1,1,1,1,0,1,1,0,0,1,1,1,1,1,1,0,0,1,1,1,1,0,1,0,1,0,1,1,0,0,0,1,0,1,1,1,0,0,0,1,1,1,1,1,0,0,1,0,1,1,0,1,0,1,0,1,1,0,1,0,0,1,1,1,1,1,0,1,1,1,1,0,0,1,0,1,0,0,1,1,1,0,1,1,0,0,0,1,1,0,0,1,0,0,0,1,0,1,1,1,1,0,0,0,0,1,0,0,0,0,0,1,1,0,0,1,0,1,0,0,1,0,0,0,0,1,0,1,1,1,0,0,1,1,0,0,0,0,1,1,0,1,0,1,0,0,0,1,1,1,1,0,0,1,1,0,0,0,1,0,1,0,0,1,0,0,0,0,1,0,0,1,0
0,0,0,1,0,1,0,0,0,0,1,0,1,1,0,1,1,1,0,0,0,0,0,0,0,1,1,1,1,0,1,0,0,1,0,0,0,0,1,1,0,1,0,1,1,1,0,1,1,1,1,1,0,1,1,0,0,1,1,1,1,1,1,1,1,1,1,1,1,0,1,0,1,0,1,1,0,0,0,1,0,1,1,1,0,0,0,1,1,1,1,1,0,0,1,0,1,1,0,1,0,1,0,1,1,0,1,0,0,1,1,1,1,1,0,1,1,1,1,0,0,1,0,1,0,0,1,1,1,0,1,1,0,0,0,1,1,0,0,1,0,0,0,1,0,1,1,1,1,0,0,0,0,1,0,0,0,0,0,1,1,0,0,1,0,1,0,0,1,0,1,0,0,1,0,1,1,1,0,0,1,1,0,0,0,0,1,1,0,1,0,1,0,0,0,1,1,1,1,0,0,1,1,0,0,0,1,0,1,0,0,1,0,0,0,0,1,0,0,1,0
0,0,0,1,0,1,0,0,0,0,1,0,1,1,0,1,1,1,0,0,0,0,0,0,0,1,1,1,1,0,1,0,0,0,0,0,0,0,1,1,0,1,0,1,1,1,0,1,1,1,1,1,0,1,1,0,0,1,1,1,1,1,1,0,0,1,1,1,1,0,1,0,1,0,1,1,0,0,0,1,0,1,1,1,0,0,0,1,1,1,1,1,0,0,1,0,1,1,0,1,0,1,0,1,1,0,1,0,0,1,1,1,1,1,0,1,1,1,1,0,0,1,0,1,0,0,1,1,1,0,1,1,0,0,0,1,1,0,0,1,0,0,0,1,0,1,1,1,1,0,0,0,0,1,0,0,0,0,0,1,1,0,0,1,0,1,0,0,1,0,0,0,0,1,0,1,1,1,0,0,1,1,0,0,0,0,1,1,0,1,0,1,0,0,0,1,1,1,1,0,0,1,1,0,0,0,1,0,1,0,0,1,0,0,0,0,1,0,0,1,0
0,0,0,0,0,1,1,1,0,0,0,0,0,0,0,0,1,1,0,0,0,0,0,0,0,1,1,0,0,0,1,0,0,0,1,0,0,0,0,1,0,0,0,1,0,0,0,0,1,0,0,1,0,0,0,0,1,1,1,0,0,0,0,0,0,0,0,0,1,1,0,1,0,1,0,0,0,0,1,0,1,0,0,0,0,0,1,0,0,0,1,0,0,0,0,1,0,1,0,0,0,0,0,0,0,0,0,1,0,0,0,0,1,1,1,0,0,1,0,0,1,0,0,1,0,1,0,1,1,1,0,0,1,0,1,0,1,0,0,1,0,1,0,0,0,1,1,0,0,0,1,0,1,1,1,0,1,1,1,1,0,1,1,0,0,1,0,1,1,1,0,0,0,1,0,1,0,0,0,1,0,1,1,1,1,0,1,0,1,1,1,0,1,1,0,1,0,1,1,1,1,0,0,1,1,0,0,1,1,0,1,0,1,0,1,0,1,0,1,0,1
1,1,1,1,1,1,1,0,0,0,0,0,0,0,0,0,0,1,1,0,0,0,0,0,0,0,1,0,0,0,1,0,0,1,0,0,0,0,0,1,0,1,0,1,0,0,0,1,1,0,0,1,0,0,0,0,0,1,1,0,0,0,0,1,1,0,0,0,1,0,0,0,0,0,0,0,0,0,0,0,0,0,0,0,0,0,0,0,1,0,1,0,0,0,0,0,0,1,0,0,0,0,0,0,0,1,0,0,0,0,0,1,1,1,0,0,0,1,1,0,0,0,0,1,0,0,0,1,1,0,0,0,0,0,0,0,1,0,0,1,0,0,0,0,0,1,1,1,0,0,0,0,0,1,0,0,0,0,0,1,1,0,0,1,0,1,1,0,1,0,1,0,0,1,0,1,1,0,0,0,0,1,0,0,0,0,1,0,0,1,0,0,0,0,0,1,0,1,0,0,0,0,0,0,0,0,0,0,0,0,1,0,0,0,0,0,0,0,1,0,0
1,1,1,1,1,1,1,0,0,0,0,0,0,0,0,0,0,1,1,0,0,1,1,1,0,0,1,0,1,1,1,0,0,1,0,0,0,0,1,1,0,1,0,1,0,0,0,1,1,0,0,1,0,1,1,0,0,1,1,0,0,0,1,1,1,0,0,0,1,0,0,0,0,0,0,1,0,0,0,0,0,0,0,1,0,0,0,0,1,0,1,0,0,0,0,0,1,1,0,1,0,0,0,0,0,1,0,0,0,0,0,1,1,1,0,1,1,1,1,0,0,0,0,1,0,0,0,1,1,0,0,0,0,0,0,1,1,0,0,1,0,0,0,1,0,1,1,1,0,0,0,0,0,1,0,0,0,0,0,1,1,0,0,1,0,1,1,0,1,0,1,0,0,1,0,1,1,1,0,0,1,1,0,0,0,0,1,0,0,1,0,0,0,0,0,1,1,1,0,0,0,0,0,0,0,0,0,0,0,0,1,0,0,0,0,0,0,0,1,0,0
1,1,1,1,1,1,1,0,0,0,0,0,0,0,0,0,0,1,1,0,0,1,1,1,0,0,1,0,1,1,1,0,0,1,0,0,0,0,1,1,0,1,0,1,0,0,0,1,1,0,0,1,0,1,1,0,0,1,1,0,0,0,1,1,1,0,0,0,1,0,0,0,0,0,0,1,0,0,0,0,0,0,0,1,0,0,0,0,1,0,1,0,0,0,0,0,1,1,0,1,0,0,0,0,0,1,0,0,0,0,0,1,1,1,0,1,1,1,1,0,0,0,0,1,0,0,0,1,1,0,0,0,0,0,0,1,1,0,0,1,0,0,0,1,0,1,1,1,0,0,0,0,0,1,0,0,0,0,0,1,1,0,0,1,0,1,1,0,1,0,1,0,0,1,0,1,1,1,0,0,1,1,0,0,0,0,1,0,0,1,0,0,0,0,0,1,1,1,0,0,0,0,0,0,0,0,0,0,0,0,1,0,0,0,0,0,0,0,1,0,0
1,1,1,1,1,1,1,0,0,0,0,0,0,0,0,0,0,1,1,0,0,1,1,1,0,0,1,0,1,1,1,0,0,1,0,0,0,0,1,1,0,1,0,1,0,0,0,1,1,0,0,1,0,1,1,0,0,1,1,1,0,0,1,1,1,0,0,0,1,0,0,0,0,0,0,1,0,0,0,0,0,0,0,1,0,0,0,0,1,0,1,0,0,0,0,0,1,1,0,1,0,0,0,0,0,1,0,0,0,0,0,1,1,1,0,1,1,1,1,0,0,0,0,1,0,0,0,1,1,0,0,0,0,0,0,1,1,0,0,1,0,0,0,1,0,1,1,1,0,0,0,0,0,1,0,0,0,0,0,1,1,0,0,1,0,1,1,0,1,0,1,0,0,1,0,1,1,1,0,0,1,1,0,0,0,0,1,0,0,1,0,0,0,0,0,1,1,1,0,0,0,0,0,0,0,0,1,0,0,0,1,0,0,0,0,0,0,0,1,0,0
1,1,1,1,1,1,1,1,0,0,0,0,0,0,0,0,0,1,1,0,0,1,1,1,0,0,1,0,1,1,1,0,0,1,0,0,0,0,1,1,0,1,0,1,0,0,0,1,1,0,0,1,0,1,1,0,0,1,1,0,0,0,1,1,1,0,0,0,1,0,0,1,0,0,0,1,0,1,0,0,1,0,0,1,0,1,0,0,1,0,1,0,0,0,0,0,1,1,0,1,0,0,0,0,0,0,0,1,0,0,0,1,1,1,0,1,1,1,1,0,0,0,0,1,0,0,0,1,1,0,0,0,1,0,0,1,1,0,0,1,0,0,0,1,0,1,1,1,0,0,0,0,0,1,0,0,0,0,0,1,1,0,0,1,0,1,1,0,1,0,1,1,0,1,0,1,1,1,0,0,1,1,0,0,0,0,1,0,1,1,0,0,1,0,0,1,1,1,0,0,0,0,0,0,0,0,0,0,0,0,1,0,0,0,0,0,0,0,1,0,0
1,1,1,1,1,1,1,1,0,0,0,0,0,0,0,1,1,1,1,1,1,1,0,1,0,0,1,0,0,0,1,0,0,0,0,0,1,0,0,1,0,1,0,1,0,0,0,1,1,0,0,1,0,0,0,0,0,1,1,0,0,0,1,0,0,0,0,0,1,0,0,1,0,0,0,0,0,1,0,0,1,0,0,0,0,1,0,0,1,0,1,0,0,0,0,0,0,1,0,0,0,0,0,0,0,0,0,1,0,0,0,1,1,1,0,0,0,1,1,0,0,0,0,1,0,0,0,1,1,0,0,0,1,0,0,0,1,0,0,1,0,0,0,0,0,1,1,1,0,0,0,0,0,1,0,0,0,0,0,1,1,0,0,1,0,1,1,0,1,0,0,1,1,1,0,1,1,0,0,0,0,1,0,0,0,0,1,0,1,1,0,0,1,0,0,1,1,1,0,0,0,0,0,0,0,0,0,0,0,0,1,0,0,0,0,0,0,0,1,0,0
1,1,1,1,1,1,1,1,0,0,0,0,0,0,0,1,1,1,1,1,1,1,0,1,0,0,1,0,0,0,1,0,0,0,0,0,1,0,0,1,0,1,0,1,0,0,0,1,1,0,0,1,0,0,0,0,0,1,1,0,0,0,1,0,0,0,0,0,1,0,0,1,0,0,0,0,0,1,0,0,1,0,0,0,0,1,0,0,1,0,1,0,0,0,0,0,0,1,0,0,0,0,0,0,0,0,0,1,0,0,0,1,1,1,0,0,0,1,1,0,0,0,0,1,0,0,0,1,1,0,0,0,1,0,0,0,1,0,0,1,0,0,0,0,0,1,1,1,0,0,0,0,0,1,0,0,0,0,0,1,1,0,0,1,0,1,1,0,1,0,0,1,1,1,0,1,1,0,0,0,0,1,0,0,0,0,1,0,1,1,0,0,1,0,0,1,1,1,0,0,0,0,0,0,0,0,0,0,0,0,1,0,0,0,0,0,0,0,1,0,0
1,1,1,1,1,1,1,1,0,0,0,0,0,0,0,0,0,1,1,0,0,1,1,1,0,0,1,0,1,1,1,0,0,1,0,0,0,0,1,1,0,1,0,1,0,0,0,1,1,0,0,1,0,1,1,0,0,1,1,0,0,0,1,1,1,0,0,0,1,0,0,1,0,0,0,1,0,1,0,0,1,0,0,1,0,1,0,0,1,0,1,0,0,0,0,0,1,1,0,1,0,0,0,0,0,0,0,1,0,0,0,1,1,1,0,1,1,1,1,0,0,0,0,1,0,0,0,1,1,0,0,0,1,0,0,1,1,0,0,1,0,0,0,1,0,1,1,1,0,0,0,0,0,1,0,0,0,0,0,1,1,0,0,1,0,1,1,0,1,0,1,1,0,1,0,1,1,1,0,0,1,1,0,0,0,0,1,0,1,1,0,0,1,0,0,1,1,1,0,0,0,0,0,0,0,0,0,0,0,0,1,0,0,0,0,0,0,0,1,0,0
1,1,1,1,1,1,1,1,0,0,0,0,0,0,0,0,0,1,1,0,0,1,1,1,0,0,1,0,1,1,1,0,0,1,0,0,0,0,1,1,0,1,0,1,0,0,0,1,1,0,0,1,0,1,1,0,0,1,1,0,0,0,1,1,1,0,0,0,1,0,0,1,0,0,0,1,0,1,0,0,1,0,0,1,0,1,0,0,1,0,1,0,0,0,0,0,1,1,0,1,0,0,0,0,0,0,0,1,0,0,0,1,1,1,0,1,1,1,1,0,0,0,0,1,0,0,0,1,1,0,0,0,1,0,0,1,1,0,0,1,0,0,0,1,0,1,1,1,0,0,0,0,0,1,0,0,0,0,0,1,1,0,0,1,0,1,1,0,1,0,1,1,0,1,0,1,1,1,0,0,1,1,0,0,0,0,1,0,1,1,0,0,1,0,0,1,1,1,0,0,0,0,0,0,0,0,0,0,0,0,1,0,0,0,0,0,0,0,1,0,0
1,1,1,1,1,1,1,1,0,0,0,0,0,0,0,0,0,1,1,0,0,1,1,1,0,0,1,0,1,1,1,0,0,1,0,0,0,0,1,1,0,1,0,1,0,0,0,1,1,0,0,1,0,1,1,0,0,1,1,1,0,0,1,1,1,0,0,0,1,0,0,1,0,0,0,1,0,1,0,0,1,0,0,1,0,1,0,0,1,0,1,0,0,0,0,0,1,1,0,1,0,0,0,0,0,0,0,1,0,0,0,1,1,1,0,1,1,1,1,0,0,0,0,1,0,0,0,1,1,0,0,0,1,0,0,1,1,0,0,1,0,0,0,1,0,1,1,1,0,0,0,0,0,1,0,0,0,0,0,1,1,0,0,1,0,1,1,0,1,0,1,1,0,1,0,1,1,1,0,0,1,1,0,0,0,0,1,0,1,1,0,0,1,0,0,1,1,1,0,0,0,0,0,0,0,0,1,0,0,0,1,0,0,0,0,0,0,0,1,0,0
1,1,1,1,1,1,1,1,0,0,0,0,0,0,0,1,1,1,1,1,1,1,0,1,0,0,1,0,0,0,1,0,0,0,0,0,1,0,0,1,0,1,0,1,0,0,0,1,1,0,0,1,0,0,0,0,0,1,1,0,0,0,1,0,0,0,0,0,1,0,0,1,0,0,0,0,0,1,0,0,1,0,0,0,0,1,0,0,1,0,1,0,0,0,0,0,0,1,0,0,0,0,0,0,0,0,0,1,0,0,0,1,1,1,0,0,0,1,1,0,0,0,0,1,0,0,0,1,1,0,0,0,1,0,0,0,1,0,0,1,0,0,0,0,0,1,1,1,0,0,0,0,0,1,0,0,0,0,0,1,1,0,0,1,0,1,1,0,1,0,0,1,1,1,0,1,1,0,0,0,0,1,0,0,0,0,1,0,1,1,0,0,1,0,0,1,1,1,0,0,0,0,0,0,0,0,0,0,0,0,1,0,0,0,0,0,0,0,1,0,0
1,1,1,1,1,1,1,1,0,0,0,0,0,0,0,1,1,1,1,1,1,1,0,1,0,0,1,0,0,0,1,0,0,0,0,0,1,0,0,1,0,1,0,1,0,0,0,1,1,0,0,1,0,0,0,0,0,1,1,0,0,0,1,0,0,0,0,0,1,0,0,1,0,0,0,0,0,1,0,0,1,0,0,0,0,1,0,0,1,0,1,0,0,0,0,0,0,1,0,0,0,0,0,0,0,0,0,1,0,0,0,1,1,1,0,0,0,1,1,0,0,0,0,1,0,0,0,1,1,0,0,0,1,0,0,0,1,0,0,1,0,0,0,0,0,1,1,1,0,0,0,0,0,1,0,0,0,0,0,1,1,0,0,1,0,1,1,0,1,0,0,1,1,1,0,1,1,0,0,0,0,1,0,0,0,0,1,0,1,1,0,0,1,0,0,1,1,1,0,0,0,0,0,0,0,0,0,0,0,0,1,0,0,0,0,0,0,0,1,0,0
1,1,1,1,1,1,1,1,0,0,0,0,0,0,0,1,1,1,1,1,1,1,0,1,0,0,1,0,0,0,1,0,0,0,0,0,1,0,0,1,0,1,0,1,0,0,0,1,1,0,0,1,0,0,0,0,0,1,1,0,0,0,1,0,0,0,0,0,1,0,0,1,0,0,0,0,0,1,0,0,1,0,0,0,0,1,0,0,1,0,1,0,0,0,0,0,0,1,0,0,0,0,0,0,0,0,0,1,0,0,0,1,1,1,0,0,0,1,1,0,0,0,0,1,0,0,0,1,1,0,0,0,1,0,0,0,1,0,0,1,0,0,0,0,0,1,1,1,0,0,0,0,0,1,0,0,0,0,0,1,1,0,0,1,0,1,1,0,1,0,0,1,1,1,0,1,1,0,0,0,0,1,0,0,0,0,1,0,1,1,0,0,1,0,0,0,0,1,0,0,0,0,0,0,0,0,0,0,0,0,1,0,0,0,0,0,0,0,1,0,0
1,1,1,1,1,1,1,1,0,0,0,0,0,0,0,1,1,1,1,1,1,1,0,1,0,0,1,0,0,0,1,0,0,0,0,0,1,0,0,1,0,1,0,1,0,0,0,1,1,0,0,1,0,0,0,0,0,1,1,0,0,0,1,0,0,0,0,0,1,0,0,1,0,0,0,0,0,1,0,0,1,0,0,0,0,1,0,0,1,0,1,0,0,0,0,0,0,1,0,0,0,0,0,0,0,0,0,1,0,0,0,1,1,1,0,0,0,1,1,0,0,0,0,1,0,0,0,1,1,0,0,0,1,0,0,0,1,0,0,1,0,0,0,0,0,1,1,1,0,0,0,0,0,1,0,0,0,0,0,1,1,0,0,1,0,1,1,0,1,0,0,1,1,1,0,1,1,0,0,0,0,1,0,0,0,0,1,0,1,1,0,0,1,0,0,0,0,1,0,0,0,0,0,0,0,0,1,0,0,0,1,0,0,0,0,0,0,0,1,0,0
1,1,1,1,1,1,1,1,0,0,0,0,0,0,0,0,0,1,1,0,0,0,0,0,0,0,1,0,0,0,1,0,0,0,0,0,0,0,0,1,0,1,0,1,0,0,0,1,1,0,0,1,0,0,0,0,0,1,1,0,0,0,1,0,0,0,0,0,1,0,0,1,0,0,0,0,0,1,0,0,1,0,0,0,0,1,0,0,1,0,1,0,0,0,0,0,0,1,0,0,0,0,0,0,0,0,0,1,0,0,0,1,1,1,0,0,0,1,1,0,0,0,0,1,0,0,0,1,1,0,0,0,1,0,0,0,1,0,0,1,0,0,0,0,0,1,1,1,0,0,0,0,0,1,0,0,0,0,0,1,1,0,0,1,0,1,1,0,1,0,0,1,1,1,0,1,1,0,0,0,0,1,0,0,0,0,1,0,1,1,0,0,1,0,0,1,0,1,0,0,0,0,0,0,0,0,0,0,0,0,1,0,0,0,0,0,0,0,1,0,0
1,1,1,1,1,1,1,1,0,0,0,0,0,0,0,0,0,1,1,0,0,0,0,0,0,0,1,0,0,0,1,0,0,0,0,0,0,0,0,1,0,1,0,1,0,0,0,1,1,0,0,1,0,0,0,0,0,1,1,0,0,0,1,0,0,0,0,0,1,0,0,1,0,0,0,0,0,1,0,0,1,0,0,0,0,1,0,0,1,0,1,0,0,0,0,0,0,1,0,0,0,0,0,0,0,0,0,1,0,0,0,1,1,1,0,0,0,1,1,0,0,0,0,1,0,0,0,1,1,0,0,0,1,0,0,0,1,0,0,1,0,0,0,0,0,1,1,1,0,0,0,0,0,1,0,0,0,0,0,1,1,0,0,1,0,1,1,0,1,0,0,1,1,1,0,1,1,0,0,0,0,1,0,0,0,0,1,0,1,1,0,0,1,0,0,1,0,1,0,0,0,0,0,0,0,0,0,0,0,0,1,0,0,0,0,0,0,0,1,0,0
1,1,0,1,1,1,0,0,0,1,1,0,1,1,0,1,1,1,1,0,0,1,1,1,0,1,1,1,1,1,1,0,1,1,0,0,0,0,1,0,1,1,0,1,1,1,1,1,0,1,1,0,0,1,1,0,0,0,0,1,1,1,0,1,1,1,0,1,0,0,1,1,1,0,1,1,0,1,0,1,1,1,1,1,0,1,0,1,1,1,0,1,0,0,1,0,1,0,1,1,1,1,0,1,1,1,1,1,0,1,1,1,0,0,0,1,1,0,1,1,0,1,0,0,0,0,0,0,0,0,1,1,1,0,0,1,0,1,1,0,0,0,1,1,1,0,0,1,0,0,0,0,0,0,0,1,0,0,0,0,1,0,0,1,0,0,0,0,0,0,1,1,1,0,0,0,1,1,0,0,1,0,0,0,0,0,0,0,1,0,0,0,1,0,1,1,1,0,0,0,0,0,0,1,0,0,1,0,0,0,0,1,0,0,0,0,0,0,0,1,0
1,1,0,1,1,1,0,0,0,1,1,0,1,1,0,1,1,1,1,0,0,1,1,1,0,1,1,1,1,1,1,0,1,1,0,0,0,0,1,0,1,1,0,1,1,1,1,1,0,1,1,0,0,1,1,0,0,0,0,1,1,1,0,1,1,1,0,1,0,0,1,1,1,0,1,1,0,1,0,1,1,1,1,1,0,1,0,1,1,1,0,1,0,0,1,0,1,0,1,1,1,1,0,1,1,1,1,1,0,1,1,1,0,0,0,1,1,0,1,1,0,1,0,0,0,0,0,0,0,0,1,1,1,0,0,1,0,1,1,0,0,0,1,1,1,0,0,1,0,0,0,0,0,0,0,1,0,0,0,0,1,0,0,1,0,0,0,0,0,0,1,1,1,0,0,0,1,1,0,0,1,0,0,0,0,0,0,0,1,0,0,0,1,0,1,1,1,0,0,0,0,0,0,1,0,0,1,0,0,0,0,1,0,0,0,0,0,0,0,1,0
1,1,0,1,1,1,0,0,0,1,1,0,1,1,0,1,1,1,1,0,0,1,1,1,0,1,1,1,1,1,1,0,1,1,0,0,0,0,1,0,1,1,0,1,1,1,1,1,0,1,1,0,0,1,1,0,0,0,0,1,1,1,0,1,1,1,0,1,0,0,1,1,1,0,1,1,0,1,0,1,1,1,1,1,0,1,0,1,1,1,0,1,0,0,1,0,1,0,1,1,1,1,0,1,1,1,1,1,0,1,1,1,0,0,0,1,1,0,1,1,0,1,0,0,0,0,0,0,0,0,1,1,1,0,0,1,0,1,1,0,0,1,1,1,1,0,0,1,0,0,0,0,0,0,0,1,0,0,0,0,1,0,0,1,0,0,0,0,0,0,1,1,1,0,0,0,1,1,0,0,1,0,0,0,0,0,0,0,1,0,0,0,1,0,1,1,1,0,0,0,0,0,0,1,0,0,1,0,0,0,0,1,0,0,0,0,0,0,0,1,0
1,1,0,1,1,1,0,0,0,1,1,0,1,1,0,1,1,1,1,0,0,1,1,1,0,1,1,1,1,1,1,0,1,1,0,0,0,0,1,0,1,1,0,1,1,1,1,1,0,1,1,0,0,1,1,0,0,0,0,1,1,1,0,1,1,1,0,1,0,0,1,1,1,0,1,1,0,1,0,1,1,1,1,1,0,1,0,1,1,1,0,1,0,0,1,0,1,0,1,1,1,1,0,1,1,1,1,1,0,1,1,1,0,0,0,1,1,0,1,1,0,1,0,0,0,0,0,0,0,0,1,1,1,0,0,1,0,1,1,0,0,1,1,1,1,0,0,1,0,0,0,0,0,0,0,1,0,0,0,0,1,0,0,1,0,0,0,0,0,0,1,1,1,0,0,0,1,1,0,0,1,0,0,0,0,0,0,0,1,0,0,0,1,0,1,1,1,0,0,0,0,0,0,1,0,0,1,0,0,0,0,1,0,0,0,0,0,0,0,1,0
1,1,0,1,1,1,0,0,0,1,1,0,1,1,0,1,1,1,1,0,0,1,1,1,0,1,1,1,1,1,1,0,1,1,0,0,0,0,1,0,1,1,0,1,1,1,1,1,0,1,1,0,0,1,1,0,0,0,0,1,1,1,0,1,1,1,0,1,0,0,1,1,1,0,1,1,0,1,0,1,1,1,1,1,0,1,0,1,1,1,0,1,0,0,1,0,1,0,1,1,1,1,0,1,1,1,1,1,0,1,1,1,0,0,0,1,1,0,1,1,0,1,0,0,0,0,0,0,0,0,1,1,1,0,0,1,0,1,1,0,0,0,1,1,1,0,0,1,0,0,0,0,0,0,0,1,0,0,0,0,1,0,0,1,0,0,0,0,0,0,1,1,1,0,0,0,1,1,0,0,1,0,0,0,0,0,0,0,1,0,0,0,1,0,0,1,1,0,0,0,0,0,0,1,0,0,1,0,0,0,0,1,0,0,0,0,0,0,0,1,0
0,1,0,0,0,1,1,0,0,0,0,0,0,0,0,0,1,1,1,0,0,1,1,1,0,1,1,0,1,1,1,0,0,0,0,0,0,0,0,1,0,1,1,1,0,0,0,1,1,0,0,1,0,0,0,0,0,1,1,0,0,0,1,0,0,0,0,0,1,0,0,1,0,1,0,0,0,0,0,0,1,0,0,0,0,0,0,0,1,0,1,0,0,0,0,1,0,1,0,0,0,0,0,0,0,0,0,1,0,0,0,1,1,1,0,0,0,1,1,0,1,0,0,1,0,0,0,1,1,1,0,0,1,0,1,0,1,0,0,1,0,1,0,0,0,1,1,1,0,0,1,0,0,1,1,0,0,1,1,1,1,0,1,1,0,1,1,1,1,1,0,0,0,1,0,1,1,0,0,0,0,1,0,1,1,0,1,0,1,1,1,0,1,1,0,1,1,1,0,1,1,0,0,1,1,0,0,1,0,0,1,0,0,0,1,0,0,0,1,0,0
1,1,0,0,0,1,1,1,0,0,0,0,0,0,0,0,1,1,1,0,0,1,1,1,0,1,1,0,1,1,1,0,0,0,0,0,0,0,0,1,0,1,1,1,0,0,0,1,1,0,0,1,0,0,0,0,0,1,1,0,0,0,1,0,0,0,0,0,1,0,0,1,0,1,0,0,0,0,0,0,1,0,0,0,0,0,0,0,1,0,1,0,0,0,0,1,0,1,0,0,0,0,0,0,0,0,0,1,0,0,0,1,1,1,0,0,0,1,1,0,1,0,0,1,0,0,0,1,1,1,0,0,1,0,1,0,1,0,0,1,0,1,0,0,0,1,1,1,0,0,1,0,0,1,1,0,0,1,1,1,1,0,1,1,0,1,1,1,1,1,0,0,0,1,0,1,1,0,0,0,0,1,0,1,1,0,1,0,1,1,1,0,1,1,0,1,1,1,0,1,1,0,0,1,1,0,0,1,0,0,1,0,0,0,1,0,0,0,1,0,0
1,1,0,0,0,1,1,1,0,0,0,0,0,0,0,0,1,1,1,0,0,1,1,1,0,1,1,0,1,1,1,0,0,0,0,0,0,0,0,1,0,1,1,1,0,0,0,1,1,0,0,1,0,0,0,0,0,1,1,0,0,0,1,0,0,0,0,0,1,0,0,1,0,1,0,0,0,0,0,0,1,0,0,0,0,0,0,0,1,0,1,0,0,0,0,1,0,1,0,0,0,0,0,0,0,0,0,1,0,0,0,1,1,1,1,0,0,1,1,0,1,0,0,1,0,1,0,1,1,1,0,0,1,0,1,0,1,0,0,1,0,1,0,0,0,1,1,1,0,0,1,0,0,1,1,0,0,1,1,1,1,1,1,1,0,1,1,1,1,1,0,0,0,1,0,1,1,0,0,1,0,1,0,1,1,0,1,1,1,1,1,1,1,1,0,1,1,1,1,1,1,1,0,1,1,0,0,1,1,0,1,0,1,0,1,0,1,0,1,0,1
1,1,0,0,0,1,1,1,0,0,0,0,0,0,0,0,1,1,1,0,0,1,1,1,0,1,1,0,1,1,1,0,0,0,0,0,0,0,0,1,0,1,1,1,0,0,0,1,1,0,0,1,0,0,0,0,0,1,1,0,0,0,1,0,0,0,0,0,1,0,0,1,0,1,0,0,0,0,0,0,1,0,0,0,0,0,0,0,1,0,1,0,0,0,0,1,0,1,0,0,0,0,0,0,0,0,0,1,0,0,0,1,1,1,0,0,0,1,1,0,1,0,0,1,0,0,0,1,1,1,0,0,1,0,1,0,1,0,0,1,0,1,0,0,0,1,1,1,0,0,1,0,0,1,1,0,0,1,1,1,1,0,1,1,0,1,1,1,1,1,0,0,0,1,0,1,1,0,0,0,0,1,0,1,1,0,1,1,1,1,1,0,1,1,0,1,1,1,1,1,1,0,0,1,1,0,0,1,1,0,1,0,0,0,1,0,1,0,1,0,0
1,1,0,0,0,1,1,1,0,0,0,0,0,0,0,0,1,1,1,0,0,1,1,1,0,1,1,0,1,1,1,0,0,0,0,0,0,0,0,1,0,1,1,1,0,0,0,1,1,0,0,1,0,0,0,0,0,1,1,0,0,0,1,0,0,0,0,0,1,0,0,1,0,1,0,0,0,0,0,0,1,0,0,0,0,0,0,0,1,0,1,0,0,0,0,1,0,1,0,0,0,0,0,0,0,0,0,1,0,0,0,1,1,1,1,0,0,1,1,0,1,0,0,1,0,1,0,1,1,1,0,0,1,0,1,0,1,0,0,1,0,1,0,0,0,1,1,1,0,0,1,0,0,1,1,0,0,1,1,1,1,1,1,1,0,1,1,1,1,1,0,0,0,1,0,1,1,0,0,1,0,1,0,1,1,0,1,1,1,1,1,0,1,1,0,1,1,1,1,1,1,0,0,1,1,0,0,1,1,0,1,0,1,0,1,0,1,0,1,0,1
0,1,0,1,0,1,1,1,0,0,0,0,0,0,0,0,1,1,1,0,0,1,1,1,0,1,1,0,1,1,1,0,0,0,0,0,0,0,1,1,0,1,1,1,0,0,0,1,1,0,0,1,0,1,1,0,0,1,1,0,0,0,1,0,0,0,0,0,1,0,0,1,0,1,0,1,0,0,0,0,1,0,0,1,0,0,0,0,1,0,1,0,0,0,0,1,0,1,0,1,0,0,0,0,0,0,0,1,0,0,0,1,1,1,0,1,1,1,1,0,1,0,0,1,0,0,0,1,1,1,0,0,1,0,1,0,1,0,1,1,0,1,0,1,0,1,1,1,0,0,1,0,0,1,1,0,0,1,1,1,1,0,1,1,0,1,0,1,1,1,0,0,0,1,0,1,1,0,0,0,1,1,0,1,1,0,1,0,1,1,1,0,1,1,0,1,1,1,0,1,1,0,0,1,1,0,0,1,0,0,1,1,0,0,1,0,0,0,1,1,0
1,1,0,0,0,1,1,0,0,0,0,0,0,0,0,0,1,1,1,0,0,1,1,1,0,1,1,0,1,1,1,0,0,0,0,0,0,0,0,1,0,1,1,1,0,0,0,1,1,0,0,1,0,0,0,0,0,1,1,0,0,0,1,0,0,0,0,0,1,0,0,1,0,1,0,0,0,0,0,0,1,0,0,0,0,0,0,0,1,0,1,0,0,0,0,1,0,1,0,0,0,0,0,0,0,0,0,1,0,0,0,1,1,1,0,0,0,1,1,0,1,0,0,1,0,0,0,1,1,1,0,0,1,0,1,0,1,0,0,1,0,1,0,0,0,1,1,1,0,0,1,0,0,1,1,0,0,1,1,1,1,0,1,1,0,1,0,1,1,1,0,0,0,1,0,1,1,0,0,0,0,1,0,1,1,0,1,0,1,1,1,0,1,1,0,1,1,1,0,1,1,0,0,1,1,0,1,1,0,1,1,0,0,0,1,0,0,1,1,0,0
0,1,0,0,0,1,1,0,0,1,0,0,0,0,0,0,1,1,1,0,0,1,1,1,0,1,1,0,1,1,1,0,1,0,0,0,0,0,0,1,1,1,1,1,0,0,1,1,1,0,0,1,0,0,0,0,0,1,1,0,0,0,1,0,0,0,0,0,1,0,0,1,0,1,0,0,0,0,0,0,1,0,0,0,0,0,0,0,1,0,1,0,0,0,0,1,0,1,1,0,1,0,0,0,0,0,0,1,0,0,0,1,1,1,0,0,0,1,1,1,1,0,0,1,0,0,0,1,1,1,0,0,1,0,1,0,1,1,0,1,0,1,1,0,0,1,1,1,0,0,1,0,0,1,1,0,0,1,1,1,1,0,1,1,0,1,0,1,1,1,0,0,0,1,0,1,1,0,0,0,0,1,0,1,1,0,1,0,1,1,1,0,1,1,0,1,1,1,0,1,1,0,0,1,1,0,0,1,0,0,1,0,0,0,1,0,0,0,1,0,0
0,1,0,0,0,1,1,0,0,1,0,0,0,0,0,0,1,1,1,0,0,1,1,1,0,1,1,0,1,1,1,0,1,0,0,0,0,0,0,1,1,1,1,1,0,0,1,1,1,0,0,1,0,0,0,0,0,1,1,0,0,0,1,0,0,0,0,0,1,0,0,1,0,1,0,0,0,0,0,0,1,0,0,0,0,0,0,0,1,0,1,0,0,0,0,1,0,1,1,0,1,0,0,0,0,0,0,1,0,0,0,1,1,1,0,0,0,1,1,1,1,0,0,1,0,0,0,1,1,1,0,0,1,0,1,0,1,1,0,1,0,1,1,0,0,1,1,1,0,0,1,0,0,1,1,0,0,1,1,1,1,0,1,1,0,1,0,1,1,1,0,0,0,1,0,1,1,0,0,0,0,1,0,1,1,0,1,0,1,1,1,0,1,1,0,1,1,1,0,1,1,0,0,1,1,0,0,1,0,0,1,0,0,0,1,0,0,0,1,0,0
0,1,0,0,0,1,1,0,0,1,0,0,0,0,0,0,1,1,1,0,0,1,1,1,0,1,1,0,1,1,1,0,1,0,0,0,0,0,0,1,1,1,1,1,0,0,1,1,1,0,0,1,0,0,0,0,0,1,1,0,0,0,1,0,0,0,0,0,1,0,0,1,0,1,0,0,0,0,0,0,1,0,0,0,0,0,0,0,1,0,1,0,0,0,0,1,0,1,1,0,1,0,0,0,0,0,0,1,0,0,0,1,1,1,0,0,0,1,1,1,1,0,0,1,0,0,0,1,1,1,0,0,1,0,1,0,1,1,0,1,0,1,1,0,0,1,1,1,0,0,1,0,0,1,1,0,0,1,1,1,1,0,1,1,0,1,0,1,1,1,0,0,0,1,0,1,1,0,0,0,0,1,0,1,1,0,1,0,1,1,1,0,1,1,0,1,1,1,0,1,1,0,0,1,1,0,0,1,0,0,1,0,0,0,1,0,0,0,1,0,0
1,1,0,0,0,1,1,1,0,0,0,0,0,0,0,0,1,1,1,0,0,1,1,1,0,1,1,0,1,1,1,0,0,0,0,0,0,0,0,1,0,1,1,1,0,0,0,1,1,0,0,1,0,0,0,0,0,1,1,0,0,0,1,0,0,0,0,0,1,0,0,1,0,1,0,0,0,0,0,0,1,0,0,0,0,0,0,0,1,0,1,0,0,0,0,1,0,1,0,0,0,0,0,0,0,0,0,1,0,0,0,1,1,1,0,0,0,1,1,0,1,0,0,1,0,0,0,1,1,1,0,0,1,0,1,0,1,0,0,1,0,1,0,0,0,1,1,1,0,0,1,0,0,1,1,0,0,1,1,1,1,0,1,1,0,1,0,1,1,1,0,0,0,1,0,1,1,0,0,0,0,1,0,1,1,0,1,0,1,1,1,1,1,1,0,1,1,1,0,1,1,1,0,1,1,0,0,1,0,0,1,0,0,0,1,0,0,0,1,0,0
1,1,0,0,0,1,1,1,0,0,0,0,0,0,0,0,1,1,1,0,0,1,1,1,0,1,1,0,1,1,1,0,0,0,0,0,0,0,0,1,0,1,1,1,0,0,0,1,1,0,0,1,0,0,0,0,0,1,1,0,0,0,1,0,0,0,0,0,1,0,0,1,0,1,0,0,0,0,0,0,1,0,0,0,0,0,0,0,1,0,1,0,0,0,0,1,0,1,0,0,0,0,0,0,0,0,0,1,0,0,0,1,1,1,0,0,0,1,1,0,1,0,0,1,0,0,0,1,1,1,0,0,1,0,1,0,1,0,0,1,0,1,0,0,0,1,1,1,0,0,1,0,0,1,1,0,0,1,1,1,1,0,1,1,0,1,0,1,1,1,0,0,0,1,0,1,1,0,0,0,0,1,0,1,1,0,1,1,1,1,1,0,1,1,0,1,1,1,1,1,1,0,0,1,1,0,0,1,1,0,1,0,0,0,1,0,1,0,1,0,0
0,1,0,0,0,1,1,1,0,0,0,0,0,0,0,0,1,1,1,0,0,1,1,1,0,1,1,0,1,1,1,0,0,0,0,0,0,0,0,1,0,1,1,1,0,0,0,1,1,0,0,1,0,0,0,0,0,1,1,0,0,0,1,0,0,0,0,0,1,0,0,1,0,1,0,0,0,0,0,0,1,0,0,0,0,0,0,0,1,0,1,0,0,0,0,1,0,1,0,0,0,0,0,0,0,0,0,1,0,0,0,1,1,1,0,0,0,1,1,0,1,0,0,1,0,0,0,1,1,1,0,0,1,0,1,0,1,0,0,1,0,1,0,0,0,1,1,1,0,0,1,0,0,1,1,0,0,1,1,1,1,0,1,1,0,1,1,1,1,1,0,0,0,1,0,1,1,0,0,0,0,1,0,1,1,0,1,0,1,1,1,0,1,1,0,1,1,1,0,1,1,0,0,1,1,0,0,1,0,0,1,0,0,0,1,0,0,0,1,0,0
1,1,0,0,0,1,1,1,0,0,0,0,0,0,0,0,1,1,1,0,0,1,1,1,0,1,1,0,1,1,1,0,0,0,0,0,0,0,0,1,0,1,1,1,0,0,0,1,1,0,0,1,0,0,0,0,0,1,1,0,0,0,1,0,0,0,0,0,1,0,0,1,0,1,0,0,0,0,0,0,1,0,0,0,0,0,0,0,1,0,1,0,0,0,0,1,0,1,0,0,0,0,0,0,0,0,0,1,0,0,0,1,1,1,0,0,0,1,1,0,1,0,0,1,0,0,0,1,1,1,0,0,1,0,1,0,1,0,0,1,0,1,0,0,0,1,1,1,0,0,1,0,0,1,1,0,0,1,1,1,1,0,1,1,0,1,1,1,1,1,0,0,0,1,0,1,1,0,0,0,0,1,0,1,1,0,1,0,1,1,1,0,1,1,0,1,1,1,0,1,1,0,0,1,1,0,0,1,0,0,1,0,0,0,1,0,0,0,1,0,0
1,1,0,0,0,1,1,1,0,0,0,0,0,0,0,0,1,1,1,0,0,1,1,1,0,1,1,0,1,1,1,0,0,0,0,0,0,0,0,1,0,1,1,1,0,0,0,1,1,0,0,1,0,0,0,0,0,1,1,0,0,0,1,0,0,0,0,0,1,0,0,1,0,1,0,0,0,0,0,0,1,0,0,0,0,0,0,0,1,0,1,0,0,0,0,1,0,1,0,0,0,0,0,0,0,0,0,1,0,0,0,1,1,1,1,0,0,1,1,0,1,0,0,1,0,1,0,1,1,1,0,0,1,0,1,0,1,0,0,1,0,1,0,0,0,1,1,1,0,0,1,0,0,1,1,0,0,1,1,1,1,1,1,1,0,1,0,1,1,1,0,0,0,1,0,1,1,0,0,1,0,1,0,1,1,0,1,0,1,1,1,0,1,1,0,1,1,1,1,1,1,0,0,1,1,0,0,1,1,0,1,0,1,0,1,0,1,0,1,0,1
1,1,0,0,0,1,1,1,0,0,0,0,0,0,0,0,1,1,1,0,0,1,1,1,0,1,1,0,1,1,1,0,0,0,0,0,0,0,0,1,0,1,1,1,0,0,0,1,1,0,0,1,0,0,0,0,0,1,1,0,0,0,1,0,0,0,0,0,1,0,0,1,0,1,0,0,0,0,0,0,1,0,0,0,0,0,0,0,1,0,1,0,0,0,0,1,0,1,0,0,0,0,0,0,0,0,0,1,0,0,0,1,1,1,0,0,0,1,1,0,1,0,0,1,0,0,0,1,1,1,0,0,1,0,1,0,1,0,0,1,0,1,0,0,0,1,1,1,0,0,1,0,0,1,1,0,0,1,1,1,1,0,1,1,0,1,0,1,1,1,0,0,0,1,0,1,1,0,0,0,0,1,0,1,1,0,1,0,1,1,1,0,1,1,0,1,1,1,0,1,1,0,0,1,1,0,0,1,0,0,1,0,0,0,1,0,0,0,1,0,0
1,1,1,0,0,1,1,0,0,0,0,0,0,0,0,0,1,1,1,0,0,1,1,1,0,1,1,0,1,1,1,0,0,0,0,0,0,0,0,1,0,1,1,1,0,0,0,1,1,0,0,1,0,0,0,0,0,1,1,0,0,0,1,0,0,0,0,0,1,0,0,1,0,1,0,0,0,0,0,0,1,0,0,0,0,0,0,0,1,0,1,0,0,0,0,1,0,1,0,0,0,0,0,0,0,0,0,1,0,0,0,1,1,1,0,0,0,1,1,0,1,0,0,1,0,0,0,1,1,1,0,0,1,0,1,0,1,0,0,1,0,1,0,0,0,1,1,1,0,0,1,0,0,1,1,0,0,1,1,1,1,0,1,1,0,1,0,1,1,1,0,0,0,1,0,1,1,0,0,0,0,1,0,1,1,0,1,0,1,1,1,0,1,1,0,1,1,1,0,1,1,0,0,1,1,0,0,1,0,0,1,0,0,0,1,0,0,0,1,0,0
1,1,1,0,0,1,1,0,0,0,0,0,0,0,0,0,1,1,1,0,0,1,1,1,0,1,1,0,1,1,1,0,0,0,0,0,0,0,0,1,0,1,1,1,0,0,0,1,1,0,0,1,0,0,0,0,0,1,1,0,0,0,1,0,0,0,0,0,1,0,0,1,0,1,0,0,0,0,0,0,1,0,0,0,0,0,0,0,1,0,1,0,0,0,0,1,0,1,0,0,0,0,0,0,0,0,0,1,0,0,0,1,1,1,0,0,0,1,1,0,1,0,0,1,0,0,0,1,1,1,0,0,1,0,1,0,1,0,0,1,0,1,0,0,0,1,1,1,0,0,1,0,0,1,1,0,0,1,1,1,1,0,1,1,0,1,0,1,1,1,0,0,0,1,0,1,1,0,0,0,0,1,0,1,1,0,1,0,1,1,1,0,1,1,0,1,1,1,0,1,1,0,0,1,1,0,0,1,0,0,1,0,0,0,1,0,0,0,1,0,0
1,1,0,0,0,1,1,0,0,0,0,0,0,0,0,0,1,1,1,0,0,1,1,1,0,1,1,0,1,1,1,0,0,0,0,0,0,0,0,1,0,1,1,1,0,0,0,1,1,0,0,1,0,0,0,0,0,1,1,0,0,0,1,0,0,0,0,0,1,0,0,1,0,1,0,0,0,0,0,0,1,0,0,0,0,0,0,0,1,0,1,0,0,0,0,1,0,1,0,0,0,0,0,0,0,0,0,1,0,0,0,1,1,1,0,0,0,1,1,0,1,0,0,1,0,0,0,1,1,1,0,0,1,0,1,0,1,0,0,1,0,1,0,0,0,1,1,1,0,0,1,0,0,1,1,0,0,1,1,1,1,0,1,1,0,1,0,1,1,1,0,0,0,1,0,1,1,0,0,0,0,1,0,1,1,0,1,0,1,1,1,0,1,1,0,1,1,1,0,1,1,0,0,1,1,0,0,1,0,0,1,0,0,0,1,0,0,0,1,0,0
1,1,0,0,0,1,1,0,0,0,0,0,0,0,0,0,1,1,1,0,0,1,1,1,0,1,1,0,1,1,1,0,0,0,0,0,0,0,0,1,0,1,1,1,0,0,0,1,1,0,0,1,0,0,0,0,0,1,1,0,0,0,1,0,0,0,0,0,1,0,0,1,0,1,0,0,0,0,0,0,1,0,0,0,0,0,0,0,1,0,1,0,0,0,0,1,0,1,0,0,0,0,0,0,0,0,0,1,0,0,0,1,1,1,0,0,0,1,1,0,1,0,0,1,0,0,0,1,1,1,0,0,1,0,1,0,1,0,0,1,0,1,0,0,0,1,1,1,0,0,1,0,0,1,1,0,0,1,1,1,1,0,1,1,0,1,0,1,1,1,0,0,0,1,0,1,1,0,0,0,0,1,0,1,1,0,1,0,1,1,1,0,1,1,0,1,1,1,0,1,1,0,0,1,1,0,0,1,0,0,1,0,0,0,1,0,0,0,1,0,0
0,1,0,0,0,1,1,0,0,0,0,0,0,0,0,0,1,1,1,0,0,1,1,1,0,1,1,0,1,1,1,0,0,0,0,0,0,0,0,1,0,1,1,1,0,0,0,1,1,0,0,1,0,0,0,0,0,1,1,0,0,0,1,0,0,0,0,0,1,0,0,1,0,1,0,0,0,0,0,0,1,0,0,0,0,0,0,0,1,0,1,0,0,0,0,1,0,1,0,0,0,0,0,0,0,0,0,1,0,0,0,1,1,1,0,0,0,1,1,0,1,0,0,1,0,0,0,1,1,1,0,0,1,0,1,0,1,0,0,1,0,1,0,0,0,1,1,1,0,0,1,0,0,1,1,0,0,1,1,1,1,0,1,1,0,1,0,1,1,1,0,0,0,1,0,1,1,0,0,0,0,1,0,1,1,0,1,0,1,1,1,0,1,1,0,1,1,1,0,1,1,0,0,1,1,0,0,1,0,0,1,0,0,0,1,0,0,0,1,0,0
1,1,0,0,0,1,1,0,0,0,0,0,0,0,0,0,1,1,1,0,0,1,1,1,0,1,1,0,1,1,1,0,0,0,0,0,0,0,0,1,0,1,1,1,0,0,0,1,1,0,0,1,0,0,0,0,0,1,1,0,0,0,1,0,0,0,0,0,1,0,0,1,0,1,0,0,0,0,0,0,1,0,0,0,0,0,0,0,1,0,1,0,0,0,0,1,0,1,0,0,0,0,0,0,0,0,0,1,0,0,0,1,1,1,0,0,0,1,1,0,1,0,0,1,0,0,0,1,1,1,0,0,1,0,1,0,1,0,0,1,0,1,0,0,0,1,1,1,0,0,1,0,0,1,1,0,0,1,1,1,1,0,1,1,0,1,0,1,1,1,0,0,0,1,0,1,1,0,0,0,0,1,0,1,1,0,1,0,1,1,1,0,1,1,0,1,1,1,0,1,1,0,0,1,1,0,0,1,0,0,1,0,0,0,1,0,0,0,1,0,0
0,1,0,0,0,1,1,0,0,0,0,0,0,0,0,0,1,1,1,0,0,1,1,1,0,1,1,0,1,1,1,0,0,0,0,0,0,0,0,1,0,1,1,1,0,0,0,1,1,0,0,1,0,0,0,0,0,1,1,0,0,0,1,0,0,0,0,0,1,0,0,1,0,1,0,0,0,0,0,0,1,0,0,0,0,0,0,0,1,0,1,0,0,0,0,1,0,1,0,0,0,0,0,0,0,0,0,1,0,0,0,1,1,1,0,0,0,1,1,0,1,0,0,1,0,0,0,1,1,1,0,0,1,0,1,0,1,0,0,1,0,1,0,0,0,1,1,1,0,0,1,0,0,1,1,0,0,1,1,1,1,0,1,1,0,1,0,1,1,1,0,0,0,1,0,1,1,0,0,0,0,1,0,1,1,0,1,0,1,1,1,0,1,1,0,1,1,1,0,1,1,0,0,1,1,0,0,1,0,0,1,0,0,0,1,0,0,0,1,0,0
0,1,0,0,0,1,1,0,0,0,0,0,0,0,0,0,1,1,1,0,0,1,1,1,0,1,1,0,1,1,1,0,0,0,0,0,0,0,0,1,0,1,1,1,0,0,0,1,1,0,0,1,0,0,0,0,0,1,1,0,0,0,1,0,0,0,0,0,1,0,0,1,0,1,0,0,0,0,0,0,1,0,0,0,0,0,0,0,1,0,1,0,0,0,0,1,0,1,0,0,0,0,0,0,0,0,0,1,0,0,0,1,1,1,0,0,0,1,1,0,1,0,0,1,0,0,0,1,1,1,0,0,1,0,1,0,1,0,0,1,0,1,0,0,0,1,1,1,0,0,1,0,0,1,1,0,0,1,1,1,1,0,1,1,0,1,0,1,1,1,0,0,0,1,0,1,1,0,0,0,0,1,0,1,1,0,1,0,1,1,1,1,1,1,0,1,1,1,0,1,1,1,0,1,1,0,0,1,0,0,1,0,0,0,1,0,0,0,1,0,0
0,1,0,0,0,1,1,0,0,0,1,1,0,0,0,1,1,1,0,0,0,0,0,0,0,0,0,0,0,0,1,0,0,0,1,1,1,0,1,1,0,1,1,1,0,0,0,1,1,0,0,1,0,0,0,0,0,0,0,0,0,0,1,0,0,0,0,0,0,1,0,1,0,1,0,1,0,0,0,0,1,0,0,1,0,0,0,0,0,0,0,0,0,0,0,0,0,0,0,1,0,0,0,0,0,0,0,1,0,0,0,1,0,0,0,0,0,0,0,0,0,0,0,0,1,0,0,0,0,0,0,0,1,0,0,0,0,0,0,0,0,0,0,0,0,0,0,0,0,0,0,0,1,0,0,0,0,0,0,0,0,0,0,0,0,1,1,0,1,0,0,0,0,0,0,0,1,0,1,0,0,0,0,0,0,0,1,0,1,1,1,1,1,1,1,1,1,1,1,0,1,1,0,1,1,1,1,0,0,0,0,0,0,0,0,0,0,0,0,0,0
0,1,0,0,0,1,1,0,0,0,0,0,0,0,0,0,1,1,1,0,0,1,1,1,0,1,1,0,1,1,1,0,0,0,0,0,0,0,0,1,0,1,1,1,0,0,0,1,1,0,0,1,0,0,0,0,0,1,1,0,0,0,1,0,0,0,0,0,1,0,0,1,0,1,0,0,0,0,0,0,1,0,0,0,0,0,0,0,1,0,1,0,0,0,0,1,0,1,0,0,0,0,0,0,0,0,0,1,0,0,0,1,1,1,0,0,0,1,1,0,1,0,0,1,0,0,0,1,1,1,0,0,1,0,1,0,1,0,0,1,0,1,0,0,0,1,1,1,0,0,1,0,0,1,1,0,0,1,1,1,1,0,1,1,0,1,0,1,1,1,0,0,0,1,0,1,1,0,0,0,0,1,0,1,1,0,1,1,1,1,1,0,1,1,0,1,1,1,0,1,1,0,0,1,1,0,0,1,0,0,1,0,0,0,1,0,0,0,1,0,0
0,1,0,0,0,1,1,0,0,0,0,0,0,0,0,1,1,1,0,1,1,1,0,1,0,0,0,0,0,0,1,0,0,0,1,0,1,0,1,1,0,1,1,1,0,0,0,1,1,0,0,1,0,0,0,0,0,0,0,0,0,0,1,0,0,0,0,0,0,1,0,1,0,1,0,0,0,0,0,0,1,0,0,0,0,0,0,0,0,0,0,0,0,0,0,0,0,0,0,0,0,0,0,0,0,0,0,1,0,0,0,1,0,0,0,0,0,0,0,0,0,0,0,0,0,0,0,0,0,0,0,0,1,1,0,0,0,0,0,0,0,0,0,0,0,0,0,0,0,0,0,0,1,0,0,0,0,0,0,0,0,0,0,0,0,1,0,0,1,0,0,0,0,0,0,0,1,0,0,0,0,0,0,0,0,0,1,1,1,1,0,0,1,0,1,1,1,1,1,0,0,0,0,1,0,0,1,0,0,0,0,0,0,1,1,1,1,1,1,1,0
0,1,0,0,0,1,1,0,0,0,0,0,0,0,0,0,1,1,1,0,0,1,1,1,0,1,1,0,1,1,1,0,0,0,0,0,0,0,0,1,0,1,0,1,0,0,0,1,1,0,0,1,0,0,0,0,0,1,1,0,0,0,1,0,0,0,0,0,1,0,0,1,0,1,0,0,0,0,0,0,1,0,0,0,0,0,0,0,1,0,1,0,0,0,0,1,0,1,0,0,0,0,0,0,0,0,0,1,0,0,0,1,1,1,0,0,0,1,1,0,1,0,0,1,0,0,0,1,1,1,0,0,1,0,1,0,1,0,0,1,0,1,0,0,0,1,1,1,0,0,1,0,0,1,1,0,0,1,1,1,1,0,1,1,0,1,0,1,1,1,0,0,0,1,0,1,1,0,0,0,0,1,0,1,1,0,1,0,1,1,1,0,1,1,0,1,1,1,1,1,1,0,0,1,1,0,0,1,0,0,1,0,0,1,1,0,0,0,1,0,0
0,1,0,0,0,1,1,1,0,0,0,0,0,0,0,0,1,1,1,0,0,1,1,1,0,1,1,0,1,1,1,0,0,0,0,0,0,0,0,1,0,1,0,1,0,0,0,1,1,0,0,1,0,0,0,0,1,1,1,0,0,0,1,0,0,0,0,0,1,0,0,1,0,1,0,0,0,0,1,0,1,0,0,0,0,0,1,0,1,0,1,0,0,0,0,1,0,1,0,0,0,0,0,0,0,0,0,1,0,0,0,1,1,1,1,0,0,1,1,0,1,0,0,1,0,1,0,1,1,1,0,0,1,0,1,0,1,0,0,1,0,1,0,0,0,1,1,1,0,0,1,0,0,1,1,0,1,1,1,1,1,1,1,1,0,1,0,1,1,1,0,0,0,1,0,1,1,0,0,1,0,1,0,1,1,0,1,0,1,1,1,0,1,1,0,1,1,1,1,1,1,0,0,1,1,0,1,1,1,0,1,0,1,1,1,0,1,0,1,0,1
0,1,0,0,0,1,1,0,0,0,0,0,0,0,0,0,1,1,1,0,0,1,1,1,0,1,1,0,1,1,1,0,0,0,0,0,0,0,0,1,0,1,0,1,0,0,0,1,1,0,0,1,0,0,0,0,0,1,1,0,0,0,1,0,0,0,0,0,1,0,0,1,0,1,0,0,0,0,0,0,1,0,0,0,0,0,0,0,1,0,1,0,0,0,0,1,0,1,0,0,0,0,0,0,0,0,0,1,0,0,0,1,1,1,0,0,0,1,1,0,1,0,0,1,0,0,0,1,1,0,0,0,1,0,1,0,1,0,0,1,0,1,0,0,0,1,1,1,0,0,1,0,0,1,1,0,0,1,1,1,1,0,1,1,0,1,0,0,1,1,0,0,0,1,0,1,1,0,0,0,0,1,0,1,1,0,1,0,1,1,0,0,1,0,0,1,1,1,1,0,0,0,0,1,0,0,0,0,1,0,1,0,0,1,0,0,1,0,1,0,0
0,1,0,0,0,1,1,1,0,0,0,0,0,0,0,0,1,1,1,0,0,1,1,1,0,1,1,0,1,1,1,0,0,0,0,0,0,0,0,1,0,1,0,1,0,0,0,1,1,0,0,1,0,0,0,0,0,1,1,0,0,0,1,0,0,0,0,0,1,0,0,1,0,1,0,0,0,0,0,0,1,0,0,0,0,0,0,0,1,0,1,0,0,0,0,1,0,1,0,0,0,0,0,0,0,0,0,1,0,0,0,1,1,1,1,0,0,1,1,0,1,0,0,1,0,1,0,1,1,1,0,0,1,0,1,0,1,0,0,1,0,1,0,0,0,1,1,1,0,0,1,0,0,1,1,0,0,1,1,1,1,1,1,1,0,1,0,1,1,1,0,0,0,1,0,1,1,0,0,1,0,1,0,1,1,0,1,0,1,1,1,0,1,1,0,1,1,1,1,1,1,0,0,1,1,0,0,1,1,0,1,0,1,1,1,0,1,0,1,0,1
0,1,0,0,0,1,1,1,0,0,0,0,0,0,0,0,1,1,1,0,0,1,1,1,0,1,1,0,1,1,1,0,0,0,0,0,0,0,0,1,0,1,0,1,0,0,0,1,1,0,0,1,0,0,0,0,0,1,1,0,0,0,1,0,0,0,0,0,1,0,0,1,0,1,0,0,0,0,0,0,1,0,0,0,0,0,0,0,1,0,1,0,0,0,0,1,0,1,0,0,0,0,0,0,0,0,0,1,0,0,0,1,1,1,1,0,0,1,1,0,1,0,0,1,0,1,0,1,1,1,0,0,1,0,1,0,1,0,0,1,0,1,0,0,0,1,1,1,0,0,1,0,0,1,1,0,0,1,1,1,1,1,1,1,0,1,0,1,1,1,0,0,0,1,0,1,1,0,0,1,0,1,0,1,1,0,1,0,1,1,1,1,1,1,1,1,1,1,1,1,1,1,0,1,1,0,0,1,1,0,1,0,1,0,1,1,1,0,1,0,1
0,1,0,0,0,1,1,1,0,0,0,0,0,0,0,0,1,1,1,0,0,1,1,1,0,1,1,0,1,1,1,0,0,0,0,0,0,0,0,1,0,1,1,1,0,0,0,1,1,0,0,1,0,0,0,0,0,1,1,0,0,0,1,0,0,0,0,0,1,0,0,1,0,1,0,0,0,0,0,0,1,0,0,0,0,0,0,0,1,0,1,0,0,0,0,1,0,1,0,0,0,0,0,0,0,0,0,1,0,0,0,1,1,1,1,0,0,1,1,0,1,0,0,1,0,1,0,1,1,1,0,0,1,0,1,0,1,0,0,1,0,1,0,0,0,1,1,1,0,0,1,0,0,1,1,0,0,1,1,1,1,1,1,1,0,1,0,1,1,1,0,0,0,1,0,1,1,0,0,1,0,1,0,1,1,0,1,0,1,1,1,0,1,1,0,1,1,1,1,1,1,0,0,1,1,0,1,1,1,0,1,0,1,0,1,1,1,0,1,0,1
0,1,0,0,0,1,1,1,0,0,0,0,0,0,0,0,1,1,1,0,0,1,1,1,0,1,1,0,1,1,1,0,0,0,0,0,0,0,0,1,0,1,1,1,0,0,0,1,1,0,0,1,0,0,0,0,0,1,1,0,0,0,1,0,0,0,0,0,1,0,0,1,0,1,0,0,0,0,0,0,1,0,0,0,0,0,0,0,1,0,1,0,0,0,0,1,0,1,0,0,0,0,0,0,0,0,0,1,0,0,0,1,1,1,1,0,0,1,1,0,1,0,0,1,0,1,0,1,1,1,0,0,1,0,1,0,1,0,0,1,0,1,0,0,0,1,1,1,0,0,1,0,0,1,1,0,0,1,1,1,1,1,1,1,0,1,0,1,1,1,0,0,0,1,0,1,1,0,0,1,0,1,0,1,1,0,1,0,1,1,1,0,1,1,0,1,1,1,1,1,1,0,0,1,1,0,1,1,1,0,1,0,1,0,1,1,1,0,1,0,1
0,1,0,0,0,1,1,1,0,0,0,0,0,0,0,0,1,1,1,0,0,1,1,1,0,1,1,0,1,1,1,0,0,0,0,0,0,0,0,1,0,1,1,1,0,0,0,1,1,0,0,1,0,0,0,0,0,1,1,0,0,0,1,0,0,0,0,0,1,0,0,1,0,1,0,0,0,0,0,0,1,0,0,0,0,0,0,0,1,0,1,0,0,0,0,1,0,1,0,0,0,0,0,0,0,0,0,1,0,0,0,1,1,1,1,0,0,1,1,0,1,0,0,1,0,1,0,1,1,1,0,0,1,0,1,0,1,0,0,1,0,1,0,0,0,1,1,1,0,0,1,0,0,1,1,0,0,1,1,1,1,1,1,1,0,1,0,1,1,1,0,0,0,1,0,1,1,0,0,1,0,1,0,1,1,0,1,0,1,1,1,0,1,1,0,1,1,1,1,1,1,0,0,1,1,0,1,1,1,0,1,0,1,1,1,0,1,0,1,0,1
0,1,0,1,0,1,1,0,0,0,0,0,0,0,0,0,1,1,1,0,0,1,1,1,0,1,1,0,1,1,1,0,0,1,0,0,0,0,1,1,0,1,0,1,0,0,0,1,0,0,0,1,0,1,1,0,1,1,1,0,0,0,1,0,1,0,0,0,1,0,0,1,0,1,0,1,0,0,1,0,1,0,0,1,0,0,1,0,1,0,1,0,0,0,0,1,0,1,0,1,0,0,0,0,0,0,0,1,0,0,0,1,1,1,0,1,1,1,1,0,1,0,0,1,0,0,0,1,1,0,0,0,1,0,0,0,1,0,0,1,0,1,0,1,0,1,1,1,0,0,1,0,0,1,1,0,1,1,0,1,1,0,1,1,0,1,0,0,1,0,1,0,0,1,0,1,1,0,0,0,1,1,0,1,1,0,1,1,1,1,0,0,1,1,0,1,1,1,1,0,0,0,0,1,1,0,1,0,0,0,1,0,0,1,0,0,0,0,1,0,0
0,1,0,1,0,1,1,1,0,0,0,0,0,0,0,0,1,1,1,0,0,1,1,1,0,1,1,0,1,1,1,0,0,0,0,0,0,0,1,1,0,1,0,1,0,0,0,1,0,0,0,1,0,1,1,0,1,1,1,0,0,0,1,0,0,0,0,0,1,0,0,1,0,1,0,1,0,0,1,0,1,0,0,1,0,0,1,0,1,0,1,0,0,0,0,1,0,1,0,1,0,0,0,0,0,0,0,1,0,0,0,1,1,1,0,1,1,1,1,0,1,0,0,1,0,0,0,1,1,0,0,0,1,0,0,0,1,0,0,1,0,1,0,1,0,1,1,1,0,0,1,0,0,1,1,0,1,1,0,1,1,0,1,1,0,1,0,0,1,0,0,0,0,1,0,1,1,0,0,0,1,1,0,1,1,0,1,1,1,1,0,0,1,1,0,1,1,1,1,0,0,0,0,1,1,0,1,0,0,0,1,0,0,1,0,0,0,0,1,0,0
0,1,0,0,0,1,1,1,0,0,0,0,0,0,0,0,1,1,1,0,0,1,1,1,0,1,1,0,1,1,1,0,0,0,1,0,0,0,0,1,0,1,1,1,0,0,0,1,1,0,0,1,0,0,0,0,1,1,1,0,0,0,1,0,0,0,0,0,1,1,0,1,0,1,0,0,0,0,1,0,1,0,0,0,0,0,1,0,1,0,1,0,0,0,0,1,0,1,0,0,0,0,0,0,0,0,0,1,0,0,0,1,1,1,1,0,0,1,1,0,1,0,0,1,1,1,0,1,1,1,0,0,1,0,1,0,1,0,0,1,0,1,0,0,0,1,1,1,0,0,1,0,0,1,1,0,1,1,1,1,1,1,1,1,0,1,0,1,1,1,0,0,0,1,0,1,1,0,1,1,0,1,0,1,1,0,1,0,1,1,1,0,1,1,0,1,1,1,1,1,1,0,0,1,1,0,1,1,1,0,1,0,1,1,1,0,1,0,1,0,1
0,1,0,0,0,1,1,1,0,0,0,0,0,0,0,0,1,1,1,0,0,1,1,1,0,1,1,0,1,1,1,0,0,0,0,0,0,0,0,1,0,1,0,1,0,0,0,1,1,0,0,1,0,0,0,0,1,1,1,0,0,0,1,0,0,0,0,0,1,0,0,1,0,1,0,0,0,0,1,0,1,0,0,0,0,0,1,0,1,0,1,0,0,0,0,1,0,1,0,0,0,0,0,0,0,0,0,1,0,0,0,1,1,1,1,0,0,1,1,0,1,0,0,1,0,1,0,1,1,1,0,0,1,0,1,0,1,0,0,1,0,1,0,0,0,1,1,1,0,0,1,0,0,1,1,0,1,1,1,1,1,1,1,1,0,1,0,1,1,1,0,0,0,1,0,1,1,0,0,1,0,1,0,1,1,0,1,0,1,1,1,0,1,1,0,1,1,1,1,1,1,0,0,1,1,0,1,1,1,0,1,0,1,1,1,0,1,0,1,0,1
0,1,0,0,0,1,1,1,0,0,0,0,0,0,0,0,1,1,1,0,0,1,1,1,0,1,1,0,1,1,1,0,0,0,0,0,0,0,0,1,0,1,0,1,0,0,0,1,1,0,0,1,0,0,0,0,1,1,1,0,0,0,1,0,0,0,0,0,1,0,0,1,0,1,0,0,0,0,1,0,1,0,0,0,0,0,1,0,1,0,1,0,0,0,0,1,0,1,0,0,0,0,0,0,0,0,0,1,0,0,0,1,1,1,1,0,0,1,1,0,1,0,0,1,0,1,0,1,1,1,0,0,1,0,1,0,1,0,0,1,0,1,0,0,0,1,1,1,0,0,1,0,0,1,1,0,1,1,1,1,1,1,1,1,0,1,0,1,1,1,0,0,0,1,0,1,1,0,0,1,0,1,0,1,1,0,1,0,1,1,1,1,1,1,0,1,1,1,1,1,1,1,0,1,1,0,1,1,1,0,1,0,1,1,1,0,1,0,1,0,1
0,1,0,0,0,1,1,1,0,0,0,0,0,0,0,0,1,1,1,0,0,1,1,1,0,1,1,0,1,1,1,0,0,0,0,0,0,0,0,1,0,1,0,1,0,0,0,1,1,0,0,1,0,0,0,0,1,1,1,0,0,0,1,0,0,0,0,0,1,0,0,1,0,1,0,0,0,0,1,0,1,0,0,0,0,0,1,0,1,0,1,0,0,0,0,1,0,1,0,0,0,0,0,0,0,0,0,1,0,0,0,1,1,1,1,0,0,1,1,0,1,0,0,1,0,1,0,1,1,1,0,0,1,0,1,0,1,0,0,1,0,1,0,0,0,1,1,1,0,0,1,0,0,1,1,0,1,1,1,1,1,1,1,1,0,1,0,1,1,1,0,0,0,1,0,1,1,0,0,1,0,1,0,1,1,0,1,1,1,1,1,0,1,1,0,1,1,1,1,1,1,0,0,1,1,0,1,1,1,0,1,0,1,1,1,0,1,0,1,0,1
0,1,0,0,0,1,1,1,0,0,0,0,0,0,0,0,1,1,1,0,0,1,1,1,0,1,1,0,1,1,1,0,0,0,0,0,0,0,0,1,0,1,0,1,0,0,0,1,1,0,0,1,0,0,0,0,1,1,1,0,0,0,1,0,0,0,0,0,1,0,0,1,0,1,0,0,0,0,1,0,1,0,0,0,0,0,1,0,1,0,1,0,0,0,0,1,0,1,0,0,0,0,0,0,0,0,0,1,0,0,0,1,1,1,1,0,0,1,1,0,1,0,0,1,0,1,0,1,1,1,0,0,1,0,1,0,1,0,0,1,0,1,0,0,0,1,1,1,0,0,1,0,0,1,1,0,1,1,1,1,1,1,1,1,0,1,1,1,1,1,0,0,0,1,0,1,1,0,0,1,0,1,0,1,1,0,1,0,1,1,1,0,1,1,0,1,1,1,1,1,1,0,0,1,1,0,1,1,1,0,1,0,1,1,1,0,1,0,1,0,1
0,1,0,0,0,1,1,1,0,0,0,0,0,0,0,0,1,1,1,0,0,1,1,1,0,1,1,0,1,1,1,0,0,0,0,0,0,0,0,1,0,1,0,1,0,0,0,1,1,0,0,1,0,0,0,0,1,1,1,0,0,0,1,0,0,0,0,0,1,0,0,1,0,1,0,0,0,0,1,0,1,0,0,0,0,0,1,0,1,0,1,0,0,0,0,1,0,1,0,0,0,0,0,0,0,0,0,1,0,0,0,1,1,1,1,0,0,1,1,0,1,0,0,1,0,1,0,1,1,1,0,0,1,0,1,0,1,0,0,1,0,1,0,0,0,1,1,1,0,0,1,0,0,1,1,0,1,1,1,1,1,1,1,1,0,1,0,1,1,1,0,0,0,1,0,1,1,0,0,1,0,1,0,1,1,0,1,0,1,1,1,0,1,1,0,1,1,1,1,1,1,0,0,1,1,0,1,1,1,0,1,0,1,1,1,0,1,0,1,0,1
0,1,0,0,0,1,1,1,0,0,0,0,0,0,0,0,1,1,1,0,0,1,1,1,0,1,1,0,1,1,1,0,0,0,0,0,0,0,0,1,0,1,0,1,0,0,0,1,1,0,0,1,0,0,0,0,1,1,1,0,0,0,1,0,0,0,0,0,1,0,0,1,0,1,0,0,0,0,1,0,1,0,0,0,0,0,1,0,1,0,1,0,0,0,0,1,0,1,0,0,0,0,0,0,0,0,0,1,0,0,0,1,1,1,1,0,0,1,1,0,1,0,0,1,0,1,0,1,1,1,0,0,1,0,1,0,1,0,0,1,0,1,0,0,0,1,1,1,0,0,1,0,0,1,1,0,1,1,1,1,1,1,1,1,0,1,0,1,1,1,0,0,0,1,0,1,1,0,0,1,0,1,0,1,1,0,1,0,1,1,1,0,1,1,0,1,1,1,1,1,1,0,0,1,1,0,1,1,1,0,1,0,1,1,1,1,1,0,1,0,1
0,1,0,0,0,1,1,1,0,0,0,0,0,0,0,0,1,1,1,0,0,1,1,1,0,1,1,0,1,1,1,0,0,0,0,0,0,0,0,1,0,1,0,1,0,0,0,1,1,0,0,1,0,0,0,0,1,1,1,0,0,0,1,0,0,0,0,0,1,0,0,1,0,1,0,0,0,0,1,0,1,0,0,0,0,0,1,0,1,0,1,0,0,0,0,1,0,1,0,0,0,0,0,0,0,0,0,1,0,0,0,1,1,1,1,0,0,1,1,0,1,0,0,1,0,1,0,1,1,1,0,0,1,0,1,0,1,0,0,1,0,1,0,0,0,1,1,1,0,0,1,0,0,1,1,0,1,1,1,1,1,1,1,1,0,1,0,1,1,1,0,0,0,1,0,1,1,0,0,1,0,1,0,1,1,0,1,0,1,1,1,0,1,1,0,1,1,1,1,1,1,0,0,1,1,0,1,1,1,1,1,0,1,1,1,0,1,1,1,0,1
0,1,0,1,0,1,1,1,0,0,0,0,0,0,0,0,1,1,1,0,0,1,1,1,0,1,1,0,1,1,1,0,0,0,0,0,0,0,1,1,0,1,0,1,0,0,0,1,1,0,0,1,0,1,1,0,1,1,1,0,0,0,1,0,0,0,0,0,1,0,0,1,0,1,0,1,0,0,1,0,1,0,0,1,0,0,1,0,1,0,1,0,0,0,0,1,0,1,0,1,0,0,0,0,0,0,0,1,0,0,0,1,1,1,1,1,1,1,1,0,1,0,0,1,0,1,0,1,1,1,0,0,1,0,1,0,1,0,0,1,0,1,0,1,0,1,1,1,0,0,1,0,0,1,1,0,1,1,1,1,1,1,1,1,0,1,0,1,1,1,0,0,0,1,0,1,1,0,0,1,1,1,0,1,1,0,1,0,1,1,1,0,1,1,0,1,1,1,1,1,1,0,0,1,1,0,1,1,1,0,1,0,1,1,1,0,1,0,1,0,1
0,1,0,1,0,1,1,1,0,0,0,0,0,0,0,0,1,1,1,0,0,1,1,1,0,1,1,0,1,1,1,0,0,0,0,0,0,0,1,1,0,1,0,1,0,0,0,1,1,0,0,1,0,1,1,0,1,1,1,0,0,0,1,0,0,0,0,0,1,0,0,1,0,1,0,1,0,0,1,0,1,0,0,1,0,0,1,0,1,0,1,0,0,0,0,1,0,1,0,1,0,0,0,0,0,0,0,1,0,0,0,1,1,1,1,1,1,1,1,0,1,0,0,1,0,1,0,1,1,1,0,0,1,0,1,0,1,0,0,1,0,1,0,1,0,1,1,1,0,0,1,0,0,1,1,0,1,1,1,1,1,1,1,1,0,1,0,1,1,1,0,0,0,1,0,1,1,0,0,1,1,1,0,1,1,0,1,0,1,1,1,0,1,1,0,1,1,1,1,1,1,0,0,1,1,0,1,1,1,0,1,0,1,1,1,0,1,0,1,0,1
0,1,0,1,0,1,1,1,0,0,0,0,0,0,0,0,1,1,1,0,0,1,1,1,0,1,1,0,1,1,1,0,0,0,0,0,0,0,1,1,0,1,0,1,0,0,0,1,1,0,0,1,0,1,1,0,1,1,1,0,0,0,1,0,0,0,0,0,1,0,0,1,0,1,0,1,0,0,1,0,1,0,0,1,0,0,1,0,1,0,1,0,0,0,0,1,0,1,0,1,0,0,0,0,0,0,0,1,0,0,0,1,1,1,1,1,1,1,1,0,1,0,0,1,0,1,0,1,1,1,0,0,1,0,1,0,1,0,1,1,0,1,0,1,0,1,1,1,0,0,1,0,0,1,1,0,1,1,1,1,1,1,1,1,0,1,0,1,1,1,0,0,0,1,0,1,1,0,0,1,1,1,0,1,1,0,1,0,1,1,1,0,1,1,0,1,1,1,1,1,1,0,0,1,1,0,1,1,1,0,1,1,1,1,1,0,1,0,1,1,1
0,1,0,0,0,1,1,0,0,0,0,0,0,0,0,0,1,1,1,0,0,1,1,1,0,1,1,0,1,1,1,0,0,0,0,0,0,0,0,1,0,1,0,1,0,0,0,1,1,0,0,1,0,0,0,0,1,1,1,0,0,0,1,0,0,0,0,0,1,0,0,1,0,1,0,0,0,0,1,0,1,0,0,0,0,0,1,0,1,0,1,0,0,0,0,1,0,1,0,0,0,0,0,0,0,0,0,1,0,0,0,1,1,1,0,0,0,1,1,0,1,0,0,1,0,0,0,1,1,0,0,0,1,0,0,0,1,0,0,1,0,1,0,0,0,1,1,1,0,0,1,0,0,1,1,0,1,1,0,1,1,0,1,1,0,1,0,0,1,0,0,0,0,1,0,1,1,0,0,0,0,1,0,1,1,0,1,0,1,1,0,0,1,1,0,1,1,1,1,0,0,0,0,1,1,0,1,0,1,0,1,0,0,1,0,0,1,0,1,0,0
0,1,0,0,0,1,1,0,0,0,0,0,0,0,0,0,1,1,1,0,0,1,1,1,0,1,1,0,1,1,1,0,0,0,0,0,0,0,0,1,0,1,0,1,0,0,0,1,1,0,0,1,0,0,0,0,1,1,1,0,0,0,1,0,0,0,0,0,1,0,0,1,0,1,0,0,0,0,1,0,1,0,0,0,0,0,1,0,1,0,1,0,0,0,0,1,0,1,0,0,0,0,0,0,0,0,0,1,0,0,0,1,1,1,0,0,0,1,1,0,1,0,0,1,0,0,0,1,1,0,0,0,1,0,0,0,1,0,0,1,0,1,0,0,0,1,1,1,0,0,1,0,0,1,1,0,1,1,0,1,1,0,1,1,0,1,0,0,1,0,0,0,0,1,0,1,1,0,0,0,0,1,0,1,1,0,1,0,1,1,0,0,1,1,0,1,1,1,1,0,0,0,0,1,1,0,1,0,1,0,1,0,0,0,0,1,1,0,1,0,0
0,1,0,0,0,1,1,0,0,0,0,0,0,0,0,0,1,1,1,0,0,1,1,1,0,1,1,0,1,1,1,0,0,0,0,0,0,0,0,1,0,1,0,1,0,0,0,1,1,0,0,1,0,0,0,0,1,1,1,0,0,0,1,0,0,0,0,0,1,0,0,1,0,1,0,0,0,0,1,0,1,0,0,0,0,0,1,0,1,0,1,0,0,0,0,1,0,1,0,0,0,0,0,0,0,0,0,1,0,0,0,1,1,1,0,0,0,1,1,0,1,0,0,1,0,0,0,1,1,1,0,0,1,0,1,0,1,0,0,1,0,1,0,0,0,1,1,1,0,0,1,0,0,1,1,0,1,1,1,1,1,0,1,1,0,1,0,1,1,1,0,0,0,1,0,1,1,0,0,0,0,1,0,1,1,0,1,0,1,1,1,0,1,1,0,1,1,1,1,1,1,0,0,1,1,0,1,1,0,0,1,0,0,1,1,0,0,0,1,0,0
0,1,0,0,0,1,1,0,0,0,0,0,0,0,0,0,1,1,1,0,0,1,1,1,0,1,1,0,1,1,1,0,0,0,0,0,0,0,0,1,0,1,0,1,0,0,0,1,1,0,0,1,0,0,0,0,1,1,1,0,0,0,1,0,0,0,0,0,1,0,0,1,0,1,0,0,0,0,1,0,1,0,0,0,0,0,1,0,1,0,1,0,0,0,0,1,0,1,0,0,0,0,0,0,0,0,0,1,0,0,0,1,1,1,0,0,0,1,1,0,1,0,0,1,0,0,0,1,1,1,0,0,1,0,1,0,1,0,0,1,0,1,0,0,0,1,1,1,0,0,1,0,0,1,1,0,1,1,1,1,1,0,1,1,0,1,0,1,1,1,0,0,0,1,0,1,1,0,0,0,0,1,0,1,1,0,1,0,1,1,1,0,1,1,0,1,1,1,1,1,1,0,0,1,1,0,1,1,0,0,1,0,0,0,1,1,0,0,1,0,0
0,1,0,0,0,1,1,1,0,0,0,0,0,0,0,0,1,1,1,0,0,1,1,1,0,1,1,0,1,1,1,0,0,0,0,0,0,0,0,1,0,1,0,1,0,0,0,1,1,0,0,1,0,0,0,0,1,1,1,0,0,0,1,0,0,0,0,0,1,0,0,1,0,1,0,0,0,0,1,0,1,0,0,0,0,0,1,0,1,0,1,0,0,0,0,1,0,1,0,0,0,0,0,0,0,0,0,1,0,0,0,1,1,1,1,0,0,1,1,0,1,0,0,1,0,1,0,1,1,1,0,0,1,0,1,0,1,0,0,1,0,1,0,0,0,1,1,1,0,0,1,0,0,1,1,0,1,1,1,1,1,1,1,1,0,1,0,1,1,1,0,0,0,1,0,1,1,0,0,1,0,1,0,1,1,0,1,0,1,1,1,0,1,1,0,1,1,1,1,1,1,0,0,1,1,0,1,1,1,0,1,0,1,0,1,1,1,0,1,0,1
0,1,0,0,0,1,1,1,0,0,0,0,0,0,0,0,1,1,1,0,0,1,1,1,0,1,1,0,1,1,1,0,0,0,0,0,0,0,0,1,0,1,0,1,0,0,0,1,1,0,0,1,0,0,0,0,0,1,1,0,0,0,1,0,0,0,0,0,1,0,0,1,0,1,0,0,0,0,0,0,1,0,0,0,0,0,0,0,1,0,1,0,0,0,0,1,0,1,0,0,0,0,0,0,0,0,0,1,0,0,0,1,1,1,1,0,0,1,1,0,1,0,0,1,0,1,0,1,1,1,0,0,1,0,1,0,1,0,0,1,0,1,0,0,0,1,1,1,0,0,1,0,0,1,1,0,0,1,1,1,1,1,1,1,0,1,0,1,1,1,0,0,0,1,0,1,1,0,0,1,0,1,0,1,1,0,1,1,1,1,1,0,1,1,0,1,1,1,1,1,1,0,0,1,1,0,0,1,1,0,1,0,1,1,1,0,1,0,1,0,1
1,1,1,1,1,1,1,1,0,0,0,0,0,0,0,0,0,1,1,0,0,0,0,0,0,0,1,0,0,0,1,0,0,0,0,0,0,0,0,1,0,1,0,1,0,0,0,1,1,0,0,1,0,0,0,0,0,1,1,0,0,0,1,0,0,0,0,0,1,0,0,1,0,0,0,0,0,1,0,0,1,0,0,0,0,1,0,0,1,0,1,0,0,0,0,0,0,1,0,0,0,0,0,0,0,0,0,1,0,0,0,1,1,1,0,0,0,1,1,0,0,0,0,1,0,0,0,1,1,0,0,0,1,0,0,0,1,0,0,1,0,0,0,0,0,1,1,1,0,0,0,0,0,1,0,0,0,0,0,1,1,0,0,1,0,1,1,0,1,0,0,1,1,1,0,1,1,0,0,0,0,1,0,0,0,0,1,0,1,1,0,0,1,0,0,1,0,1,0,0,0,0,0,0,0,0,0,0,0,0,1,0,0,0,0,0,0,0,1,0,0
1,1,1,1,1,1,1,0,0,0,0,0,0,0,0,1,1,1,0,1,1,1,0,0,0,1,1,1,0,0,1,0,0,1,0,0,0,0,1,1,0,1,0,1,0,1,0,1,0,1,1,1,0,1,0,0,0,0,0,0,0,1,1,1,1,1,0,1,0,0,1,1,0,1,1,1,0,0,0,1,1,1,1,1,0,0,0,1,1,1,0,1,0,0,1,0,1,0,0,1,0,1,0,1,1,1,1,0,1,1,1,1,0,0,0,1,1,0,1,0,1,1,0,0,0,0,0,0,0,0,1,1,0,0,0,1,0,0,0,0,0,0,0,1,0,0,0,1,0,0,0,0,0,0,0,0,0,0,0,0,1,0,0,1,0,0,0,0,0,0,1,0,0,0,0,0,1,1,0,0,1,0,0,1,1,0,0,0,0,0,0,0,0,0,0,0,0,0,0,0,0,0,0,0,0,0,0,0,0,0,0,0,0,0,0,0,0,0,0,0,0
1,1,1,1,1,1,1,0,0,0,0,0,0,0,0,1,1,1,0,1,1,1,0,0,0,1,1,1,0,0,1,0,0,1,0,0,0,0,1,1,0,1,0,1,0,1,0,1,0,1,1,1,0,1,0,0,0,0,0,0,0,1,1,1,1,1,0,1,0,0,1,1,0,1,1,1,0,0,0,1,1,1,1,1,0,0,0,1,1,1,0,1,0,0,1,0,1,0,0,1,0,1,0,1,1,1,1,0,1,1,1,1,0,0,0,1,1,0,1,0,1,1,0,0,0,0,0,0,0,0,1,1,0,0,0,1,0,0,1,0,0,0,0,1,0,0,0,1,0,0,0,0,0,0,0,0,0,0,0,0,1,0,0,1,0,0,0,0,0,0,1,0,0,0,0,0,1,1,0,0,1,0,0,1,1,0,0,0,0,0,0,0,0,0,0,0,0,0,0,0,0,0,0,0,0,0,0,0,0,0,0,0,0,0,0,0,0,0,0,0,0
1,1,1,1,1,1,1,0,0,0,0,0,0,0,0,1,1,1,0,1,1,1,0,0,0,1,1,1,0,0,1,0,0,1,0,0,0,0,1,1,0,1,0,1,1,1,0,1,0,1,1,1,0,1,0,0,0,0,0,0,0,1,1,1,1,1,0,1,0,0,1,1,1,1,1,1,0,0,0,1,1,1,1,1,0,0,0,1,1,1,0,1,0,0,1,0,1,0,0,1,0,1,0,1,1,1,1,0,1,1,1,1,0,0,0,1,1,0,1,0,1,1,0,0,0,0,1,0,0,0,1,1,0,0,0,1,0,0,0,0,0,0,0,1,0,0,0,1,1,0,0,0,0,0,0,0,0,0,0,0,1,0,0,1,0,0,0,0,0,0,1,0,0,0,0,0,1,1,0,0,1,0,0,1,1,0,0,0,0,0,0,0,0,0,0,0,0,0,0,0,0,0,0,0,0,0,0,0,0,0,0,0,0,0,0,0,0,0,0,0,0
1,1,1,1,1,1,1,0,1,0,1,0,0,1,1,0,0,0,0,0,0,0,0,0,0,1,1,1,0,0,1,1,0,1,0,0,0,0,1,1,0,1,0,1,0,0,0,1,0,0,0,1,0,0,0,0,0,0,0,0,0,0,1,1,1,0,0,0,0,0,0,1,0,1,0,1,0,0,0,0,1,0,0,1,0,0,0,0,1,0,0,0,0,0,0,0,0,0,0,1,0,0,0,0,0,1,0,0,1,0,0,1,0,0,0,0,0,0,1,0,1,0,0,0,0,0,0,0,0,0,0,0,0,0,0,0,0,0,0,0,0,0,0,0,0,0,0,1,0,0,0,0,0,0,0,0,0,0,0,0,1,0,0,1,0,0,0,0,0,0,1,0,0,0,0,0,1,0,0,0,0,0,0,1,1,0,0,0,0,0,0,0,0,0,0,0,0,0,0,0,0,0,0,0,0,0,0,0,0,0,0,0,0,0,0,0,0,0,0,0,0
1,1,1,1,1,1,1,1,0,0,1,0,0,1,1,0,0,0,0,0,0,0,0,0,0,1,1,1,0,0,1,0,0,1,0,0,0,0,1,1,0,1,1,1,0,0,0,1,1,0,0,1,0,0,0,0,0,1,0,0,0,0,1,1,1,0,0,0,1,0,0,1,0,1,0,1,0,0,0,0,1,0,0,1,0,0,0,0,1,0,1,0,0,0,0,1,0,1,0,1,0,0,0,0,0,1,0,1,1,0,0,1,1,1,0,0,0,1,1,0,1,0,0,1,1,0,0,1,1,0,0,0,1,0,0,0,1,0,0,1,0,1,0,0,0,1,1,1,0,0,1,1,0,1,1,0,0,1,0,1,1,0,1,1,0,1,0,0,1,0,1,0,0,1,0,1,1,0,1,0,0,1,0,1,1,0,1,0,1,0,0,1,0,0,1,0,0,0,0,0,0,1,0,0,0,0,0,0,0,0,0,0,0,0,0,0,0,0,0,0,0
1,1,1,1,1,1,1,1,0,0,0,0,0,0,0,0,0,1,1,0,0,1,0,0,0,0,1,0,0,0,1,0,0,1,0,0,0,0,1,1,0,1,0,1,0,0,0,1,0,0,0,1,0,1,1,0,0,0,0,0,0,0,1,1,1,0,0,0,0,0,0,1,0,1,0,1,0,0,0,0,1,0,0,1,0,0,0,0,1,0,0,0,0,0,0,0,0,0,0,1,0,0,0,0,0,1,0,0,1,0,0,1,0,0,0,1,1,0,1,0,1,0,0,0,0,0,0,0,0,0,0,0,0,0,0,0,0,0,1,0,0,0,0,1,0,0,0,1,0,0,0,0,0,0,0,0,0,0,0,0,1,0,0,1,0,0,0,0,0,0,1,0,0,0,0,0,1,0,0,0,1,0,0,1,1,0,0,0,0,0,0,0,0,0,0,0,0,0,0,0,0,0,0,0,0,0,0,0,0,0,0,1,0,0,0,0,0,0,0,1,0
1,1,1,1,1,1,1,0,0,1,0,0,0,0,0,0,0,1,1,0,0,1,0,0,0,0,1,0,0,0,1,0,1,1,0,0,0,0,1,1,1,1,0,1,0,0,1,1,0,0,0,1,0,0,0,0,0,0,0,0,0,0,1,1,1,0,0,0,0,0,0,1,0,1,0,1,0,0,0,0,1,0,0,1,0,0,0,0,1,0,0,0,0,0,0,0,0,0,1,1,1,0,0,0,0,1,0,0,1,0,0,1,0,0,0,0,0,0,1,1,1,0,0,0,0,0,0,0,0,0,0,0,0,0,0,0,0,1,0,0,0,0,1,0,0,0,0,1,0,0,0,0,0,0,0,0,0,0,0,0,1,0,0,1,0,0,0,0,0,0,1,0,0,0,0,0,1,0,0,0,0,0,0,1,1,0,0,0,0,0,0,0,0,0,0,0,0,0,0,0,0,0,0,0,0,0,0,0,0,0,0,0,0,0,0,0,0,0,0,0,0
1,1,1,1,1,1,1,1,0,0,0,0,0,0,0,0,0,1,1,0,0,1,0,0,0,0,1,0,0,0,1,0,0,1,0,0,0,0,1,1,0,1,0,1,0,0,0,1,1,0,0,1,0,0,0,0,0,1,1,0,0,0,1,1,1,0,0,0,1,0,0,1,0,1,0,1,0,0,0,0,1,0,0,1,0,0,0,0,1,0,1,0,0,0,0,0,0,1,0,1,0,0,0,0,0,1,0,0,1,0,0,1,1,1,0,0,0,1,1,0,1,0,0,1,0,0,0,1,1,0,0,0,0,0,0,0,1,0,0,1,0,0,0,0,0,1,1,1,0,0,0,0,0,1,0,0,0,0,0,1,1,0,0,1,0,1,0,0,1,0,1,0,0,1,0,1,1,0,0,0,0,1,0,1,1,0,1,1,0,1,0,0,0,0,0,0,0,0,1,0,0,0,0,0,0,0,0,0,1,0,0,0,0,0,0,0,1,0,0,0,0
1,1,1,1,1,1,1,0,0,0,0,0,0,0,0,0,0,1,1,0,0,1,0,0,0,0,1,0,0,0,1,0,0,1,0,0,0,0,1,1,0,1,0,1,0,0,0,1,0,0,0,1,0,0,0,0,0,0,0,0,0,0,1,1,1,0,0,0,0,0,0,1,0,1,0,1,0,0,0,0,1,0,0,1,0,0,0,0,1,0,0,0,0,0,0,0,0,0,0,1,0,0,0,0,0,1,0,0,1,0,0,1,0,0,0,0,0,0,1,0,1,0,0,0,0,0,0,0,0,0,0,0,0,0,0,0,0,0,0,0,0,0,0,0,0,0,0,1,0,0,0,0,0,0,0,0,0,0,0,0,1,0,0,1,0,0,0,0,0,0,1,0,0,0,0,0,1,0,0,0,0,0,0,1,1,0,0,0,0,0,0,0,0,0,0,1,0,0,0,0,0,0,0,0,0,0,1,0,0,1,0,0,0,0,0,0,0,1,0,0,0
1,1,1,1,1,1,1,0,0,0,0,0,0,0,0,0,0,1,1,0,0,1,0,0,0,0,1,0,0,0,1,0,0,1,0,0,0,0,1,1,0,1,0,1,0,0,0,1,0,0,0,1,0,0,0,0,0,0,0,0,0,0,1,1,1,0,0,0,0,0,0,1,0,1,0,1,0,0,0,0,1,0,0,1,0,0,0,0,1,0,0,0,0,0,0,0,0,0,0,1,0,0,0,0,0,1,0,0,1,0,0,1,0,0,0,0,0,0,1,0,1,0,0,0,0,0,0,0,0,0,0,0,0,0,0,0,0,0,0,0,0,0,0,0,0,0,0,1,0,0,0,0,0,0,0,0,0,0,0,0,1,0,0,1,0,0,0,0,0,0,1,0,0,0,0,0,1,0,0,0,0,0,0,1,1,0,0,0,0,0,0,0,0,0,0,0,0,0,0,0,0,0,0,0,0,0,0,0,0,0,0,0,0,0,0,0,0,0,0,0,0
1,1,1,1,1,1,1,1,0,0,0,0,0,0,0,0,0,1,1,0,0,1,0,0,0,0,1,0,0,0,1,0,0,1,0,0,0,0,1,1,0,1,0,1,0,0,0,1,1,0,0,1,0,0,0,0,0,1,1,0,0,0,1,1,1,0,0,0,1,0,0,1,0,1,0,1,0,0,0,0,1,0,0,1,0,0,0,0,1,0,1,0,0,0,0,0,0,1,0,1,0,0,0,0,0,1,0,0,1,0,0,1,1,1,0,0,0,1,1,0,1,0,0,1,0,0,0,1,1,0,0,0,0,0,0,0,1,0,0,1,0,0,0,0,0,1,1,1,0,0,0,0,0,1,0,0,0,0,0,1,1,0,0,1,0,1,0,0,1,0,1,0,0,1,0,1,1,0,0,0,0,1,0,1,1,0,1,0,0,1,0,1,0,0,0,0,0,0,0,0,0,1,0,0,0,0,0,1,0,0,0,0,0,0,1,0,0,0,0,0,0
1,1,1,1,1,1,1,1,0,0,0,0,0,0,0,0,0,1,1,0,0,1,0,0,0,0,1,0,0,0,1,0,0,1,0,0,0,0,1,1,0,1,0,1,0,0,0,1,1,0,0,1,0,0,0,0,0,1,1,0,0,0,1,1,1,0,0,0,1,0,0,1,0,1,0,1,0,0,0,0,1,0,0,1,0,0,0,0,1,0,1,0,0,0,0,0,0,1,0,1,0,0,0,0,0,1,0,0,1,0,0,1,1,1,0,0,0,1,1,0,1,0,0,1,0,0,0,1,1,0,0,0,0,0,0,0,1,0,0,1,0,0,0,0,0,1,1,1,0,0,0,0,0,1,0,0,0,0,0,1,1,0,0,1,0,1,1,0,1,0,1,0,0,1,0,1,1,0,0,0,0,1,0,1,1,0,1,0,0,1,0,0,0,0,0,0,0,1,0,0,0,0,0,0,0,0,0,0,0,0,1,0,0,0,0,0,0,0,1,0,0
1,1,1,1,1,1,1,1,0,0,0,0,0,0,0,0,0,1,1,0,0,1,0,0,0,0,1,0,0,0,1,0,0,1,0,0,0,1,1,1,0,1,0,1,0,0,0,1,1,0,0,1,0,0,0,0,0,1,1,0,0,0,1,1,1,0,0,0,1,0,0,1,0,1,0,1,0,0,0,0,1,0,0,1,0,0,0,0,1,0,1,0,0,0,0,0,0,1,0,1,0,0,0,0,0,1,0,0,1,0,0,1,1,1,0,0,0,1,1,0,1,0,0,1,0,0,0,1,1,0,0,0,0,0,0,0,1,0,0,1,0,0,0,0,0,1,1,1,0,0,0,0,0,1,0,0,0,0,0,1,1,0,0,1,0,1,1,0,1,0,1,0,0,1,0,1,1,0,0,0,0,1,0,1,1,0,1,0,0,1,0,0,0,0,0,0,0,1,0,0,0,0,0,0,0,0,0,0,0,0,1,0,0,0,0,0,0,0,1,0,0
1,1,1,1,1,1,1,1,0,0,0,0,0,0,0,0,0,1,1,0,0,1,0,0,0,0,1,0,0,0,1,0,0,1,0,0,0,0,1,1,0,1,0,1,0,0,0,1,1,0,0,1,0,0,0,0,0,1,1,0,0,0,0,1,1,0,0,0,1,0,0,1,0,1,0,1,0,0,0,0,1,0,0,1,0,0,0,0,1,0,1,0,0,0,0,0,0,1,0,1,0,0,0,0,0,1,0,0,1,0,0,1,1,1,0,0,0,1,1,0,1,0,0,1,0,0,0,1,1,0,0,0,0,0,0,0,1,0,0,1,0,0,0,0,0,1,1,1,0,0,0,0,0,1,0,0,0,0,0,1,1,0,0,1,0,1,1,0,1,0,1,0,0,1,0,1,1,0,0,0,0,1,0,1,1,0,1,0,0,1,0,0,0,0,0,0,0,1,0,0,0,0,0,0,0,0,0,0,0,0,1,0,0,0,0,0,0,0,1,0,0
1,1,1,1,1,1,1,1,0,0,0,0,0,0,0,0,0,1,1,0,0,1,0,0,0,0,1,0,0,0,1,0,0,1,0,0,0,0,1,1,0,1,0,1,0,0,0,1,1,0,0,1,0,0,0,0,0,1,1,0,0,0,1,1,1,0,0,0,1,0,0,1,0,1,0,1,0,1,0,0,1,0,0,1,0,1,0,0,1,0,1,0,0,0,0,0,0,1,0,1,0,0,0,0,0,1,0,1,1,0,0,1,1,1,0,0,0,1,1,0,1,0,0,1,0,0,0,1,1,0,0,0,1,0,0,0,1,0,0,1,0,0,0,0,0,1,1,1,0,0,0,0,0,1,0,0,0,0,0,1,1,0,0,1,0,1,1,0,1,0,1,1,1,1,0,1,1,0,0,0,0,1,0,1,1,0,1,0,1,1,0,0,1,0,0,0,0,1,0,0,0,0,0,0,0,0,0,0,0,0,1,0,0,0,0,0,0,0,1,0,0
1,1,1,1,1,1,1,1,0,0,0,0,0,0,0,0,0,1,1,0,0,1,0,0,0,0,1,0,0,0,1,0,0,1,0,0,0,0,1,1,0,1,0,1,0,0,0,1,1,0,0,1,0,0,0,0,0,1,1,0,0,0,1,1,1,0,0,0,1,0,0,1,0,1,0,1,0,0,0,0,1,0,0,1,0,0,0,0,0,0,1,0,0,0,0,0,0,1,0,1,0,0,0,0,0,1,0,0,1,0,0,1,1,1,0,0,0,1,0,0,1,0,0,1,0,0,0,1,1,0,0,0,0,0,0,0,1,0,0,1,0,0,0,0,0,1,1,1,0,0,0,0,0,1,0,0,0,0,0,1,0,0,0,0,0,1,0,0,1,0,1,0,0,1,0,1,1,0,0,0,0,1,0,1,1,0,1,1,0,1,0,0,0,0,0,1,0,1,0,0,0,0,0,0,0,0,0,0,0,0,1,0,0,0,0,0,0,0,1,0,0
1,1,1,1,1,1,1,1,0,0,0,0,0,0,0,0,0,1,1,0,0,1,0,0,0,0,1,0,0,0,1,0,0,1,0,0,0,0,1,1,0,1,0,1,0,0,0,1,1,0,0,1,0,0,0,0,0,1,1,0,0,0,1,1,1,0,0,0,1,0,0,1,0,1,0,1,0,0,0,0,1,0,0,1,0,0,0,0,1,0,1,0,0,0,0,0,0,1,0,1,0,0,0,0,0,1,0,0,1,0,0,1,1,1,0,0,0,1,1,0,1,0,0,1,0,0,0,1,1,0,0,0,0,0,0,0,1,0,0,1,0,0,0,0,0,1,1,1,0,0,0,0,0,1,0,0,0,0,0,1,1,0,0,1,0,1,1,0,1,0,1,0,0,1,0,1,1,0,0,0,0,1,0,1,1,0,1,0,0,1,0,0,0,0,0,0,0,1,0,0,0,0,0,0,0,0,0,0,0,0,1,0,0,0,0,0,0,0,1,0,0
1,1,1,1,1,1,1,1,0,0,0,0,0,0,0,0,0,1,1,0,0,1,0,0,0,0,1,0,0,0,1,0,0,1,0,0,0,0,1,1,0,1,0,1,0,0,0,1,1,0,0,1,0,0,0,0,0,1,1,0,0,0,1,1,1,0,0,0,1,0,0,1,0,1,0,1,0,0,0,0,1,0,0,1,0,0,0,0,1,0,1,0,0,0,0,0,0,1,0,1,0,0,0,0,0,1,0,0,1,0,0,1,1,1,0,0,0,1,1,0,1,0,0,1,0,0,0,1,1,0,0,0,0,0,0,0,1,0,0,1,0,0,0,0,0,1,1,1,0,0,0,0,0,1,0,0,0,0,0,1,1,0,0,1,0,1,1,0,1,0,1,0,0,1,0,1,1,0,0,0,0,1,0,1,1,0,1,0,0,1,0,0,0,0,0,0,0,1,0,0,0,0,0,0,0,0,0,0,0,0,1,0,0,0,0,0,0,0,1,0,0
1,1,1,1,1,1,1,1,0,0,0,0,0,0,0,0,0,1,1,0,0,1,0,0,0,0,1,0,0,0,1,0,0,1,0,0,0,0,1,1,0,1,0,1,0,0,0,1,1,0,0,1,0,0,0,0,0,1,1,0,0,0,1,1,1,0,0,0,1,0,0,1,0,1,0,1,0,0,0,0,1,0,0,1,0,0,0,0,1,0,1,0,0,0,0,0,0,1,0,1,0,0,0,0,0,1,0,0,1,0,0,1,1,1,0,0,0,1,1,0,1,0,0,1,0,0,0,1,1,0,0,0,0,0,0,0,1,0,0,1,0,0,0,0,0,1,1,1,0,0,0,0,0,1,0,0,0,0,0,1,1,0,0,1,0,1,1,0,1,0,1,0,0,1,0,1,1,0,0,0,0,1,0,1,1,0,1,0,0,1,0,0,0,0,0,0,0,1,0,0,0,0,0,0,0,0,0,0,0,0,1,0,0,0,0,0,0,0,1,0,0
1,1,1,1,1,1,1,1,0,0,0,0,0,0,0,0,0,1,1,0,0,1,0,0,0,0,1,0,0,0,1,0,0,1,0,0,0,0,1,1,0,1,0,1,0,0,0,1,1,0,0,1,0,0,0,0,0,1,1,0,0,0,1,1,1,0,0,0,1,0,0,1,0,1,0,1,0,0,0,0,1,0,0,1,0,0,0,0,1,0,1,0,0,0,0,0,0,1,0,1,0,0,0,0,0,1,0,0,1,0,0,1,1,1,0,0,0,1,1,0,1,0,0,1,0,0,0,1,1,0,0,0,0,0,0,0,1,0,1,1,0,0,0,0,0,1,1,1,0,0,0,0,0,1,0,0,0,0,0,1,1,0,0,1,0,1,1,0,1,0,1,0,0,1,0,1,1,0,0,0,0,1,0,1,1,0,1,0,0,1,0,0,0,0,0,0,0,1,0,0,0,0,0,0,0,0,0,0,0,0,1,0,0,0,0,0,0,0,1,0,0
1,1,0,1,1,1,1,1,0,0,0,0,0,0,0,0,0,1,1,0,0,1,0,0,0,0,1,0,0,0,1,0,0,1,0,0,0,0,1,1,0,1,0,1,0,0,0,1,1,0,0,1,0,0,0,0,0,1,1,0,0,0,1,1,1,0,0,0,1,0,0,1,0,1,0,1,0,0,0,0,1,0,0,1,0,0,0,0,1,0,1,0,0,0,0,0,0,1,0,1,0,0,0,0,0,1,0,0,1,0,0,1,1,1,0,0,0,1,1,0,1,0,0,1,0,0,1,1,1,0,0,0,0,0,0,0,1,0,0,1,0,0,0,0,0,1,1,1,1,0,0,0,0,1,0,0,0,0,0,1,1,0,0,1,0,1,1,0,1,0,1,0,0,1,0,1,1,0,0,0,0,1,0,1,1,0,1,0,0,1,0,0,0,0,0,0,0,1,0,0,0,0,0,0,0,0,0,0,0,0,1,0,0,0,0,0,0,0,1,0,0
1,1,1,1,1,1,1,0,0,0,0,0,0,0,0,0,0,1,1,0,0,1,1,0,0,0,1,0,1,0,1,0,0,1,0,0,0,0,1,1,0,1,0,1,0,0,0,1,1,0,0,1,0,1,1,0,0,1,1,0,0,0,1,1,1,0,0,0,1,0,0,0,0,0,0,1,0,0,0,0,0,0,0,1,0,0,0,0,1,0,1,0,0,0,0,0,1,1,0,1,0,0,0,0,0,1,0,0,0,0,0,1,1,1,0,1,1,1,1,0,0,0,0,1,0,0,0,1,1,0,0,0,0,0,0,1,1,0,0,1,0,0,0,1,0,1,1,1,0,0,0,0,0,1,0,0,0,0,0,1,1,0,0,1,0,1,1,0,1,0,1,0,0,1,0,1,1,1,0,0,1,1,0,0,0,0,1,0,0,1,0,0,0,0,0,0,0,1,0,0,0,0,0,0,0,0,0,0,0,0,1,0,0,0,0,0,0,0,1,0,0
1,1,1,1,1,1,1,1,0,0,0,0,0,0,0,0,0,1,1,0,0,1,1,1,1,0,1,0,1,1,1,0,0,1,0,0,0,0,1,1,0,1,0,1,0,0,0,1,1,0,0,1,0,0,0,0,0,1,1,0,0,0,1,1,1,0,0,0,1,0,0,1,0,1,0,1,0,0,0,0,1,0,0,1,0,0,0,0,1,0,1,0,0,0,0,0,0,1,0,0,0,0,0,0,0,1,0,1,1,0,0,1,1,1,0,0,0,1,1,0,1,0,0,1,0,0,0,1,1,0,0,0,1,0,0,0,1,0,0,1,0,1,0,0,0,1,1,1,0,0,0,0,0,1,0,0,0,0,0,1,1,0,0,1,0,1,1,0,1,0,1,0,0,1,0,1,1,0,0,0,0,1,0,1,0,0,1,0,1,1,0,0,1,0,0,1,0,1,0,0,0,0,0,1,0,0,0,0,0,0,1,0,0,0,0,0,0,0,1,0,0
1,1,1,1,1,1,1,1,0,0,0,0,0,0,0,0,0,1,1,0,0,1,0,0,0,0,1,0,0,0,1,0,0,1,0,0,0,0,1,1,0,1,0,1,0,0,0,1,1,0,0,1,0,0,0,0,0,1,1,0,0,0,1,1,1,0,0,0,1,0,0,1,0,1,0,1,0,0,0,0,1,0,0,1,0,0,0,0,1,0,1,0,0,0,0,0,0,1,0,0,0,0,0,0,0,1,0,1,1,0,0,1,1,1,0,0,0,1,1,0,1,0,0,1,0,0,0,1,1,0,0,0,0,0,0,0,1,0,0,1,0,0,0,0,0,1,1,1,0,0,0,0,0,1,0,0,0,0,0,1,1,0,0,1,0,1,1,0,1,0,1,0,0,1,0,1,1,0,0,0,0,1,0,1,0,0,1,0,0,1,0,0,0,0,0,0,0,1,0,0,0,0,0,0,0,0,0,0,0,0,1,0,0,0,0,0,0,0,1,0,0
1,1,1,1,1,1,1,1,0,1,0,0,0,0,0,0,0,1,1,0,0,1,0,0,0,0,1,0,0,0,1,0,1,1,0,0,0,0,1,1,1,1,0,1,0,0,0,1,1,0,0,1,0,0,0,0,0,1,1,0,0,0,1,1,1,0,0,0,1,0,0,1,0,1,0,1,0,0,0,0,1,0,0,1,0,0,0,0,1,0,1,0,0,0,0,0,0,1,0,0,0,0,0,0,0,1,0,0,1,0,0,1,1,1,0,0,0,1,1,1,1,0,0,1,0,0,0,1,1,0,0,0,0,0,0,0,1,0,0,1,0,0,0,0,0,1,1,1,0,0,0,0,0,1,0,0,0,0,0,1,1,0,0,1,0,1,1,0,1,0,1,0,0,1,0,1,1,0,0,0,0,1,0,1,0,0,1,0,0,1,0,0,0,0,0,0,0,1,0,0,0,0,0,0,0,0,0,0,0,0,1,0,0,0,0,0,0,0,1,0,0
1,1,1,1,1,1,1,1,0,0,0,0,0,0,0,0,0,1,1,0,0,1,0,0,0,0,1,0,0,0,1,0,0,1,0,0,0,0,1,1,0,1,0,1,0,0,0,1,1,0,0,1,0,0,0,0,0,1,1,0,0,0,1,1,1,0,0,0,1,0,0,1,0,1,0,1,0,0,0,0,1,0,0,1,0,0,0,0,1,0,1,0,0,0,0,0,0,1,0,0,0,0,0,0,0,1,0,0,1,0,0,1,1,1,0,0,0,1,1,0,1,0,0,1,0,0,0,1,1,0,0,0,0,0,0,0,1,0,0,1,0,0,0,0,0,1,1,1,0,0,0,0,0,1,0,0,0,0,0,1,1,0,0,1,0,1,1,0,1,0,1,0,0,1,0,1,1,0,0,0,0,1,0,1,0,0,1,0,0,1,0,0,0,0,0,0,0,1,0,0,0,0,0,0,0,0,0,0,0,0,1,0,0,0,0,0,0,0,1,0,0
1,1,1,1,1,1,1,1,0,0,0,0,0,0,0,0,0,1,1,0,0,1,0,0,0,0,1,0,0,0,1,0,0,1,0,0,0,0,1,1,0,1,0,1,0,0,0,1,1,0,0,1,0,0,0,0,0,1,1,0,0,0,1,1,1,0,0,0,1,0,0,1,0,1,0,1,0,0,0,0,1,0,0,1,0,0,0,0,1,0,1,0,0,0,0,0,0,1,0,0,0,0,0,0,0,1,0,0,1,0,0,1,1,1,0,0,0,1,1,0,1,0,0,1,0,0,0,1,1,0,0,0,0,0,0,0,1,0,0,1,0,0,0,0,0,1,1,1,0,0,0,0,0,1,0,0,0,0,0,1,1,0,0,1,0,1,1,0,1,0,1,0,0,1,0,1,1,0,0,0,0,1,0,1,0,0,1,0,0,1,0,0,0,0,0,0,0,1,0,0,0,0,0,0,0,0,0,0,0,0,1,0,0,0,0,0,0,0,1,0,0
1,1,1,1,1,1,1,1,0,0,0,0,0,0,0,1,1,1,1,1,1,1,0,1,0,0,1,0,0,0,1,0,0,1,0,0,1,0,0,1,0,1,0,1,0,0,0,1,1,0,0,1,0,0,0,0,0,1,1,0,0,0,1,1,1,0,0,0,1,0,0,1,0,0,0,0,0,1,0,0,1,0,0,0,0,1,0,0,1,0,1,0,0,0,0,0,0,1,0,0,0,0,0,0,0,1,0,1,0,0,0,1,1,1,0,0,0,1,1,0,0,0,0,1,0,0,0,1,1,0,0,0,1,0,0,0,1,0,0,1,0,0,0,0,0,1,1,1,0,0,0,0,0,1,0,0,0,0,0,1,1,0,0,1,0,1,1,0,1,0,1,1,1,1,0,1,1,0,0,0,0,1,0,0,0,0,1,0,1,1,0,0,1,0,0,1,1,1,0,0,0,0,0,0,0,0,0,0,0,0,1,0,0,0,0,0,0,0,1,0,0
0,1,0,1,0,1,0,0,0,0,1,1,0,0,1,0,0,1,1,0,0,0,0,0,0,0,1,0,0,0,1,0,0,0,0,0,0,0,1,0,0,1,0,1,0,0,0,1,0,0,0,1,1,0,0,0,0,0,0,1,0,0,1,0,0,0,0,0,0,0,1,1,0,0,0,0,1,1,0,1,1,0,0,0,1,1,0,1,1,0,0,0,0,1,0,0,0,0,0,0,0,0,1,0,0,0,0,1,1,1,1,1,0,0,0,0,0,0,1,0,0,0,0,0,0,0,1,0,0,0,0,0,1,0,0,0,0,0,0,0,1,0,0,0,0,0,0,1,1,0,0,0,0,0,0,0,0,0,0,0,1,0,0,1,0,0,0,0,0,0,0,1,1,0,0,0,1,0,0,0,0,0,0,0,0,0,0,0,1,0,0,0,1,0,0,1,1,0,0,0,0,0,0,0,0,0,1,0,0,1,0,0,0,1,0,0,0,1,0,0,0
1,1,1,1,1,1,1,0,0,0,0,0,0,0,0,1,1,1,1,1,1,1,0,1,0,0,1,0,0,0,1,0,0,1,0,0,1,0,0,1,0,1,0,1,0,0,0,1,1,0,0,1,0,0,0,0,0,1,1,0,0,0,1,1,1,0,0,0,1,0,0,0,0,0,0,0,0,0,0,0,0,0,0,0,0,0,0,0,1,0,1,0,0,0,0,0,0,1,0,0,0,0,0,0,0,1,0,0,0,0,0,1,1,1,0,0,0,1,1,0,0,0,0,1,0,0,0,1,1,0,0,0,0,0,0,0,1,0,0,1,0,0,0,0,0,1,1,1,0,0,0,0,0,1,0,0,0,0,0,1,1,0,0,1,0,1,1,0,1,0,1,0,0,1,0,1,1,0,0,0,0,1,0,0,0,0,1,0,0,1,0,0,0,0,0,1,1,1,0,0,0,0,0,0,0,0,0,0,0,0,1,0,0,0,0,0,0,0,1,0,0
0,1,0,1,0,1,0,0,0,0,1,1,0,0,1,0,0,0,0,0,0,0,0,0,0,0,0,0,0,0,1,0,0,0,0,0,0,0,1,0,0,1,0,1,0,0,0,1,0,0,0,1,1,0,0,0,0,0,0,0,0,0,1,0,0,0,0,0,0,0,1,1,0,0,0,0,1,1,0,1,1,0,0,0,1,1,0,1,1,0,0,0,0,1,0,0,0,0,0,0,0,0,1,0,0,0,0,1,1,1,1,1,0,0,0,0,0,0,1,0,0,0,0,0,0,0,1,0,0,0,0,0,1,0,0,0,0,0,0,0,1,0,0,0,0,0,0,1,1,0,0,0,0,0,0,0,0,0,0,0,1,0,0,1,0,0,0,0,0,0,0,1,1,0,0,0,1,0,0,0,0,0,0,0,0,0,0,0,1,0,0,0,1,0,0,0,0,0,0,0,0,0,0,0,0,0,0,0,0,0,0,0,0,0,0,0,0,0,0,0,0
1,1,0,1,0,1,1,0,0,0,1,1,0,0,1,0,0,1,1,0,0,0,0,0,0,0,1,0,0,0,1,0,0,0,0,0,0,0,1,1,0,1,0,1,0,0,0,1,0,0,0,1,1,0,0,0,1,0,0,1,0,0,1,0,0,0,0,0,1,0,1,1,0,0,0,0,1,1,1,1,1,0,0,0,1,1,1,1,1,0,0,0,0,1,0,1,0,0,0,0,0,0,1,0,0,0,0,1,1,1,1,1,0,0,0,0,0,1,1,0,1,0,0,0,0,0,1,1,1,0,0,0,1,0,0,0,0,0,0,1,1,1,0,0,0,1,0,1,1,0,1,0,0,1,0,0,0,1,0,0,1,0,0,1,0,1,0,0,1,0,0,1,1,0,0,1,1,0,0,0,0,1,0,1,1,0,1,0,1,1,0,0,1,0,0,1,1,1,0,0,0,0,0,1,0,0,1,0,0,1,0,0,0,1,0,0,0,1,0,0,0
0,1,0,1,0,1,1,0,0,0,1,1,0,0,1,0,0,1,1,0,0,0,0,0,0,0,1,0,0,0,1,0,0,0,0,0,0,0,1,0,0,1,0,1,0,0,0,1,1,0,0,1,1,0,0,0,1,0,0,1,0,0,1,0,0,0,0,0,1,0,1,1,0,0,0,0,1,1,1,1,1,0,0,0,1,1,1,1,1,0,0,0,0,1,0,1,0,0,0,0,0,0,1,0,0,0,0,1,1,1,1,1,0,0,0,0,0,1,1,0,1,0,0,0,0,0,1,1,1,0,0,0,1,0,0,0,0,0,0,1,1,1,0,0,0,1,0,1,1,0,0,0,0,1,0,0,0,1,0,0,1,0,0,1,0,1,0,0,1,0,0,1,1,0,0,1,1,0,0,0,0,1,0,1,1,0,1,0,1,1,0,0,1,0,0,1,1,1,0,0,0,0,0,1,0,0,1,0,0,1,0,0,0,1,0,0,0,1,0,0,0
0,1,0,1,0,1,1,0,0,1,1,1,0,0,1,0,0,0,0,0,0,0,0,0,0,0,0,0,0,0,1,0,1,0,0,0,0,0,1,1,1,1,0,1,0,0,1,1,0,0,0,1,1,0,0,0,0,0,0,0,0,0,1,0,0,0,0,0,0,0,1,1,0,1,0,0,1,1,0,1,1,0,0,0,1,1,0,1,0,0,0,0,0,1,0,1,0,0,1,0,1,0,1,0,0,0,0,1,1,1,1,1,0,0,0,0,0,0,0,1,1,0,0,0,0,0,1,0,0,0,0,0,1,0,0,0,0,1,0,0,1,1,1,0,0,0,0,1,1,0,0,0,0,0,0,0,0,1,0,0,0,0,0,0,0,0,0,0,0,0,0,1,1,0,0,0,1,0,0,0,0,0,0,1,1,0,0,0,1,0,0,0,1,0,0,1,0,0,0,0,0,0,0,1,0,0,0,0,0,0,0,0,0,0,0,0,0,0,0,0,0
0,1,0,1,0,1,1,0,0,0,1,1,0,1,1,0,0,0,0,0,0,0,0,0,0,0,0,0,0,0,1,0,0,0,0,0,0,0,1,1,0,1,0,1,0,0,0,1,1,0,0,1,1,0,0,0,1,1,1,0,0,0,1,0,0,0,0,0,1,0,1,1,0,0,0,0,1,1,0,1,1,0,0,0,1,1,0,1,1,0,1,0,0,1,0,0,0,1,0,0,0,0,1,0,0,0,0,1,1,1,1,1,1,1,1,0,0,1,1,0,0,0,0,1,0,1,1,1,1,0,0,0,1,0,0,0,1,0,0,1,1,0,0,0,0,1,1,1,1,0,0,0,0,1,0,0,0,0,0,1,1,1,0,1,0,1,0,0,1,0,0,1,1,1,0,1,1,0,0,1,0,1,0,0,0,0,1,1,1,1,0,1,1,0,0,1,0,0,1,0,0,1,0,0,0,0,1,1,1,1,0,0,1,0,1,0,1,1,0,0,1
0,1,0,1,0,1,1,0,0,0,1,1,1,1,1,0,0,0,0,0,0,0,0,0,0,0,0,0,0,0,1,0,0,0,0,0,0,0,1,0,0,1,0,1,0,0,0,1,0,0,0,1,1,0,0,0,0,0,0,0,0,0,1,0,0,0,0,0,0,0,1,1,0,0,0,0,1,1,0,1,1,0,0,0,1,1,0,1,1,0,0,0,0,1,0,1,0,0,0,0,0,0,1,0,0,0,0,1,1,1,1,1,0,0,0,0,0,0,1,0,1,0,0,0,0,0,1,0,0,0,0,0,1,0,0,0,0,0,0,0,1,1,0,0,0,0,0,1,1,0,0,0,0,0,0,0,0,1,0,0,1,0,0,1,0,0,0,0,0,0,0,1,1,0,0,0,1,0,0,0,0,0,0,1,1,0,0,0,1,0,0,0,1,0,0,1,0,0,0,0,0,0,0,1,0,0,1,0,0,1,0,0,0,0,0,0,0,1,0,0,0
0,1,0,1,0,1,1,0,0,0,1,1,0,0,1,0,0,0,0,0,0,0,0,0,0,0,0,0,0,0,1,0,0,0,0,0,0,0,1,0,0,1,0,1,0,0,0,1,0,0,0,1,1,1,1,0,0,0,0,0,0,0,1,0,0,0,0,0,0,0,1,1,0,0,0,1,1,1,0,1,1,0,0,1,1,1,0,1,1,0,0,0,0,1,0,0,0,0,0,1,0,0,1,0,0,0,0,1,1,1,1,1,0,0,0,1,1,0,1,0,0,0,0,0,0,0,1,0,0,0,0,0,1,0,0,0,0,0,0,0,1,0,0,1,0,0,0,1,1,0,0,0,0,0,0,0,0,0,0,0,1,0,0,1,0,0,0,0,0,0,0,1,1,0,0,0,1,0,0,0,1,0,0,0,0,0,0,0,1,0,0,0,1,0,0,0,0,0,0,0,0,0,0,0,0,0,0,0,0,0,0,0,0,0,0,0,0,0,0,0,0
0,1,0,1,0,1,1,0,0,0,1,1,0,0,1,0,0,0,0,0,0,0,0,0,0,0,0,0,0,0,1,0,0,0,0,0,0,0,1,1,0,1,0,1,0,0,0,1,1,0,0,1,1,0,0,0,0,1,1,0,0,0,1,0,0,0,0,0,1,0,1,1,0,0,0,0,1,1,0,1,1,0,0,0,1,1,0,1,1,0,1,0,0,1,0,0,0,1,0,0,0,0,1,0,0,0,0,1,1,1,1,1,1,1,1,0,0,1,1,0,0,0,0,1,0,1,1,1,1,0,0,0,1,0,0,0,1,0,0,1,1,0,0,0,0,1,1,1,1,0,0,0,0,1,0,0,0,0,0,1,1,1,0,1,0,1,0,0,1,0,0,1,1,1,0,1,1,0,0,1,0,1,0,0,0,0,1,1,1,1,0,1,1,0,0,0,0,0,1,0,0,1,0,0,0,0,0,1,1,0,0,0,1,0,1,0,1,0,0,0,1
1,1,1,1,1,1,0,0,0,0,1,1,1,1,1,0,0,1,1,0,0,1,1,1,1,1,1,0,1,1,1,0,0,0,0,1,0,0,1,0,0,1,0,1,1,1,0,1,0,0,0,1,1,1,1,1,0,0,0,1,1,1,1,0,0,1,0,1,0,0,1,1,1,0,0,1,1,1,0,1,1,0,0,1,1,1,0,1,1,1,0,1,1,1,0,0,1,0,0,1,0,1,1,0,1,0,1,1,1,1,1,1,0,0,0,1,1,0,1,0,0,1,1,0,0,0,1,0,0,0,1,0,1,0,0,1,0,0,0,0,1,0,0,1,0,0,0,1,1,0,0,0,0,0,0,0,0,0,0,0,1,0,0,1,0,0,0,0,0,0,0,1,1,0,1,0,1,1,0,0,1,0,0,0,0,1,0,0,1,0,0,0,1,0,0,1,1,0,0,0,0,0,0,0,0,1,1,0,0,0,0,1,0,1,0,0,0,0,0,1,0
1,1,0,1,0,1,1,0,0,0,1,1,0,0,0,0,0,1,0,0,0,1,0,0,0,0,0,0,0,0,1,0,0,1,1,1,1,1,1,1,0,1,1,1,0,0,0,1,1,0,0,1,1,0,0,0,0,0,0,0,0,0,1,1,1,0,0,0,0,1,1,1,0,1,0,0,1,0,0,1,1,0,0,0,1,0,0,1,0,0,0,0,0,1,0,0,0,0,0,0,0,0,1,0,0,1,0,1,0,1,1,1,0,0,0,0,0,0,0,0,0,0,0,0,0,0,0,0,0,0,0,0,1,0,0,0,0,0,1,0,1,0,0,0,0,0,0,0,0,0,0,0,1,0,0,0,0,0,0,0,0,0,0,0,0,1,1,0,0,0,1,0,0,0,0,0,1,0,0,0,0,0,0,0,0,0,1,0,1,1,0,0,1,1,1,1,1,1,1,0,0,0,0,1,1,1,1,0,0,0,0,0,0,1,0,1,0,1,0,0,0
1,1,0,1,0,1,1,0,0,0,1,1,0,0,0,0,0,1,1,0,0,1,1,1,0,0,0,0,0,0,1,0,0,1,1,1,1,1,1,1,0,1,1,1,0,0,0,1,1,0,0,1,1,0,0,0,0,0,0,0,0,0,1,1,1,0,0,0,0,1,1,1,0,1,0,0,1,0,0,1,1,0,0,0,1,0,0,1,0,0,0,0,0,1,0,0,0,0,0,0,0,0,1,0,0,1,0,1,0,1,1,1,0,0,0,0,0,0,0,0,0,0,0,0,0,0,0,0,0,0,0,0,1,0,0,0,0,0,1,0,1,0,0,0,0,0,0,0,0,0,0,0,1,0,0,0,0,0,0,0,0,0,0,0,0,1,1,0,0,0,1,0,0,0,0,0,1,0,0,0,0,0,0,0,0,0,1,0,1,1,0,0,1,1,1,1,1,1,1,0,0,0,0,1,1,1,1,0,0,0,0,0,0,1,0,1,0,1,0,1,0
1,1,0,1,0,1,1,0,0,0,1,1,0,0,0,0,0,1,1,0,0,1,1,1,0,0,0,0,0,0,1,0,0,1,1,1,1,1,1,1,0,1,1,1,0,0,0,1,1,0,0,1,1,0,0,0,0,0,0,0,0,0,1,1,1,0,0,0,0,1,1,1,0,1,0,0,1,0,0,1,1,0,0,0,1,0,0,1,0,0,0,0,0,1,0,0,0,0,0,0,0,0,1,0,0,1,0,1,0,1,1,1,0,0,0,0,0,0,0,0,0,0,0,0,0,0,0,0,0,0,0,0,1,0,0,0,0,0,1,0,1,0,0,0,0,0,0,0,0,0,0,0,1,0,0,0,0,0,0,0,0,0,0,0,0,1,1,0,0,0,1,0,0,0,0,0,1,0,0,0,0,0,0,0,0,0,1,0,1,1,0,0,1,1,1,1,1,1,1,0,0,0,0,1,1,1,1,0,0,0,0,0,0,1,0,1,0,1,0,1,0
1,1,0,1,0,1,1,0,0,0,1,1,0,0,0,0,0,1,0,0,0,1,0,0,0,0,0,0,0,0,1,0,0,1,1,1,1,1,1,1,0,1,1,1,0,0,0,1,1,0,0,1,0,0,0,0,0,0,0,0,0,0,0,1,1,0,0,0,1,1,1,1,0,1,0,0,0,0,0,1,1,0,0,0,0,0,0,1,0,0,0,0,0,0,0,0,0,0,0,0,0,0,0,0,0,1,0,1,0,1,1,1,0,0,0,0,0,0,0,0,0,0,0,0,0,0,0,0,0,0,0,0,1,0,0,0,0,0,0,0,0,0,0,0,0,0,0,0,0,0,1,0,1,0,0,0,0,0,0,0,0,0,0,0,0,1,1,0,0,0,1,0,0,0,0,0,0,0,0,0,0,0,0,0,0,0,1,0,1,1,0,0,1,1,1,1,1,1,1,0,0,0,0,1,1,1,1,0,0,0,0,0,0,1,0,1,0,1,0,0,0
1,1,1,1,0,1,1,1,0,0,1,1,0,0,0,0,0,1,0,0,0,1,0,0,0,0,0,0,0,0,1,0,0,0,0,1,1,1,1,1,0,1,1,1,0,0,0,1,1,0,0,1,0,0,0,0,1,0,0,0,0,0,1,0,0,0,0,0,1,0,1,1,0,1,0,0,0,0,1,1,1,0,0,0,0,0,1,1,0,0,0,0,0,0,0,0,0,0,0,0,0,0,0,0,0,0,0,1,0,1,1,1,0,0,0,0,0,0,0,0,0,0,0,0,0,0,0,0,0,0,0,0,1,0,0,0,0,0,0,0,0,0,0,0,0,0,0,0,0,0,1,0,0,0,0,0,0,0,0,0,0,0,0,0,0,1,1,0,0,0,0,0,0,0,0,0,0,0,0,0,0,0,0,0,0,0,1,0,1,1,0,0,1,1,1,1,1,1,1,0,0,0,0,1,1,1,1,0,0,0,0,0,0,1,0,1,0,1,0,0,0
1,1,0,1,0,1,1,0,0,0,1,1,0,0,0,0,0,1,0,0,0,1,0,0,0,0,0,0,0,0,1,0,0,0,1,1,1,1,1,1,0,1,1,1,0,0,0,1,1,0,0,1,0,0,0,0,0,0,0,0,0,0,1,0,0,0,0,0,1,1,1,1,0,1,0,0,0,0,0,1,1,0,0,0,0,0,0,1,0,0,0,0,0,0,0,0,0,0,0,0,0,0,0,0,0,0,0,1,0,1,1,1,0,0,0,0,0,0,0,0,0,0,0,0,0,0,0,0,0,0,0,0,1,0,0,0,0,0,0,0,0,0,0,0,0,0,0,0,0,0,1,0,1,0,0,0,0,0,0,0,0,0,0,0,0,1,1,0,0,0,0,0,0,0,0,0,0,0,0,0,0,0,0,0,0,0,1,0,1,1,0,0,1,1,1,1,1,1,1,0,0,0,0,1,1,1,1,0,0,0,0,0,0,1,0,1,0,1,0,0,0
1,1,0,1,0,1,1,0,0,0,1,1,0,0,0,0,0,1,0,0,0,1,0,0,0,0,0,0,0,0,1,0,0,0,1,1,1,1,1,1,0,1,1,1,0,0,0,1,1,0,0,1,0,0,0,0,0,0,0,0,0,0,1,0,0,0,0,0,1,1,1,1,0,1,0,0,0,0,0,1,1,0,0,0,0,0,0,1,0,0,0,0,0,0,0,0,0,0,0,0,0,0,0,0,0,0,0,1,0,1,0,1,0,0,0,0,0,0,0,0,0,0,0,0,0,0,0,0,0,0,0,0,1,0,0,0,0,0,0,0,0,0,0,0,0,0,0,0,0,0,1,0,1,0,0,0,0,0,0,0,0,0,0,0,0,1,1,0,0,0,0,0,0,0,0,0,0,0,0,0,0,0,0,0,0,0,1,0,1,1,0,0,1,1,1,1,1,1,1,0,0,0,0,1,1,1,1,0,0,0,0,0,0,1,0,1,0,1,0,0,0
1,1,0,1,0,1,1,0,0,0,1,1,0,0,0,0,0,1,0,0,0,1,0,0,0,0,0,0,0,0,1,0,0,0,1,1,1,1,1,1,0,1,1,1,0,0,0,1,1,0,0,1,0,0,0,0,0,0,0,0,0,0,1,0,0,0,0,0,1,1,1,1,0,1,0,0,0,0,0,1,1,0,0,0,0,0,0,1,0,0,0,0,0,0,0,0,0,0,0,0,0,0,0,0,0,0,0,1,0,0,1,1,0,0,0,0,0,0,0,0,0,0,0,0,0,0,0,0,0,0,0,0,1,0,0,0,0,0,0,0,0,0,0,0,0,0,0,0,0,0,1,0,1,0,0,0,0,0,0,0,0,0,0,0,0,1,1,0,0,0,0,0,0,0,0,0,0,0,0,0,0,0,0,0,0,0,1,0,1,1,0,0,1,1,1,1,1,1,1,0,0,0,0,1,1,1,1,0,0,0,0,0,0,1,0,1,0,1,0,0,0
0,1,0,1,0,1,1,1,0,0,0,0,0,0,0,1,1,1,0,1,1,1,0,0,0,1,1,0,0,0,1,0,0,0,1,0,0,0,0,1,0,1,1,1,0,1,0,1,1,1,1,0,0,1,0,0,1,1,1,0,0,1,1,0,0,1,0,1,1,1,1,1,0,0,1,0,0,0,0,1,0,1,1,1,0,1,1,1,1,1,1,1,0,0,1,0,1,1,0,1,0,1,0,1,1,0,1,0,0,1,1,1,1,1,0,1,1,1,1,0,0,1,0,1,0,0,0,1,1,0,1,1,0,0,0,1,1,0,0,1,0,0,0,1,0,1,1,1,0,1,1,0,1,1,1,0,1,0,0,1,1,0,1,1,0,1,1,0,1,0,0,1,1,1,0,1,1,1,0,0,1,1,0,0,0,0,1,0,0,1,0,1,0,0,0,0,0,0,0,0,0,0,0,0,0,0,0,0,0,0,0,0,0,0,0,0,0,0,0,0,0
0,1,0,1,0,1,1,0,0,0,0,0,0,0,0,1,1,1,0,1,1,1,0,0,0,1,1,0,0,0,1,0,0,0,0,0,1,0,0,1,0,1,0,1,0,1,0,1,0,1,1,1,0,1,0,0,1,1,1,0,0,1,1,0,0,1,0,1,1,0,1,1,0,0,1,0,0,0,0,1,0,1,1,1,0,1,1,1,1,1,1,1,0,0,1,0,1,1,0,1,0,1,0,1,1,0,1,0,0,1,1,1,1,1,0,1,1,1,1,0,0,1,0,1,0,0,0,1,1,0,1,1,0,0,0,1,1,0,0,1,0,0,0,1,0,1,1,1,0,1,1,0,0,1,1,0,1,0,0,1,1,0,1,1,0,1,0,0,1,0,0,1,1,1,0,1,1,1,0,0,1,1,0,0,0,0,1,0,0,1,0,1,0,0,0,0,0,0,0,0,0,0,0,0,0,0,0,0,0,0,0,0,0,0,0,0,0,0,0,0,0
1,1,0,1,0,1,1,0,0,0,1,1,0,0,0,0,0,1,0,0,0,1,0,0,0,0,0,0,0,0,1,0,0,0,1,1,1,1,1,1,0,1,1,1,0,0,0,1,1,0,0,1,0,0,0,0,0,0,0,0,0,0,1,0,0,0,0,0,1,1,1,1,0,1,0,0,0,0,0,1,1,0,0,0,0,0,0,1,0,0,0,0,0,0,0,0,0,0,0,0,0,0,0,0,0,0,0,1,0,1,1,1,0,0,0,0,0,0,0,0,0,0,0,0,0,0,0,0,0,0,0,0,1,0,0,0,0,0,0,0,0,0,0,0,0,0,0,0,0,0,1,0,1,0,0,0,0,0,0,0,0,0,0,0,0,1,1,0,0,0,0,0,0,0,0,0,0,0,0,0,0,0,0,0,0,0,1,0,1,1,0,0,1,1,1,1,1,1,1,0,0,0,0,1,1,1,1,0,0,0,0,0,0,1,0,1,0,1,0,0,0
0,1,0,1,0,1,1,0,0,0,0,0,0,0,0,1,1,1,0,1,1,1,0,0,0,1,1,0,0,0,1,0,0,0,0,0,1,0,0,1,0,1,0,1,0,1,0,1,0,1,1,1,0,1,0,0,1,1,1,0,0,1,1,0,0,1,0,1,1,0,1,1,0,0,1,0,0,0,0,1,0,1,1,1,0,1,1,1,1,1,1,1,0,0,1,0,1,1,0,1,0,1,0,1,1,0,1,0,0,1,1,1,1,1,0,1,1,1,1,0,0,1,0,1,0,0,0,1,1,0,1,1,0,0,0,1,1,0,0,1,0,0,0,1,0,1,1,1,0,1,1,0,0,1,1,0,1,0,0,1,1,0,1,1,0,1,0,0,1,0,0,1,1,1,0,1,1,1,0,0,1,1,0,0,0,0,1,0,0,1,0,1,0,0,0,0,0,0,0,0,0,0,0,0,0,0,0,0,0,0,0,0,0,0,0,0,0,0,0,0,0
0,1,0,1,0,1,1,0,0,0,0,0,0,0,0,1,1,1,0,1,1,1,0,0,0,1,1,0,0,0,1,0,0,0,0,0,0,1,1,1,0,1,0,1,0,1,0,1,0,1,1,1,0,1,0,0,1,1,1,0,0,1,1,0,0,1,0,1,1,0,1,1,0,0,1,0,0,0,0,1,0,1,1,1,0,1,1,1,1,1,1,1,0,0,1,0,1,1,0,1,0,1,0,1,1,0,1,0,0,1,1,1,1,1,0,1,1,1,1,0,0,1,0,1,0,0,0,1,1,0,1,1,0,0,0,1,1,0,0,1,0,0,0,1,0,1,1,1,0,1,1,0,0,1,1,0,1,0,0,1,1,0,1,1,0,1,0,0,1,0,0,1,1,1,0,1,1,1,0,0,1,1,0,0,0,0,1,0,0,1,0,1,0,0,0,0,0,0,0,0,0,0,0,0,0,0,0,0,0,0,0,0,0,0,0,0,0,0,0,0,0
0,1,0,1,0,1,1,1,0,0,0,0,0,0,0,1,1,1,1,0,0,1,0,0,0,1,1,0,1,0,1,0,0,0,0,0,0,0,1,1,0,1,0,1,0,1,0,1,1,1,1,1,0,1,1,0,1,1,1,0,0,1,1,0,0,1,0,1,1,0,1,1,0,0,1,1,0,0,0,1,0,1,1,1,0,1,1,1,1,1,1,1,0,0,1,0,1,1,0,1,0,1,0,1,1,0,1,0,0,1,1,1,1,1,0,1,1,1,1,0,0,1,0,1,0,0,0,1,1,0,1,1,0,0,0,1,1,0,0,1,0,0,0,1,0,1,1,1,0,1,1,0,0,1,1,0,1,0,0,1,1,0,1,1,0,1,0,0,1,0,0,1,1,1,0,1,1,1,0,0,1,1,0,0,0,0,1,1,0,1,0,1,0,0,0,0,0,0,0,0,0,0,0,0,0,0,0,0,0,0,0,0,0,0,0,0,0,0,0,0,0
0,1,0,1,0,1,1,1,0,0,0,0,0,0,0,1,1,1,1,0,0,1,0,0,0,1,1,0,1,0,1,0,0,0,0,0,0,0,1,1,0,1,0,1,0,1,0,1,1,1,1,1,0,1,1,0,1,1,1,0,0,1,1,0,0,1,0,1,1,0,1,1,0,0,1,1,0,0,0,1,0,1,1,1,0,1,1,1,1,1,1,1,0,0,1,0,1,1,0,1,0,1,0,1,1,0,1,0,0,1,1,1,1,1,0,1,1,1,1,0,0,1,0,1,1,0,0,1,1,0,1,1,0,0,0,1,1,0,0,1,0,0,0,1,0,1,1,1,0,1,1,1,0,1,1,0,1,0,0,1,1,0,1,1,0,1,0,0,1,0,0,1,1,1,0,1,1,1,1,0,1,1,0,0,0,0,1,0,0,1,0,1,0,0,0,0,0,0,0,0,0,0,0,0,0,0,0,0,0,0,0,0,0,0,0,0,0,0,0,0,0
0,1,0,1,0,1,1,0,0,1,0,0,0,0,0,1,1,1,1,0,0,1,0,0,0,1,1,0,1,0,1,0,1,0,0,0,0,0,1,1,1,1,0,1,0,1,1,1,0,1,1,1,0,1,1,0,1,1,1,0,0,1,1,0,0,1,0,1,1,0,1,1,0,0,1,1,0,0,0,1,0,1,1,1,0,1,1,1,1,1,1,1,0,0,1,0,1,1,1,1,1,1,0,1,1,0,1,0,0,1,1,1,1,1,0,1,1,1,1,1,0,1,0,1,0,0,0,1,1,0,1,1,0,0,0,1,1,1,0,1,0,0,1,1,0,1,1,1,0,1,1,0,0,1,1,0,1,0,0,1,1,0,1,1,0,1,0,0,1,0,0,1,1,1,0,1,1,1,0,0,1,1,0,0,0,0,1,0,0,1,0,1,0,0,0,0,0,0,0,0,0,0,0,0,0,0,0,0,0,0,0,0,0,0,0,0,0,0,0,0,0
0,1,0,1,0,1,1,0,0,1,0,0,0,0,0,1,1,1,1,0,0,1,0,0,0,1,1,0,1,0,1,0,1,0,0,0,0,0,1,1,1,1,0,1,0,1,1,1,0,1,1,1,0,1,1,0,1,1,1,0,0,1,1,0,0,1,0,1,1,0,1,1,0,0,1,1,0,0,0,1,0,1,1,1,0,1,1,1,1,1,1,1,0,0,1,0,1,1,1,1,1,1,0,1,1,0,1,0,0,1,1,1,1,1,0,1,1,1,1,1,0,1,0,1,0,0,0,1,1,0,1,1,0,0,0,1,1,1,0,1,0,0,1,1,0,1,1,1,0,1,1,0,0,1,1,0,1,0,0,1,1,0,1,1,0,1,0,0,1,0,0,1,1,1,0,1,1,1,0,0,1,1,0,0,0,0,1,0,0,1,0,1,0,0,0,0,0,0,0,0,0,0,0,0,0,0,0,0,0,0,0,0,0,0,0,0,0,0,0,0,0
0,1,0,1,0,1,1,0,0,1,0,0,0,0,0,1,1,1,1,0,0,1,0,0,0,1,1,0,1,0,1,0,1,0,0,0,0,0,1,1,1,1,0,1,0,1,1,1,0,1,1,1,0,1,1,0,1,1,1,0,0,1,1,0,0,1,0,1,1,0,1,1,0,0,1,1,0,0,0,1,0,1,1,1,0,1,1,1,1,1,1,1,0,0,1,0,1,1,1,1,1,1,0,1,1,0,1,0,0,1,1,1,1,1,0,1,1,1,1,1,0,1,0,1,0,0,0,1,1,0,1,1,0,0,0,1,1,1,0,1,0,0,1,1,0,1,1,1,0,1,1,0,0,1,1,0,1,0,0,1,1,0,1,1,0,1,0,0,1,0,0,1,1,1,0,1,1,1,0,0,1,1,0,0,0,0,1,0,0,1,0,1,0,0,0,0,0,0,0,0,0,0,0,0,0,0,0,0,0,0,0,0,0,0,0,0,0,0,0,0,0
0,1,0,1,0,1,1,0,0,0,0,0,0,0,0,1,1,1,1,0,0,1,0,0,0,1,1,0,1,0,1,0,0,0,0,0,0,0,1,1,0,1,0,1,0,1,0,1,0,1,1,1,0,1,1,0,1,1,1,0,0,1,1,0,0,1,0,1,1,0,1,1,0,0,1,1,0,0,0,1,0,1,1,1,0,1,1,1,1,1,1,1,0,0,1,0,1,1,0,1,0,1,0,1,1,0,1,0,0,1,1,1,1,1,0,1,1,1,1,0,0,1,0,1,0,0,0,1,1,0,1,1,0,0,0,1,1,0,0,1,0,0,0,1,0,1,1,1,0,1,1,0,0,1,1,0,1,0,0,1,1,0,1,1,0,1,0,0,1,0,0,1,1,1,0,1,1,1,0,0,1,1,0,0,0,0,1,0,0,1,0,1,0,0,0,0,0,0,0,0,0,0,0,0,0,0,0,0,0,0,0,0,0,0,0,0,0,0,0,0,0
0,1,0,1,0,1,1,0,0,0,0,0,0,0,0,1,1,1,1,0,0,1,0,0,0,1,1,0,1,0,1,0,0,0,0,0,0,0,1,1,0,1,0,1,0,1,0,1,0,1,1,1,0,1,1,0,1,1,1,0,0,1,1,0,0,1,0,1,1,0,1,1,0,0,1,1,0,0,0,1,0,1,1,1,0,1,1,1,1,1,1,1,0,0,1,0,1,1,0,1,0,1,0,1,1,0,1,0,0,1,1,1,1,1,0,1,1,1,1,0,0,1,0,1,0,0,0,1,1,0,1,1,0,0,0,1,1,0,0,1,0,0,0,1,0,1,1,1,0,1,1,0,0,1,1,0,1,0,0,1,1,0,1,1,0,1,0,0,1,0,0,1,1,1,0,1,1,1,0,0,1,1,0,0,0,0,1,0,0,1,0,1,0,0,0,0,0,0,0,0,0,0,0,0,0,0,0,0,0,0,0,0,0,0,0,0,0,0,0,0,0
0,1,0,1,0,1,1,0,0,0,0,0,0,0,0,1,1,1,1,0,0,1,0,0,0,1,1,0,1,0,1,0,0,0,0,0,0,0,1,1,0,1,0,1,0,1,0,1,0,1,1,1,0,1,1,0,1,1,1,0,0,1,1,0,0,1,0,1,1,0,1,1,0,0,1,1,0,0,0,1,0,1,1,1,0,1,1,1,1,1,1,1,0,0,1,0,1,1,0,1,0,1,0,1,1,0,1,0,0,1,1,1,1,1,0,1,1,1,1,0,0,1,0,1,0,0,0,1,1,0,1,1,0,0,0,1,1,0,0,1,0,0,0,1,0,1,1,1,0,1,1,0,0,1,1,0,1,0,0,1,1,0,1,1,0,1,0,0,1,0,0,1,1,1,0,1,1,1,0,0,1,1,0,0,0,0,1,0,0,1,0,1,0,0,0,0,0,0,0,0,0,0,0,0,0,0,0,0,0,0,0,1,0,0,0,0,0,0,0,1,0
0,1,0,1,0,1,1,0,0,0,0,0,0,0,0,1,1,1,1,1,1,1,0,1,0,1,1,0,1,0,1,0,0,0,0,0,0,0,1,1,0,1,0,1,0,1,0,1,0,1,1,0,0,1,1,0,1,1,1,0,0,1,1,0,0,1,0,1,1,0,1,1,0,0,1,1,0,0,0,1,0,1,1,1,0,1,1,1,1,1,1,1,0,0,1,0,1,1,0,1,0,1,0,1,1,0,1,0,0,1,1,1,1,1,0,1,1,1,1,0,0,1,0,1,0,0,0,1,1,0,1,1,0,0,0,1,1,0,0,1,0,0,0,1,0,1,1,1,0,1,1,0,0,1,1,0,1,0,0,1,1,0,1,1,0,1,0,0,1,0,0,1,1,1,0,1,1,1,0,0,1,1,0,0,0,0,1,0,0,1,0,1,0,0,0,1,1,0,0,0,0,0,0,0,0,0,0,0,0,0,0,1,0,1,0,0,0,0,0,1,0
0,1,0,1,0,1,1,0,0,0,0,0,0,0,0,1,1,1,1,1,1,1,0,1,0,1,1,0,1,0,1,0,0,0,0,0,0,0,0,1,0,1,0,1,0,1,0,1,0,1,1,0,0,1,0,0,1,1,1,0,0,1,1,0,0,1,0,1,1,0,1,1,0,0,1,0,0,0,0,1,0,1,1,1,0,1,1,1,1,1,1,1,0,0,1,0,1,1,0,1,0,1,0,1,1,0,1,0,0,1,1,1,1,1,0,1,1,1,1,0,0,1,0,1,0,0,0,1,1,0,1,1,0,0,0,1,1,0,0,1,0,0,0,1,0,1,1,1,0,1,1,0,0,1,1,0,1,0,0,1,1,0,1,1,0,1,0,0,1,0,0,1,1,1,0,1,1,1,0,0,1,1,0,0,0,0,1,0,0,1,0,1,0,0,0,1,0,0,0,0,0,0,0,0,0,0,1,0,0,1,0,0,0,0,0,0,0,1,0,0,0
0,1,0,1,0,1,1,0,0,0,0,0,0,0,0,1,1,1,0,1,1,1,0,0,0,1,1,0,0,0,1,0,0,0,0,0,0,0,0,1,0,1,0,1,0,1,0,1,0,1,1,0,0,1,0,0,1,1,1,0,0,1,1,0,0,1,0,1,1,0,1,1,0,0,1,0,0,0,0,1,0,1,1,1,0,1,1,1,1,1,1,1,0,0,1,0,1,1,0,1,0,1,0,1,1,0,1,0,0,1,1,1,1,1,0,1,1,1,1,0,0,1,0,1,0,0,0,1,1,0,1,1,0,0,0,1,1,0,0,1,0,0,0,1,0,1,1,1,0,1,1,0,0,1,1,0,1,0,0,1,1,0,1,1,0,1,0,0,1,0,0,1,1,1,0,1,1,1,0,0,1,1,0,0,0,0,1,0,0,1,0,1,0,0,0,0,0,0,0,0,0,0,0,0,0,0,0,0,0,0,0,0,0,0,0,0,0,0,0,0,0
0,1,0,1,0,1,1,1,0,0,0,0,0,0,0,1,1,1,0,1,1,1,0,0,0,1,1,0,0,0,1,0,0,0,0,0,0,0,0,1,0,1,1,1,0,1,0,1,1,1,1,1,0,1,0,0,1,1,1,0,0,1,1,0,0,1,0,1,1,0,1,1,0,0,1,0,0,0,0,1,0,1,1,1,0,1,1,1,1,1,1,1,0,0,1,0,1,1,0,1,0,1,0,1,1,0,1,0,0,1,1,1,1,1,0,1,1,1,1,0,0,1,0,1,1,0,0,1,1,0,1,1,0,0,0,1,1,0,0,1,0,0,0,1,0,1,1,1,0,1,1,1,0,1,1,0,1,0,0,1,1,0,1,1,0,1,0,0,1,0,0,1,1,1,0,1,1,1,1,0,1,1,0,0,0,0,1,0,0,1,0,1,0,0,0,0,0,0,0,0,0,0,0,0,0,0,0,0,0,0,0,0,0,0,0,0,0,0,0,0,0
0,1,0,1,0,1,1,1,0,0,0,0,0,0,0,1,1,1,0,1,1,1,0,0,0,1,1,0,0,0,1,0,0,0,0,0,0,0,0,1,0,1,1,1,0,1,0,1,1,1,1,0,0,1,0,0,1,1,1,0,0,1,1,0,0,1,0,1,1,0,1,1,0,0,1,0,0,0,0,1,0,1,1,1,0,1,1,1,1,1,1,1,0,0,1,0,1,1,0,1,0,1,0,1,1,0,1,0,0,1,1,1,1,1,0,1,1,1,1,0,0,1,0,1,1,0,0,1,1,0,1,1,0,0,0,1,1,0,0,1,0,0,0,1,0,1,1,1,0,1,1,1,0,1,1,0,1,0,0,1,1,0,1,1,0,1,0,0,1,0,0,1,1,1,0,1,1,1,1,0,1,1,0,0,0,0,1,0,0,1,0,1,0,0,0,0,0,0,0,0,0,0,0,0,0,0,0,0,0,0,0,0,0,0,0,0,0,0,0,0,0
0,1,0,1,0,1,1,0,0,0,1,0,1,1,0,1,1,1,1,0,0,1,0,0,0,1,1,0,1,0,1,0,0,0,0,0,0,0,1,1,0,1,0,1,0,1,0,1,0,1,1,0,0,1,1,0,1,1,1,0,0,1,1,0,0,1,0,1,1,0,1,1,0,0,1,1,0,0,0,1,0,1,1,1,0,1,1,1,1,1,1,1,0,0,1,0,1,1,0,1,0,1,0,1,1,0,1,0,0,1,1,1,1,1,0,1,1,1,1,0,0,1,0,1,0,0,0,1,1,0,1,1,0,0,0,1,1,0,0,1,0,0,0,1,0,1,1,1,0,1,1,0,0,1,1,0,1,0,0,1,1,0,1,1,0,1,0,0,1,0,0,1,1,1,0,1,1,1,0,0,1,1,0,0,0,0,1,0,0,1,0,1,0,0,0,1,0,0,0,0,0,0,0,0,0,0,0,0,0,0,0,1,0,0,0,0,0,0,0,1,0
0,1,0,1,0,1,1,0,0,0,1,0,1,1,0,1,1,1,0,0,0,0,0,0,0,1,1,0,0,0,1,0,0,0,0,0,0,0,0,1,0,1,0,1,0,1,0,1,0,1,1,0,0,1,0,0,1,1,1,0,0,1,1,0,0,1,0,1,1,0,1,1,0,0,1,0,0,0,0,1,0,1,1,1,0,1,1,1,1,1,1,1,0,0,1,0,1,1,0,1,0,1,0,1,1,0,1,0,0,1,1,1,1,1,0,1,1,1,1,0,0,1,0,1,0,0,0,1,1,0,1,1,0,0,0,1,1,0,0,1,0,0,0,1,0,1,1,1,0,1,1,0,0,1,1,0,1,0,0,1,1,0,1,1,0,1,0,0,1,0,0,1,1,1,0,1,1,1,0,0,1,1,0,0,0,0,1,0,0,1,0,1,0,0,0,0,0,0,0,0,0,0,0,0,0,0,0,0,0,0,0,0,0,0,0,0,0,0,0,0,0
0,1,0,1,0,1,1,0,0,0,1,0,1,1,0,1,1,1,1,0,0,1,0,0,0,1,1,0,1,0,1,0,0,0,0,0,0,0,0,1,0,1,0,1,0,1,0,1,0,1,1,0,0,1,0,0,1,1,1,0,0,1,1,0,0,1,0,1,1,0,1,1,0,0,1,0,0,0,0,1,0,1,1,1,0,1,1,1,1,1,1,1,0,0,1,0,1,1,0,1,0,1,0,1,1,0,1,0,0,1,1,1,1,1,0,1,1,1,1,0,0,1,0,1,0,0,0,1,1,0,1,1,0,0,0,1,1,0,0,1,0,0,0,1,0,1,1,1,0,1,1,0,0,1,1,0,1,0,0,1,1,0,1,1,0,1,0,0,1,0,0,1,1,1,0,1,1,1,0,0,1,1,0,0,0,0,1,0,0,1,0,1,0,0,0,1,0,0,0,0,0,0,0,0,0,0,1,0,0,1,0,0,0,0,0,0,0,1,0,0,0
0,1,0,1,0,1,1,0,0,0,0,0,0,0,0,1,1,1,1,0,0,1,0,0,0,1,1,0,1,0,1,0,0,0,0,0,0,0,0,1,0,1,0,1,0,1,0,1,0,1,1,1,0,1,0,0,1,1,1,0,0,1,1,0,0,1,0,1,1,0,1,1,0,0,1,0,0,0,0,1,0,1,1,1,0,1,1,1,1,1,1,1,0,0,1,0,1,1,0,1,0,1,0,1,1,0,1,0,0,1,1,1,1,1,0,1,1,1,1,0,0,1,0,1,0,0,0,1,1,0,1,1,0,0,0,1,1,0,0,1,0,0,0,1,0,1,1,1,0,1,1,0,0,1,1,0,1,0,0,1,1,0,1,1,0,1,0,0,1,0,0,1,1,1,0,1,1,1,0,0,1,1,0,0,0,0,1,0,0,1,0,1,0,0,0,0,0,0,0,0,0,0,0,0,0,0,0,0,0,0,0,0,0,0,0,0,0,0,0,0,0
0,1,0,1,0,1,1,0,0,0,0,0,0,0,0,1,1,1,1,0,0,1,0,0,0,1,1,0,1,0,1,0,0,0,0,0,0,0,0,1,0,1,0,1,0,1,0,1,0,1,1,1,0,1,0,0,1,1,1,0,0,1,1,0,0,1,0,1,1,0,1,1,0,0,1,0,0,0,0,1,0,1,1,1,0,1,1,1,1,1,1,1,0,0,1,0,1,1,0,1,0,1,0,1,1,0,1,0,0,1,1,1,1,1,0,1,1,1,1,0,0,1,0,1,0,0,0,1,1,0,1,1,0,0,0,1,1,0,0,1,0,0,0,1,0,1,1,1,0,1,1,0,0,1,1,0,1,0,0,1,1,0,1,1,0,1,0,0,1,0,0,1,1,1,0,1,1,1,0,0,1,1,0,0,0,0,1,0,0,1,0,1,0,0,0,0,0,0,0,0,0,0,0,0,0,0,0,0,0,0,0,0,0,0,0,0,0,0,0,0,0
0,1,0,1,0,1,1,0,0,0,0,0,0,0,0,1,1,1,0,0,0,0,0,0,0,1,1,0,0,0,1,0,0,0,0,0,0,0,1,1,0,1,0,1,0,1,0,1,0,1,1,1,0,1,0,0,1,1,1,0,0,1,1,0,0,1,0,1,1,0,1,1,0,0,1,0,0,0,0,1,0,1,1,1,0,1,1,1,1,1,1,1,0,0,1,0,1,1,0,1,0,1,0,1,1,0,1,0,0,1,1,1,1,1,0,1,1,1,1,0,0,1,0,1,0,0,0,1,1,0,1,1,0,0,0,1,1,0,0,1,0,0,0,1,0,1,1,1,0,1,1,0,0,1,1,0,1,0,0,1,1,0,1,1,0,1,0,0,1,0,0,1,1,1,0,1,1,1,0,0,1,1,0,0,0,0,1,0,0,1,0,1,0,0,0,0,0,0,0,0,0,0,0,0,0,0,0,0,0,0,0,0,0,0,0,0,0,0,0,0,0
0,1,0,1,0,1,1,0,0,0,0,0,0,0,0,1,1,1,1,0,0,1,0,0,0,1,1,0,0,0,1,0,0,0,0,0,0,1,1,1,0,1,0,1,0,1,0,1,0,1,1,1,0,1,0,0,1,1,1,0,0,1,1,0,0,1,0,1,1,0,1,1,0,0,1,0,0,0,0,1,0,1,1,1,0,1,1,1,1,1,1,1,0,0,1,0,1,1,0,1,0,1,0,1,1,0,1,0,0,1,1,1,1,1,0,1,1,1,1,0,0,1,0,1,0,0,0,1,1,0,1,1,0,0,0,1,1,0,0,1,0,0,0,1,0,1,1,1,0,1,1,0,0,1,1,0,1,0,0,1,1,0,1,1,0,1,0,0,1,0,0,1,1,1,0,1,1,1,0,0,1,1,0,0,0,0,1,0,0,1,0,1,0,0,0,0,0,0,0,0,0,0,0,0,0,0,0,0,0,0,0,0,0,0,0,0,0,0,0,0,0
0,1,0,1,0,1,1,0,0,0,0,0,0,0,0,1,1,1,0,0,0,0,0,0,0,1,1,0,0,0,1,0,0,0,0,0,0,1,1,1,0,1,0,1,0,1,0,1,0,1,1,1,0,1,0,0,1,1,1,0,0,1,1,0,0,1,0,1,1,0,1,1,0,0,1,0,0,0,0,1,0,1,1,1,0,1,1,1,1,1,1,1,0,0,1,0,1,1,0,1,0,1,0,1,1,0,1,0,0,1,1,1,1,1,0,1,1,1,1,0,0,1,0,1,0,0,0,1,1,0,1,1,0,0,0,1,1,0,0,1,0,0,0,1,0,1,1,1,0,1,1,0,0,1,1,0,1,0,0,1,1,0,1,1,0,1,0,0,1,0,0,1,1,1,0,1,1,1,0,0,1,1,0,0,0,0,1,0,0,1,0,1,0,0,0,0,0,0,0,0,0,0,0,0,0,0,0,0,0,0,0,0,0,0,0,0,0,0,0,0,0
0,1,0,1,0,1,1,0,0,0,0,0,0,0,0,1,1,1,1,0,0,1,0,0,0,1,1,0,1,0,1,0,0,1,0,0,0,0,1,1,0,1,0,1,0,1,0,1,0,1,1,1,1,1,1,1,1,1,1,0,0,1,1,1,1,1,0,1,1,0,1,1,0,0,1,1,1,0,0,1,0,1,1,1,1,1,1,1,1,1,1,1,1,1,1,0,1,1,0,1,0,1,1,1,1,0,1,0,0,1,1,1,1,1,0,1,1,1,1,0,0,1,1,1,0,0,0,1,1,0,1,1,0,0,0,1,1,0,0,1,1,0,0,1,0,1,1,1,0,1,0,0,0,1,0,0,1,0,0,1,1,0,0,1,1,1,0,0,1,0,1,1,1,1,1,1,1,1,0,0,1,1,0,0,0,1,1,1,0,1,0,0,0,0,0,0,0,0,0,0,0,0,0,0,0,0,0,0,0,0,0,0,0,0,0,0,0,0,0,0,0
0,1,0,1,0,1,1,0,0,0,0,0,0,0,0,1,1,1,1,0,0,1,0,0,0,1,1,0,1,0,1,0,0,0,0,0,0,0,1,1,0,1,0,1,0,1,0,1,0,1,1,1,0,1,1,0,1,1,1,0,0,1,1,0,0,1,0,1,1,0,1,1,0,0,1,1,0,0,0,1,0,1,1,1,0,1,1,1,1,1,1,1,0,0,1,0,1,1,0,1,0,1,0,1,1,0,1,0,0,1,1,1,1,1,0,1,1,1,1,0,0,1,0,1,0,0,0,1,1,0,1,1,0,0,0,1,1,0,0,1,0,0,0,1,0,1,1,1,0,1,1,0,0,1,1,0,1,0,0,1,1,0,1,1,0,1,0,0,1,0,0,1,1,1,0,1,1,1,0,0,1,1,0,0,0,0,1,0,0,1,0,1,0,0,0,0,0,0,0,0,0,0,0,0,0,0,0,0,0,0,0,0,0,0,0,0,0,0,0,0,0
0,1,0,1,0,1,1,0,0,1,0,0,0,0,0,1,1,1,1,0,0,1,0,0,0,1,1,0,1,0,1,0,1,0,0,0,0,0,1,1,1,1,0,1,0,1,1,1,0,1,1,1,0,1,1,0,1,1,1,0,0,1,1,0,0,1,0,1,1,0,1,1,0,0,1,1,0,0,0,1,0,1,1,1,0,1,1,1,1,1,1,1,0,0,1,0,1,1,1,1,1,1,0,1,1,0,1,0,0,1,1,1,1,1,0,1,1,1,1,1,0,1,0,1,0,0,0,1,1,0,1,1,0,0,0,1,1,1,0,1,0,0,1,1,0,1,1,1,0,1,1,0,0,1,1,0,1,0,0,1,1,0,1,1,0,1,0,0,1,0,0,1,1,1,0,1,1,1,0,0,1,1,0,0,0,0,1,0,0,1,0,1,0,0,0,0,0,0,0,0,0,0,0,0,0,0,0,0,0,0,0,0,0,0,0,0,0,0,0,0,0
0,1,0,1,0,1,1,0,0,1,0,0,0,0,0,1,1,1,1,0,0,1,0,0,0,1,1,0,1,0,1,0,1,0,0,0,0,0,1,1,1,1,0,1,0,1,1,1,0,1,1,1,0,1,1,0,1,1,1,0,0,1,1,0,0,1,0,1,1,0,1,1,0,0,1,1,0,0,0,1,0,1,1,1,0,1,1,1,1,1,1,1,0,0,1,0,1,1,1,1,1,1,0,1,1,0,1,0,0,1,0,1,1,1,0,1,1,1,1,1,0,1,0,1,0,0,0,1,1,0,1,1,0,0,0,1,1,1,0,1,0,0,1,1,0,1,1,1,0,1,1,0,0,1,1,0,1,0,0,1,1,0,1,1,0,1,0,0,1,0,0,1,1,1,0,1,1,1,0,0,1,1,0,0,0,0,1,0,0,1,0,1,0,0,0,0,0,0,0,0,0,0,0,0,0,0,0,0,0,0,0,0,0,0,0,0,0,0,0,0,0
0,1,0,1,0,1,1,0,0,1,0,0,0,0,0,1,1,1,1,0,0,1,0,0,0,1,1,0,1,0,1,0,1,0,0,0,0,0,1,1,1,1,0,1,0,1,1,1,0,1,1,1,0,1,1,0,1,1,1,0,0,1,1,0,0,1,0,1,1,0,1,1,0,0,1,1,0,0,0,1,0,1,1,1,0,1,1,1,1,1,1,1,0,0,1,0,1,1,1,1,1,1,0,1,1,0,1,0,0,1,0,1,1,1,0,1,1,1,1,1,0,1,0,1,0,0,0,1,1,0,0,1,0,0,0,1,1,1,0,1,0,0,1,1,0,1,1,1,0,1,1,0,0,1,1,0,1,0,0,1,1,0,1,1,0,1,1,0,1,0,0,1,1,1,0,1,1,1,0,0,1,1,0,0,0,0,1,0,0,1,0,0,0,0,0,0,0,0,0,0,0,0,0,0,0,0,0,0,0,0,0,0,0,0,0,0,0,0,0,0,0
0,1,0,1,0,1,1,0,0,1,1,0,1,1,0,1,1,1,0,0,0,0,0,0,0,1,1,0,0,0,1,0,1,0,0,0,0,0,0,1,1,1,0,1,0,1,1,1,0,1,1,0,0,1,0,0,1,1,1,0,0,1,1,0,0,1,0,1,1,0,1,1,0,0,1,0,0,0,0,1,0,1,1,1,0,1,1,1,1,1,1,1,0,0,1,0,1,1,1,0,1,1,0,1,1,0,1,0,0,1,0,1,1,1,0,1,0,1,1,1,0,1,0,1,0,0,0,1,1,0,1,1,0,0,0,1,1,1,0,1,0,0,1,1,0,1,1,1,0,1,1,0,0,1,1,0,1,0,0,1,1,0,1,1,0,1,0,0,1,0,0,1,1,1,0,1,1,1,0,0,1,1,0,0,0,0,1,0,0,1,0,1,0,0,0,0,0,0,0,0,0,0,0,0,0,0,0,0,0,0,0,0,0,0,0,0,0,0,0,0,0
0,1,0,0,0,1,1,0,0,0,0,0,0,0,0,0,0,1,1,0,0,1,1,0,0,0,1,0,1,0,1,0,0,0,0,0,0,0,1,1,0,0,0,1,0,0,0,1,0,0,0,1,0,1,1,0,1,1,1,0,0,0,1,0,0,0,0,0,1,0,0,1,0,0,0,1,0,0,0,0,0,0,0,1,0,1,1,0,1,0,1,0,0,0,0,0,1,1,0,1,0,0,0,0,0,0,0,0,0,0,0,1,1,1,0,1,1,1,1,0,0,0,0,1,0,0,0,1,1,0,0,0,0,0,0,1,1,0,0,1,0,0,0,1,0,1,1,1,0,1,1,0,0,1,1,0,1,0,0,1,1,0,1,1,0,1,0,0,1,0,0,1,1,1,0,1,0,1,0,0,1,1,0,0,0,0,1,0,0,1,0,0,0,0,0,0,0,0,0,0,0,0,0,0,0,0,0,0,0,0,0,0,0,0,0,0,0,0,0,0,0
0,1,0,1,0,1,1,1,0,1,0,0,0,0,0,1,1,1,0,1,1,1,0,0,0,1,1,0,0,0,1,0,1,0,0,0,0,0,0,1,1,1,1,1,0,1,1,1,1,1,1,0,0,1,0,0,1,1,1,0,0,1,1,0,0,1,0,1,1,0,1,1,0,0,1,0,0,0,0,1,0,1,1,1,0,1,1,1,1,1,1,1,0,0,1,0,1,1,1,0,1,1,0,1,1,0,1,0,0,1,0,1,1,1,0,1,0,1,1,1,0,1,0,1,1,0,0,1,1,0,1,1,0,0,0,1,1,1,0,1,0,0,1,1,0,1,1,1,0,1,1,1,0,1,1,0,1,0,0,1,1,0,1,1,0,1,0,0,1,0,0,1,1,1,0,1,1,1,1,0,1,1,0,0,0,0,1,0,0,1,0,1,0,0,0,0,0,0,0,0,0,0,0,0,0,0,0,0,0,0,0,0,0,0,0,0,0,0,0,0,0
0,1,0,1,0,1,1,0,0,1,0,0,0,0,0,1,1,1,1,0,0,1,0,0,0,1,1,0,1,0,1,0,1,0,0,0,0,0,1,1,1,1,0,1,0,1,1,1,0,1,1,1,0,1,1,0,1,1,1,0,0,1,1,0,0,1,0,1,1,0,1,1,0,0,1,1,0,0,0,1,0,1,1,1,0,1,1,1,1,1,1,1,0,0,1,0,1,1,1,1,1,1,0,1,1,0,1,0,0,1,0,1,1,1,0,1,1,1,1,1,0,1,0,1,0,0,0,1,1,0,1,1,0,0,0,1,1,1,0,1,0,0,1,1,0,1,1,1,0,1,1,0,0,1,1,0,1,0,0,1,1,0,1,1,0,1,0,0,1,0,0,1,1,1,0,1,1,1,0,0,1,1,0,0,0,0,1,0,0,1,0,1,0,0,0,0,0,0,0,0,0,0,0,0,0,0,0,0,0,0,0,0,0,0,0,0,0,0,0,0,0
0,0,0,1,0,1,1,0,0,1,0,0,0,0,0,1,1,1,0,0,0,0,0,0,0,1,1,0,0,0,1,0,1,0,0,0,0,0,0,1,1,1,0,1,0,1,1,1,0,1,1,1,0,1,0,0,1,1,1,0,0,1,1,0,0,1,0,1,1,0,1,1,0,0,1,0,0,0,0,1,0,1,1,1,0,1,1,1,1,1,1,1,0,0,1,0,1,1,1,0,1,1,0,1,1,0,1,0,0,1,0,1,1,1,0,1,0,1,1,1,0,1,0,1,0,0,0,1,1,0,1,1,0,0,0,1,1,1,0,1,0,0,1,1,0,1,1,1,0,1,1,0,0,1,1,0,1,0,0,1,1,0,1,1,0,1,0,0,1,0,0,0,1,1,0,1,1,1,0,0,1,1,0,0,0,0,1,0,0,1,0,1,0,0,0,0,0,0,0,0,0,0,0,0,0,0,0,0,0,0,0,0,0,0,0,0,0,0,0,0,0
0,1,0,1,0,1,1,0,0,1,0,0,0,0,0,1,1,1,0,0,0,0,0,0,0,1,1,0,0,0,1,0,1,1,0,0,0,0,0,1,1,1,0,1,0,1,1,1,0,1,1,1,0,1,0,0,1,1,1,0,0,1,0,1,1,1,0,1,1,0,1,1,0,0,1,0,0,0,0,1,0,1,1,1,0,1,1,1,1,1,1,1,0,0,1,0,1,1,1,0,1,1,0,1,1,1,1,0,0,1,0,1,1,1,0,1,0,1,1,1,0,1,0,1,0,0,0,1,1,0,1,1,0,0,0,1,1,1,0,1,0,0,1,1,0,1,1,1,0,1,1,0,0,1,1,0,1,0,0,1,1,0,1,1,0,1,0,0,1,0,1,1,1,1,0,1,1,1,0,0,1,1,0,0,0,0,1,0,0,1,0,1,0,0,0,0,0,0,0,0,0,0,0,0,0,0,0,0,0,0,0,0,0,0,0,0,0,0,0,0,0
1,1,0,1,0,1,1,0,0,0,0,0,0,0,0,0,0,0,0,0,0,0,0,0,0,0,0,0,0,0,1,0,0,0,0,0,0,0,0,1,0,1,1,1,0,0,0,1,1,0,0,1,0,0,0,0,0,1,1,0,0,0,1,0,0,0,0,0,1,0,0,0,0,0,0,0,0,0,0,0,0,0,0,0,0,0,0,0,0,0,1,0,0,0,0,0,0,1,0,0,0,0,0,0,0,0,0,0,0,0,0,1,1,1,1,0,0,1,0,0,0,0,0,1,1,1,0,1,1,1,0,0,0,0,0,0,1,0,0,1,0,0,0,0,0,1,1,0,0,0,1,1,0,1,1,0,0,0,0,1,0,1,1,0,0,1,0,1,1,0,0,0,0,1,0,1,1,0,1,1,0,1,0,0,0,0,1,0,0,1,1,0,0,0,0,0,0,0,0,1,1,0,0,0,0,0,0,0,0,0,0,0,1,0,0,0,0,0,0,0,1
1,1,1,1,1,1,1,0,0,0,0,0,0,0,0,1,1,1,1,0,0,1,1,1,0,1,1,0,1,0,1,0,0,1,0,0,0,0,1,1,0,1,1,1,1,1,0,1,1,0,0,1,0,1,1,0,0,1,1,1,1,1,1,1,1,1,0,1,1,0,1,1,1,0,0,1,0,1,0,1,1,0,0,1,0,1,0,1,1,1,1,1,0,0,0,1,1,1,0,1,0,1,0,0,1,1,1,1,0,1,1,1,1,1,0,1,1,1,1,0,1,1,0,1,1,0,0,1,1,0,1,1,1,0,0,1,1,0,1,1,0,1,0,1,1,1,1,1,0,0,1,1,0,1,1,1,0,1,0,1,1,0,1,1,0,1,0,0,1,0,1,1,1,1,0,1,1,1,1,0,1,1,0,1,1,0,1,0,1,1,0,1,1,1,0,1,1,0,0,0,0,1,0,1,1,0,0,1,0,0,0,1,0,0,1,0,0,0,0,1,0
1,1,1,1,1,1,1,1,0,1,0,0,0,0,0,1,1,1,1,0,0,1,1,1,0,1,1,0,1,0,1,0,1,1,0,0,0,0,1,1,1,1,1,1,1,1,1,1,1,0,0,1,0,1,1,0,0,1,1,1,1,1,1,1,1,1,0,1,1,0,1,1,1,0,0,1,0,1,0,1,1,0,0,1,0,1,0,1,1,1,1,1,0,0,0,1,1,1,1,1,1,1,0,0,1,1,1,1,0,1,1,1,1,1,1,1,1,1,1,1,1,1,0,1,1,1,0,1,1,1,1,1,1,0,1,1,1,1,1,1,0,1,1,1,1,1,1,1,0,0,1,1,0,1,1,1,0,1,1,1,1,1,1,1,0,1,1,1,1,1,1,1,1,1,0,1,1,1,1,1,1,1,0,1,1,0,1,1,1,1,1,1,1,1,0,1,1,1,1,1,1,1,0,1,1,0,0,1,1,0,1,1,1,0,1,0,1,0,1,1,1
1,1,1,1,1,1,1,1,0,0,0,0,0,0,0,1,1,1,1,0,0,1,1,1,0,1,1,0,1,0,1,0,0,1,0,0,0,0,1,1,0,1,1,1,1,1,0,1,1,0,0,1,0,1,1,0,0,1,1,1,1,1,1,1,1,1,0,1,1,0,1,1,1,0,0,1,0,1,0,1,1,0,0,1,0,1,0,1,1,1,1,1,0,0,0,1,1,1,0,1,0,1,0,0,1,1,1,1,0,1,1,1,1,1,1,1,1,1,1,0,1,1,0,1,1,1,0,1,1,1,1,1,1,0,1,1,1,0,1,1,0,1,0,1,1,1,1,1,0,0,1,1,0,1,1,1,0,1,1,1,1,1,1,1,0,1,1,1,1,1,1,1,1,1,0,1,1,1,1,1,1,1,0,1,1,0,1,1,1,1,1,1,1,1,0,1,1,1,1,1,1,1,0,1,1,0,0,1,1,0,1,1,1,0,1,0,1,0,1,1,1
1,1,1,1,1,1,1,1,0,1,0,0,0,0,0,1,1,1,1,0,0,1,1,1,0,1,1,0,1,0,1,0,1,1,0,0,0,0,1,1,1,1,1,1,1,1,1,1,1,0,0,1,0,1,1,0,0,1,1,1,1,1,1,1,1,1,0,1,1,0,1,1,1,0,0,1,0,1,0,1,1,0,0,1,0,1,0,1,1,1,1,1,0,0,0,1,1,1,1,1,1,1,0,0,1,1,1,1,0,1,1,1,1,1,0,1,1,1,1,1,1,1,0,1,1,0,0,1,1,1,1,1,1,0,0,1,1,1,1,1,0,1,1,1,1,1,1,1,0,0,1,1,0,1,1,1,0,1,0,1,1,0,1,1,0,1,0,1,1,0,1,1,1,1,0,1,1,1,1,0,1,1,0,1,1,0,1,1,1,1,1,0,1,0,0,1,1,0,1,1,1,0,0,1,0,0,0,0,1,0,0,1,0,0,0,0,1,0,0,1,0
1,1,1,1,1,1,1,1,0,0,0,0,0,0,0,1,1,1,1,0,0,1,1,1,0,1,1,0,1,0,1,0,0,1,0,0,0,0,1,1,0,1,1,1,1,1,0,1,1,0,0,1,0,1,1,0,0,1,1,1,1,1,1,1,1,1,0,1,1,0,1,1,1,0,0,1,0,1,0,1,1,0,0,1,0,1,0,1,1,1,1,1,0,0,0,1,1,1,0,1,0,1,0,0,1,1,1,1,0,1,1,1,1,1,0,1,1,1,1,0,1,1,0,1,1,0,0,1,1,1,1,1,1,0,0,1,1,0,1,1,0,1,0,1,1,1,1,1,0,0,1,1,0,1,1,1,0,1,0,1,1,0,1,1,0,1,0,1,1,0,1,1,1,1,0,1,1,1,1,0,1,1,0,1,1,0,1,1,1,1,1,0,1,0,0,1,1,0,1,1,1,0,0,1,0,0,0,0,1,0,0,1,0,0,0,0,1,0,0,1,0
1,1,1,1,1,1,1,0,0,1,0,0,0,0,0,1,1,1,1,0,0,1,1,1,0,1,1,0,1,0,1,0,1,1,0,0,0,0,1,1,1,1,1,1,1,1,1,1,1,0,0,1,0,1,1,0,0,1,1,1,1,1,1,1,1,1,0,1,1,0,1,1,1,0,0,1,0,1,0,1,1,0,0,1,0,1,0,1,1,1,1,1,0,0,0,1,1,1,1,1,1,1,0,0,1,1,1,1,0,1,1,1,1,1,0,1,1,1,1,1,1,1,0,1,1,0,0,1,1,0,1,1,1,0,0,1,1,1,1,1,0,1,1,1,1,1,1,1,0,0,1,1,0,1,1,1,0,1,0,1,1,0,1,1,0,1,0,0,1,0,1,1,1,1,0,1,1,1,1,0,1,1,0,1,1,0,1,0,1,1,0,1,1,1,0,1,1,0,0,0,0,1,0,1,1,0,0,1,0,0,0,1,0,0,1,0,0,0,0,1,0
1,1,1,1,1,1,1,0,0,0,0,0,0,0,0,1,1,1,1,1,1,1,1,1,1,1,1,1,1,1,1,0,0,1,0,0,0,0,1,0,0,1,1,1,1,1,0,1,1,0,0,0,0,1,1,0,0,0,0,1,1,1,0,1,1,1,0,1,1,0,1,0,1,0,0,1,0,0,0,1,0,0,0,1,0,0,0,1,1,1,0,1,0,0,0,0,1,0,0,1,0,1,0,0,1,1,1,0,0,1,1,1,0,0,0,1,1,0,1,0,0,1,0,0,1,1,0,0,0,0,1,1,0,0,0,1,0,0,1,0,0,0,0,1,1,0,0,1,0,0,1,1,0,0,0,1,0,0,0,0,1,0,0,1,0,0,0,0,0,0,1,0,0,0,0,0,1,1,1,1,1,0,0,0,0,0,0,0,0,0,0,0,0,0,0,1,1,0,0,0,0,0,0,0,0,0,0,0,0,0,0,1,0,0,0,0,0,0,0,1,0
1,1,1,1,1,1,1,0,0,0,0,0,0,0,0,1,1,1,1,1,1,1,1,1,1,1,1,1,1,1,1,0,0,1,0,0,0,0,1,0,0,1,0,1,1,1,0,1,0,0,0,0,0,1,1,0,0,0,0,1,1,1,0,1,1,1,0,1,0,0,1,1,1,0,0,1,0,1,0,1,1,0,0,1,0,1,0,1,1,1,0,1,0,0,0,0,1,0,0,1,0,1,0,0,1,1,1,0,1,1,1,1,0,0,0,1,1,0,1,0,0,1,0,0,0,0,1,0,0,0,1,1,0,0,0,1,0,0,1,0,0,0,0,1,1,0,0,1,1,0,0,0,0,0,0,1,0,0,0,0,1,0,0,1,0,0,0,0,0,0,1,1,1,0,0,0,1,1,0,0,1,0,0,0,0,0,0,0,0,0,0,0,0,0,0,1,1,0,0,0,0,0,0,0,0,0,0,0,0,0,0,1,0,0,0,0,0,0,0,1,0
0,1,0,0,0,1,1,1,0,0,1,0,1,1,1,1,1,1,0,0,0,1,0,0,0,0,0,0,0,0,1,0,0,0,1,0,1,1,1,1,0,1,1,1,0,0,0,1,1,0,0,1,0,0,0,0,1,1,1,0,0,0,1,0,0,0,0,0,1,1,0,1,0,0,0,0,0,0,1,0,1,0,0,0,0,0,1,0,1,0,1,0,0,0,0,0,0,1,0,0,0,0,0,0,0,0,0,0,0,0,0,1,1,1,1,0,0,1,1,0,0,0,0,1,0,1,0,1,1,0,0,0,0,0,0,0,1,0,0,1,0,0,0,0,0,1,1,1,0,0,1,0,1,1,0,0,0,0,0,1,1,1,0,1,0,1,1,0,1,0,0,0,0,1,0,1,1,0,0,1,0,1,1,0,0,0,1,1,0,1,1,1,0,0,0,1,1,1,1,1,1,1,1,0,0,0,1,1,1,1,0,0,1,0,1,1,1,1,0,1,1
1,1,1,1,1,1,0,0,0,0,0,0,0,0,0,1,1,1,1,1,1,1,1,1,1,1,1,1,1,1,1,0,0,1,0,0,0,0,1,1,0,1,0,1,1,1,0,1,0,0,0,0,0,1,1,0,0,0,0,1,1,1,0,1,1,1,0,1,0,0,1,1,1,1,0,1,0,0,0,1,1,0,0,1,0,0,0,1,1,1,0,1,0,0,0,0,1,0,0,1,0,1,0,0,1,1,1,1,0,1,1,1,0,0,0,1,1,0,1,0,0,1,0,0,0,0,0,0,0,0,1,1,1,0,0,1,0,0,1,0,0,0,0,1,1,0,0,1,0,0,0,0,0,0,0,1,0,0,0,0,1,0,0,1,0,0,0,0,0,0,1,0,0,0,0,0,1,1,0,0,1,0,0,0,0,0,0,0,0,0,0,0,0,0,0,1,1,0,0,0,0,0,0,0,0,0,0,0,0,0,0,1,0,0,0,0,0,0,0,1,0
0,1,0,0,0,1,1,0,0,0,1,0,1,1,0,1,1,1,1,0,0,1,0,0,0,0,1,0,0,0,1,0,0,0,0,0,0,0,1,1,0,1,0,1,0,0,0,1,1,0,0,1,0,1,1,0,0,1,1,1,0,0,1,0,0,0,0,0,1,0,0,0,0,0,0,1,0,0,0,0,0,0,0,1,0,0,0,0,1,0,1,0,0,0,0,0,1,1,0,0,0,0,0,0,0,0,0,0,0,0,0,1,1,1,1,1,0,1,1,0,0,0,0,1,0,1,0,1,1,0,0,0,0,0,0,1,1,0,0,1,0,0,0,1,0,1,1,1,0,0,0,0,0,1,0,0,0,0,0,1,1,1,0,1,0,1,0,0,1,0,0,0,0,1,0,1,1,1,0,1,1,1,0,0,0,0,1,1,0,1,0,1,0,0,0,1,1,1,1,0,0,1,1,0,0,0,1,1,1,1,0,1,1,0,1,1,1,1,0,1,1
0,1,0,0,0,1,1,0,0,0,1,0,0,1,0,0,0,1,0,0,0,0,0,0,0,0,0,0,0,0,1,0,0,0,1,1,0,0,0,1,0,1,1,1,0,0,0,1,1,0,0,1,0,0,0,0,0,1,1,0,0,0,1,0,0,0,0,0,1,1,0,0,0,0,0,0,0,0,0,0,0,0,0,0,0,0,0,0,1,0,1,0,0,0,0,0,0,1,0,0,0,0,0,0,0,0,0,0,0,0,0,1,1,1,1,0,0,1,1,0,0,0,0,1,0,1,0,1,1,0,0,0,0,0,0,0,1,0,0,1,0,0,0,0,0,1,1,1,0,0,1,0,1,1,1,0,0,0,0,1,1,1,1,1,0,1,0,1,1,0,0,0,0,1,0,1,1,0,0,1,0,1,1,0,0,0,1,1,0,1,1,1,0,0,0,1,1,1,1,0,1,1,0,0,0,1,1,1,1,1,1,0,1,0,1,0,1,1,1,0,1
0,1,0,0,0,1,1,1,0,0,1,0,0,1,0,0,0,1,0,0,0,0,0,0,0,0,0,0,0,0,1,0,0,0,1,1,0,0,0,1,0,1,1,1,0,0,0,1,1,0,0,1,0,0,0,0,0,1,1,0,0,0,1,0,0,0,0,0,1,1,0,0,0,0,0,0,0,0,0,0,0,0,0,0,0,0,0,0,1,0,1,0,0,0,0,0,0,1,0,0,0,0,0,0,0,0,0,0,0,0,0,1,1,1,1,0,0,1,1,0,0,0,0,1,1,1,0,1,1,0,0,0,0,0,0,0,1,0,0,1,0,0,0,0,0,1,1,1,0,0,1,0,1,1,1,0,0,0,0,1,1,1,1,1,0,1,0,1,1,0,0,0,0,1,0,1,1,0,1,1,0,1,1,0,0,0,1,1,0,1,1,1,0,0,0,1,1,1,1,1,1,1,0,0,0,1,1,1,1,1,1,0,1,0,1,0,1,1,1,0,1
0,1,0,0,0,1,1,1,0,0,1,0,0,1,0,0,0,1,0,0,0,0,0,0,0,0,0,0,0,0,1,0,0,0,1,1,0,0,0,1,0,1,1,1,0,0,0,1,1,0,0,1,0,0,0,0,0,1,1,0,0,0,1,0,0,0,0,0,1,1,0,0,0,0,0,0,0,0,0,0,0,0,0,0,0,0,0,0,1,0,1,0,0,0,0,0,0,1,0,0,0,0,0,0,0,0,0,0,0,0,0,1,1,1,1,0,0,1,1,0,0,0,0,1,1,1,0,1,1,0,0,0,0,0,0,0,1,0,0,1,0,0,0,0,0,1,1,1,0,0,1,0,1,1,1,0,0,0,0,1,1,1,1,1,0,1,0,1,1,0,0,0,0,1,0,1,1,0,1,1,0,1,1,0,0,0,1,1,0,1,1,1,0,0,0,1,1,1,1,1,1,1,0,0,0,1,1,1,1,1,1,0,1,0,1,0,1,1,1,0,1
0,1,0,0,0,1,1,1,0,0,1,0,1,1,1,1,1,1,0,0,0,1,0,0,0,0,0,0,0,0,1,0,0,0,1,1,0,1,1,1,0,1,1,1,0,0,0,1,1,0,0,1,0,0,0,0,1,1,1,0,0,0,1,0,0,0,0,0,1,1,0,0,0,0,0,0,0,0,0,0,0,0,0,0,0,0,0,0,1,0,1,0,0,0,0,0,0,1,0,0,0,0,0,0,0,0,0,0,0,0,0,1,1,1,1,0,0,1,1,0,0,0,0,1,1,1,0,1,1,0,0,0,0,0,0,0,1,0,0,1,0,0,0,0,0,1,1,1,0,0,0,0,1,1,0,0,0,0,0,1,1,1,0,1,0,1,1,0,1,0,0,0,0,1,0,1,1,0,1,1,0,1,0,0,0,0,1,1,0,1,1,1,0,0,0,1,1,1,1,1,1,1,1,0,0,1,1,1,1,1,0,0,1,0,1,0,1,1,0,0,1
0,1,0,0,0,1,1,1,0,0,1,0,1,1,1,1,1,1,0,0,0,1,0,0,0,0,0,0,0,0,1,0,0,0,1,0,1,1,1,1,0,1,1,1,0,0,0,1,1,0,0,0,0,0,0,0,1,1,1,0,0,0,1,0,0,0,0,0,1,1,0,0,0,0,0,0,0,0,0,0,0,0,0,0,0,0,0,0,1,0,1,0,0,0,0,0,0,1,0,0,0,0,0,0,0,0,0,0,0,0,0,1,1,1,1,0,0,1,1,0,0,0,0,1,0,1,0,1,1,0,0,0,0,0,0,0,1,0,0,1,0,0,0,0,0,1,1,1,0,0,0,0,1,1,0,0,0,0,0,1,1,1,0,1,0,1,1,0,1,0,0,0,0,1,0,1,1,0,0,1,0,1,1,0,0,0,1,1,0,1,1,1,0,0,0,1,1,1,1,1,1,1,1,0,0,0,1,1,1,1,0,0,1,0,1,1,1,1,0,1,1
0,1,0,0,0,1,1,1,0,0,1,0,1,1,1,0,0,1,0,0,0,0,0,0,0,0,0,0,0,0,1,0,0,0,1,0,0,1,1,1,0,1,1,1,0,0,0,1,1,0,0,1,0,0,0,0,1,1,1,0,0,0,1,0,0,0,0,0,1,1,0,1,0,0,0,0,0,0,1,0,1,0,0,0,0,0,1,0,1,0,1,0,0,0,0,1,0,1,0,0,0,0,0,0,0,0,0,1,0,0,0,1,1,1,1,0,0,1,0,0,1,0,0,1,1,1,0,1,1,1,0,0,1,0,1,0,1,0,0,1,0,1,0,0,0,1,1,1,0,0,1,1,1,1,0,0,0,1,1,1,0,1,0,0,0,1,1,1,1,1,0,0,0,1,0,1,1,0,1,1,0,1,1,1,0,0,1,1,1,1,1,1,1,1,1,1,1,1,1,1,1,1,1,1,1,0,1,1,1,1,1,0,1,0,1,1,1,1,1,1,1
0,1,0,0,0,1,1,1,0,0,1,0,1,1,1,0,0,1,0,0,0,0,0,0,0,0,0,0,0,0,1,0,0,0,1,0,0,1,1,1,0,1,1,1,0,0,0,1,1,0,0,1,0,0,0,0,1,1,1,0,0,0,1,0,0,0,0,0,1,1,0,1,0,0,0,0,0,0,1,0,1,0,0,0,0,0,1,0,1,0,1,0,0,0,0,1,0,1,0,0,0,0,0,0,0,0,0,1,0,0,0,1,1,1,1,0,0,1,0,0,1,0,0,1,1,1,0,1,1,0,0,0,1,0,0,0,1,0,0,1,0,1,0,0,0,1,1,1,0,0,1,1,1,1,0,0,0,1,0,1,0,1,0,0,0,1,1,1,1,0,0,0,0,1,0,1,1,0,1,1,0,1,1,1,1,0,1,1,1,1,1,1,1,1,1,1,1,1,1,1,1,1,1,1,1,0,1,1,1,1,0,0,1,0,1,1,1,1,0,1,1
0,0,0,0,0,1,1,0,0,0,1,0,0,1,0,0,0,1,0,0,0,0,0,0,0,0,0,0,0,0,1,0,0,1,1,1,0,0,0,1,0,1,1,1,0,0,0,1,1,0,0,0,0,0,0,0,0,1,1,0,0,0,0,1,1,0,0,0,1,1,0,0,0,0,0,0,0,0,0,0,0,0,0,0,0,0,0,0,1,0,1,0,0,0,0,0,0,1,0,0,0,0,0,0,0,1,0,0,0,0,0,1,1,1,1,0,0,1,1,0,0,0,0,1,0,1,0,1,1,0,0,0,0,0,0,0,1,0,0,1,0,0,0,0,0,1,1,1,0,0,1,0,1,1,1,0,0,0,0,1,1,1,1,1,0,1,0,1,1,0,1,0,0,1,0,1,1,0,0,1,0,1,1,0,0,0,1,1,0,1,1,1,0,0,0,1,1,1,1,0,1,1,0,0,0,1,1,1,1,1,1,0,1,0,1,0,1,1,1,0,1
0,1,0,0,0,1,1,0,0,0,1,0,1,1,1,1,1,1,1,0,0,1,0,0,0,1,1,0,1,0,1,0,0,0,0,0,0,0,1,1,0,1,0,1,1,1,0,1,1,1,1,0,0,1,1,0,1,1,1,1,1,1,1,0,0,1,1,1,1,0,1,0,1,0,1,1,0,0,0,1,0,1,1,1,0,0,0,1,1,1,1,1,0,0,1,0,1,1,0,0,0,1,0,1,1,0,1,0,0,1,0,1,1,1,1,1,0,1,1,0,0,1,0,1,0,1,0,1,1,0,1,1,0,0,0,1,1,0,0,1,0,0,0,1,0,1,1,1,0,0,0,0,0,1,0,0,0,0,0,1,1,1,0,1,0,1,0,0,1,0,0,0,0,1,0,1,1,1,0,1,1,1,0,0,0,0,1,1,0,1,0,1,0,0,0,1,1,1,1,0,0,1,1,0,0,0,1,1,1,1,0,1,1,0,1,1,1,1,0,1,1
0,1,0,0,0,1,0,0,0,0,0,0,0,0,0,0,0,1,1,0,0,0,0,0,0,0,1,0,0,0,1,0,0,1,0,0,0,0,0,1,0,1,1,1,0,0,0,1,1,0,0,1,0,0,0,0,0,1,1,0,0,0,0,1,1,0,0,0,1,0,0,0,0,0,0,0,0,0,0,0,0,0,0,0,0,0,0,0,0,0,1,0,0,0,0,0,0,1,0,0,0,0,0,0,0,1,0,0,0,0,0,1,1,1,0,0,0,1,0,0,0,0,0,1,0,0,0,1,1,0,0,0,0,0,0,0,1,0,0,1,0,0,0,0,0,1,1,0,0,0,1,0,0,1,1,0,0,0,0,1,0,0,1,0,0,1,1,0,1,0,1,0,0,1,0,1,0,0,0,0,0,1,0,0,0,0,1,0,0,1,0,0,0,0,0,1,0,1,0,0,0,0,0,0,0,0,0,1,0,0,0,0,0,0,1,0,0,0,0,0,0
0,1,0,1,0,1,1,0,0,0,1,1,0,0,0,0,0,0,0,0,0,0,0,0,0,0,0,0,0,0,1,0,0,1,0,0,0,1,1,1,0,1,0,1,0,0,0,1,0,0,0,1,0,0,0,0,1,1,1,0,0,0,1,1,1,0,0,0,1,0,0,1,0,0,0,0,0,0,0,0,0,0,0,0,0,1,1,0,1,0,1,0,0,0,0,0,0,1,0,0,0,0,0,0,0,1,0,0,0,0,0,1,1,1,0,0,0,1,1,0,0,0,0,1,0,0,0,1,1,0,0,0,0,0,0,0,1,0,0,1,0,0,0,0,0,1,1,1,0,1,0,0,0,1,0,0,1,0,0,1,1,0,0,1,0,1,0,0,1,0,1,1,1,1,0,1,1,0,0,0,0,1,0,0,0,0,1,1,0,1,0,0,0,0,0,1,0,1,1,0,0,0,0,0,0,0,1,1,1,1,0,0,0,0,1,0,1,1,0,0,0
1,1,0,1,0,1,0,0,0,0,0,0,0,0,0,1,1,1,1,1,1,1,1,1,1,1,1,0,1,0,1,0,0,1,0,0,0,0,1,1,0,1,1,1,1,1,0,1,1,0,0,0,0,1,1,0,0,1,1,1,1,1,1,1,1,1,0,1,1,0,1,0,1,0,0,1,0,0,0,1,0,0,0,1,0,0,0,1,1,1,1,1,0,0,0,0,1,1,0,1,0,1,0,0,1,1,1,0,0,1,1,1,1,1,0,1,1,1,1,0,0,1,0,1,0,0,0,1,1,0,1,1,0,0,0,1,1,0,1,1,0,0,0,1,1,1,1,1,0,0,1,0,0,1,1,1,0,0,0,1,1,0,1,1,0,1,1,0,1,0,1,0,0,1,0,1,1,1,0,0,1,1,0,0,0,0,1,0,0,1,0,0,0,0,0,1,1,0,0,0,0,0,0,0,0,0,0,1,0,0,0,1,0,0,1,0,0,0,0,1,0
0,1,0,1,0,1,1,0,0,1,1,1,0,0,0,0,0,0,0,0,0,0,0,0,0,0,0,0,0,0,1,0,1,1,0,0,0,1,1,1,1,1,0,1,0,0,1,1,0,0,0,1,0,0,0,0,1,1,1,0,0,0,1,1,1,0,0,0,1,0,0,1,0,0,0,0,0,0,0,0,0,0,0,0,0,1,1,0,1,0,1,0,0,0,0,0,0,1,1,0,1,0,0,0,0,1,0,0,0,0,0,1,1,1,0,0,0,1,1,1,0,0,0,1,0,0,0,1,1,0,0,0,0,0,0,0,1,1,0,1,0,0,1,0,0,1,1,1,0,1,0,0,0,1,0,0,1,0,0,1,1,0,0,1,0,1,0,0,1,0,1,1,1,1,0,1,1,0,0,0,0,1,0,0,0,0,1,1,0,1,0,0,0,0,0,1,0,1,1,0,0,0,0,0,0,0,1,1,1,1,0,0,0,0,1,0,1,1,0,0,0
0,1,0,0,0,1,1,0,0,1,0,0,0,0,0,0,1,1,1,0,0,1,0,0,0,1,1,0,1,0,1,0,1,0,0,0,0,0,0,1,1,0,1,1,0,0,1,0,1,0,0,1,0,0,0,0,1,1,1,0,0,0,0,0,0,0,0,0,1,0,0,1,0,1,0,0,0,0,1,0,1,0,0,0,0,0,1,0,0,0,1,0,0,0,0,1,0,1,1,0,1,0,0,0,0,0,0,1,0,0,0,0,1,1,0,0,0,1,0,1,1,0,0,1,0,0,0,1,1,1,0,0,1,0,1,0,1,1,0,1,0,1,1,0,0,1,1,0,0,0,1,0,0,1,1,0,1,1,1,1,0,0,1,0,0,1,0,1,1,1,0,0,0,1,0,1,0,0,0,0,0,1,0,1,1,0,1,0,1,1,1,0,1,1,0,1,1,1,1,1,1,0,0,1,1,0,1,1,0,0,1,0,0,0,1,0,0,0,1,0,0
1,1,1,1,1,1,0,0,0,0,0,0,0,0,0,1,1,1,1,0,0,1,1,1,1,1,1,0,1,1,1,0,0,1,0,0,0,0,1,1,0,1,0,1,1,1,0,1,1,0,0,1,0,1,1,0,0,1,1,1,1,1,1,1,1,1,1,1,1,0,1,0,1,0,0,1,0,0,0,1,0,0,0,1,0,0,0,1,1,1,1,1,0,0,0,0,1,1,0,1,0,1,0,1,1,1,1,0,0,1,1,1,1,1,0,1,1,1,1,0,0,1,0,1,0,0,0,1,1,0,1,1,0,0,0,1,1,0,1,1,0,0,0,1,1,1,1,1,0,0,0,0,0,1,0,1,0,0,0,1,1,0,0,1,0,1,1,0,1,0,1,0,0,1,0,1,1,1,0,0,1,1,0,0,0,0,1,0,0,1,0,0,0,0,0,1,1,1,0,0,0,0,0,0,0,0,1,0,0,1,1,1,0,0,0,0,0,1,1,1,0
1,1,1,1,1,1,1,1,0,0,0,0,0,0,0,0,0,1,1,0,0,1,1,1,0,0,1,0,1,1,1,0,0,1,0,0,0,0,1,1,0,1,0,1,0,0,0,1,1,0,0,1,0,1,1,0,0,1,1,1,0,0,1,1,1,0,0,0,1,0,0,1,0,0,0,1,0,1,0,0,1,0,0,1,0,1,0,0,1,0,1,0,0,0,0,0,1,1,0,1,0,0,0,0,0,0,0,1,0,0,0,1,1,1,0,1,1,1,1,0,0,0,0,1,0,0,0,1,1,0,0,0,1,0,0,1,1,0,0,1,0,0,0,1,0,1,1,1,0,0,0,0,0,1,0,0,0,0,0,1,1,0,0,1,0,1,1,0,1,0,1,1,0,1,0,1,1,1,0,0,1,1,0,0,0,0,1,0,1,1,0,0,1,0,0,1,1,1,0,0,0,0,0,0,0,0,1,0,0,0,1,0,0,0,0,0,0,0,1,0,0
1,1,1,1,1,1,1,1,0,0,0,0,0,0,0,1,1,1,1,1,1,1,0,1,0,0,1,0,0,0,1,0,0,0,0,0,1,0,0,1,0,1,0,1,0,0,0,1,1,0,0,1,0,0,0,0,0,1,1,0,0,0,1,0,0,0,0,0,1,0,0,1,0,0,0,0,0,1,0,0,1,0,0,0,0,1,0,0,1,0,1,0,0,0,0,0,0,1,0,0,0,0,0,0,0,0,0,1,0,0,0,1,1,1,0,0,0,1,1,0,0,0,0,1,0,0,0,1,1,0,0,0,1,0,0,0,1,0,0,1,0,0,0,0,0,1,1,1,0,0,0,0,0,1,0,0,0,0,0,1,1,0,0,1,0,1,1,0,1,0,0,1,1,1,0,1,1,0,0,0,0,1,0,0,0,0,1,0,1,1,0,0,1,0,0,0,0,1,0,0,0,0,0,0,0,0,1,0,0,0,1,0,0,0,0,0,0,0,1,0,0
1,1,1,1,1,1,1,1,0,0,0,0,0,0,0,0,0,1,1,0,0,1,0,0,0,0,1,0,0,0,1,0,0,1,0,0,0,0,1,1,0,1,0,1,0,0,0,1,1,0,0,1,0,0,0,0,0,1,1,0,0,0,1,1,1,0,0,0,1,0,0,1,0,1,0,1,0,0,0,0,1,0,0,1,0,0,0,0,1,0,1,0,0,0,0,0,0,1,0,1,0,0,0,0,0,1,0,0,1,0,0,1,1,1,0,0,0,1,1,0,1,0,0,1,0,0,0,1,1,0,0,0,0,0,0,0,1,0,0,1,0,0,0,0,0,1,1,1,0,0,0,0,0,1,0,0,0,0,0,1,1,0,0,1,0,1,1,0,1,0,1,0,0,1,0,1,1,0,0,0,0,1,0,1,1,0,1,0,0,1,0,0,0,0,0,0,0,1,0,0,0,0,0,0,0,0,0,0,0,0,1,0,0,0,0,0,0,0,1,0,0
0,1,0,1,0,1,0,0,0,1,0,0,0,0,0,1,1,1,1,0,0,1,0,0,0,1,1,0,1,0,1,0,1,0,0,0,0,0,0,0,1,1,1,1,0,1,1,1,1,1,1,0,0,1,0,0,0,0,0,0,0,1,1,0,0,1,1,1,0,0,1,0,0,0,1,0,0,0,0,1,0,1,1,1,0,0,0,1,1,1,0,1,0,0,1,0,1,0,1,1,1,1,0,1,1,0,1,0,0,1,1,1,0,0,0,1,1,1,1,1,0,1,0,0,0,0,0,1,1,0,1,1,0,0,0,1,0,1,0,0,0,0,1,1,0,0,0,1,0,0,0,0,0,1,0,0,0,0,0,0,1,0,0,1,0,1,0,0,1,0,0,0,0,0,0,1,1,1,0,0,1,0,0,0,0,0,1,0,0,1,0,0,0,0,0,1,0,1,0,0,0,0,0,0,0,0,0,0,0,0,0,0,0,0,0,0,0,0,0,0,0
0,1,0,1,1,1,1,0,0,1,0,0,0,0,0,1,1,1,1,1,1,1,0,1,0,1,1,1,1,1,1,0,1,0,0,0,0,0,0,0,1,1,1,1,0,1,1,1,1,1,1,0,0,1,0,0,0,0,0,0,0,1,1,0,0,1,1,1,0,0,1,0,0,0,1,0,0,0,0,1,0,1,1,1,0,0,0,1,1,1,0,1,0,0,1,0,1,0,1,1,1,1,0,1,1,0,1,0,0,1,1,1,0,0,0,1,1,1,1,1,0,1,0,0,0,0,0,1,1,0,1,1,0,0,0,1,0,1,1,0,0,0,1,1,0,0,0,1,0,0,0,0,0,1,0,0,0,0,0,0,1,0,0,1,0,1,0,0,1,0,0,0,0,0,0,1,1,1,0,0,1,0,0,0,0,0,1,0,0,1,0,0,0,0,0,0,0,1,0,0,0,0,0,0,0,0,0,0,0,0,0,0,0,0,0,0,0,0,0,0,0
1,1,1,1,0,1,1,1,0,1,0,0,0,0,0,0,1,1,1,0,0,1,1,1,1,1,1,0,1,1,1,0,1,1,0,0,0,0,0,1,1,1,1,1,0,0,1,1,1,0,0,1,0,0,0,0,1,1,1,0,0,0,1,1,1,0,0,0,1,0,0,1,0,1,0,0,0,1,1,0,1,0,0,0,0,1,1,0,1,0,1,0,0,0,0,1,0,1,1,0,1,0,0,0,0,1,0,1,0,0,0,1,1,1,0,0,0,1,1,1,1,0,0,1,1,0,0,1,1,1,0,0,1,0,1,0,1,1,0,1,0,1,1,0,0,1,1,1,0,0,1,1,0,1,1,0,1,1,1,1,1,0,1,1,0,1,0,1,1,1,1,1,1,1,0,1,1,0,1,0,0,1,0,1,1,0,1,0,1,1,1,0,1,1,0,1,1,1,1,1,1,0,0,1,1,0,1,1,0,0,1,0,0,1,1,0,0,0,1,0,0
1,1,1,1,0,1,1,1,0,0,0,0,0,0,0,0,1,1,1,0,0,1,1,1,1,1,1,0,1,1,1,0,0,1,0,0,0,0,0,1,0,1,1,1,0,0,0,1,1,0,0,1,0,0,0,0,1,1,1,0,0,0,1,1,1,0,0,0,1,0,0,1,0,1,0,0,0,1,1,0,1,0,0,0,0,1,1,0,1,0,1,0,0,0,0,1,0,1,0,0,0,0,0,0,0,1,0,1,0,0,0,1,1,1,0,0,0,1,1,0,1,0,0,1,1,0,0,1,1,1,0,0,1,0,1,0,1,0,0,1,0,1,0,0,0,1,1,1,0,0,1,1,0,1,1,0,1,1,1,1,1,0,1,1,0,1,0,1,1,1,1,1,1,1,0,1,1,0,1,0,0,1,0,1,1,0,1,0,1,1,1,0,1,1,0,1,1,1,1,1,1,0,0,1,1,0,1,1,0,0,1,0,0,1,1,0,0,0,1,0,0
1,1,1,1,0,1,1,1,0,0,0,0,0,0,0,0,1,1,1,0,0,1,1,1,1,1,1,0,1,1,1,0,0,1,0,0,0,0,0,1,0,1,1,1,0,0,0,1,1,0,0,1,0,0,0,0,1,1,1,0,0,0,1,1,1,0,0,0,1,0,0,1,0,1,0,0,0,1,1,0,1,0,0,0,0,1,1,0,1,0,1,0,0,0,0,1,0,1,0,0,0,0,0,0,0,1,0,1,0,0,0,1,1,1,0,0,0,1,1,0,1,0,0,1,1,0,0,1,1,1,0,0,1,0,1,0,1,0,0,1,0,1,0,0,0,1,1,1,0,0,1,1,0,1,1,0,1,1,1,1,1,0,1,1,0,1,0,1,1,1,1,1,1,1,0,1,1,0,1,0,0,1,0,1,1,0,1,0,1,1,1,0,1,1,0,1,1,1,1,1,1,0,0,1,1,0,1,1,0,0,1,0,0,1,1,0,0,0,1,0,0
1,1,1,1,0,1,1,1,0,0,0,0,0,0,0,0,1,1,1,0,0,1,1,1,1,1,1,0,1,1,1,0,0,1,0,0,0,0,0,1,0,1,1,1,0,0,0,1,1,0,0,1,0,0,0,0,1,1,1,0,0,0,1,1,1,0,0,0,1,0,0,1,0,1,0,0,0,1,1,0,1,0,0,0,0,1,1,0,1,0,1,0,0,0,0,1,0,1,0,0,0,0,0,0,0,1,0,1,0,0,0,1,1,1,0,0,0,1,1,0,1,0,0,1,1,0,0,1,1,1,0,0,1,0,1,0,1,0,0,1,0,1,0,0,0,1,1,1,0,0,1,1,0,1,1,0,1,1,1,1,1,0,1,1,0,1,0,1,1,1,1,1,1,1,0,1,1,0,1,0,0,1,0,1,1,0,1,0,1,1,1,0,1,1,0,1,1,1,1,1,1,0,0,1,1,0,1,1,0,0,1,0,0,1,1,0,0,0,1,0,0
1,1,1,1,0,1,1,1,0,1,0,0,0,0,0,0,1,1,1,0,0,1,1,1,1,1,1,0,1,1,1,0,1,1,0,0,0,0,0,1,1,1,1,1,0,0,1,1,1,0,0,1,0,0,0,0,1,1,1,0,0,0,1,1,1,0,0,0,1,0,0,1,0,1,0,0,0,1,1,0,1,0,0,0,0,1,1,0,1,0,1,0,0,0,0,1,0,1,1,0,1,0,0,0,0,1,0,1,0,0,0,1,1,1,0,0,0,1,1,1,1,0,0,1,1,0,0,1,1,0,0,0,1,0,0,0,1,1,0,1,0,1,1,0,0,1,1,1,0,0,1,1,0,1,1,0,1,1,0,1,1,0,1,1,0,1,0,0,1,0,1,1,1,1,0,1,1,0,1,0,0,1,0,1,1,0,1,0,1,1,0,0,1,1,0,1,1,1,1,0,0,0,0,1,1,0,1,0,1,0,1,0,0,1,0,0,1,0,1,0,0
1,1,1,1,0,1,1,1,0,0,0,0,0,0,0,0,1,1,1,0,0,1,1,1,1,1,1,0,1,1,1,0,0,1,0,0,0,0,0,1,0,1,1,1,0,0,0,1,1,0,0,1,0,0,0,0,1,1,1,0,0,0,1,1,1,0,0,0,1,0,0,1,0,1,0,0,0,1,1,0,1,0,0,0,0,1,1,0,1,0,1,0,0,0,0,1,0,1,0,0,0,0,0,0,0,1,0,1,0,0,0,1,1,1,0,0,0,1,1,0,1,0,0,1,1,0,0,1,1,0,0,0,1,0,0,0,1,0,0,1,0,1,0,0,0,1,1,1,0,0,1,1,0,1,1,0,1,1,0,1,1,0,1,1,0,1,0,0,1,0,1,1,1,1,0,1,1,0,1,0,0,1,0,1,1,0,1,0,1,1,0,0,1,1,0,1,1,1,1,0,0,0,0,1,1,0,1,0,1,0,1,0,0,1,0,0,1,0,1,0,0
1,1,1,1,0,1,1,1,0,0,0,0,0,0,0,0,1,1,1,0,0,1,1,1,1,1,1,0,1,1,1,0,0,1,0,0,0,0,0,1,0,1,1,1,0,0,0,1,1,0,0,1,0,0,0,0,1,1,1,0,0,0,1,1,1,0,0,0,1,0,0,1,0,1,0,0,0,1,1,0,1,0,0,0,0,1,1,0,1,0,1,0,0,0,0,1,0,1,0,0,0,0,0,0,0,1,0,1,0,0,0,1,1,1,0,0,0,1,1,0,1,0,0,1,1,0,0,1,1,0,0,0,1,0,0,0,1,0,0,1,0,1,0,0,0,1,1,1,0,0,1,1,0,1,1,0,1,1,0,1,1,0,1,1,0,1,0,0,1,0,1,1,1,1,0,1,1,0,1,0,0,1,0,1,1,0,1,0,1,1,0,0,1,1,0,1,1,1,1,0,0,0,0,1,1,0,1,0,1,0,1,0,0,1,0,0,1,0,1,0,0
0,1,0,1,1,1,1,1,0,0,0,0,0,0,0,1,1,1,1,0,0,1,0,0,0,1,1,0,0,0,1,0,0,1,0,0,0,0,1,0,0,1,1,1,1,1,0,1,1,0,0,0,0,1,1,0,0,0,0,1,1,1,0,1,1,1,0,1,0,0,1,1,1,0,0,1,0,1,0,1,1,0,0,1,0,1,0,1,1,1,0,1,0,0,0,0,1,0,0,1,0,1,0,0,1,1,1,0,0,1,1,1,0,0,0,1,1,0,1,0,0,1,0,0,1,0,0,0,0,0,1,1,0,0,0,1,0,0,1,0,0,0,0,1,1,0,0,1,0,0,0,0,0,0,0,1,0,0,0,0,1,0,0,1,0,0,0,0,0,0,1,1,1,0,0,0,1,1,1,0,1,0,0,0,0,0,0,0,0,0,0,0,0,0,0,1,1,0,0,0,0,0,0,0,0,0,0,0,0,0,0,1,0,0,0,0,0,0,0,1,0
1,1,1,1,0,1,1,1,0,0,0,0,0,0,0,0,1,1,1,0,0,1,1,1,1,1,1,0,1,1,1,0,0,1,0,0,0,0,0,1,0,1,1,1,0,0,0,1,1,0,0,1,0,0,0,0,1,1,1,0,0,0,1,1,1,0,0,0,1,0,0,1,0,1,0,0,0,1,1,0,1,0,0,0,0,1,1,0,1,0,1,0,0,0,0,1,0,1,0,0,0,0,0,0,0,1,0,1,0,0,0,1,1,1,0,0,0,1,1,0,1,0,0,1,1,0,0,1,1,0,0,0,1,0,0,0,1,0,0,1,0,1,0,0,0,1,1,1,0,0,1,1,0,1,1,0,1,1,0,1,1,0,1,1,0,1,0,0,1,0,1,1,1,1,0,1,1,0,1,0,0,1,0,1,1,0,1,0,1,1,0,0,1,1,0,1,1,1,1,0,0,0,0,1,1,0,1,0,1,0,1,0,0,1,0,0,1,0,1,0,0
0,1,0,1,0,1,0,0,0,0,0,0,0,0,0,1,1,1,1,0,0,1,0,0,0,1,1,0,0,0,1,0,0,1,0,1,0,0,1,0,0,1,0,1,1,1,0,1,0,0,0,1,0,1,1,0,0,0,0,1,1,1,0,1,1,1,0,1,0,0,1,1,1,0,0,1,0,1,0,1,1,0,0,1,0,1,0,1,1,1,0,1,0,0,0,0,1,0,0,1,0,1,0,0,1,1,1,1,0,1,1,1,0,0,0,1,1,0,1,0,0,1,0,0,0,0,0,0,0,0,1,1,0,0,0,1,0,0,1,0,0,0,0,1,1,0,0,1,0,0,0,0,0,0,0,1,0,0,0,0,1,0,0,1,0,0,0,0,0,0,1,1,1,0,0,0,1,1,0,0,1,0,0,0,0,0,0,0,0,0,0,0,0,0,0,1,1,0,0,0,0,0,0,0,0,0,0,0,0,0,0,1,0,0,0,0,0,0,0,1,0
0,1,0,1,1,1,1,1,0,0,0,0,0,0,0,1,1,1,1,0,0,1,0,0,0,1,1,0,0,0,1,0,0,1,0,1,0,0,1,0,0,1,1,1,1,1,0,1,1,0,0,1,0,1,1,0,0,0,0,1,1,1,0,1,1,1,0,1,0,0,1,1,1,0,0,1,0,1,0,1,1,0,0,1,0,1,0,1,1,1,0,1,0,0,0,0,1,0,0,1,0,1,0,0,1,1,1,1,0,1,1,1,0,0,0,1,1,0,1,0,0,1,0,0,0,0,0,0,0,0,1,1,0,0,1,1,0,0,1,0,0,0,0,1,1,0,0,1,0,0,0,0,0,0,0,1,0,0,0,0,1,0,0,1,0,0,1,0,0,1,1,1,1,0,0,0,1,1,0,0,1,0,0,0,0,0,0,0,0,0,0,0,0,0,0,1,1,0,0,0,0,0,0,0,0,0,0,0,0,0,0,1,0,0,0,0,0,0,0,1,0
0,1,0,1,1,1,1,1,0,0,0,0,0,0,0,1,1,1,1,0,0,1,0,0,0,1,1,0,0,0,1,0,0,1,0,1,0,0,1,0,0,1,1,1,1,1,0,1,1,0,0,1,0,1,1,0,0,0,0,1,1,1,0,1,1,1,0,1,0,0,1,1,1,0,0,1,0,1,0,1,1,0,0,1,0,1,0,1,1,1,0,1,0,0,0,0,1,0,0,1,0,1,0,0,1,1,1,1,0,1,1,1,0,0,0,1,1,0,1,0,0,1,0,0,0,0,0,0,0,0,1,1,0,0,1,1,0,0,1,0,0,0,0,1,1,0,0,1,0,0,0,0,0,0,0,1,0,0,0,0,1,0,0,1,0,0,1,0,0,1,1,1,1,0,0,0,1,1,0,0,1,0,0,0,0,0,0,0,0,0,0,0,0,0,0,1,1,0,0,0,0,0,0,0,0,0,0,0,0,0,0,1,0,0,0,0,0,0,0,1,0
1,1,0,1,1,1,1,0,0,0,1,0,1,1,0,1,1,1,1,0,0,1,0,0,0,1,1,0,0,0,1,0,0,1,0,0,0,0,1,0,0,1,1,1,1,1,0,1,1,0,0,0,0,1,1,0,0,0,0,1,1,1,0,1,1,1,0,1,0,0,1,1,1,0,0,1,0,1,0,1,1,0,0,1,0,1,0,1,1,1,0,1,0,0,0,0,1,0,0,1,0,1,0,0,1,1,1,0,0,1,1,1,0,0,0,1,1,0,1,0,0,1,0,0,1,0,0,0,0,0,1,1,0,0,0,1,0,0,1,0,0,0,0,1,1,0,0,1,0,0,0,0,0,0,0,1,0,0,0,0,1,0,0,1,0,0,0,0,0,0,1,1,1,0,0,0,1,1,1,0,1,0,0,0,0,0,0,0,0,0,0,0,0,0,0,1,1,0,0,0,0,0,0,0,0,0,0,0,0,0,0,1,0,0,0,0,0,0,0,1,0
0,1,0,1,1,1,1,0,0,0,1,0,1,1,0,1,1,1,1,0,0,1,0,0,0,1,1,0,0,0,1,0,0,1,0,0,0,0,1,0,0,1,1,1,1,1,0,1,1,0,0,0,0,1,1,0,0,0,0,1,1,1,0,1,1,1,0,1,0,0,1,1,1,0,0,1,0,1,0,1,1,0,0,1,0,1,0,1,1,1,0,1,0,0,0,0,1,0,0,1,0,1,0,0,1,1,1,0,0,1,1,1,0,0,0,1,1,0,1,0,0,1,0,0,1,0,0,0,0,0,1,1,0,0,0,1,0,0,1,0,0,0,0,1,1,0,0,1,0,0,0,0,0,0,0,1,0,0,0,0,1,0,0,1,0,0,0,0,0,0,1,1,1,0,0,0,1,1,1,0,1,0,0,0,0,0,0,0,0,0,0,0,0,0,0,1,1,0,0,0,0,0,0,0,0,0,0,0,0,0,0,1,0,0,0,0,0,0,0,1,0
1,1,0,1,1,1,1,0,0,0,0,0,0,0,0,1,1,1,1,0,0,1,0,0,0,1,1,0,0,0,1,0,0,1,0,0,0,0,1,0,0,1,1,1,1,1,0,1,1,0,0,0,0,1,1,0,0,0,0,1,1,1,0,1,1,1,0,1,0,0,1,0,1,0,0,1,0,0,0,1,0,0,0,1,0,0,0,1,1,1,0,1,0,0,0,0,1,0,0,1,0,1,0,0,1,1,1,0,0,1,1,1,0,0,0,1,1,0,1,0,0,1,0,0,0,0,0,0,0,0,1,1,0,0,0,1,0,0,1,0,0,0,0,1,1,0,0,1,0,0,0,0,0,0,0,1,0,0,0,0,1,0,0,1,0,1,0,0,0,0,1,0,0,0,0,0,1,1,0,0,1,0,0,0,0,0,1,0,0,1,0,0,0,0,0,1,1,0,0,0,0,0,0,0,0,0,0,0,0,0,0,1,0,0,0,0,0,0,0,1,0
0,1,0,1,1,1,1,0,0,0,0,0,0,0,0,1,1,1,1,0,0,1,0,0,0,1,1,0,0,0,1,0,0,1,0,0,0,0,1,0,0,1,1,1,1,1,0,1,1,0,0,0,0,1,1,0,0,0,0,1,1,1,0,1,1,1,0,1,0,0,1,0,1,0,0,1,0,0,0,1,0,0,0,1,0,0,0,1,1,1,0,1,0,0,0,0,1,0,0,1,0,1,0,0,1,1,1,0,0,1,1,1,0,0,0,1,1,0,1,0,0,1,0,0,0,0,0,0,0,0,1,1,0,0,0,1,0,0,1,0,0,0,0,1,1,0,0,1,0,0,0,0,0,0,0,1,0,0,0,0,1,0,0,1,0,0,1,0,0,0,1,0,0,0,0,0,1,1,0,0,1,0,0,0,0,0,0,0,0,0,0,0,0,0,0,1,1,0,0,0,0,0,0,0,0,0,0,0,0,0,0,1,0,0,0,0,0,0,0,1,0
0,1,0,1,1,1,1,0,0,0,0,0,0,0,0,1,1,1,1,0,0,1,0,0,0,1,1,0,0,0,1,0,0,1,0,0,0,0,1,0,0,1,1,1,1,1,0,1,1,0,0,0,0,1,1,0,0,0,0,1,1,1,0,1,1,1,0,1,0,0,1,0,1,0,0,1,0,0,0,1,0,0,0,1,0,0,0,1,1,1,0,1,0,0,0,0,1,0,0,1,0,1,0,0,1,1,1,0,0,1,1,1,0,0,0,1,1,0,1,0,0,1,0,0,1,0,0,0,0,0,1,1,0,0,0,1,0,0,1,0,0,0,0,1,1,0,0,1,0,0,0,0,0,0,0,1,0,0,0,0,1,0,0,1,0,0,0,0,0,0,1,0,0,0,0,0,1,1,1,0,1,0,0,0,0,0,0,0,0,0,0,0,0,0,0,1,1,0,0,0,0,0,0,0,0,0,0,0,0,0,0,1,0,0,0,0,0,0,0,1,0
1,1,0,1,1,1,1,0,0,0,0,0,0,0,0,1,1,1,1,0,0,1,0,0,0,1,1,0,0,0,1,0,0,1,0,0,0,0,1,0,0,1,1,1,1,1,0,1,1,0,0,0,0,1,1,0,0,0,0,1,1,1,0,1,1,1,0,1,0,0,1,0,1,0,0,1,0,0,0,1,0,0,0,1,0,0,0,1,1,1,0,1,0,0,0,0,1,0,0,1,0,1,0,0,1,1,1,0,0,1,1,1,0,0,0,1,1,0,1,0,0,1,0,0,0,0,0,0,0,0,1,1,0,0,0,1,0,0,1,0,0,0,0,1,1,0,0,1,0,0,0,0,0,0,0,1,0,0,0,0,1,0,0,1,0,1,0,0,0,0,1,0,0,0,0,0,1,1,0,0,1,0,0,0,0,0,1,0,0,1,0,0,0,0,0,1,1,0,0,0,0,0,0,0,0,0,0,0,0,0,0,1,0,0,0,0,0,0,0,1,0
0,1,0,1,1,1,1,0,0,0,0,0,0,0,0,1,1,1,1,0,0,1,0,0,0,1,1,0,0,0,1,0,0,1,0,0,0,0,1,0,0,1,1,1,1,1,0,1,1,0,0,0,0,1,1,0,0,0,0,1,1,1,0,1,1,1,0,1,0,0,1,0,1,0,0,1,0,0,0,1,0,0,0,1,0,0,0,1,1,1,0,1,0,0,0,0,1,0,0,1,0,1,0,0,1,1,1,0,0,1,1,1,0,0,0,1,1,0,1,0,0,1,0,0,0,0,0,0,0,0,1,1,0,0,0,1,0,0,1,0,0,0,0,1,1,0,0,1,0,0,0,0,0,0,0,1,0,0,0,0,1,0,0,1,0,0,1,0,0,0,1,0,0,0,0,0,1,1,0,0,1,0,0,0,0,0,0,0,0,0,0,0,0,0,0,1,1,0,0,0,0,0,0,0,0,0,0,0,0,0,0,1,0,0,0,0,0,0,0,1,0
0,1,0,1,1,1,1,0,0,0,0,0,0,0,0,1,1,1,1,0,0,1,0,0,0,1,1,0,0,0,1,0,0,1,0,0,0,0,1,0,0,1,1,1,1,1,0,1,1,0,0,0,0,1,1,0,0,0,0,1,1,1,0,1,1,1,0,1,0,0,1,0,1,0,0,1,0,0,0,1,0,0,0,1,0,0,0,1,1,1,0,1,0,0,0,0,1,0,0,1,0,1,0,0,1,1,1,0,0,1,1,1,0,0,0,1,1,0,1,0,0,1,0,0,1,0,0,0,0,0,1,1,0,0,0,1,0,0,1,0,0,0,0,1,1,0,0,1,0,0,0,0,0,0,0,1,0,0,0,0,1,0,0,1,0,0,0,0,0,0,1,0,0,0,0,0,1,1,1,0,1,0,0,0,0,0,0,0,0,0,0,0,0,0,0,1,1,0,0,0,0,0,0,0,0,0,0,0,0,0,0,1,0,0,0,0,0,0,0,1,0
0,1,0,1,1,1,1,1,0,0,0,0,0,0,0,1,1,1,1,0,0,1,0,0,0,1,1,0,0,0,1,0,0,1,0,0,0,0,1,0,0,1,1,1,1,1,0,1,1,0,0,0,0,1,1,0,0,0,0,1,1,1,0,1,1,1,0,1,0,0,1,1,1,0,0,1,0,1,0,1,1,0,0,1,0,1,0,1,1,1,0,1,0,0,0,0,1,0,0,1,0,1,0,0,1,1,1,1,0,1,1,1,0,0,0,1,1,0,1,0,0,1,0,0,0,0,0,0,0,0,1,1,0,0,1,1,0,0,1,0,0,0,0,1,1,0,0,1,0,0,0,0,0,0,0,1,0,0,0,0,1,0,0,1,0,0,1,0,0,1,1,1,1,0,0,0,1,1,0,0,1,0,0,0,0,0,0,0,0,0,0,0,0,0,0,1,1,0,0,0,0,0,0,0,0,0,0,0,0,0,0,1,0,0,0,0,0,0,0,1,0
0,1,0,1,1,1,1,1,0,0,0,0,0,0,0,1,1,1,1,0,0,1,0,0,0,1,1,0,0,0,1,0,0,1,0,0,0,0,1,0,0,1,1,1,1,1,0,1,1,0,0,0,0,1,1,0,0,0,0,1,1,1,0,1,1,1,0,1,0,0,1,1,1,0,0,1,0,1,0,1,1,0,0,1,0,1,0,1,1,1,0,1,0,0,0,0,1,0,0,1,0,1,0,0,1,1,1,0,0,1,1,1,0,0,0,1,1,0,1,0,0,1,0,0,1,0,0,0,0,0,1,1,0,0,0,1,0,0,1,0,0,0,0,1,1,0,0,1,0,0,0,0,0,0,0,1,0,0,0,0,1,0,0,1,0,0,0,0,0,0,1,1,1,0,0,0,1,1,1,0,1,0,0,0,0,0,0,0,0,0,0,0,0,0,0,1,1,0,0,0,0,0,0,0,0,0,0,0,0,0,0,1,0,0,0,0,0,0,0,1,0
0,1,0,1,1,1,1,1,0,0,0,0,0,0,0,1,1,1,1,0,0,1,0,0,0,1,1,0,0,0,1,0,0,1,0,0,0,0,1,0,0,1,1,1,1,1,0,1,1,0,0,0,0,1,1,0,0,0,0,1,1,1,0,1,1,1,0,1,0,0,1,1,1,0,0,1,0,1,0,1,1,0,0,1,0,1,0,1,1,1,0,1,0,0,0,0,1,0,0,1,0,1,0,0,1,1,1,1,0,1,1,1,0,0,0,1,1,0,1,0,0,1,0,0,0,0,0,0,0,0,1,1,0,0,1,1,0,0,1,0,0,0,0,1,1,0,0,1,0,0,0,0,0,0,0,1,0,0,0,0,1,0,0,1,0,0,1,0,0,1,1,1,1,0,0,0,1,1,0,0,1,0,0,0,0,0,0,0,0,0,0,0,0,0,0,1,1,0,0,0,0,0,0,0,0,0,0,0,0,0,0,1,0,0,0,0,0,0,0,1,0
1,1,0,1,0,0,0,0,0,0,0,0,0,0,0,0,0,0,0,0,0,0,0,0,0,0,0,0,0,0,0,0,0,0,0,0,0,0,0,0,0,1,0,0,0,0,0,1,0,0,0,1,0,0,0,0,0,0,0,0,0,0,1,0,0,0,0,0,0,0,0,0,0,0,0,0,0,0,0,0,0,0,0,0,0,0,0,0,0,0,0,0,0,0,0,0,0,0,0,0,0,0,0,0,0,0,0,0,0,0,0,1,0,0,0,0,0,0,0,0,0,0,0,0,0,0,0,0,0,0,0,0,0,0,0,0,0,0,0,0,0,0,0,0,0,0,0,0,0,0,0,0,0,0,0,0,0,0,0,0,0,0,0,0,0,0,0,0,0,0,0,0,0,0,0,0,0,0,0,0,0,0,0,0,0,0,0,0,0,0,0,0,0,0,0,1,0,0,0,0,0,0,0,0,0,0,0,0,0,0,0,0,0,0,0,0,0,0,0,0,0
1,1,0,1,0,1,0,0,0,0,0,0,0,0,0,1,1,1,0,1,1,1,0,0,0,0,0,0,0,0,1,0,0,0,0,0,0,0,0,1,0,1,1,1,0,0,0,1,1,0,0,0,0,0,0,0,0,1,1,0,0,0,1,0,0,0,0,0,1,0,0,0,0,0,0,0,0,0,0,0,0,0,0,0,0,0,0,0,1,0,1,0,0,0,0,0,0,1,0,0,0,0,0,0,0,0,0,0,0,0,0,1,1,1,0,0,0,1,1,0,0,0,0,1,0,0,0,1,1,0,0,0,0,0,0,0,1,0,0,1,0,0,0,0,0,1,1,1,0,0,1,0,0,1,1,0,0,0,0,1,1,0,1,1,0,1,1,0,1,0,0,0,0,1,0,1,1,0,0,0,0,1,0,0,0,0,1,0,0,1,0,1,0,0,0,0,0,0,0,0,0,1,0,0,0,0,0,1,0,0,0,0,0,0,1,0,0,0,0,0,0
1,1,0,1,0,1,1,0,0,0,0,0,0,0,0,1,1,1,0,1,1,1,0,0,0,0,0,0,0,0,1,0,0,0,1,0,1,0,0,1,0,1,1,1,0,0,0,1,1,0,0,0,0,0,0,0,0,1,1,0,0,0,1,0,0,0,0,0,1,1,0,0,0,0,0,0,0,0,0,0,0,0,0,0,0,0,0,0,1,0,1,0,0,0,0,0,0,1,0,0,0,0,0,0,0,0,0,0,0,0,0,1,1,1,0,0,0,1,1,0,0,0,0,1,0,0,0,1,1,0,0,0,0,0,0,0,1,0,0,1,0,0,0,0,0,1,1,1,0,0,1,0,1,1,1,0,0,0,0,1,1,0,1,1,0,1,1,0,1,0,0,0,0,1,0,1,1,0,0,0,0,1,0,0,0,0,1,0,0,1,0,1,0,0,0,0,0,0,0,0,0,1,0,0,0,0,0,1,0,0,0,0,0,0,1,0,0,0,0,0,0
1,1,0,1,0,1,1,0,0,0,0,0,0,0,0,1,1,1,0,1,1,1,0,0,0,0,0,0,0,0,1,0,0,0,1,0,1,0,0,1,0,1,1,1,0,0,0,1,1,0,0,0,0,0,0,0,0,1,1,0,0,0,1,0,0,0,0,0,1,1,0,0,0,0,0,0,0,0,0,0,0,0,0,0,0,0,0,0,1,0,1,0,0,0,0,0,0,1,0,0,0,0,0,0,0,0,0,0,0,0,0,1,1,1,0,0,0,1,1,0,0,0,0,1,0,0,0,1,1,0,0,0,0,0,0,0,1,0,0,1,0,0,0,0,0,1,1,1,0,0,1,0,1,1,1,0,0,0,0,1,1,0,1,1,0,1,1,0,1,0,0,0,0,1,0,1,1,0,0,0,0,1,0,0,0,0,1,1,0,1,0,1,0,0,0,0,0,0,0,0,0,1,0,0,0,0,0,1,0,0,0,0,0,0,1,0,0,0,0,0,0
1,1,0,1,0,1,1,0,0,0,0,0,0,0,0,1,1,1,0,1,1,1,0,0,0,0,0,0,0,0,1,0,0,0,1,0,0,0,0,1,0,1,1,1,0,0,0,1,1,0,0,0,0,0,0,0,0,1,1,0,0,0,1,0,0,0,0,0,1,1,0,0,0,0,0,0,0,0,0,0,0,0,0,0,0,0,0,0,1,0,1,0,0,0,0,0,0,1,0,0,0,0,0,0,0,0,0,0,0,0,0,1,1,1,0,0,0,1,1,0,0,0,0,1,0,0,0,1,1,0,0,0,0,0,0,0,1,0,0,1,0,0,0,0,0,1,1,1,0,0,1,0,1,1,1,0,0,0,0,1,1,0,1,1,0,1,1,0,1,0,0,0,0,1,0,1,1,0,0,0,0,1,0,0,0,0,1,0,0,1,0,1,0,0,0,0,0,0,0,0,0,1,0,0,0,0,0,1,0,0,0,0,0,0,1,0,0,0,0,0,0
1,1,1,1,0,1,1,0,0,0,0,0,0,0,0,0,0,1,1,0,0,0,0,0,0,0,1,0,0,0,1,0,0,0,1,1,0,0,0,1,0,1,0,1,0,0,0,1,0,0,0,1,0,0,0,0,0,1,1,0,0,0,1,0,0,0,0,0,0,1,0,0,0,0,0,0,0,0,0,0,0,0,0,0,0,0,0,0,0,0,0,0,0,0,0,0,0,1,0,0,0,0,0,0,0,0,0,0,0,0,0,1,1,1,0,0,0,1,0,0,0,0,0,0,0,0,0,1,1,0,0,0,0,0,0,0,0,0,0,0,0,0,0,0,0,0,1,1,0,0,0,0,1,1,0,0,0,0,0,0,0,0,0,0,0,1,0,0,1,0,0,0,0,1,0,1,1,0,0,0,0,0,1,0,0,0,1,0,0,1,0,1,0,0,0,1,1,1,1,0,0,1,0,0,0,1,1,0,1,0,0,0,0,0,0,0,1,0,0,0,0
1,1,1,1,0,1,1,0,0,0,0,0,0,0,0,0,0,1,1,0,0,0,0,0,0,0,1,0,0,0,1,0,0,0,1,1,0,0,0,1,0,1,0,1,0,0,0,1,0,0,0,1,0,0,0,0,0,1,1,0,0,0,1,0,0,0,0,0,0,1,0,0,0,0,0,0,0,0,0,0,0,0,0,0,0,0,0,0,0,0,0,0,0,0,0,0,0,1,0,0,0,0,0,0,0,0,0,0,0,0,0,1,1,1,0,0,0,1,0,0,0,0,0,0,0,0,0,1,1,0,0,0,0,0,0,0,0,0,0,0,0,0,0,0,0,0,1,1,0,0,0,0,1,1,0,0,0,0,0,0,0,0,0,0,0,1,0,0,1,0,0,0,0,1,0,1,1,0,0,0,0,0,1,0,0,0,1,0,0,1,0,1,0,0,0,1,1,1,1,0,0,1,0,0,0,1,1,0,1,0,0,0,0,0,0,0,1,0,0,0,0
0,1,0,0,0,1,1,1,0,0,1,0,0,1,1,1,1,1,1,0,0,1,0,0,0,0,0,0,0,0,1,0,0,0,1,0,1,1,1,1,0,1,1,1,0,0,0,1,1,0,0,1,0,0,0,0,1,1,1,0,0,0,1,0,0,0,0,0,1,1,0,0,0,0,0,0,0,0,0,0,0,0,0,0,0,0,0,0,1,0,1,0,0,0,0,0,0,1,0,0,0,0,0,0,0,0,0,0,0,0,0,1,1,1,1,0,0,1,1,0,0,0,0,1,0,1,0,1,1,0,0,0,0,0,0,0,1,0,0,1,0,0,0,0,0,1,1,1,0,0,0,0,1,1,0,0,0,0,0,1,1,1,0,1,0,1,1,1,1,0,0,0,0,1,0,1,1,0,0,1,0,1,1,0,0,0,1,1,0,1,1,1,0,0,0,1,1,1,1,1,1,1,1,0,0,0,1,1,1,1,0,0,1,0,1,0,1,1,1,1,1
0,0,0,0,0,1,1,1,0,0,0,0,0,0,0,0,1,1,0,0,1,1,0,0,0,1,1,0,0,0,1,0,0,0,1,0,0,0,0,1,0,0,1,1,0,0,0,0,1,0,0,1,0,0,0,0,1,1,1,0,0,0,0,0,0,0,0,0,1,1,0,1,0,1,0,0,0,0,1,0,1,0,0,0,0,0,1,0,0,0,1,0,0,0,0,1,0,1,0,0,0,0,0,0,0,0,0,1,0,0,0,0,1,1,0,0,0,1,0,0,1,0,0,1,0,1,0,1,1,1,0,0,1,0,1,0,1,0,0,1,0,1,0,0,0,1,1,0,0,0,1,0,1,1,1,0,1,1,1,1,0,0,1,0,0,1,0,1,1,1,0,0,0,1,0,1,0,0,0,1,0,1,0,1,1,0,1,0,1,1,1,0,1,1,0,1,1,1,1,1,1,0,0,1,1,0,0,1,0,0,1,0,0,0,1,1,0,0,1,0,0
0,0,0,0,0,1,1,1,0,0,1,0,0,1,0,0,1,1,0,0,0,0,0,0,0,1,1,0,0,0,1,0,0,0,1,0,0,0,0,1,0,0,1,1,0,0,0,0,1,0,0,1,0,0,0,0,1,1,1,0,0,0,0,0,0,0,0,0,1,1,0,1,0,1,0,0,0,0,1,0,1,0,0,0,0,0,1,0,0,0,1,0,0,0,0,1,0,1,0,0,0,0,0,0,0,0,0,1,0,0,0,0,1,1,0,0,0,1,0,0,1,0,0,1,0,1,0,1,1,1,0,0,1,0,1,0,1,0,0,1,0,1,0,0,0,1,1,0,0,0,1,0,1,1,1,0,1,1,1,1,0,0,1,0,0,1,0,1,1,1,0,0,0,1,0,1,0,0,0,1,0,1,0,1,1,0,1,0,1,1,1,0,1,1,0,1,1,1,1,1,1,0,0,1,1,0,0,1,0,0,1,0,0,0,1,1,0,0,1,0,0
0,0,0,0,0,1,1,1,0,0,1,0,0,1,0,0,1,1,0,0,0,0,0,0,0,1,1,1,1,0,1,0,0,0,0,0,0,0,0,1,0,0,1,1,0,0,0,0,1,0,0,1,0,0,0,0,1,1,1,1,0,0,0,0,0,0,0,0,1,0,0,1,0,1,0,0,0,0,1,0,1,0,0,0,0,0,1,0,0,0,1,0,0,0,0,1,0,1,0,0,0,0,0,0,0,0,0,1,0,0,0,0,1,1,1,0,0,1,0,0,1,0,0,1,0,1,0,1,1,1,0,0,1,0,1,0,1,0,0,1,0,1,0,0,0,1,1,0,0,0,1,0,0,1,1,0,1,1,1,1,0,1,1,0,0,1,0,1,1,1,0,0,0,1,0,1,0,0,0,1,0,1,0,1,1,0,1,0,1,1,1,0,1,1,0,1,1,1,1,1,1,0,0,1,1,0,0,1,1,0,1,0,1,0,1,1,1,0,1,0,1
0,0,0,0,0,1,1,0,0,0,0,0,0,0,0,0,1,1,0,0,0,0,0,0,0,1,1,0,0,0,1,0,0,0,1,0,0,0,0,1,0,0,0,1,0,0,0,0,0,0,0,0,0,0,0,0,1,1,1,0,0,0,0,0,0,0,0,0,1,1,0,1,0,1,0,0,0,0,1,0,1,0,0,0,0,0,1,0,0,0,1,0,0,0,0,1,0,1,0,0,0,0,0,0,0,0,0,1,0,0,0,0,1,1,0,0,0,1,0,0,1,0,0,1,0,0,0,1,1,1,0,0,1,0,1,0,1,0,0,1,0,1,0,0,0,1,1,0,0,0,1,0,1,1,1,0,1,1,1,1,0,0,1,0,0,1,0,1,1,1,0,0,0,1,0,1,0,0,0,0,0,1,1,1,1,0,1,0,1,1,1,0,1,1,0,1,0,1,0,1,1,0,0,1,1,0,0,1,0,0,1,0,0,0,1,0,0,0,1,0,0
0,0,0,0,0,1,1,0,0,0,0,0,0,0,0,0,1,1,0,0,0,0,0,0,0,1,1,0,0,0,1,0,0,0,1,0,0,0,0,1,0,0,0,1,0,0,0,0,0,0,0,1,0,0,0,0,1,1,1,0,0,0,0,0,0,0,0,0,1,1,0,1,0,1,0,0,0,0,1,0,1,0,0,0,0,0,1,0,0,0,1,0,0,0,0,1,0,1,0,0,0,0,0,0,0,0,0,1,0,0,0,0,1,1,0,0,0,1,0,0,1,0,0,1,0,0,0,1,1,1,0,0,1,0,1,0,1,0,0,1,0,1,0,0,0,1,1,0,0,0,1,0,1,1,1,0,1,1,1,1,0,0,1,0,0,1,0,1,1,1,0,0,0,1,0,1,0,0,0,0,0,1,1,1,1,0,1,0,1,1,1,0,1,1,0,1,1,1,0,1,1,0,0,1,1,0,0,1,0,0,1,0,0,0,1,1,0,0,1,0,0
0,1,0,0,0,1,1,1,0,0,1,0,0,1,0,0,1,1,0,0,0,0,0,0,0,1,1,1,1,0,1,0,0,0,0,0,0,0,0,1,0,0,1,1,0,0,0,0,1,0,0,1,0,0,0,0,1,1,1,1,0,0,0,0,0,0,0,0,1,0,0,1,0,1,0,0,0,0,1,0,1,0,0,0,0,0,1,0,0,0,1,0,0,0,0,1,0,1,0,0,0,0,0,0,0,0,0,1,0,0,0,0,1,1,0,0,0,1,0,0,1,0,0,1,0,0,0,1,1,1,0,0,1,0,1,0,1,0,0,1,0,1,0,0,0,1,1,0,0,0,1,0,0,1,1,0,1,1,1,1,0,0,1,0,0,1,0,1,1,1,0,0,0,1,0,1,0,0,0,0,0,1,0,1,1,0,1,0,1,1,1,0,1,1,0,1,1,1,1,1,1,0,0,1,1,0,0,1,0,0,1,0,0,0,1,1,0,0,1,0,0
0,0,0,0,0,1,1,0,0,0,0,0,0,0,0,0,1,1,0,0,0,1,0,0,0,1,1,0,0,0,1,0,0,0,0,0,0,0,0,1,0,0,0,1,0,0,0,0,0,0,0,1,0,0,0,0,1,1,1,0,0,0,0,0,0,0,0,0,1,0,0,1,0,1,0,0,0,0,1,0,1,0,0,0,0,0,1,0,0,0,1,0,0,0,0,1,0,1,0,0,0,0,0,0,0,0,0,1,0,0,0,0,1,1,0,0,0,1,0,0,1,0,0,1,0,0,0,1,1,1,0,0,1,0,1,0,1,0,0,1,0,1,0,0,0,1,1,0,0,0,1,0,0,1,1,0,1,1,1,1,0,0,1,0,0,1,0,1,1,1,0,0,0,1,0,1,0,0,0,0,0,1,0,1,1,0,1,0,1,1,1,0,1,1,0,1,1,1,0,1,1,0,0,1,1,0,0,1,0,0,1,0,0,0,1,1,0,0,1,0,0
0,0,0,0,0,1,1,1,0,0,0,0,0,0,0,0,1,1,0,0,0,0,0,0,0,1,1,0,0,0,1,0,0,0,0,0,0,0,0,1,0,0,1,1,0,0,0,0,1,0,0,1,0,0,0,0,1,1,1,0,0,0,0,0,0,0,0,0,1,0,0,1,0,1,0,0,0,0,1,0,1,0,0,0,0,0,1,0,0,0,1,0,0,0,0,1,0,1,0,0,0,0,0,0,0,0,0,1,0,0,0,0,1,1,0,0,0,1,0,0,1,0,0,1,0,0,0,1,1,1,0,0,1,0,1,0,1,0,0,1,0,1,0,0,0,1,1,0,0,0,1,0,0,1,1,0,1,1,1,1,0,0,1,0,0,1,0,1,1,1,0,0,0,1,0,1,0,0,0,0,0,1,0,1,1,0,1,0,1,1,1,0,1,1,0,1,0,1,0,1,1,0,0,1,1,0,0,1,0,0,1,0,0,0,1,0,0,0,1,0,0
0,1,0,0,0,1,1,1,0,0,0,0,0,0,0,0,1,1,0,0,1,1,0,0,0,1,1,0,0,0,1,0,0,0,0,0,0,0,0,1,0,0,1,1,0,0,0,0,1,0,0,1,0,0,0,0,1,1,1,0,0,0,0,0,0,0,0,0,1,0,0,1,0,1,0,0,0,0,1,0,1,0,0,0,0,0,1,0,0,0,1,0,0,0,0,1,0,1,0,0,0,0,0,0,0,0,0,1,0,0,0,0,1,1,0,0,0,1,0,0,1,0,0,1,0,1,0,1,1,1,0,0,1,0,1,0,1,0,0,1,0,1,0,0,0,1,1,0,0,0,1,0,0,1,1,0,1,1,1,1,0,0,1,0,0,1,0,1,1,1,0,0,0,1,0,1,0,0,0,1,0,1,0,1,1,0,1,0,1,1,1,0,1,1,0,1,1,1,1,1,1,0,0,1,1,0,0,1,0,0,1,0,0,0,1,1,0,0,1,0,0
0,0,0,0,0,1,1,1,0,0,0,0,0,0,0,0,1,1,0,0,0,0,0,0,0,1,1,0,0,0,1,0,0,0,1,0,0,0,0,1,0,0,1,1,0,0,0,0,1,0,0,1,0,0,0,0,1,1,1,0,0,0,0,0,0,0,0,0,1,1,0,1,0,1,0,0,0,0,1,0,1,0,0,0,0,0,1,0,0,0,1,0,0,0,0,1,0,1,0,0,0,0,0,0,0,0,0,1,0,0,0,0,1,1,0,0,0,1,0,0,1,0,0,1,0,0,0,1,1,1,0,0,1,0,1,0,1,0,0,1,0,1,0,0,0,1,1,0,0,0,1,0,1,1,1,0,1,1,1,1,0,0,1,0,0,1,0,1,1,1,0,0,0,1,0,1,0,0,0,0,0,1,1,1,1,0,1,0,1,1,1,0,1,1,0,1,1,1,1,1,1,0,0,1,1,0,0,1,0,0,1,0,0,0,1,1,0,0,1,0,0
0,0,0,0,0,1,1,1,0,0,0,0,0,0,0,0,1,1,0,0,0,0,0,0,0,1,1,0,0,0,1,0,0,0,1,0,0,0,0,1,0,0,0,1,0,0,0,0,0,0,0,1,0,0,0,0,1,1,1,0,0,0,0,0,0,0,0,0,1,1,0,1,0,1,0,0,0,0,1,0,1,0,0,0,0,0,1,0,0,0,1,0,0,0,0,1,0,1,0,0,0,0,0,0,0,0,0,1,0,0,0,0,1,1,0,0,0,1,0,0,1,0,0,1,0,0,0,1,1,1,0,0,1,0,1,0,1,0,0,1,0,1,0,0,0,1,1,0,0,0,1,0,1,1,1,0,1,1,1,1,0,0,1,0,0,1,0,1,1,1,0,0,0,1,0,1,0,0,0,0,0,1,1,1,1,0,1,0,1,1,1,0,1,1,0,1,1,1,1,1,1,0,0,1,1,0,0,1,0,0,1,0,0,0,1,1,0,0,1,0,0
0,1,0,0,0,1,1,1,0,0,1,0,0,1,0,0,1,1,0,0,1,1,0,0,0,1,1,0,0,0,1,0,0,0,1,0,0,0,0,1,0,0,1,1,0,0,0,0,1,0,0,1,0,0,0,0,1,1,1,0,0,0,0,0,0,0,0,0,1,1,0,1,0,1,0,0,0,0,1,0,1,0,0,0,0,0,1,0,0,0,1,0,0,0,0,1,0,1,0,0,0,0,0,0,0,0,0,1,0,0,0,0,1,1,0,0,0,1,0,0,1,0,0,1,0,1,0,1,1,1,0,0,1,0,1,0,1,0,0,1,0,1,0,0,0,1,1,0,0,0,1,0,1,1,1,0,1,1,1,1,0,0,1,0,0,1,0,1,1,1,0,0,0,1,0,1,0,0,0,1,0,1,0,1,1,0,1,0,1,1,1,0,1,1,0,1,1,1,1,1,1,0,0,1,1,0,0,1,0,0,1,0,0,0,1,1,0,0,1,0,0
1,1,0,1,0,1,1,0,0,0,1,0,0,0,0,0,0,1,1,0,0,1,1,0,0,0,0,0,0,0,1,0,0,1,1,1,1,1,1,1,0,1,1,1,0,0,0,1,1,0,0,1,0,0,0,0,0,0,0,0,0,0,1,1,1,0,0,0,0,1,0,1,0,0,0,0,0,1,0,0,1,0,0,0,0,1,0,0,1,0,0,0,0,0,0,0,0,0,0,0,0,0,0,0,0,1,0,0,0,0,0,1,0,0,0,0,0,0,0,0,1,0,0,0,1,0,0,0,0,0,0,0,0,0,0,0,0,0,0,0,0,0,0,0,0,0,0,0,0,0,0,0,1,0,0,0,0,0,0,0,0,0,0,0,0,1,0,0,0,0,1,1,1,0,0,0,1,0,1,0,0,0,0,1,0,0,1,0,0,1,0,0,0,0,0,1,1,1,1,0,0,0,0,0,0,1,1,0,0,0,0,0,0,1,0,1,1,1,1,0,0
1,1,0,1,0,1,1,0,0,0,1,1,0,0,0,0,0,1,1,0,0,1,1,0,0,0,0,0,0,0,1,0,0,1,0,1,1,1,1,1,0,1,1,1,0,0,0,1,1,0,0,1,0,0,0,0,1,0,0,0,0,0,0,1,1,0,0,0,1,0,0,1,0,0,0,0,0,1,1,0,1,0,0,0,0,1,1,0,1,0,0,0,0,0,0,0,0,0,0,0,0,0,0,0,0,1,0,1,0,0,0,1,0,0,0,0,0,0,0,0,1,0,0,0,1,0,0,0,0,0,0,0,0,0,0,0,0,0,0,0,0,0,0,0,0,0,0,0,0,0,1,1,0,0,0,0,0,0,0,0,0,0,0,0,0,1,0,0,0,0,1,1,1,0,0,0,1,0,1,0,0,0,0,1,1,0,1,0,0,1,0,0,0,0,0,1,1,1,1,0,0,0,0,0,0,1,1,0,0,0,0,0,0,1,0,1,1,1,1,0,0
1,1,0,1,0,1,1,0,0,0,1,1,0,0,0,0,0,1,1,0,0,1,0,0,0,0,0,0,0,0,1,0,0,1,0,1,1,1,1,1,0,1,0,1,0,0,0,1,0,0,0,1,0,0,0,0,0,0,0,0,0,0,0,1,1,0,0,0,0,0,0,1,0,1,0,0,0,1,0,0,1,0,0,0,0,1,0,0,1,0,0,0,0,0,0,0,0,0,0,0,0,0,0,0,0,1,0,1,1,0,0,1,0,0,0,0,0,0,0,0,1,0,0,0,0,0,0,0,0,0,0,0,1,0,0,0,0,0,0,0,0,0,0,0,0,0,0,0,0,0,0,0,0,0,0,0,0,0,0,0,0,0,0,0,0,0,0,0,0,0,1,1,1,0,0,0,1,0,0,0,0,0,0,1,1,0,0,0,1,0,0,0,1,0,0,1,1,0,0,0,0,0,0,1,0,1,1,0,0,0,0,0,0,1,0,1,0,1,0,0,0
1,1,0,1,0,0,0,0,0,0,1,1,0,0,0,0,0,1,1,0,0,1,1,0,0,0,0,0,0,0,0,0,0,0,0,1,1,1,1,0,0,1,0,0,0,0,0,1,0,0,0,1,0,0,0,0,0,0,0,0,0,0,1,0,0,0,0,0,0,0,0,0,0,0,0,0,0,0,0,0,0,0,0,0,0,0,0,0,0,0,0,0,0,0,0,0,0,0,0,0,0,0,0,0,0,0,0,0,0,0,0,1,0,0,0,0,0,0,0,0,0,0,0,0,0,0,0,0,0,0,0,0,0,0,0,0,0,0,0,0,0,0,0,0,0,0,0,0,0,0,0,0,0,0,0,0,0,0,0,0,0,0,0,0,0,0,0,0,0,0,0,0,0,0,0,0,0,0,0,0,0,0,0,0,0,0,0,0,0,0,0,0,0,0,0,1,1,0,0,0,0,0,0,0,0,1,1,0,0,0,0,0,0,1,0,1,0,1,0,0,0
1,1,0,1,0,0,0,0,0,0,1,1,0,0,0,0,0,1,1,0,0,1,1,0,0,0,0,0,0,0,0,0,0,1,0,1,1,1,1,0,0,1,0,0,0,0,0,1,0,0,0,1,0,0,0,0,0,0,0,0,0,0,1,0,1,0,0,0,0,0,0,0,0,0,0,0,0,0,0,0,0,0,0,0,0,0,0,0,0,0,0,0,0,0,0,0,0,0,0,0,0,0,0,0,0,1,0,0,0,0,0,1,0,0,0,0,0,0,0,0,0,0,0,0,0,0,0,0,0,0,0,0,0,0,0,0,0,0,0,0,0,0,0,0,0,0,0,0,0,0,0,0,0,0,0,0,0,0,0,0,0,0,0,0,0,0,0,0,0,0,1,0,0,0,0,0,0,0,0,0,0,0,0,0,0,0,0,0,0,0,0,0,0,0,0,1,1,0,0,0,0,0,0,0,0,1,1,0,0,0,0,0,0,1,0,1,0,1,0,0,0
1,1,0,1,0,0,0,0,0,0,1,0,0,0,0,0,0,1,1,0,0,1,0,0,0,0,0,0,0,0,0,0,0,0,0,1,1,1,1,0,0,1,0,0,0,0,0,1,0,0,0,1,0,0,0,0,0,0,0,0,0,0,1,0,0,0,0,0,0,0,0,0,0,0,0,0,0,0,0,0,0,0,0,0,0,0,0,0,1,0,0,0,0,0,0,0,0,0,0,0,0,0,0,0,0,0,0,0,0,0,0,1,0,0,0,0,0,0,0,0,0,0,0,0,0,0,0,0,0,0,0,0,0,0,0,0,0,0,0,0,0,0,0,0,0,0,0,0,0,0,0,0,0,0,0,0,0,0,0,0,0,0,0,0,0,0,0,0,0,0,0,0,0,0,0,0,0,0,0,0,0,0,0,0,0,0,0,0,0,0,0,0,0,0,0,1,1,0,0,0,0,0,0,0,0,1,1,0,0,0,0,0,0,1,0,1,0,1,0,0,0
0,0,0,1,0,0,0,0,0,1,0,0,0,0,0,1,1,1,1,0,0,1,0,0,0,1,1,0,0,0,0,0,1,1,0,0,0,0,1,0,1,0,0,0,1,1,1,0,0,0,0,0,0,1,1,0,0,0,0,1,1,1,0,0,1,1,0,1,0,0,1,0,1,0,0,1,0,0,0,1,0,0,0,1,0,0,0,1,1,1,0,1,0,0,0,0,1,0,1,1,1,1,0,0,1,0,1,0,0,1,1,0,0,0,0,1,1,0,1,1,0,1,0,0,0,0,0,0,0,0,1,1,0,0,0,1,0,1,1,0,0,0,1,1,1,0,0,1,0,0,0,0,0,0,0,1,0,0,0,0,1,0,0,1,0,0,0,0,0,0,0,0,0,0,0,0,1,1,0,0,1,0,0,0,0,0,0,0,0,0,0,0,0,0,0,1,1,0,0,0,0,0,0,0,0,0,0,0,0,0,0,1,0,0,0,0,0,0,0,1,0
0,1,0,0,0,1,1,0,0,0,1,1,0,0,0,1,1,1,1,0,0,1,0,0,0,0,1,0,0,0,1,0,0,0,0,0,1,0,0,1,0,1,0,1,0,0,0,1,1,0,0,1,0,0,0,0,0,1,1,0,0,0,1,0,0,0,0,0,1,0,0,1,0,1,0,0,0,0,0,0,1,0,0,0,0,0,0,0,1,0,1,0,0,0,0,1,0,1,0,0,0,0,0,0,0,0,0,1,0,0,0,1,1,1,1,0,0,1,1,0,1,0,0,1,0,1,0,1,1,0,0,0,1,0,0,0,1,0,0,1,0,1,0,0,0,1,1,1,0,0,0,0,0,1,0,0,0,1,0,1,1,1,0,1,0,1,0,0,1,0,0,0,0,1,0,1,1,0,0,1,0,1,0,1,1,0,1,0,1,1,0,0,1,1,0,1,1,1,1,0,0,0,0,1,1,0,1,1,1,1,0,0,1,0,1,0,1,1,0,0,1
1,1,1,1,0,1,1,0,0,1,1,1,0,0,0,1,1,1,1,1,1,1,1,1,1,1,1,0,1,0,1,0,1,1,0,0,1,0,1,1,1,1,0,1,1,1,1,1,1,0,0,1,0,1,1,0,0,1,1,1,1,1,1,1,1,1,0,1,1,0,1,0,1,0,0,1,0,0,0,1,0,0,0,1,0,0,0,1,1,1,1,1,0,0,0,0,1,1,1,1,1,1,0,0,1,1,1,0,0,1,1,1,1,1,1,1,1,1,1,1,0,1,0,1,0,1,0,1,1,0,1,1,0,0,0,1,1,1,1,1,0,0,1,1,1,1,1,1,0,0,0,0,0,1,0,1,0,0,0,1,1,1,0,1,0,1,0,0,1,0,1,0,0,1,0,1,1,1,0,1,1,1,0,0,0,0,1,0,0,1,0,0,0,0,0,1,1,1,1,0,0,0,0,0,0,0,1,1,1,1,0,1,1,0,1,0,1,1,0,1,1
1,1,1,1,0,1,1,0,0,1,1,1,0,0,0,1,1,1,1,1,1,1,1,1,1,1,1,0,1,0,1,0,1,1,0,0,1,0,1,1,1,1,0,1,1,1,1,1,1,0,0,1,0,1,1,0,0,1,1,1,1,1,1,1,1,1,0,1,1,0,1,0,1,0,0,1,0,0,0,1,0,0,0,1,0,0,0,1,1,1,1,1,0,0,0,0,1,1,1,1,1,1,0,0,1,1,1,0,0,1,1,1,1,1,1,1,1,1,1,1,0,1,0,1,0,1,1,1,1,0,1,1,0,0,0,1,1,1,1,1,0,0,1,1,1,1,1,1,1,0,0,0,0,1,0,1,0,0,0,1,1,1,0,1,0,1,0,0,1,0,1,0,0,1,0,1,1,1,0,1,1,1,0,0,0,0,1,0,0,1,0,0,0,0,0,1,1,1,1,0,0,0,0,0,0,0,1,1,1,1,0,1,1,0,1,0,1,1,0,1,1
1,1,1,1,0,1,1,0,0,0,1,1,0,0,0,1,1,1,1,1,1,1,1,1,1,1,1,0,1,0,1,0,0,1,0,0,1,0,1,1,0,1,0,1,1,1,0,1,1,0,0,1,0,1,1,0,0,1,1,1,1,1,1,1,1,1,0,1,1,0,1,0,1,0,0,1,0,0,0,1,0,0,0,1,0,0,0,1,1,1,1,1,0,0,0,0,1,1,0,1,0,1,0,0,1,1,1,0,0,1,1,1,1,1,1,1,1,1,1,0,0,1,0,1,0,1,0,1,1,0,1,1,0,0,0,1,1,0,1,1,0,0,0,1,1,1,1,1,0,0,0,0,0,1,0,1,0,0,0,1,1,1,0,1,0,1,0,0,1,0,1,0,0,1,0,1,1,1,0,1,1,1,0,0,0,0,1,0,0,1,0,0,0,0,0,1,1,1,1,0,0,0,0,0,0,0,1,1,1,1,0,1,1,0,1,0,1,1,0,1,1
1,1,1,1,0,1,1,0,0,0,1,1,0,0,0,1,1,1,1,1,1,1,1,1,1,1,1,0,1,0,1,0,0,1,0,0,1,0,1,1,0,1,0,1,1,1,0,1,1,0,0,1,0,1,1,0,0,1,1,1,1,1,1,1,1,1,0,1,1,0,1,0,1,0,0,1,0,0,0,1,0,0,0,1,0,0,0,1,1,1,1,1,0,0,0,0,1,1,0,1,0,1,0,0,1,1,1,0,0,1,1,1,1,1,1,1,1,1,1,0,0,1,0,1,0,1,1,1,1,0,1,1,0,0,0,1,1,0,1,1,0,0,0,1,1,1,1,1,1,0,0,0,0,1,0,1,0,0,0,1,1,1,0,1,0,1,0,0,1,0,1,0,0,1,0,1,1,1,0,1,1,1,0,0,0,0,1,0,0,1,0,0,0,0,0,1,1,1,1,0,0,0,0,0,0,0,1,1,1,1,0,1,1,0,1,0,1,1,0,1,1
1,1,1,1,0,1,1,0,0,1,1,1,0,0,0,1,1,1,1,1,1,1,1,1,1,1,1,0,1,0,1,0,1,1,0,0,1,0,1,1,1,1,0,1,1,1,1,1,1,0,0,1,0,1,1,0,0,1,1,1,1,1,1,1,1,1,0,1,1,0,1,1,1,1,0,1,0,0,0,1,1,0,0,1,0,0,0,1,1,1,1,1,0,0,0,1,1,1,1,1,1,1,0,0,1,1,1,1,0,1,1,1,1,1,1,1,1,1,1,1,1,1,0,1,0,1,1,1,1,0,1,1,1,0,0,1,1,1,1,1,0,1,1,1,1,1,1,1,1,0,0,0,0,1,0,1,0,1,0,1,1,1,0,1,0,1,0,0,1,0,1,0,0,1,0,1,1,1,0,1,1,1,0,1,1,0,1,0,1,1,0,0,1,1,0,1,1,1,1,0,0,0,0,1,1,0,1,1,1,1,0,1,1,0,1,0,1,1,0,1,1
1,1,1,1,0,1,1,0,0,1,1,1,0,0,0,1,1,1,1,1,1,1,1,1,1,1,1,0,1,0,1,0,1,1,0,0,1,0,1,1,1,1,0,1,1,1,1,1,1,0,0,1,0,1,1,0,0,1,1,1,1,1,1,1,1,1,0,1,1,0,1,1,1,1,0,1,0,0,0,1,1,0,0,1,0,0,0,1,1,1,1,1,0,0,0,1,1,1,1,1,1,1,0,0,1,1,1,1,0,1,1,1,1,1,1,1,1,1,1,1,1,1,0,1,0,1,0,1,1,0,1,1,1,0,0,1,1,1,1,1,0,1,1,1,1,1,1,1,0,0,0,0,0,1,0,1,0,1,0,1,1,1,0,1,0,1,0,0,1,0,1,0,0,1,0,1,1,1,0,1,1,1,0,1,1,0,1,0,1,1,0,0,1,1,0,1,1,1,1,0,0,0,0,1,1,0,1,1,1,1,0,1,1,0,1,0,1,1,0,1,1
1,1,0,0,0,1,1,0,0,0,1,0,0,1,0,0,0,1,1,0,0,1,1,0,0,1,1,0,1,1,1,0,0,0,0,0,0,0,0,1,0,1,1,1,0,0,0,1,1,0,0,1,0,0,0,0,0,1,1,1,0,0,1,0,0,0,0,0,1,0,0,1,0,1,0,0,0,0,0,0,1,0,0,0,0,0,0,0,1,0,1,0,0,0,0,1,0,1,0,0,0,0,0,0,0,0,0,1,0,0,0,1,1,1,0,0,0,1,1,0,1,0,0,1,0,0,0,1,1,0,0,0,1,0,0,0,1,0,0,1,0,1,0,0,0,1,1,1,0,0,1,0,0,1,1,0,0,1,0,1,1,0,1,1,0,1,0,0,1,0,0,0,0,1,0,1,1,0,0,0,0,1,0,1,1,0,1,0,1,1,1,0,1,1,0,1,1,1,1,1,1,0,0,1,1,0,0,1,0,0,1,0,0,0,1,0,0,0,1,0,0
1,1,1,1,0,1,1,0,0,0,1,1,0,0,0,1,1,1,1,1,1,1,1,1,1,1,1,0,1,0,1,0,0,1,0,0,1,0,1,1,0,1,0,1,1,1,0,1,1,0,0,1,0,1,1,0,0,1,1,1,1,1,1,1,1,1,0,1,1,0,1,1,1,1,0,1,0,0,0,1,1,0,0,1,0,0,0,1,1,1,1,1,0,0,0,1,1,1,0,1,0,1,0,0,1,1,1,1,0,1,1,1,1,1,1,1,1,1,1,0,1,1,0,1,0,1,0,1,1,0,1,1,1,0,0,1,1,0,1,1,0,1,0,1,1,1,1,1,0,0,0,0,0,1,0,1,0,1,0,1,1,1,0,1,0,1,0,0,1,0,1,0,0,1,0,1,1,1,0,1,1,1,0,1,1,0,1,0,1,1,0,0,1,1,0,1,1,1,1,0,0,0,0,1,1,0,1,1,1,1,0,1,1,0,1,0,1,1,0,1,1
1,1,1,0,0,1,1,1,0,0,1,0,0,1,0,0,0,1,1,0,0,1,1,1,0,1,1,0,1,1,1,0,0,0,0,0,0,0,0,1,0,1,1,1,0,0,0,1,1,0,0,1,0,0,0,0,0,1,1,1,0,0,1,0,0,0,0,0,1,0,0,1,0,1,0,0,0,0,0,0,1,0,0,0,0,0,0,0,1,0,1,0,0,0,0,1,0,1,0,0,0,0,0,0,0,0,0,1,0,0,0,1,1,1,1,0,0,1,1,0,1,0,0,1,0,1,0,1,1,0,0,0,1,0,1,0,1,0,0,1,0,1,0,0,0,1,1,1,0,0,1,0,0,1,1,0,0,1,1,1,1,1,1,1,0,1,0,0,1,1,0,0,0,1,0,1,1,0,0,1,0,1,0,1,1,0,1,0,1,1,1,0,1,1,0,1,1,1,1,1,1,0,0,1,1,0,1,1,1,0,1,0,1,0,1,0,1,0,1,0,1
1,1,1,0,0,1,1,1,0,0,1,0,0,1,0,0,0,1,1,0,0,1,1,1,0,1,1,0,1,1,1,0,0,0,0,0,0,0,0,1,0,1,1,1,0,0,0,1,1,0,0,1,0,0,0,0,0,1,1,1,0,0,1,0,0,0,0,0,1,0,0,1,0,1,0,0,0,0,0,0,1,0,0,0,0,0,0,0,1,0,1,0,0,0,0,1,0,1,0,0,0,0,0,0,0,0,0,1,0,0,0,1,1,1,0,0,0,1,1,0,1,0,0,1,0,0,0,1,1,0,0,0,1,0,1,0,1,0,0,1,0,1,0,0,0,1,1,1,0,0,1,0,0,1,1,0,0,1,1,1,1,0,1,1,0,1,0,0,1,1,0,0,0,1,0,1,1,0,0,0,0,1,0,1,1,0,1,0,1,1,1,0,1,1,0,1,1,1,1,1,1,0,0,1,1,0,1,1,0,0,1,0,0,0,1,0,0,0,1,0,0
1,1,1,0,0,1,1,1,0,0,1,0,0,1,0,0,0,1,1,0,0,1,1,1,0,1,1,0,1,1,1,0,0,0,0,0,0,0,0,1,0,1,1,1,0,0,0,1,1,0,0,1,0,0,0,0,0,1,1,1,0,0,1,0,0,0,0,0,1,0,0,1,0,1,0,0,0,0,0,0,1,0,0,0,0,0,0,0,1,0,1,0,0,0,0,1,0,1,0,0,0,0,0,0,0,0,0,1,0,0,0,1,1,1,0,0,0,1,1,0,1,0,0,1,0,0,0,1,1,0,0,0,1,0,1,0,1,0,0,1,0,1,0,0,0,1,1,1,0,0,1,0,0,1,1,0,0,1,1,1,1,0,1,1,0,1,0,0,1,1,0,0,0,1,0,1,1,0,0,0,0,1,0,1,1,0,1,0,1,1,1,0,1,1,0,1,1,1,1,1,1,0,0,1,1,0,1,1,1,0,1,0,0,0,1,0,1,0,1,0,0
1,1,1,0,0,1,1,0,0,0,1,0,0,1,0,0,0,1,1,0,0,1,1,1,0,1,1,0,1,1,1,0,0,0,0,0,0,0,0,1,0,1,1,1,0,0,0,1,1,0,0,1,0,0,0,0,0,1,1,1,0,0,1,0,0,0,0,0,1,0,0,1,0,1,0,0,0,0,0,0,1,0,0,0,0,0,0,0,1,0,1,0,0,0,0,1,0,1,0,0,0,0,0,0,0,0,0,1,0,0,0,1,1,1,0,0,0,1,1,0,1,0,0,1,0,0,0,1,1,0,0,0,1,0,1,0,1,0,0,1,0,1,0,0,0,1,1,1,0,0,1,0,0,1,1,0,0,1,1,1,1,0,1,1,0,1,0,0,1,1,0,0,0,1,0,1,1,0,0,0,0,1,0,1,1,0,1,0,1,1,1,0,1,1,0,1,1,1,1,1,1,0,0,1,1,0,1,1,0,0,1,0,0,1,1,0,0,0,1,0,0
1,1,1,0,0,1,1,0,0,0,1,0,0,1,0,0,0,1,1,0,0,1,1,1,0,1,1,0,1,1,1,0,0,0,0,0,0,0,0,1,0,1,1,1,0,0,0,1,1,0,0,1,0,0,0,0,0,1,1,1,0,0,1,0,0,0,0,0,1,0,0,1,0,1,0,0,0,0,0,0,1,0,0,0,0,0,0,0,1,0,1,0,0,0,0,1,0,1,0,0,0,0,0,0,0,0,0,1,0,0,0,1,1,1,0,0,0,1,1,0,1,0,0,1,0,0,0,1,1,0,0,0,1,0,1,0,1,0,0,1,0,1,0,0,0,1,1,1,0,0,1,0,0,1,1,0,0,1,1,1,1,0,1,1,0,1,0,0,1,1,0,0,0,1,0,1,1,0,0,0,0,1,0,1,1,0,1,0,1,1,1,0,1,1,0,1,1,1,1,1,1,0,0,1,1,0,1,1,0,0,1,0,0,0,1,1,0,0,1,0,0
1,1,1,0,0,1,1,0,0,0,1,0,0,1,0,0,0,1,1,0,0,1,1,1,0,1,1,0,1,1,1,0,0,0,0,0,0,0,0,1,0,1,1,1,0,0,0,1,1,0,0,1,0,0,0,0,0,1,1,1,0,0,1,0,0,0,0,0,1,0,0,1,0,1,0,0,0,0,0,0,1,0,0,0,0,0,0,0,1,0,1,0,0,0,0,1,0,1,0,0,0,0,0,0,0,0,0,1,0,0,0,1,1,1,0,0,0,1,1,0,1,0,0,1,0,0,0,1,1,0,0,0,1,0,1,0,1,0,0,1,0,1,0,0,0,1,1,1,0,0,1,0,0,1,1,0,0,1,1,1,1,0,1,1,0,1,0,0,1,1,0,0,0,1,0,1,1,0,0,0,0,1,0,1,1,0,1,0,1,1,1,0,1,1,0,1,1,1,1,1,1,0,0,1,1,0,1,1,0,0,1,0,0,0,1,0,0,0,1,0,0
0,1,0,0,0,1,1,1,0,0,1,0,0,1,1,0,0,1,1,0,0,0,0,0,0,0,1,0,0,0,1,0,0,1,0,0,0,0,0,1,0,1,1,1,0,0,0,1,1,0,0,0,0,0,0,0,1,0,0,0,0,0,0,1,1,0,0,0,1,0,0,1,0,0,0,0,0,0,1,0,1,0,0,0,0,1,1,0,1,0,0,0,0,0,0,1,0,0,0,0,0,0,0,0,0,1,0,1,0,0,0,1,0,0,0,0,0,1,1,0,1,0,0,0,0,1,0,1,1,0,0,0,1,0,0,0,0,0,0,1,0,1,0,0,0,1,0,1,0,1,1,0,0,1,0,0,0,1,0,0,1,0,0,1,0,1,0,1,1,0,0,1,1,0,0,1,0,0,0,1,0,1,0,1,1,0,1,0,1,1,1,0,1,0,0,0,0,1,0,1,1,0,0,1,0,0,0,0,0,0,0,0,0,0,0,0,0,0,0,0,0
0,0,0,1,0,1,1,0,1,1,1,0,0,0,0,1,1,1,0,0,0,0,0,0,0,1,0,0,0,0,1,1,1,0,0,0,0,0,0,0,1,0,0,1,0,1,1,0,0,0,0,0,1,1,0,1,0,0,0,0,0,1,0,0,0,1,0,1,0,0,1,1,0,0,0,0,1,1,0,1,1,0,0,1,1,1,0,1,1,1,0,1,1,1,0,0,1,0,1,1,1,1,1,0,1,0,1,1,0,1,1,0,0,0,0,1,1,0,1,1,1,1,1,0,0,0,0,0,0,0,1,1,1,0,0,1,0,1,0,0,1,0,1,1,0,0,0,1,0,0,0,0,0,0,0,0,0,0,0,0,1,0,0,1,1,0,0,0,0,0,0,1,0,0,1,0,1,1,0,0,1,0,0,1,0,1,0,0,1,0,0,0,1,0,0,0,0,0,0,0,0,0,0,1,0,0,0,0,0,0,0,0,0,0,0,0,0,0,0,0,0
0,0,0,1,0,1,1,0,1,0,1,0,1,1,0,1,1,1,0,0,0,0,0,0,0,1,1,0,0,0,1,1,0,0,0,0,0,0,1,0,0,0,0,1,0,1,0,0,0,0,0,0,0,1,1,0,0,0,0,0,0,1,0,0,0,1,0,1,0,0,1,1,0,0,0,1,0,1,0,1,1,0,0,1,0,1,0,1,1,1,0,1,0,0,0,1,1,0,0,0,0,1,0,0,1,0,1,1,0,1,0,0,0,0,0,1,0,0,1,0,1,1,0,0,0,0,0,0,0,0,0,1,1,0,0,1,0,0,1,0,0,1,0,1,1,0,0,1,0,0,0,0,0,0,0,1,0,1,0,0,1,0,0,1,0,0,0,0,0,0,0,1,0,0,0,0,1,1,0,0,1,0,0,1,1,0,0,0,1,0,0,0,1,0,0,0,0,0,0,0,0,0,0,1,0,0,0,0,0,0,0,0,0,0,0,0,0,0,0,0,0
1,1,0,0,0,1,1,0,0,0,1,0,0,1,0,0,0,1,1,0,0,1,1,0,0,1,1,0,1,1,1,0,0,0,0,0,0,0,0,1,0,1,1,1,0,0,0,1,1,0,0,1,0,0,0,0,0,1,1,1,0,0,1,0,0,0,0,0,1,0,0,1,0,1,0,0,0,0,0,0,1,0,0,0,0,0,0,0,1,0,1,0,0,0,0,1,0,1,0,0,0,0,0,0,0,0,0,1,0,0,0,1,1,1,0,0,0,1,1,0,1,0,0,1,0,0,0,1,1,0,0,0,1,0,1,0,1,0,0,1,0,1,0,0,0,1,1,1,0,0,1,0,0,1,1,0,0,1,1,1,1,0,1,1,0,1,0,0,1,1,0,0,0,1,0,1,1,0,0,0,0,1,0,1,1,0,1,0,1,1,1,0,1,1,0,1,1,1,1,1,1,0,0,1,1,0,1,1,0,0,1,0,0,0,1,0,0,0,1,0,0
0,0,0,1,0,1,1,0,1,0,1,0,0,0,0,1,1,1,0,0,0,0,0,0,0,1,0,0,0,0,1,1,0,0,0,0,0,0,1,0,0,1,0,1,0,1,0,1,0,1,1,0,0,1,1,0,0,0,0,0,0,1,0,0,0,1,0,1,0,0,1,1,0,0,1,1,0,1,0,1,1,1,1,1,0,1,0,1,1,1,0,1,0,0,1,0,1,0,0,1,0,1,0,1,1,0,1,1,0,1,1,1,0,0,0,1,1,0,1,0,1,1,0,0,0,0,0,0,0,0,1,1,1,0,0,1,0,0,1,0,0,0,0,1,1,0,0,1,0,0,0,0,0,0,0,1,0,0,0,0,1,0,0,1,0,0,0,0,0,0,0,1,0,0,0,0,1,1,0,0,1,0,0,1,0,0,0,0,1,0,0,0,1,0,0,0,0,0,0,0,0,0,0,1,0,0,0,0,0,0,0,0,0,0,0,0,0,0,0,0,0
0,0,0,0,0,1,1,0,1,0,1,0,0,0,0,0,0,1,0,0,0,0,0,0,0,0,0,0,0,0,1,1,0,0,0,0,0,0,1,0,0,0,0,1,0,0,0,0,0,0,0,0,0,1,1,0,0,0,0,0,0,0,0,0,0,0,0,0,0,0,0,1,0,0,0,1,0,1,0,0,1,0,0,1,0,1,0,0,1,0,0,0,0,0,0,0,1,0,0,0,0,0,0,0,0,0,0,1,0,0,0,0,0,0,0,1,0,0,1,0,1,0,0,0,0,0,0,0,0,0,0,0,1,0,0,1,0,0,0,0,0,0,0,1,0,0,0,1,0,0,0,0,0,0,0,0,0,0,0,0,1,0,0,1,0,0,0,0,0,0,0,1,0,0,0,0,1,1,0,0,1,0,0,1,0,0,0,0,1,0,0,0,1,0,0,0,0,0,0,0,0,0,0,1,0,0,0,0,0,0,0,0,0,0,0,0,0,0,0,0,0
0,0,0,1,0,1,1,0,1,0,1,0,0,0,0,1,1,0,0,0,0,0,0,0,0,1,0,0,0,0,1,1,0,0,0,0,0,0,1,0,0,0,0,1,0,1,0,0,0,0,0,1,0,1,1,0,0,0,0,0,0,1,0,0,0,1,0,1,0,0,1,1,0,0,0,1,0,1,0,1,1,0,0,1,0,1,0,1,1,1,0,1,0,0,0,0,1,0,0,0,0,1,0,0,1,0,1,1,0,1,0,0,0,0,0,1,0,0,1,0,1,1,0,0,0,0,0,0,0,0,0,1,0,0,0,1,0,0,1,0,0,0,0,1,1,0,0,1,0,0,0,0,0,0,0,1,0,0,0,0,1,0,0,1,0,0,0,0,0,0,0,1,0,0,0,0,1,1,0,0,1,0,0,1,0,0,0,0,0,0,0,0,0,0,0,0,0,0,0,0,0,0,0,0,0,0,0,0,0,0,0,0,0,0,0,0,0,0,0,0,0
0,0,0,1,0,1,1,0,1,0,1,0,0,0,0,1,1,1,0,0,0,0,0,0,0,1,1,0,0,0,1,1,0,0,0,0,0,0,1,0,0,0,0,1,0,1,0,0,0,0,0,1,0,1,1,0,0,0,0,0,0,1,0,0,0,1,0,1,0,0,1,1,0,0,0,1,0,1,0,1,1,0,0,1,0,1,0,1,1,1,0,1,0,0,0,0,1,0,0,0,0,1,0,0,1,0,1,1,0,1,0,0,0,0,0,1,0,0,1,0,1,1,0,0,0,0,0,0,0,0,0,1,1,0,0,1,0,0,1,0,0,1,0,1,1,0,0,1,0,0,0,0,0,0,0,1,0,0,0,0,1,0,0,1,0,0,0,0,0,0,0,1,0,0,0,0,1,1,0,0,1,0,0,1,0,0,0,0,1,0,0,0,1,0,0,1,0,0,0,0,0,0,0,1,0,0,0,0,0,0,0,0,0,0,0,0,0,0,0,0,0
0,0,0,1,0,1,1,0,1,0,1,0,0,0,0,1,1,1,0,0,0,0,0,0,0,1,0,0,0,0,1,1,0,0,0,0,0,0,1,0,0,0,0,1,0,1,0,0,0,0,0,0,0,1,1,0,0,0,0,0,0,1,0,0,0,1,0,1,0,0,1,1,0,0,0,1,0,1,0,1,1,0,0,1,0,1,0,1,1,1,0,1,0,0,0,0,1,0,0,0,0,1,0,0,1,0,1,1,0,1,0,0,0,0,0,1,0,0,1,0,1,1,0,0,0,0,0,0,0,0,0,1,1,0,0,1,0,0,1,0,0,0,0,1,1,0,0,1,0,0,0,0,0,0,0,1,0,0,0,0,1,0,0,1,0,0,0,0,0,0,0,1,0,0,0,0,1,1,0,0,1,0,0,1,0,0,0,0,1,0,0,0,1,0,0,0,0,0,0,0,0,0,0,1,0,0,0,0,0,0,0,0,0,0,0,0,0,0,0,0,0
0,0,0,1,0,1,1,0,1,0,1,0,0,0,0,1,1,1,0,0,0,0,0,0,0,1,0,0,0,0,1,1,0,0,0,0,0,0,0,0,0,1,0,1,0,1,0,1,0,1,1,0,1,1,0,1,0,0,0,0,0,1,0,0,0,1,0,1,0,0,1,1,0,0,1,0,1,1,0,1,1,1,1,1,1,1,0,1,1,1,0,1,1,1,1,0,1,0,0,0,0,1,1,1,1,0,1,1,0,1,0,1,0,0,0,1,0,0,1,0,1,1,1,0,0,0,0,0,0,0,1,1,1,0,0,1,0,0,0,0,1,0,0,1,0,0,0,1,0,0,0,0,0,0,0,0,0,0,0,0,1,0,0,1,1,0,0,0,0,0,0,1,0,0,1,0,1,1,0,0,1,0,0,1,0,1,0,0,1,0,0,0,1,0,0,0,0,0,0,0,0,0,0,1,0,0,0,0,0,0,0,0,0,0,0,0,0,0,0,0,0
0,0,0,1,0,1,1,0,1,0,1,0,0,0,0,1,1,1,0,0,0,0,0,0,0,1,0,0,0,0,1,1,0,0,0,0,0,0,0,0,0,0,0,1,0,1,0,0,0,0,0,0,1,1,0,1,0,0,0,0,0,1,0,0,0,1,0,1,0,0,1,1,0,0,0,0,1,1,0,1,1,0,0,1,1,1,0,1,1,1,0,1,1,1,0,0,1,0,0,1,0,1,1,0,1,0,1,1,0,1,1,0,0,0,0,1,1,0,1,0,1,1,1,0,0,0,0,0,0,0,1,1,1,0,0,1,0,0,0,0,1,0,0,1,0,0,0,1,0,0,0,0,0,0,0,0,0,0,0,0,1,0,0,1,1,0,0,0,0,0,0,1,0,0,1,0,1,1,0,0,1,0,0,1,0,1,0,0,1,0,0,0,1,0,0,0,0,0,0,0,0,0,0,1,0,0,0,0,0,0,0,0,0,0,0,0,0,0,0,0,0
1,1,1,1,1,1,1,1,0,0,1,0,1,1,1,0,0,1,1,0,0,1,1,0,0,1,1,1,1,1,1,0,0,0,0,0,0,0,0,1,0,1,0,1,0,0,0,1,1,0,0,1,0,1,0,0,0,1,1,0,0,0,1,0,0,0,0,0,1,0,1,1,0,0,0,0,0,1,0,1,1,0,0,1,0,1,0,1,1,1,1,1,0,0,0,1,1,1,0,0,0,1,0,1,1,0,1,1,0,1,0,1,1,1,0,1,0,1,1,0,1,1,0,1,0,0,0,1,1,0,1,0,1,0,0,1,1,0,0,1,0,1,0,1,0,1,1,1,0,0,0,0,0,1,0,0,0,1,0,1,1,0,0,1,0,1,1,0,1,0,0,1,1,1,0,1,1,1,0,0,1,1,0,1,1,0,1,0,1,1,0,0,1,0,1,1,1,1,0,0,0,0,0,1,0,0,1,0,0,1,1,0,0,1,0,1,0,1,1,0,0
1,1,1,1,1,1,1,1,0,0,0,0,0,0,0,1,1,1,1,1,1,1,1,1,1,0,1,0,1,1,1,0,0,0,0,0,0,0,0,1,0,1,0,1,0,0,0,1,1,0,0,1,0,0,0,0,0,1,1,1,0,0,1,0,0,0,0,0,1,0,0,1,0,0,0,0,0,1,0,0,1,0,0,0,0,1,0,0,1,0,1,0,0,0,0,1,0,1,0,0,0,0,0,0,0,0,0,1,0,0,0,1,1,1,0,0,0,1,1,0,1,0,0,1,0,0,0,1,1,0,0,0,1,0,0,0,1,0,0,1,0,1,0,0,0,1,1,1,0,0,0,0,0,1,0,0,0,1,0,1,1,0,0,1,0,1,1,0,1,0,0,1,1,1,0,1,1,0,0,0,0,1,0,1,1,0,1,0,1,1,0,0,1,0,1,1,1,1,0,0,0,0,0,1,0,0,1,0,0,1,1,0,0,1,0,1,0,1,1,0,0
1,1,1,1,1,1,1,0,0,0,1,0,1,1,0,0,0,1,1,0,0,0,0,0,0,0,1,0,0,0,1,0,0,0,0,0,0,0,0,1,0,1,0,1,0,0,0,1,1,0,0,1,1,0,0,0,0,1,1,0,0,0,1,0,0,0,0,0,1,0,0,1,0,0,0,0,0,0,0,0,0,0,0,0,0,1,0,0,1,0,1,0,0,0,0,0,0,1,0,0,0,0,0,0,0,0,0,0,0,0,0,1,1,1,0,0,0,1,1,0,0,0,1,1,0,0,1,1,1,0,0,0,0,0,0,0,1,0,0,1,0,0,0,0,0,1,1,1,1,0,0,0,0,1,0,0,0,0,0,1,1,0,0,1,1,1,1,0,1,0,0,1,1,1,1,1,1,0,0,0,0,1,0,0,0,0,1,0,0,1,0,0,0,0,0,0,0,1,0,0,0,0,0,0,0,0,0,0,0,0,1,0,0,0,0,0,0,0,1,0,0
1,1,1,1,1,1,1,1,0,0,1,0,1,1,1,0,0,1,1,0,0,1,1,1,0,0,1,0,1,1,1,0,0,0,0,0,0,0,0,1,0,1,0,1,0,0,0,1,1,0,0,1,0,0,0,0,0,1,1,1,0,0,1,0,0,0,0,0,1,0,0,1,0,0,0,0,0,1,0,0,1,0,0,0,0,1,0,0,1,0,1,0,0,0,0,1,0,1,0,0,0,0,0,0,0,0,0,1,0,0,0,1,1,1,0,0,0,1,1,0,1,0,0,1,0,0,0,1,1,0,0,0,1,0,0,0,1,0,0,1,0,1,0,0,0,1,1,1,0,0,0,0,0,1,0,0,0,1,0,1,1,0,0,1,0,1,1,0,1,0,0,1,1,1,0,1,1,0,0,0,0,1,0,1,1,0,1,0,1,1,0,0,1,0,0,1,1,1,0,0,0,0,0,1,0,0,1,0,0,1,1,0,0,1,0,1,0,1,1,0,0
1,1,1,1,1,1,1,1,0,0,0,0,0,0,0,1,1,1,1,0,0,1,1,1,0,1,1,0,1,1,1,0,0,0,0,0,0,0,1,1,0,1,0,1,0,0,0,1,1,0,0,1,0,1,1,0,0,1,1,0,0,0,1,0,0,1,0,0,1,0,1,1,1,0,0,1,0,1,0,1,1,0,0,1,0,1,0,1,1,1,1,1,0,0,0,0,1,1,0,1,0,1,0,1,1,0,1,0,1,1,1,1,1,1,0,1,1,1,1,0,0,1,0,1,0,0,1,1,1,0,1,0,0,0,0,1,1,0,0,1,0,0,0,1,0,1,1,1,1,0,0,0,0,1,0,0,0,0,0,1,1,0,0,1,0,1,1,0,1,0,0,1,1,1,0,1,1,1,0,0,1,1,0,0,0,0,1,0,0,1,0,0,0,0,0,0,0,1,0,0,0,0,0,0,0,0,0,0,0,0,1,0,0,0,0,0,0,0,1,0,0
1,1,1,1,1,1,1,1,0,0,0,0,0,0,0,1,1,1,1,0,0,1,0,0,0,0,1,0,0,0,1,0,0,0,0,0,0,0,0,1,0,1,0,1,0,0,0,1,1,0,0,1,0,0,0,0,0,1,1,0,0,0,1,0,0,0,0,0,1,0,0,1,0,0,0,0,0,1,0,0,1,0,0,0,0,1,0,0,1,0,1,0,0,0,0,0,0,1,0,0,0,0,0,0,0,0,0,0,1,0,0,1,1,1,0,0,0,1,1,0,0,0,0,1,0,0,1,1,1,0,0,0,0,0,0,0,1,0,0,1,0,0,0,0,0,1,1,1,1,0,0,0,0,1,0,0,0,0,0,1,1,0,0,1,0,1,1,0,1,0,0,1,1,1,0,1,1,0,0,0,0,1,0,0,0,0,1,0,0,1,0,0,0,0,0,0,0,1,0,0,0,0,0,0,0,0,0,0,0,0,1,0,0,0,0,0,0,0,1,0,0
1,1,1,1,1,1,1,1,0,0,0,0,0,0,0,1,1,1,1,0,0,1,0,0,0,0,1,0,0,0,1,0,0,0,0,0,0,0,0,1,0,1,0,1,0,0,0,1,1,0,0,1,0,0,0,0,0,1,1,0,0,0,1,0,0,0,0,0,1,0,0,1,0,0,0,0,0,1,0,0,1,0,0,0,0,1,0,0,1,0,1,0,0,0,0,0,0,1,0,0,0,0,0,0,0,0,0,0,1,0,0,1,1,1,0,0,0,1,1,0,0,0,0,1,0,0,1,1,1,0,0,0,0,0,0,0,1,0,0,1,0,0,0,0,0,1,1,1,1,0,0,0,0,1,0,0,0,0,0,1,1,0,0,1,0,1,1,0,1,0,0,1,1,1,0,1,1,0,0,0,0,1,0,0,0,0,1,0,0,1,0,0,0,0,0,0,0,1,0,0,0,0,0,0,0,0,0,0,0,0,1,0,0,0,0,0,0,0,1,0,0
1,1,1,1,1,1,1,1,0,0,0,0,0,0,0,0,0,1,1,0,0,1,1,0,0,0,1,0,0,0,1,0,0,1,0,0,0,1,1,1,0,1,0,1,0,0,0,1,1,0,0,1,0,0,0,0,0,1,1,0,0,0,1,1,1,0,0,0,1,0,0,1,0,0,0,0,0,1,0,0,1,0,0,0,0,1,0,0,1,0,1,0,0,0,0,0,0,1,0,0,0,0,0,0,0,1,0,1,0,0,0,1,1,1,0,0,0,1,1,0,0,0,0,1,0,0,0,1,1,0,0,0,1,0,0,0,1,0,0,1,0,0,0,0,0,1,1,1,0,0,0,0,0,1,0,0,0,0,0,1,1,0,0,1,0,1,1,0,1,0,1,1,1,1,0,1,1,0,0,0,0,1,0,0,0,0,1,0,1,1,0,0,1,0,0,0,0,1,0,0,0,0,0,0,0,0,0,0,0,0,1,0,0,0,0,0,0,0,1,0,0
1,1,1,1,1,1,1,1,0,0,0,0,0,0,0,1,1,1,1,1,1,1,1,1,1,0,1,0,1,1,1,0,0,0,0,0,0,0,0,1,0,1,0,1,0,0,0,1,1,0,0,1,0,0,0,0,0,1,1,1,0,0,1,0,0,0,0,0,1,0,0,1,0,0,0,0,0,1,0,0,1,0,0,0,0,1,0,0,1,0,1,0,0,0,0,0,0,1,0,0,0,0,0,0,0,0,0,1,0,0,0,1,1,1,0,0,0,1,1,0,0,0,0,1,0,0,0,1,1,0,0,0,1,0,0,0,1,0,0,1,0,0,0,0,0,1,1,1,0,0,0,0,0,1,0,0,0,0,0,1,1,0,0,1,0,1,1,0,1,0,0,1,1,1,0,1,1,0,0,0,0,1,0,0,0,0,1,0,1,1,0,0,1,0,0,1,1,1,0,0,0,0,0,0,0,0,1,0,0,1,1,0,0,1,0,1,0,1,1,0,0
1,1,1,1,1,1,1,1,0,0,0,0,0,0,0,0,0,1,1,0,0,1,1,0,0,0,1,0,0,0,1,0,0,1,0,0,0,1,1,1,0,1,0,1,0,0,0,1,1,0,0,1,0,0,0,0,0,1,1,0,0,0,1,1,1,0,0,0,1,0,0,1,0,0,0,0,0,1,0,0,1,0,0,0,0,1,0,0,1,0,1,0,0,0,0,0,0,1,0,0,0,0,0,0,0,1,0,1,0,0,0,1,1,1,0,0,0,1,1,0,0,0,0,1,0,0,1,1,1,0,0,0,1,0,0,0,1,0,0,1,0,0,0,0,0,1,1,1,1,0,0,0,0,1,0,0,0,0,0,1,1,0,0,1,0,1,1,0,1,0,1,1,1,1,0,1,1,0,0,0,0,1,0,0,0,0,1,0,1,1,0,0,1,0,0,0,0,1,0,0,0,0,0,0,0,0,0,0,0,0,1,0,0,0,0,0,0,0,1,0,0
1,1,1,1,1,1,1,1,0,0,0,0,0,0,0,0,0,1,1,0,0,1,1,0,0,0,1,0,0,0,1,0,0,1,0,0,0,1,1,1,0,1,0,1,0,0,0,1,1,0,0,1,0,0,0,0,0,1,1,0,0,0,1,1,1,0,0,0,1,0,0,1,0,0,0,0,0,1,0,0,1,0,0,0,0,1,0,0,1,0,1,0,0,0,0,0,0,1,0,0,0,0,0,0,0,1,0,1,0,0,0,1,1,1,0,0,0,1,1,0,0,0,0,1,0,0,1,1,1,0,0,0,1,0,0,0,1,0,0,1,0,0,0,0,0,1,1,1,1,0,0,0,0,1,0,0,0,0,0,1,1,0,0,1,0,1,1,0,1,0,1,1,1,1,0,1,1,0,0,0,0,1,0,0,0,0,1,0,1,1,0,0,1,0,0,0,0,1,0,0,0,0,0,0,0,0,0,0,0,0,1,0,0,0,0,0,0,0,1,0,0
1,1,1,1,1,1,1,1,0,0,0,0,0,0,0,1,1,1,1,0,0,1,0,0,0,0,1,0,0,0,1,0,0,0,0,0,0,0,0,1,0,1,0,1,0,0,0,1,1,0,0,1,0,0,0,0,0,1,1,0,0,0,1,0,0,0,0,0,1,0,0,1,0,0,0,0,0,1,0,0,1,0,0,0,0,1,0,0,1,0,1,0,0,0,0,0,0,1,0,0,0,0,0,0,0,0,0,1,0,0,0,1,1,1,0,0,0,1,1,0,0,0,0,1,0,0,1,1,1,0,0,0,1,0,0,0,1,0,0,1,0,0,0,0,0,1,1,1,1,0,0,0,0,1,0,0,0,0,0,1,1,0,0,1,0,1,1,0,1,0,0,1,1,1,0,1,1,0,0,0,0,1,0,0,0,0,1,0,1,1,0,0,1,0,0,0,0,1,0,0,0,0,0,0,0,0,0,0,0,0,1,0,0,0,0,0,0,0,1,0,0
0,0,0,1,0,1,0,0,0,0,1,0,1,1,0,1,1,1,0,0,0,0,0,0,0,1,1,0,0,0,1,0,0,0,0,0,0,0,1,0,0,1,0,1,0,0,0,1,0,0,0,0,1,1,1,0,0,1,0,0,0,0,1,0,0,1,0,0,0,0,1,1,1,0,0,1,1,1,0,1,1,0,0,1,1,1,0,1,1,1,0,1,1,1,0,1,1,0,0,1,0,1,1,1,1,0,1,1,0,1,1,1,0,0,0,1,1,0,1,0,1,1,1,0,0,0,0,0,0,0,1,0,1,1,0,1,0,0,1,0,1,1,0,1,1,0,0,1,0,0,0,0,0,0,0,0,0,1,0,0,1,0,0,1,1,0,0,0,0,0,0,1,1,0,1,0,1,1,0,0,1,0,0,1,1,1,0,0,1,0,0,0,1,0,0,0,0,0,0,0,0,0,0,1,0,0,0,0,0,0,0,1,0,0,0,0,0,0,0,1,0
1,1,0,1,0,1,1,0,0,0,0,0,0,0,0,1,1,1,1,0,0,1,1,1,0,0,1,0,1,0,1,0,0,0,0,0,0,0,0,1,0,1,0,1,0,0,0,1,1,0,0,1,0,0,0,0,0,1,1,1,0,0,1,0,0,0,0,0,1,0,0,1,0,0,0,0,0,1,0,0,1,0,0,0,0,1,0,0,1,0,1,0,0,0,0,1,0,1,0,0,0,0,0,0,0,0,0,1,0,0,0,1,1,1,0,0,0,1,1,0,1,0,0,1,0,0,0,1,1,0,0,0,1,0,0,0,1,0,0,1,0,1,0,0,0,1,1,1,0,0,0,0,0,1,0,0,0,1,0,1,1,0,0,1,0,1,1,0,1,0,0,1,1,1,0,1,1,0,0,0,0,1,0,1,1,0,1,0,1,1,0,0,1,0,1,1,1,1,0,0,0,0,0,1,0,0,1,0,0,1,1,0,0,0,0,1,0,1,1,0,0
0,1,0,0,0,1,1,0,0,0,0,0,0,0,0,0,0,1,1,0,0,1,1,0,0,0,1,0,1,0,1,0,0,0,0,0,0,0,0,1,0,1,0,1,0,0,0,1,1,0,0,1,0,0,0,0,0,1,1,0,0,0,1,0,0,0,0,0,1,0,0,1,0,1,0,0,0,0,0,0,1,0,0,0,0,0,0,0,1,0,1,0,0,0,0,1,0,1,0,0,0,0,0,0,0,0,0,1,0,0,0,1,1,1,1,0,0,1,1,0,1,0,0,1,0,1,0,1,1,0,0,0,1,0,0,0,1,0,0,1,0,1,0,0,0,1,1,1,0,0,0,0,0,1,0,0,0,1,0,1,1,1,0,1,0,1,0,0,1,0,0,0,0,1,0,1,1,0,0,1,0,1,0,1,1,0,1,0,1,1,0,0,1,1,0,1,1,1,1,0,0,0,0,1,1,0,0,1,1,0,0,0,1,1,1,0,1,0,0,0,1
0,1,0,0,0,1,1,0,0,0,0,0,0,0,0,0,0,1,1,0,0,1,1,0,0,0,1,0,1,0,1,0,0,0,0,0,0,0,0,1,0,1,0,1,0,0,0,1,1,0,0,1,0,0,0,0,0,1,1,0,0,0,1,0,0,0,0,0,1,0,0,1,0,1,0,0,0,0,0,0,1,0,0,0,0,0,0,0,1,0,1,0,0,0,0,1,0,1,0,0,0,0,0,0,0,0,0,1,0,0,0,1,1,1,1,0,0,1,1,0,1,0,0,1,0,1,0,1,1,0,0,0,1,0,0,0,1,0,0,1,0,1,0,0,0,1,1,1,0,0,0,0,0,1,0,0,0,1,0,1,1,1,0,1,0,1,0,0,1,0,0,0,0,1,0,1,1,0,0,1,0,1,0,1,1,0,1,0,1,1,0,0,1,1,0,1,1,1,1,0,0,0,0,1,1,0,0,1,1,0,0,0,1,1,1,0,1,0,0,0,1
0,1,0,0,0,1,1,1,0,0,0,0,0,0,0,0,0,1,1,0,0,1,1,0,0,0,1,0,1,0,1,0,0,0,1,0,0,0,0,1,0,1,1,1,0,0,0,1,1,0,0,1,0,0,0,0,0,1,1,0,0,0,1,0,0,0,0,0,1,1,0,1,0,1,0,0,0,0,0,0,1,0,0,0,0,0,0,0,1,0,1,0,0,0,0,1,0,1,0,0,0,0,0,0,0,0,0,1,0,0,0,1,1,1,1,0,0,1,1,0,1,0,0,1,1,1,0,1,1,0,0,0,1,0,0,0,1,0,0,1,0,1,0,0,0,1,1,1,0,0,0,0,0,1,0,0,0,1,0,1,1,1,0,1,0,1,0,0,1,0,0,0,0,1,0,1,1,0,1,1,0,1,0,1,1,0,1,0,1,1,0,0,1,1,0,1,1,1,1,0,0,0,0,1,1,0,0,1,1,0,0,0,1,1,1,0,1,0,0,0,1
0,1,0,0,0,1,1,0,0,0,0,0,0,0,0,0,0,1,1,0,0,1,1,0,0,0,1,0,1,0,1,0,0,0,0,0,0,0,0,1,0,1,0,1,0,0,0,1,1,0,0,1,0,0,0,0,0,1,1,0,0,0,1,0,0,0,0,0,1,0,0,1,0,1,0,0,0,0,0,0,1,0,0,0,0,0,0,0,1,0,1,0,0,0,0,1,0,1,0,0,0,0,0,0,0,0,0,1,0,0,0,1,1,1,0,0,0,1,1,0,1,0,0,1,0,0,0,1,1,0,0,0,1,0,0,0,1,0,0,1,0,1,0,0,0,1,1,1,0,0,0,0,0,1,0,0,0,1,0,1,1,0,0,1,0,1,0,0,1,0,0,0,0,1,0,1,1,0,0,0,0,1,0,1,1,0,1,0,1,1,0,0,1,1,0,1,1,1,0,0,0,0,0,1,1,0,0,1,0,0,0,0,0,1,1,0,0,0,0,0,0
0,1,0,0,0,1,1,0,0,0,0,0,0,0,0,0,0,1,1,0,0,1,1,0,0,0,1,0,1,0,1,0,0,0,0,0,0,0,0,1,0,1,0,1,0,0,0,1,1,0,0,1,0,0,0,0,0,1,1,0,0,0,1,0,0,0,0,0,1,0,0,1,0,1,0,0,0,0,0,0,1,0,0,0,0,0,0,0,1,0,1,0,0,0,0,1,0,1,0,0,0,0,0,0,0,0,0,1,0,0,0,1,1,1,1,0,0,1,1,0,1,0,0,1,0,1,0,1,1,0,0,0,1,0,0,0,1,0,0,1,0,1,0,0,0,1,1,1,0,0,0,0,0,1,0,0,0,1,0,1,1,1,0,1,0,1,0,0,1,0,0,0,0,1,0,1,1,0,0,1,0,1,0,1,1,0,1,0,1,1,0,0,1,1,0,1,1,1,1,0,0,0,0,1,1,0,0,1,1,0,0,0,1,1,1,1,1,0,0,0,1
0,1,0,0,0,1,1,0,0,0,0,0,0,0,0,0,0,1,1,0,0,1,1,0,0,0,1,0,1,0,1,0,0,0,0,0,0,0,0,1,0,1,0,1,0,0,0,1,1,0,0,1,0,0,0,0,0,1,1,0,0,0,1,0,0,0,0,0,1,0,0,1,0,1,0,0,0,0,0,0,1,0,0,0,0,0,0,0,1,0,1,0,0,0,0,1,0,1,0,0,0,0,0,0,0,0,0,1,0,0,0,1,1,1,0,0,0,1,1,0,1,0,0,1,0,0,0,1,1,0,0,0,1,0,0,0,1,0,0,1,0,1,0,0,0,1,1,1,0,0,0,0,0,1,0,0,0,1,0,1,1,0,0,1,0,1,0,0,1,0,0,0,0,1,0,1,1,0,0,0,0,1,0,1,1,0,1,0,1,1,0,0,1,1,0,1,1,1,0,0,0,0,0,1,1,0,0,1,0,0,0,0,0,1,1,0,0,0,0,0,0
0,1,0,1,0,1,1,0,0,0,0,0,0,0,0,0,0,1,1,0,0,0,0,0,0,0,1,0,0,0,1,0,0,0,0,0,0,0,0,1,0,1,0,1,0,0,0,1,1,0,0,1,0,0,0,0,0,1,1,0,0,0,1,0,0,0,0,0,1,0,0,1,0,1,0,0,0,0,0,0,1,0,0,0,0,0,0,0,1,0,1,0,0,0,0,1,0,1,0,0,0,0,0,0,0,0,0,1,0,0,0,1,1,1,1,0,0,1,1,0,1,0,0,1,0,1,1,1,1,0,0,0,1,0,0,0,1,0,0,1,0,1,0,0,0,1,1,1,1,0,0,0,0,1,0,0,0,1,0,1,1,1,0,1,0,1,0,0,1,0,0,0,0,1,0,1,1,0,0,1,0,1,0,1,1,0,1,0,1,1,0,0,1,1,0,1,1,1,1,0,0,0,0,1,1,0,0,1,1,0,0,0,1,1,1,0,1,0,0,0,1
0,1,0,0,0,1,1,0,0,0,0,0,0,0,0,0,0,1,1,0,0,1,1,0,0,0,1,0,1,0,1,0,0,0,0,0,0,0,0,1,0,1,0,1,0,0,0,1,1,0,0,1,0,0,0,0,0,1,1,0,0,0,1,0,0,0,0,0,1,0,0,1,0,1,0,0,0,0,0,0,1,0,0,0,0,0,0,0,1,0,1,0,0,0,0,1,0,1,0,0,0,0,0,0,0,0,0,1,0,0,0,1,1,1,1,0,0,1,1,0,1,0,0,1,0,1,0,1,1,0,0,0,1,0,0,0,1,0,0,1,0,1,0,0,0,1,1,1,0,0,0,0,0,1,0,0,0,1,0,1,1,1,0,1,0,1,0,0,1,0,0,0,0,1,0,1,1,0,0,1,0,1,0,1,1,0,1,0,1,1,0,0,1,1,0,1,1,1,1,0,0,0,0,1,1,0,0,1,1,0,0,0,1,1,1,0,1,0,0,0,1
0,1,0,0,0,1,1,1,0,0,0,0,0,0,0,0,0,1,1,0,0,1,1,0,0,0,1,0,1,0,1,0,0,0,0,0,0,0,0,1,0,1,0,1,0,0,0,1,1,0,0,1,0,0,0,0,0,1,1,0,0,0,1,0,0,0,0,0,1,0,0,1,0,1,0,0,0,0,0,0,1,0,0,0,0,0,0,0,1,0,1,0,0,0,0,1,0,1,0,0,0,0,0,0,0,0,0,1,0,0,0,1,1,1,1,0,0,1,1,0,1,0,0,1,0,1,0,1,1,0,0,0,1,0,0,0,1,0,0,1,0,1,0,0,0,1,1,1,0,0,0,0,0,1,0,0,0,1,0,1,1,1,0,1,0,1,1,0,1,0,0,0,0,1,0,1,1,0,0,1,0,1,0,1,1,0,1,0,1,1,0,0,1,1,0,1,1,1,1,0,0,0,0,1,1,0,0,1,1,0,1,0,1,1,1,0,1,0,1,0,1
0,1,0,1,0,1,1,1,0,0,0,0,0,0,0,0,0,1,1,0,0,1,1,0,0,0,1,0,1,0,1,0,0,0,0,0,0,0,1,1,0,1,0,1,0,0,0,1,1,0,0,1,0,1,1,0,0,1,1,0,0,0,1,0,0,0,0,0,1,0,0,1,0,1,0,1,0,0,0,0,1,0,0,1,0,0,0,0,1,0,1,0,0,0,0,1,0,1,0,1,0,0,0,0,0,0,0,1,0,0,0,1,1,1,1,1,1,1,1,0,1,0,0,1,0,1,0,1,1,0,0,0,1,0,0,0,1,0,0,1,0,1,0,1,0,1,1,1,0,0,0,0,0,1,0,0,0,1,0,1,1,1,0,1,0,1,0,0,1,0,0,0,0,1,0,1,1,0,0,1,1,1,0,1,1,0,1,0,1,1,0,0,1,1,0,1,1,1,1,0,0,0,0,1,1,0,0,1,1,0,0,0,1,1,1,0,1,0,0,0,1
1,1,0,1,0,1,1,0,0,0,0,0,0,0,0,0,0,1,1,0,0,1,1,0,0,0,1,0,1,0,1,0,0,0,0,0,0,0,0,1,0,1,0,1,0,0,0,1,1,0,0,1,0,0,0,0,0,1,1,0,0,0,1,0,0,0,0,0,1,0,0,1,0,1,0,0,0,0,0,0,1,0,0,0,0,0,0,0,1,0,1,0,0,0,0,1,0,1,0,0,0,0,0,0,0,0,0,1,0,0,0,1,1,1,1,0,0,1,1,0,1,0,0,1,0,1,1,1,1,0,0,0,1,0,0,0,1,0,0,1,0,1,0,0,0,1,1,1,1,0,0,0,0,1,0,0,0,1,0,1,1,1,0,1,0,1,0,0,1,0,0,0,0,1,0,1,1,0,0,1,0,1,0,1,1,0,1,0,1,1,0,0,1,1,0,1,1,1,1,0,0,0,0,1,1,0,0,1,1,0,0,0,1,1,1,0,1,0,0,0,1
0,1,0,0,0,1,1,0,0,0,0,0,0,0,0,0,0,1,1,0,0,0,0,0,0,0,1,0,0,0,1,0,0,0,0,0,0,0,0,1,0,1,0,1,0,0,0,1,1,0,0,1,0,0,0,0,0,1,1,0,0,0,1,0,0,0,0,0,1,0,0,1,0,1,0,0,0,0,0,0,1,0,0,0,0,0,0,0,1,0,1,0,0,0,0,1,0,1,0,0,0,0,0,0,0,0,0,1,0,0,0,1,1,1,1,0,0,1,1,0,1,0,0,1,0,1,0,1,1,0,0,0,1,0,0,0,1,0,0,1,0,1,0,0,0,1,1,1,0,0,0,0,0,1,0,0,0,1,0,1,1,1,0,1,0,1,0,0,1,0,0,0,0,1,0,1,1,0,0,1,0,1,0,1,1,0,1,0,1,1,0,0,1,1,0,1,1,1,1,0,0,0,0,1,1,0,0,1,1,0,0,0,1,1,1,0,1,0,0,0,1
0,1,0,0,0,1,0,0,0,0,0,0,0,0,0,0,0,1,1,0,0,1,1,1,0,0,1,0,1,1,1,0,0,0,0,0,0,0,0,1,0,1,0,1,0,0,0,1,0,0,0,1,0,0,0,0,0,0,0,1,0,0,1,0,0,0,0,0,0,0,0,1,0,1,0,0,0,0,0,0,1,0,0,0,0,0,0,0,1,0,0,0,0,0,0,1,0,0,0,0,0,0,0,0,0,0,0,1,0,0,0,1,0,0,0,0,0,0,1,0,1,0,0,0,0,0,0,0,0,0,0,0,1,0,0,0,0,0,0,0,0,1,0,0,0,0,0,1,0,0,0,0,0,0,0,0,0,1,0,0,1,0,0,1,0,0,0,0,0,0,0,0,0,0,0,0,1,0,0,0,0,0,0,1,1,0,0,0,1,0,0,0,1,0,0,1,1,0,0,0,0,0,0,1,0,0,1,0,0,1,0,0,0,1,0,1,0,1,0,0,0
0,1,0,0,0,1,1,0,0,0,0,0,0,0,0,0,0,1,1,0,0,0,0,0,0,0,1,0,0,0,1,0,0,0,0,0,0,0,0,1,0,1,0,1,0,0,0,1,1,0,0,1,0,0,0,0,0,1,1,0,0,0,1,0,0,0,0,0,1,0,0,1,0,1,0,0,0,0,0,0,1,0,0,0,0,0,0,0,1,0,1,0,0,0,0,1,0,1,0,0,0,0,0,0,0,0,0,1,0,0,0,1,1,1,1,0,0,1,1,0,1,0,0,1,0,1,0,1,1,0,0,0,1,0,0,0,1,0,0,1,0,1,0,0,0,1,1,1,0,0,0,0,0,1,0,0,0,1,0,1,1,1,0,1,0,1,0,0,1,0,0,0,0,1,0,1,1,0,0,1,0,1,0,1,1,0,1,0,1,1,0,0,1,1,0,1,1,1,1,0,0,0,0,1,1,0,0,1,1,0,0,0,1,1,1,0,1,0,0,0,1
0,1,0,0,0,1,1,1,0,0,0,0,0,0,0,1,1,1,1,0,0,1,0,0,0,0,1,0,0,0,1,0,0,0,0,0,0,0,0,1,0,1,1,1,0,0,0,1,1,0,0,1,0,0,0,0,0,1,1,0,0,0,1,0,0,0,0,0,1,0,0,1,0,1,0,0,0,0,0,0,1,0,0,0,0,0,0,0,1,0,1,0,0,0,0,1,0,1,0,0,0,0,0,0,0,0,0,1,0,0,0,1,1,1,1,0,0,1,1,0,1,0,0,1,1,1,0,1,1,0,0,0,1,0,0,0,1,0,0,1,0,1,0,0,0,1,1,1,0,0,1,1,0,1,0,0,0,1,0,1,1,1,0,1,0,1,0,0,1,0,0,0,0,1,0,1,1,0,1,1,0,1,0,1,1,0,1,0,1,1,0,0,1,1,0,1,1,1,1,0,0,0,0,1,1,0,0,1,1,0,0,0,1,1,1,0,1,0,0,0,1
0,1,0,0,0,1,1,0,0,0,0,0,0,0,0,1,1,1,1,0,0,1,1,1,0,0,1,0,1,0,1,0,0,0,0,0,0,0,0,1,0,1,0,1,0,0,0,1,1,0,0,1,0,0,0,0,0,1,1,0,0,0,1,0,0,0,0,0,1,0,0,1,0,1,0,0,0,0,0,0,1,0,0,0,0,0,0,0,1,0,1,0,0,0,0,1,0,1,0,0,0,0,0,0,0,0,0,1,0,0,0,1,1,1,1,0,0,1,1,0,1,0,0,1,0,1,0,1,1,0,0,0,1,0,0,0,1,0,0,1,0,1,0,0,0,1,1,1,0,0,0,0,0,1,0,0,0,1,0,1,1,1,0,1,0,1,0,0,1,0,0,0,0,1,0,1,1,0,0,1,0,1,0,1,1,0,1,0,1,1,0,0,1,1,0,1,1,1,1,0,0,0,0,1,1,0,1,1,1,1,0,0,1,1,1,0,1,1,0,0,1
0,1,0,1,1,1,1,0,0,0,0,0,0,0,0,1,1,1,0,1,1,1,0,1,0,1,1,1,0,0,1,0,0,1,0,0,1,0,1,0,0,1,1,1,1,1,0,1,1,1,1,1,1,1,1,1,1,0,0,0,0,1,0,1,1,1,0,1,1,0,1,1,1,0,1,1,1,0,1,1,1,1,1,1,1,0,1,1,1,1,0,1,1,1,1,0,1,0,0,1,0,1,1,1,1,0,1,1,0,1,1,1,0,0,0,1,1,0,1,0,1,1,1,0,0,0,0,1,0,0,1,1,1,0,0,1,0,0,1,1,1,0,0,1,1,0,0,1,0,0,1,0,0,1,0,1,0,0,0,0,1,0,0,1,1,1,0,0,0,0,1,0,0,0,1,0,1,1,0,0,1,1,0,1,0,1,1,0,1,1,0,1,1,0,1,1,1,1,0,0,0,1,1,1,0,0,1,0,0,0,0,0,0,0,0,0,0,0,0,1,0
0,1,0,1,0,1,1,0,0,0,0,0,0,0,0,1,1,1,1,0,0,1,0,1,0,1,1,0,0,0,1,0,0,1,0,0,1,0,1,1,0,0,1,1,1,1,0,0,1,0,0,1,1,1,1,1,1,1,1,0,0,1,0,1,1,1,0,1,1,0,1,1,1,0,0,1,1,0,1,1,1,0,0,1,1,0,1,1,1,1,1,1,1,1,0,0,1,1,0,0,0,1,1,0,1,0,1,1,0,1,1,0,1,1,0,1,0,1,1,0,1,1,1,1,0,0,0,1,1,0,0,1,1,0,0,1,1,0,1,1,1,0,0,1,1,1,1,1,0,0,1,0,0,1,0,1,0,0,0,1,1,0,0,1,1,1,0,0,1,0,1,0,0,1,1,1,1,1,0,0,1,1,0,1,0,1,1,0,1,1,0,1,1,0,1,1,1,1,1,0,0,1,1,1,0,0,1,1,0,0,0,0,0,0,1,0,0,0,0,1,0
0,1,0,1,1,1,1,0,0,0,0,0,0,0,0,1,1,1,0,1,1,1,0,1,0,1,1,1,0,0,1,0,0,1,0,0,1,0,1,0,0,1,1,1,1,1,0,1,1,1,1,1,1,1,1,1,1,0,0,0,0,1,0,1,1,1,0,1,1,0,1,1,1,0,1,1,1,0,1,1,1,1,1,1,1,0,1,1,1,1,0,1,1,1,1,0,1,0,0,1,0,1,1,1,1,0,1,1,0,1,1,1,0,0,0,1,1,0,1,0,1,1,1,0,0,0,0,1,0,0,1,1,1,0,0,1,0,0,1,1,1,0,0,1,1,0,0,1,0,0,1,0,0,1,0,1,0,0,0,0,1,0,0,1,1,1,0,0,0,0,1,0,0,0,1,0,1,1,0,0,1,1,0,1,0,1,1,0,1,1,0,1,1,0,1,1,1,1,0,0,0,1,1,1,0,0,1,0,0,0,0,0,0,0,0,0,0,0,0,1,0
0,1,0,1,0,1,1,1,0,0,0,0,0,0,0,1,1,1,1,0,0,1,0,1,0,1,1,0,0,0,1,0,0,1,0,0,1,0,1,1,0,0,1,1,1,1,0,0,1,0,0,1,1,1,1,1,1,1,1,0,0,1,0,1,1,1,0,1,1,0,1,1,1,0,0,1,1,0,1,1,1,0,0,1,1,0,1,1,1,1,1,1,1,1,0,0,1,1,0,0,0,1,1,0,1,0,1,1,0,1,1,0,1,1,1,1,0,1,1,0,1,1,1,1,0,1,0,1,1,0,0,1,1,0,0,1,1,0,1,1,1,0,0,1,1,1,1,1,0,0,1,0,0,1,0,1,0,0,0,1,1,1,0,1,1,1,0,0,1,0,1,0,0,1,1,1,1,1,0,1,1,1,0,1,0,1,1,0,1,1,0,1,1,0,1,1,1,1,1,0,0,1,1,1,0,0,1,1,1,0,0,0,1,0,1,0,1,0,0,1,1
0,1,0,1,0,1,1,0,0,0,0,0,0,0,0,1,1,1,1,0,0,1,0,1,0,1,1,0,0,0,1,0,0,1,0,0,1,0,1,0,0,0,1,1,1,1,0,0,1,0,0,1,1,1,1,1,1,0,0,0,0,1,0,1,1,1,0,1,1,0,1,1,1,0,0,1,1,0,1,1,1,0,0,1,1,0,1,1,1,1,0,1,1,1,0,0,1,0,0,0,0,1,1,0,1,0,1,1,0,1,1,0,0,0,0,1,0,0,1,0,1,1,1,0,0,0,0,1,0,0,0,1,1,0,0,1,0,0,1,1,1,0,0,1,1,0,0,1,0,0,1,0,0,1,0,1,0,0,0,0,1,0,0,1,1,1,0,0,0,0,1,0,0,0,1,0,1,1,0,0,1,1,0,1,0,1,1,0,1,1,0,1,1,0,1,1,1,1,1,0,0,1,1,1,0,0,1,0,0,1,0,0,0,0,0,0,0,1,0,1,0
0,1,0,1,0,1,1,0,0,0,0,0,0,0,0,1,1,1,1,0,0,1,1,1,1,1,1,0,1,0,1,0,0,1,0,0,1,0,1,0,0,0,1,1,1,1,0,0,1,0,0,1,1,1,1,1,1,0,0,1,0,1,0,1,1,1,0,1,1,0,1,1,1,0,0,1,1,0,1,1,1,0,0,1,1,0,1,1,1,1,0,1,1,1,0,0,1,0,0,0,0,1,1,0,1,0,1,1,0,1,1,0,0,0,0,1,0,0,1,0,1,1,1,0,0,0,0,1,0,0,0,1,1,0,0,1,0,0,1,1,1,0,0,1,1,0,0,1,0,0,1,0,0,1,0,1,0,0,0,0,1,0,0,1,1,1,0,0,0,0,1,0,0,0,1,0,1,1,0,0,1,1,0,1,0,1,1,0,1,1,0,1,1,0,1,1,1,1,0,0,0,1,1,1,0,0,1,0,0,0,0,0,0,1,0,0,0,0,0,1,0
0,1,0,1,0,1,1,0,0,0,0,0,0,0,0,1,1,1,1,0,0,1,0,1,0,1,1,0,0,0,1,0,0,1,0,0,1,0,1,1,0,0,1,1,1,1,0,0,1,0,0,1,1,1,1,1,1,1,1,0,0,1,0,1,1,1,0,1,1,0,1,1,1,0,0,1,1,0,1,1,1,0,0,1,1,0,1,1,1,1,1,1,1,1,0,0,1,1,0,0,0,1,1,0,1,0,1,1,0,1,1,0,1,1,0,1,0,1,1,0,1,1,1,1,0,0,0,1,1,0,0,1,1,0,0,1,1,0,1,1,1,0,0,1,1,1,1,1,0,0,1,0,0,1,0,1,0,0,0,1,1,0,0,1,1,1,0,0,1,0,1,0,0,1,1,1,1,1,0,0,1,1,0,1,0,1,1,0,1,1,0,1,1,0,1,1,1,1,1,0,0,1,1,1,0,0,1,1,0,0,0,0,0,0,1,0,0,0,0,1,0
0,1,0,0,0,1,1,1,0,0,0,0,0,0,0,0,1,1,1,0,1,1,0,1,0,1,1,1,1,1,1,0,0,0,0,0,0,0,0,1,0,1,0,1,0,0,0,1,1,0,0,1,0,0,0,0,1,1,1,1,0,0,1,0,0,0,0,0,1,0,0,1,0,1,0,0,0,0,1,0,1,0,0,0,0,0,1,0,0,0,1,0,0,0,0,1,0,1,0,0,0,0,0,0,0,0,0,1,0,0,0,1,1,1,1,0,0,1,0,0,1,0,0,1,0,1,0,1,1,0,0,0,1,0,0,0,1,0,0,1,0,1,0,0,0,1,1,1,0,0,1,0,0,1,1,0,1,1,0,1,0,1,1,0,0,1,0,0,1,0,0,0,0,1,0,1,0,0,0,1,0,1,0,1,1,0,1,0,1,1,1,1,1,1,1,1,1,1,1,1,1,1,0,1,1,0,1,1,1,1,1,0,1,0,1,1,1,1,1,0,1
1,1,0,0,0,1,1,1,0,0,1,1,0,0,1,0,0,1,0,0,0,0,0,0,0,0,0,0,0,0,1,0,0,0,1,1,1,0,0,1,0,0,1,1,0,0,0,0,1,0,0,1,0,0,0,0,1,0,0,0,0,0,0,0,0,0,0,0,1,1,0,1,0,1,0,0,0,0,1,0,1,0,0,0,0,0,1,0,0,0,0,0,0,0,0,0,0,0,0,0,0,0,0,0,0,0,0,1,0,0,0,0,0,0,0,0,0,0,0,0,1,0,0,0,0,1,0,0,0,0,0,0,1,0,1,0,0,0,0,0,0,0,0,0,0,0,0,0,0,0,1,0,1,0,0,0,0,0,0,0,0,0,0,0,0,1,0,0,1,1,0,0,0,0,0,0,0,0,0,1,0,0,0,1,1,0,1,0,1,1,0,0,1,1,0,1,1,1,1,0,0,0,0,1,1,1,1,0,0,0,0,0,0,1,0,1,0,1,0,0,0
0,1,0,0,0,1,1,0,0,0,0,0,0,0,0,1,1,1,1,0,0,1,1,1,0,0,1,0,0,0,1,0,0,1,1,0,0,1,1,1,0,1,0,1,0,0,0,1,1,0,0,1,0,0,0,0,0,1,1,1,0,0,0,1,1,0,0,0,1,1,0,0,0,0,0,0,0,0,0,0,0,0,0,0,0,0,0,0,1,0,1,0,0,0,0,0,0,1,0,0,0,0,0,0,0,1,0,0,0,0,0,1,1,1,1,0,0,1,1,0,0,0,0,1,0,1,0,1,1,0,0,0,0,0,0,0,1,0,0,1,0,0,0,0,0,1,1,1,0,0,0,0,1,1,0,0,0,0,0,1,1,1,0,1,0,1,0,0,1,0,1,0,0,1,0,1,1,0,0,1,0,1,1,0,0,0,1,1,0,1,0,1,0,0,0,1,1,1,1,0,0,1,1,0,0,0,1,1,1,1,1,0,1,1,1,1,1,1,1,1,1
1,1,0,1,1,1,0,0,0,1,1,0,1,1,0,1,1,1,1,0,0,1,1,1,1,1,1,1,1,1,1,0,1,1,0,0,0,0,1,1,1,1,1,1,1,1,1,1,1,0,0,0,0,1,1,0,0,1,1,1,1,1,0,1,1,1,0,1,1,0,1,0,1,0,0,1,0,0,0,1,0,0,0,1,0,0,0,1,1,1,1,1,0,0,0,0,1,1,1,1,1,1,0,0,1,1,1,0,0,1,1,1,1,1,0,1,1,1,1,1,0,1,0,1,0,0,0,1,1,0,1,1,0,0,0,1,1,1,1,1,0,0,1,1,1,1,1,1,0,0,1,0,0,1,1,1,0,0,0,1,1,0,1,1,0,1,1,0,1,0,1,0,0,1,0,1,1,1,0,0,1,1,0,0,0,0,1,1,0,1,0,1,0,0,0,1,1,1,0,0,0,1,1,0,0,0,1,0,0,0,1,1,0,0,0,0,0,0,1,1,0
1,1,1,1,1,1,0,0,0,1,1,0,1,1,0,1,1,1,1,0,0,1,1,1,1,1,1,1,1,1,1,0,1,1,0,0,0,0,1,1,1,1,1,1,1,1,1,1,1,0,0,0,0,1,1,0,0,1,1,1,1,1,0,1,1,1,0,1,1,0,1,0,1,0,0,1,0,0,0,1,0,0,0,1,0,0,0,1,1,1,1,1,0,0,0,0,1,1,1,1,1,1,0,0,1,1,1,0,0,1,1,1,1,1,0,1,1,1,1,1,0,1,0,1,0,0,0,1,1,0,1,1,0,0,0,1,1,1,1,1,0,0,1,1,1,1,1,1,0,0,1,0,0,1,1,1,0,0,0,1,1,0,1,1,0,1,1,0,1,0,1,0,0,1,0,1,1,1,0,0,1,1,0,0,0,0,1,1,0,1,0,1,0,0,0,1,1,1,0,0,0,1,1,0,0,0,1,0,0,0,1,1,0,0,0,0,0,0,1,1,0
1,1,1,1,1,1,0,0,0,1,1,0,1,1,0,1,1,1,1,0,0,1,1,1,1,1,1,1,1,1,1,0,1,1,0,0,0,0,1,1,1,1,1,1,1,1,1,1,1,0,0,0,0,1,1,0,0,1,1,1,1,1,0,1,1,1,0,1,1,0,1,0,1,0,0,1,0,0,0,1,0,0,0,1,0,0,0,1,1,1,1,1,0,0,0,0,1,1,1,1,1,1,0,0,1,1,1,0,0,1,1,1,1,1,0,1,1,1,1,1,0,1,0,1,0,0,0,1,1,0,1,1,0,0,0,1,1,1,1,1,0,0,1,1,1,1,1,1,0,0,1,0,0,1,1,1,0,0,0,1,1,0,1,1,0,1,1,0,1,0,1,0,0,1,0,1,1,1,0,0,1,1,0,0,0,0,1,1,0,1,0,1,0,0,0,1,1,1,0,0,0,1,1,0,0,0,1,0,0,0,1,1,0,0,0,0,0,0,1,1,0
1,1,1,1,1,1,0,0,0,1,1,0,1,1,0,1,1,1,1,0,0,1,1,1,1,1,1,1,1,1,1,0,1,1,0,0,0,0,1,1,1,1,1,1,1,1,1,1,1,0,0,0,0,1,1,0,0,1,1,1,1,1,0,1,1,1,0,1,1,0,1,0,1,0,0,1,0,0,0,1,0,0,0,1,0,0,0,1,1,1,1,1,0,0,0,0,1,1,1,1,1,1,0,0,1,1,1,0,0,1,1,1,1,1,0,1,1,1,1,1,0,1,0,1,0,0,0,1,1,0,1,1,0,0,0,1,1,1,1,1,0,0,1,1,1,1,1,1,0,0,1,0,0,1,1,1,0,0,0,1,1,0,1,1,0,1,1,0,1,0,1,0,0,1,0,1,1,1,0,0,1,1,0,0,0,0,1,1,0,1,0,1,0,0,0,1,1,1,0,0,0,1,1,0,0,0,1,0,0,0,1,1,0,0,0,0,0,0,1,1,0
0,1,0,0,0,1,0,0,1,0,0,0,0,0,0,0,0,1,1,0,0,1,1,0,0,0,1,0,1,0,1,1,0,0,1,0,0,0,1,1,0,0,0,1,0,0,0,0,0,0,0,1,0,1,1,0,0,1,1,0,0,0,0,0,0,0,0,0,0,1,1,0,1,0,0,1,0,0,0,1,0,0,0,1,0,0,0,1,1,0,0,0,0,0,0,0,0,1,0,1,0,0,0,0,0,0,0,0,0,1,1,0,1,1,0,1,1,1,1,0,0,1,0,0,0,0,0,1,1,0,1,0,0,0,0,0,0,0,0,0,0,0,0,1,0,0,1,1,0,0,0,0,1,1,0,0,0,0,0,0,0,0,0,1,0,1,0,0,1,0,0,0,0,1,0,1,0,0,0,0,1,0,1,0,0,0,1,0,0,1,0,0,0,0,0,1,1,1,1,0,0,0,0,0,0,0,0,0,1,0,0,0,0,1,0,0,1,0,0,0,0
0,1,0,0,0,1,0,0,1,1,0,0,0,0,0,0,0,1,1,0,0,1,1,0,0,0,1,0,1,0,1,1,1,0,1,0,0,0,1,1,1,0,0,1,0,0,1,0,0,0,0,0,0,1,1,0,0,1,1,0,0,0,0,0,0,0,0,0,0,1,1,0,1,0,0,1,0,0,0,1,0,0,0,1,0,0,0,1,1,0,0,0,0,0,0,0,0,1,1,1,1,0,0,0,0,0,0,0,0,1,1,0,1,1,0,1,1,1,1,1,0,1,0,0,0,0,0,1,1,0,1,0,0,0,0,0,0,1,0,0,0,0,1,1,0,0,1,1,0,0,0,0,1,1,0,0,0,0,0,0,0,0,0,1,0,1,0,0,1,0,0,0,0,1,0,1,0,0,0,0,1,0,1,0,0,0,1,0,0,1,0,0,0,0,0,1,1,1,1,0,0,0,0,0,0,0,0,0,1,0,0,0,0,0,0,0,1,0,0,0,0
0,1,0,0,0,1,0,0,1,0,0,0,0,0,0,0,0,1,1,0,0,1,1,0,0,0,1,0,1,0,1,1,0,0,1,0,0,0,1,1,0,0,0,1,0,0,0,0,0,0,0,0,0,1,1,0,0,1,1,0,0,0,0,0,0,0,0,0,0,1,1,0,1,0,0,1,0,0,0,1,0,0,0,1,0,0,0,1,1,0,0,0,0,0,0,0,0,1,0,1,0,0,0,0,0,0,0,0,0,1,1,0,1,1,0,1,1,1,1,0,0,1,0,0,0,0,0,1,1,0,1,0,0,0,0,0,0,0,0,0,0,0,0,1,0,0,1,1,0,0,0,0,1,1,0,0,0,0,0,0,0,0,0,1,0,1,0,0,1,0,0,0,0,1,0,1,0,0,0,0,1,0,1,0,0,0,1,0,0,1,0,0,0,0,0,1,1,1,1,0,0,0,0,0,0,0,0,0,1,0,0,0,0,0,0,0,1,0,0,0,0
0,1,0,0,0,1,0,0,1,0,0,0,0,0,0,0,0,1,1,0,0,1,1,0,0,0,1,0,1,0,1,1,0,0,1,0,0,0,1,1,0,0,0,1,0,0,0,0,0,0,0,0,0,1,1,0,0,1,1,0,0,0,0,0,0,0,0,0,0,1,1,0,1,0,0,1,0,0,0,1,0,0,0,1,0,0,0,1,1,0,0,0,0,0,0,0,0,1,0,1,0,0,0,0,0,0,0,0,0,1,1,0,1,1,0,1,1,1,1,0,0,1,0,0,0,0,0,1,1,0,1,0,0,0,0,0,0,0,0,0,0,0,0,1,0,0,1,1,0,0,0,0,1,1,0,0,0,0,0,0,0,0,0,1,0,1,0,0,1,0,0,0,0,1,0,1,0,0,0,0,1,0,1,0,0,0,1,0,0,1,0,0,0,0,0,1,1,1,1,0,0,0,0,0,0,0,0,0,1,0,0,0,0,0,0,0,1,0,0,0,0
0,1,0,0,0,1,1,0,1,0,0,0,0,0,0,0,0,1,1,0,0,1,1,0,0,0,1,0,1,0,1,1,0,0,1,0,0,0,1,1,0,0,0,1,0,0,0,0,0,0,0,0,0,1,1,0,0,1,1,0,0,0,0,0,0,0,0,0,0,1,1,0,1,0,0,1,0,0,0,1,0,0,0,1,0,0,0,1,1,0,0,0,0,0,0,0,0,1,0,1,0,0,0,0,0,0,0,0,0,1,1,0,1,1,0,1,1,1,1,0,0,1,0,0,0,0,0,1,1,0,1,0,0,0,0,0,0,0,0,0,0,0,0,1,0,0,1,1,0,0,0,0,1,1,0,0,0,0,0,0,0,0,0,1,0,1,0,0,1,0,0,0,0,1,0,1,0,0,0,0,1,0,1,0,0,0,1,0,0,1,0,0,0,0,0,1,1,1,1,0,0,0,0,0,0,0,0,0,1,0,0,0,0,0,0,0,1,0,0,0,0
0,1,0,0,0,1,0,0,1,0,1,0,0,1,0,0,0,1,1,0,0,0,0,0,0,1,1,0,1,0,1,1,0,0,1,0,0,0,1,1,0,0,0,1,0,0,0,0,0,0,0,0,0,1,1,0,0,1,1,0,0,0,0,0,0,0,0,0,0,1,1,0,1,0,0,1,0,0,0,1,0,0,0,1,0,0,0,1,1,0,0,0,0,0,0,0,0,1,0,1,0,0,0,0,0,0,0,0,0,1,1,0,1,1,0,1,1,1,1,0,0,1,0,0,0,0,0,1,1,0,1,0,0,0,0,0,0,0,0,0,0,0,0,1,0,0,1,1,0,0,0,0,1,1,0,0,0,0,0,0,0,0,0,1,0,1,0,0,1,0,0,0,0,1,0,1,0,0,0,0,1,0,1,0,0,0,1,0,0,1,0,0,0,0,0,1,1,1,1,0,0,0,0,0,0,0,0,0,1,0,0,0,0,0,0,0,1,0,0,0,0
0,1,0,1,0,1,0,0,0,0,0,0,0,0,0,1,1,1,1,0,0,1,0,1,1,1,1,0,0,0,1,0,0,1,0,1,1,0,1,1,0,0,0,1,1,1,0,0,0,0,0,1,1,1,1,1,0,0,0,0,0,1,0,1,1,1,0,1,0,0,1,1,1,1,0,1,1,0,0,1,1,0,0,1,1,0,0,1,1,1,0,1,1,1,0,0,1,0,0,0,0,1,1,0,1,0,1,1,0,1,1,0,0,0,0,1,0,0,1,0,1,1,1,0,0,0,0,0,0,0,0,1,1,0,0,1,0,0,1,0,1,0,0,1,1,0,0,1,0,0,0,0,0,0,0,1,0,0,0,0,1,0,0,1,1,0,0,0,0,0,1,0,0,0,1,0,1,1,0,0,1,0,0,1,0,1,0,0,1,0,0,0,1,0,1,1,1,0,0,0,0,0,0,1,0,1,1,0,0,0,0,0,0,1,0,0,0,0,0,1,0
0,1,0,1,1,1,0,0,0,0,0,0,0,0,0,1,1,1,0,1,1,1,0,1,1,1,1,1,0,0,1,0,0,1,0,1,1,0,1,1,0,1,0,1,1,1,0,1,0,1,1,1,1,1,1,1,0,0,0,0,0,1,0,1,1,1,0,1,0,0,1,1,1,1,1,1,1,0,0,1,1,1,1,1,1,0,0,1,1,1,0,1,1,1,1,0,1,0,0,1,0,1,1,1,1,0,1,1,0,1,1,1,0,0,0,1,1,0,1,0,1,1,1,0,0,0,0,0,0,0,1,1,1,0,0,1,0,0,1,0,1,0,0,1,1,0,0,1,0,0,0,0,0,0,0,1,0,0,0,0,1,0,0,1,1,0,0,0,0,0,1,0,0,0,1,0,1,1,0,0,1,0,0,1,0,1,0,0,1,0,0,0,1,0,1,1,1,0,0,0,0,0,0,1,0,1,1,0,0,0,0,0,0,1,0,0,0,0,0,1,0
0,1,0,1,0,1,1,0,0,0,0,0,0,0,0,1,1,1,1,0,0,1,0,1,1,1,1,0,0,0,1,0,0,1,0,1,1,0,1,1,0,0,0,1,1,1,0,0,1,0,0,1,1,1,1,1,0,1,1,0,0,1,0,1,1,1,0,1,1,0,1,1,1,1,0,1,1,0,0,1,1,0,0,1,1,0,0,1,1,1,1,1,1,1,0,0,1,1,0,0,0,1,1,0,1,0,1,1,0,1,1,0,1,1,0,1,0,1,1,0,1,1,1,1,0,0,0,1,1,0,0,1,1,0,0,1,1,0,1,1,1,0,0,1,1,1,1,1,0,0,0,0,0,1,0,1,0,0,0,1,1,0,0,1,1,1,0,0,1,0,1,0,0,1,1,1,1,1,0,0,1,1,0,1,0,1,1,0,1,1,0,0,1,0,1,1,1,1,1,0,0,0,0,1,0,1,1,1,0,0,0,0,0,1,1,0,0,0,0,1,0
0,1,0,1,0,1,0,0,0,0,0,0,0,0,0,1,1,1,1,0,0,1,0,1,1,1,1,0,0,0,1,0,0,1,0,1,1,0,1,1,0,0,0,1,1,1,0,0,0,0,0,1,1,1,1,1,0,0,0,0,0,1,0,1,1,1,0,1,0,0,1,1,1,1,0,1,1,0,0,1,1,0,0,1,1,0,0,1,1,1,0,1,1,1,0,0,1,0,0,0,0,1,1,0,1,0,1,1,0,1,1,0,0,0,0,1,0,0,1,0,1,1,1,0,0,0,0,0,0,0,0,1,1,0,0,1,0,0,1,0,1,0,0,1,1,0,0,1,0,0,0,0,0,0,0,1,0,0,0,0,1,0,0,1,1,0,0,0,0,0,1,0,0,0,1,0,1,1,0,0,1,0,0,1,0,1,0,0,1,0,0,0,1,0,1,1,1,0,0,0,0,0,0,1,0,1,1,0,0,0,0,0,0,1,0,0,0,0,0,1,0
0,1,0,1,0,1,0,0,0,0,0,0,0,0,0,1,1,1,1,0,0,1,0,1,1,1,1,0,0,0,1,0,0,1,0,1,1,0,1,1,0,0,0,1,1,1,0,0,0,0,0,1,1,1,1,1,0,0,0,0,0,1,0,1,1,1,0,1,0,0,1,1,1,1,0,1,1,0,0,1,1,0,0,1,1,0,0,1,1,1,0,1,1,1,0,0,1,0,0,0,0,1,1,0,1,0,1,1,0,1,1,0,0,0,0,1,0,0,1,0,1,1,1,0,0,0,0,0,0,0,0,1,1,0,0,1,0,0,1,0,1,0,0,1,1,0,0,1,0,0,0,0,0,0,0,1,0,0,0,0,1,0,0,1,1,0,0,0,0,0,1,0,0,0,1,0,1,1,0,0,1,0,0,1,0,1,0,0,1,0,0,0,1,0,1,1,1,0,0,0,0,0,0,1,0,1,1,0,0,0,0,0,0,1,0,0,0,0,0,1,0
1,1,0,0,0,1,1,0,0,0,1,1,0,0,0,0,0,1,1,0,0,1,1,0,0,0,0,0,0,0,1,0,0,0,1,1,1,0,0,1,0,0,1,1,0,0,0,0,1,0,0,1,0,0,0,0,0,0,0,0,0,0,0,0,0,0,0,0,1,1,0,0,0,0,0,0,0,0,0,0,0,0,0,0,0,0,0,0,0,0,0,0,0,0,0,0,0,0,0,0,0,0,0,0,0,0,0,0,0,0,0,0,0,0,0,0,0,0,0,0,0,0,0,0,0,0,0,0,0,0,0,0,0,0,0,0,0,0,0,0,0,0,0,0,0,0,0,0,0,0,1,0,1,0,0,0,0,0,0,0,0,0,0,0,0,1,0,1,0,0,0,0,0,0,0,0,0,0,0,0,0,0,0,0,0,0,1,0,0,1,1,0,0,0,0,1,1,1,1,1,1,0,0,0,0,1,1,0,0,0,0,0,0,1,1,1,1,1,1,0,0
1,1,0,0,0,1,1,0,0,0,1,1,0,0,0,0,0,1,1,0,0,1,1,0,0,0,0,0,0,0,1,0,0,0,1,1,1,0,0,1,0,0,1,1,0,0,0,0,1,0,0,1,0,0,0,0,0,0,0,0,0,0,0,0,0,0,0,0,0,1,0,0,0,0,0,0,0,0,0,0,0,0,0,0,0,0,0,0,0,0,0,0,0,0,0,0,0,0,0,0,0,0,0,0,0,0,0,0,0,0,0,0,0,0,0,0,0,0,0,0,0,0,0,0,0,0,0,0,0,0,0,0,0,0,0,0,0,0,0,0,0,0,0,0,0,0,0,0,0,0,0,0,1,0,0,0,0,0,0,0,0,0,0,0,0,1,0,0,0,0,0,0,0,0,0,0,0,0,0,0,0,0,0,0,0,0,1,0,0,1,1,0,0,0,0,1,1,1,1,0,1,0,0,0,0,1,1,0,0,0,0,0,0,1,1,1,1,1,1,0,0
0,1,0,0,0,1,1,0,0,1,0,0,0,0,0,1,1,1,1,0,1,1,0,1,0,1,1,0,1,0,1,0,1,0,0,0,0,0,1,1,1,0,1,1,1,1,1,0,1,0,0,1,0,1,1,0,1,1,1,1,1,1,0,0,0,1,0,1,1,0,1,1,1,0,0,1,0,0,1,1,1,0,0,1,0,0,1,1,1,1,1,1,0,0,0,1,1,1,1,1,1,1,0,0,1,0,1,1,0,1,1,0,1,0,0,1,1,1,1,1,1,1,0,1,0,0,0,1,1,0,1,1,1,0,0,1,1,1,0,1,0,1,1,1,0,1,1,1,0,0,1,0,0,1,1,0,0,1,0,1,1,0,1,1,0,1,1,0,1,0,0,0,0,1,0,1,1,1,0,0,1,1,0,1,1,0,1,0,1,1,1,1,1,1,1,1,1,1,0,1,1,1,1,1,1,0,0,0,0,0,0,1,0,0,0,1,0,0,0,1,0
1,1,1,1,1,1,1,0,0,1,0,0,0,0,0,1,1,1,1,1,1,1,1,1,1,1,1,1,1,1,1,0,1,1,0,0,0,0,1,1,1,1,1,1,1,1,1,1,1,0,0,0,0,1,1,0,0,1,1,1,1,1,0,1,1,1,0,1,1,0,1,1,1,0,0,1,0,1,0,1,1,0,0,1,0,1,0,1,1,1,1,1,0,0,0,0,1,1,1,1,1,1,0,0,1,1,1,1,0,1,1,1,1,0,0,1,1,1,1,1,0,1,0,1,0,0,0,1,1,0,1,1,1,0,0,1,1,1,1,1,0,0,1,1,1,1,1,1,0,0,1,0,0,1,1,1,0,0,0,1,1,0,1,1,0,1,1,0,1,0,1,1,1,1,0,1,1,1,0,0,1,1,0,0,0,0,1,0,1,1,0,1,1,0,0,1,1,1,0,0,0,1,1,1,0,0,0,0,0,0,0,1,0,0,0,1,0,0,0,1,0
1,1,1,1,1,1,1,0,0,1,0,0,0,0,0,1,1,1,1,1,1,1,1,1,1,1,1,1,1,1,1,0,1,1,0,0,0,0,1,1,1,1,1,1,1,1,1,1,1,0,0,0,0,1,1,0,0,1,1,1,1,1,0,1,1,1,0,1,1,0,1,1,1,0,0,1,0,1,0,1,1,0,0,1,0,1,0,1,1,1,1,1,0,0,0,0,1,1,1,1,1,1,0,0,1,1,1,1,0,1,1,1,1,0,0,1,1,1,1,1,0,1,0,1,0,0,0,1,1,0,1,1,1,0,0,1,1,1,1,1,0,0,1,1,1,1,1,1,0,0,1,0,0,1,1,1,0,0,0,1,1,0,1,1,0,1,1,0,1,0,1,1,1,1,0,1,1,1,0,0,1,1,0,0,0,0,1,0,1,1,0,1,1,0,0,1,1,1,0,0,0,1,1,1,0,0,0,0,0,0,0,1,0,0,0,1,0,0,0,1,0
1,1,1,1,1,1,1,0,0,1,0,0,0,0,0,1,1,1,1,1,1,1,1,1,1,1,1,1,1,1,1,0,1,1,0,0,0,0,1,1,1,1,1,1,1,1,1,1,1,0,0,0,0,1,1,0,0,1,1,1,1,1,0,1,1,1,0,1,1,0,1,1,1,0,0,1,0,1,0,1,1,0,0,1,0,1,0,1,1,1,1,1,0,0,0,0,1,1,1,1,1,1,0,0,1,1,1,1,0,1,1,1,1,0,0,1,1,1,1,1,0,1,0,1,0,0,0,1,1,0,1,1,1,0,0,1,1,1,1,1,0,0,1,1,1,1,1,1,0,0,1,0,0,1,1,1,0,0,0,1,1,0,1,1,0,1,1,0,1,0,1,1,1,1,0,1,1,1,0,0,1,1,0,0,0,0,1,0,1,1,0,1,1,0,0,1,1,1,0,0,0,1,1,1,0,0,0,0,0,0,0,1,0,0,0,1,0,0,0,1,0
1,1,1,1,1,1,1,0,0,1,0,0,0,0,0,1,1,1,1,1,1,1,1,1,1,1,1,1,1,1,1,0,1,1,0,0,0,0,1,1,1,1,1,1,1,1,1,1,1,0,0,0,0,1,1,0,0,1,1,1,1,1,0,1,1,1,0,1,1,0,1,1,1,0,0,1,0,1,0,1,1,0,0,1,0,1,0,1,1,1,1,1,0,0,0,0,1,1,1,1,1,1,0,0,1,1,1,1,0,1,1,1,1,0,0,1,1,1,1,1,0,1,0,1,0,0,0,1,1,0,1,1,1,0,0,1,1,1,1,1,0,0,1,1,1,1,1,1,0,0,1,0,0,1,1,1,0,0,0,1,1,0,1,1,0,1,1,0,1,0,1,1,1,1,0,1,1,1,0,0,1,1,0,0,0,0,1,0,1,1,0,1,1,0,0,1,1,1,0,0,0,1,1,1,0,0,0,0,0,0,0,1,0,0,0,1,0,0,0,1,0
1,1,1,1,1,1,1,0,0,1,0,0,0,0,0,1,1,1,1,1,1,1,1,1,1,1,1,1,1,1,1,0,1,1,0,0,0,0,1,1,1,1,1,1,1,1,1,1,1,0,0,0,0,1,1,0,0,1,1,1,1,1,0,1,1,1,0,1,1,0,1,1,1,0,0,1,0,1,0,1,1,0,0,1,0,1,0,1,1,1,1,1,0,0,0,0,1,1,1,1,1,1,0,0,1,1,1,1,0,1,1,1,1,0,0,1,1,1,1,1,0,1,0,1,0,0,0,1,1,0,1,1,1,0,0,1,1,1,1,1,0,0,1,1,1,1,1,1,0,0,1,0,0,1,1,1,0,0,0,1,1,0,1,1,0,1,1,0,1,0,1,1,1,1,0,1,1,1,0,0,1,1,0,0,0,0,1,0,1,1,0,1,1,0,0,1,1,1,0,0,0,1,1,1,0,0,0,0,0,0,0,1,0,0,0,1,0,0,0,1,0
1,1,1,1,1,1,1,0,0,1,0,0,0,0,0,1,1,1,1,1,1,1,1,1,1,1,1,1,1,1,1,0,1,1,0,0,0,0,1,1,1,1,1,1,1,1,1,1,1,0,0,0,0,1,1,0,0,1,1,1,1,1,0,1,1,1,0,1,1,0,1,1,1,0,0,1,0,1,0,1,1,0,0,1,0,1,0,1,1,1,1,1,0,0,0,1,1,1,1,1,1,1,0,0,1,1,1,1,0,1,1,1,1,0,0,1,1,1,1,1,1,1,0,1,0,0,0,1,1,0,1,1,1,0,0,1,1,1,1,1,0,1,1,1,1,1,1,1,0,0,1,0,0,1,1,1,0,1,0,1,1,0,1,1,0,1,1,0,1,0,1,1,1,1,0,1,1,1,0,0,1,1,0,1,1,0,1,0,1,1,0,1,1,1,1,1,1,1,0,0,0,1,1,1,1,0,0,0,0,0,0,1,0,0,0,1,0,0,0,1,0
1,1,1,1,1,1,1,0,0,1,0,0,0,0,0,1,1,1,1,1,1,1,1,1,1,1,1,1,1,1,1,0,1,1,0,0,0,0,1,1,1,1,1,1,1,1,1,1,1,0,0,0,0,1,1,0,0,1,1,1,1,1,0,1,1,1,0,1,1,0,1,1,1,0,0,1,0,1,0,1,1,0,0,1,0,1,0,1,1,1,1,1,0,0,0,1,1,1,1,1,1,1,0,0,1,1,1,1,0,1,1,1,1,0,0,1,1,1,1,1,1,1,0,1,0,0,0,1,1,0,1,1,1,0,0,1,1,1,1,1,0,1,1,1,1,1,1,1,0,0,1,0,0,1,1,1,0,1,0,1,1,0,1,1,0,1,1,0,1,0,1,1,1,1,0,1,1,1,0,0,1,1,0,1,1,0,1,0,1,1,0,1,1,1,1,1,1,1,0,0,0,1,1,1,1,0,0,0,0,0,0,1,0,0,0,1,0,0,0,1,0
1,1,1,1,1,1,1,0,0,1,0,0,0,0,0,1,1,1,1,1,1,1,1,1,1,1,1,1,1,1,1,0,1,1,0,0,0,0,1,1,1,1,1,1,1,1,1,1,1,0,0,0,0,1,1,0,0,1,1,1,1,1,0,1,1,1,0,1,1,0,1,1,1,0,0,1,0,1,0,1,1,0,0,1,0,1,0,1,1,1,1,1,0,0,0,1,1,1,1,1,1,1,0,0,1,1,1,1,0,1,1,1,1,0,0,1,1,1,1,1,1,1,0,1,0,0,0,1,1,0,1,1,1,0,0,1,1,1,1,1,0,1,1,1,1,1,1,1,0,0,1,0,0,1,1,1,0,1,0,1,1,0,1,1,0,1,1,0,1,0,1,1,1,1,0,1,1,1,0,0,1,1,0,1,1,0,1,0,1,1,0,1,1,1,1,1,1,1,0,0,0,1,1,1,1,0,0,0,0,0,0,1,0,0,0,1,0,0,0,1,0
1,1,1,1,1,1,1,0,0,1,0,0,0,0,0,1,1,1,1,1,1,1,1,1,1,1,1,1,1,1,1,0,1,1,0,0,0,0,1,1,1,1,1,1,1,1,1,1,1,0,0,0,0,1,1,0,0,1,1,1,1,1,0,1,1,1,0,1,1,0,1,1,1,0,0,1,0,1,0,1,1,0,0,1,0,1,0,1,1,1,1,1,0,0,0,1,1,1,1,1,1,1,0,0,1,1,1,1,0,1,1,1,1,0,0,1,1,1,1,1,1,1,0,1,0,0,0,1,1,0,1,1,1,0,0,1,1,1,1,1,0,1,1,1,1,1,1,1,0,0,1,0,0,1,1,1,0,1,0,1,1,0,1,1,0,1,1,0,1,0,1,1,1,1,0,1,1,1,0,0,1,1,0,1,1,0,1,0,1,1,0,1,1,1,1,1,1,1,0,0,0,1,1,1,1,0,0,0,0,0,0,1,0,0,0,1,0,0,0,1,0
1,1,1,1,1,1,1,0,0,1,0,0,0,0,0,1,1,1,1,1,1,1,1,1,1,1,1,1,1,1,1,0,1,1,0,0,0,0,1,1,1,1,1,1,1,1,1,1,1,0,0,0,0,1,1,0,0,1,1,1,1,1,0,1,1,1,0,1,1,0,1,1,1,0,0,1,0,1,0,1,1,0,0,1,0,1,0,1,1,1,1,1,0,0,0,1,1,1,1,1,1,1,0,0,1,1,1,1,0,1,1,1,1,0,0,1,1,1,1,1,1,1,0,1,0,0,0,1,1,0,1,1,1,0,0,1,1,1,1,1,0,1,1,1,1,1,1,1,0,0,1,0,0,1,1,1,0,1,0,1,1,0,1,1,0,1,1,0,1,0,1,1,1,1,0,1,1,1,0,0,1,1,0,1,1,0,1,0,1,1,0,1,1,1,1,1,1,1,0,0,0,1,1,1,1,0,0,0,0,0,0,1,0,0,0,1,0,0,0,1,0
1,1,1,1,1,1,1,1,0,0,0,0,0,0,0,0,0,1,1,0,0,1,0,0,0,0,1,0,0,0,1,0,0,1,0,0,0,1,1,1,0,1,0,1,0,0,0,1,1,0,0,1,0,0,0,0,0,1,1,0,0,0,1,1,1,0,0,0,1,0,0,1,0,1,0,1,0,0,0,0,1,0,0,1,0,0,0,0,1,0,1,0,0,0,0,0,0,1,0,1,0,0,0,0,0,1,0,0,1,0,0,1,1,1,0,0,0,1,1,0,1,0,0,1,0,0,0,1,1,0,0,0,0,0,0,0,1,0,0,1,0,0,0,0,0,1,1,1,0,0,0,0,0,1,0,0,0,0,0,1,1,0,0,1,0,1,1,0,1,0,1,0,0,1,0,1,1,0,0,0,0,1,0,1,1,0,1,0,0,1,0,0,0,0,0,1,0,1,0,0,0,0,0,0,0,0,0,0,0,0,1,0,0,0,0,0,0,0,1,0,0
1,1,1,1,1,1,1,1,0,0,0,0,0,0,0,0,0,1,1,0,0,1,0,0,0,0,1,0,0,0,1,0,0,1,0,0,0,1,1,1,0,1,0,1,0,0,0,1,1,0,0,1,0,0,0,0,0,1,1,0,0,0,1,1,1,0,0,0,1,0,0,1,0,1,0,1,0,0,0,0,1,0,0,1,0,0,0,0,1,0,1,0,0,0,0,0,0,1,0,1,0,0,0,0,0,1,0,0,1,0,0,1,1,1,0,0,0,1,1,0,1,0,0,1,0,0,0,1,1,0,0,0,0,0,0,0,1,0,0,1,0,0,0,0,0,1,1,1,0,0,0,0,0,1,0,0,0,0,0,1,1,0,0,1,0,1,1,0,1,0,1,0,0,1,0,1,1,0,0,0,0,1,0,1,1,0,1,0,0,1,0,0,0,0,0,1,0,1,0,0,0,0,0,0,0,0,0,0,0,0,1,0,0,0,0,0,0,0,1,0,0
0,1,0,1,0,1,1,0,0,0,0,0,0,0,0,1,1,1,1,0,0,1,0,1,0,1,1,0,0,0,1,0,0,1,0,0,1,0,1,1,0,0,0,1,1,1,0,0,1,0,0,1,0,1,1,0,0,1,1,1,1,1,0,0,1,1,0,1,1,0,1,0,1,0,0,1,0,0,0,1,0,0,0,1,0,0,0,1,1,1,1,1,0,0,0,0,1,1,0,1,0,1,0,0,1,0,1,0,0,1,1,0,1,1,1,1,1,1,1,0,0,1,0,1,0,1,0,1,1,0,1,1,0,0,0,1,1,0,1,1,0,0,0,1,1,1,1,1,0,0,0,0,0,1,0,1,0,0,0,1,1,1,0,1,0,1,1,0,1,0,0,0,0,1,0,1,1,1,0,1,1,1,0,0,0,0,1,1,0,1,0,1,0,0,0,1,1,1,1,0,0,1,1,0,0,0,1,1,1,0,0,1,1,1,1,1,1,1,0,1,1
1,1,1,1,1,1,1,1,0,0,0,0,0,0,0,0,0,1,1,0,0,1,0,0,0,0,1,0,0,0,1,0,0,1,0,0,0,1,1,1,0,1,0,1,0,0,0,1,1,0,0,1,0,0,0,0,0,1,1,0,0,0,1,1,1,0,0,0,1,0,0,1,0,1,0,1,0,0,0,0,1,0,0,1,0,0,0,0,1,0,1,0,0,0,0,0,0,1,0,1,0,0,0,0,0,1,0,0,1,0,0,1,1,1,0,0,0,1,1,0,1,0,0,1,0,0,0,1,1,0,0,0,0,0,0,0,1,0,0,1,0,0,0,0,0,1,1,1,0,0,0,0,0,1,0,0,0,0,0,1,1,0,0,1,0,1,1,0,1,0,1,0,0,1,0,1,1,0,0,0,0,1,0,1,1,0,1,0,0,1,0,0,0,0,0,1,0,1,0,0,0,0,0,0,0,0,0,0,0,0,1,0,0,0,0,0,0,0,1,0,0
0,1,0,1,0,1,1,0,0,0,0,0,0,0,0,1,1,1,1,0,0,1,0,1,0,1,1,0,0,0,1,0,0,1,0,0,1,0,1,1,0,0,0,1,1,1,0,0,1,0,0,1,0,1,1,0,0,1,1,1,1,1,0,0,1,1,0,1,1,0,1,0,1,0,0,1,0,0,0,1,0,0,0,1,0,0,0,1,1,1,1,1,0,0,0,0,1,1,0,1,0,1,0,0,1,0,1,0,0,1,1,0,1,1,1,1,1,1,1,0,0,1,0,1,0,1,0,1,1,0,1,1,0,0,0,1,1,0,1,1,0,0,0,1,1,1,1,1,0,0,0,0,0,1,0,1,0,0,0,1,1,1,0,1,0,1,1,0,1,0,0,0,0,1,0,1,1,1,0,1,1,1,0,0,0,0,1,1,0,1,0,1,0,0,0,1,1,1,1,0,0,1,1,0,0,0,1,1,1,0,0,1,1,1,1,1,1,1,0,1,1
0,1,0,1,0,0,0,0,0,0,0,0,0,0,0,1,1,1,0,1,1,1,0,1,0,1,1,1,0,0,0,0,0,1,0,0,1,0,1,0,0,1,0,0,1,1,0,1,0,1,1,1,1,1,1,1,0,0,0,1,0,1,0,0,1,1,0,1,0,0,1,0,1,0,1,1,1,0,0,1,0,1,1,1,1,0,0,1,1,1,0,1,1,1,1,0,1,0,0,1,0,1,1,1,1,0,1,0,0,1,1,1,0,0,0,1,1,0,1,0,0,1,1,0,0,0,0,0,0,0,1,1,0,0,0,1,0,0,1,0,1,0,0,1,1,0,0,1,0,0,0,0,0,0,0,1,0,0,0,0,1,0,0,1,1,0,0,0,0,0,0,0,0,0,1,0,1,1,0,0,1,0,0,0,0,1,0,0,0,0,0,0,0,0,0,1,1,0,0,0,0,0,0,0,0,0,1,0,0,0,0,0,0,1,0,1,0,1,0,1,0
0,1,0,1,0,0,0,0,0,0,0,0,0,0,0,1,1,1,0,1,1,1,0,1,0,1,1,1,0,0,0,0,0,1,0,0,1,0,1,0,0,1,0,0,1,1,0,1,0,1,1,1,0,1,1,0,0,0,0,1,1,1,0,0,1,1,0,1,0,0,1,0,1,0,1,1,0,0,0,1,0,1,1,1,0,0,0,1,1,1,0,1,0,0,1,0,1,0,0,1,0,1,0,1,1,0,1,0,0,1,1,1,0,0,0,1,1,0,1,0,0,1,0,0,0,0,1,0,0,0,1,1,0,0,0,1,0,0,1,0,0,0,0,1,1,0,0,1,1,0,0,0,0,0,0,1,0,0,0,0,1,0,0,1,0,0,0,0,0,0,0,0,0,0,0,0,1,1,0,0,1,0,0,0,0,0,0,0,0,0,0,0,0,0,0,1,1,0,0,0,0,0,0,0,0,0,1,0,0,0,0,0,0,1,0,1,0,1,0,1,0
0,1,0,1,0,1,0,0,0,0,1,0,0,1,0,1,1,1,0,0,0,1,0,0,0,1,1,1,0,0,1,0,0,1,0,0,1,0,1,1,0,0,0,1,1,1,0,0,0,0,0,1,0,1,1,0,0,1,0,1,0,1,0,0,1,1,0,1,1,0,1,1,1,1,0,1,0,1,0,1,1,0,0,1,0,1,0,1,1,1,1,1,0,0,0,1,1,1,0,0,0,1,0,0,1,0,1,1,0,1,1,0,1,0,0,1,0,1,1,0,1,1,0,1,0,0,0,1,1,0,0,1,1,1,0,1,1,0,1,1,0,1,0,1,1,1,1,1,0,1,1,0,0,1,1,1,0,1,0,1,1,0,1,1,0,1,1,0,1,0,0,1,0,1,0,1,1,1,0,0,1,1,0,1,0,0,1,1,1,1,0,1,1,0,1,1,1,1,1,0,0,0,1,1,0,0,1,0,0,0,0,0,0,1,0,1,0,1,0,1,0
0,1,0,1,0,1,0,0,0,0,1,0,0,1,0,1,1,1,0,0,0,1,0,0,0,1,1,1,0,0,1,0,0,1,0,0,1,0,1,1,0,0,0,1,1,1,0,0,0,0,0,1,0,1,1,0,0,1,0,1,0,1,0,0,1,1,0,1,1,0,1,1,1,1,0,1,0,1,0,1,1,0,0,1,0,1,0,1,1,1,1,1,0,0,0,1,1,1,0,0,0,1,0,0,1,0,1,1,0,1,1,0,1,0,0,1,0,1,1,0,1,1,0,1,0,0,0,1,1,0,0,1,1,1,0,1,1,0,1,1,0,1,0,1,1,1,1,1,0,1,1,0,0,1,1,1,0,1,0,1,1,0,1,1,0,1,1,0,1,0,0,1,0,1,0,1,1,1,0,0,1,1,0,1,0,0,1,1,1,1,0,1,1,0,1,1,1,1,1,0,0,0,1,1,0,0,1,0,0,0,0,0,0,1,0,1,0,1,0,1,0
0,1,0,1,0,1,0,0,0,0,1,0,1,1,0,1,1,1,0,0,0,1,0,0,0,1,1,1,0,0,1,0,0,1,0,0,1,0,1,0,0,0,0,1,1,1,0,0,0,0,0,1,0,1,1,0,0,1,0,0,1,1,0,0,1,1,0,1,1,0,1,1,1,0,0,1,0,1,0,1,1,0,0,1,0,1,0,1,1,1,1,1,0,0,0,1,1,1,0,0,0,1,0,0,1,0,1,1,1,1,1,0,1,0,0,1,0,1,1,0,1,1,0,1,1,0,1,1,1,0,0,1,1,1,0,1,1,0,1,1,0,1,0,1,1,1,1,1,1,1,1,1,0,1,1,1,0,1,0,1,1,0,1,1,0,1,1,0,1,0,0,1,0,1,0,1,1,1,1,0,1,1,0,1,0,0,1,0,1,1,0,1,1,0,1,1,1,1,1,0,0,0,1,1,0,0,1,0,0,0,0,0,0,1,0,1,0,1,0,1,0
0,1,0,1,0,1,0,0,0,0,1,0,1,1,0,1,1,1,0,0,0,1,0,0,0,1,1,1,0,0,1,0,0,1,0,0,1,0,1,0,0,0,0,1,1,1,0,0,0,0,0,1,0,1,1,0,0,1,0,0,1,1,0,0,1,1,0,1,1,0,1,1,1,0,0,1,0,1,0,1,1,0,0,1,0,1,0,1,1,1,1,1,0,0,0,1,1,1,0,0,0,1,0,0,1,0,1,1,1,1,1,0,1,0,0,1,0,1,1,0,1,1,0,1,1,0,1,1,1,0,0,1,1,1,0,1,1,0,1,1,0,1,0,1,1,1,1,1,1,1,1,1,0,1,1,1,0,1,0,1,1,0,1,1,0,1,1,0,1,0,0,1,0,1,0,1,1,1,1,0,1,1,0,1,0,0,1,0,1,1,0,1,1,0,1,1,1,1,1,0,0,0,1,1,0,0,1,0,0,0,0,0,0,1,0,1,0,1,0,1,0
0,1,0,1,0,1,0,0,0,0,1,0,1,1,0,1,1,1,0,0,0,1,0,0,0,1,1,1,0,0,1,0,0,1,0,0,1,0,1,0,0,0,0,1,1,1,0,0,0,0,0,1,0,1,1,0,0,1,0,0,1,1,0,0,1,1,0,1,1,0,1,1,1,0,0,1,0,1,0,1,1,0,0,1,0,1,0,1,1,1,1,1,0,0,0,1,1,1,0,0,0,1,0,0,1,0,1,1,1,1,1,0,1,0,0,1,0,1,1,0,1,1,0,1,1,0,1,1,1,0,0,1,1,1,0,1,1,0,1,1,0,1,0,1,1,1,1,1,1,1,1,1,0,1,1,1,0,1,0,1,1,0,1,1,0,1,1,0,1,0,0,1,0,1,0,1,1,1,1,0,1,1,0,1,0,0,1,0,1,1,0,1,1,0,1,1,1,1,1,0,0,0,1,1,0,0,1,0,0,0,0,0,0,1,0,1,0,1,0,1,0
0,1,0,1,0,0,0,0,1,0,1,0,1,1,0,1,1,1,0,0,0,1,0,0,0,1,1,1,0,0,0,1,0,1,0,0,1,0,1,0,0,0,0,0,1,1,0,0,0,0,0,1,1,1,1,1,0,0,0,0,0,1,0,0,1,1,0,1,0,0,1,0,1,0,0,1,1,0,0,1,0,0,0,1,1,0,0,1,1,1,0,1,1,1,0,0,1,0,0,0,0,1,1,0,1,0,1,0,0,1,1,0,0,0,0,1,0,0,1,0,0,1,1,0,0,0,0,0,0,0,0,1,0,0,0,1,0,0,1,0,1,0,0,1,1,0,0,1,0,0,0,0,0,0,0,1,0,0,0,0,1,0,0,1,1,0,0,0,0,0,0,0,0,0,1,0,1,1,0,0,1,0,0,0,0,1,0,0,0,0,0,0,0,0,0,1,1,0,0,0,0,0,0,0,0,0,1,0,0,0,0,0,0,1,0,1,0,1,0,1,0
0,1,0,1,0,0,0,0,1,0,1,0,1,1,0,1,1,1,0,0,0,1,0,0,0,1,1,1,0,0,0,1,0,1,0,0,1,0,1,0,0,0,0,0,1,1,0,0,0,0,0,1,1,1,1,1,0,0,0,0,0,1,0,0,1,1,0,1,0,0,1,0,1,0,0,1,1,0,0,1,0,0,0,1,1,0,0,1,1,1,0,1,1,1,0,0,1,0,0,0,0,1,1,0,1,0,1,0,0,1,1,0,0,0,0,1,0,0,1,0,0,1,1,0,0,0,0,0,0,0,0,1,0,0,0,1,0,0,1,0,1,0,0,1,1,0,0,1,0,0,0,0,0,0,0,1,0,0,0,0,1,0,0,1,1,0,0,0,0,0,0,0,0,0,1,0,1,1,0,0,1,0,0,0,0,1,0,0,0,0,0,0,0,0,0,1,1,0,0,0,0,0,0,0,0,0,1,0,0,0,0,0,0,1,0,1,0,1,0,1,0
0,0,0,1,1,0,0,0,1,0,1,0,1,1,0,1,1,1,0,0,0,1,0,0,0,1,1,1,0,0,0,1,0,1,0,0,1,0,1,0,0,0,0,0,1,1,0,0,0,0,0,1,1,1,1,1,0,0,0,1,0,1,0,0,1,1,0,1,0,0,1,0,1,0,0,1,1,0,0,1,0,0,0,1,1,0,0,1,1,1,0,1,1,1,0,0,1,0,0,0,0,1,1,0,1,0,1,0,0,1,1,0,0,0,0,1,0,0,1,0,0,1,1,0,0,0,0,0,0,0,0,1,0,0,0,1,0,0,1,0,1,0,0,1,1,0,0,1,0,0,0,0,0,0,0,1,0,0,0,0,1,0,0,1,0,0,0,0,0,0,0,0,0,0,1,0,1,1,0,0,1,0,0,0,0,1,0,0,0,0,0,0,0,0,0,1,1,0,0,0,0,0,0,0,0,0,1,0,0,0,0,0,0,1,0,1,0,1,0,1,0
0,0,0,1,1,0,0,0,0,0,1,0,1,1,0,1,1,1,0,0,0,1,0,0,0,1,1,1,0,0,0,0,0,1,0,0,1,0,1,0,0,1,0,0,1,1,0,1,0,1,1,1,1,1,1,1,0,0,0,1,0,1,0,0,1,1,0,1,0,0,1,0,1,0,1,1,1,0,0,1,0,1,1,1,1,0,0,1,1,1,0,1,1,1,0,0,1,0,0,0,0,1,1,0,1,0,1,0,0,1,1,0,0,0,0,1,0,0,1,0,0,1,1,0,0,0,0,0,0,0,1,1,0,0,0,1,0,0,1,0,1,0,0,1,1,0,0,1,0,0,0,0,0,0,0,1,0,0,0,0,1,0,0,1,0,0,0,0,0,0,0,0,0,0,1,0,1,1,0,0,1,0,0,0,0,1,0,0,0,0,0,0,0,0,0,1,1,0,0,0,0,0,0,0,0,0,1,0,0,0,0,0,0,1,0,1,0,1,0,1,0
0,1,0,1,0,1,0,0,0,1,0,0,0,0,0,1,1,1,1,0,0,1,0,1,0,1,1,0,0,0,1,0,1,1,0,0,1,0,1,0,1,0,0,1,1,1,1,0,0,0,0,1,0,1,1,0,0,0,0,1,1,1,0,1,1,1,0,1,0,0,1,1,1,0,0,1,0,1,0,1,1,0,0,1,0,1,0,1,1,1,0,1,0,0,0,0,1,0,1,1,1,1,0,0,1,0,1,0,0,1,1,0,0,0,0,1,1,0,1,1,0,1,0,0,0,0,0,0,0,0,1,1,0,0,0,1,0,1,1,0,0,0,1,1,1,0,0,1,0,0,0,0,0,0,0,1,0,0,0,0,1,0,0,1,0,0,0,0,0,0,1,1,0,0,0,0,1,1,0,0,1,0,0,0,0,0,0,0,0,0,0,0,0,0,0,1,1,0,0,0,0,0,0,0,0,0,1,0,0,0,0,1,0,1,0,1,0,1,0,1,0
0,1,0,0,0,1,0,0,0,1,0,0,0,0,0,1,1,1,1,0,0,1,0,1,0,1,1,0,0,0,1,0,1,0,1,0,1,0,1,1,1,0,0,1,1,1,1,0,0,0,0,1,0,1,1,0,0,1,1,1,1,1,0,0,0,1,0,1,0,1,1,0,1,0,0,1,0,0,0,1,0,0,0,1,0,0,0,1,1,1,0,1,0,0,0,0,1,1,1,1,1,1,0,0,1,0,1,0,0,1,1,0,1,0,0,1,1,1,1,1,0,1,0,0,0,0,0,1,1,0,1,1,0,0,0,1,0,1,0,0,0,0,1,1,0,0,1,1,0,0,0,0,1,1,0,0,0,0,0,0,1,0,0,1,0,1,1,0,1,0,0,0,0,1,0,1,1,1,0,0,1,0,1,0,0,0,1,0,0,1,0,0,0,0,0,1,1,1,1,0,0,0,0,0,0,0,1,0,0,0,0,1,0,1,0,1,0,1,0,1,0
0,1,0,0,0,0,0,0,0,1,0,0,0,0,0,1,1,1,1,0,0,1,0,1,0,1,1,0,0,0,0,0,1,0,0,0,1,0,1,0,1,0,0,0,1,1,1,0,0,0,0,1,0,1,1,0,0,0,0,1,1,1,0,0,0,1,0,1,0,0,1,0,1,0,0,1,0,0,0,1,0,0,0,1,0,0,0,1,1,1,0,1,0,0,0,0,1,0,1,1,1,1,0,0,1,0,1,0,0,1,1,0,0,0,0,1,1,0,1,1,0,1,0,0,0,0,0,0,0,0,1,1,0,0,0,1,0,1,0,0,0,0,1,1,0,0,0,1,0,0,0,0,0,0,0,0,0,0,0,0,1,0,0,1,0,0,0,0,0,0,0,0,0,0,0,0,1,1,0,0,1,0,0,0,0,0,0,0,0,0,0,0,0,0,0,1,1,0,0,0,0,0,0,0,0,0,1,0,0,0,0,1,0,1,0,1,0,1,0,1,0
0,1,0,0,0,0,0,0,0,1,0,0,0,0,0,1,1,1,1,0,0,1,0,1,0,1,1,0,0,0,0,0,1,0,0,0,1,0,1,0,1,0,0,0,1,1,1,0,0,0,0,1,0,1,1,0,0,0,0,1,1,1,0,0,0,1,0,1,0,0,1,0,1,0,0,1,0,0,0,1,0,0,0,1,0,0,0,1,1,1,0,1,0,0,0,0,1,0,1,1,1,1,0,0,1,0,1,0,0,1,1,0,0,0,0,1,1,0,1,1,0,1,0,0,0,0,0,0,0,0,1,1,0,0,0,1,0,1,0,0,0,0,1,1,0,0,0,1,0,0,0,0,0,0,0,0,0,0,0,0,1,0,0,1,0,0,0,0,0,0,0,0,0,0,0,0,1,1,0,0,1,0,0,0,0,0,0,0,0,0,0,0,0,0,0,1,1,0,0,0,0,0,0,0,0,0,1,0,0,0,0,1,0,1,0,1,0,1,0,1,0
0,1,0,1,0,1,0,0,0,1,0,0,0,0,0,1,1,1,1,0,0,1,0,1,0,1,1,0,0,0,1,0,1,1,1,0,1,0,1,0,1,1,1,1,1,1,1,1,1,0,0,1,0,1,1,0,0,0,0,1,1,1,0,1,1,1,0,1,0,1,1,0,1,0,0,1,0,0,0,1,0,0,0,1,0,0,0,1,1,1,0,1,0,0,0,0,1,0,1,1,1,1,0,0,1,1,1,0,0,1,1,1,0,0,0,1,1,0,1,1,0,1,0,0,1,0,0,0,0,0,1,1,0,0,0,1,0,1,1,0,0,0,1,1,1,0,0,1,0,0,0,0,0,0,0,1,0,0,0,0,1,0,0,1,0,0,0,0,0,0,1,0,0,0,0,0,1,1,1,0,1,0,0,0,0,0,0,0,0,0,0,0,0,0,0,1,1,0,0,0,0,0,0,0,0,0,1,0,0,0,0,1,0,1,0,1,0,1,0,1,0
0,1,0,1,0,1,0,0,0,1,0,0,0,0,0,1,1,1,1,0,0,1,0,1,0,1,1,0,0,0,1,0,1,1,1,0,1,0,1,0,1,1,1,1,1,1,1,1,1,0,0,1,0,1,1,0,0,0,0,1,1,1,0,1,1,1,0,1,0,1,1,0,1,0,0,1,0,0,0,1,0,0,0,1,0,0,0,1,1,1,0,1,0,0,0,0,1,0,1,1,1,1,0,0,1,1,1,0,0,1,1,1,0,0,0,1,1,0,1,1,0,1,0,0,1,0,0,0,0,0,1,1,0,0,0,1,0,1,1,0,0,0,1,1,1,0,0,1,0,0,0,0,0,0,0,1,0,0,0,0,1,0,0,1,0,0,0,0,0,0,1,0,0,0,0,0,1,1,1,0,1,0,0,0,0,0,0,0,0,0,0,0,0,0,0,1,1,0,0,0,0,0,0,0,0,0,1,0,0,0,0,1,0,1,0,1,0,1,0,1,0
0,1,0,1,0,0,0,0,0,1,0,0,0,0,0,1,1,1,1,0,0,1,0,1,0,1,1,0,0,0,0,0,1,1,0,0,1,0,1,0,1,1,0,0,1,1,1,1,0,0,0,1,0,1,1,0,0,0,0,1,1,1,0,1,1,1,0,1,0,0,1,0,1,0,0,1,0,0,0,1,0,0,0,1,0,0,0,1,1,1,0,1,0,0,0,0,1,0,1,1,1,1,0,0,1,1,1,0,0,1,1,1,0,0,0,1,1,0,1,1,0,1,0,0,0,0,0,0,0,0,1,1,0,0,0,1,0,1,1,0,0,0,1,1,1,0,0,1,0,0,0,0,0,0,0,1,0,0,0,0,1,0,0,1,0,0,0,0,0,0,1,0,0,0,0,0,1,1,0,0,1,0,0,0,0,0,0,0,0,0,0,0,0,0,0,1,1,0,0,0,0,0,0,0,0,0,1,0,0,0,0,1,0,1,0,1,0,1,0,1,0
0,1,0,1,1,0,0,0,0,1,0,0,0,0,0,1,1,1,1,0,0,1,0,1,0,1,1,0,0,0,0,0,1,1,0,0,1,0,1,0,1,1,0,0,1,1,1,1,0,0,0,1,0,1,1,0,0,0,0,1,1,1,0,1,1,1,0,1,0,0,1,0,1,0,0,1,0,0,0,1,0,0,0,1,0,0,0,1,1,1,0,1,0,0,0,0,1,0,1,1,1,1,0,0,1,1,1,0,0,1,1,1,0,0,0,1,1,0,1,1,0,1,0,0,0,0,1,0,0,0,1,1,0,0,0,1,0,1,1,0,0,0,1,1,1,0,0,1,1,0,0,0,0,0,0,1,0,0,0,0,1,0,0,1,0,0,0,0,0,0,1,0,0,0,0,0,1,1,0,0,1,0,0,0,0,0,0,0,0,0,0,0,0,0,0,1,1,0,0,0,0,0,0,0,0,0,1,0,0,0,0,1,0,1,0,1,0,1,0,1,0
0,1,0,1,1,0,0,0,0,1,0,0,0,0,0,1,1,1,1,0,0,1,0,1,0,1,1,0,0,0,0,0,1,1,0,0,1,0,1,0,1,1,0,0,1,1,1,1,0,0,0,1,0,1,1,0,0,0,0,1,1,1,0,1,1,1,0,1,0,0,1,0,1,0,0,1,0,0,0,1,0,0,0,1,0,0,0,1,1,1,0,1,0,0,0,0,1,0,1,1,1,1,0,0,1,1,1,0,0,1,1,1,0,0,0,1,1,0,1,1,0,1,0,0,0,0,1,0,0,0,1,1,0,0,0,1,0,1,1,0,0,0,1,1,1,0,0,1,1,0,0,0,0,0,0,1,0,0,0,0,1,0,0,1,0,0,0,0,0,0,1,0,0,0,0,0,1,1,0,0,1,0,0,0,0,0,0,0,0,0,0,0,0,0,0,1,1,0,0,0,0,0,0,0,0,0,1,0,0,0,0,1,0,1,0,1,0,1,0,1,0
0,1,0,1,0,0,0,0,0,0,0,0,0,0,0,1,1,1,0,1,1,1,0,1,0,1,1,1,0,0,0,0,0,1,0,0,1,0,1,0,0,1,0,0,1,1,0,1,0,1,1,1,1,1,1,1,0,0,0,1,0,1,0,0,1,1,0,1,0,0,1,0,1,0,1,1,1,0,0,1,0,1,1,1,1,0,0,1,1,1,0,1,1,1,1,0,1,0,0,1,0,1,1,1,1,0,1,0,0,1,1,1,0,0,0,1,1,0,1,0,0,1,1,0,0,0,0,0,0,0,1,1,0,0,0,1,0,0,1,0,1,0,0,1,1,0,0,1,0,0,0,0,0,0,0,1,0,0,0,0,1,0,0,1,1,0,0,0,0,0,0,0,0,0,1,0,1,1,0,0,1,0,0,0,0,1,0,0,0,0,0,0,0,0,0,1,1,0,0,0,0,0,0,0,0,0,1,0,0,0,0,0,0,1,0,1,0,1,0,1,0
1,1,1,1,1,1,1,1,0,1,1,0,1,1,0,1,1,1,1,1,1,1,1,1,1,1,1,1,1,1,1,0,1,1,0,0,1,1,1,1,1,1,0,1,1,1,1,1,1,1,1,1,0,1,1,0,0,1,1,1,1,1,1,1,1,1,0,1,1,0,1,0,1,0,1,1,0,0,0,1,0,1,1,1,0,0,0,1,1,1,1,1,0,0,1,0,1,1,1,1,1,1,0,1,1,1,1,0,0,1,1,1,1,1,1,1,1,1,1,1,0,1,0,1,0,1,1,1,1,0,1,1,0,0,0,1,1,1,1,1,0,0,1,1,1,1,1,1,1,0,0,0,0,1,0,1,0,0,0,1,1,1,0,1,0,1,0,0,1,0,1,0,0,1,0,1,1,1,0,1,1,1,0,0,0,0,1,1,0,1,0,1,0,0,0,1,1,1,1,0,0,1,1,0,0,0,1,1,1,1,0,1,1,1,1,1,1,1,0,1,1
1,1,1,1,1,1,1,1,0,1,1,0,1,1,0,1,1,1,1,1,1,1,1,1,1,1,1,1,1,1,1,0,1,1,0,0,1,1,1,1,1,1,0,1,1,1,1,1,1,1,1,1,0,1,1,0,0,1,1,1,1,1,1,1,1,1,0,1,1,0,1,0,1,0,1,1,0,0,0,1,0,1,1,1,0,0,0,1,1,1,1,1,0,0,1,0,1,1,1,1,1,1,0,1,1,1,1,0,0,1,1,1,1,1,1,1,1,1,1,1,0,1,0,1,0,1,1,1,1,0,1,1,0,0,0,1,1,1,1,1,0,0,1,1,1,1,1,1,1,0,0,0,0,1,0,1,0,0,0,1,1,1,0,1,0,1,0,0,1,0,1,0,0,1,0,1,1,1,0,1,1,1,0,0,0,0,1,1,0,1,0,1,0,0,0,1,1,1,1,0,0,1,1,0,0,0,1,1,1,1,0,1,1,1,1,1,1,1,0,1,1
0,1,0,1,0,1,1,1,0,0,0,0,0,0,0,1,1,1,1,0,0,1,0,0,0,0,1,0,0,0,1,0,0,0,0,0,0,1,1,1,0,1,0,1,0,0,0,1,1,0,0,1,0,1,1,0,0,1,1,0,0,0,1,0,0,0,0,0,1,0,0,0,0,0,0,1,0,0,0,0,0,0,0,1,0,0,0,0,1,0,1,0,0,0,0,0,0,1,0,1,0,0,0,0,0,0,0,0,0,0,0,1,1,1,1,1,1,1,1,0,0,0,0,1,0,1,0,1,1,0,0,0,0,0,0,0,1,0,0,1,0,0,0,1,0,1,1,1,0,0,0,0,0,1,0,0,0,0,0,1,1,1,0,1,0,1,0,0,1,0,0,0,0,1,0,1,1,0,0,1,1,1,0,0,0,0,1,1,0,1,0,1,0,0,0,1,1,1,1,0,0,1,1,0,0,0,1,1,1,1,0,0,1,0,1,0,1,1,0,0,1
0,1,0,1,0,1,1,1,0,0,0,0,0,0,0,1,1,1,1,0,0,1,0,0,0,0,1,0,0,0,1,0,0,0,0,0,0,1,1,1,0,1,0,1,0,0,0,1,1,0,0,1,0,1,1,0,0,1,1,0,0,0,1,0,0,0,0,0,1,0,0,0,0,0,0,1,0,0,0,0,0,0,0,1,0,0,0,0,1,0,1,0,0,0,0,0,0,1,0,1,0,0,0,0,0,0,0,0,0,0,0,1,1,1,1,1,1,1,1,0,0,0,0,1,0,1,0,1,1,0,0,0,0,0,0,0,1,0,0,1,0,0,0,1,0,1,1,1,0,0,0,0,0,1,0,0,0,0,0,1,1,1,0,1,0,1,0,0,1,0,0,0,0,1,0,1,1,0,0,1,1,1,0,0,0,0,1,1,0,1,0,1,0,0,0,1,1,1,1,0,0,1,1,0,0,0,1,1,1,1,0,0,1,0,1,0,1,1,0,0,1
0,0,0,0,0,1,1,0,1,0,0,0,0,0,0,1,1,0,0,0,0,0,0,0,0,0,0,0,0,0,0,1,0,0,0,0,0,1,1,0,0,1,0,0,0,0,0,1,0,0,0,1,0,0,0,0,0,0,0,0,0,0,0,0,0,0,0,0,0,0,0,0,0,0,0,0,0,0,0,0,0,0,0,0,0,0,0,0,0,0,0,0,0,0,0,0,0,0,0,0,0,0,0,0,0,0,0,0,0,0,0,1,0,0,0,0,0,0,0,0,0,0,0,0,0,0,0,0,0,0,0,0,0,0,0,0,0,0,0,0,0,0,0,0,0,0,0,0,0,0,0,0,0,0,0,0,0,0,0,0,0,0,0,0,0,0,0,0,0,0,0,0,0,0,0,0,1,0,0,0,0,0,0,0,0,0,0,0,0,0,0,0,0,0,0,0,0,0,0,0,0,0,0,0,0,0,0,0,0,0,0,0,0,0,0,0,0,0,0,0,0
0,0,0,0,0,1,1,0,1,0,0,0,0,0,0,1,1,1,0,0,0,0,0,0,0,0,0,0,0,0,0,1,0,0,0,0,0,1,1,0,0,1,0,0,0,0,0,1,0,0,0,1,0,0,0,0,0,0,0,0,0,0,0,0,0,0,0,0,0,0,0,0,0,0,0,0,0,0,0,0,0,0,0,0,0,0,0,0,0,0,0,0,0,0,0,0,0,0,0,0,0,0,0,0,0,0,0,0,0,0,0,1,0,0,0,0,0,0,0,0,0,0,0,0,0,0,0,0,0,0,0,0,0,0,0,0,0,0,0,0,0,0,0,0,0,0,0,0,0,0,0,0,0,0,0,0,0,0,0,0,0,0,0,0,0,0,0,0,0,0,0,0,0,0,0,0,1,0,0,0,0,0,0,0,0,0,0,0,0,0,0,0,0,0,0,0,0,0,0,0,0,0,0,0,0,0,0,0,0,0,0,0,0,0,0,0,0,0,0,0,0
0,0,0,0,0,1,1,0,1,0,0,0,0,0,0,1,1,1,0,0,0,0,0,0,0,0,0,0,0,0,0,1,0,0,0,0,0,1,1,0,0,1,0,0,0,0,0,1,0,0,0,1,0,0,0,0,0,0,0,0,0,0,0,0,0,0,0,0,0,0,0,0,0,0,0,0,0,0,0,0,0,0,0,0,0,0,0,0,0,0,0,0,0,0,0,0,0,0,0,0,0,0,0,0,0,0,0,0,0,0,0,1,0,0,0,0,0,0,0,0,0,0,0,0,0,0,0,0,0,0,0,0,0,0,0,0,0,0,0,0,0,0,0,0,0,0,0,0,0,0,0,0,0,0,0,0,0,0,0,0,0,0,0,0,0,0,0,0,0,0,0,0,0,0,0,0,1,0,0,0,0,0,0,0,0,0,0,0,0,0,0,0,0,0,0,0,0,0,0,0,0,0,0,0,0,0,0,0,0,0,0,0,0,0,0,0,0,0,0,0,0
0,1,0,0,0,1,1,0,1,0,0,0,0,0,0,1,1,1,0,0,0,0,0,0,0,0,0,0,0,0,0,1,0,0,0,1,0,1,1,0,0,1,0,0,0,0,0,1,0,0,0,1,0,0,0,0,0,0,0,0,0,0,0,0,0,0,0,0,0,0,0,0,0,0,0,0,0,0,0,0,0,0,0,0,0,0,0,0,0,0,0,0,0,0,0,0,0,0,0,0,0,0,0,0,0,0,0,0,0,0,0,1,0,0,0,0,0,0,0,0,0,0,0,0,0,0,0,0,0,0,0,0,0,0,0,0,0,0,0,0,0,0,0,0,0,0,0,0,0,0,0,0,0,0,0,0,0,0,0,0,0,0,0,0,0,0,0,0,0,0,0,0,0,0,0,0,1,0,0,0,0,0,0,0,0,0,0,0,0,0,0,0,0,0,0,1,1,0,0,0,0,0,0,0,0,1,1,0,0,0,0,0,0,0,0,0,0,0,0,0,0
0,0,0,0,0,1,1,0,1,1,0,0,0,0,0,1,1,1,0,0,0,0,0,0,0,0,0,0,0,0,0,1,1,0,0,0,0,1,1,0,1,1,0,0,0,0,1,1,0,0,0,1,0,0,0,0,0,0,0,0,0,0,0,0,0,0,0,0,0,0,0,0,0,0,0,0,0,0,0,0,0,0,0,0,0,0,0,0,0,0,0,0,0,0,0,0,0,0,1,0,1,0,0,0,0,0,0,0,0,0,0,1,0,0,0,0,0,0,0,1,0,0,0,0,0,0,0,0,0,0,0,0,0,0,0,0,0,1,0,0,0,0,1,0,0,0,0,0,0,0,0,0,0,0,0,0,0,0,0,0,0,0,0,0,0,0,0,0,0,0,0,0,0,0,0,0,1,0,0,0,0,0,0,0,0,0,0,0,0,0,0,0,0,0,0,0,0,0,0,0,0,0,0,0,0,0,0,0,0,0,0,0,0,0,0,0,0,0,0,0,0
0,0,0,0,0,1,1,0,1,1,0,0,0,0,0,1,1,1,0,0,0,0,0,0,0,0,0,0,0,0,0,1,1,0,0,0,0,1,1,0,1,1,0,0,0,0,1,1,0,0,0,1,0,0,0,0,0,0,0,0,0,0,0,0,0,0,0,0,0,0,0,0,0,0,0,0,0,0,0,0,0,0,0,0,0,0,0,0,0,0,0,0,0,0,0,0,0,0,1,0,1,0,0,0,0,0,0,0,0,0,0,1,0,0,0,0,0,0,0,1,0,0,0,0,0,0,0,0,0,0,0,0,0,0,0,0,0,1,0,0,0,0,1,0,0,0,0,0,0,0,0,0,0,0,0,0,0,0,0,0,0,0,0,0,0,0,0,0,0,0,0,0,0,0,0,0,1,0,0,0,0,0,0,0,0,0,0,0,0,0,0,0,0,0,0,0,0,0,0,0,0,0,0,0,0,0,0,0,0,0,0,0,0,0,0,0,0,0,0,0,0
0,0,0,1,0,1,1,1,1,0,0,0,0,0,0,1,1,1,0,0,0,0,0,0,0,0,0,0,0,0,0,1,0,0,0,0,0,1,1,0,0,1,0,0,0,0,0,1,0,0,0,1,0,1,1,0,0,0,0,0,0,0,0,0,0,0,0,0,0,0,0,0,0,0,0,1,0,0,0,0,0,0,0,1,0,0,0,0,1,0,0,0,0,0,0,0,0,0,0,1,0,0,0,0,0,0,0,0,0,0,0,1,0,0,0,1,1,0,1,0,0,0,0,0,0,0,0,0,0,0,0,0,0,0,0,0,0,0,0,0,0,0,0,1,0,0,0,1,0,0,0,0,0,0,0,0,0,0,0,0,0,0,0,1,0,0,0,0,0,0,0,0,0,0,0,0,1,0,0,0,1,0,0,0,0,0,0,0,0,0,0,0,0,0,0,0,0,0,0,0,0,0,0,0,0,0,0,0,0,0,0,0,0,0,0,0,0,0,0,0,0
0,0,0,1,0,1,1,1,1,0,0,0,0,0,0,1,1,1,0,0,0,0,0,0,0,0,0,0,0,0,0,1,0,0,0,0,0,1,1,0,0,1,0,0,0,0,0,1,0,0,0,1,0,1,1,0,0,0,0,0,0,0,0,0,0,0,0,0,0,0,0,0,0,0,0,1,0,0,0,0,0,0,0,1,0,0,0,0,1,0,0,0,0,0,0,0,0,0,0,1,0,0,0,0,0,0,0,0,0,0,0,1,0,0,0,1,1,0,1,0,0,0,0,0,0,0,0,0,0,0,0,0,0,0,0,0,0,0,0,0,0,0,0,1,0,0,0,1,0,0,0,0,0,0,0,0,0,0,0,0,0,0,0,1,0,0,0,0,0,0,0,0,0,0,0,0,1,0,0,0,1,0,0,0,0,0,0,0,0,0,0,0,0,0,0,0,0,0,0,0,0,0,0,0,0,0,0,0,0,0,0,0,0,0,0,0,0,0,0,0,0
0,0,0,1,0,1,1,1,1,0,0,0,0,0,0,1,1,1,0,0,0,0,0,0,0,0,0,0,0,0,0,1,0,0,0,0,0,1,1,0,0,1,0,0,0,0,0,1,0,0,0,1,0,1,1,0,0,0,0,0,0,0,0,0,0,0,0,0,0,0,0,0,0,0,0,1,0,0,0,0,0,0,0,1,0,0,0,0,1,0,0,0,0,0,0,0,0,0,0,1,0,0,0,0,0,0,0,0,0,0,0,1,0,0,0,1,1,0,1,0,0,0,0,0,0,0,0,0,0,0,0,0,0,0,0,0,0,0,0,0,0,0,0,1,0,0,0,1,0,0,0,0,0,0,0,0,0,0,0,0,0,0,0,1,0,0,0,0,0,0,0,0,0,0,0,0,1,0,0,0,1,0,0,0,0,0,0,0,0,0,0,0,0,0,0,0,0,0,0,0,0,0,0,0,0,0,0,0,0,0,0,0,0,0,0,0,0,0,0,0,0
1,1,1,1,1,1,1,1,1,0,1,0,0,1,0,0,0,1,0,0,0,0,0,0,0,0,0,0,0,0,1,1,0,1,0,0,0,0,1,1,0,1,0,1,0,0,0,1,1,0,0,1,0,0,0,0,0,1,1,0,0,0,1,1,1,0,0,0,1,0,0,1,0,1,0,1,0,1,0,0,1,0,0,1,0,1,0,0,1,0,1,0,0,0,0,0,0,1,0,1,0,0,0,0,0,1,0,1,1,0,0,1,1,1,0,0,0,1,1,0,1,0,0,1,0,0,0,1,1,0,0,0,1,0,0,0,1,0,0,1,0,0,0,0,0,1,1,1,0,0,0,0,0,1,0,0,0,0,0,1,1,0,0,1,0,1,1,0,1,0,1,1,1,1,0,1,1,0,0,0,0,1,0,1,1,0,1,0,1,1,0,0,1,0,0,1,0,1,0,0,0,0,0,1,0,0,0,0,0,0,1,0,0,0,0,0,0,0,1,0,0
1,1,1,1,1,1,1,1,1,0,1,0,0,1,0,0,0,1,0,0,0,0,0,0,0,0,0,0,0,0,1,1,0,1,0,0,0,0,1,1,0,1,0,1,0,0,0,1,1,0,0,1,0,0,0,0,0,1,1,0,0,0,1,1,1,0,0,0,1,0,0,1,0,1,0,1,0,1,0,0,1,0,0,1,0,1,0,0,1,0,1,0,0,0,0,0,0,1,0,1,0,0,0,0,0,1,0,1,1,0,0,1,1,1,0,0,0,1,1,0,1,0,0,1,0,0,0,1,1,0,0,0,1,0,0,0,1,0,1,1,0,0,0,0,0,1,1,1,0,0,0,0,0,1,0,0,0,0,0,1,1,0,0,1,0,1,1,0,1,0,1,1,1,1,0,1,1,0,0,0,0,1,0,1,1,0,1,0,1,1,0,0,1,0,0,1,0,1,0,0,0,0,0,1,0,0,0,0,0,0,1,0,0,0,0,0,0,0,1,0,0
1,1,0,1,1,1,1,1,1,0,1,0,0,1,0,0,0,1,0,0,0,0,0,0,0,0,0,0,0,0,1,1,0,1,0,0,0,0,1,1,0,1,0,1,0,0,0,1,1,0,0,1,0,0,0,0,0,1,1,0,0,0,1,1,1,0,0,0,1,0,0,1,0,1,0,1,0,1,0,0,1,0,0,1,0,1,0,0,1,0,1,0,0,0,0,0,0,1,0,1,0,0,0,0,0,1,0,1,1,0,0,1,1,1,0,0,0,1,1,0,1,0,0,1,0,0,0,1,1,0,0,0,1,0,0,0,1,0,1,1,0,0,0,0,0,1,1,1,0,0,0,0,0,1,0,0,0,0,0,1,1,0,0,1,0,1,1,0,1,0,1,1,1,1,0,1,1,0,0,0,0,1,0,1,1,0,1,0,1,1,0,0,1,0,0,1,0,1,0,0,0,0,0,1,0,0,0,0,0,0,1,0,0,0,0,0,0,0,1,0,0
1,1,1,1,1,1,1,1,1,0,1,0,0,1,0,0,0,1,0,0,0,0,0,0,0,0,0,0,0,0,1,1,0,1,0,0,0,0,1,1,0,1,0,1,0,0,0,1,1,0,0,1,0,0,0,0,0,1,1,0,0,0,1,1,1,0,0,0,1,0,0,1,0,1,0,1,0,1,0,0,1,0,0,1,0,1,0,0,1,0,1,0,0,0,0,0,0,1,0,1,0,0,0,0,0,1,0,1,1,0,0,1,1,1,0,0,0,1,1,0,1,0,0,1,0,0,0,1,1,0,0,0,1,0,0,0,1,0,1,1,0,0,0,0,0,1,1,1,0,0,0,0,0,1,0,0,0,0,0,1,1,0,0,1,0,1,1,0,1,0,1,1,1,1,0,1,1,0,0,0,0,1,0,1,1,0,1,0,1,1,0,0,1,0,0,1,0,1,0,0,0,0,0,1,0,0,0,0,0,0,1,0,0,0,0,0,0,0,1,0,0
1,1,0,1,0,1,1,0,0,0,1,0,0,1,0,1,1,1,0,0,0,1,0,0,0,0,0,0,0,0,1,0,0,0,1,1,0,0,0,1,0,1,1,1,0,0,0,1,1,0,0,1,0,0,0,0,0,1,1,0,0,0,1,0,0,0,0,0,1,1,0,0,0,0,0,0,0,0,0,0,0,0,0,0,0,0,0,0,1,0,1,0,0,0,0,0,0,1,0,0,0,0,0,0,0,0,0,0,0,0,0,1,1,1,1,0,0,1,1,0,0,0,0,1,0,1,0,1,1,0,0,0,0,0,0,0,1,0,1,1,0,0,0,0,0,1,1,1,0,0,1,0,1,1,1,0,0,0,0,1,1,1,1,1,0,1,0,1,1,0,0,0,0,1,0,1,1,0,0,1,0,1,1,0,0,0,1,1,0,1,1,1,0,0,0,1,1,1,1,1,1,1,0,0,0,1,1,1,1,1,1,0,1,0,1,0,1,1,1,0,1
1,1,0,1,0,1,1,1,1,0,1,0,1,1,1,0,0,1,1,0,0,1,0,0,0,0,1,0,0,0,1,1,0,0,1,1,0,0,0,1,0,1,1,1,0,0,0,1,1,0,0,1,0,0,0,0,0,1,1,0,0,0,1,0,0,0,0,0,1,1,0,1,0,0,0,0,0,1,0,0,1,0,0,0,0,1,0,0,1,0,1,0,0,0,0,1,0,1,0,0,0,0,0,0,0,0,0,1,0,0,0,1,1,1,1,0,0,1,1,0,1,0,0,1,0,1,0,1,1,0,0,0,1,0,0,0,1,0,0,1,0,1,0,0,0,1,1,1,0,0,1,0,1,1,1,0,0,1,0,1,1,1,1,1,0,1,0,1,1,0,0,1,1,1,0,1,1,0,0,1,0,1,1,1,1,0,1,1,1,1,1,1,1,0,0,1,1,1,1,1,1,1,0,1,0,1,1,1,1,1,1,0,1,0,1,0,1,1,1,0,1
0,1,0,1,1,1,0,0,0,1,1,0,1,1,0,1,1,1,1,0,0,1,0,0,0,1,1,0,1,0,1,0,1,1,0,0,0,0,1,0,1,1,0,1,1,1,1,1,0,0,0,1,0,1,1,0,0,0,0,1,1,1,0,0,1,1,0,1,0,0,1,1,1,0,0,1,0,1,0,1,1,0,0,1,0,1,0,1,1,1,0,1,0,0,0,1,1,0,1,1,1,1,0,0,1,0,1,1,1,1,1,1,0,0,0,1,1,0,1,1,1,1,0,0,0,0,1,0,0,0,1,1,1,0,0,1,0,1,1,0,0,1,1,1,1,0,0,1,0,0,0,0,0,0,0,1,0,1,0,0,1,0,0,1,0,0,0,0,0,0,0,0,0,0,0,0,1,1,0,0,1,0,0,1,0,0,0,0,1,0,0,0,1,0,0,1,1,0,0,0,0,0,0,1,0,0,0,0,0,0,0,0,0,0,0,0,0,0,0,0,0
1,1,1,1,1,1,0,0,0,1,1,0,1,1,0,1,1,1,1,0,0,1,1,1,1,1,1,1,1,1,1,0,1,1,0,0,0,0,1,0,1,1,0,1,1,1,1,1,0,0,0,1,1,1,1,1,0,0,0,1,1,1,1,1,1,1,1,1,0,0,1,1,1,0,0,1,1,1,0,1,1,0,0,1,1,1,0,1,1,1,0,1,1,1,0,1,1,0,1,1,1,1,1,0,1,1,1,1,1,1,1,1,0,0,0,1,1,0,1,1,1,1,1,0,0,0,1,0,0,0,1,1,1,1,0,1,0,1,1,0,1,0,1,1,1,0,0,1,1,0,0,0,0,0,0,1,0,1,0,0,1,0,0,1,1,0,0,0,0,0,1,1,1,0,1,0,1,1,0,0,1,0,0,1,0,1,0,0,1,0,0,0,0,0,0,1,1,0,0,0,0,0,0,0,0,0,0,0,0,0,0,1,0,0,0,0,0,0,0,1,0
1,1,1,1,1,1,1,0,1,1,1,0,0,0,0,1,1,1,1,0,0,1,1,1,1,1,1,0,1,1,0,1,1,1,0,0,1,0,1,0,1,1,0,0,1,1,1,1,0,0,0,0,1,1,1,0,0,0,0,1,1,1,0,1,1,1,0,1,0,0,1,0,1,0,0,1,0,0,0,1,0,0,0,1,1,0,0,1,1,1,0,1,0,0,0,0,1,0,1,1,1,1,1,0,1,1,1,0,0,1,1,1,0,0,0,1,1,0,1,1,0,1,1,0,0,0,0,0,0,0,1,1,0,0,0,1,0,1,1,0,1,0,1,1,1,0,0,1,0,0,0,0,0,0,0,1,0,0,0,0,1,0,0,1,1,0,0,0,0,0,1,0,0,0,1,0,1,1,0,0,1,0,0,0,0,0,0,0,0,0,0,0,0,0,0,1,1,0,0,0,0,0,0,0,0,0,1,0,0,0,0,1,0,0,0,0,0,0,0,1,0
1,1,1,1,1,1,0,0,0,1,1,0,1,1,0,1,1,1,1,0,0,1,1,1,1,1,1,1,1,1,1,0,1,1,0,0,0,0,1,0,1,1,0,1,1,1,1,1,0,0,0,1,1,1,1,1,0,0,0,1,1,1,1,1,1,1,1,1,0,0,1,1,1,0,0,1,1,1,0,1,1,0,0,1,1,1,0,1,1,1,0,1,1,1,0,1,1,0,1,1,1,1,1,0,1,1,1,1,1,1,1,1,0,0,0,1,1,0,1,1,1,1,1,0,0,0,1,0,0,0,1,1,1,1,0,1,0,1,1,0,1,0,1,1,1,0,0,1,1,0,0,0,0,0,0,1,0,1,0,0,1,0,0,1,1,0,0,0,0,0,1,1,1,0,1,0,1,1,0,0,1,0,0,1,0,1,0,0,1,0,0,0,0,0,0,1,1,0,0,0,0,0,0,0,0,0,0,0,0,0,0,1,0,0,0,0,0,0,0,1,0
0,1,0,1,1,1,0,0,0,1,1,0,1,1,0,1,1,1,1,0,0,1,0,0,0,1,1,0,1,0,1,0,1,1,0,0,0,0,1,0,1,1,0,1,1,1,1,1,0,0,0,1,1,1,1,1,0,0,0,1,1,1,1,0,1,1,1,1,0,0,1,1,1,0,0,1,1,1,0,1,1,0,0,1,1,1,0,1,1,1,0,1,1,1,0,1,1,0,1,1,1,1,1,0,1,0,1,1,1,1,1,1,0,0,0,1,1,0,1,1,1,1,1,0,0,0,1,0,0,0,1,1,1,1,0,1,0,1,1,0,1,0,1,1,0,0,0,1,1,0,0,0,0,0,0,0,0,1,0,0,1,0,0,1,1,0,0,0,0,0,0,0,0,0,1,0,1,1,0,0,1,0,0,1,0,1,0,0,1,0,0,0,0,0,0,0,0,0,0,0,0,0,0,0,0,0,0,0,0,0,0,0,0,0,0,0,0,0,0,0,0
1,1,1,1,1,1,1,0,1,1,1,0,0,0,0,1,1,1,1,0,0,1,1,1,1,1,1,0,1,1,0,1,1,1,0,0,1,0,1,0,1,1,0,0,1,1,1,1,0,0,0,0,1,1,1,0,0,0,0,1,1,1,0,1,1,1,0,1,0,0,1,0,1,0,0,1,0,0,0,1,0,0,0,1,1,0,0,1,1,1,0,1,0,0,0,0,1,0,1,1,1,1,1,0,1,1,1,0,0,1,1,1,0,0,0,1,1,0,1,1,0,1,1,0,0,0,0,0,0,0,1,1,0,0,0,1,0,1,1,0,1,0,1,1,1,0,0,1,0,0,0,0,0,0,0,1,0,0,0,0,1,0,0,1,1,0,0,0,0,0,1,0,0,0,1,0,1,1,0,0,1,0,0,0,0,0,0,0,0,0,0,0,0,0,0,1,1,0,0,0,0,0,0,0,0,0,1,0,0,0,0,1,0,0,0,0,0,0,0,1,0
0,1,0,1,0,1,1,0,0,0,0,0,0,0,0,1,1,1,1,0,0,1,0,1,0,1,1,0,0,0,1,0,0,1,1,0,1,0,1,1,0,1,0,1,0,0,0,1,1,0,0,1,0,0,0,0,0,1,1,0,0,0,0,1,1,0,0,0,1,1,1,1,1,0,1,1,0,1,0,1,1,0,1,1,0,1,0,1,1,1,1,1,0,0,0,1,1,1,0,1,0,1,0,0,1,0,1,1,0,1,1,0,1,1,1,1,1,1,1,0,1,1,0,1,0,1,0,1,1,0,1,0,1,0,0,1,1,0,1,1,0,0,0,1,0,1,1,0,0,0,0,0,1,1,0,0,0,1,0,1,0,1,0,1,0,1,0,0,1,0,1,1,0,1,0,1,1,1,0,1,1,1,1,1,1,0,1,0,1,1,0,0,1,0,1,1,1,0,1,0,0,0,0,1,0,0,1,1,1,0,0,0,1,1,1,1,1,1,0,1,1
0,1,0,1,0,1,0,0,0,0,0,0,0,0,0,1,1,1,1,0,0,1,0,1,0,1,1,0,0,0,1,0,0,1,0,0,1,0,1,0,0,1,0,1,0,0,0,1,0,0,0,1,0,1,1,0,0,0,0,0,0,0,1,1,1,0,0,0,0,0,1,1,1,0,1,1,0,1,0,1,1,0,1,1,0,1,0,1,1,1,0,1,0,0,0,1,1,0,0,1,0,1,0,0,1,0,1,1,0,1,1,1,0,0,0,1,1,0,1,0,1,1,0,0,0,0,0,0,0,0,1,0,1,0,0,1,0,0,1,0,0,0,0,1,0,0,0,1,0,0,0,0,0,0,0,0,0,1,0,0,1,0,0,1,0,0,0,0,0,0,1,1,0,0,0,0,1,1,0,0,1,0,0,1,1,0,0,0,1,0,0,0,1,0,1,1,1,0,0,0,0,0,0,1,0,0,1,0,0,0,0,0,0,1,0,1,0,1,0,1,0
0,1,0,1,0,1,1,0,0,0,0,0,0,0,0,1,1,1,1,0,0,1,0,1,0,1,1,0,0,0,1,0,0,1,0,0,1,0,1,1,0,1,0,1,0,0,0,1,1,0,0,1,0,0,0,0,0,1,1,0,0,0,0,1,1,0,0,0,1,0,1,1,1,0,1,1,0,1,0,1,1,0,1,1,0,1,0,1,1,1,1,1,0,0,0,1,1,1,0,1,0,1,0,0,1,0,1,1,0,1,1,0,1,1,0,1,1,1,1,0,1,1,0,1,0,0,0,1,1,0,1,0,1,0,0,1,1,0,1,1,0,0,0,1,0,1,1,0,0,0,0,0,0,1,0,0,0,1,0,1,0,0,0,1,0,1,0,0,1,0,1,1,0,1,0,1,1,1,0,0,1,1,0,1,1,0,1,0,1,1,0,0,1,0,1,1,1,0,0,0,0,0,0,1,0,0,1,1,0,0,0,0,0,1,1,1,0,1,0,1,0
0,1,0,1,0,1,1,0,0,0,0,0,0,0,0,1,1,1,1,0,0,1,0,1,0,1,1,0,0,0,1,0,0,1,1,0,1,0,1,1,0,1,1,1,0,0,0,1,1,0,0,1,0,0,0,0,0,1,1,0,0,0,0,1,1,0,0,0,1,1,1,1,1,0,1,1,0,1,0,1,1,0,1,1,0,1,0,1,1,1,1,1,0,0,0,1,1,1,0,1,0,1,0,0,1,0,1,1,0,1,1,0,1,1,1,1,1,1,1,0,1,1,0,1,0,1,0,1,1,0,1,0,1,0,0,1,1,0,1,1,0,0,0,1,0,1,1,0,0,0,1,0,1,1,1,0,0,1,0,1,0,1,1,1,0,1,0,0,1,0,1,1,0,1,0,1,1,1,0,1,1,1,1,1,1,0,1,0,1,1,0,0,1,0,1,1,1,0,1,0,0,0,0,1,0,0,1,1,1,0,0,0,1,1,1,1,1,1,0,1,1
0,1,0,1,0,1,1,0,0,0,0,0,0,0,0,1,1,1,1,0,0,1,0,1,0,1,1,0,0,0,1,0,0,1,0,0,1,0,1,1,0,1,0,1,0,0,0,1,1,0,0,1,0,0,0,0,0,1,1,0,0,0,0,1,1,0,0,0,1,0,1,1,1,0,1,1,0,1,0,1,1,0,1,1,0,1,0,1,1,1,1,1,0,0,0,1,1,1,0,1,0,1,0,0,1,0,1,1,0,1,1,0,1,1,0,1,1,1,1,0,1,1,0,1,0,0,0,1,1,1,1,0,1,0,0,1,1,0,1,1,0,0,0,1,0,1,1,0,0,0,0,0,0,1,0,0,0,1,0,1,0,0,0,1,0,1,0,1,1,0,1,1,0,1,0,1,1,1,0,0,1,1,0,1,1,0,1,0,1,1,1,0,1,0,1,1,1,0,1,1,1,0,0,1,0,0,1,0,1,0,0,0,0,1,0,1,1,1,0,1,0
0,1,0,1,0,1,1,0,0,0,0,0,0,0,0,1,1,1,1,0,0,1,0,1,0,1,1,0,0,0,1,0,0,1,0,0,1,0,1,1,0,1,0,1,0,0,0,1,1,0,0,1,0,0,0,0,0,1,1,0,0,0,0,1,1,0,0,0,1,0,1,1,1,0,1,1,0,1,0,1,1,0,1,1,0,1,0,1,1,1,1,1,0,0,0,1,1,1,0,1,0,1,0,0,1,0,1,1,0,1,1,0,1,1,0,1,1,1,1,0,1,1,0,1,0,0,0,1,1,1,1,0,1,0,0,1,1,0,1,1,0,0,0,1,0,1,1,0,0,0,0,0,0,1,0,0,0,1,0,1,0,0,0,1,0,1,0,1,1,0,1,1,0,1,0,1,1,1,0,0,1,1,0,1,1,0,1,0,1,1,1,0,1,0,1,1,1,1,0,1,1,0,0,1,0,0,1,1,0,0,1,0,0,1,1,1,0,1,1,1,0
0,1,0,1,0,1,0,0,0,0,0,0,0,0,0,1,1,1,1,0,0,1,0,1,0,1,1,0,0,0,1,0,0,1,0,0,1,0,1,0,0,1,0,1,0,0,0,1,0,0,0,1,0,0,0,0,0,0,0,0,0,0,0,1,1,0,0,0,0,0,1,1,1,0,1,1,0,1,0,1,1,0,1,1,0,1,0,1,1,1,0,1,0,0,0,1,1,0,0,1,0,1,0,0,1,0,1,1,0,1,1,0,0,0,0,1,1,0,1,0,1,1,0,0,0,0,0,0,0,0,1,0,1,0,0,1,0,0,1,0,0,0,0,1,0,0,0,0,0,0,0,0,0,0,0,0,0,1,0,0,0,0,0,1,0,0,0,0,0,0,1,1,0,0,0,0,1,1,0,0,1,0,0,1,1,0,0,0,1,0,0,0,1,0,1,1,1,0,0,0,0,0,0,1,0,0,1,0,0,0,0,0,0,1,0,1,0,1,0,1,0
0,1,0,1,0,1,0,0,0,0,0,0,0,0,0,1,1,1,1,0,0,1,0,1,0,1,1,0,0,0,1,0,0,1,0,0,1,0,1,0,0,1,0,1,0,0,0,1,0,0,0,1,0,0,0,0,0,0,0,0,0,0,0,1,1,0,0,0,0,0,1,1,1,0,1,1,0,1,0,1,1,0,1,1,0,1,0,1,1,1,0,1,0,0,0,1,1,0,0,1,0,1,0,0,1,0,1,1,0,1,1,0,0,0,0,1,1,0,1,0,1,1,0,0,0,0,0,0,0,0,1,0,1,0,0,1,0,0,1,0,0,0,0,1,0,0,0,0,0,0,0,0,0,0,0,0,0,1,0,0,0,0,0,1,0,0,0,0,0,0,1,1,0,0,0,0,1,1,0,0,1,0,0,1,1,0,0,0,1,0,0,0,1,0,1,1,1,0,0,0,0,0,0,1,0,0,1,0,0,0,0,0,0,1,0,1,0,1,0,1,0
1,1,0,1,0,1,0,0,0,0,0,0,0,0,0,1,1,1,1,0,0,1,0,1,0,1,1,0,0,0,1,0,0,1,0,0,1,0,1,0,0,1,0,1,0,0,0,1,0,0,0,1,0,0,0,0,0,0,0,0,0,0,0,1,1,0,0,0,0,0,1,1,1,0,1,1,0,1,0,1,1,0,1,1,0,1,0,1,1,1,0,1,0,0,0,1,1,0,0,1,0,1,0,0,1,0,1,1,0,1,1,0,0,0,0,1,1,0,1,0,1,1,0,0,0,0,0,0,0,0,1,0,1,0,0,1,0,0,1,0,0,0,0,1,0,0,0,0,0,0,0,0,0,0,0,0,0,1,0,0,0,0,0,1,0,0,0,0,0,0,1,1,0,0,0,0,1,1,0,0,1,0,0,1,1,0,0,0,1,0,0,0,1,0,1,1,1,0,0,0,0,0,0,1,0,0,1,0,0,0,0,0,0,1,0,1,0,1,0,1,0
0,1,0,1,0,1,0,0,0,0,0,0,0,0,0,1,1,1,1,0,0,1,0,1,0,1,1,0,0,0,1,0,0,1,0,0,1,0,1,0,0,1,0,1,0,0,0,1,0,0,0,1,0,0,0,0,0,0,0,0,0,0,0,1,1,0,0,0,0,0,1,1,1,0,1,1,0,1,0,1,1,0,1,1,0,1,0,1,1,1,0,1,0,0,0,1,1,0,0,1,0,1,0,0,1,0,1,1,0,1,1,0,0,0,0,1,1,0,1,0,1,1,0,0,0,0,0,0,0,0,1,0,1,0,0,1,0,0,1,0,0,0,0,1,0,0,0,0,0,0,0,0,0,0,0,0,0,1,0,0,0,0,0,1,0,0,0,0,0,0,1,1,0,0,0,0,1,1,0,0,1,0,0,1,1,0,0,0,1,0,0,0,1,0,1,1,1,0,0,0,0,0,0,1,0,0,1,0,0,0,0,0,0,1,0,1,0,1,0,1,0
0,1,0,1,0,1,0,0,0,0,0,0,0,0,0,1,1,1,1,0,0,1,0,1,0,1,1,0,0,0,1,0,0,1,0,0,1,0,1,0,0,1,0,1,0,0,0,1,0,0,0,1,0,1,1,0,0,0,0,0,0,0,1,1,1,0,0,0,0,0,1,1,1,0,1,1,0,1,0,1,1,0,1,1,0,1,0,1,1,1,0,1,0,0,0,1,1,0,0,1,0,1,0,0,1,0,1,1,0,1,1,1,0,0,0,1,1,0,1,0,1,1,0,0,0,0,0,0,0,0,1,0,1,0,0,1,0,0,1,0,0,0,0,1,0,0,0,1,0,0,0,0,0,0,0,0,0,1,0,0,1,0,0,1,0,0,0,0,0,0,1,1,0,0,0,0,1,1,0,0,1,0,0,1,1,0,0,0,1,0,0,0,1,0,1,1,1,0,0,0,0,0,0,1,0,0,1,0,0,0,0,0,0,1,0,1,0,1,0,1,0
0,1,0,1,0,1,1,1,1,0,0,0,0,0,0,1,1,1,1,0,0,1,0,1,0,1,1,0,0,0,1,0,0,1,0,0,1,0,1,1,0,1,0,1,0,0,0,1,0,0,0,1,0,0,0,0,0,1,1,0,0,0,0,1,1,0,0,0,0,0,1,1,1,0,1,1,0,1,0,1,1,0,1,1,0,1,0,1,1,1,0,1,0,0,0,1,1,1,0,1,0,1,0,0,1,0,1,1,0,1,1,0,1,1,0,1,1,1,1,0,1,1,0,0,0,0,0,1,1,0,1,0,1,0,0,1,0,0,1,0,0,0,0,1,0,0,1,0,0,0,0,0,0,1,0,0,0,1,0,0,0,0,0,1,0,1,0,0,1,0,1,1,0,1,0,1,1,1,0,0,1,0,0,1,1,0,1,0,1,1,0,0,1,0,1,1,1,1,0,0,0,0,0,1,0,0,1,0,0,0,1,0,0,1,0,1,0,1,1,1,0
0,0,0,0,0,1,1,1,0,0,1,0,0,1,0,0,0,0,0,0,0,0,0,0,0,0,0,0,0,0,1,0,0,0,0,0,1,0,0,1,0,0,1,1,0,0,0,0,1,0,0,1,0,0,0,0,1,0,0,0,0,0,0,0,0,0,0,0,1,0,0,1,0,0,0,0,0,0,1,0,1,0,0,0,0,0,1,0,0,0,0,0,0,0,0,0,0,1,0,0,0,0,0,0,0,0,0,1,0,0,0,0,0,0,0,0,0,0,0,0,1,0,0,0,0,0,0,1,0,0,0,0,1,0,0,0,0,0,0,1,0,0,0,0,0,0,0,0,0,0,1,0,0,1,0,0,0,0,0,0,0,0,0,0,0,1,0,0,1,0,0,0,0,0,0,0,0,0,0,0,0,1,0,1,0,0,1,0,1,0,0,0,0,0,0,0,0,0,0,0,0,0,0,0,0,0,0,0,0,0,0,0,0,0,0,0,0,0,0,0,0
0,0,0,0,0,1,1,1,0,0,1,0,0,1,0,0,0,0,0,0,0,0,0,0,0,0,0,0,0,0,1,0,0,0,0,0,1,0,0,1,0,0,1,1,0,0,0,0,1,0,0,1,0,0,0,0,1,0,0,0,0,0,0,0,0,0,0,0,1,0,0,1,0,0,0,0,0,0,1,0,1,0,0,0,0,0,1,0,0,0,0,0,0,0,0,0,0,1,0,0,0,0,0,0,0,0,0,1,0,0,0,0,0,0,0,0,0,0,0,0,1,0,0,0,0,0,0,1,0,0,0,0,1,0,0,0,0,0,0,1,0,0,0,0,0,0,0,0,0,0,1,0,0,1,0,0,0,0,0,0,0,0,0,0,0,1,0,0,1,0,0,0,0,0,0,0,0,0,0,0,0,1,0,1,0,0,1,0,1,0,0,0,0,0,0,0,0,0,0,0,0,0,0,0,0,0,0,0,0,0,0,0,0,0,0,0,0,0,0,0,0
0,1,0,1,0,1,1,0,0,0,0,0,0,0,0,1,1,1,1,0,0,1,0,1,0,1,1,0,0,0,1,0,0,1,0,0,1,0,1,1,0,1,1,1,0,0,0,1,1,0,0,1,0,0,0,0,0,1,1,0,0,0,0,1,1,0,0,0,1,0,1,1,1,0,1,1,0,1,0,1,1,0,1,1,0,1,0,1,1,1,1,1,0,0,0,1,1,1,0,1,0,1,0,0,1,0,1,1,0,1,1,0,1,1,0,1,1,1,1,0,1,1,0,1,0,0,0,1,1,0,1,0,1,0,0,1,1,0,1,1,0,0,0,1,0,1,1,0,0,0,1,0,0,1,1,0,0,1,0,1,0,0,1,1,0,1,0,0,1,0,1,1,0,1,0,1,1,1,0,0,1,1,0,1,1,0,1,0,1,1,0,0,1,0,1,1,1,0,0,0,0,0,0,1,0,0,1,1,0,0,0,0,0,1,1,1,0,1,0,1,0
0,1,0,0,0,1,1,1,0,0,0,0,0,0,0,0,0,0,0,0,0,0,0,0,0,0,0,0,0,0,1,0,0,0,0,0,1,0,0,1,0,0,1,1,0,0,0,0,1,0,0,1,0,0,0,0,1,0,0,0,0,0,0,0,0,0,0,0,1,0,0,1,0,0,0,0,0,0,1,0,1,0,0,0,0,0,1,0,0,0,0,0,0,0,0,0,0,1,0,0,0,0,0,0,0,0,0,1,0,0,0,0,0,0,0,0,0,1,0,0,1,0,0,0,0,0,0,1,1,0,0,0,1,0,0,0,0,0,0,1,0,0,0,0,0,1,0,0,0,0,1,0,0,1,0,0,0,0,0,0,0,0,0,0,0,1,0,0,1,0,0,0,0,0,0,1,0,0,0,0,0,1,0,1,0,0,1,0,1,1,0,0,0,0,0,0,0,1,0,0,0,0,0,0,0,0,0,0,0,0,0,0,0,0,0,0,0,0,0,0,0
0,1,0,0,0,1,1,1,0,0,0,0,0,0,0,0,0,0,0,0,0,0,0,0,0,0,0,0,0,0,1,0,0,0,0,0,1,0,0,1,0,0,1,1,0,0,0,0,1,0,0,1,0,0,0,0,1,0,0,0,0,0,0,0,0,0,0,0,1,0,0,1,0,0,0,0,0,0,1,0,1,0,0,0,0,0,1,0,0,0,0,0,0,0,0,0,0,1,0,0,0,0,0,0,0,0,0,1,0,0,0,0,0,0,0,0,0,1,0,0,1,0,0,0,0,0,0,1,1,0,0,0,1,0,0,0,0,0,0,1,0,0,0,0,0,1,0,0,0,0,1,0,0,1,0,0,0,0,0,0,0,0,0,0,0,1,0,0,1,0,0,0,0,0,0,1,0,0,0,0,0,1,0,1,0,0,1,0,1,1,0,0,0,0,0,0,0,1,0,0,0,0,0,0,0,0,0,0,0,0,0,0,0,0,0,0,0,0,0,0,0
0,0,0,0,0,1,1,1,0,0,0,0,0,0,0,0,0,0,0,0,0,0,0,0,0,0,0,0,0,0,1,0,0,0,0,0,0,0,0,1,0,0,0,1,0,0,0,0,1,0,0,1,0,0,0,0,1,0,0,0,0,0,0,0,0,0,0,0,1,0,0,1,0,0,0,0,0,0,1,0,1,0,0,0,0,0,1,0,0,0,0,0,0,0,0,0,0,1,0,0,0,0,0,0,0,0,0,1,0,0,0,0,0,0,0,0,0,0,0,0,1,0,0,0,0,0,0,1,0,0,0,0,1,0,0,0,0,0,0,1,0,0,0,0,0,0,0,0,0,0,0,0,0,1,0,0,0,0,0,0,0,0,0,0,0,1,0,0,0,0,0,0,0,0,0,0,0,0,0,0,0,1,0,1,0,0,1,0,1,0,0,0,0,0,0,0,0,0,0,0,0,0,0,0,0,0,0,0,0,0,0,0,0,0,0,0,0,0,0,0,0
0,0,0,0,0,1,1,1,0,0,0,0,0,0,0,0,0,0,0,0,0,0,0,0,0,0,0,0,0,0,1,0,0,0,1,0,0,0,0,1,0,0,1,1,0,0,0,0,1,0,0,1,0,0,0,0,0,0,0,0,0,0,0,0,0,0,0,0,0,1,0,0,0,0,0,0,0,0,0,0,0,0,0,0,0,0,0,0,0,0,0,0,0,0,0,0,0,1,0,0,0,0,0,0,0,0,0,0,0,0,0,0,0,0,0,0,0,0,0,0,0,0,0,0,0,0,0,1,0,0,0,0,0,0,0,0,0,0,0,0,0,0,0,0,0,0,0,0,0,0,0,0,1,1,0,0,0,0,0,0,0,0,0,0,0,1,0,0,0,0,0,0,0,0,0,0,0,0,0,0,0,0,1,0,0,0,1,0,0,0,0,0,0,0,0,0,0,0,0,0,0,0,0,0,0,0,0,0,0,0,0,0,0,0,0,0,0,0,0,0,0
0,0,0,0,0,1,1,1,0,0,0,0,0,0,0,0,0,0,0,0,0,0,0,0,0,0,0,0,0,0,1,0,0,0,0,0,0,0,0,1,0,0,0,1,0,0,0,0,1,0,0,1,0,0,0,0,1,0,0,0,0,0,0,0,0,0,0,0,1,0,0,1,0,0,0,0,0,0,1,0,1,0,0,0,0,0,1,0,0,0,0,0,0,0,0,0,0,1,0,0,0,0,0,0,0,0,0,1,0,0,0,0,0,0,0,0,0,0,0,0,1,0,0,0,0,0,0,1,0,0,0,0,1,0,0,0,0,0,0,1,0,0,0,0,0,0,0,0,0,0,0,0,0,1,0,0,0,0,0,0,0,0,0,0,0,1,0,0,0,0,0,0,0,0,0,0,0,0,0,0,0,1,0,1,0,0,0,0,0,0,0,0,0,0,0,0,0,0,0,0,0,0,0,0,0,0,0,0,0,0,0,0,0,0,0,0,0,0,0,0,0
0,0,0,0,0,1,1,1,0,0,1,0,0,1,0,0,0,0,0,0,0,0,0,0,0,0,0,0,0,0,1,0,0,0,0,0,0,0,0,1,0,0,1,1,0,0,0,0,1,0,0,1,0,0,0,0,1,0,0,0,0,0,0,0,0,0,0,0,1,0,0,1,0,0,0,0,0,0,1,0,1,0,0,0,0,0,1,0,0,0,0,0,0,0,0,0,0,1,0,0,0,0,0,0,0,0,0,1,0,0,0,0,0,0,0,0,0,0,0,0,1,0,0,0,0,0,0,1,0,0,0,0,1,0,0,0,0,0,0,1,0,0,0,0,0,0,0,0,0,0,1,0,0,1,0,0,0,0,0,0,0,0,0,0,0,1,0,0,1,0,0,0,0,0,0,0,0,0,0,0,0,1,0,1,0,0,0,0,0,0,0,0,0,0,0,0,0,0,0,0,0,0,0,0,0,0,0,0,0,0,0,0,0,0,0,0,0,0,0,0,0
0,0,0,0,0,1,1,1,0,0,1,0,0,1,0,0,0,0,0,0,0,0,0,0,0,0,0,0,0,0,1,0,0,0,0,0,0,0,0,1,0,0,1,1,0,0,0,0,1,0,0,1,0,0,0,0,1,0,0,0,0,0,0,0,0,0,0,0,1,0,0,1,0,0,0,0,0,0,1,0,1,0,0,0,0,0,1,0,0,0,0,0,0,0,0,0,0,1,0,0,0,0,0,0,0,0,0,1,0,0,0,0,0,0,0,0,0,0,0,0,1,0,0,0,0,0,0,1,0,0,0,0,1,0,0,0,0,0,0,1,0,0,0,0,0,0,0,0,0,0,1,0,0,1,0,0,0,0,0,0,0,0,0,0,0,1,0,0,1,0,0,0,0,0,0,0,0,0,0,0,0,1,0,1,0,0,0,0,0,0,0,0,0,0,0,0,0,0,0,0,0,0,0,0,0,0,0,0,0,0,0,0,0,0,0,0,0,0,0,0,0
0,0,0,0,0,1,1,0,0,0,0,0,0,0,0,0,0,0,0,0,0,0,0,0,0,0,0,0,0,0,1,0,0,0,0,0,0,0,0,1,0,0,1,1,0,0,0,0,1,0,0,1,0,0,0,0,0,0,0,0,0,0,0,0,0,0,0,0,0,0,0,0,0,0,0,0,0,0,0,0,0,0,0,0,0,0,0,0,0,0,0,0,0,0,0,0,0,0,0,0,0,0,0,0,0,0,0,0,0,0,0,0,0,0,0,0,0,0,0,0,0,0,0,0,0,0,0,0,0,0,0,0,0,0,0,0,0,0,0,0,0,0,0,0,0,0,0,0,0,0,0,0,0,0,0,0,0,0,0,0,0,0,0,0,0,0,0,0,0,0,0,0,0,0,0,0,0,0,0,0,0,0,0,0,0,0,0,0,0,0,0,0,0,0,0,0,0,0,0,0,0,0,0,0,0,0,0,0,0,0,0,0,0,0,0,0,0,0,0,0,0
0,0,0,0,0,1,1,1,0,0,1,0,0,1,0,0,0,0,0,0,0,0,0,0,0,0,0,0,0,0,1,0,0,0,0,0,1,0,0,1,0,0,1,1,0,0,0,0,1,0,0,1,0,0,0,0,1,0,0,0,0,0,0,0,0,0,0,0,1,0,0,1,0,0,0,0,0,0,1,0,1,0,0,0,0,0,1,0,0,0,0,0,0,0,0,0,0,1,0,0,0,0,0,0,0,0,0,1,0,0,0,0,0,0,0,0,0,0,0,0,1,0,0,0,0,0,0,1,0,0,0,0,1,0,0,0,0,0,0,1,0,0,0,0,0,0,0,0,0,0,1,0,0,1,0,0,0,0,0,0,0,0,0,0,0,1,0,1,1,0,0,0,0,0,0,0,0,0,0,0,0,1,0,1,0,0,0,0,0,0,0,0,0,0,0,0,0,0,0,0,0,0,0,0,0,0,0,0,0,0,0,0,0,0,0,0,0,0,0,0,0
1,1,1,1,0,1,1,0,0,0,0,0,0,0,0,0,0,1,1,0,0,1,1,1,0,0,1,0,1,0,1,0,0,0,0,0,0,0,0,1,0,1,1,1,0,0,0,1,1,0,0,1,0,0,0,0,0,1,1,0,0,0,1,0,0,0,0,0,1,0,0,1,0,1,0,0,0,0,0,0,1,0,0,0,0,0,0,0,1,0,1,0,0,0,0,1,0,1,0,0,0,0,0,0,0,0,0,1,0,0,0,1,1,1,0,0,0,1,1,0,1,0,0,1,0,0,0,1,1,0,0,0,1,0,0,0,1,0,0,1,0,1,0,0,0,1,1,1,0,0,1,0,0,1,1,0,0,1,0,1,1,0,1,1,0,1,0,0,1,0,0,0,0,1,0,1,1,0,0,0,0,1,0,1,1,0,1,0,1,1,0,1,1,1,0,1,0,1,1,0,0,1,0,1,1,0,1,1,1,1,0,0,0,1,1,0,1,1,0,0,0
1,1,1,1,0,1,1,0,0,0,0,0,0,0,0,1,1,1,1,0,0,1,1,1,1,0,1,0,1,0,1,0,0,0,0,0,0,0,0,1,0,1,1,1,0,0,0,1,1,0,0,1,0,0,0,0,0,1,1,0,0,0,1,0,0,0,0,0,1,0,0,1,0,1,0,0,0,0,0,0,1,0,0,0,0,0,0,0,1,0,1,0,0,0,0,1,0,1,0,0,0,0,0,0,0,0,0,1,0,0,0,1,1,1,0,0,0,1,1,0,1,0,0,1,0,0,0,1,1,0,0,0,1,0,0,0,1,0,0,1,0,1,0,0,0,1,1,1,0,0,1,0,0,1,1,0,0,1,0,1,1,0,1,1,0,1,0,0,1,0,0,0,0,1,0,1,1,0,0,0,0,1,0,1,1,0,1,0,1,1,0,1,1,1,0,1,0,1,1,0,0,1,0,1,1,0,1,1,1,1,0,0,0,1,1,0,1,1,0,0,0
0,1,0,0,0,1,1,0,0,0,0,0,0,0,0,0,0,1,1,0,0,1,1,1,0,0,1,0,1,0,1,0,0,0,0,0,0,0,0,1,0,1,0,1,0,0,0,1,1,0,0,1,0,0,0,0,0,1,1,0,0,0,1,0,0,0,0,0,1,0,0,1,0,1,0,0,0,0,0,0,1,0,0,0,0,0,0,0,1,0,1,0,0,0,0,1,0,1,0,0,0,0,0,0,0,0,0,1,0,0,0,1,1,1,1,0,0,1,1,0,1,0,0,1,0,1,0,1,1,0,0,0,1,0,0,0,1,0,0,1,0,1,0,0,0,1,1,1,0,0,0,0,0,1,0,0,0,1,0,1,1,1,0,1,0,1,0,0,1,0,0,0,0,1,0,1,1,0,0,1,0,1,0,1,1,0,1,0,1,1,0,0,1,1,0,1,0,1,1,0,0,0,0,1,1,0,1,1,1,1,0,0,1,1,1,0,1,1,0,0,1
0,1,0,0,0,1,1,0,0,0,0,0,0,0,0,0,0,1,1,0,0,1,1,1,0,0,1,0,1,0,1,0,0,0,0,0,0,0,0,1,0,1,0,1,0,0,0,1,1,0,0,1,0,0,0,0,0,1,1,0,0,0,1,0,0,0,0,0,1,0,0,1,0,1,0,0,0,0,0,0,1,0,0,0,0,0,0,0,1,0,1,0,0,0,0,1,0,1,0,0,0,0,0,0,0,0,0,1,0,0,0,1,1,1,0,0,0,1,1,0,1,0,0,1,0,0,0,1,1,0,0,0,1,0,0,0,1,0,0,1,0,1,0,0,0,1,1,1,0,0,0,0,0,1,0,0,0,1,0,1,1,0,0,1,0,1,0,0,1,0,0,0,0,1,0,1,1,0,0,0,0,1,0,1,1,0,1,0,1,1,0,0,1,0,0,1,0,1,1,0,0,0,0,1,0,0,1,1,1,1,0,0,0,1,1,0,1,1,0,0,0
0,1,0,0,0,1,1,0,0,0,0,0,0,0,0,0,0,1,1,0,0,1,1,1,0,0,1,0,1,0,1,0,0,0,0,0,0,0,0,1,0,1,0,1,0,0,0,1,1,0,0,1,0,0,0,0,0,1,1,0,0,0,1,0,0,0,0,0,1,0,0,1,0,1,0,0,0,0,0,0,1,0,0,0,0,0,0,0,1,0,1,0,0,0,0,1,0,1,0,0,0,0,0,0,0,0,0,1,0,0,0,1,1,1,0,0,0,1,1,0,1,0,0,1,0,0,0,1,1,0,0,0,1,0,0,0,1,0,0,1,0,1,0,0,0,1,1,1,0,0,0,0,0,1,0,0,0,1,0,1,1,0,0,1,0,1,0,0,1,0,0,0,0,1,0,1,1,0,0,0,0,1,0,1,1,0,1,0,1,1,0,0,1,1,0,1,0,1,1,0,0,0,0,1,1,0,1,1,1,1,0,0,0,1,1,0,1,1,0,0,0
1,1,1,1,0,1,1,0,0,0,1,1,0,0,0,0,0,1,1,0,0,1,1,0,0,0,1,0,1,0,1,0,0,0,0,0,0,0,0,1,0,1,1,1,0,0,0,1,1,0,0,1,0,0,0,0,0,1,1,0,0,0,1,0,0,0,0,0,1,0,0,1,0,1,0,0,0,0,0,0,1,0,0,0,0,0,0,0,1,0,1,0,0,0,0,1,0,1,0,0,0,0,0,0,0,0,0,1,0,0,0,1,1,1,0,0,0,1,1,0,1,0,0,1,0,0,0,1,1,0,0,0,1,0,0,0,1,0,0,1,0,1,0,0,0,1,1,1,0,0,1,0,0,1,1,0,0,1,0,1,1,0,1,1,0,1,0,0,1,0,0,0,0,1,0,1,1,0,0,0,0,1,0,1,1,0,1,0,1,1,0,0,1,0,0,1,0,1,1,0,0,0,0,1,0,0,1,1,1,1,0,0,0,1,1,0,1,1,0,0,0
1,1,1,1,0,1,1,0,0,0,1,1,0,0,0,0,0,1,1,0,0,1,1,0,0,0,1,0,1,0,1,0,0,0,0,0,0,0,0,1,0,1,1,1,0,0,0,1,1,0,0,1,0,0,0,0,0,1,1,0,0,0,1,0,0,0,0,0,1,0,0,1,0,1,0,0,0,0,0,0,1,0,0,0,0,0,0,0,1,0,1,0,0,0,0,1,0,1,0,0,0,0,0,0,0,0,0,1,0,0,0,1,1,1,0,0,0,1,1,0,1,0,0,1,0,0,0,1,1,0,0,0,1,0,0,0,1,0,0,1,0,1,0,0,0,1,1,1,0,0,1,0,0,1,1,0,0,1,0,1,1,0,1,1,0,1,0,0,1,0,0,0,0,1,0,1,1,0,0,0,0,1,0,1,1,0,1,0,1,1,0,0,1,0,0,1,0,1,1,0,0,0,0,1,0,0,1,1,1,1,0,0,0,1,1,0,1,1,0,0,0
1,1,1,1,0,1,1,0,0,0,1,1,0,0,0,1,1,1,1,0,0,1,1,1,0,0,1,0,1,0,1,0,0,0,0,0,0,0,0,1,0,1,1,1,0,0,0,1,1,0,0,1,0,0,0,0,0,1,1,0,0,0,1,0,0,0,0,0,1,0,0,1,0,1,0,0,0,0,0,0,1,0,0,0,0,0,0,0,1,0,1,0,0,0,0,1,0,1,0,0,0,0,0,0,0,0,0,1,0,0,0,1,1,1,0,0,0,1,1,0,1,0,0,1,0,0,0,1,1,0,0,0,1,0,0,0,1,0,0,1,0,1,0,0,0,1,1,1,0,0,1,0,0,1,1,0,0,1,0,1,1,0,1,1,0,1,0,0,1,0,0,0,0,1,0,1,1,0,0,0,0,1,0,1,1,0,1,0,1,1,0,1,1,0,0,1,0,1,1,0,0,1,0,1,0,0,1,1,1,1,0,0,0,1,1,0,1,1,0,0,0
1,1,1,1,0,1,1,0,0,0,1,1,0,0,0,0,0,1,1,0,0,1,1,0,0,0,1,0,1,0,1,0,0,0,0,0,0,0,0,1,0,1,1,1,0,0,0,1,1,0,0,1,0,0,0,0,0,1,1,0,0,0,1,0,0,0,0,0,1,0,0,1,0,1,0,0,0,0,0,0,1,0,0,0,0,0,0,0,1,0,1,0,0,0,0,1,0,1,0,0,0,0,0,0,0,0,0,1,0,0,0,1,1,1,0,0,0,1,1,0,1,0,0,1,0,0,0,1,1,0,0,0,1,0,0,0,1,0,0,1,0,1,0,0,0,1,1,1,0,0,1,0,0,1,1,0,0,1,0,1,1,0,1,1,0,1,0,0,1,0,0,0,0,1,0,1,1,0,0,0,0,1,0,1,1,0,1,0,1,1,0,1,1,0,0,1,0,1,1,0,0,1,0,1,0,0,1,1,1,1,0,0,0,1,1,0,1,1,0,0,0
1,1,1,1,0,1,1,0,0,0,1,1,0,0,0,1,1,1,1,0,0,1,1,1,0,0,1,0,1,0,1,0,0,0,0,0,0,0,0,1,0,1,1,1,0,0,0,1,1,0,0,1,0,0,0,0,0,1,1,0,0,0,1,0,0,0,0,0,1,0,0,1,0,1,0,0,0,0,0,0,1,0,0,0,0,0,0,0,1,0,1,0,0,0,0,1,0,1,0,0,0,0,0,0,0,0,0,1,0,0,0,1,1,1,0,0,0,1,1,0,1,0,0,1,0,0,0,1,1,0,0,0,1,0,0,0,1,0,0,1,0,1,0,0,0,1,1,1,0,0,1,0,0,1,1,0,0,1,0,1,1,0,1,1,0,1,0,0,1,0,0,0,0,1,0,1,1,0,0,0,0,1,0,1,1,0,1,1,1,1,0,0,1,0,0,1,0,1,1,0,0,0,0,1,0,0,1,1,1,1,0,0,0,1,1,0,1,1,0,0,0
1,1,1,1,0,1,1,0,0,0,1,1,0,0,0,1,1,1,1,0,0,1,1,1,0,0,1,0,1,0,1,0,0,0,0,0,0,0,0,1,0,1,1,1,0,0,0,1,1,0,0,1,0,0,0,0,0,1,1,0,0,0,1,0,0,0,0,0,1,0,0,1,0,1,0,0,0,0,0,0,1,0,0,0,0,0,0,0,1,0,1,0,0,0,0,1,0,1,0,0,0,0,0,0,0,0,0,1,0,0,0,1,1,1,0,0,0,1,1,0,1,0,0,1,1,0,0,1,1,0,0,0,1,0,0,0,1,0,0,1,0,1,0,0,0,1,1,1,0,0,1,1,0,1,1,0,0,1,0,1,1,0,1,1,0,1,0,0,1,0,0,0,0,1,0,1,1,0,1,0,0,1,0,1,1,0,1,1,1,1,0,0,1,0,0,1,0,1,1,0,0,0,0,1,0,0,1,1,1,1,0,0,0,1,1,0,1,1,0,0,0
1,1,1,1,0,1,1,0,0,0,1,1,0,0,0,0,0,1,1,0,0,1,1,0,0,0,1,0,1,0,1,0,0,0,0,0,0,0,0,1,0,1,1,1,0,0,0,1,1,0,0,1,0,0,0,0,0,1,1,0,0,0,1,0,0,0,0,0,1,0,0,1,0,1,0,0,0,0,0,0,1,0,0,0,0,0,0,0,1,0,1,0,0,0,0,1,0,1,0,0,0,0,0,0,0,0,0,1,0,0,0,1,1,1,0,0,0,1,1,0,1,0,0,1,0,0,0,1,1,0,0,0,1,0,0,0,1,0,0,1,0,1,0,0,0,1,1,1,0,0,1,0,0,1,1,0,0,1,0,1,1,0,1,1,0,1,0,0,1,0,0,0,0,1,0,1,1,0,0,0,0,1,0,1,1,0,1,1,1,1,0,0,1,0,0,1,0,1,1,0,0,0,0,1,0,0,1,1,1,1,0,0,0,1,1,0,1,1,0,0,0
1,1,1,1,0,1,1,0,0,0,1,1,0,0,0,0,0,1,1,0,0,1,1,0,0,0,1,0,1,0,1,0,0,0,0,0,0,0,0,1,0,1,1,1,0,0,0,1,1,0,0,1,0,0,0,0,0,1,1,0,0,0,1,0,0,0,0,0,1,0,0,1,0,1,0,0,0,0,0,0,1,0,0,0,0,0,0,0,1,0,1,0,0,0,0,1,0,1,0,0,0,0,0,0,0,0,0,1,0,0,0,1,1,1,0,0,0,1,1,0,1,0,0,1,0,0,0,1,1,0,0,0,1,0,0,0,1,0,0,1,0,1,0,0,0,1,1,1,0,0,1,0,0,1,1,0,0,1,0,1,1,0,1,1,0,1,1,0,1,0,0,0,0,1,0,1,1,0,0,0,0,1,0,1,1,0,1,0,1,1,0,0,1,0,0,1,0,1,1,0,0,0,0,1,0,0,1,1,1,1,0,0,0,1,1,0,1,1,0,0,0
1,1,0,1,0,1,1,0,0,0,1,1,0,0,0,0,0,1,1,0,0,1,1,0,0,0,1,0,1,0,1,0,0,0,0,0,0,0,0,1,0,1,1,1,0,0,0,1,1,0,0,1,0,0,0,0,0,1,1,0,0,0,1,0,0,0,0,0,1,0,0,1,0,1,0,0,0,0,0,0,1,0,0,0,0,0,0,0,1,0,1,0,0,0,0,1,0,1,0,0,0,0,0,0,0,0,0,1,0,0,0,1,1,1,0,0,0,1,1,0,1,0,0,1,1,0,0,1,1,0,0,0,1,0,0,0,1,0,0,1,0,1,0,0,0,1,1,1,0,0,1,1,0,1,1,0,0,1,0,1,1,0,1,1,0,1,0,0,1,0,0,0,0,1,0,1,1,0,1,0,0,1,0,1,1,0,1,0,1,1,0,0,1,0,0,1,0,1,1,0,0,0,0,1,0,0,1,1,1,1,0,0,0,1,1,0,1,1,0,0,0
1,1,1,1,0,1,1,0,0,0,1,1,0,0,0,0,0,1,1,0,0,1,1,0,0,0,1,0,1,0,1,0,0,0,0,0,0,0,0,1,0,1,1,1,0,0,0,1,1,0,0,1,0,0,0,0,0,1,1,0,0,0,1,0,0,0,0,0,1,0,0,1,0,1,0,0,0,0,0,0,1,0,0,0,0,0,0,0,1,0,1,0,0,0,0,1,0,1,0,0,0,0,0,0,0,0,0,1,0,0,0,1,1,1,0,0,0,1,1,0,1,0,0,1,0,0,0,1,1,0,0,0,1,0,0,0,1,0,0,1,0,1,0,0,0,1,1,1,0,0,1,0,0,1,1,0,0,1,0,1,1,0,1,1,0,1,0,0,1,0,0,0,0,1,0,1,1,0,0,0,0,1,0,1,1,0,1,1,1,1,0,0,1,1,0,1,0,1,1,0,0,0,0,1,1,0,1,1,1,1,0,0,0,1,1,0,1,1,0,0,0
1,1,1,1,0,1,1,0,0,0,1,1,0,0,0,0,0,1,1,0,0,1,1,0,0,0,1,0,1,0,1,0,0,0,0,0,0,0,0,1,0,1,1,1,0,0,0,1,1,0,0,1,0,0,0,0,0,1,1,0,0,0,1,0,0,0,0,0,1,0,0,1,0,1,0,0,0,0,0,0,1,0,0,0,0,0,0,0,1,0,1,0,0,0,0,1,0,1,0,0,0,0,0,0,0,0,0,1,0,0,0,1,1,1,0,0,0,1,1,0,1,0,0,1,0,0,0,1,1,0,0,0,1,0,0,0,1,0,0,1,0,1,0,0,0,1,1,1,0,0,1,0,0,1,1,0,0,1,0,1,1,0,1,1,0,1,1,0,1,0,0,0,0,1,0,1,1,0,0,0,0,1,0,1,1,0,1,0,1,1,0,0,1,1,0,1,0,1,1,0,0,0,0,1,1,0,1,1,1,1,0,0,0,1,1,0,1,1,0,0,0
1,1,0,1,0,1,1,0,0,0,1,1,0,0,0,0,0,1,1,0,0,1,1,0,0,0,1,0,1,0,1,0,0,0,0,0,0,0,0,1,0,1,1,1,0,0,0,1,1,0,0,1,0,0,0,0,0,1,1,0,0,0,1,0,0,0,0,0,1,0,0,1,0,1,0,0,0,0,0,0,1,0,0,0,0,0,0,0,1,0,1,0,0,0,0,1,0,1,0,0,0,0,0,0,0,0,0,1,0,0,0,1,1,1,0,0,0,1,1,0,1,0,0,1,1,0,0,1,1,0,0,0,1,0,0,0,1,0,0,1,0,1,0,0,0,1,1,1,0,0,1,1,0,1,1,0,0,1,0,1,1,0,1,1,0,1,0,0,1,0,0,0,0,1,0,1,1,0,1,0,0,1,0,1,1,0,1,0,1,1,0,0,1,1,0,1,0,1,1,0,0,0,0,1,1,0,1,1,1,1,0,0,0,1,1,0,1,1,0,0,0
0,1,0,0,0,1,0,0,0,0,1,1,0,0,0,0,0,1,1,0,0,1,1,0,0,0,1,0,1,0,1,0,0,0,0,0,0,0,0,1,0,1,0,1,0,0,0,1,0,0,0,1,0,0,0,0,0,0,0,0,0,0,1,0,0,0,0,0,0,0,0,1,0,1,0,0,0,0,0,0,1,0,0,0,0,0,0,0,1,0,0,0,0,0,0,1,0,0,0,0,0,0,0,0,0,0,0,1,0,0,0,1,0,0,0,0,0,0,1,0,1,0,0,0,0,0,0,0,0,0,0,0,1,0,0,0,0,0,0,0,0,1,0,0,0,0,0,1,0,0,0,0,0,0,0,0,0,1,0,0,1,0,0,1,0,0,0,0,0,0,0,0,0,0,0,0,1,0,0,0,0,0,0,1,1,0,0,0,1,0,0,0,1,0,0,1,0,0,0,0,0,0,0,1,0,0,1,0,0,1,0,0,0,1,0,0,0,1,0,0,0
0,1,0,0,0,1,1,0,0,0,1,1,0,0,0,0,0,1,1,0,0,1,1,0,0,0,1,0,1,0,1,0,0,0,0,0,0,0,0,1,0,1,0,1,0,0,0,1,1,0,0,1,0,0,0,0,0,1,1,0,0,0,1,0,0,0,0,0,1,0,0,1,0,1,0,0,0,0,0,0,1,0,0,0,0,0,0,0,1,0,1,0,0,0,0,1,0,1,0,0,0,0,0,0,0,0,0,1,0,0,0,1,1,1,0,0,0,1,1,0,1,0,0,1,0,0,0,1,1,0,0,0,1,0,0,0,1,0,0,1,0,1,0,0,0,1,1,1,0,0,0,0,0,1,0,0,0,1,0,1,1,0,0,1,0,1,0,0,1,0,0,0,0,1,0,1,1,0,0,0,0,1,0,1,1,0,1,0,1,1,0,0,1,0,0,1,0,1,1,0,0,0,0,1,0,0,1,1,1,1,0,0,0,1,1,0,1,1,0,0,0
0,1,0,0,0,1,1,0,0,0,1,1,0,0,0,0,0,1,1,0,0,1,1,0,0,0,1,0,1,0,1,0,0,0,0,0,0,0,0,1,0,1,0,1,0,0,0,1,1,0,0,1,0,0,0,0,0,1,1,0,0,0,1,0,0,0,0,0,1,0,0,1,0,1,0,0,0,0,0,0,1,0,0,0,0,0,0,0,1,0,1,0,0,0,0,1,0,1,0,0,0,0,0,0,0,0,0,1,0,0,0,1,1,1,0,0,0,1,1,0,1,0,0,1,0,0,0,1,1,0,0,0,1,0,0,0,1,0,0,1,0,1,0,0,0,1,1,1,0,0,0,0,0,1,0,0,0,1,0,1,1,0,0,1,0,1,0,0,1,0,0,0,0,1,0,1,1,0,0,0,0,1,0,1,1,0,1,0,1,1,0,0,1,0,0,1,0,1,1,0,0,0,0,1,0,0,1,1,1,1,0,0,0,1,1,0,1,1,0,0,0
0,1,0,0,0,1,1,0,0,0,1,1,0,0,0,0,0,1,1,0,0,1,1,0,0,0,1,0,1,0,1,0,0,0,0,0,0,0,0,1,0,1,0,1,0,0,0,1,1,0,0,1,0,0,0,0,0,1,1,0,0,0,1,0,0,0,0,0,1,0,0,1,0,1,0,0,0,0,0,0,1,0,0,0,0,0,0,0,1,0,1,0,0,0,0,1,0,1,0,0,0,0,0,0,0,0,0,1,0,0,0,1,1,1,0,0,0,1,1,0,1,0,0,1,0,0,0,1,1,0,0,0,1,0,0,0,1,0,0,1,0,1,0,0,0,1,1,1,0,0,0,0,0,1,0,0,0,1,0,1,1,0,0,1,0,1,0,0,1,0,0,0,0,1,0,1,1,0,0,0,0,1,0,1,1,0,1,0,1,1,0,0,1,1,0,1,0,1,1,0,0,0,0,1,1,0,1,1,1,1,0,0,0,1,1,0,1,1,0,0,0
0,0,0,1,0,1,1,0,0,0,0,0,0,0,0,1,1,0,0,0,0,0,0,0,0,1,0,0,0,0,1,0,0,0,0,0,0,0,0,1,0,1,0,1,0,1,0,1,0,1,1,1,0,1,0,0,1,1,1,0,0,1,1,0,0,1,1,1,1,0,1,1,0,0,1,0,0,0,0,1,0,1,1,1,0,1,1,1,1,1,1,1,0,0,1,0,1,1,0,1,0,1,0,1,1,0,1,0,0,1,1,1,1,1,0,1,1,1,1,0,0,1,0,1,1,0,0,1,1,0,1,1,0,0,0,1,1,0,0,1,0,0,0,1,0,1,1,1,0,1,0,1,0,1,0,0,1,0,0,1,1,0,0,1,0,1,0,0,1,0,0,0,1,1,0,1,1,1,1,0,1,1,0,0,0,0,0,1,0,0,0,0,0,0,0,0,0,0,0,0,0,0,0,0,0,0,0,0,0,0,0,0,0,0,0,0,0,0,0,0,0
0,1,0,0,0,1,1,0,0,0,1,1,0,0,0,0,0,1,1,0,0,1,1,0,0,0,1,0,1,0,1,0,0,0,0,0,0,0,0,1,0,1,0,1,0,0,0,1,1,0,0,1,0,0,0,0,0,1,1,0,0,0,1,0,0,0,0,0,1,0,0,1,0,1,0,0,0,0,0,0,1,0,0,0,0,0,0,0,1,0,1,0,0,0,0,1,0,1,0,0,0,0,0,0,0,0,0,1,0,0,0,1,1,1,1,0,0,1,1,0,1,0,0,1,0,1,0,1,1,0,0,0,1,0,0,0,1,0,0,1,0,1,0,0,0,1,1,1,0,0,0,0,0,1,0,0,0,1,0,1,1,1,0,1,0,1,0,0,1,0,0,0,0,1,0,1,1,0,0,1,0,1,0,1,1,0,1,0,1,1,0,0,1,1,0,1,0,1,1,0,0,0,0,1,1,0,1,1,1,1,0,0,1,1,1,0,1,1,0,0,1
0,0,0,1,0,0,0,0,0,0,0,0,0,0,0,1,1,1,0,1,1,0,0,0,0,1,1,1,0,0,0,0,0,0,0,0,0,0,0,0,0,1,0,0,0,1,0,1,0,1,1,0,0,1,0,0,0,0,0,0,0,1,1,0,0,1,1,1,0,0,1,0,0,0,1,0,0,0,0,1,0,1,1,1,0,0,0,1,1,1,0,1,0,0,1,0,1,0,0,1,0,1,0,1,1,0,1,0,0,1,1,1,0,0,0,1,1,0,1,0,0,1,0,0,0,0,0,0,0,0,1,1,0,0,0,1,0,0,0,0,0,0,0,1,0,0,0,1,0,0,0,0,0,0,0,0,0,0,0,0,1,0,0,1,0,0,0,0,0,0,0,0,0,0,0,0,1,1,0,0,1,0,0,0,0,0,0,0,0,0,0,0,0,0,0,0,0,0,0,0,0,0,0,0,0,0,0,0,0,0,0,0,0,0,0,0,0,0,0,0,0
0,0,0,1,0,0,0,0,0,0,0,0,0,0,0,1,1,1,0,1,1,0,0,0,0,1,1,1,0,0,0,0,0,0,0,0,0,0,0,0,0,1,0,0,0,1,0,1,0,1,1,0,0,1,0,0,0,0,0,0,0,1,1,0,0,1,1,1,0,0,1,0,0,0,1,0,0,0,0,1,0,1,1,1,0,0,0,1,1,1,0,1,0,0,1,0,1,0,0,1,0,1,0,1,1,0,1,0,0,1,1,1,0,0,0,1,1,0,1,0,0,1,0,0,0,0,0,0,0,0,1,1,0,0,0,1,0,0,0,0,0,0,0,1,0,0,0,1,0,0,0,0,0,0,0,0,0,0,0,0,1,0,0,1,0,0,0,0,0,0,0,0,0,0,0,0,1,1,0,0,1,0,0,0,0,0,0,0,0,0,0,0,0,0,0,0,0,0,0,0,0,0,0,0,0,0,0,0,0,0,0,0,0,0,0,0,0,0,0,0,0
0,1,0,1,0,0,0,0,0,0,0,0,0,0,0,1,1,1,0,1,1,0,0,0,0,1,1,1,0,0,0,0,0,0,0,0,0,0,0,0,0,1,0,0,0,1,0,1,0,1,1,0,0,1,0,0,0,0,0,0,0,1,1,0,0,1,1,1,0,0,1,0,0,0,1,0,0,0,0,1,0,1,1,1,0,0,0,1,1,1,0,1,0,0,1,0,1,0,0,1,0,1,0,1,1,0,1,0,0,1,1,1,0,0,0,1,1,0,1,0,0,1,0,0,0,0,0,0,0,0,1,1,0,0,0,1,0,0,0,0,0,0,0,1,0,0,0,1,0,0,0,0,0,0,0,0,0,0,0,0,1,0,0,1,0,0,0,0,0,0,0,0,0,0,0,0,1,1,0,0,1,0,0,0,0,0,0,0,0,0,0,0,0,0,0,0,0,0,0,0,0,0,0,0,0,0,0,0,0,0,0,0,0,0,0,0,0,0,0,0,0
0,1,0,1,0,0,0,0,0,0,0,0,0,0,0,1,1,1,0,1,1,0,0,0,0,1,1,1,0,0,0,0,0,0,0,0,0,0,0,0,0,1,0,0,0,1,0,1,0,1,1,0,0,1,0,0,0,0,0,0,0,1,1,0,0,1,1,1,0,0,1,0,0,0,1,0,0,0,0,1,0,1,1,1,0,0,0,1,1,1,0,1,0,0,1,0,1,0,0,1,0,1,0,1,1,0,1,0,0,1,1,1,0,0,0,1,1,0,1,0,0,1,0,0,0,0,0,0,0,0,1,1,0,0,0,1,0,0,0,0,0,0,0,1,0,0,0,1,0,0,0,0,0,0,0,0,0,0,0,0,1,0,0,1,0,0,0,0,0,0,0,0,0,0,0,0,1,1,0,0,1,0,0,0,0,0,0,0,0,0,0,0,0,0,0,0,0,0,0,0,0,0,0,0,0,0,0,0,0,0,0,0,0,0,0,0,0,0,0,0,0
0,1,0,1,0,0,0,0,0,0,0,0,0,0,0,1,1,1,0,1,1,0,0,0,0,1,1,1,0,0,0,0,0,0,0,0,0,0,0,0,0,1,0,0,0,1,0,1,0,1,1,0,0,1,0,0,0,0,0,0,0,1,1,0,0,1,1,1,0,0,1,0,0,0,1,0,0,0,0,1,0,1,1,1,0,0,0,1,1,1,0,1,0,0,1,0,1,0,0,1,0,1,0,1,1,0,1,0,0,1,1,1,0,0,0,1,1,0,1,0,0,1,0,0,0,0,0,0,0,0,1,1,0,0,0,1,0,0,0,0,0,0,0,1,0,0,0,1,0,0,0,0,0,0,0,0,0,0,0,0,1,0,0,1,0,0,0,0,0,0,0,0,0,0,0,0,1,1,0,0,1,0,0,0,0,0,0,0,0,0,0,0,0,0,0,1,0,0,0,0,0,0,0,0,0,0,0,0,0,0,0,0,0,0,0,0,0,0,0,0,0
0,1,0,1,0,0,0,0,0,0,0,0,0,0,0,1,1,1,0,1,1,0,0,0,0,1,1,1,0,0,0,0,0,0,0,0,0,0,0,0,0,1,0,0,0,1,0,1,0,1,1,0,0,1,0,0,0,0,0,0,0,1,1,0,0,1,1,1,0,0,1,0,0,0,1,0,0,0,0,1,0,1,1,1,0,0,0,1,1,1,0,1,0,0,1,0,1,0,0,1,0,1,0,1,1,0,1,0,0,1,1,1,0,0,0,1,1,0,1,0,0,1,0,0,0,0,0,0,0,0,1,1,0,0,0,1,0,0,0,0,0,0,0,1,0,0,0,1,0,0,0,0,0,0,0,0,0,0,0,0,1,0,0,1,0,0,0,0,0,0,0,0,0,0,0,0,1,1,0,0,1,0,0,0,0,0,0,0,0,0,0,0,0,0,0,1,0,0,0,0,0,0,0,0,0,0,0,0,0,0,0,0,0,0,0,0,0,0,0,0,0
0,1,0,1,0,0,0,0,0,0,0,0,0,0,0,1,1,1,0,1,1,0,0,0,0,1,1,1,0,0,0,0,0,0,0,0,0,0,0,0,0,1,0,0,0,1,0,1,0,1,1,0,0,1,0,0,0,0,0,0,0,1,1,0,0,1,1,1,0,0,1,0,0,0,1,0,0,0,0,1,0,1,1,1,0,0,0,1,1,1,0,1,0,0,1,0,1,0,0,1,0,1,0,1,1,0,1,0,0,1,1,1,0,0,0,1,1,0,1,0,0,1,0,0,0,0,0,0,0,0,1,1,0,0,0,1,0,0,0,0,0,0,0,1,0,0,0,1,0,0,0,0,0,0,0,0,0,0,0,0,1,0,0,1,0,0,0,0,0,0,0,0,0,0,0,0,1,1,0,0,1,0,0,0,0,0,0,0,0,0,0,0,0,0,0,1,0,0,0,0,0,0,0,0,0,0,0,0,0,0,0,0,0,0,0,0,0,0,0,0,0
1,1,0,1,0,0,0,0,0,0,0,0,0,0,0,1,1,1,0,1,1,0,0,0,0,1,1,1,0,0,0,0,0,0,0,0,0,0,0,0,0,1,0,0,0,1,0,1,0,1,1,0,0,1,0,0,0,0,0,0,0,1,1,0,0,1,1,1,0,0,1,0,0,0,1,0,0,0,0,1,0,1,1,1,0,0,0,1,1,1,0,1,0,0,1,0,1,0,0,1,0,1,0,1,1,0,1,0,0,1,1,1,0,0,0,1,1,0,1,0,0,1,0,0,0,0,0,0,0,0,1,1,0,0,0,1,0,0,0,0,0,0,0,1,0,0,0,1,0,0,0,0,0,0,0,0,0,0,0,0,1,0,0,1,0,0,0,0,0,0,0,0,0,0,0,0,1,1,0,0,1,0,0,0,0,0,0,0,0,0,0,0,0,0,0,1,0,0,0,0,0,0,0,0,0,0,0,0,0,0,0,0,0,0,0,0,0,0,0,0,0
0,0,0,1,0,1,0,0,0,0,0,0,0,0,0,1,1,1,0,1,1,0,0,0,0,1,1,1,0,0,1,0,0,0,0,0,0,0,0,0,0,1,0,0,0,1,0,1,1,1,1,0,0,1,0,0,0,0,0,0,0,1,1,0,0,1,1,1,1,0,1,0,0,0,1,0,0,0,0,1,0,1,1,1,0,0,0,1,1,1,0,1,0,0,1,0,1,0,0,1,0,1,0,1,1,0,1,0,0,1,1,1,0,0,0,1,1,0,1,0,0,1,0,0,0,0,0,0,0,0,1,1,0,0,0,1,0,0,0,0,0,0,0,1,0,0,0,1,0,0,0,0,0,0,0,0,0,0,0,0,1,0,0,1,0,0,0,0,0,0,0,0,0,0,0,0,1,1,0,0,1,0,0,0,0,0,0,0,0,0,0,0,0,0,0,0,0,0,0,0,0,0,0,0,0,0,0,0,0,0,0,0,0,0,0,0,0,0,0,0,0
0,0,0,1,0,1,0,0,0,0,0,0,0,0,0,1,1,1,0,1,1,0,0,0,0,1,1,1,0,0,1,0,0,0,0,0,0,0,0,0,0,1,1,1,0,1,0,1,1,1,1,0,0,1,0,0,0,0,0,0,0,1,1,0,0,1,1,1,1,0,1,0,0,0,1,0,0,0,0,1,0,1,1,1,0,0,0,1,1,1,0,1,0,0,1,0,1,0,0,1,0,1,0,1,1,0,1,0,0,1,1,1,0,0,0,1,1,0,1,0,0,1,0,0,1,0,0,0,0,0,1,1,0,0,0,1,0,0,0,0,0,0,0,1,0,0,0,1,0,0,1,1,0,0,0,0,0,0,0,0,1,0,0,1,0,0,0,0,0,0,0,0,0,0,0,0,1,1,1,0,1,0,0,0,0,0,0,0,0,0,0,0,0,0,0,0,0,0,0,0,0,0,0,0,0,0,0,0,0,0,0,0,0,0,0,0,0,0,0,0,0
0,0,0,1,0,0,0,0,0,0,0,0,0,0,0,1,1,1,0,1,1,0,0,0,0,1,1,1,0,0,0,0,0,0,0,0,0,0,0,0,0,1,0,0,0,1,0,1,0,1,1,0,0,1,0,0,0,0,0,0,0,1,1,0,0,1,1,1,0,0,1,0,0,0,1,0,0,0,0,1,0,1,1,1,0,0,0,1,1,1,0,1,0,0,1,0,1,0,0,1,0,1,0,1,1,0,1,0,0,1,1,1,0,0,0,1,1,0,1,0,0,1,0,0,0,0,0,0,0,0,1,1,0,0,0,1,0,0,0,0,0,0,0,1,0,0,0,1,0,0,0,0,0,0,0,0,0,0,0,0,1,0,0,1,0,0,0,0,0,0,0,0,0,0,0,0,1,1,0,0,1,0,0,0,0,0,0,0,0,0,0,0,0,0,0,0,0,0,0,0,0,0,0,0,0,0,0,0,0,0,0,0,0,0,0,0,0,0,0,0,0
0,0,0,1,0,0,0,0,0,0,0,0,0,0,0,1,1,1,0,1,1,0,0,0,0,1,1,1,0,0,0,0,0,0,0,0,0,0,0,0,0,1,0,0,0,1,0,1,0,1,1,0,0,1,0,0,0,0,0,0,0,1,1,0,0,1,1,1,0,0,1,0,0,0,1,0,0,0,0,1,0,1,1,1,0,0,0,1,1,1,0,1,0,0,1,0,1,0,0,1,0,1,0,1,1,0,1,0,0,1,1,1,0,0,0,1,1,0,1,0,0,1,0,0,0,0,0,0,0,0,1,1,0,0,0,1,0,0,0,0,0,0,0,1,0,0,0,1,0,0,0,0,0,0,0,0,0,0,0,0,1,0,0,1,0,0,0,0,0,0,0,0,0,0,0,0,1,1,0,0,1,0,0,0,0,0,0,0,0,0,0,0,0,0,0,0,0,0,0,0,0,0,0,0,0,0,0,0,0,0,0,0,0,0,0,0,0,0,0,0,0
0,1,0,1,0,0,0,0,0,0,0,0,0,0,0,1,1,1,0,1,1,1,0,0,0,1,1,1,1,0,0,0,0,0,0,0,0,0,0,0,0,1,0,0,0,1,0,1,0,1,1,0,0,1,0,0,0,0,0,0,0,1,1,0,0,1,1,1,0,0,1,0,0,0,1,0,0,0,0,1,0,1,1,1,0,0,0,1,1,1,0,1,0,0,1,0,1,0,0,1,0,1,0,1,1,0,1,0,0,1,1,1,0,0,0,1,1,0,1,0,0,1,0,0,0,0,0,0,0,0,1,1,0,0,0,1,0,0,0,0,0,0,0,1,0,0,0,1,0,0,0,0,0,0,0,0,0,0,0,0,1,0,0,1,0,0,0,0,0,0,0,0,0,0,0,0,1,1,0,0,1,0,0,0,0,0,0,0,0,0,0,0,0,0,0,1,0,0,0,0,0,0,0,0,0,0,1,0,0,1,0,0,0,0,0,0,0,1,0,0,0
0,1,0,1,0,0,0,0,0,0,0,0,0,0,0,1,1,1,0,1,1,1,0,0,0,1,1,1,1,0,0,0,0,0,0,0,0,0,0,0,0,1,0,0,0,1,0,1,0,1,1,0,0,1,0,0,0,0,0,0,0,1,1,0,0,1,1,1,0,0,1,0,0,0,1,0,0,0,0,1,0,1,1,1,0,0,0,1,1,1,0,1,0,0,1,0,1,0,0,1,0,1,0,1,1,0,1,0,0,1,1,1,0,0,0,1,1,0,1,0,0,1,0,0,0,0,0,0,0,0,1,1,0,0,0,1,0,0,0,0,0,0,0,1,0,0,0,1,0,0,0,0,0,0,0,0,0,0,0,0,1,0,0,1,0,0,0,0,0,0,0,0,0,0,0,0,1,1,0,0,1,0,0,0,0,0,0,0,0,0,0,0,0,0,0,0,1,0,0,0,0,0,0,0,0,0,0,0,0,0,0,0,0,0,0,1,0,0,0,0,0
0,1,0,1,0,0,0,0,0,0,0,0,0,0,0,1,1,1,0,1,1,1,0,0,0,1,1,1,1,0,0,0,0,0,0,0,0,0,0,0,0,1,0,0,0,1,0,1,0,1,1,0,0,1,0,0,0,0,0,0,0,1,1,0,0,1,1,1,0,0,1,0,0,0,1,0,0,0,0,1,0,1,1,1,0,0,0,1,1,1,0,1,0,0,1,0,1,0,0,1,0,1,0,1,1,0,1,0,0,1,1,1,0,0,0,1,1,0,1,0,0,1,0,0,0,0,0,0,0,0,1,1,0,0,0,1,0,0,0,0,0,0,0,1,0,0,0,1,0,0,0,0,0,0,0,0,0,0,0,0,1,0,0,1,0,0,0,0,0,0,0,0,0,0,0,0,1,1,0,0,1,0,0,0,0,0,0,0,0,0,0,0,0,0,0,0,0,0,0,0,0,0,0,0,0,0,0,0,0,0,0,0,0,1,0,0,0,0,0,0,0
0,1,0,1,0,0,0,0,0,0,0,0,0,0,0,1,1,1,1,1,1,1,0,1,0,1,1,1,1,1,0,0,0,0,0,0,0,0,0,0,0,1,0,0,0,1,0,1,0,1,1,0,0,1,0,0,0,0,0,1,0,1,1,0,0,1,1,1,0,0,1,0,0,0,1,0,0,0,0,1,0,1,1,1,0,0,0,1,1,1,0,1,0,0,1,0,1,0,0,1,0,1,0,1,1,0,1,0,0,1,1,1,0,0,0,1,1,0,1,0,0,1,0,0,0,0,0,0,0,0,1,1,0,0,0,1,0,0,0,0,0,0,0,1,0,0,0,1,0,0,0,0,0,0,0,0,0,0,0,0,1,0,0,1,0,0,0,0,0,0,0,0,0,0,0,0,1,1,0,0,1,0,0,0,0,0,0,0,0,0,0,0,0,0,0,1,1,0,0,0,0,0,0,0,0,0,1,0,0,1,0,0,0,1,0,1,0,1,0,0,0
1,1,0,1,0,1,1,1,0,0,0,0,0,0,0,1,1,1,0,0,0,0,0,0,0,0,0,0,0,0,1,0,0,1,0,0,1,1,1,1,0,1,1,1,0,0,0,1,1,0,0,1,0,0,0,0,1,0,0,0,0,0,1,1,1,0,0,0,1,0,0,1,0,0,0,0,0,1,1,0,1,0,0,0,0,1,1,0,1,0,0,0,0,0,0,0,0,0,0,0,0,0,0,0,0,1,0,1,1,0,0,1,0,0,0,0,0,0,1,0,0,0,0,0,1,0,0,0,0,0,0,0,1,0,0,0,0,0,0,0,0,0,0,0,0,0,0,1,0,1,1,1,0,0,0,0,0,0,0,0,1,0,0,1,0,1,0,0,0,0,1,1,1,0,0,0,1,0,1,0,0,0,0,0,0,0,1,0,1,1,0,1,0,1,1,0,0,0,0,0,0,1,0,0,0,0,0,0,0,0,0,0,0,0,0,0,0,0,0,0,0
1,1,1,1,0,1,1,1,0,0,0,0,0,0,0,1,1,1,1,0,0,1,0,0,0,0,1,0,0,0,1,0,0,1,0,0,1,1,1,0,0,1,1,1,0,0,0,1,1,0,0,1,0,0,0,0,1,0,0,0,0,0,1,1,1,0,0,0,1,0,0,1,0,0,0,0,0,1,1,0,1,0,0,0,0,1,1,0,1,0,0,0,0,0,0,0,0,0,0,0,0,0,0,0,0,1,0,1,1,0,0,1,0,0,0,0,0,1,1,0,0,0,0,0,1,0,0,1,1,0,0,0,1,0,0,0,0,0,0,1,0,0,0,0,0,1,0,1,0,1,1,1,0,1,0,0,0,0,0,0,1,0,0,1,0,1,0,0,1,0,1,1,1,0,0,1,1,0,1,0,0,1,0,0,0,0,1,0,1,1,0,1,0,1,1,0,0,1,0,0,0,1,0,0,0,0,0,0,0,0,0,0,0,0,0,0,0,0,0,0,0
1,1,1,1,0,1,1,1,1,1,1,0,0,1,0,1,1,1,1,0,0,1,0,0,0,1,1,0,1,0,1,1,1,1,0,0,1,1,1,0,1,1,1,1,0,0,1,1,1,0,0,1,0,0,0,0,1,0,0,1,0,0,1,1,1,0,0,0,1,0,0,1,0,0,0,0,0,1,1,0,1,0,0,0,0,1,1,0,1,0,0,0,0,0,0,0,0,0,1,0,1,0,0,0,0,1,0,1,1,0,0,1,0,0,0,0,0,0,1,1,0,0,0,0,1,0,0,0,0,0,0,0,1,0,0,0,0,1,0,0,0,1,1,0,0,0,0,1,0,0,1,1,0,0,0,0,0,0,0,0,1,0,0,1,0,1,0,0,0,0,1,1,1,0,0,0,1,0,1,0,0,0,0,0,0,0,1,0,1,1,0,1,1,1,1,1,0,0,0,0,0,1,0,1,0,0,0,0,0,0,0,0,0,0,0,0,0,0,0,0,0
1,1,1,1,0,1,1,1,0,0,0,0,0,0,0,1,1,1,1,0,0,1,0,0,0,0,1,0,0,0,1,0,0,1,0,0,1,1,1,0,0,1,1,1,0,0,0,1,1,0,0,1,0,0,0,0,1,0,0,0,0,0,1,1,1,0,0,0,1,0,0,1,0,0,0,0,0,1,1,0,1,0,0,0,0,1,1,0,1,0,0,0,0,0,0,1,0,0,0,0,0,0,0,0,0,1,0,1,1,0,0,1,0,0,0,0,0,0,1,0,1,0,0,0,1,0,0,0,0,0,0,0,1,0,0,0,0,0,0,0,0,1,0,0,0,0,0,1,0,0,1,1,0,0,0,0,0,1,0,0,1,0,0,1,0,1,0,0,0,0,1,1,1,0,0,0,1,0,1,0,0,0,0,1,1,0,1,0,1,1,0,1,1,1,1,0,0,0,0,0,0,1,0,1,0,0,0,0,0,0,0,0,0,0,0,0,0,0,0,0,0
1,1,0,1,0,1,1,1,1,0,1,0,0,1,0,1,1,1,0,0,0,0,0,0,0,1,1,0,0,0,1,1,0,1,0,0,1,1,1,0,0,1,1,1,0,0,0,1,1,0,0,1,0,0,0,0,1,0,0,0,0,0,1,1,1,0,0,0,1,0,0,1,0,0,0,0,0,1,1,0,1,0,0,0,0,1,1,0,1,0,0,0,0,0,0,1,0,0,0,0,0,0,0,0,0,1,0,1,1,0,0,1,0,0,0,0,0,0,1,0,1,0,0,0,1,0,0,0,0,0,0,0,1,0,0,0,0,0,0,0,0,1,0,0,0,0,0,1,0,0,1,1,0,0,0,0,0,1,0,0,1,0,0,1,0,1,0,0,0,0,1,1,1,0,0,0,1,0,1,0,0,0,0,1,1,0,1,0,1,1,0,1,0,1,1,0,0,0,0,0,0,1,0,0,0,0,0,0,0,0,0,0,0,0,0,0,0,0,0,0,0
1,1,0,1,0,1,1,1,1,0,1,0,0,1,0,1,1,1,0,0,0,0,0,0,0,1,1,0,0,0,1,1,0,1,0,0,1,1,1,0,0,1,1,1,0,0,0,1,1,0,0,1,0,0,0,0,1,0,0,0,0,0,1,1,1,0,0,0,1,0,0,1,0,0,0,0,0,1,1,0,1,0,0,0,0,1,1,0,1,0,0,0,0,0,0,1,0,0,0,0,0,0,0,0,0,1,0,1,1,0,0,1,0,0,0,0,0,0,1,0,1,0,0,0,1,0,0,0,0,0,0,0,1,0,0,0,0,0,0,0,0,1,0,0,0,0,0,1,0,0,1,1,0,0,0,0,0,1,0,0,1,0,0,1,0,1,0,0,0,0,1,1,1,0,0,0,1,0,1,0,0,0,0,1,1,0,1,0,1,1,0,1,0,1,1,0,0,0,0,0,0,1,0,0,0,0,0,0,0,0,0,0,0,0,0,0,0,0,0,0,0
1,1,1,1,0,1,1,1,1,0,1,0,0,1,0,1,1,1,1,0,0,1,0,0,0,1,1,0,1,0,1,1,0,1,0,0,1,1,1,0,0,1,1,1,0,0,0,1,1,0,0,1,0,0,0,0,1,0,0,1,0,0,1,1,1,0,0,0,1,0,0,1,0,0,0,0,0,1,1,0,1,0,0,0,0,1,1,0,1,0,0,0,0,0,0,1,0,0,0,0,0,0,0,0,0,1,0,1,1,0,0,1,0,0,0,0,0,0,1,0,1,0,0,0,1,0,0,0,0,0,0,0,1,0,0,0,0,0,0,0,0,1,0,0,0,0,0,1,0,0,1,1,0,0,0,0,0,1,0,0,1,0,0,1,0,1,0,0,0,0,1,1,1,0,0,0,1,0,1,0,0,0,0,1,1,0,1,0,1,1,0,1,1,1,1,1,0,0,0,0,0,1,0,1,0,0,0,0,0,0,0,0,0,0,0,0,0,0,0,0,0
1,1,1,1,1,1,1,1,1,0,1,0,0,1,0,1,1,1,0,1,1,1,0,0,0,1,1,1,1,0,1,1,0,1,0,0,1,1,1,0,0,1,1,1,0,1,0,1,1,1,1,1,0,1,0,0,1,0,0,1,0,1,1,1,1,1,0,1,1,0,1,1,0,0,1,0,0,1,1,1,1,1,1,1,0,1,1,1,1,1,0,1,0,0,1,1,1,0,0,1,0,1,0,1,1,1,1,1,1,1,1,1,0,0,0,1,1,0,1,0,1,1,0,0,1,0,0,0,0,0,1,1,1,0,0,1,0,0,0,0,0,1,0,1,0,0,0,1,0,0,1,1,0,0,0,0,0,1,0,0,1,0,0,1,0,1,0,0,0,0,1,1,1,0,0,0,1,1,1,0,1,0,0,1,1,0,1,0,1,1,0,1,1,1,1,0,0,0,0,0,0,1,0,1,0,0,0,0,0,0,0,0,0,0,0,0,0,0,0,0,0
0,1,0,1,0,1,1,0,0,0,0,0,0,0,0,1,1,1,0,1,1,1,0,0,0,1,1,1,0,0,1,0,0,1,0,0,0,0,1,0,0,0,1,1,1,1,0,0,1,0,0,1,1,1,1,1,1,0,0,1,0,1,0,0,1,1,0,1,1,0,1,1,1,0,0,1,1,0,1,1,1,0,0,1,1,0,1,1,1,1,0,1,1,1,0,1,1,0,0,0,0,1,1,0,1,0,1,1,0,1,1,0,0,0,0,1,0,1,1,0,1,1,1,0,0,0,0,1,1,0,1,1,1,1,0,1,0,0,1,1,1,1,0,1,1,1,0,1,0,0,1,0,0,1,0,1,0,1,0,0,1,0,0,1,1,1,1,0,1,0,0,0,0,0,1,1,1,1,0,0,1,1,0,1,1,1,1,0,1,1,0,1,1,0,1,1,1,1,0,0,0,1,1,1,0,0,0,0,0,0,0,0,0,0,0,0,0,0,0,1,0
1,1,1,1,0,1,1,1,1,0,1,0,0,1,1,1,1,1,0,0,0,0,0,0,0,1,1,1,1,0,1,1,0,1,0,0,1,1,1,0,0,1,1,1,0,0,0,1,1,0,0,1,0,0,0,0,1,0,0,1,0,0,1,1,1,0,0,0,1,0,0,1,0,0,0,0,0,1,1,0,1,0,0,0,0,1,1,0,1,0,0,0,0,0,0,1,0,0,0,0,0,0,0,0,0,1,0,1,1,0,0,1,0,0,0,0,0,0,1,0,1,0,0,0,1,0,0,0,0,0,0,0,1,0,0,0,0,0,0,0,0,1,0,0,0,0,0,1,0,0,1,1,0,0,0,0,0,1,0,0,1,0,0,1,0,1,0,0,0,0,1,1,1,0,0,0,1,0,1,0,0,0,0,1,1,0,1,0,1,1,0,1,1,1,1,0,0,0,0,0,0,1,0,0,0,0,0,0,0,0,0,0,0,0,0,0,0,0,0,0,0
0,1,0,1,0,1,1,0,0,0,0,0,0,0,0,1,1,1,0,1,1,0,0,0,0,1,1,1,0,0,1,0,0,1,0,0,0,0,1,0,0,0,1,1,1,1,0,0,1,0,0,1,1,1,1,1,1,0,0,1,0,1,0,0,1,1,0,1,1,0,1,1,1,0,0,1,1,0,1,1,1,0,0,1,1,0,1,1,1,1,0,1,1,1,0,1,1,0,0,0,0,1,1,0,1,0,1,1,0,1,1,0,0,0,0,1,0,1,1,0,1,1,1,0,0,0,0,1,1,0,1,1,1,1,0,1,0,0,1,1,1,1,0,1,1,1,0,1,0,0,1,0,0,1,0,1,0,1,0,0,1,0,0,1,1,1,1,0,1,0,0,0,0,0,1,1,1,1,0,0,1,1,0,1,1,1,1,0,1,1,0,1,1,0,1,1,1,1,0,0,0,1,1,1,0,0,0,0,0,0,0,0,0,0,0,0,0,0,0,0,0
0,1,0,1,0,1,1,0,0,0,0,0,0,0,0,1,1,1,0,1,1,0,0,0,0,1,1,1,0,0,1,0,0,1,0,0,0,0,1,0,0,0,0,1,1,1,0,0,1,0,0,1,1,1,1,1,1,0,0,1,0,1,0,0,1,1,0,1,1,0,1,1,1,0,0,1,1,0,1,1,1,0,0,1,1,0,1,1,1,1,0,1,1,1,0,1,1,0,0,0,0,1,1,0,1,0,1,1,0,1,1,0,0,0,0,1,0,1,1,0,1,1,1,0,0,0,0,1,1,0,1,1,1,1,0,1,0,0,1,1,1,1,0,1,1,1,0,1,0,0,0,0,0,1,0,1,0,1,0,0,1,0,0,1,1,1,1,0,1,0,0,0,0,0,1,1,1,1,0,0,1,1,0,1,1,1,1,0,1,1,0,1,1,0,1,1,1,1,0,0,0,1,1,1,0,0,0,0,0,0,0,0,0,0,0,0,0,0,0,0,0
0,0,0,1,0,1,1,0,0,0,1,1,0,0,0,1,1,1,0,1,1,0,0,0,0,1,1,1,0,0,1,0,0,1,0,0,0,0,1,0,0,0,1,1,1,1,0,0,1,0,0,1,1,1,1,1,1,0,0,1,0,1,0,0,1,1,0,1,1,0,1,1,1,0,0,1,1,0,1,1,1,0,0,1,1,0,1,1,1,1,0,1,1,1,0,1,1,0,0,0,0,1,1,0,1,0,1,1,0,1,1,0,0,0,0,1,0,1,1,0,1,1,1,0,0,0,0,1,1,0,1,1,1,1,0,1,0,0,1,1,1,1,0,1,1,1,0,1,0,0,1,0,0,1,0,1,0,1,0,0,1,0,0,1,1,1,1,0,1,0,0,0,0,0,1,1,1,1,0,0,1,1,0,1,1,1,1,0,1,1,0,1,1,0,1,1,1,1,0,0,0,1,1,1,0,0,0,0,0,0,0,0,0,0,0,0,0,0,0,0,0
0,1,0,1,0,1,1,0,0,0,0,0,0,0,0,1,1,1,0,1,1,0,0,0,0,1,1,1,0,0,1,0,0,1,0,0,0,0,1,0,0,0,1,1,1,1,0,0,1,0,0,1,1,1,1,1,1,0,0,1,0,1,0,0,1,1,0,1,1,0,1,1,1,0,0,1,1,0,1,1,1,0,0,1,1,0,1,1,1,1,0,1,1,1,0,1,1,0,0,0,0,1,1,0,1,0,1,1,0,1,1,0,0,0,0,1,0,1,1,0,1,1,1,0,0,0,0,1,1,0,1,1,1,1,0,1,0,0,1,1,1,1,0,1,1,1,0,1,0,0,1,0,0,1,0,1,0,1,0,0,1,0,0,1,1,1,1,0,1,0,0,0,0,0,1,1,1,1,0,0,1,1,0,1,1,1,1,0,1,1,0,1,1,0,1,1,1,1,0,0,0,1,1,1,0,0,0,0,0,0,0,0,0,0,0,0,0,0,0,0,0
0,0,0,1,0,1,1,0,0,0,1,1,0,0,0,1,1,1,0,1,1,0,0,0,0,1,1,1,0,0,1,0,0,1,0,0,0,0,1,0,0,0,0,1,1,1,0,0,1,0,0,1,1,1,1,1,1,0,0,1,0,1,0,0,1,1,0,1,1,0,1,1,1,0,0,1,1,0,1,1,1,0,0,1,1,0,1,1,1,1,0,1,1,1,0,1,1,0,0,0,0,1,1,0,1,0,1,1,0,1,1,0,0,0,0,1,0,1,1,0,1,1,1,0,0,0,0,1,1,0,1,1,1,1,0,1,0,0,1,1,1,1,0,1,1,1,0,1,0,0,0,0,0,1,0,1,0,1,0,0,1,0,0,1,1,1,1,0,1,0,0,0,0,0,1,1,1,1,0,0,1,1,0,1,1,1,1,0,1,1,0,1,1,0,1,1,1,1,0,0,0,1,1,1,0,0,0,0,0,0,0,0,0,0,0,0,0,0,0,0,0
0,1,0,1,0,1,1,0,0,0,0,0,0,0,0,1,1,1,0,1,1,0,0,0,0,1,1,1,0,0,1,0,0,1,0,0,0,0,1,0,0,0,0,1,1,1,0,0,1,0,0,1,1,1,1,1,1,0,0,1,0,1,0,0,1,1,0,1,1,0,1,1,1,0,0,1,1,0,1,1,1,0,0,1,1,0,1,1,1,1,0,1,1,1,0,1,1,0,0,0,0,1,1,0,1,0,1,1,0,1,1,0,0,0,0,1,0,1,1,0,1,1,1,0,0,0,0,1,1,0,1,1,1,1,0,1,0,0,1,1,1,1,0,1,1,1,0,1,0,0,0,0,0,1,0,1,0,1,0,0,1,0,0,1,1,1,1,0,1,0,0,0,0,0,1,1,1,1,0,0,1,1,0,1,1,1,1,0,1,1,0,1,1,0,1,1,1,1,0,0,0,1,1,1,0,0,0,0,0,0,0,0,0,0,0,0,0,0,0,0,0
0,0,0,1,0,1,1,0,0,0,0,0,0,0,0,1,1,1,0,1,1,1,0,0,0,1,1,1,0,0,1,0,0,1,0,0,0,0,1,0,0,0,0,1,1,1,0,0,1,0,0,1,1,1,1,1,1,0,0,1,0,1,0,0,1,1,0,1,1,0,1,1,1,0,0,1,1,0,1,1,1,0,0,1,1,0,1,1,1,1,0,1,1,1,0,1,1,0,0,0,0,1,1,0,1,0,1,1,0,1,1,0,0,0,0,1,0,1,1,0,1,1,1,0,0,0,0,1,1,0,1,1,1,1,0,1,0,0,1,1,1,1,0,1,1,1,0,1,0,0,0,0,0,1,0,1,0,1,0,0,1,0,0,1,1,1,1,0,1,0,0,0,0,0,1,1,1,1,0,0,1,1,0,1,1,1,1,0,1,1,0,1,1,0,1,1,1,1,0,0,0,1,1,1,0,0,0,0,0,0,0,0,0,0,0,0,0,0,0,1,0
0,1,0,1,0,1,1,0,0,0,1,0,1,1,0,1,1,1,0,0,0,0,0,0,0,1,1,1,1,0,1,0,0,0,0,0,0,0,1,1,0,1,0,1,1,1,0,1,0,1,1,1,1,1,1,1,1,1,1,1,1,1,1,0,0,1,1,1,1,0,1,1,1,0,1,1,1,0,0,1,0,1,1,1,1,1,1,1,1,1,1,1,1,1,1,0,1,1,0,1,0,1,1,1,1,0,1,0,0,1,1,1,1,1,0,1,1,1,1,0,0,1,1,1,0,0,1,1,1,0,1,1,0,0,0,1,1,0,0,1,1,0,0,1,0,1,1,1,1,1,0,0,0,1,0,0,1,0,0,1,1,0,0,1,1,1,0,0,1,0,0,0,1,1,1,1,1,1,0,0,1,1,0,0,0,1,1,0,0,1,0,1,0,0,0,1,0,0,0,0,0,1,1,0,0,0,0,1,0,0,0,0,0,0,1,0,0,0,0,0,0
0,1,0,1,0,1,1,0,0,0,1,0,1,1,0,1,1,1,0,0,0,0,0,0,0,1,1,1,1,0,1,0,0,0,0,0,0,0,1,1,0,1,0,1,1,1,0,1,0,1,1,1,1,1,1,1,1,1,1,1,1,1,1,0,0,1,1,1,1,0,1,1,1,0,1,1,1,0,0,1,0,1,1,1,1,1,1,1,1,1,1,1,1,1,1,0,1,1,0,1,0,1,1,1,1,0,1,0,0,1,1,1,1,1,0,1,1,1,1,0,0,1,1,1,0,0,1,1,1,0,1,1,0,0,0,1,1,0,0,1,1,0,0,1,0,1,1,1,1,1,0,0,0,1,0,0,1,0,0,1,1,0,0,1,1,1,0,0,1,0,0,0,1,1,1,1,1,1,0,0,1,1,0,0,0,1,1,0,0,1,0,1,0,0,0,1,0,0,0,0,0,1,1,0,0,0,0,1,0,0,0,0,0,0,1,0,0,0,0,0,0
0,1,0,1,0,1,1,0,0,1,1,0,1,1,0,1,1,1,0,0,0,0,0,0,0,1,1,1,1,0,1,0,1,0,0,0,0,0,1,1,1,1,0,1,1,1,1,1,0,1,1,1,1,1,1,1,1,1,1,1,1,1,1,0,0,1,1,1,1,0,1,1,1,0,1,1,1,0,0,1,0,1,1,1,1,1,1,1,1,1,1,1,1,1,1,0,1,1,1,1,1,1,1,1,1,0,1,0,0,1,1,1,1,1,0,1,1,1,1,1,0,1,1,1,0,0,1,1,1,0,1,1,0,0,0,1,1,1,0,1,1,0,1,1,0,1,1,1,1,1,0,0,0,1,0,0,1,0,0,1,1,0,0,1,1,1,0,0,1,0,0,0,1,1,1,1,1,1,0,0,1,1,0,0,0,1,1,0,0,1,0,1,0,0,0,1,0,0,0,0,0,1,1,0,0,0,0,1,0,0,0,0,0,0,1,0,0,0,0,0,0
0,1,0,1,0,1,1,0,0,0,1,0,1,1,0,1,1,1,0,0,0,0,0,0,0,1,1,1,1,0,1,0,0,0,0,0,0,0,1,1,0,1,0,1,1,1,0,1,0,1,1,1,1,1,1,1,1,1,1,1,1,1,1,0,0,1,1,1,1,0,1,1,1,0,1,1,1,0,0,1,0,1,1,1,1,1,1,1,1,1,1,1,1,1,1,0,1,1,0,1,0,1,1,1,1,0,1,0,0,1,1,1,1,1,0,1,1,1,1,0,0,1,1,1,0,0,1,1,1,0,1,1,0,0,0,1,1,0,0,1,1,0,0,1,0,1,1,1,1,1,0,0,0,1,0,0,1,0,0,1,1,0,0,1,1,1,0,0,1,0,0,0,1,1,1,1,1,1,0,0,1,1,0,0,0,1,1,0,0,1,0,1,0,0,0,1,0,0,0,0,0,1,1,0,0,0,0,1,0,0,0,0,0,0,1,0,0,0,0,0,0
0,1,0,1,0,1,1,0,0,0,1,0,1,1,0,1,1,1,0,0,0,0,0,0,0,1,1,1,1,0,1,0,0,0,0,0,0,0,1,1,0,1,0,1,1,1,0,1,1,1,1,1,1,1,1,1,1,1,1,1,1,1,1,0,0,1,1,1,1,0,1,1,1,0,1,1,1,0,0,1,0,1,1,1,1,1,1,1,1,1,1,1,1,1,1,0,1,1,0,1,0,1,1,1,1,0,1,0,0,1,1,1,1,1,0,1,1,1,1,0,0,1,1,1,0,0,1,1,1,0,1,1,0,0,0,1,1,0,0,1,1,0,0,1,0,1,1,1,1,1,0,0,0,1,0,0,1,0,0,1,1,0,0,1,1,1,0,0,1,0,0,0,1,1,1,1,1,1,0,0,1,1,0,0,0,1,1,0,0,1,0,1,0,0,0,1,0,0,0,0,0,1,1,0,0,0,0,1,0,0,0,0,0,0,1,0,0,0,0,0,0
0,1,0,1,1,1,1,0,0,0,1,0,1,1,0,1,1,1,0,0,0,0,0,0,0,1,1,1,1,0,1,0,0,1,0,0,0,0,1,1,0,1,0,1,1,1,0,1,1,1,1,1,1,1,1,1,1,1,1,1,1,1,1,1,1,1,1,1,1,0,1,1,1,0,1,1,1,0,0,1,0,1,1,1,1,1,1,1,1,1,1,1,1,1,1,0,1,1,0,1,0,1,1,1,1,1,1,0,0,1,1,1,1,1,0,1,1,1,1,0,0,1,1,1,0,0,1,1,1,0,1,1,0,0,0,1,1,0,0,1,1,0,0,1,0,1,1,1,1,1,0,0,0,1,0,0,1,0,0,1,1,0,0,1,1,1,0,0,1,0,1,1,1,1,1,1,1,1,0,0,1,1,0,0,0,1,1,0,0,1,0,1,0,0,0,1,0,0,0,0,0,1,1,0,0,0,0,1,0,0,0,0,0,0,1,0,0,0,0,0,0
0,1,0,1,1,1,1,0,0,0,1,0,1,1,0,1,1,1,0,0,0,0,0,0,0,1,1,1,1,0,1,0,0,1,0,0,0,0,1,1,0,1,0,1,1,1,0,1,0,1,1,1,1,1,1,1,1,1,1,1,1,1,1,1,1,1,1,1,1,0,1,1,1,0,1,1,1,1,0,1,1,1,1,1,1,1,1,1,1,1,1,1,1,1,1,0,1,1,0,1,0,1,1,1,1,0,1,0,0,1,1,1,1,1,0,1,1,1,1,0,0,1,1,1,0,0,1,1,1,0,1,1,0,0,0,1,1,0,0,1,1,0,0,1,0,1,1,1,1,1,0,0,0,1,0,0,1,0,0,1,1,0,0,1,1,1,0,0,1,0,1,1,1,1,1,1,1,1,0,0,1,1,0,0,0,1,1,0,0,1,0,1,0,0,0,1,0,0,0,0,0,1,1,0,0,0,0,1,0,0,0,0,0,0,1,0,0,0,0,0,0
0,1,0,1,1,1,1,0,0,0,1,0,1,1,0,1,1,1,0,0,0,0,0,0,0,1,1,1,1,0,1,0,0,0,0,0,0,0,1,1,0,1,0,1,1,1,0,1,0,1,1,1,1,1,1,1,1,1,1,1,1,1,1,0,0,1,1,1,1,0,1,1,1,0,1,1,1,1,0,1,1,1,1,1,1,1,1,1,1,1,1,1,1,1,1,0,1,1,0,1,0,1,1,1,1,0,1,0,0,1,1,1,1,1,0,1,1,1,1,0,0,1,1,1,0,0,1,1,1,0,1,1,0,0,0,1,1,0,0,1,1,0,0,1,0,1,1,1,1,1,0,0,0,1,0,0,1,0,0,1,1,0,0,1,1,1,0,0,1,0,0,1,1,1,1,1,1,1,0,0,1,1,0,0,0,1,1,0,0,1,0,1,0,0,0,1,0,0,0,0,0,1,1,0,0,0,0,1,0,0,0,0,0,0,1,0,0,0,0,0,0
0,1,0,1,1,1,1,0,0,0,1,0,1,1,0,1,1,1,1,0,0,1,0,0,0,1,1,1,1,1,1,0,0,1,0,0,0,0,1,1,0,1,0,1,1,1,0,1,0,1,1,1,1,1,1,1,1,1,1,1,1,1,1,1,1,1,1,1,1,0,1,1,1,0,1,1,1,1,0,1,1,1,1,1,1,1,1,1,1,1,1,1,1,1,1,1,1,1,0,1,0,1,1,1,1,0,1,1,0,1,1,1,1,1,0,1,1,1,1,0,1,1,1,1,0,0,1,1,1,0,1,1,1,0,0,1,1,0,0,1,1,1,0,1,0,1,1,1,1,1,0,0,0,1,0,0,1,1,0,1,1,0,0,1,1,1,0,0,1,0,1,1,1,1,1,1,1,1,0,0,1,1,0,1,1,1,1,0,1,1,0,1,1,0,0,1,0,0,0,0,0,1,1,1,0,0,0,1,0,0,0,0,0,0,1,0,0,0,0,0,0
0,1,0,1,1,1,1,0,0,0,1,0,1,1,0,1,1,1,0,0,0,0,0,0,0,1,1,1,1,0,1,0,0,1,0,0,0,0,1,1,0,1,0,1,1,1,0,1,0,1,1,1,1,1,1,1,1,1,1,1,1,1,1,1,1,1,1,1,1,0,1,1,1,0,1,1,1,0,0,1,0,1,1,1,1,1,1,1,1,1,1,1,1,1,1,0,1,1,0,1,0,1,1,1,1,1,1,0,0,1,1,1,1,1,0,1,1,1,1,0,0,1,1,1,0,0,1,1,1,0,1,1,0,0,0,1,1,0,0,1,1,0,0,1,0,1,1,1,1,1,0,0,0,1,0,0,1,0,0,1,1,0,0,1,1,1,0,0,1,0,1,1,1,1,1,1,1,1,0,0,1,1,0,0,0,1,1,0,0,1,0,1,0,0,0,1,0,0,0,0,0,1,1,0,0,0,0,1,0,0,0,0,0,0,1,0,0,0,0,0,0
0,1,0,1,1,1,1,1,0,0,1,0,1,1,0,1,1,1,0,0,0,0,0,0,0,1,1,1,1,0,1,0,0,1,0,0,0,0,1,1,0,1,0,1,1,1,0,1,1,1,1,1,1,1,1,1,1,1,1,1,1,1,1,1,1,1,1,1,1,0,1,1,1,0,1,1,1,0,0,1,0,1,1,1,1,1,1,1,1,1,1,1,1,1,1,0,1,1,0,1,0,1,1,1,1,0,1,0,0,1,1,1,1,1,0,1,1,1,1,0,0,1,1,1,0,0,1,1,1,0,1,1,0,0,0,1,1,0,0,1,1,0,0,1,0,1,1,1,1,1,0,0,0,1,0,0,1,0,0,1,1,0,0,1,1,1,0,0,1,0,1,1,1,1,1,1,1,1,0,0,1,1,0,0,0,1,1,0,0,1,0,1,0,0,0,1,0,0,0,0,0,1,1,0,0,0,0,1,0,0,0,0,0,0,1,0,0,0,0,0,0
0,1,0,1,1,1,1,0,0,0,1,0,1,1,0,1,1,1,0,0,0,0,0,0,0,1,1,1,1,0,1,0,0,1,0,0,0,0,1,1,0,1,0,1,1,1,0,1,0,1,1,1,1,1,1,1,1,1,1,1,1,1,1,1,1,1,1,1,1,0,1,1,1,0,1,1,1,0,0,1,0,1,1,1,1,1,1,1,1,1,1,1,1,1,1,0,1,1,0,1,0,1,1,1,1,0,1,0,0,1,1,1,1,1,0,1,1,1,1,0,0,1,1,1,0,0,1,1,1,0,1,1,0,0,0,1,1,0,0,1,1,0,0,1,0,1,1,1,1,1,0,0,0,1,0,0,1,0,0,1,1,0,0,1,1,1,0,0,1,0,1,1,1,1,1,1,1,1,0,0,1,1,0,0,0,1,1,0,0,1,0,1,0,0,0,1,0,0,0,0,0,1,1,0,0,0,0,1,0,0,0,0,0,0,1,0,0,0,0,0,0
0,1,0,1,0,1,1,0,0,0,1,0,1,1,0,1,1,1,0,0,0,0,0,0,0,1,1,1,1,0,1,0,0,1,0,0,0,0,1,1,0,1,0,1,1,1,0,1,0,1,1,1,1,1,1,1,1,1,1,1,1,1,1,1,1,1,1,1,1,0,1,1,1,0,1,1,1,0,0,1,0,1,1,1,1,1,1,1,1,1,1,1,1,1,1,0,1,1,0,1,0,1,1,1,1,1,1,0,0,1,1,1,1,1,0,1,1,1,1,0,0,1,1,1,0,0,1,1,1,0,1,1,0,0,0,1,1,0,0,1,1,0,0,1,0,1,1,1,1,1,0,0,0,1,0,0,1,0,0,1,1,0,0,1,1,1,0,0,1,0,0,0,1,1,1,1,1,1,0,0,1,1,0,0,0,1,1,0,0,1,0,1,0,0,0,1,0,0,0,0,0,1,1,0,0,0,0,1,0,0,0,0,0,0,1,0,0,0,0,0,0
0,1,0,1,0,1,1,0,0,0,1,0,1,1,0,1,1,1,0,0,0,0,0,0,0,1,1,1,1,0,1,0,0,1,0,0,0,0,1,1,0,1,0,1,1,1,0,1,0,1,1,1,1,1,1,1,1,1,1,1,1,1,1,1,1,1,1,1,1,0,1,1,1,0,1,1,1,0,0,1,0,1,1,1,1,1,1,1,1,1,1,1,1,1,1,0,1,1,0,1,0,1,1,1,1,1,1,0,0,1,1,1,1,1,0,1,1,1,1,0,0,1,1,1,0,0,1,1,1,0,1,1,0,0,0,1,1,0,0,1,1,0,0,1,0,1,1,1,1,1,0,0,0,1,0,0,1,0,0,1,1,0,0,1,1,1,0,0,1,0,0,0,1,1,1,1,1,1,0,0,1,1,0,0,0,1,1,0,0,1,0,1,0,0,0,1,0,0,0,0,0,1,1,0,0,0,0,1,0,0,0,0,0,0,1,0,0,0,0,0,0
0,1,0,1,0,1,1,0,0,0,1,0,1,1,0,1,1,1,0,0,0,0,0,0,0,1,1,1,1,0,1,0,0,0,0,0,0,0,1,1,0,1,0,1,1,1,0,1,0,1,1,1,1,1,1,1,1,1,1,1,1,1,1,0,0,1,1,1,1,0,1,1,1,0,1,1,1,0,0,1,0,1,1,1,1,1,1,1,1,1,1,1,1,1,1,0,1,1,0,1,0,1,1,1,1,0,1,0,0,1,1,1,1,1,0,1,1,1,1,0,0,1,1,1,0,0,1,1,1,0,1,1,0,0,0,1,1,0,0,1,1,0,0,1,0,1,1,1,1,1,0,0,0,1,0,0,1,0,0,1,1,0,0,1,1,1,0,0,1,0,0,0,1,1,1,1,1,1,0,0,1,1,0,0,0,1,1,1,0,1,0,1,0,0,0,1,0,1,1,0,0,1,0,0,0,0,0,0,1,0,0,0,0,0,0,0,1,0,0,0,0
0,1,0,1,1,1,1,0,0,0,1,0,1,1,0,1,1,1,0,0,0,0,0,0,0,1,1,1,1,0,1,0,0,1,0,0,0,0,1,1,0,1,0,1,1,1,0,1,0,1,1,1,1,1,1,1,1,1,1,1,1,1,1,1,1,1,1,1,1,0,1,1,1,0,1,1,1,1,0,1,1,1,1,1,1,1,1,1,1,1,1,1,1,1,1,0,1,1,0,1,0,1,1,1,1,1,1,0,0,1,1,1,1,1,0,1,1,1,1,0,0,1,1,1,0,0,1,1,1,0,1,1,0,0,0,1,1,0,0,1,1,0,0,1,0,1,1,1,1,1,0,0,0,1,0,0,1,0,0,1,1,0,0,1,1,1,0,0,1,0,1,1,1,1,1,1,1,1,0,0,1,1,0,0,0,1,1,0,0,1,0,1,0,0,0,1,0,0,0,0,0,1,1,0,0,0,0,1,0,0,0,0,0,0,1,0,0,0,0,0,0
0,1,0,1,0,1,1,0,0,0,1,0,1,1,0,1,1,1,0,0,0,0,0,0,0,1,1,1,1,0,1,0,0,0,0,0,0,0,1,1,0,1,0,1,1,1,0,1,0,1,1,1,1,1,1,1,1,1,1,1,1,1,1,0,0,1,1,1,1,0,1,1,1,0,1,1,1,0,0,1,0,1,1,1,1,1,1,1,1,1,1,1,1,1,1,0,1,1,0,1,0,1,1,1,1,0,1,0,0,1,1,1,1,1,0,1,1,1,1,0,0,1,1,1,0,0,1,1,1,0,1,1,0,0,0,1,1,0,0,1,1,0,0,1,0,1,1,1,1,1,0,0,0,1,0,0,1,0,0,1,1,0,0,1,1,1,0,0,1,0,0,0,1,1,1,1,1,1,0,0,1,1,0,0,0,1,1,1,0,1,0,1,0,0,0,1,0,1,1,0,0,1,0,0,0,0,0,0,1,0,0,0,0,0,0,0,1,0,0,0,0
0,1,0,1,0,1,1,0,0,1,1,0,1,1,0,1,1,1,0,0,0,0,0,0,0,1,1,1,1,0,1,0,1,0,0,0,0,0,1,1,1,1,0,1,1,1,1,1,0,1,1,1,1,1,1,1,1,1,1,1,1,1,1,0,0,1,1,1,1,0,1,1,1,0,1,1,1,0,0,1,0,1,1,1,1,1,1,1,1,1,1,1,1,1,1,0,1,1,1,1,1,1,1,1,1,0,1,0,0,1,1,1,1,1,0,1,1,1,1,1,0,1,1,1,0,0,1,1,1,0,1,1,0,0,0,1,1,1,0,1,1,0,1,1,0,1,1,1,1,1,0,0,0,1,0,0,1,0,0,1,1,0,0,1,1,1,0,0,1,0,0,0,1,1,1,1,1,1,0,0,1,1,0,0,0,1,1,1,0,1,0,1,0,0,0,1,0,1,1,0,0,1,0,0,0,0,0,0,1,0,0,0,0,0,0,0,1,0,0,0,0
0,1,0,1,0,1,1,0,0,0,1,0,1,1,0,1,1,1,0,0,0,0,0,0,0,1,1,1,1,0,1,0,0,0,0,0,0,0,1,1,0,1,0,1,1,1,0,1,0,1,1,1,1,1,1,1,1,1,1,1,1,1,1,0,0,1,1,1,1,0,1,1,1,0,1,1,1,0,0,1,0,1,1,1,1,1,1,1,1,1,1,1,1,1,1,0,1,1,0,1,0,1,1,1,1,0,1,0,0,1,1,1,1,1,0,1,1,1,1,0,0,1,1,1,0,0,1,1,1,0,1,1,0,0,0,1,1,0,0,1,1,0,0,1,0,1,1,1,1,1,0,0,0,1,0,0,1,0,0,1,1,0,0,1,1,1,0,0,1,0,0,0,1,1,1,1,1,1,0,0,1,1,0,0,0,1,1,1,0,1,0,1,0,0,0,1,0,1,1,0,0,1,0,0,0,0,0,0,1,0,0,0,0,0,0,0,1,0,0,0,0
0,1,0,1,0,1,1,0,0,0,1,0,1,1,0,1,1,1,0,0,0,0,0,0,0,1,1,1,1,0,1,0,0,0,0,0,0,0,1,1,0,1,0,1,1,1,0,1,1,1,1,1,1,1,1,1,1,1,1,1,1,1,1,0,0,1,1,1,1,0,1,1,1,0,1,1,1,0,0,1,0,1,1,1,1,1,1,1,1,1,1,1,1,1,1,0,1,1,0,1,0,1,1,1,1,0,1,0,0,1,1,1,1,1,0,1,1,1,1,0,0,1,1,1,0,0,1,1,1,0,1,1,0,0,0,1,1,0,0,1,1,0,0,1,0,1,1,1,1,1,0,0,0,1,0,0,1,0,0,1,1,0,0,1,1,1,0,0,1,0,0,0,1,1,1,1,1,1,0,0,1,1,0,0,0,1,1,1,0,1,0,1,0,0,0,1,0,1,1,0,0,1,0,0,0,0,0,0,1,0,0,0,0,0,0,0,1,0,0,0,0
0,1,0,1,1,1,1,0,0,0,1,0,1,1,0,1,1,1,0,0,0,0,0,0,0,1,1,1,1,0,1,0,0,1,0,0,0,0,1,1,0,1,0,1,1,1,0,1,0,1,1,1,1,1,1,1,1,1,1,1,1,1,1,1,1,1,1,1,1,0,1,1,1,0,1,1,1,1,0,1,1,1,1,1,1,1,1,1,1,1,1,1,1,1,1,0,1,1,0,1,0,1,1,1,1,0,1,0,0,1,1,1,1,1,0,1,1,1,1,0,0,1,1,1,0,0,1,1,1,0,1,1,0,0,0,1,1,0,0,1,1,0,0,1,0,1,1,1,1,1,0,0,0,1,0,0,1,0,0,1,1,0,0,1,1,1,0,0,1,0,1,1,1,1,1,1,1,1,0,0,1,1,0,0,0,1,1,1,0,1,0,1,0,0,0,1,0,1,1,0,0,1,0,0,0,0,0,0,1,0,0,0,0,0,0,0,1,0,0,0,0
0,1,0,1,1,1,1,0,0,0,1,0,1,1,0,1,1,1,0,0,0,0,0,0,0,1,1,1,1,0,1,0,0,1,0,0,0,0,1,1,0,1,0,1,1,1,0,1,0,1,1,1,1,1,1,1,1,1,1,1,1,1,1,1,1,1,1,1,1,0,1,1,1,0,1,1,1,1,0,1,1,1,1,1,1,1,1,1,1,1,1,1,1,1,1,0,1,1,0,1,0,1,1,1,1,1,1,0,0,1,1,1,1,1,0,1,1,1,1,0,0,1,1,1,0,0,1,1,1,0,1,1,0,0,0,1,1,0,0,1,1,0,0,1,0,1,1,1,1,1,0,0,0,1,0,0,1,0,0,1,1,0,0,1,1,1,0,0,1,0,1,1,1,1,1,1,1,1,0,0,1,1,0,0,0,1,1,1,0,1,0,1,0,0,0,1,0,1,1,0,0,1,0,0,0,0,0,0,1,0,0,0,0,0,0,0,1,0,0,0,0
0,1,0,1,0,1,1,0,0,0,1,0,1,1,0,1,1,1,0,0,0,0,0,0,0,1,1,1,1,0,1,0,0,1,0,0,0,0,1,1,0,1,0,1,1,1,0,1,0,1,1,1,1,1,1,1,1,1,1,1,1,1,1,1,1,1,1,1,1,0,1,1,1,0,1,1,1,0,0,1,0,1,1,1,1,1,1,1,1,1,1,1,1,1,1,0,1,1,0,1,0,1,1,1,1,1,1,0,0,1,1,1,1,1,0,1,1,1,1,0,0,1,1,1,0,0,1,1,1,0,1,1,0,0,0,1,1,0,0,1,1,0,0,1,0,1,1,1,1,1,0,0,0,1,0,0,1,0,0,1,1,0,0,1,1,1,0,0,1,0,0,0,1,1,1,1,1,1,0,0,1,1,0,0,0,1,1,1,0,1,0,1,0,0,0,1,0,1,1,0,0,1,0,0,0,0,0,0,1,0,0,0,0,0,0,0,1,0,0,0,0
0,0,0,1,0,1,0,0,0,0,1,0,1,1,0,1,1,0,0,0,0,0,0,0,0,1,1,1,0,0,1,0,0,1,0,0,0,0,1,0,0,1,0,1,1,1,0,1,0,1,1,1,1,1,0,1,0,0,0,0,0,1,1,0,1,1,1,1,0,0,1,1,1,0,1,1,1,1,0,1,1,1,1,1,1,1,0,1,1,1,0,1,1,1,1,1,1,0,0,1,0,1,1,1,1,0,1,1,0,1,1,1,0,0,0,1,1,0,1,0,1,1,1,0,0,0,1,0,0,0,1,1,1,1,0,1,0,0,1,0,1,1,0,1,0,0,0,1,1,0,0,0,0,0,0,0,0,1,0,0,1,0,0,1,1,0,0,0,0,0,0,0,0,0,1,0,1,1,0,0,1,0,0,1,1,1,0,0,1,0,0,0,0,0,1,0,0,0,0,0,0,0,0,0,0,0,0,0,0,0,0,0,0,0,0,0,0,0,0,0,0
0,0,0,1,0,1,0,0,0,0,1,0,1,1,0,1,1,1,0,0,0,0,0,0,0,1,1,1,1,0,1,0,0,1,0,0,0,0,1,0,0,1,0,1,1,1,0,1,0,1,1,1,1,1,1,1,0,0,0,1,1,1,1,0,1,1,1,1,0,0,1,1,1,0,1,1,1,1,0,1,1,1,1,1,1,1,0,1,1,1,0,1,1,1,1,1,1,0,0,1,0,1,1,1,1,0,1,1,0,1,1,1,0,0,0,1,1,0,1,0,1,1,1,0,0,0,1,0,0,0,1,1,1,1,0,1,0,0,1,0,1,1,0,1,0,0,0,1,1,0,0,0,0,0,0,0,0,1,0,0,1,0,0,1,1,0,0,0,0,0,0,0,0,0,1,0,1,1,0,0,1,0,0,1,1,1,0,0,1,0,0,0,0,0,1,1,0,0,0,0,0,0,0,0,0,0,0,0,0,0,0,0,0,0,0,0,0,0,0,0,0
0,1,0,1,0,1,1,0,0,0,1,0,1,1,0,1,1,1,0,0,0,0,0,0,0,1,1,1,1,0,1,0,0,1,0,0,0,0,1,0,0,1,0,0,1,1,0,1,1,1,1,1,1,1,1,1,1,0,0,1,1,1,1,1,1,1,1,1,1,0,1,1,1,0,1,1,1,0,0,1,0,1,1,1,1,1,1,1,1,1,0,1,1,1,1,0,1,0,0,1,0,1,1,1,1,0,1,0,0,1,1,1,0,0,0,1,1,0,1,0,0,1,1,0,0,0,1,0,0,0,1,1,0,0,0,1,0,0,0,0,1,0,0,1,0,0,0,1,1,0,0,0,0,0,0,0,0,0,0,0,1,0,0,1,1,0,0,0,0,0,1,1,0,0,1,0,1,1,0,0,1,0,0,0,0,1,0,0,0,0,0,0,0,0,0,1,0,0,0,0,0,0,0,0,0,0,0,0,0,0,0,0,0,0,0,0,0,0,0,0,0
0,1,0,1,0,1,0,0,0,0,1,0,1,1,0,1,1,1,1,0,0,1,0,0,0,0,1,0,0,0,1,0,0,1,0,0,1,0,1,1,0,1,0,1,0,0,0,1,0,0,0,0,0,1,1,0,0,0,0,0,0,0,1,1,1,0,0,0,0,0,0,1,0,1,0,1,0,0,0,0,1,0,0,1,0,0,0,0,1,0,0,0,0,0,0,1,1,0,0,1,0,0,0,0,0,1,0,1,0,0,0,1,0,0,0,1,1,0,1,0,1,0,0,0,0,0,0,0,0,0,0,0,1,0,0,1,0,0,0,0,0,1,0,1,0,0,0,1,0,0,0,0,0,0,0,0,0,1,0,0,1,0,0,1,0,0,0,0,0,0,1,0,0,0,0,0,1,1,0,0,1,0,0,1,1,0,0,0,1,0,0,0,1,0,1,1,1,0,0,0,0,0,0,1,0,0,0,0,0,0,0,1,0,0,0,1,0,0,0,1,0
0,1,0,1,0,1,0,0,0,0,1,0,1,1,0,1,1,1,1,0,0,1,0,0,0,0,1,0,0,0,1,0,0,0,0,0,1,0,1,1,0,1,0,1,0,0,0,1,0,0,0,1,0,1,1,0,0,0,0,0,0,0,1,0,0,0,0,0,0,0,0,1,0,1,0,1,0,0,0,0,1,0,0,1,0,0,0,0,1,0,0,0,0,0,0,1,1,0,0,1,0,0,0,0,0,0,0,1,0,0,0,1,0,0,0,1,1,0,1,0,1,0,0,0,0,0,0,0,0,0,0,0,1,0,0,1,0,0,0,0,0,1,0,1,0,0,0,1,0,0,0,0,0,0,0,0,0,1,0,0,1,0,0,1,0,0,0,0,0,0,0,0,0,0,0,0,1,1,0,0,1,0,0,1,1,0,0,0,1,0,0,0,1,0,1,1,1,0,0,0,0,0,0,1,0,0,0,0,0,0,0,1,0,0,0,1,0,0,0,1,0
1,1,0,1,0,1,0,0,0,0,1,0,1,1,0,1,1,1,1,0,0,1,0,0,0,0,1,0,0,0,1,0,0,0,0,0,1,0,1,1,0,1,0,1,0,0,0,1,0,0,0,1,0,1,1,0,0,0,0,0,0,0,1,0,0,0,0,0,0,0,0,1,0,1,0,1,0,0,0,0,1,0,0,1,0,0,0,0,1,0,0,0,0,0,0,1,1,0,0,1,0,0,0,0,0,0,0,1,0,0,0,1,0,0,0,1,1,0,1,0,1,0,0,0,0,0,0,0,0,0,0,0,1,0,0,1,0,0,0,0,0,1,0,1,0,0,0,1,0,0,0,0,0,0,0,0,0,1,0,0,1,0,0,1,0,0,0,0,0,0,0,0,0,0,0,0,1,1,0,0,1,0,0,1,1,0,0,0,1,0,0,0,1,0,1,1,1,0,0,0,0,0,0,1,0,0,0,0,0,0,0,1,0,0,0,1,0,0,0,1,0
1,1,0,1,0,1,0,0,0,0,1,0,1,1,0,1,1,1,1,0,0,1,0,0,0,0,1,0,0,0,1,0,0,0,0,0,1,0,1,1,0,1,0,1,0,0,0,1,0,0,0,1,0,1,1,0,0,0,0,0,0,0,1,0,0,0,0,0,0,0,0,1,0,1,0,1,0,0,0,0,1,0,0,1,0,0,0,0,1,0,0,0,0,0,0,1,1,0,0,1,0,0,0,0,0,0,0,1,0,0,0,1,0,0,0,1,1,0,1,0,1,0,0,0,0,0,0,0,0,0,0,0,1,0,0,1,0,0,0,0,0,1,0,1,0,0,0,1,0,0,0,0,0,0,0,0,0,1,0,0,1,0,0,1,0,0,0,0,0,0,0,0,0,0,0,0,1,1,0,0,1,0,0,1,1,0,0,0,1,0,0,0,1,0,1,1,1,0,0,0,0,0,0,1,0,0,0,0,0,0,0,1,0,0,0,1,0,0,0,1,0
1,1,0,1,0,1,0,0,0,0,1,0,1,1,0,1,1,1,1,0,0,1,0,0,0,0,1,0,0,0,1,0,0,0,0,0,1,0,1,1,0,1,0,1,0,0,0,1,0,0,0,1,0,1,1,0,0,0,0,0,0,0,1,0,0,0,0,0,0,0,0,1,0,1,0,1,0,0,0,0,1,0,0,1,0,0,0,0,1,0,0,0,0,0,0,1,1,0,0,1,0,0,0,0,0,0,0,1,0,0,0,1,0,0,0,1,1,0,1,0,1,0,0,0,0,0,0,0,0,0,0,0,1,0,0,1,0,0,0,0,0,1,0,1,0,0,0,1,0,0,0,0,0,0,0,0,0,1,0,0,1,0,0,1,0,0,0,0,0,0,0,0,0,0,0,0,1,1,0,0,1,0,0,1,1,0,0,0,1,0,0,0,1,0,1,1,1,0,0,0,0,0,0,1,0,0,0,0,0,0,0,1,0,0,0,1,0,0,0,1,0
1,1,0,1,0,1,0,0,0,0,1,0,1,1,0,1,1,1,1,0,0,1,0,0,0,0,1,0,0,0,1,0,0,0,0,0,1,0,1,1,0,1,0,1,0,0,0,1,0,0,0,1,0,1,1,0,0,0,0,0,0,0,1,0,0,0,0,0,0,0,0,1,0,1,0,1,0,0,0,0,1,0,0,1,0,0,0,0,1,0,0,0,0,0,0,1,1,0,0,1,0,0,0,0,0,0,0,1,0,0,0,1,0,0,0,1,1,0,1,0,1,0,0,0,0,0,0,0,0,0,0,0,1,0,0,1,0,0,0,0,0,1,0,1,0,0,0,1,0,0,0,0,0,0,0,0,0,1,0,0,1,0,0,1,0,0,0,0,0,0,0,0,0,0,0,0,1,1,0,0,1,0,0,1,1,0,0,0,1,0,0,0,1,0,1,1,1,0,0,0,0,0,0,1,0,0,0,0,0,0,0,1,0,0,0,1,0,0,0,1,0
0,1,0,1,0,1,1,0,0,0,1,0,1,1,0,1,1,1,1,0,0,1,0,0,0,0,1,0,0,0,1,0,0,1,0,0,1,0,1,1,0,1,0,1,0,0,0,1,1,0,0,1,0,1,1,0,0,1,1,0,0,0,1,1,1,0,0,0,1,0,0,1,0,1,0,1,0,0,0,0,1,0,0,1,0,0,0,0,1,0,1,0,0,0,0,1,1,1,0,1,0,0,0,0,0,1,0,1,0,0,0,1,1,1,0,1,1,1,1,0,1,0,0,1,0,0,0,1,1,0,0,0,1,0,0,1,1,0,0,1,0,1,0,1,0,1,1,1,0,0,0,0,0,1,0,0,0,1,0,1,1,0,0,1,0,1,1,0,1,0,1,0,0,1,0,1,1,1,0,0,1,1,0,1,1,0,1,0,1,1,0,0,1,0,1,1,1,1,0,0,0,0,0,1,0,0,0,0,0,0,1,1,0,0,0,1,0,0,1,1,0
1,1,0,1,0,1,0,0,0,0,1,0,1,1,0,1,1,1,1,0,0,1,1,1,0,0,1,0,1,0,1,0,0,0,0,0,1,0,1,1,0,1,0,1,0,0,0,1,0,0,0,0,0,1,1,0,0,0,0,0,0,0,1,0,0,0,0,0,0,0,0,1,0,1,0,1,0,0,0,0,1,0,0,1,0,0,0,0,1,0,0,0,0,0,0,1,1,0,0,1,0,0,0,0,0,0,0,1,0,0,0,1,0,0,0,1,1,0,1,0,1,0,0,0,0,0,0,0,0,0,0,1,1,0,0,1,0,0,0,0,0,1,0,1,0,0,0,1,0,0,0,0,0,0,0,0,0,1,0,0,1,0,0,1,0,0,0,0,0,0,0,0,0,0,0,0,1,1,0,0,1,0,0,1,1,0,0,0,1,0,0,0,1,0,1,1,1,0,0,0,0,0,0,1,0,0,0,0,0,0,0,1,0,0,0,1,0,0,0,1,0
0,1,0,1,0,1,1,0,0,0,1,0,1,1,0,1,1,1,1,0,0,1,0,0,0,0,1,0,0,0,1,0,0,1,0,0,1,0,1,1,0,1,0,1,0,0,0,1,1,0,0,1,0,1,1,0,0,1,1,0,0,0,1,1,1,0,0,0,1,0,0,1,0,1,0,1,0,0,0,0,1,0,0,1,0,0,0,0,1,0,1,0,0,0,0,1,1,1,0,1,0,0,0,0,0,1,0,1,0,0,0,1,1,1,0,1,1,1,1,0,1,0,0,1,0,0,0,1,1,0,0,0,1,0,0,1,1,0,0,1,0,1,0,1,0,1,1,1,0,0,0,0,0,1,0,0,0,1,0,1,1,0,0,1,0,1,0,0,1,0,1,0,0,1,0,1,1,1,0,0,1,1,0,1,1,0,1,1,1,1,0,0,1,0,1,1,1,0,1,0,0,0,0,1,0,0,0,0,1,0,0,1,0,0,0,1,1,0,0,1,0
0,1,0,1,0,1,1,0,0,0,1,0,1,1,0,1,1,1,1,0,0,1,0,0,0,0,1,0,0,0,1,0,0,1,0,0,1,0,1,1,0,1,0,1,0,0,0,1,1,0,0,1,0,1,1,0,0,1,1,0,0,0,1,1,1,0,0,0,1,0,0,1,0,1,0,1,0,0,0,0,1,0,0,1,0,0,0,0,1,0,1,0,0,0,0,1,1,1,0,1,0,0,0,0,0,1,0,1,0,0,0,1,1,1,0,1,1,1,1,0,1,0,0,1,0,0,0,1,1,0,0,0,1,0,0,1,1,0,0,1,0,1,0,1,0,1,1,1,0,0,0,0,0,1,0,0,0,1,0,1,1,0,0,1,0,1,0,0,1,0,1,0,0,1,0,1,1,1,0,0,1,1,0,1,1,0,1,0,1,1,0,1,1,0,1,1,1,0,0,0,0,1,0,1,0,0,0,1,0,0,0,1,0,0,1,1,0,0,0,1,0
0,1,0,1,0,1,0,0,0,0,1,0,1,1,0,1,1,1,1,0,0,1,0,0,0,0,1,0,0,0,1,0,0,1,0,0,1,0,1,1,0,1,0,1,0,0,0,1,0,0,0,0,0,1,1,0,0,0,0,0,0,0,1,1,1,0,0,0,0,0,0,1,0,1,0,1,0,0,0,0,1,0,0,1,0,0,0,0,1,0,0,0,0,0,0,1,1,0,0,1,0,0,0,0,0,1,0,1,0,0,0,1,0,0,0,1,1,0,1,0,1,0,0,0,0,0,0,0,0,0,0,0,1,0,0,1,0,0,0,0,0,1,0,1,0,0,0,1,0,0,0,0,0,0,0,0,0,1,0,0,1,0,0,1,0,0,0,0,0,0,1,0,0,0,0,0,1,1,0,0,1,0,0,1,1,0,0,0,1,0,0,0,1,0,1,1,1,0,0,0,0,0,0,1,0,0,0,0,0,0,0,1,0,0,0,1,0,0,0,1,0
0,1,0,1,0,1,0,0,0,0,1,0,1,1,0,1,1,1,1,0,0,1,0,0,0,0,1,0,0,0,1,0,0,1,0,0,1,0,1,1,0,1,0,1,0,0,0,1,0,0,0,0,0,1,1,0,0,0,0,0,0,0,1,1,1,0,0,0,0,0,0,1,0,1,0,1,0,0,0,0,1,0,0,1,0,0,0,0,1,0,0,0,0,0,0,1,1,0,0,1,0,0,0,0,0,1,0,1,0,0,0,1,0,0,0,1,1,0,1,0,1,0,0,0,0,0,0,0,0,0,0,0,1,0,0,1,0,0,0,0,0,1,0,1,0,0,0,1,0,0,0,0,0,0,0,0,0,1,0,0,1,0,0,1,0,0,0,0,0,0,1,0,0,0,0,0,1,1,0,0,1,0,0,1,1,0,0,0,1,0,0,0,1,0,1,1,1,0,0,0,0,0,0,1,0,0,0,0,0,0,0,1,0,0,0,1,0,0,0,1,0
0,1,0,1,0,1,0,0,0,0,1,0,1,1,0,1,1,1,1,0,0,1,0,0,0,0,1,0,0,0,1,0,0,1,0,0,1,0,1,1,0,1,0,1,0,0,0,1,0,0,0,0,0,1,1,0,0,0,0,0,0,0,1,1,1,0,0,0,0,0,0,1,0,1,0,1,0,0,0,0,1,0,0,1,0,0,0,0,1,0,0,0,0,0,0,1,1,0,0,1,0,0,0,0,0,1,0,1,0,0,0,1,0,0,0,1,1,0,1,0,1,0,0,0,0,0,0,0,0,0,0,0,1,0,0,1,0,0,0,0,0,1,0,1,0,0,0,1,0,0,0,0,0,0,0,0,0,1,0,0,1,0,0,1,0,0,0,0,0,0,1,0,0,0,0,0,1,1,0,0,1,0,0,1,1,0,0,0,1,0,0,0,1,0,1,1,1,0,0,0,0,0,0,1,0,0,0,0,0,0,0,1,0,0,0,1,0,0,0,1,0
0,1,0,1,0,1,0,0,0,1,1,0,1,1,0,1,1,1,1,0,0,1,0,0,0,0,1,0,0,0,1,0,1,1,0,0,1,0,1,1,1,1,0,1,0,0,1,1,0,0,0,0,0,1,1,0,0,0,0,0,0,0,1,1,1,0,0,0,0,0,0,1,0,1,0,1,0,0,0,0,1,0,0,1,0,0,0,0,1,0,0,0,0,0,0,1,1,0,1,1,1,0,0,0,0,1,0,1,0,0,0,1,0,0,0,1,1,0,1,1,1,0,0,0,0,0,0,0,0,0,0,0,1,0,0,1,0,1,0,0,0,1,1,1,0,0,0,1,0,0,0,0,0,0,0,0,0,1,0,0,1,0,0,1,0,0,0,0,0,0,1,0,0,0,0,0,1,1,0,0,1,0,0,1,1,0,0,0,1,0,0,0,1,0,1,1,1,0,0,0,0,0,0,1,0,0,0,0,0,0,0,1,0,0,0,1,0,0,0,1,0
0,1,0,1,0,1,0,0,0,1,1,0,1,1,0,1,1,1,1,0,0,1,0,0,0,0,1,0,0,0,1,0,1,1,0,0,1,0,1,1,1,1,0,1,0,0,1,1,0,0,0,0,0,1,1,0,0,0,0,0,0,0,1,1,1,0,0,0,0,0,0,1,0,1,0,1,0,0,0,0,1,0,0,1,0,0,0,0,1,0,0,0,0,0,0,1,1,0,1,1,1,0,0,0,0,1,0,1,0,0,0,1,0,0,0,1,1,0,1,1,1,0,0,0,0,0,0,0,0,0,0,0,1,0,0,1,0,1,0,0,0,1,1,1,0,0,0,1,0,0,0,0,0,0,0,0,0,1,0,0,1,0,0,1,0,0,0,0,0,0,1,0,0,0,0,0,1,1,0,0,1,0,0,1,1,0,0,0,1,0,0,0,1,0,1,1,1,0,0,0,0,0,0,1,0,0,0,0,0,0,0,1,0,0,0,1,0,0,0,1,0
0,1,0,1,0,1,0,0,0,1,1,0,1,1,0,1,1,1,1,0,0,1,0,0,0,0,1,0,0,0,1,0,1,1,0,0,1,0,1,1,1,1,0,1,0,0,1,1,0,0,0,0,0,1,1,0,0,0,0,0,0,0,1,1,1,0,0,0,0,0,0,1,0,1,0,1,0,0,0,0,1,0,0,1,0,0,0,0,1,0,0,0,0,0,0,1,1,0,1,1,1,0,0,0,0,1,0,1,0,0,0,1,0,0,0,1,1,0,1,1,1,0,0,0,0,0,0,0,0,0,0,0,1,0,0,1,0,1,0,0,0,1,1,1,0,0,0,1,0,0,0,0,0,0,0,0,0,1,0,0,1,0,0,1,0,0,0,0,0,0,1,0,0,0,0,0,1,1,0,0,1,0,0,1,1,0,0,0,1,0,0,0,1,0,1,1,1,0,0,0,0,0,0,1,0,0,0,0,0,0,0,1,0,0,0,1,0,0,0,1,0
0,1,0,1,0,1,0,0,0,0,1,0,1,1,0,1,1,1,1,0,0,1,0,0,0,0,1,0,0,0,1,0,0,1,0,0,1,0,1,1,0,1,0,1,0,0,0,1,0,0,0,1,0,1,1,0,0,0,0,0,0,0,1,1,1,0,0,0,0,0,0,1,0,1,0,1,0,0,0,0,1,0,0,1,0,0,0,0,1,0,0,0,0,0,0,1,1,0,0,1,0,0,0,0,0,1,0,1,0,0,0,1,0,0,0,1,1,0,1,0,1,0,0,0,0,0,0,0,0,0,0,0,1,0,0,1,0,0,0,0,0,1,0,1,0,0,0,1,0,0,0,0,0,0,0,0,0,1,0,0,1,0,0,1,0,0,0,0,0,0,1,0,0,0,0,0,1,1,0,0,1,0,0,1,1,0,0,0,1,0,0,0,1,0,1,1,1,0,0,0,0,0,0,1,0,0,0,0,0,0,0,1,0,0,0,1,0,0,0,1,0
0,1,0,1,0,1,1,0,0,0,1,0,1,1,0,1,1,1,1,0,0,1,0,0,0,0,1,0,0,0,1,0,0,1,0,0,1,0,1,1,0,1,0,1,0,0,0,1,0,0,0,0,0,1,1,0,0,0,0,0,0,0,1,1,1,0,0,0,0,0,0,1,0,1,0,1,0,0,0,0,1,0,0,1,0,0,0,0,1,0,0,0,0,0,0,1,1,0,0,1,0,0,0,0,0,1,0,1,0,0,0,1,0,0,0,1,1,0,1,0,1,0,0,0,0,0,0,0,0,0,0,0,1,0,0,1,0,0,0,0,0,1,0,1,0,0,0,1,0,0,0,0,0,0,0,0,0,1,0,0,1,0,0,1,0,0,0,0,0,0,1,0,0,0,0,0,1,1,0,0,1,0,0,1,1,0,0,0,1,0,0,0,1,0,1,1,1,0,0,0,0,0,0,1,0,0,0,0,0,0,0,1,0,0,0,1,0,0,0,1,0
0,1,0,1,0,1,0,0,0,0,1,0,1,1,0,1,1,1,1,0,0,1,0,0,0,0,1,0,0,0,1,0,0,1,0,0,1,0,1,1,0,1,0,1,0,0,0,1,0,0,0,0,0,1,1,0,0,0,0,0,0,0,1,1,1,0,0,0,0,0,0,1,0,1,0,1,0,0,0,0,1,0,0,1,0,0,0,0,1,0,0,0,0,0,0,1,1,0,0,1,0,0,0,0,0,1,0,1,0,0,0,1,0,0,0,1,1,0,1,0,1,0,0,0,0,0,0,0,0,0,0,0,1,0,0,1,0,0,0,0,0,1,0,1,0,0,0,1,0,0,0,0,0,0,0,0,0,1,0,0,1,0,0,1,0,0,0,0,0,0,1,0,0,0,0,0,1,1,0,0,1,0,0,1,1,0,0,0,1,0,0,0,1,0,0,1,1,0,0,0,0,0,0,1,0,0,0,0,0,0,0,1,0,1,0,0,0,0,0,1,0
1,1,0,1,0,1,0,0,0,0,1,0,1,1,0,1,1,1,1,0,0,1,1,1,0,0,1,0,1,0,1,0,0,0,0,0,1,0,1,1,0,1,0,1,0,0,0,1,0,0,0,0,0,1,1,0,0,0,0,0,0,0,1,0,0,0,0,0,0,0,0,1,0,1,0,1,0,0,0,0,1,0,0,1,0,0,0,0,1,0,0,0,0,0,0,1,1,0,0,1,0,0,0,0,0,0,0,1,0,0,0,1,0,0,0,1,1,0,1,0,1,0,0,0,0,0,0,0,0,0,0,0,1,0,0,1,0,0,0,0,0,1,0,1,0,0,0,1,0,0,0,0,0,0,0,0,0,1,0,0,1,0,0,1,0,0,0,0,0,0,0,0,0,0,0,0,1,1,0,0,1,0,0,1,1,0,0,0,1,0,0,0,1,0,0,1,1,0,0,0,0,0,0,1,0,0,0,0,0,0,0,1,0,1,0,0,0,0,0,1,0
0,1,0,1,0,1,0,0,0,0,0,0,0,0,0,1,1,1,1,1,1,1,0,1,0,0,1,0,0,0,1,0,0,1,0,0,1,0,1,1,0,1,0,1,0,0,0,1,0,0,0,0,0,1,1,0,0,0,0,0,0,0,1,1,1,0,0,0,0,0,0,1,0,1,0,1,0,0,0,0,1,0,0,1,0,0,0,0,1,0,0,0,0,0,0,1,1,0,0,1,0,0,0,0,0,1,0,1,0,0,0,1,0,0,0,1,1,0,1,0,1,0,0,0,0,0,0,0,0,0,0,0,1,0,0,1,0,0,0,0,0,1,0,1,0,0,0,1,0,0,0,0,0,0,0,0,0,1,0,0,1,0,0,1,0,0,0,0,0,0,1,0,0,0,0,0,1,1,0,0,1,0,0,1,1,0,0,0,1,0,0,0,1,0,1,1,1,0,0,0,0,0,0,1,0,0,0,0,0,0,0,1,0,0,0,1,0,0,0,1,0
1,1,0,1,0,1,0,0,0,0,0,0,0,0,0,1,1,1,1,1,1,1,0,1,0,0,1,0,0,0,1,0,0,0,0,0,1,0,1,1,0,1,0,1,0,0,0,1,0,0,0,1,0,1,1,0,0,0,0,0,0,0,1,0,0,0,0,0,0,0,0,1,0,1,0,1,0,0,0,0,1,0,0,1,0,0,0,0,1,0,0,0,0,0,0,1,1,0,0,1,0,0,0,0,0,0,0,1,0,0,0,1,0,0,0,1,1,0,1,0,1,0,0,0,0,0,0,0,0,0,0,0,1,0,0,1,0,0,0,0,0,1,0,1,0,0,0,1,0,0,0,0,0,0,0,0,0,1,0,0,1,0,0,1,0,0,0,0,0,0,0,0,0,0,0,0,1,1,0,0,1,0,0,1,1,0,0,0,1,0,0,0,1,0,1,1,1,0,0,0,0,0,0,1,0,0,0,0,0,0,0,1,0,0,0,1,0,0,0,1,0
0,1,0,1,0,1,0,0,0,0,0,0,0,0,0,1,1,1,1,1,1,1,0,1,0,0,1,0,0,0,1,0,0,1,0,0,1,0,1,1,0,1,0,1,0,0,0,1,0,0,0,0,0,1,1,0,0,0,0,0,0,0,1,1,1,0,0,0,0,0,0,1,0,1,0,1,0,0,0,0,1,0,0,1,0,0,0,0,1,0,0,0,0,0,0,1,1,0,0,1,0,0,0,0,0,1,0,1,0,0,0,1,0,0,0,1,1,0,1,0,1,0,0,0,0,0,0,0,0,0,0,0,1,0,0,1,0,0,0,0,0,1,0,1,0,0,0,1,0,0,0,0,0,0,0,0,0,1,0,0,1,0,0,1,0,0,0,0,0,0,1,0,0,0,0,0,1,1,0,0,1,0,0,1,1,0,0,0,1,0,0,0,1,0,0,1,1,0,0,0,0,0,0,1,0,0,0,0,0,0,0,1,0,1,0,0,0,0,0,1,0
1,1,0,1,0,1,0,0,0,0,0,0,0,0,0,1,1,1,1,1,1,1,0,1,0,0,1,0,0,0,1,0,0,0,0,0,1,0,1,1,0,1,0,1,0,0,0,1,0,0,0,1,0,1,1,0,0,0,0,0,0,0,1,0,0,0,0,0,0,0,0,1,0,1,0,1,0,0,0,0,1,0,0,1,0,0,0,0,1,0,0,0,0,0,0,1,1,0,0,1,0,0,0,0,0,0,0,1,0,0,0,1,0,0,0,1,1,0,1,0,1,0,0,0,0,0,0,0,0,0,0,0,1,0,0,1,0,0,0,0,0,1,0,1,0,0,0,1,0,0,0,0,0,0,0,0,0,1,0,0,1,0,0,1,0,0,0,0,0,0,0,0,0,0,0,0,1,1,0,0,1,0,0,1,1,0,0,0,1,0,0,0,1,0,0,1,1,0,0,0,0,0,0,1,0,0,0,0,0,0,0,1,0,1,0,0,0,0,0,1,0
1,1,0,1,0,1,0,0,0,0,0,0,0,0,0,1,1,1,1,1,1,1,1,1,1,0,1,0,1,0,1,0,0,0,0,0,1,0,1,1,0,1,0,1,0,0,0,1,0,0,0,0,0,1,1,0,0,0,0,0,0,0,1,0,0,0,0,0,0,0,0,1,0,1,0,1,0,0,0,0,1,0,0,1,0,0,0,0,1,0,0,0,0,0,0,1,1,0,0,1,0,0,0,0,0,0,0,1,0,0,0,1,0,0,0,1,1,0,1,0,1,0,0,0,0,0,0,0,0,0,0,1,1,0,0,1,0,0,0,0,0,1,0,1,0,0,0,1,0,0,0,0,0,0,0,0,0,1,0,0,1,0,0,1,0,0,0,0,0,0,0,0,0,0,0,0,1,1,0,0,1,0,0,1,1,0,0,0,1,0,0,0,1,0,1,1,1,0,0,0,0,0,0,1,0,0,0,0,0,0,0,1,0,0,0,1,0,0,0,1,0
1,1,0,1,0,1,0,0,0,0,0,0,0,0,0,1,1,1,1,1,1,1,1,1,1,0,1,0,1,0,1,0,0,0,0,0,1,0,1,1,0,1,0,1,0,0,0,1,0,0,0,0,0,1,1,0,0,0,0,0,0,0,1,0,0,0,0,0,0,0,0,1,0,1,0,1,0,0,0,0,1,0,0,1,0,0,0,0,1,0,0,0,0,0,0,1,1,0,0,1,0,0,0,0,0,0,0,1,0,0,0,1,0,0,0,1,1,0,1,0,1,0,0,0,0,0,0,0,0,0,0,1,1,0,0,1,0,0,0,0,0,1,0,1,0,0,0,1,0,0,0,0,0,0,0,0,0,1,0,0,1,0,0,1,0,0,0,0,0,0,0,0,0,0,0,0,1,1,0,0,1,0,0,1,1,0,0,0,1,0,0,0,1,0,0,1,1,0,0,0,0,0,0,1,0,0,0,0,0,0,0,1,0,1,0,0,0,0,0,1,0
1,1,0,1,0,1,0,0,0,0,0,0,0,0,0,1,1,1,1,0,0,1,0,0,0,0,1,0,0,0,1,0,0,1,0,0,1,0,1,1,0,1,0,1,0,0,0,1,0,0,0,0,0,1,1,0,0,0,0,0,0,0,1,1,1,0,0,0,0,0,0,1,0,1,0,1,0,0,0,0,1,0,0,1,0,0,0,0,1,0,0,0,0,0,0,1,1,0,0,1,0,0,0,0,0,1,0,1,0,0,0,1,0,0,0,1,1,0,1,0,1,0,0,0,0,0,0,0,0,0,0,0,1,0,0,1,0,0,0,0,0,1,0,1,0,0,0,1,0,0,0,0,0,0,0,0,0,1,0,0,1,0,0,1,0,0,0,0,0,0,1,0,0,0,0,0,1,1,0,0,1,0,0,1,1,0,0,0,1,0,0,0,1,0,1,1,1,0,0,0,0,0,0,1,0,0,0,0,0,0,0,1,0,0,0,1,0,0,0,1,0
1,1,0,1,0,1,0,0,0,0,0,0,0,0,0,1,1,1,1,0,0,1,0,0,0,0,1,0,0,0,1,0,0,0,0,0,1,0,1,1,0,1,0,1,0,0,0,1,0,0,0,1,0,1,1,0,0,0,0,0,0,0,1,0,0,0,0,0,0,0,0,1,0,1,0,1,0,0,0,0,1,0,0,1,0,0,0,0,1,0,0,0,0,0,0,1,1,0,0,1,0,0,0,0,0,0,0,1,0,0,0,1,0,0,0,1,1,0,1,0,1,0,0,0,0,0,0,0,0,0,0,0,1,0,0,1,0,0,0,0,0,1,0,1,0,0,0,1,0,0,0,0,0,0,0,0,0,1,0,0,1,0,0,1,0,0,0,0,0,0,0,0,0,0,0,0,1,1,0,0,1,0,0,1,1,0,0,0,1,0,0,0,1,0,0,1,1,0,0,0,0,0,0,1,0,0,0,0,0,0,0,1,0,1,0,0,0,0,0,1,0
1,1,0,1,0,1,0,0,0,0,0,0,0,0,0,1,1,1,1,0,0,1,0,0,0,0,1,0,0,0,1,0,0,0,0,0,1,0,1,1,0,1,0,1,0,0,0,1,0,0,0,1,0,1,1,0,0,0,0,0,0,0,1,0,0,0,0,0,0,0,0,1,0,1,0,1,0,0,0,0,1,0,0,1,0,0,0,0,1,0,0,0,0,0,0,1,1,0,0,1,0,0,0,0,0,0,0,1,0,0,0,1,0,0,0,1,1,0,1,0,1,0,0,0,0,0,0,0,0,0,0,0,1,0,0,1,0,0,0,0,0,1,0,1,0,0,0,1,0,0,0,0,0,0,0,0,0,1,0,0,1,0,0,1,0,0,0,0,0,0,0,0,0,0,0,0,1,1,0,0,1,0,0,1,1,0,0,0,1,0,0,0,1,0,0,1,1,0,0,0,0,0,0,1,0,0,0,0,0,0,0,1,0,1,0,0,0,0,0,1,0
1,1,0,1,0,1,0,0,0,0,0,0,0,0,0,1,1,1,1,0,0,1,0,0,0,0,1,0,0,0,1,0,0,0,0,0,1,0,1,1,0,1,0,1,0,0,0,1,0,0,0,1,0,1,1,0,0,0,0,0,0,0,1,0,0,0,0,0,0,0,0,1,0,1,0,1,0,0,0,0,1,0,0,1,0,0,0,0,1,0,0,0,0,0,0,1,1,0,0,1,0,0,0,0,0,0,0,1,0,0,0,1,0,0,0,1,1,0,1,0,1,0,0,0,0,0,0,0,0,0,0,0,1,0,0,1,0,0,0,0,0,1,0,1,0,0,0,1,0,0,0,0,0,0,0,0,0,1,0,0,1,0,0,1,0,0,0,0,0,0,0,0,0,0,0,0,1,1,0,0,1,0,0,1,1,0,0,0,1,0,0,0,1,0,0,1,1,0,0,0,0,0,0,1,0,0,0,0,0,0,0,1,0,1,0,0,0,0,0,1,0
1,1,1,1,0,1,0,0,0,0,0,0,0,0,0,1,1,1,1,0,0,1,1,1,0,0,1,0,1,0,1,0,0,0,0,0,1,0,1,1,0,1,0,1,0,0,0,1,0,0,0,0,0,1,1,0,0,0,0,0,0,0,1,0,0,0,0,0,0,0,0,1,0,1,0,1,0,0,0,0,1,0,0,1,0,0,0,0,1,0,0,0,0,0,0,1,1,0,0,1,0,0,0,0,0,0,0,1,0,0,0,1,0,0,0,1,1,0,1,0,1,0,0,0,0,0,0,0,0,0,0,0,1,0,0,1,0,0,0,0,0,1,0,1,0,0,0,1,0,0,0,0,0,0,0,0,0,1,0,0,1,0,0,1,0,0,0,0,0,0,0,0,0,0,0,0,1,1,0,0,1,0,0,1,1,0,0,0,1,0,0,0,1,0,0,1,1,0,0,0,0,0,0,1,0,0,0,0,0,0,0,1,0,1,0,0,0,0,0,1,0
1,1,0,1,0,1,1,0,0,0,0,0,0,0,0,1,1,1,1,0,0,1,0,0,0,0,1,0,0,0,1,0,0,1,0,0,1,0,1,1,0,1,0,1,0,0,0,1,1,0,0,1,0,1,1,0,0,1,1,0,0,0,1,1,1,0,0,0,1,0,0,1,0,1,0,1,0,0,0,0,1,0,0,1,0,0,0,0,1,0,1,0,0,0,0,1,1,1,0,1,0,0,0,0,0,1,0,1,0,0,0,1,1,1,0,1,1,1,1,0,1,0,0,1,0,0,0,1,1,0,0,0,1,0,0,1,1,0,0,1,0,1,0,1,0,1,1,1,0,0,0,0,0,1,0,0,0,1,0,1,1,0,0,1,0,1,1,0,1,0,1,0,0,1,0,1,1,1,0,0,1,1,0,1,1,0,1,0,1,1,0,0,1,0,0,1,1,1,0,0,0,0,0,1,0,0,0,0,0,0,1,1,0,1,0,0,0,0,1,1,0
1,1,0,1,0,1,1,0,0,0,0,0,0,0,0,1,1,1,1,0,0,1,0,0,0,0,1,0,0,0,1,0,0,1,0,0,1,0,1,1,0,1,0,1,0,0,0,1,1,0,0,1,0,1,1,0,0,1,1,0,0,0,1,1,1,0,0,0,1,0,0,1,0,1,0,1,0,0,0,0,1,0,0,1,0,0,0,0,1,0,1,0,0,0,0,1,1,1,0,1,0,0,0,0,0,1,0,1,0,0,0,1,1,1,0,1,1,1,1,0,1,0,0,1,0,0,0,1,1,0,0,0,1,0,0,1,1,0,0,1,0,1,0,1,0,1,1,1,0,0,0,0,0,1,0,0,0,1,0,1,1,0,0,1,0,1,0,0,1,0,1,0,0,1,0,1,1,1,0,0,1,1,0,1,1,0,1,1,1,1,0,0,1,0,0,1,1,0,1,0,0,0,0,1,0,0,0,0,1,0,0,1,0,1,0,0,1,0,0,1,0
1,1,0,1,0,1,1,0,0,0,0,0,0,0,0,1,1,1,1,0,0,1,0,0,0,0,1,0,0,0,1,0,0,1,0,0,1,0,1,1,0,1,0,1,0,0,0,1,1,0,0,1,0,1,1,0,0,1,1,0,0,0,1,1,1,0,0,0,1,0,0,1,0,1,0,1,0,0,0,0,1,0,0,1,0,0,0,0,1,0,1,0,0,0,0,1,1,1,0,1,0,0,0,0,0,1,0,1,0,0,0,1,1,1,0,1,1,1,1,0,1,0,0,1,0,0,0,1,1,0,0,0,1,0,0,1,1,0,0,1,0,1,0,1,0,1,1,1,0,0,0,0,0,1,0,0,0,1,0,1,1,0,0,1,0,1,0,0,1,0,1,0,0,1,0,1,1,1,0,0,1,1,0,1,1,0,1,0,1,1,0,1,1,0,0,1,1,0,0,0,0,1,0,1,0,0,0,1,0,0,0,1,0,1,1,0,0,0,0,1,0
0,1,0,1,0,1,0,0,0,0,0,0,0,0,0,1,1,1,1,0,0,1,0,0,0,0,1,0,0,0,1,0,0,1,0,0,1,0,1,1,0,1,0,1,0,0,0,1,0,0,0,0,0,1,1,0,0,0,0,0,0,0,1,1,1,0,0,0,0,0,0,1,0,1,0,1,0,0,0,0,1,0,0,1,0,0,0,0,1,0,0,0,0,0,0,1,1,0,0,1,0,0,0,0,0,1,0,1,0,0,0,1,0,0,0,1,1,0,1,0,1,0,0,0,0,0,0,0,0,0,0,0,1,0,0,1,0,0,0,0,0,1,0,1,0,0,0,1,0,0,0,0,0,0,0,0,0,1,0,0,1,0,0,1,0,0,0,0,0,0,1,0,0,0,0,0,1,1,0,0,1,0,0,1,1,0,0,0,1,0,0,0,1,0,0,1,1,0,0,0,0,0,0,1,0,0,0,0,0,0,0,1,0,1,0,0,0,0,0,1,0
0,1,0,1,0,1,0,0,0,0,0,0,0,0,0,1,1,1,1,0,0,1,0,0,0,0,1,0,0,0,1,0,0,1,0,0,1,0,1,1,0,1,0,1,0,0,0,1,0,0,0,0,0,1,1,0,0,0,0,0,0,0,1,1,1,0,0,0,0,0,0,1,0,1,0,1,0,0,0,0,1,0,0,1,0,0,0,0,1,0,0,0,0,0,0,1,1,0,0,1,0,0,0,0,0,1,0,1,0,0,0,1,0,0,0,1,1,0,1,0,1,0,0,0,0,0,0,0,0,0,0,0,1,0,0,1,0,0,0,0,0,1,0,1,0,0,0,1,0,0,0,0,0,0,0,0,0,1,0,0,1,0,0,1,0,0,0,0,0,0,1,0,0,0,0,0,1,1,0,0,1,0,0,1,1,0,0,0,1,0,0,0,1,0,0,1,1,0,0,0,0,0,0,1,0,0,0,0,0,0,0,1,0,1,0,0,0,0,0,1,0
0,1,0,1,0,1,0,0,0,0,0,0,0,0,0,1,1,1,1,0,0,1,0,0,0,0,1,0,0,0,1,0,0,1,0,0,1,0,1,1,0,1,0,1,0,0,0,1,0,0,0,0,0,1,1,0,0,0,0,0,0,0,1,1,1,0,0,0,0,0,0,1,0,1,0,1,0,0,0,0,1,0,0,1,0,0,0,0,1,0,0,0,0,0,0,1,1,0,0,1,0,0,0,0,0,1,0,1,0,0,0,1,0,0,0,1,1,0,1,0,1,0,0,0,0,0,0,0,0,0,0,0,1,0,0,1,0,0,0,0,0,1,0,1,0,0,0,1,0,0,0,0,0,0,0,0,0,1,0,0,1,0,0,1,0,0,0,0,0,0,1,0,0,0,0,0,1,1,0,0,1,0,0,1,1,0,0,0,1,0,0,0,1,0,0,1,1,0,0,0,0,0,0,1,0,0,0,0,0,0,0,1,0,1,0,0,0,0,0,1,0
0,1,0,1,0,1,0,0,0,1,0,0,0,0,0,1,1,1,1,0,0,1,0,0,0,0,1,0,0,0,1,0,1,1,0,0,1,0,1,1,1,1,0,1,0,0,1,1,0,0,0,0,0,1,1,0,0,0,0,0,0,0,1,1,1,0,0,0,0,0,0,1,0,1,0,1,0,0,0,0,1,0,0,1,0,0,0,0,1,0,0,0,0,0,0,1,1,0,1,1,1,0,0,0,0,1,0,1,0,0,0,1,0,0,0,1,1,0,1,1,1,0,0,0,0,0,0,0,0,0,0,0,1,0,0,1,0,1,0,0,0,1,1,1,0,0,0,1,0,0,0,0,0,0,0,0,0,1,0,0,1,0,0,1,0,0,0,0,0,0,1,0,0,0,0,0,1,1,0,0,1,0,0,1,1,0,0,0,1,0,0,0,1,0,0,1,1,0,0,0,0,0,0,1,0,0,0,0,0,0,0,1,0,1,0,0,0,0,0,1,0
1,1,0,1,0,1,0,0,0,0,0,0,0,0,0,1,1,1,1,0,0,1,0,0,0,0,1,0,0,0,1,0,0,1,0,0,1,0,1,1,0,1,0,1,0,0,0,1,0,0,0,1,0,1,1,0,0,0,0,0,0,0,1,1,1,0,0,0,0,0,0,1,0,1,0,1,0,0,0,0,1,0,0,1,0,0,0,0,1,0,0,0,0,0,0,1,1,0,0,1,0,0,0,0,0,1,0,1,0,0,0,1,0,0,0,1,1,0,1,0,1,0,0,0,0,0,0,0,0,0,0,0,1,0,0,1,0,0,0,0,0,1,0,1,0,0,0,1,0,0,0,0,0,0,0,0,0,1,0,0,1,0,0,1,0,0,0,0,0,0,1,0,0,0,0,0,1,1,0,0,1,0,0,1,1,0,0,0,1,0,0,0,1,0,0,1,1,0,0,0,0,0,0,1,0,0,0,0,0,0,0,1,0,1,0,1,0,0,0,1,0
0,1,0,1,0,1,1,0,0,0,0,0,0,0,0,1,1,1,1,0,0,1,0,0,0,0,1,0,0,0,1,0,0,1,0,0,1,0,1,1,0,1,0,1,0,0,0,1,0,0,0,0,0,1,1,0,0,0,0,0,0,0,1,1,1,0,0,0,0,0,0,1,0,1,0,1,0,0,0,0,1,0,0,1,0,0,0,0,1,0,0,0,0,0,0,1,1,0,0,1,0,0,0,0,0,1,0,1,0,0,0,1,0,0,0,1,1,0,1,0,1,0,0,0,0,0,0,0,0,0,0,0,1,0,0,1,0,0,0,0,0,1,0,1,0,0,0,1,0,0,0,0,0,0,0,0,0,1,0,0,1,0,0,1,0,0,0,0,0,0,1,0,0,0,0,0,1,1,0,0,1,0,0,1,1,0,0,0,1,0,0,0,1,0,0,1,1,0,0,0,0,0,0,1,0,0,0,0,0,0,0,1,0,1,0,0,0,0,0,1,0
1,1,0,1,0,1,0,0,0,0,0,0,0,0,0,1,1,1,1,0,0,1,0,0,0,0,1,0,0,0,1,0,0,1,0,0,1,0,1,1,0,1,0,1,0,0,0,1,0,0,0,0,0,1,1,0,0,0,0,0,0,0,1,1,1,0,0,0,0,0,0,1,0,1,0,1,0,0,0,0,1,0,0,1,0,0,0,0,1,0,0,0,0,0,0,1,1,0,0,1,0,0,0,0,0,1,0,1,0,0,0,1,0,0,0,1,1,0,1,0,1,0,0,0,0,0,0,0,0,0,0,0,1,0,0,1,0,0,0,0,0,1,0,1,0,0,0,1,0,0,0,0,0,0,0,0,0,1,0,0,1,0,0,1,0,0,0,0,0,0,1,0,0,0,0,0,1,1,0,0,1,0,0,1,1,0,0,0,1,0,0,0,1,0,0,1,1,0,0,0,0,0,0,1,0,0,0,0,0,0,0,1,0,1,0,0,0,0,0,1,0
0,1,0,1,0,0,0,0,1,0,1,0,1,1,0,1,1,1,1,0,0,1,0,0,0,1,1,0,1,0,0,1,0,1,0,0,1,0,0,0,0,1,0,0,0,1,0,1,0,0,0,0,1,1,0,1,0,0,0,1,0,1,1,1,1,0,0,0,0,0,1,0,0,0,0,0,1,0,0,1,0,0,0,1,1,0,0,0,1,0,0,0,0,0,0,0,1,0,0,0,0,0,1,0,1,1,1,0,0,1,0,1,0,0,0,1,0,0,1,0,0,1,1,0,0,0,0,0,0,0,1,0,0,0,0,1,0,0,0,0,1,0,0,1,0,0,0,1,0,0,0,0,0,0,0,0,0,0,0,0,1,0,0,1,0,0,0,0,0,0,1,0,0,0,1,0,1,1,0,0,1,0,0,0,0,0,0,0,0,0,0,0,0,0,0,0,0,0,0,0,0,0,0,0,0,0,0,0,0,0,0,0,0,0,0,0,0,0,0,0,0
0,1,0,1,1,0,0,0,0,0,1,0,1,1,0,1,1,1,1,0,0,1,0,0,0,1,1,0,1,0,0,0,0,1,0,0,1,0,1,0,0,1,0,0,1,1,0,1,0,0,0,0,1,1,1,1,0,0,0,1,1,1,1,1,1,0,0,0,0,0,1,0,1,0,0,1,1,0,0,1,0,0,0,1,1,0,0,0,1,0,0,0,0,0,0,0,1,0,0,1,0,0,1,0,1,1,1,0,0,1,1,1,0,0,0,1,1,0,1,0,0,1,1,0,0,0,0,0,0,0,1,0,0,0,0,1,0,0,1,0,1,0,0,1,1,0,0,1,0,0,0,0,0,0,0,1,0,0,0,0,1,0,0,1,0,0,0,0,0,0,1,0,0,0,1,0,1,1,0,0,1,0,0,0,0,0,0,0,0,0,0,0,0,0,0,0,0,0,0,0,0,0,0,0,0,0,0,0,0,0,0,1,0,0,0,0,0,0,0,1,0
0,1,0,0,0,1,1,0,0,0,1,1,0,0,0,1,1,1,1,0,0,1,0,0,0,0,1,0,0,0,1,0,0,0,0,0,1,0,0,1,0,1,0,1,0,0,0,1,1,0,0,1,0,0,0,0,0,1,1,0,0,0,1,0,0,0,0,0,1,0,0,1,0,1,0,0,0,0,0,0,1,0,0,0,0,0,0,0,1,0,1,0,0,0,0,1,0,1,0,0,0,0,0,0,0,0,0,1,0,0,0,1,1,1,1,0,0,1,1,0,1,0,0,1,0,1,0,1,1,0,0,0,1,0,1,0,1,0,0,1,0,1,0,0,0,1,1,1,0,0,0,0,0,1,0,0,0,1,1,1,1,1,0,1,0,1,0,0,1,1,0,0,0,1,0,1,1,0,0,1,0,1,0,1,0,0,1,0,1,1,0,0,1,0,0,1,1,1,1,0,0,0,0,1,0,0,1,1,1,1,1,0,1,0,1,0,1,1,1,0,1
1,1,0,1,0,1,1,0,0,0,1,1,1,1,1,0,0,0,0,0,0,0,0,0,0,0,0,0,0,0,1,0,0,1,0,1,0,1,1,1,0,1,0,1,0,0,0,1,0,0,0,1,0,0,0,0,1,1,1,0,0,0,1,1,1,0,0,0,1,0,0,1,0,0,0,0,0,0,0,0,0,0,0,0,0,1,1,0,0,0,1,0,0,0,0,0,0,1,0,0,0,0,0,0,0,1,0,0,0,0,0,1,1,1,0,0,0,1,0,0,0,0,0,1,0,0,0,1,1,0,0,0,0,0,0,0,1,0,0,1,0,0,0,0,0,1,1,1,0,1,0,0,0,1,0,0,1,0,0,1,0,0,0,0,0,1,0,0,1,0,1,1,1,1,0,1,1,0,0,0,0,1,0,0,0,0,1,0,0,1,0,1,0,0,0,1,1,1,1,0,0,1,1,0,0,1,1,1,1,1,0,0,0,0,1,0,1,1,0,0,0
0,1,0,1,0,1,1,0,0,0,1,1,1,1,1,0,0,0,0,0,0,0,0,0,0,0,0,0,0,0,1,0,0,1,0,1,0,1,1,1,0,1,0,1,0,0,0,1,0,0,0,1,0,0,0,0,1,1,1,0,0,0,1,1,1,0,0,0,1,0,0,1,0,0,0,0,0,0,0,0,0,0,0,0,0,1,1,0,0,0,1,0,0,0,0,0,0,1,0,0,0,0,0,0,0,1,0,0,0,0,0,1,1,1,0,0,0,1,0,0,0,0,0,1,0,0,0,1,1,0,0,0,0,0,0,0,1,0,0,1,0,0,0,0,0,1,1,1,0,1,0,0,0,1,0,0,1,0,0,1,0,0,0,0,0,1,0,0,1,0,1,1,1,1,0,1,1,0,0,0,0,1,0,0,0,0,1,0,0,1,0,1,0,0,0,1,1,1,1,0,0,1,1,0,0,1,1,1,1,1,0,0,0,0,1,0,1,1,0,0,0
1,1,0,1,0,1,1,0,0,0,1,1,1,1,1,0,0,0,0,0,0,0,0,0,0,0,0,0,0,0,1,0,0,1,0,1,0,1,1,1,0,1,0,1,0,0,0,1,0,0,0,1,0,0,0,0,1,1,1,0,0,0,1,1,1,0,0,0,1,0,0,1,0,0,0,0,0,0,0,0,0,0,0,0,0,1,1,0,0,0,1,0,0,0,0,0,0,1,0,0,0,0,0,0,0,1,0,0,0,0,0,1,1,1,0,0,0,1,0,0,0,0,0,1,0,0,0,1,1,0,0,0,0,0,0,0,1,0,0,1,0,0,0,0,0,1,1,1,0,1,0,0,0,1,0,0,1,0,0,1,0,0,0,0,0,1,0,0,1,0,1,1,1,1,0,1,1,0,0,0,0,1,0,0,0,0,1,0,0,1,0,1,0,0,0,1,1,1,1,0,0,1,1,0,0,1,1,1,1,1,0,0,0,0,1,0,1,1,0,0,0
0,1,0,1,0,1,1,0,0,0,1,1,1,1,1,0,0,0,0,0,0,0,0,0,0,0,0,0,0,0,1,0,0,1,0,1,0,1,1,1,0,1,0,1,0,0,0,1,0,0,0,1,0,0,0,0,1,1,1,0,0,0,1,1,1,0,0,0,1,0,0,1,0,0,0,0,0,0,0,0,0,0,0,0,0,1,1,0,0,0,1,0,0,0,0,0,0,1,0,0,0,0,0,0,0,1,0,0,0,0,0,1,1,1,0,0,0,1,0,0,0,0,0,1,0,0,0,1,1,0,0,0,0,0,0,0,1,0,0,1,0,0,0,0,0,1,1,1,0,1,0,0,0,1,0,0,1,0,0,1,0,0,0,0,0,1,0,0,1,0,1,1,1,1,0,1,1,0,0,0,0,1,0,0,0,0,1,0,0,1,0,1,0,0,0,1,1,1,1,0,0,1,1,0,0,1,1,1,1,1,0,0,0,0,1,0,1,1,0,0,0
0,1,0,1,0,1,1,0,0,0,1,1,1,1,1,0,0,0,0,0,0,0,0,0,0,0,0,0,0,0,1,0,0,1,0,1,0,1,1,1,0,1,0,1,0,0,0,1,0,0,0,1,0,0,0,0,1,1,1,0,0,0,1,1,1,0,0,0,1,0,0,1,0,0,0,0,0,0,0,0,0,0,0,0,0,1,1,0,0,0,1,0,0,0,0,0,0,1,0,0,0,0,0,0,0,0,0,0,0,0,0,1,1,1,0,0,0,1,0,0,0,0,0,1,0,0,0,1,1,0,0,0,0,0,0,0,1,0,0,1,0,0,0,0,0,1,1,1,0,1,0,0,0,1,0,0,1,0,0,1,0,0,0,0,0,1,0,0,1,0,1,1,0,1,0,1,1,0,0,0,0,1,0,0,0,0,1,0,0,1,0,1,0,0,0,1,1,1,1,0,0,1,1,0,0,1,1,1,1,1,0,0,0,0,1,0,1,1,0,0,0
0,1,0,1,0,1,1,0,0,0,1,1,1,1,1,0,0,0,0,0,0,0,0,0,0,0,0,0,0,0,1,0,0,1,0,1,0,1,1,1,0,1,0,1,0,0,0,1,0,0,0,1,0,0,0,0,1,1,1,0,0,0,1,1,1,0,0,0,1,0,0,1,0,0,0,0,0,0,0,0,0,0,0,0,0,1,1,0,0,0,1,0,0,0,0,0,0,1,0,0,0,0,0,0,0,1,0,0,0,0,0,1,1,1,0,0,0,1,0,0,0,0,0,1,0,0,0,1,1,0,0,0,0,0,0,0,1,0,0,1,0,0,0,0,0,1,1,1,0,1,0,0,0,1,0,0,1,0,0,1,0,0,0,0,0,1,0,0,1,0,1,1,1,1,0,1,1,0,0,0,0,1,0,0,0,0,1,0,0,1,0,1,0,0,0,1,1,1,1,0,0,1,1,0,0,1,1,1,1,1,0,0,0,0,1,0,1,1,0,0,0
0,1,0,1,0,1,1,0,0,0,1,1,1,1,1,0,0,0,0,0,0,0,0,0,0,0,0,0,0,0,1,0,0,1,0,1,0,1,1,1,0,1,0,1,0,0,0,1,0,0,0,1,0,0,0,0,1,1,1,0,0,0,1,1,1,0,0,0,1,0,0,1,0,0,0,0,0,0,0,0,0,0,0,0,0,1,1,0,0,0,1,0,0,0,0,0,0,1,0,0,0,0,0,0,0,1,0,0,0,0,0,1,1,1,0,0,0,1,0,0,0,0,0,1,0,0,0,1,1,0,0,0,0,0,0,0,1,0,0,1,0,0,0,0,0,1,1,1,0,1,0,0,0,1,0,0,1,0,0,1,0,0,0,0,0,1,0,0,1,0,0,0,1,1,0,1,1,0,0,0,0,1,0,0,0,0,1,0,0,1,0,1,0,0,0,1,1,1,1,0,0,1,1,0,0,1,1,1,1,1,0,0,0,0,1,0,1,1,0,0,0
0,1,0,1,0,1,1,0,0,0,1,1,1,1,1,0,0,1,1,0,0,0,0,0,0,0,1,0,0,0,1,0,0,1,0,1,0,1,1,1,0,1,0,1,0,0,0,1,0,0,0,1,0,1,1,0,1,1,1,0,0,0,1,1,1,0,0,0,1,0,0,1,0,0,0,1,0,0,0,0,0,0,0,1,0,1,1,0,1,0,1,0,0,0,0,0,1,1,0,1,0,0,0,0,0,0,0,0,0,0,0,1,1,1,0,1,1,1,1,0,0,0,0,1,0,0,0,1,1,0,0,0,0,0,0,1,1,0,0,1,0,0,0,1,0,1,1,1,0,1,0,0,0,1,0,0,1,0,0,1,1,0,0,1,0,1,0,0,1,0,1,1,0,1,0,1,1,1,0,0,1,1,0,0,0,0,1,0,0,1,0,1,0,0,0,1,1,1,1,0,0,1,1,0,0,1,1,1,1,1,0,0,0,0,1,0,1,1,0,0,0
0,1,0,1,0,1,1,0,0,0,1,1,1,1,1,0,0,1,1,0,0,0,0,0,0,0,1,0,0,0,1,0,0,1,0,1,0,1,1,1,0,1,0,1,0,0,0,1,0,0,0,1,0,0,0,0,1,1,1,0,0,0,1,1,1,0,0,0,1,0,0,1,0,0,0,0,0,0,0,0,0,0,0,0,0,1,1,0,1,0,1,0,0,0,0,0,0,1,0,0,0,0,0,0,0,1,0,0,0,0,0,1,1,1,0,0,0,1,1,0,0,0,0,1,0,0,0,1,1,0,0,0,0,0,0,0,1,0,0,1,0,0,0,0,0,1,1,1,0,1,0,0,0,1,0,0,1,0,0,1,1,0,0,1,0,1,0,0,1,0,1,1,1,1,0,1,1,0,0,0,0,1,0,0,0,0,1,0,0,1,0,1,0,0,0,1,1,1,1,0,0,1,1,0,0,1,1,1,1,1,0,0,0,0,1,0,1,1,0,0,0
0,1,0,1,0,1,1,0,0,0,1,1,1,1,1,0,0,1,1,0,0,0,0,0,0,0,1,0,0,0,1,0,0,1,0,1,0,1,1,1,0,1,0,1,0,0,0,1,0,0,0,1,0,0,0,0,1,1,1,0,0,0,1,1,1,0,0,0,1,0,0,1,0,0,0,0,0,0,0,0,0,0,0,0,0,1,1,0,1,0,1,0,0,0,0,0,0,1,0,0,0,0,0,0,0,1,0,0,0,0,0,1,1,1,0,0,0,1,1,0,0,0,0,1,0,0,0,1,1,0,0,0,0,0,0,0,1,0,0,1,0,0,0,0,0,1,1,1,0,1,0,0,0,1,0,0,1,0,0,1,1,0,0,1,0,1,0,0,1,0,0,1,1,1,0,1,1,0,0,0,0,1,0,0,0,0,1,0,0,1,0,1,0,0,0,1,1,1,1,0,0,1,1,0,0,1,1,1,1,1,0,0,0,0,1,0,1,1,0,0,0
1,1,0,1,0,1,1,0,0,0,1,1,1,1,1,0,0,0,0,0,0,0,0,0,0,0,0,0,0,0,1,0,0,1,0,1,0,1,1,1,0,1,0,1,0,0,0,1,0,0,0,1,0,0,0,0,1,1,1,0,0,0,1,1,1,0,0,0,1,0,0,1,0,0,0,0,0,0,0,0,0,0,0,0,0,1,1,0,0,0,1,0,0,0,0,0,0,1,0,0,0,0,0,0,0,1,0,0,0,0,0,1,1,1,0,0,0,1,0,0,0,0,0,1,0,0,0,1,1,0,0,0,0,0,0,0,1,0,0,1,0,0,0,0,0,1,1,1,0,1,0,0,0,1,0,0,1,0,0,1,0,0,0,0,0,1,0,0,1,0,1,1,1,1,0,1,1,0,0,0,0,1,0,0,0,0,1,0,0,1,0,1,0,0,0,1,1,1,1,0,0,1,1,0,0,1,1,1,1,1,0,0,0,0,1,0,1,1,0,0,0
1,1,0,1,0,1,1,0,0,0,1,1,1,1,1,0,0,0,0,0,0,0,0,0,0,0,0,0,0,0,1,0,0,1,0,1,0,1,1,1,0,1,0,1,0,0,0,1,0,0,0,1,0,0,0,0,1,1,1,0,0,0,1,1,1,0,0,0,1,0,0,1,0,0,0,0,0,0,0,0,0,0,0,0,0,1,1,0,0,0,1,0,0,0,0,0,0,1,0,0,0,0,0,0,0,1,0,0,0,0,0,1,1,1,0,0,0,1,0,0,0,0,0,1,0,0,0,1,1,0,0,0,0,0,0,0,1,0,0,1,0,0,0,0,0,1,1,1,0,1,0,0,0,1,0,0,1,0,0,1,0,0,0,0,0,1,0,0,1,0,1,1,1,1,0,1,1,0,0,0,0,1,0,0,0,0,1,0,0,1,0,1,0,0,0,1,1,1,1,0,0,1,1,0,0,1,1,1,1,1,0,0,0,0,1,0,1,1,0,0,0
1,1,0,1,0,1,1,0,0,0,1,1,1,1,1,0,0,1,1,0,0,0,0,0,0,0,1,0,0,0,1,0,0,1,0,1,0,1,1,1,0,1,0,1,0,0,0,1,0,0,0,1,0,0,0,0,1,1,1,0,0,0,1,1,1,0,0,0,1,0,0,1,0,0,0,0,0,0,0,0,0,0,0,0,0,1,1,0,1,0,1,0,0,0,0,0,0,1,0,0,0,0,0,0,0,1,0,0,0,0,0,1,1,1,0,0,0,1,1,0,0,0,0,1,0,0,0,1,1,0,0,0,0,0,0,0,1,0,0,1,0,0,0,0,0,1,1,1,0,1,0,0,0,1,0,0,1,0,0,1,1,0,0,1,0,1,0,0,1,0,1,1,1,1,0,1,1,0,0,0,0,1,0,0,0,0,1,0,0,1,0,1,0,0,0,1,1,1,1,0,0,1,1,0,0,1,1,1,1,1,0,0,0,0,1,0,1,1,0,0,0
1,1,0,1,0,1,1,0,0,0,1,1,1,1,1,0,0,0,0,0,0,0,0,0,0,0,0,0,0,0,1,0,0,1,0,0,1,1,1,1,0,1,0,1,0,0,0,1,0,0,0,1,0,0,0,0,1,1,1,0,0,0,1,1,1,0,0,0,1,0,0,1,0,0,0,0,0,0,0,0,0,0,0,0,0,1,1,0,0,0,1,0,0,0,0,0,0,1,0,0,0,0,0,0,0,1,0,0,0,0,0,1,1,1,0,0,0,1,0,0,0,0,0,1,0,0,0,1,1,0,0,0,0,0,0,0,1,0,0,1,0,0,0,0,0,1,1,1,0,1,0,0,0,1,0,0,1,0,0,1,0,0,0,0,0,1,0,0,1,0,1,1,1,1,0,1,1,0,0,0,0,1,0,0,0,0,1,0,0,1,0,1,0,0,0,1,1,1,1,0,0,1,1,0,0,0,1,1,1,1,0,0,0,0,1,0,1,1,0,0,0
0,1,0,1,0,1,1,0,0,0,1,1,1,1,1,0,0,0,0,0,0,0,0,0,0,0,0,0,0,0,1,0,0,1,0,0,1,1,1,1,0,1,0,1,0,0,0,1,0,0,0,1,0,0,0,0,1,1,1,0,0,0,1,1,1,0,0,0,1,0,0,1,0,0,0,0,0,0,0,0,0,0,0,0,0,1,1,0,0,0,1,0,0,0,0,0,0,1,0,0,0,0,0,0,0,1,0,0,0,0,0,1,1,1,0,0,0,1,0,0,0,0,0,1,0,0,0,1,1,0,0,0,0,0,0,0,1,0,0,1,0,0,0,0,0,1,1,1,0,1,0,0,0,1,0,0,1,0,0,1,0,0,0,0,0,1,0,0,1,0,1,1,1,1,0,1,1,0,0,0,0,1,0,0,0,0,1,0,0,1,0,1,0,0,0,1,1,1,1,0,0,1,1,0,0,0,1,1,1,1,0,0,0,0,1,0,1,1,0,0,0
0,1,0,1,0,1,1,0,0,0,1,1,1,1,1,0,0,0,0,0,0,0,0,0,0,0,0,0,0,0,1,0,0,1,0,0,1,1,1,1,0,1,0,1,0,0,0,1,0,0,0,1,0,0,0,0,1,1,1,0,0,0,1,1,1,0,0,0,1,0,0,1,0,0,0,0,0,0,0,0,0,0,0,0,0,1,1,0,0,0,1,0,0,0,0,0,0,1,0,0,0,0,0,0,0,1,0,0,0,0,0,1,1,1,0,0,0,1,0,0,0,0,0,1,0,0,0,1,1,0,0,0,0,0,0,0,1,0,0,1,0,0,0,0,0,1,1,1,0,1,0,0,0,1,0,0,1,0,0,1,0,0,0,0,0,1,0,0,1,0,1,1,1,1,0,1,1,0,0,0,0,1,0,0,0,0,1,0,0,1,0,1,0,0,0,1,1,1,1,0,0,1,1,0,0,0,1,1,1,1,0,0,0,0,1,0,1,1,0,0,0
0,1,0,1,0,1,1,0,0,0,1,1,1,1,1,0,0,0,0,0,0,0,0,0,0,0,0,0,0,0,1,0,0,1,0,0,1,1,1,1,0,1,0,1,0,0,0,1,0,0,0,1,0,0,0,0,1,1,1,0,0,0,1,1,1,0,0,0,1,0,0,1,0,0,0,0,0,0,0,0,0,0,0,0,0,1,1,0,0,0,1,0,0,0,0,0,0,1,0,0,0,0,0,0,0,1,0,0,0,0,0,1,1,1,0,0,0,1,0,0,0,0,0,1,0,0,0,1,1,0,0,0,0,0,0,0,1,0,0,1,0,0,0,0,0,1,1,1,0,1,0,0,0,1,0,0,1,0,0,1,0,0,0,0,0,1,0,0,1,0,1,1,1,1,0,1,1,0,0,0,0,1,0,0,0,0,1,0,0,1,0,1,0,0,0,1,1,1,1,0,0,1,1,0,0,0,1,1,1,1,0,0,0,0,1,0,1,1,0,0,0
0,0,0,1,0,1,1,0,0,0,1,1,1,1,1,0,0,0,0,0,0,0,0,0,0,0,0,0,0,0,1,0,0,1,0,0,1,1,1,1,0,1,0,1,0,0,0,1,0,0,0,1,0,0,0,0,1,1,1,0,0,0,1,1,1,0,0,0,1,0,0,1,0,0,0,0,0,0,0,0,0,0,0,0,0,1,1,0,0,0,1,0,0,0,0,0,0,1,0,0,0,0,0,0,0,1,0,0,0,0,0,1,1,1,0,0,0,1,0,0,0,0,0,1,0,0,0,1,1,0,0,0,0,0,0,0,1,0,0,1,0,0,0,0,0,1,1,1,0,1,0,0,0,1,0,0,1,0,0,1,0,0,0,0,0,1,0,0,1,0,0,0,1,1,0,1,1,0,0,0,0,1,0,0,0,0,1,0,0,1,0,1,0,0,0,1,1,1,1,0,0,1,1,0,0,0,1,1,1,1,0,0,0,0,1,0,1,1,0,0,0
1,1,0,1,0,1,1,0,0,0,1,1,1,1,1,0,0,0,0,0,0,0,0,0,0,0,0,0,0,0,1,0,0,1,0,0,1,1,1,1,0,1,0,1,0,0,0,1,0,0,0,1,0,0,0,0,1,1,1,0,0,0,1,1,1,0,0,0,1,0,0,1,0,0,0,0,0,0,0,0,0,0,0,0,0,1,1,0,0,0,1,0,0,0,0,0,0,1,0,0,0,0,0,0,0,1,0,0,0,0,0,1,1,1,0,0,0,1,0,0,0,0,0,1,0,0,0,1,1,0,0,0,0,0,0,0,1,0,0,1,0,0,0,0,0,1,1,1,0,1,0,0,0,1,0,0,1,0,0,1,0,0,0,0,0,1,0,0,1,0,1,1,1,1,0,1,1,0,0,0,0,1,0,0,0,0,1,0,0,1,0,1,0,0,0,1,1,1,1,0,0,1,1,0,0,0,1,1,1,1,0,0,0,0,1,0,1,1,0,0,0
1,1,0,1,0,1,1,0,0,0,1,1,1,1,1,0,0,0,0,0,0,0,0,0,0,0,0,0,0,0,1,0,0,1,0,0,1,1,1,1,0,1,0,1,0,0,0,1,0,0,0,1,0,0,0,0,1,1,1,0,0,0,1,1,1,0,0,0,1,0,0,1,0,0,0,0,0,0,0,0,0,0,0,0,0,1,1,0,0,0,1,0,0,0,0,0,0,1,0,0,0,0,0,0,0,1,0,0,0,0,0,1,1,1,0,0,0,1,0,0,0,0,0,1,0,0,0,1,1,0,0,0,0,0,0,0,1,0,0,1,0,0,0,0,0,1,1,1,0,1,0,0,0,1,0,0,1,0,0,1,0,0,0,0,0,1,0,0,1,0,1,1,1,1,0,1,1,0,0,0,0,1,0,0,0,0,1,0,0,1,0,1,0,0,0,1,1,1,1,0,0,1,1,0,0,0,1,1,1,1,0,0,0,0,1,0,1,1,0,0,0
0,1,0,1,0,1,0,0,0,0,0,0,0,0,0,1,1,1,1,0,0,1,0,0,0,0,1,0,0,0,1,0,0,1,0,0,1,0,0,0,0,1,0,1,0,0,0,1,0,0,0,0,0,0,0,0,0,0,0,0,0,0,1,1,1,0,0,0,0,0,0,1,0,0,0,0,0,1,0,0,1,0,0,0,0,1,0,0,1,0,0,0,0,0,0,1,0,0,0,0,0,0,0,0,0,1,0,1,0,0,0,1,0,0,0,0,0,0,1,0,1,0,0,0,0,0,0,0,0,0,0,0,1,0,0,0,0,0,0,0,0,1,0,0,0,0,0,1,0,0,0,0,0,0,0,0,0,1,0,0,1,0,0,1,0,0,0,0,0,0,1,1,1,0,0,0,1,0,0,0,0,0,0,1,1,0,0,0,1,0,0,0,1,0,0,0,0,0,0,0,0,0,0,1,0,0,0,0,0,0,0,0,0,0,0,0,0,0,0,0,0
0,1,0,1,0,1,0,0,0,0,0,0,0,0,0,1,1,1,1,0,0,1,0,0,0,0,1,0,0,0,1,0,0,0,0,0,1,0,0,0,0,1,0,1,0,0,0,1,0,0,0,1,0,0,0,0,0,0,0,0,0,0,1,0,0,0,0,0,0,0,0,1,0,0,0,0,0,1,0,0,1,0,0,0,0,1,0,0,1,0,0,0,0,0,0,1,0,0,0,0,0,0,0,0,0,0,0,1,0,0,0,1,0,0,0,0,0,0,1,0,1,0,0,0,0,0,0,0,0,0,0,0,1,0,0,0,0,0,0,0,0,1,0,0,0,0,0,1,0,0,0,0,0,0,0,0,0,1,0,0,1,0,0,1,0,0,0,0,0,0,0,1,1,0,0,0,1,0,0,0,0,0,0,1,1,0,0,0,1,0,0,0,1,0,0,0,0,0,0,0,0,0,0,1,0,0,0,0,0,0,0,0,0,0,0,0,0,0,0,0,0
0,1,0,1,0,1,0,0,0,0,0,0,0,0,0,1,1,1,1,0,0,1,1,1,0,0,1,0,1,0,1,0,0,0,0,0,1,0,1,0,0,1,0,1,0,0,0,1,0,0,0,0,0,1,1,0,0,0,0,0,0,0,1,0,0,0,0,0,0,0,0,1,0,0,0,1,0,1,0,0,1,0,0,1,0,1,0,0,1,0,0,0,0,0,0,1,1,0,0,1,0,0,0,0,0,0,0,1,0,0,0,1,0,0,0,1,1,0,1,0,1,0,0,0,0,0,0,0,0,0,0,0,1,0,0,1,0,0,0,0,0,1,0,1,0,0,0,1,0,0,0,0,0,0,0,0,0,1,0,0,1,0,0,1,0,0,0,0,0,0,0,1,1,0,0,0,1,1,0,0,1,0,0,1,1,0,0,0,1,0,0,0,1,0,0,0,0,0,0,0,0,0,0,1,0,0,0,0,0,0,0,0,0,0,0,0,0,0,0,0,0
1,1,0,1,0,1,1,0,0,0,0,0,0,0,0,1,1,1,1,0,0,1,1,1,0,0,1,0,1,0,1,0,0,0,0,0,1,0,1,1,0,1,0,1,0,0,0,1,1,0,0,1,0,1,1,0,0,1,1,0,0,0,1,0,0,0,0,0,1,0,0,1,0,0,0,1,0,1,0,0,1,0,0,1,0,1,0,0,1,0,1,0,0,0,0,1,1,1,0,1,0,0,0,0,0,0,0,1,0,0,0,1,1,1,0,1,1,1,1,0,1,0,0,1,0,0,0,1,1,0,0,0,1,0,0,1,1,0,0,1,0,1,0,1,0,1,1,1,0,0,0,0,0,1,0,0,0,1,0,1,1,0,0,1,0,1,0,0,1,0,0,1,1,1,0,1,1,1,0,0,1,1,0,1,1,0,1,0,1,1,0,1,1,1,0,0,0,0,0,0,0,1,0,1,1,0,0,1,0,0,0,0,0,0,1,0,0,0,0,0,0
0,1,0,1,0,1,0,0,0,0,0,0,0,0,0,1,1,1,1,0,0,1,1,1,0,0,1,0,1,0,1,0,0,0,0,0,1,0,1,0,0,1,0,1,0,0,0,1,0,0,0,0,0,1,1,0,0,0,0,0,0,0,1,0,0,0,0,0,0,0,0,1,0,0,0,1,0,1,0,0,1,0,0,1,0,1,0,0,1,0,0,0,0,0,0,1,1,0,0,1,0,0,0,0,0,0,0,1,0,0,0,1,0,0,0,1,1,0,1,0,1,0,0,0,0,0,0,0,0,0,0,0,1,0,0,1,0,0,0,0,0,1,0,1,0,0,0,1,0,0,0,0,0,0,0,0,0,1,0,0,1,0,0,1,0,0,0,0,0,0,0,1,1,0,0,0,1,1,0,0,1,0,0,1,1,0,0,0,1,0,0,0,1,0,0,0,0,0,0,0,0,0,0,1,0,0,0,0,0,0,0,0,0,0,0,0,0,0,0,0,0
0,1,0,1,0,1,1,0,0,0,0,0,0,0,0,1,1,1,1,0,0,1,1,1,0,0,1,0,1,0,1,0,0,0,0,0,1,0,1,0,0,1,0,1,0,0,0,1,0,0,0,0,0,1,1,0,0,0,0,0,0,0,1,0,0,0,0,0,0,0,0,1,0,0,0,1,0,1,0,0,1,0,0,1,0,1,0,0,1,0,0,0,0,0,0,1,1,0,0,1,0,0,0,0,0,0,0,1,0,0,0,1,0,0,0,1,1,0,1,0,1,0,0,0,0,0,0,0,0,0,0,0,1,0,0,1,0,0,0,0,0,1,0,1,0,0,0,1,0,0,0,0,0,0,0,0,0,1,0,0,1,0,0,1,0,0,0,0,0,0,0,1,1,0,0,0,1,1,0,0,1,0,0,1,1,0,0,0,1,0,0,0,1,0,1,0,0,0,0,0,0,0,0,1,0,0,0,0,0,0,0,0,0,0,0,0,0,0,0,0,0
0,1,0,1,0,1,0,0,0,0,0,0,0,0,0,1,1,1,1,1,1,1,0,1,0,1,1,0,1,0,1,0,0,0,0,0,1,0,1,0,0,1,0,1,0,1,0,1,0,1,1,0,0,1,1,0,0,0,0,0,0,1,1,0,0,1,0,1,0,0,1,1,0,0,1,1,0,1,0,1,1,1,1,1,0,1,0,1,1,1,0,1,0,0,1,1,1,0,0,1,0,1,0,1,1,0,1,1,0,1,1,1,0,0,0,1,1,0,1,0,1,1,0,0,0,0,0,0,0,0,1,1,1,0,0,1,0,0,0,0,0,1,0,1,0,0,0,1,0,0,0,0,0,0,0,0,0,1,0,0,1,0,0,1,0,0,0,0,0,0,0,1,1,0,0,0,1,1,0,0,1,0,0,1,1,0,0,0,0,0,0,0,0,0,0,0,0,0,0,0,0,0,0,0,0,0,0,0,0,0,0,0,0,0,0,0,0,0,0,0,0
1,1,0,1,0,1,0,0,0,0,0,0,0,0,0,1,1,1,1,0,0,1,1,1,0,0,1,0,0,0,1,0,0,0,0,0,1,0,1,0,0,1,0,1,0,0,0,1,0,0,0,0,0,1,1,0,0,0,0,0,0,0,1,0,0,0,0,0,0,0,0,1,0,0,0,1,0,1,0,0,1,0,0,1,0,1,0,0,1,0,0,0,0,0,0,0,1,0,0,1,0,0,0,0,0,0,0,1,0,0,0,1,0,0,0,1,1,0,1,0,0,0,0,0,0,0,0,0,0,0,0,0,1,0,0,1,0,0,0,0,0,0,0,1,0,0,0,1,0,0,0,0,0,0,0,0,0,0,0,0,1,0,0,1,0,0,0,0,0,0,0,1,1,0,0,0,1,1,0,0,1,0,0,0,0,0,0,0,1,0,0,0,1,0,0,0,0,0,0,0,0,0,0,1,0,0,0,0,0,0,0,0,0,0,0,0,0,0,0,0,0
0,1,0,1,0,1,0,0,0,0,0,0,0,0,0,1,1,1,1,0,0,1,0,0,0,0,1,0,0,0,1,0,0,0,0,0,1,0,1,0,0,1,0,1,0,0,0,1,0,0,0,1,0,1,1,0,0,0,0,0,0,0,1,0,0,0,0,0,0,0,0,1,0,0,0,1,0,1,0,0,1,0,0,1,0,1,0,0,1,0,0,0,0,0,0,0,1,0,0,1,0,0,0,0,0,0,0,0,0,0,0,1,0,0,0,1,1,0,1,0,0,0,0,0,0,0,0,0,0,0,0,0,0,0,0,1,0,0,0,0,0,0,0,1,0,0,0,1,0,0,0,0,0,0,0,0,0,0,0,0,1,0,0,1,0,0,0,0,0,0,0,1,1,0,0,0,1,1,0,0,1,0,0,0,0,0,0,0,0,0,0,0,0,0,0,0,0,0,0,0,0,0,0,0,0,0,0,0,0,0,0,0,0,0,0,0,0,0,0,0,0
0,1,0,1,0,1,0,0,0,0,0,0,0,0,0,1,1,1,1,0,0,1,0,0,0,0,1,0,0,0,1,0,0,0,0,0,1,0,1,0,0,1,0,1,0,0,0,1,0,0,0,1,0,1,1,0,0,0,0,0,0,0,1,0,0,0,0,0,0,0,0,1,0,0,0,1,0,1,0,0,1,0,0,1,0,1,0,0,1,0,0,0,0,0,0,0,1,0,0,1,0,0,0,0,0,0,0,1,0,0,0,1,0,0,0,1,1,0,1,0,0,0,0,0,0,0,0,0,0,0,0,0,0,0,0,1,0,0,0,0,0,0,0,1,0,0,0,1,0,0,0,0,0,0,0,0,0,0,0,0,1,0,0,1,0,0,0,0,0,0,0,1,1,0,0,0,1,1,0,0,1,0,0,0,0,0,0,0,0,0,0,0,0,0,0,0,0,0,0,0,0,0,0,0,0,0,0,0,0,0,0,0,0,0,0,0,0,0,0,0,0
0,1,0,1,0,1,1,0,0,0,0,0,0,0,0,1,1,1,1,0,0,1,0,0,0,0,1,0,0,0,1,0,0,0,0,0,1,0,1,1,0,1,0,1,0,0,0,1,1,0,0,1,0,1,1,0,0,1,1,0,0,0,1,0,0,0,0,0,1,0,0,1,0,0,0,1,0,1,0,0,1,0,0,1,0,1,0,0,1,0,1,0,0,0,0,0,1,1,0,1,0,0,0,0,0,0,0,0,0,0,0,1,1,1,0,1,1,1,1,0,0,0,0,1,0,0,0,1,1,0,0,0,0,0,0,1,1,0,0,1,0,0,0,1,0,1,1,1,0,0,0,0,0,1,0,0,0,0,0,1,1,0,0,1,0,1,1,0,1,0,0,1,1,1,0,1,1,1,0,0,1,1,0,0,0,0,1,0,0,1,0,1,0,0,0,0,0,0,0,0,0,1,1,0,0,0,0,0,0,0,0,0,0,0,0,0,0,0,0,0,0
0,1,0,1,0,1,1,0,0,0,0,0,0,0,0,1,1,1,1,0,0,1,0,0,0,0,1,0,0,0,1,0,0,0,0,0,1,0,1,1,0,1,0,1,0,0,0,1,1,0,0,1,0,1,1,0,0,1,1,0,0,0,1,0,0,0,0,0,1,0,0,1,0,0,0,1,0,1,0,0,1,0,0,1,0,1,0,0,1,0,1,0,0,0,0,0,1,1,0,1,0,0,0,0,0,0,0,0,0,0,0,1,1,1,0,1,1,1,1,0,0,0,0,1,0,0,0,1,1,0,0,0,0,0,0,1,1,0,0,1,0,0,0,1,0,1,1,1,0,0,0,0,0,1,0,0,0,0,0,1,1,0,0,1,0,1,0,0,1,0,0,1,1,1,0,1,1,1,0,0,1,1,0,0,0,0,1,1,0,1,0,0,0,0,0,0,0,0,0,0,0,0,0,0,0,0,0,0,0,0,0,0,0,0,0,0,0,0,0,0,0
0,1,0,1,0,1,0,0,0,0,0,0,0,0,0,1,1,1,1,0,0,1,0,0,0,0,1,0,0,0,1,0,0,0,0,0,1,0,1,0,0,1,0,1,0,0,0,1,0,0,0,1,0,1,1,0,0,0,0,0,0,0,1,0,0,0,0,0,0,0,0,1,0,0,0,1,0,1,0,0,1,0,0,1,0,1,0,0,1,0,0,0,0,0,0,0,1,0,0,1,0,0,0,0,0,0,0,0,0,0,0,1,0,0,0,1,1,0,1,0,0,0,0,0,0,0,0,0,0,0,0,0,0,0,0,1,0,0,0,0,0,0,0,1,0,0,0,1,0,0,0,0,0,0,0,0,0,0,0,0,1,0,0,1,0,0,0,0,0,0,0,1,1,0,0,0,1,1,0,0,1,0,0,0,0,0,0,0,0,0,0,0,0,0,0,0,0,0,0,0,0,0,0,0,0,0,0,0,0,0,0,0,0,0,0,0,0,0,0,0,0
0,1,0,1,0,1,0,0,0,0,0,0,0,0,0,1,1,1,1,0,0,1,0,0,0,0,1,0,0,0,1,0,0,0,0,0,1,0,1,0,0,1,0,1,0,0,0,1,0,0,0,1,0,1,1,0,0,0,0,0,0,0,1,0,0,0,0,0,0,0,0,1,0,0,0,1,0,1,0,0,1,0,0,1,0,1,0,0,1,0,0,0,0,0,0,0,1,0,0,1,0,0,0,0,0,0,0,0,0,0,0,1,0,0,0,1,1,0,1,0,0,0,0,0,0,0,0,0,0,0,0,0,0,0,0,1,0,0,0,0,0,0,0,1,0,0,0,1,0,0,0,0,0,0,0,0,0,0,0,0,1,0,0,1,0,0,0,0,0,0,0,1,1,0,0,0,1,1,0,0,1,0,0,0,0,0,0,0,0,0,0,0,0,0,0,0,0,0,0,0,0,0,0,0,0,0,0,0,0,0,0,0,0,0,0,0,0,0,0,0,0
0,1,0,1,0,0,0,0,0,0,0,0,0,0,0,1,1,1,1,0,0,1,0,0,0,0,1,0,0,0,0,0,0,0,0,0,1,0,1,0,0,1,0,0,0,0,0,1,0,0,0,1,0,1,1,0,0,0,0,0,0,0,1,0,0,0,0,0,0,0,0,0,0,0,0,1,0,0,0,0,0,0,0,1,0,0,0,0,1,0,0,0,0,0,0,0,1,0,0,1,0,0,0,0,0,0,0,0,0,0,0,1,0,0,0,1,1,0,1,0,0,0,0,0,0,0,0,0,0,0,0,0,0,0,0,1,0,0,0,0,0,0,0,1,0,0,0,1,0,0,0,0,0,0,0,0,0,0,0,0,1,0,0,1,0,0,0,0,0,0,0,0,0,0,0,0,1,1,0,0,1,0,0,0,0,0,0,0,0,0,0,0,0,0,0,0,0,0,0,0,0,0,0,0,0,0,0,0,0,0,0,0,0,0,0,0,0,0,0,0,0
0,1,0,1,0,1,0,0,0,0,0,0,0,0,0,1,1,1,0,1,1,1,0,0,0,1,1,0,0,0,1,0,0,0,0,0,1,0,1,0,0,1,0,1,0,1,0,1,0,1,1,1,0,1,1,0,0,0,0,0,0,1,1,0,0,1,0,1,0,0,1,1,0,0,1,1,0,1,0,1,1,1,1,1,0,1,0,1,1,1,0,1,0,0,1,0,1,0,0,1,0,1,0,1,1,0,1,0,0,1,1,1,0,0,0,1,1,0,1,0,0,1,0,0,0,0,0,0,0,0,1,1,0,0,0,1,0,0,1,0,0,0,0,1,1,0,0,1,0,0,0,0,0,0,0,1,0,0,0,0,1,0,0,1,0,0,0,0,0,0,0,1,1,0,0,0,1,1,0,0,1,0,0,0,0,0,0,0,0,0,0,0,0,0,0,0,0,0,0,0,0,0,0,0,0,0,0,0,0,0,0,0,0,0,0,0,0,0,0,0,0
0,1,0,1,0,1,0,0,0,0,0,0,0,0,0,1,1,1,0,0,0,0,0,0,0,0,0,0,0,0,1,0,0,0,0,0,1,0,0,0,0,1,0,1,0,0,0,1,0,0,0,1,0,0,0,0,0,0,0,0,0,0,1,0,0,0,0,0,0,0,0,1,0,0,0,0,0,1,0,0,1,0,0,0,0,1,0,0,1,0,0,0,0,0,0,0,0,0,0,0,0,0,0,0,0,0,0,0,0,0,0,1,0,0,0,0,0,0,1,0,0,0,0,0,0,0,0,0,0,0,0,0,0,0,0,0,0,0,0,0,0,0,0,0,0,0,0,1,0,0,0,0,0,0,0,0,0,0,0,0,1,0,0,1,0,0,0,0,0,0,0,1,1,0,0,0,1,0,0,0,0,0,0,0,0,0,0,0,0,0,0,0,0,0,0,0,0,0,0,0,0,0,0,0,0,0,0,0,0,0,0,0,0,0,0,0,0,0,0,0,0
0,1,0,1,0,1,0,0,0,0,1,0,1,1,0,1,1,1,1,0,0,1,0,0,0,0,1,0,0,0,1,0,0,0,0,0,1,0,0,0,0,1,0,1,0,0,0,1,0,0,0,0,0,0,0,0,0,0,0,0,0,0,1,0,0,0,0,0,0,0,0,1,0,0,0,0,0,1,0,0,1,0,0,0,0,1,0,0,1,0,0,0,0,0,0,1,0,0,0,0,0,0,0,0,0,0,0,1,0,0,0,1,0,0,0,0,0,0,1,0,1,0,0,0,0,0,0,0,0,0,0,0,1,0,0,0,0,0,0,0,0,1,0,0,0,0,0,1,0,0,0,0,0,0,0,0,0,1,0,0,1,0,0,1,0,0,0,0,0,0,0,1,1,0,0,0,1,0,0,0,0,0,0,1,1,0,0,0,1,0,0,0,1,0,0,1,0,0,0,0,0,0,0,1,0,0,1,0,0,1,0,0,0,0,0,0,0,1,0,0,0
0,1,0,1,0,1,1,0,0,0,1,0,1,1,0,1,1,1,1,0,0,1,0,0,0,0,1,0,0,0,1,0,0,0,0,0,1,0,0,0,0,1,0,1,0,0,0,1,0,0,0,0,0,0,0,0,0,0,0,0,0,0,1,0,0,0,0,0,0,0,0,1,0,0,0,0,0,1,0,0,1,0,0,0,0,1,0,0,1,0,0,0,0,0,0,1,0,0,0,0,0,0,0,0,0,0,0,1,0,0,0,1,0,0,0,0,0,0,1,0,1,0,0,0,0,0,0,0,0,0,0,0,1,0,0,0,0,0,0,0,0,1,0,0,0,0,0,1,0,0,0,0,0,0,0,0,0,1,0,0,1,0,0,1,0,0,0,0,0,0,0,1,1,0,0,0,1,0,0,0,0,0,0,1,1,0,0,0,1,0,0,0,1,0,0,1,0,0,0,0,0,0,0,1,0,0,1,0,0,1,0,0,0,0,0,0,0,1,0,0,0
0,1,0,1,0,1,1,1,0,0,1,0,1,1,0,1,1,1,1,0,0,1,0,0,0,0,1,0,0,0,1,0,0,0,0,0,0,1,1,0,0,1,0,1,0,0,0,1,0,0,0,0,0,1,1,0,0,0,0,0,0,0,1,0,0,0,0,0,0,0,0,1,0,0,0,1,0,1,0,0,1,0,0,1,0,1,0,0,1,0,0,0,0,0,0,1,0,0,0,1,0,0,0,0,0,0,0,1,0,0,0,1,0,0,0,1,1,0,1,0,1,0,0,0,0,0,0,0,0,0,0,0,1,0,0,0,0,0,1,0,0,1,0,1,0,0,0,1,0,0,0,0,0,0,0,0,0,1,0,0,1,0,0,1,0,0,0,0,0,0,0,1,1,0,0,0,1,0,0,0,1,0,0,1,1,0,0,0,1,0,0,0,1,0,1,1,0,0,0,0,0,0,0,1,0,0,1,0,0,1,0,0,0,0,0,0,0,1,0,0,0
0,1,0,1,0,1,1,1,0,0,1,0,1,1,0,1,1,1,1,0,0,1,0,0,0,0,1,0,0,0,1,0,0,0,0,0,1,0,1,0,0,1,0,1,0,0,0,1,0,0,0,0,0,1,1,0,0,0,0,0,0,0,1,0,0,0,0,0,0,0,0,1,0,0,0,1,0,1,0,0,1,0,0,1,0,1,0,0,1,0,0,0,0,0,0,1,0,0,0,1,0,0,0,0,0,0,0,1,0,0,0,1,0,0,0,1,1,0,1,0,1,0,0,0,0,0,0,0,0,0,0,0,1,0,0,0,0,0,0,0,0,1,0,1,0,0,0,1,0,0,0,0,0,0,0,0,0,1,0,0,1,0,0,1,0,0,0,0,0,0,0,1,1,0,0,0,1,0,0,0,1,0,0,1,1,0,0,0,1,0,0,0,1,0,1,1,0,0,0,0,0,0,0,1,0,0,1,0,0,1,0,0,0,0,0,0,0,1,0,0,0
0,1,0,1,0,1,1,1,0,0,1,0,1,1,0,1,1,1,1,0,0,1,0,0,0,0,1,0,0,0,1,0,0,0,0,0,1,0,1,0,0,1,0,1,0,0,0,1,0,0,0,0,0,1,1,0,0,0,0,0,0,0,1,0,0,0,0,0,0,0,0,1,0,0,0,1,0,1,0,0,1,0,0,1,0,1,0,0,1,0,0,0,0,0,0,1,0,0,0,1,0,0,0,0,0,0,0,1,0,0,0,1,0,0,0,1,1,0,1,0,1,0,0,0,0,0,0,0,0,0,0,0,1,0,0,0,0,0,0,0,0,1,0,1,0,0,0,1,0,0,0,0,0,0,0,0,0,1,0,0,1,0,0,1,0,0,0,0,0,0,0,1,1,0,0,0,1,0,0,0,1,0,0,1,1,0,0,0,1,0,0,0,1,0,1,1,0,0,0,0,0,0,0,1,0,0,1,0,0,1,0,0,0,0,0,0,0,1,0,0,0
0,1,0,1,0,1,1,1,0,0,1,0,1,1,0,1,1,1,1,0,0,1,0,0,0,0,1,0,0,0,1,0,0,0,0,0,1,0,1,1,0,1,0,1,0,0,0,1,1,0,0,1,0,1,1,0,0,1,1,0,0,0,1,0,0,0,0,0,1,0,0,1,0,0,0,1,0,1,0,0,1,0,0,1,0,1,0,0,1,0,1,0,0,0,0,1,0,1,0,1,0,0,0,0,0,0,0,1,0,0,0,1,1,1,0,1,1,1,1,0,1,0,0,1,0,0,0,1,1,0,0,0,1,0,0,0,1,0,0,1,0,1,0,1,0,1,1,1,0,0,0,0,0,1,0,0,0,1,0,1,1,0,0,1,0,1,0,0,1,0,0,1,1,1,0,1,1,0,0,0,1,1,0,1,1,0,1,0,1,1,0,1,1,0,1,1,0,0,0,0,0,1,0,1,0,0,1,1,0,1,0,0,0,0,1,0,0,1,0,0,0
0,1,0,1,0,1,1,1,0,0,1,0,1,1,0,1,1,1,0,0,0,0,0,0,0,0,0,0,0,0,1,0,0,0,0,0,1,0,1,0,0,1,0,1,0,0,0,1,0,0,0,1,0,1,1,0,0,0,0,0,0,0,1,0,0,0,0,0,0,0,0,1,0,0,0,1,0,1,0,0,1,0,0,1,0,1,0,0,1,0,0,0,0,0,0,1,0,0,0,1,0,0,0,0,0,0,0,1,0,0,0,1,0,0,0,1,1,0,1,0,1,0,0,0,0,0,0,0,0,0,0,0,1,0,0,0,0,0,0,0,0,1,0,1,0,0,0,1,0,0,0,0,0,0,0,0,0,1,0,0,1,0,0,1,0,0,0,0,0,0,0,1,1,0,0,0,1,0,0,0,1,0,0,1,1,0,0,0,1,0,0,0,1,0,1,1,0,0,0,0,0,0,0,1,0,0,1,0,0,1,0,0,0,0,0,0,0,1,0,0,0
0,1,0,1,0,1,1,1,0,1,1,0,1,1,0,1,1,1,1,0,0,1,0,0,0,0,1,0,0,0,1,0,1,0,0,0,1,0,1,0,1,1,0,1,0,0,1,1,0,0,0,0,0,1,1,0,0,0,0,0,0,0,1,0,0,0,0,0,0,0,0,1,0,0,0,1,0,1,0,0,1,0,0,1,0,1,0,0,1,0,0,0,0,0,0,1,0,0,1,1,1,0,0,0,0,0,0,1,0,0,0,1,0,0,0,1,1,0,1,1,1,0,0,0,0,0,0,0,0,0,0,0,1,0,0,0,0,1,0,0,0,1,1,1,0,0,0,1,0,0,0,0,0,0,0,0,0,1,0,0,1,0,0,1,0,0,0,0,0,0,0,1,1,0,0,0,1,0,0,0,1,0,0,1,1,0,0,0,1,0,0,0,1,0,1,1,0,0,0,0,0,0,0,1,0,0,1,0,0,1,0,0,0,0,0,0,0,1,0,0,0
0,1,0,1,0,1,1,0,0,0,1,0,1,1,0,1,1,1,1,0,0,1,0,0,0,0,1,0,0,0,1,0,0,1,0,0,1,0,1,0,0,1,0,1,0,0,0,1,0,0,0,0,0,1,1,0,0,0,0,0,0,0,1,0,1,0,0,0,0,0,0,1,0,0,0,1,0,1,0,0,1,0,0,1,0,1,0,0,1,0,0,0,0,0,0,1,0,0,0,1,0,0,0,0,0,0,0,1,0,0,0,1,0,0,0,1,1,0,1,0,1,0,0,0,0,0,0,0,0,0,0,0,1,0,0,0,0,0,0,0,0,1,0,1,0,0,0,1,0,0,0,0,0,0,0,0,0,1,0,0,1,0,0,1,0,0,0,0,0,0,1,1,1,0,0,0,1,0,0,0,1,0,0,1,1,0,0,0,1,0,0,0,1,0,1,1,0,0,0,0,0,0,0,1,0,0,1,0,0,1,0,0,0,0,0,0,0,1,0,0,0
0,1,0,1,0,1,1,0,0,0,1,0,1,1,0,1,1,1,1,0,0,1,0,0,0,0,1,0,0,0,1,0,0,1,0,0,1,0,1,0,0,1,0,1,0,0,0,1,0,0,0,1,0,1,1,0,0,0,0,0,0,0,1,1,1,0,0,0,0,0,0,1,0,0,0,1,0,1,0,0,1,0,0,1,0,1,0,0,1,0,0,0,0,0,0,1,1,0,0,1,0,0,0,0,0,0,0,1,0,0,0,1,0,0,0,1,1,0,1,0,1,0,0,0,0,0,0,0,0,0,0,0,1,0,0,1,0,0,0,0,0,1,0,1,0,0,0,1,0,0,0,0,0,0,0,0,0,1,0,0,1,0,0,1,0,0,0,0,0,0,1,1,1,0,0,0,1,1,0,0,1,0,0,1,1,0,0,0,1,0,0,0,1,0,1,1,0,0,0,0,0,0,0,1,0,0,1,0,0,1,0,0,0,0,0,0,0,1,0,0,0
0,1,0,1,0,1,1,0,0,0,1,0,1,1,0,1,1,1,1,0,0,1,0,0,0,0,1,0,0,0,1,0,0,0,0,0,1,0,0,1,0,1,0,1,0,0,0,1,1,0,0,1,0,0,0,0,0,1,1,0,0,0,1,0,0,0,0,0,1,0,0,1,0,0,0,0,0,1,0,0,1,0,0,0,0,1,0,0,1,0,1,0,0,0,0,1,0,1,0,0,0,0,0,0,0,0,0,1,0,0,0,1,1,1,0,0,0,1,1,0,1,0,0,1,0,0,0,1,1,0,0,0,1,0,0,0,1,0,0,1,0,1,0,0,0,1,1,1,0,0,0,0,0,1,0,0,0,1,0,1,1,0,0,1,0,1,0,0,1,0,0,1,1,1,0,1,1,0,0,0,0,1,0,1,1,0,1,1,1,1,0,1,1,1,0,1,0,0,1,0,0,1,0,1,1,0,1,1,1,1,0,0,0,0,1,0,1,1,0,0,0
0,1,0,1,0,1,1,0,0,0,1,0,1,1,0,1,1,1,1,0,0,1,1,1,0,0,1,0,1,0,1,0,0,1,0,0,1,0,1,0,0,1,0,1,0,0,0,1,0,0,0,0,0,1,1,0,0,0,0,0,0,0,1,1,1,0,0,0,0,0,0,1,0,0,0,1,0,1,0,0,1,0,0,1,0,1,0,0,1,0,0,0,0,0,0,1,1,0,0,1,0,0,0,0,0,0,0,1,0,0,0,1,0,0,0,1,1,0,1,0,1,0,0,0,0,0,0,0,0,0,0,0,1,0,0,1,0,0,0,0,0,1,0,1,0,0,0,1,0,0,0,0,0,0,0,0,0,1,0,0,1,0,0,1,0,0,0,0,0,0,1,1,1,0,0,0,1,1,0,0,1,0,0,1,1,0,0,0,1,0,0,0,1,0,1,1,0,0,0,0,0,0,0,1,0,0,1,0,0,1,0,0,0,0,0,0,0,1,0,0,0
0,1,0,1,0,1,1,0,0,0,1,0,1,1,0,1,1,1,1,0,0,1,1,1,0,0,1,0,1,0,1,0,0,1,0,0,1,0,1,0,0,1,0,1,0,0,0,1,0,0,0,0,0,1,1,0,0,0,0,0,0,0,1,1,1,0,0,0,0,0,0,1,0,0,0,1,0,1,0,0,1,0,0,1,0,1,0,0,1,0,0,0,0,0,0,1,1,0,0,1,0,0,0,0,0,0,0,1,0,0,0,1,0,0,0,1,1,0,1,0,1,0,0,0,0,0,0,0,0,0,0,0,1,0,0,1,0,0,0,0,0,1,0,1,0,0,0,1,0,0,0,0,0,0,0,0,0,1,0,0,1,0,0,1,0,0,0,0,0,0,1,1,1,0,0,0,1,1,0,0,1,0,0,1,1,0,0,0,1,0,0,0,1,0,1,1,1,0,0,0,0,0,0,1,0,0,1,0,0,1,0,0,0,1,0,1,0,1,0,0,0
0,1,0,1,0,1,1,0,0,0,1,0,1,1,0,1,1,1,1,0,0,1,1,1,0,0,1,0,1,0,1,0,0,0,0,0,1,0,0,1,0,1,0,1,0,0,0,1,0,0,0,0,0,0,0,0,0,0,0,0,0,0,1,0,0,0,0,0,0,0,0,1,0,1,0,0,0,1,0,0,1,0,0,0,0,1,0,0,1,0,0,0,0,0,0,1,0,0,0,0,0,0,0,0,0,0,0,1,0,0,0,1,0,0,0,0,0,0,1,0,1,0,0,0,0,0,0,0,0,0,0,0,1,0,0,0,0,0,0,0,0,1,0,0,0,0,0,1,0,0,0,0,0,0,0,0,0,1,0,0,1,0,0,1,0,0,0,0,0,0,0,1,1,0,0,0,1,0,0,0,0,0,0,1,1,0,0,0,1,0,0,0,1,0,1,1,1,0,0,0,0,0,0,1,0,0,1,0,0,1,0,0,0,1,0,1,0,1,0,0,0
0,1,0,1,0,1,1,1,0,0,1,0,1,1,0,1,1,1,1,0,0,1,0,0,0,0,1,0,0,0,1,0,0,0,0,0,1,0,1,0,0,1,0,1,0,0,0,1,0,0,0,0,0,1,1,0,0,0,0,0,0,0,1,0,0,0,0,0,0,0,0,1,0,0,0,1,0,1,0,0,1,0,0,1,0,1,0,0,1,0,0,0,0,0,0,1,0,0,0,1,0,0,0,0,0,0,0,1,0,0,0,1,0,0,0,1,1,0,1,0,1,0,0,0,0,0,0,0,0,0,0,0,1,1,0,0,0,0,1,0,0,1,0,1,0,0,0,1,0,0,0,0,0,0,0,0,0,1,0,0,1,0,0,1,0,0,0,0,0,0,0,1,1,0,0,0,1,0,0,0,1,0,0,1,1,0,0,0,1,0,0,0,1,0,0,1,0,0,0,0,0,0,0,1,0,0,1,0,0,1,0,1,0,0,0,0,0,1,0,1,0
0,1,0,1,0,1,1,0,0,0,1,0,1,1,0,1,1,1,1,0,0,1,0,0,0,0,1,0,0,0,1,0,0,1,0,0,1,0,1,0,0,1,0,1,0,0,0,1,0,0,0,0,0,1,1,0,0,0,0,0,0,0,1,0,1,0,0,0,0,0,0,1,0,0,0,1,0,1,0,0,1,0,0,1,0,1,0,0,1,0,0,0,0,0,0,1,0,0,0,1,0,0,0,0,0,0,0,1,0,0,0,1,0,0,0,1,1,0,1,0,1,0,0,0,0,0,0,0,0,0,0,0,1,1,0,0,0,0,1,0,0,1,0,1,0,0,0,1,0,0,0,0,0,0,0,0,0,1,0,0,1,0,0,1,0,0,0,0,0,0,1,1,1,0,0,0,1,0,0,0,1,0,0,1,1,0,0,0,1,0,0,0,1,0,0,1,0,0,0,0,0,0,0,1,0,0,1,0,0,1,0,1,0,0,0,0,0,1,0,1,0
0,1,0,1,0,1,1,0,0,0,1,0,1,1,0,1,1,1,0,1,1,1,0,0,0,1,1,0,0,0,1,0,0,0,0,0,1,0,1,0,0,1,0,1,1,1,0,1,0,1,1,0,0,1,0,0,0,0,0,0,0,1,1,0,0,1,0,1,0,0,1,1,1,0,1,1,0,1,0,1,1,1,1,1,0,1,0,1,1,1,0,1,0,0,1,1,1,0,0,1,0,1,0,1,1,0,1,1,1,1,1,1,0,0,0,1,1,0,1,0,1,1,0,0,0,0,1,0,0,0,1,1,1,1,0,1,0,0,1,0,0,1,0,1,0,0,0,1,1,0,0,0,0,0,0,0,0,1,0,0,1,0,0,1,0,0,0,0,0,0,0,1,1,0,0,0,1,1,0,0,1,0,0,1,1,0,0,0,1,0,0,0,1,0,1,0,0,0,0,0,0,0,0,0,0,0,0,0,0,0,0,0,0,0,0,0,0,0,0,0,0
0,1,0,1,0,1,1,0,0,0,1,0,1,1,0,1,1,1,1,0,0,1,1,1,0,0,1,0,1,0,1,0,0,1,0,0,1,0,1,0,0,1,0,1,0,0,0,1,0,0,0,0,0,1,1,0,0,0,0,0,0,0,1,1,1,0,0,0,0,0,0,1,0,0,0,1,0,1,0,0,1,0,0,1,0,1,0,0,1,0,0,0,0,0,0,1,1,0,0,1,0,0,0,0,0,0,0,1,0,0,0,1,0,0,0,1,1,0,1,0,1,0,0,0,0,0,0,0,0,0,0,0,1,1,0,1,0,0,1,0,0,1,0,1,0,0,0,1,0,0,0,0,0,0,0,0,0,1,0,0,1,0,0,1,0,0,0,0,0,0,1,1,1,0,0,0,1,1,0,0,1,0,0,1,1,0,0,0,1,0,0,0,1,0,0,1,0,0,0,0,0,0,0,1,0,0,1,0,0,1,0,1,0,0,0,0,0,1,0,1,0
0,1,0,1,0,1,0,0,0,0,0,0,0,0,0,1,1,1,1,1,1,1,0,1,0,1,1,0,1,0,1,0,0,0,0,0,1,0,0,0,0,1,0,1,0,0,0,1,0,0,0,0,0,1,0,0,0,1,0,0,0,0,1,0,0,0,0,0,0,0,1,1,0,0,1,0,0,1,0,1,1,1,1,1,0,1,0,1,1,1,0,1,0,0,1,1,1,0,0,1,0,1,0,1,1,0,1,1,0,1,1,1,0,0,0,1,1,0,1,0,1,1,0,0,0,0,0,0,0,0,1,0,1,0,0,1,0,0,0,0,0,1,0,1,0,0,0,1,0,0,0,0,0,0,0,0,0,1,0,0,1,0,0,1,0,0,0,0,0,0,0,1,1,0,0,0,1,1,0,0,1,0,0,1,1,0,0,0,1,0,0,0,1,0,1,1,0,0,0,0,0,0,0,1,0,0,1,0,0,1,0,0,0,0,0,0,0,1,0,0,0
0,1,0,1,0,1,0,0,0,0,0,0,0,0,0,1,1,1,1,1,1,1,0,1,0,0,1,0,0,0,1,0,0,0,0,0,1,0,0,0,0,1,0,1,0,0,0,1,0,0,0,0,0,0,0,0,0,0,0,0,0,0,1,0,0,0,0,0,0,0,0,1,0,0,0,0,0,1,0,0,1,0,0,0,0,1,0,0,1,0,0,0,0,0,0,0,0,0,0,0,0,0,0,0,0,0,0,1,0,0,0,1,0,0,0,0,0,0,1,0,0,0,0,0,0,0,0,0,0,0,0,0,1,0,0,0,0,0,0,0,0,1,0,0,0,0,0,1,0,0,0,0,0,0,0,0,0,0,0,0,1,0,0,1,0,0,0,0,0,0,0,1,1,0,0,0,1,0,0,0,0,0,0,0,0,0,0,0,1,0,0,0,1,0,1,1,0,0,0,0,0,0,0,1,0,0,1,0,0,1,0,0,0,0,0,0,0,1,0,0,0
0,1,0,1,0,1,0,0,0,0,0,0,0,0,0,1,1,1,1,1,1,1,0,1,0,0,1,0,0,0,1,0,0,0,0,0,1,0,0,0,0,1,0,1,0,0,0,1,0,0,0,0,0,0,0,0,0,0,0,0,0,0,1,0,0,0,0,0,0,0,0,1,0,0,0,0,0,1,0,0,1,0,0,0,0,1,0,0,1,0,0,0,0,0,0,1,0,0,0,0,0,0,0,0,0,0,0,1,0,0,0,1,0,0,0,0,0,0,1,0,1,0,0,0,0,0,0,0,0,0,0,0,1,0,0,0,0,0,0,0,0,1,0,0,0,0,0,1,0,0,0,0,0,0,0,0,0,1,0,0,1,0,0,1,0,0,0,0,0,0,0,1,1,0,0,0,1,0,0,0,0,0,0,1,1,0,0,0,1,0,0,0,1,0,1,1,0,0,0,0,0,0,0,1,0,0,1,0,0,1,0,0,0,0,0,0,0,1,0,0,0
0,1,0,1,0,0,0,0,0,0,0,0,0,0,0,1,1,1,1,1,1,1,0,1,0,0,1,0,0,0,0,0,0,0,0,0,1,0,0,0,0,1,0,0,0,0,0,1,0,0,0,0,0,0,0,0,0,0,0,0,0,0,1,0,0,0,0,0,0,0,0,0,0,0,0,0,0,0,0,0,0,0,0,0,0,0,0,0,1,0,0,0,0,0,0,0,0,0,0,0,0,0,0,0,0,0,0,0,0,0,0,1,0,0,0,0,0,0,1,0,0,0,0,0,0,0,0,0,0,0,0,0,0,0,0,0,0,0,0,0,0,0,0,0,0,0,0,1,0,0,0,0,0,0,0,0,0,0,0,0,1,0,0,1,0,0,0,0,0,0,0,0,0,0,0,0,1,0,0,0,0,0,0,0,0,0,0,0,0,0,0,0,0,0,0,1,0,0,0,0,0,0,0,0,0,0,1,0,0,1,0,0,0,0,0,0,0,1,0,0,0
0,1,0,1,0,1,1,0,0,0,0,0,0,0,0,1,1,1,1,1,1,1,0,1,0,0,1,0,0,0,1,0,0,0,0,0,1,0,0,0,0,1,0,1,0,0,0,1,0,0,0,0,0,0,0,0,0,0,0,0,0,0,1,0,0,0,0,0,0,0,0,1,0,0,0,0,0,1,0,0,1,0,0,0,0,1,0,0,1,0,0,0,0,0,0,1,0,0,0,0,0,0,0,0,0,0,0,1,0,0,0,1,0,0,0,0,0,0,1,0,1,0,0,0,0,0,0,0,0,0,0,0,1,0,0,0,0,0,0,0,0,1,0,0,0,0,0,1,0,0,0,0,0,0,0,0,0,1,0,0,1,0,0,1,0,0,0,0,0,0,0,1,1,0,0,0,1,0,0,0,0,0,0,1,1,0,0,0,1,0,0,0,1,0,1,1,0,0,0,0,0,0,0,1,0,0,1,0,0,1,0,0,0,0,0,0,0,1,0,0,0
0,1,0,1,0,1,0,0,0,0,0,0,0,0,0,1,1,1,1,1,1,1,0,1,0,1,1,0,1,0,1,0,0,0,0,0,1,0,1,0,0,1,0,1,0,0,0,1,0,0,0,0,1,1,1,0,0,1,0,0,0,0,1,0,0,1,0,0,0,0,1,1,1,0,0,1,0,1,0,1,1,0,1,1,1,1,0,1,1,1,0,1,1,1,1,1,1,0,0,1,0,1,1,1,1,0,1,1,0,1,1,1,0,0,0,1,1,0,1,0,1,1,1,0,0,0,0,0,0,0,1,0,1,1,0,1,0,0,1,0,1,1,0,1,1,0,0,1,0,0,0,0,0,0,0,0,0,1,0,0,1,0,0,1,1,0,0,0,0,0,0,1,1,0,1,0,1,1,0,0,1,0,0,1,1,1,0,0,1,0,0,0,1,0,0,0,0,0,0,0,0,0,0,1,0,0,0,0,0,0,0,1,0,0,0,0,0,0,0,1,0
0,1,0,1,0,1,0,0,0,0,0,0,0,0,0,1,1,1,1,1,1,1,0,1,0,0,1,0,0,0,1,0,0,1,0,0,1,0,1,0,0,1,0,1,0,0,0,1,0,0,0,0,1,1,1,0,0,0,0,0,0,0,1,1,1,0,0,0,0,0,0,1,0,0,0,1,0,1,0,0,1,0,0,1,0,1,0,0,1,0,0,0,0,0,0,1,1,0,0,1,0,0,0,0,0,1,0,1,0,0,0,1,0,0,0,1,1,0,1,0,1,0,1,0,0,0,0,0,0,0,0,0,1,1,0,1,0,0,1,0,0,1,0,1,0,0,0,1,0,0,0,0,0,0,0,0,0,1,0,0,1,0,0,1,1,0,0,0,0,0,1,1,1,0,1,0,1,1,0,0,1,0,0,1,1,1,0,0,1,0,0,0,1,0,0,0,0,0,0,0,0,0,0,1,0,0,0,0,0,0,0,1,0,0,0,0,0,0,0,1,0
0,1,0,1,0,1,1,0,0,0,0,0,0,0,0,1,1,1,1,1,1,1,0,1,0,1,1,0,1,0,1,0,0,1,0,0,1,0,1,0,0,1,0,1,0,0,0,1,0,0,0,0,1,1,1,0,0,1,0,0,0,0,1,1,1,1,0,0,0,0,1,1,1,0,0,1,0,1,0,1,1,0,0,1,1,1,0,1,1,1,0,1,1,1,0,1,1,0,0,1,0,1,1,1,1,0,1,1,0,1,1,1,0,0,0,1,1,0,1,0,1,1,1,0,0,0,0,0,0,0,1,0,1,1,0,1,0,0,1,0,1,1,0,1,1,0,0,1,0,0,0,0,0,0,0,0,0,1,0,0,1,0,0,1,1,0,0,0,0,0,1,1,1,0,1,0,1,1,0,0,1,0,0,1,1,1,0,0,1,0,0,0,1,0,0,0,0,0,0,0,0,0,0,1,0,0,0,0,0,0,0,1,0,0,0,0,0,0,0,1,0
0,1,0,1,0,1,0,0,0,0,0,0,0,0,0,1,1,1,1,1,1,1,0,1,0,0,1,0,0,0,1,0,0,1,0,0,1,0,1,0,0,1,0,0,0,0,0,1,0,0,0,0,1,1,1,0,0,0,0,0,0,0,1,1,1,0,0,0,0,0,0,1,0,0,0,1,0,0,0,0,0,0,0,1,0,1,0,0,1,0,0,0,0,0,0,0,1,0,0,1,0,0,0,0,0,0,0,0,0,0,0,1,0,0,0,1,1,0,1,0,0,0,1,0,0,0,0,0,0,0,0,0,0,0,0,1,0,0,1,0,0,0,0,1,0,0,0,1,0,0,0,0,0,0,0,0,0,0,0,0,1,0,0,1,1,0,0,0,0,0,1,1,1,0,1,0,1,1,0,0,1,0,0,0,0,1,0,0,0,0,0,0,0,0,0,0,0,0,0,0,0,0,0,0,0,0,0,0,0,0,0,1,0,0,0,0,0,0,0,1,0
0,1,0,1,0,1,0,0,0,0,0,0,0,0,0,1,1,1,0,1,1,1,0,0,0,0,0,0,0,0,1,0,0,0,0,0,1,0,0,0,0,1,0,1,0,0,0,1,0,0,0,0,0,0,0,0,0,0,0,0,0,0,1,0,0,0,0,0,0,0,0,1,0,0,0,0,0,1,0,0,1,0,0,0,0,1,0,0,1,0,0,0,0,0,0,0,0,0,0,0,0,0,0,0,0,0,0,1,0,0,0,1,0,0,0,0,0,0,1,0,0,0,0,0,0,0,0,0,0,0,0,0,1,0,0,0,0,0,0,0,0,0,0,0,0,0,0,1,0,0,0,0,0,0,0,0,0,0,0,0,1,0,0,1,0,0,0,0,0,0,0,1,1,0,0,0,1,0,0,0,0,0,0,0,0,0,0,0,1,0,0,0,0,0,1,0,0,0,0,0,0,0,0,0,0,0,0,0,0,0,0,0,0,0,0,0,0,0,0,0,0
0,1,0,1,0,1,1,0,0,1,0,0,0,0,0,1,1,1,1,1,1,1,0,1,0,1,1,0,1,0,1,0,1,1,0,0,1,0,1,0,1,1,0,1,0,0,1,1,0,0,0,0,1,1,1,0,0,1,0,0,0,0,1,1,1,1,0,0,0,0,1,1,1,0,0,1,0,1,0,1,1,0,0,1,1,1,0,1,1,1,0,1,1,1,0,1,1,0,1,1,1,1,1,1,1,0,1,1,0,1,1,1,0,0,0,1,1,0,1,1,1,1,1,0,0,0,0,0,0,0,1,0,1,1,0,1,0,1,1,0,1,1,1,1,1,0,0,1,0,0,0,0,0,0,0,0,0,1,0,0,1,0,0,1,1,0,0,0,0,0,1,1,1,0,1,0,1,1,0,0,1,0,0,1,1,1,0,0,1,0,0,0,1,0,0,0,0,0,0,0,0,0,0,1,0,0,0,0,0,0,0,1,0,0,0,0,0,0,0,1,0
0,1,0,1,0,1,1,0,0,0,1,0,1,1,0,1,1,1,1,1,1,1,0,1,0,1,1,0,1,0,1,0,0,1,0,0,1,0,1,1,0,1,0,1,1,1,0,1,0,0,0,0,0,1,1,0,0,1,1,1,0,1,1,1,1,0,0,0,0,0,1,1,1,1,0,1,0,0,0,1,1,0,0,1,0,0,0,0,1,0,0,0,0,0,0,1,1,1,0,1,0,0,0,0,1,1,1,1,1,1,1,1,1,1,0,1,1,1,1,0,1,1,0,0,0,0,0,1,1,0,1,0,1,1,0,1,0,0,0,0,0,1,0,1,0,0,1,1,0,0,0,0,0,1,0,0,0,1,0,0,1,0,0,1,0,1,1,0,1,0,1,0,0,1,0,1,1,1,0,0,1,0,0,1,1,0,1,0,1,1,0,1,1,0,1,1,1,1,0,0,0,1,1,1,0,0,0,1,0,0,1,1,0,0,1,1,0,0,1,1,0
0,1,0,1,0,1,1,1,0,0,0,0,0,0,0,0,1,1,1,0,0,1,1,1,0,1,1,0,1,1,1,0,0,1,0,0,0,0,0,1,0,1,1,1,0,0,0,1,1,0,0,1,0,0,0,0,1,1,1,0,0,0,1,1,1,0,0,0,1,0,0,1,0,1,0,0,0,0,0,0,1,0,0,0,0,1,1,0,1,0,1,0,0,0,0,1,0,1,0,0,0,0,0,0,0,1,0,1,0,0,0,1,1,1,0,0,0,1,1,0,1,0,0,1,0,0,0,1,1,1,0,0,1,0,1,0,1,0,0,1,0,1,0,0,0,1,1,1,0,1,1,0,0,1,1,0,1,1,1,1,1,0,1,1,0,1,0,1,1,1,0,0,1,1,0,1,1,0,0,0,0,1,0,1,1,0,1,1,1,1,1,0,1,1,0,1,1,1,1,1,1,0,0,1,1,0,0,1,1,0,1,0,0,0,1,0,1,0,1,0,0
1,1,1,1,0,1,1,1,0,0,0,0,0,0,0,0,1,1,1,0,0,1,1,1,0,1,1,0,1,1,1,0,0,1,0,0,0,0,0,1,0,1,1,1,0,0,0,1,1,0,0,1,0,0,0,0,1,1,1,0,0,0,1,1,1,0,0,0,1,0,0,1,0,1,0,0,0,0,0,0,1,0,0,0,0,1,1,0,1,0,1,0,0,0,0,1,0,1,0,0,0,0,0,0,0,1,0,1,0,0,0,1,1,1,0,0,0,1,1,0,1,0,0,1,0,0,0,1,1,1,0,0,1,0,1,0,1,0,0,1,0,1,0,0,0,1,1,1,0,1,1,0,0,1,1,0,1,1,1,1,1,0,1,1,0,1,0,1,1,1,1,1,1,1,0,1,1,0,0,0,0,1,0,1,1,0,1,1,1,1,1,0,1,1,0,1,1,1,1,1,1,0,0,1,1,0,0,1,1,0,1,0,0,0,1,0,1,0,1,0,0
0,1,0,1,0,1,1,1,0,0,0,0,0,0,0,0,1,1,1,0,0,1,1,1,0,1,1,0,1,1,1,0,0,1,0,0,0,0,0,1,0,1,1,1,0,0,0,1,1,0,0,1,0,0,0,0,1,1,1,0,0,0,1,1,1,0,0,0,1,0,0,1,0,1,0,0,0,0,0,0,1,0,0,0,0,1,1,0,1,0,1,0,0,0,0,1,0,1,0,0,0,0,0,0,0,1,0,1,0,0,0,1,1,1,0,0,0,1,1,0,1,0,0,1,0,0,0,1,1,1,0,0,1,0,1,0,1,0,0,1,0,1,0,0,0,1,1,1,0,1,1,0,0,1,1,0,1,1,1,1,1,0,1,1,0,1,0,1,1,1,0,0,1,1,0,1,1,0,0,0,0,1,0,1,1,0,1,1,1,1,1,1,1,1,0,1,1,1,1,1,1,1,0,1,1,0,0,1,1,0,1,0,0,0,1,0,1,0,1,0,0
0,1,0,1,0,1,1,1,0,0,0,0,0,0,0,0,1,1,1,0,0,1,1,1,0,1,1,0,1,1,1,0,0,1,0,0,0,0,0,1,0,1,1,1,0,0,0,1,1,0,0,1,0,0,0,0,1,1,1,0,0,0,1,1,1,0,0,0,1,0,0,1,0,1,0,0,0,0,0,0,1,0,0,0,0,1,1,0,1,0,1,0,0,0,0,1,0,1,0,0,0,0,0,0,0,1,0,1,0,0,0,1,1,1,0,0,0,1,1,0,1,0,0,1,0,0,0,1,1,1,0,0,1,0,1,0,1,0,0,1,0,1,0,0,0,1,1,1,0,1,1,0,0,1,1,0,1,1,1,1,1,0,1,1,0,1,1,1,1,1,1,1,1,1,0,1,1,0,0,0,0,1,0,1,1,0,1,1,1,1,1,0,1,1,0,1,1,1,1,1,1,0,0,1,1,0,0,1,1,0,1,0,0,0,1,0,1,0,1,0,0
1,1,1,1,0,1,1,1,0,0,0,0,0,0,0,0,1,1,1,0,0,1,1,1,0,1,1,0,1,1,1,0,0,1,0,0,0,0,0,1,0,1,1,1,0,0,0,1,1,0,0,1,0,0,0,0,1,1,1,0,0,0,1,1,1,0,0,0,1,0,0,1,0,1,0,0,0,0,0,0,1,0,0,0,0,1,1,0,1,0,1,0,0,0,0,1,0,1,0,0,0,0,0,0,0,1,0,1,0,0,0,1,1,1,0,0,0,1,1,0,1,0,0,1,0,0,0,1,1,1,0,0,1,0,1,0,1,0,0,1,0,1,0,0,0,1,1,1,0,1,1,0,0,1,1,0,1,1,1,1,1,0,1,1,0,1,0,1,1,1,1,1,1,1,0,1,1,0,0,0,0,1,0,1,1,0,1,1,1,1,1,1,1,1,0,1,1,1,1,1,1,1,0,1,1,0,0,1,1,0,1,0,0,0,1,0,1,0,1,0,0
0,1,0,1,0,1,1,1,0,0,0,0,0,0,0,0,1,1,1,0,0,1,1,1,0,1,1,0,1,1,1,0,0,1,0,0,0,0,0,1,0,1,1,1,0,0,0,1,1,0,0,1,0,0,0,0,1,1,1,0,0,0,1,1,1,0,0,0,1,0,0,1,0,1,0,0,0,0,0,0,1,0,0,0,0,1,1,0,1,0,1,0,0,0,0,1,0,1,0,0,0,0,0,0,0,1,0,1,0,0,0,1,1,1,0,0,0,1,1,0,1,0,0,1,0,0,0,1,1,1,0,0,1,0,1,0,1,0,0,1,0,1,0,0,0,1,1,1,0,1,1,0,0,1,1,0,1,1,1,1,1,0,1,1,0,1,1,1,1,1,1,1,1,1,0,1,1,0,0,0,0,1,0,1,1,0,1,1,1,1,1,0,1,1,0,1,1,1,1,1,1,0,0,1,1,0,0,1,1,0,1,0,0,0,1,0,1,0,1,0,0
1,1,0,1,0,1,1,1,0,0,0,0,0,0,0,0,1,1,1,0,0,1,1,1,0,1,1,0,1,1,1,0,0,1,0,0,0,0,0,1,0,1,1,1,0,0,0,1,1,0,0,1,0,0,0,0,1,1,1,0,0,0,1,1,1,0,0,0,1,0,0,1,0,1,0,0,0,0,0,0,1,0,0,0,0,1,1,0,1,0,1,0,0,0,0,1,0,1,0,0,0,0,0,0,0,1,0,1,0,0,0,1,1,1,0,0,0,1,1,0,1,0,0,1,0,0,0,1,1,1,0,0,1,0,1,0,1,0,0,1,0,1,0,0,0,1,1,1,0,1,1,0,0,1,1,0,1,1,1,1,1,0,1,1,0,1,1,1,1,1,1,1,1,1,0,1,1,0,0,0,0,1,0,1,1,0,1,1,1,1,1,0,1,1,0,1,1,1,1,1,1,0,0,1,1,0,0,1,1,0,1,0,0,0,1,0,1,0,1,0,0
0,1,0,1,0,1,1,1,0,0,0,0,0,0,0,1,1,1,1,0,1,1,0,1,0,1,1,1,1,1,1,0,0,1,0,0,0,0,0,1,0,1,1,1,0,1,0,1,1,1,1,1,0,1,0,0,1,1,1,0,0,1,1,1,1,1,0,1,1,0,1,1,0,1,1,0,0,1,0,1,1,1,1,1,0,1,1,1,1,1,1,1,0,0,1,1,1,1,0,1,0,1,0,1,1,1,1,1,0,1,1,1,1,1,0,1,1,1,1,0,1,1,0,1,0,0,0,1,1,1,1,1,1,1,1,1,1,0,0,1,0,1,0,1,0,1,1,1,0,1,1,0,0,1,1,0,1,1,1,1,1,0,1,1,0,1,1,1,1,1,0,1,1,1,0,1,1,1,0,0,1,1,0,1,1,0,1,1,1,1,1,1,1,1,1,1,1,1,1,1,1,1,0,1,1,0,0,1,1,0,1,0,0,0,1,0,1,0,1,0,0
0,1,0,1,0,1,1,1,0,0,0,0,0,0,0,0,1,1,1,0,0,1,1,1,1,1,1,0,1,1,1,0,0,1,0,0,0,0,1,1,0,1,1,1,0,0,0,1,1,0,0,1,0,1,1,0,1,1,1,0,0,0,1,1,1,0,0,0,1,0,0,1,0,1,0,1,0,0,0,0,1,0,0,1,0,1,1,0,1,0,1,0,0,0,0,1,1,1,0,1,0,0,0,0,0,0,0,1,0,0,0,1,1,1,0,1,1,1,1,0,1,0,0,1,0,0,0,1,1,1,0,0,1,0,1,1,1,0,0,1,0,1,0,1,0,1,1,1,0,1,1,0,0,1,1,0,1,1,1,1,1,0,1,1,0,1,1,1,1,1,1,1,0,1,0,1,1,1,0,0,1,1,0,1,1,0,1,1,1,1,1,0,1,1,0,1,1,1,1,1,1,0,0,1,1,0,0,1,1,0,1,0,0,0,1,0,1,0,1,0,0
0,1,0,1,0,1,1,1,0,0,0,0,0,0,0,1,1,1,1,0,1,1,0,1,0,1,1,1,1,1,1,0,0,1,0,0,0,0,0,1,0,1,1,1,0,1,0,1,1,1,1,1,0,1,0,0,1,1,1,0,0,1,1,1,1,1,0,1,1,0,1,1,0,1,1,0,0,1,0,1,1,1,1,1,0,1,1,1,1,1,1,1,0,0,1,1,1,1,0,1,0,1,0,1,1,1,1,1,0,1,1,1,1,1,0,1,1,1,1,0,1,1,0,1,0,0,0,1,1,1,1,1,1,1,1,1,1,0,0,1,0,1,0,1,0,1,1,1,0,1,1,0,0,1,1,0,1,1,1,1,1,0,1,1,0,1,1,1,1,1,1,1,1,1,0,1,1,1,0,0,1,1,0,1,1,0,1,1,1,1,1,1,1,1,1,1,1,1,1,1,1,1,0,1,1,0,0,1,1,0,1,0,0,0,1,0,1,0,1,0,0
1,1,0,1,0,1,1,1,0,0,0,0,0,0,0,1,1,1,1,0,1,1,0,1,0,1,1,1,1,1,1,0,0,1,0,0,0,0,0,1,0,1,1,1,0,1,0,1,1,1,1,1,0,1,0,0,1,1,1,0,0,1,1,1,1,1,0,1,1,0,1,1,0,1,1,0,0,1,0,1,1,1,1,1,0,1,1,1,1,1,1,1,0,0,1,1,1,1,0,1,0,1,0,1,1,1,1,1,0,1,1,1,1,1,0,1,1,1,1,0,1,1,0,1,0,0,0,1,1,1,1,1,1,1,1,1,1,0,0,1,0,1,0,1,0,1,1,1,0,1,1,0,0,1,1,0,1,1,1,1,1,0,1,1,0,1,1,1,1,1,1,1,1,1,0,1,1,1,0,0,1,1,0,1,1,0,1,1,1,1,1,1,1,1,1,1,1,1,1,1,1,1,0,1,1,0,0,1,1,0,1,0,0,0,1,0,1,0,1,0,0
0,1,0,1,0,1,1,1,0,0,0,0,0,0,0,0,1,1,1,0,0,1,0,0,0,1,1,0,1,0,1,0,0,1,0,0,0,0,0,1,0,1,1,1,0,0,0,1,1,0,0,1,0,0,0,0,1,1,1,0,0,0,1,1,1,0,0,0,1,0,0,1,0,1,0,0,0,0,1,0,1,0,0,0,0,1,1,0,1,0,1,0,0,0,0,1,0,1,0,0,0,0,0,0,0,1,0,1,0,0,0,1,1,1,0,0,0,1,1,0,1,0,0,1,0,0,0,1,1,1,0,0,1,0,1,0,1,0,0,1,0,1,0,0,0,1,1,1,0,1,1,0,0,1,1,0,1,1,1,1,1,0,1,1,0,1,1,1,1,1,0,0,1,1,0,1,1,0,0,0,0,1,0,1,1,0,1,1,1,1,1,0,1,1,0,1,0,1,1,1,1,0,0,1,1,0,0,1,1,0,1,0,0,0,1,0,1,0,1,0,0
0,1,0,1,0,1,1,1,0,0,0,0,0,0,0,0,1,1,1,0,0,1,0,0,0,1,1,0,1,0,1,0,0,1,0,0,0,0,0,1,0,1,1,1,0,0,0,1,1,0,0,1,0,0,0,0,1,1,1,0,0,0,1,1,1,0,0,0,1,0,0,1,0,1,0,0,0,0,1,0,1,0,0,0,0,1,1,0,1,0,1,0,0,0,0,1,0,1,0,0,0,0,0,0,0,1,0,1,0,0,0,1,1,1,0,0,0,1,1,0,1,0,0,1,0,0,0,1,1,1,0,0,1,0,1,0,1,0,0,1,0,1,0,0,0,1,1,1,0,1,1,0,0,1,1,0,1,1,1,1,1,0,1,1,0,1,1,1,1,1,1,1,1,1,0,1,1,0,0,0,0,1,0,1,1,0,1,1,1,1,1,0,1,1,0,1,0,1,1,1,1,0,0,1,1,0,0,1,1,0,1,0,0,0,1,0,1,0,1,0,0
1,1,0,1,0,1,1,1,0,0,0,0,0,0,0,0,1,1,1,0,0,1,0,0,0,1,1,0,1,0,1,0,0,1,0,0,0,0,0,1,0,1,1,1,0,0,0,1,1,0,0,1,0,0,0,0,1,1,1,0,0,0,1,1,1,0,0,0,1,0,0,1,0,1,0,0,0,0,1,0,1,0,0,0,0,1,1,0,1,0,1,0,0,0,0,1,0,1,0,0,0,0,0,0,0,1,0,1,0,0,0,1,1,1,0,0,0,1,1,0,1,0,0,1,0,0,0,1,1,1,0,0,1,0,1,0,1,0,0,1,0,1,0,0,0,1,1,1,0,1,1,0,0,1,1,0,1,1,1,1,1,0,1,1,0,1,1,1,1,1,1,1,1,1,0,1,1,0,0,0,0,1,0,1,1,0,1,1,1,1,1,0,1,1,0,1,0,1,1,1,1,0,0,1,1,0,0,1,1,0,1,0,0,0,1,0,1,0,1,0,0
0,1,0,1,0,1,1,1,0,0,0,0,0,0,0,0,1,1,1,0,0,1,0,0,0,1,1,0,1,0,1,0,0,1,0,0,0,0,0,1,0,1,1,1,0,0,0,1,1,0,0,1,0,0,0,0,1,1,1,0,0,0,1,1,1,0,0,0,1,0,0,1,0,1,0,0,0,0,0,0,1,0,0,0,0,1,1,0,1,0,1,0,0,0,0,1,0,1,0,0,0,0,0,0,0,1,0,1,0,0,0,1,1,1,0,0,0,1,1,0,1,0,0,1,0,0,0,1,1,1,0,0,1,0,1,0,1,0,0,1,0,1,0,0,0,1,1,1,0,1,1,0,0,1,1,0,1,1,1,1,1,0,1,1,0,1,1,1,1,1,0,0,1,1,0,1,1,0,0,0,0,1,0,1,1,0,1,1,1,1,1,0,1,1,0,1,0,1,1,1,1,0,0,1,1,0,0,1,1,0,1,0,0,0,1,0,1,0,1,0,0
0,1,0,1,0,1,1,1,0,0,0,0,0,0,0,0,1,1,1,0,0,1,0,0,0,1,1,0,1,0,1,0,0,1,0,0,0,0,0,1,0,1,1,1,0,0,0,1,1,0,0,1,0,0,0,0,1,1,1,0,0,0,1,1,1,0,0,0,1,0,0,1,0,1,0,0,0,0,0,0,1,0,0,0,0,1,1,0,1,0,1,0,0,0,0,1,0,1,0,0,0,0,0,0,0,1,0,1,0,0,0,1,1,1,0,0,0,1,1,0,1,0,0,1,0,0,0,1,1,1,0,0,1,0,1,0,1,0,0,1,0,1,0,0,0,1,1,1,0,1,1,0,0,1,1,0,1,1,1,1,1,0,1,1,0,1,1,1,1,1,1,1,1,1,0,1,1,0,0,0,0,1,0,1,1,0,1,1,1,1,1,0,1,1,0,1,0,1,1,1,1,0,0,1,1,0,0,1,1,0,1,0,0,0,1,0,1,0,1,0,0
1,1,0,1,0,1,1,1,0,0,0,0,0,0,0,0,1,1,1,0,0,1,0,0,0,1,1,0,1,0,1,0,0,1,0,0,0,0,0,1,0,1,1,1,0,0,0,1,1,0,0,1,0,0,0,0,1,1,1,0,0,0,1,1,1,0,0,0,1,0,0,1,0,1,0,0,0,0,0,0,1,0,0,0,0,1,1,0,1,0,1,0,0,0,0,1,0,1,0,0,0,0,0,0,0,1,0,1,0,0,0,1,1,1,0,0,0,1,1,0,1,0,0,1,0,0,0,1,1,1,0,0,1,0,1,0,1,0,0,1,0,1,0,0,0,1,1,1,0,1,1,0,0,1,1,0,1,1,1,1,1,0,1,1,0,1,1,1,1,1,1,1,1,1,0,1,1,0,0,0,0,1,0,1,1,0,1,1,1,1,1,0,1,1,0,1,0,1,1,1,1,0,0,1,1,0,0,1,1,0,1,0,0,0,1,0,1,0,1,0,0
0,1,0,1,0,1,1,1,0,0,0,0,0,0,0,0,1,1,1,0,0,1,1,1,0,1,1,0,1,1,1,0,0,1,0,0,0,0,0,1,0,1,1,1,0,0,0,1,1,0,0,1,0,0,0,0,1,1,1,0,0,0,1,1,1,0,0,0,1,0,0,1,0,1,0,0,0,0,0,0,1,0,0,0,0,1,1,0,1,0,1,0,0,0,0,1,0,1,0,0,0,0,0,0,0,1,0,1,0,0,0,1,1,1,0,0,0,1,1,0,1,0,0,1,0,0,0,1,1,1,0,0,1,0,1,0,1,0,0,1,0,1,0,0,0,1,1,1,0,1,1,0,0,1,1,0,1,1,1,1,1,0,1,1,0,1,1,1,1,1,0,0,1,1,0,1,1,0,0,0,0,1,0,1,1,0,1,1,1,1,1,0,1,1,0,1,1,1,1,1,1,0,0,1,1,0,0,1,1,0,1,0,0,0,1,0,1,0,1,0,0
1,1,0,1,0,1,1,1,0,0,0,0,0,0,0,0,1,1,1,0,0,1,1,1,0,1,1,0,1,1,1,0,0,1,0,0,0,0,0,1,0,1,1,1,0,0,0,1,1,0,0,1,0,0,0,0,1,1,1,0,0,0,1,1,1,0,0,0,1,0,0,1,0,1,0,0,0,0,0,0,1,0,0,0,0,1,1,0,1,0,1,0,0,0,0,1,0,1,0,0,0,0,0,0,0,1,0,1,0,0,0,1,1,1,0,0,0,1,1,0,1,0,0,1,0,0,0,1,1,1,0,0,1,0,1,0,1,0,0,1,0,1,0,0,0,1,1,1,0,1,1,0,0,1,1,0,1,1,1,1,1,0,1,1,0,1,1,1,1,1,1,1,1,1,0,1,1,0,0,0,0,1,0,1,1,0,1,1,1,1,1,0,1,1,0,1,1,1,1,1,1,0,0,1,1,0,0,1,1,0,1,0,0,0,1,0,1,0,1,0,0
1,1,1,1,0,1,1,1,0,0,0,0,0,0,0,0,1,1,1,0,0,1,1,1,0,1,1,0,1,1,1,0,0,1,0,0,0,0,0,1,0,1,1,1,0,0,0,1,1,0,0,1,0,0,0,0,1,1,1,0,0,0,1,1,1,0,0,0,1,0,0,1,0,1,0,0,0,0,0,0,1,0,0,0,0,1,1,0,1,0,1,0,0,0,0,1,0,1,0,0,0,0,0,0,0,1,0,1,0,0,0,1,1,1,0,0,0,1,1,0,1,0,0,1,0,0,0,1,1,1,0,0,1,0,1,0,1,0,0,1,0,1,0,0,0,1,1,1,0,1,1,0,0,1,1,0,1,1,1,1,1,0,1,1,0,1,1,1,1,1,1,1,1,1,0,1,1,0,0,0,0,1,0,1,1,0,1,1,1,1,1,0,1,1,0,1,1,1,1,1,1,0,0,1,1,0,0,1,1,0,1,0,0,0,1,0,1,0,1,0,0
0,1,0,1,0,1,1,1,0,0,0,0,0,0,0,0,1,1,1,0,0,1,1,1,0,1,1,0,1,1,1,0,0,1,0,0,0,0,0,1,0,1,1,1,0,0,0,1,1,0,0,1,0,0,0,0,1,1,1,0,0,0,1,1,1,0,0,0,1,0,0,1,0,1,0,0,0,0,0,0,1,0,0,0,0,1,1,0,1,0,1,0,0,0,0,1,0,1,0,0,0,0,0,0,0,1,0,1,0,0,0,1,1,1,0,0,0,1,1,0,1,0,0,1,0,0,0,1,1,1,0,0,1,0,1,0,1,0,0,1,0,1,0,0,0,1,1,1,0,1,1,0,0,1,1,0,1,1,1,1,1,0,1,1,0,1,1,1,1,1,0,0,1,1,0,1,1,0,0,0,0,1,0,1,1,0,1,1,1,1,1,0,1,1,0,1,1,1,1,1,1,0,0,1,1,0,0,1,1,0,1,0,0,0,1,0,1,0,1,0,0
1,1,0,1,0,1,1,1,0,0,0,0,0,0,0,0,1,1,1,0,0,1,1,1,0,1,1,0,1,1,1,0,0,1,0,0,0,0,0,1,0,1,1,1,0,0,0,1,1,0,0,1,0,0,0,0,1,1,1,0,0,0,1,1,1,0,0,0,1,0,0,1,0,1,0,0,0,0,0,0,1,0,0,0,0,1,1,0,1,0,1,0,0,0,0,1,0,1,0,0,0,0,0,0,0,1,0,1,0,0,0,1,1,1,0,0,0,1,1,0,1,0,0,1,0,0,0,1,1,1,0,0,1,0,1,0,1,0,0,1,0,1,0,0,0,1,1,1,0,1,1,0,0,1,1,0,1,1,1,1,1,0,1,1,0,1,1,1,1,1,1,1,1,1,0,1,1,0,0,0,0,1,0,1,1,0,1,1,1,1,1,0,1,1,0,1,1,1,1,1,1,0,0,1,1,0,0,1,1,0,1,0,0,0,1,0,1,0,1,0,0
1,1,1,1,0,1,1,1,0,0,0,0,0,0,0,0,1,1,1,0,0,1,1,1,0,1,1,0,1,1,1,0,0,1,0,0,0,0,0,1,0,1,1,1,0,0,0,1,1,0,0,1,0,0,0,0,1,1,1,0,0,0,1,1,1,0,0,0,1,0,0,1,0,1,0,0,0,0,0,0,1,0,0,0,0,1,1,0,1,0,1,0,0,0,0,1,0,1,0,0,0,0,0,0,0,1,0,1,0,0,0,1,1,1,0,0,0,1,1,0,1,0,0,1,0,0,0,1,1,1,0,0,1,0,1,0,1,0,0,1,0,1,0,0,0,1,1,1,0,1,1,0,0,1,1,0,1,1,1,1,1,0,1,1,0,1,1,1,1,1,1,1,1,1,0,1,1,0,0,0,0,1,0,1,1,0,1,1,1,1,1,0,1,1,0,1,1,1,1,1,1,0,0,1,1,0,0,1,1,0,1,0,0,0,1,0,1,0,1,0,0
0,1,0,1,0,1,1,1,0,0,0,0,0,0,0,0,1,1,1,0,0,1,1,1,0,1,1,0,1,1,1,0,0,1,0,0,0,0,0,1,0,1,1,1,0,0,0,1,1,0,0,1,0,0,0,0,1,1,1,0,0,0,1,1,1,0,0,0,1,0,0,1,0,1,0,0,0,0,0,0,1,0,0,0,0,1,1,0,1,0,1,0,0,0,0,1,0,1,0,0,0,0,0,0,0,1,0,1,0,0,0,1,1,1,0,0,0,1,1,0,1,0,0,1,0,0,0,1,1,1,0,0,1,0,1,0,1,0,0,1,0,1,0,0,0,1,1,1,0,1,1,0,0,1,1,0,1,1,1,1,1,0,1,1,0,1,1,1,1,1,0,0,1,1,0,1,1,0,0,0,0,1,0,1,1,0,1,1,1,1,1,0,1,1,0,1,1,1,1,1,1,0,0,1,1,0,0,1,1,0,1,0,0,0,1,0,1,0,1,0,0
1,1,0,1,0,1,1,1,0,0,0,0,0,0,0,0,1,1,1,0,0,1,1,1,0,1,1,0,1,1,1,0,0,1,0,0,0,0,0,1,0,1,1,1,0,0,0,1,1,0,0,1,0,0,0,0,1,1,1,0,0,0,1,1,1,0,0,0,1,0,0,1,0,1,0,0,0,0,0,0,1,0,0,0,0,1,1,0,1,0,1,0,0,0,0,1,0,1,0,0,0,0,0,0,0,1,0,1,0,0,0,1,1,1,0,0,0,1,1,0,1,0,0,1,0,0,0,1,1,1,0,0,1,0,1,0,1,0,0,1,0,1,0,0,0,1,1,1,0,1,1,0,0,1,1,0,1,1,1,1,1,0,1,1,0,1,1,1,1,1,1,1,1,1,0,1,1,0,0,0,0,1,0,1,1,0,1,1,1,1,1,0,1,1,0,1,1,1,1,1,1,0,0,1,1,0,0,1,1,0,1,0,0,0,1,0,1,0,1,0,0
1,1,1,1,0,1,1,1,0,0,0,0,0,0,0,0,1,1,1,0,0,1,1,1,0,1,1,0,1,1,1,0,0,1,0,0,0,0,0,1,0,1,1,1,0,0,0,1,1,0,0,1,0,0,0,0,1,1,1,0,0,0,1,1,1,0,0,0,1,0,0,1,0,1,0,0,0,0,0,0,1,0,0,0,0,1,1,0,1,0,1,0,0,0,0,1,0,1,0,0,0,0,0,0,0,1,0,1,0,0,0,1,1,1,0,0,0,1,1,0,1,0,0,1,0,0,0,1,1,1,0,0,1,0,1,0,1,0,0,1,0,1,0,0,0,1,1,1,0,1,1,0,0,1,1,0,1,1,1,1,1,0,1,1,0,1,1,1,1,1,1,1,1,1,0,1,1,0,0,0,0,1,0,1,1,0,1,1,1,1,1,0,1,1,0,1,1,1,1,1,1,0,0,1,1,0,0,1,1,0,1,0,0,0,1,0,1,0,1,0,0
0,1,0,1,0,1,1,1,0,0,0,0,0,0,0,0,1,1,1,0,0,1,1,1,0,1,1,0,1,1,1,0,0,1,0,0,0,1,1,1,0,1,1,1,0,0,0,1,1,0,0,1,0,0,0,0,1,1,1,0,0,0,1,1,1,0,0,0,1,0,0,1,0,1,0,0,0,0,0,0,1,0,0,0,0,1,1,0,1,0,1,0,0,0,0,1,0,1,0,0,0,0,0,0,0,1,0,1,0,0,0,1,1,1,0,0,0,1,1,0,1,0,0,1,0,0,0,1,1,1,0,0,1,0,1,0,1,0,0,1,0,1,0,0,0,1,1,1,0,1,1,0,0,1,1,0,1,1,1,1,1,0,1,1,0,1,1,1,1,1,0,0,1,1,0,1,1,0,0,0,0,1,0,1,1,0,1,1,1,1,1,0,1,1,0,1,1,1,1,1,1,0,0,1,1,0,0,1,1,0,1,0,0,0,1,0,1,0,1,0,0
1,1,0,1,0,1,1,1,0,0,0,0,0,0,0,0,1,1,1,0,0,1,1,1,0,1,1,0,1,1,1,0,0,1,0,0,0,1,1,1,0,1,1,1,0,0,0,1,1,0,0,1,0,0,0,0,1,1,1,0,0,0,1,1,1,0,0,0,1,0,0,1,0,1,0,0,0,0,0,0,1,0,0,0,0,1,1,0,1,0,1,0,0,0,0,1,0,1,0,0,0,0,0,0,0,1,0,1,0,0,0,1,1,1,0,0,0,1,1,0,1,0,0,1,0,0,0,1,1,1,0,0,1,0,1,0,1,0,0,1,0,1,0,0,0,1,1,1,0,1,1,0,0,1,1,0,1,1,1,1,1,0,1,1,0,1,1,1,1,1,1,1,1,1,0,1,1,0,0,0,0,1,0,1,1,0,1,1,1,1,1,0,1,1,0,1,1,1,1,1,1,0,0,1,1,0,0,1,1,0,1,0,0,0,1,0,1,0,1,0,0
1,1,1,1,0,1,1,1,0,0,0,0,0,0,0,0,1,1,1,0,0,1,1,1,0,1,1,0,1,1,1,0,0,1,0,0,0,1,1,1,0,1,1,1,0,0,0,1,1,0,0,1,0,0,0,0,1,1,1,0,0,0,1,1,1,0,0,0,1,0,0,1,0,1,0,0,0,0,0,0,1,0,0,0,0,1,1,0,1,0,1,0,0,0,0,1,0,1,0,0,0,0,0,0,0,1,0,1,0,0,0,1,1,1,0,0,0,1,1,0,1,0,0,1,0,0,0,1,1,1,0,0,1,0,1,0,1,0,0,1,0,1,0,0,0,1,1,1,0,1,1,0,0,1,1,0,1,1,1,1,1,0,1,1,0,1,1,1,1,1,1,1,1,1,0,1,1,0,0,0,0,1,0,1,1,0,1,1,1,1,1,0,1,1,0,1,1,1,1,1,1,0,0,1,1,0,0,1,1,0,1,0,0,0,1,0,1,0,1,0,0
0,1,0,1,1,1,0,0,0,0,0,0,0,0,0,1,1,1,0,1,1,1,0,0,0,1,1,0,0,0,1,0,0,1,0,0,0,0,1,0,0,1,1,1,1,1,0,1,1,0,0,0,1,1,1,1,0,0,0,1,1,1,1,1,1,0,0,0,1,0,1,0,1,0,0,1,1,0,0,1,0,0,0,1,1,0,0,0,1,0,0,0,0,0,0,0,1,0,0,1,0,0,1,0,1,1,1,0,0,1,1,1,0,0,0,1,1,0,1,0,0,1,1,0,1,0,1,0,0,0,1,0,0,0,0,1,0,0,0,0,1,0,0,1,0,0,0,1,1,0,1,1,0,0,0,0,0,0,0,0,1,0,0,1,0,0,0,0,0,0,1,0,0,0,1,0,1,1,1,0,1,0,0,0,0,0,0,0,0,0,0,0,0,0,0,1,0,0,0,0,0,0,0,0,0,0,0,0,0,0,0,0,0,0,0,0,0,0,0,0,0
0,1,0,1,1,0,0,0,0,0,0,0,0,0,0,1,1,1,0,1,1,1,0,0,0,1,1,0,0,0,0,0,0,1,0,0,0,0,1,0,0,1,0,0,1,1,0,1,0,0,0,0,1,1,1,1,0,0,0,1,1,1,1,1,1,0,0,0,0,0,1,0,1,0,0,1,1,0,0,1,0,0,0,1,1,0,0,0,1,0,0,0,0,0,0,0,1,0,0,1,0,0,1,0,1,1,1,0,0,1,1,1,0,0,0,1,1,0,1,0,0,1,1,0,0,0,1,0,0,0,1,0,0,0,0,1,0,0,0,0,1,0,0,1,0,0,0,1,1,0,0,0,0,0,0,0,0,0,0,0,1,0,0,1,0,0,0,0,0,0,1,0,0,0,1,0,1,1,0,0,1,0,0,0,0,0,0,0,0,0,0,0,0,0,0,1,0,0,0,0,0,0,0,0,0,0,0,0,0,0,0,0,0,0,0,0,0,0,0,0,0
0,1,0,1,1,1,0,0,0,0,0,0,0,0,0,1,1,1,0,1,1,1,0,0,0,1,1,0,0,0,1,0,0,1,0,0,0,0,1,0,0,1,1,1,1,1,0,1,1,0,0,1,1,1,1,1,0,0,0,1,1,1,1,1,1,0,0,0,1,0,1,0,1,0,0,1,1,0,0,1,0,0,0,1,1,0,0,0,1,0,0,0,0,0,0,0,1,0,0,1,0,0,1,0,1,1,1,0,0,1,1,1,0,0,0,1,1,0,1,0,0,1,1,0,1,0,1,0,0,0,1,0,0,0,0,1,0,0,0,0,1,0,0,1,0,0,0,1,1,0,1,1,0,0,0,0,0,0,0,0,1,0,0,1,0,0,0,0,0,0,1,0,0,0,1,0,1,1,1,0,1,0,0,0,0,0,0,0,0,0,0,0,0,0,0,1,1,0,0,0,0,0,0,0,0,0,0,0,0,0,0,0,0,0,0,0,0,0,0,0,0
0,1,0,1,1,0,0,0,0,0,0,0,0,0,0,1,1,1,0,1,1,1,0,0,0,1,1,0,0,0,0,0,0,1,0,0,0,0,1,0,0,1,0,0,1,1,0,1,0,0,0,1,1,1,1,1,0,0,0,1,1,1,1,1,1,0,0,0,0,0,1,0,1,0,0,1,1,0,0,1,0,0,0,1,1,0,0,0,1,0,0,0,0,0,0,0,1,0,0,1,0,0,1,0,1,1,1,0,0,1,1,1,0,0,0,1,1,0,1,0,0,1,1,0,0,0,1,0,0,0,1,0,0,0,0,1,0,0,0,0,1,0,0,1,0,0,0,1,1,0,0,0,0,0,0,0,0,0,0,0,1,0,0,1,0,0,0,0,0,0,1,0,0,0,1,0,1,1,0,0,1,0,0,0,0,0,0,0,0,0,0,0,0,0,0,1,1,0,0,0,0,0,0,0,0,0,0,0,0,0,0,0,0,0,0,0,0,0,0,0,0
0,1,0,1,1,1,0,0,0,1,0,0,0,0,0,1,1,1,0,1,1,1,0,0,0,1,1,0,0,0,1,0,1,1,0,0,0,0,1,0,1,1,1,1,1,1,1,1,1,0,0,1,1,1,1,1,0,0,0,1,1,1,1,1,1,0,0,0,1,0,1,0,1,0,0,1,1,0,0,1,0,0,0,1,1,0,0,0,1,0,0,0,0,0,0,0,1,0,1,1,1,0,1,0,1,1,1,0,0,1,1,1,0,0,0,1,1,0,1,1,0,1,1,0,1,0,1,0,0,0,1,0,0,0,0,1,0,1,0,0,1,0,1,1,0,0,0,1,1,0,1,1,0,0,0,0,0,0,0,0,1,0,0,1,0,0,0,0,0,0,1,0,0,0,1,0,1,1,1,0,1,0,0,0,0,0,0,0,0,0,0,0,0,0,0,1,1,0,0,0,0,0,0,0,0,0,0,0,0,0,0,0,0,0,0,0,0,0,0,0,0
0,1,0,1,1,0,0,0,0,1,0,0,0,0,0,1,1,1,0,1,1,1,0,0,0,1,1,0,0,0,0,0,1,1,0,0,0,0,1,0,1,1,0,0,1,1,1,1,0,0,0,1,1,1,1,1,0,0,0,1,1,1,1,1,1,0,0,0,0,0,1,0,1,0,0,1,1,0,0,1,0,0,0,1,1,0,0,0,1,0,0,0,0,0,0,0,1,0,1,1,1,0,1,0,1,1,1,0,0,1,1,1,0,0,0,1,1,0,1,1,0,1,1,0,0,0,1,0,0,0,1,0,0,0,0,1,0,1,0,0,1,0,1,1,0,0,0,1,1,0,0,0,0,0,0,0,0,0,0,0,1,0,0,1,0,0,0,0,0,0,1,0,0,0,1,0,1,1,0,0,1,0,0,0,0,0,0,0,0,0,0,0,0,0,0,1,1,0,0,0,0,0,0,0,0,0,0,0,0,0,0,0,0,0,0,0,0,0,0,0,0
0,1,0,1,1,1,1,0,0,0,1,0,0,1,0,1,1,1,0,1,1,1,0,0,0,1,1,0,0,0,1,0,0,1,0,0,0,0,1,1,0,1,0,1,1,1,0,1,1,0,0,1,1,1,1,1,1,1,1,1,1,1,1,1,1,0,0,0,1,0,1,0,1,0,0,1,1,0,0,1,0,0,0,1,1,0,0,0,1,0,1,0,0,0,0,0,1,1,0,1,0,0,1,0,1,1,1,0,0,1,1,1,1,1,1,1,1,1,1,0,0,1,1,1,0,1,1,1,1,0,1,0,0,0,0,1,1,0,0,1,1,0,0,1,0,1,1,1,1,0,0,0,0,1,0,0,0,0,0,1,1,1,0,1,0,1,0,0,1,0,1,0,0,1,1,1,1,1,0,1,1,1,0,0,0,0,1,1,0,1,0,1,0,0,0,1,1,1,1,0,0,0,1,0,0,0,0,1,1,0,0,0,1,0,1,0,1,0,0,0,1
0,1,0,1,1,1,1,0,0,0,0,0,0,0,0,1,1,1,0,1,1,1,0,0,0,1,1,0,0,0,1,0,0,1,1,0,0,0,1,0,0,1,1,1,1,1,0,1,1,0,0,0,1,1,1,1,0,0,0,1,1,1,1,1,1,0,0,0,1,1,1,0,1,0,0,1,1,0,0,1,0,0,0,1,1,0,0,0,1,0,0,0,0,0,0,0,1,0,0,1,0,0,1,0,1,1,1,0,0,1,1,1,0,0,0,1,1,1,1,0,0,1,1,0,1,0,1,1,1,0,1,0,0,0,0,1,0,0,0,0,1,0,0,1,0,0,0,1,1,0,1,1,1,1,0,0,0,0,0,0,1,0,0,1,0,1,1,0,1,0,1,0,0,0,1,1,1,1,1,0,1,0,1,0,0,0,1,1,0,1,0,0,0,0,0,1,1,1,1,0,0,0,0,0,0,0,0,0,0,0,0,0,0,0,0,0,0,0,0,0,0
0,1,0,1,1,1,0,0,0,0,0,0,0,0,0,1,1,1,0,1,1,1,0,0,0,1,1,0,0,0,1,0,0,1,0,0,0,0,1,0,0,1,1,1,1,1,0,1,1,0,0,0,1,1,1,1,0,0,0,1,1,1,1,1,1,0,0,0,1,0,1,0,1,0,0,1,1,0,0,1,0,0,0,1,1,0,0,0,1,0,0,0,0,0,0,0,1,0,0,1,0,0,1,0,1,1,1,0,0,1,1,1,0,0,0,1,1,0,1,0,0,1,1,0,1,0,1,0,0,0,1,0,0,0,0,1,0,0,0,0,1,0,0,1,0,0,0,1,1,0,1,1,0,0,0,0,0,0,0,0,1,0,0,1,0,0,0,0,0,0,1,0,0,0,1,0,1,1,1,0,1,0,0,0,0,0,0,0,0,0,0,0,0,0,0,1,1,0,0,0,0,0,0,0,0,0,0,0,0,0,0,0,0,0,0,0,0,0,0,0,0
0,1,0,1,1,1,0,0,0,0,0,0,0,0,0,1,1,1,0,1,1,1,0,0,0,1,1,0,0,0,1,0,0,1,0,0,0,0,1,0,0,1,1,1,1,1,0,1,1,0,0,0,1,1,1,1,0,0,0,1,1,1,1,1,1,0,0,0,1,0,1,0,1,0,0,1,1,0,0,1,0,0,0,1,1,0,0,0,1,0,0,0,0,0,0,0,1,0,0,1,0,0,1,0,1,1,1,0,0,1,1,1,0,0,0,1,1,0,1,0,0,1,1,0,1,0,1,0,0,0,1,0,0,0,0,1,0,0,0,0,1,0,0,1,0,0,0,1,1,0,1,1,0,0,0,0,0,0,0,0,1,0,0,1,0,0,0,0,0,0,1,0,0,0,1,0,1,1,1,0,1,0,0,0,0,0,0,0,0,0,0,0,0,0,0,1,1,0,0,0,0,0,0,0,0,0,0,0,0,0,0,0,0,0,0,0,0,0,0,0,0
0,1,0,1,1,1,0,0,0,0,0,0,0,0,0,1,1,1,0,1,1,1,0,0,0,1,1,0,0,0,1,0,0,1,0,0,0,0,1,0,0,1,1,1,1,1,0,1,1,0,0,0,1,1,1,1,0,0,0,1,1,1,1,1,1,0,0,0,1,0,1,0,1,0,0,1,1,0,0,1,0,0,0,1,1,0,0,0,1,0,0,0,0,0,0,0,1,0,0,1,0,0,1,0,1,1,1,0,0,1,1,1,0,0,0,1,1,0,1,0,0,1,1,0,1,0,1,0,0,0,1,0,0,0,0,1,0,0,1,0,1,0,0,1,1,0,0,1,1,0,1,1,0,0,0,1,0,0,0,0,1,0,0,1,0,0,0,0,0,0,1,0,0,0,1,0,1,1,1,0,1,0,0,0,0,0,0,0,0,0,0,0,0,0,0,1,0,0,0,0,0,0,0,0,0,0,0,0,0,0,0,0,0,0,0,0,0,0,0,0,0
0,1,0,1,1,1,0,0,0,0,0,0,0,0,0,1,1,1,0,1,1,1,0,0,0,1,1,0,0,0,1,0,0,1,0,0,0,0,1,0,0,1,1,1,1,1,0,1,1,0,0,0,1,1,1,1,0,0,0,1,1,1,1,1,1,0,0,0,1,0,1,0,1,0,0,1,1,0,0,1,0,0,0,1,1,0,0,0,1,0,0,0,0,0,0,0,1,0,0,1,0,0,1,0,1,1,1,0,0,1,1,1,0,0,0,1,1,0,1,0,0,1,1,0,1,0,0,0,0,0,1,0,0,0,0,1,0,0,1,0,1,0,0,1,0,0,0,1,0,0,1,1,0,0,0,0,0,0,0,0,1,0,0,1,0,0,0,0,0,0,1,0,0,0,1,0,1,1,1,0,1,0,0,0,0,0,0,0,0,0,0,0,0,0,0,1,0,0,0,0,0,0,0,0,0,0,0,0,0,0,0,0,0,0,0,0,0,0,0,0,0
0,1,0,1,1,1,0,0,0,0,0,0,0,0,0,1,1,1,1,1,1,1,0,1,0,1,1,0,1,0,1,0,0,1,0,0,0,0,1,0,0,1,1,1,1,1,0,1,1,0,0,0,1,1,1,1,0,0,0,1,1,1,1,1,1,0,0,0,1,0,1,0,1,0,0,1,1,0,0,1,0,0,0,1,1,0,0,0,1,0,0,0,0,0,0,0,1,0,0,1,0,0,1,0,1,1,1,0,0,1,1,1,0,0,0,1,1,0,1,0,0,1,1,0,1,0,1,0,0,0,1,0,0,0,0,1,0,0,0,0,1,0,0,1,0,0,0,1,1,0,1,1,0,0,0,0,0,0,0,0,1,0,0,1,0,0,0,0,0,0,1,0,0,0,1,0,1,1,1,0,1,0,0,0,0,0,0,0,0,0,0,0,0,0,0,1,1,0,0,0,0,0,0,0,0,0,1,0,0,0,0,0,0,0,0,0,0,0,0,0,0
0,1,0,1,1,0,0,0,0,0,1,0,1,1,0,1,1,1,0,0,0,0,0,0,0,1,1,0,0,0,0,0,0,1,0,0,0,1,1,0,0,1,0,0,1,1,0,1,0,0,0,1,1,1,1,1,0,0,0,1,1,1,1,1,1,0,0,0,0,0,1,0,1,0,0,1,1,0,0,1,0,0,0,1,1,0,0,0,1,0,0,0,0,0,0,0,1,0,0,1,0,0,1,0,1,1,1,0,0,1,1,1,0,0,0,1,1,0,1,0,0,1,1,0,0,0,1,0,0,0,1,0,0,0,0,1,0,0,0,0,1,0,0,1,0,0,0,1,1,0,0,0,0,0,0,0,0,0,0,0,1,0,0,1,0,0,0,0,0,0,1,0,0,0,1,0,1,1,0,0,1,0,0,0,0,0,0,0,0,0,0,0,0,0,0,1,0,0,0,0,0,0,0,0,0,0,0,0,0,0,0,0,0,0,0,0,0,0,0,0,0
0,1,0,1,1,0,0,0,0,0,0,0,0,0,0,1,1,1,1,1,1,1,0,1,0,1,1,0,1,0,0,0,0,1,0,0,0,0,1,0,0,1,0,0,1,1,0,1,0,0,0,0,1,1,1,1,0,0,0,1,1,1,1,1,1,0,0,0,0,0,1,0,1,0,0,1,1,0,0,1,0,0,0,1,1,0,0,0,1,0,0,0,0,0,0,0,1,0,0,1,0,0,1,0,1,1,1,0,0,1,1,1,0,0,0,1,1,0,1,0,0,1,1,0,0,0,1,0,0,0,1,0,0,0,0,1,0,0,0,0,1,0,0,1,0,0,0,1,1,0,0,0,0,0,0,0,0,0,0,0,1,0,0,1,0,0,0,0,0,0,1,0,0,0,1,0,1,1,0,0,1,0,0,0,0,0,0,0,0,0,0,0,0,0,0,1,0,0,0,0,0,0,0,0,0,0,1,0,0,1,0,0,0,0,0,0,0,1,0,0,0
0,1,0,1,1,0,0,0,0,0,0,0,0,0,0,1,1,1,1,1,1,1,0,1,0,1,1,0,1,0,0,0,0,1,0,0,0,0,1,0,0,1,0,0,1,1,0,1,0,0,0,0,1,1,1,1,0,0,0,1,1,1,1,1,1,0,0,0,0,0,1,0,1,0,0,1,1,0,0,1,0,0,0,1,1,0,0,0,1,0,0,0,0,0,0,0,1,0,0,1,0,0,1,0,1,1,1,0,0,1,1,1,0,0,0,1,1,0,1,0,0,1,1,0,0,0,0,0,0,0,1,0,0,0,0,1,0,0,1,0,1,0,0,1,0,0,0,1,0,0,0,0,0,0,0,0,0,0,0,0,1,0,0,1,0,0,0,0,0,0,1,0,0,0,1,0,1,1,0,0,1,0,0,0,0,0,0,0,0,0,0,0,0,0,0,1,0,0,0,0,0,0,0,0,0,0,1,0,0,1,0,0,0,0,0,0,0,1,0,0,0
0,1,0,1,1,0,0,0,0,0,0,0,0,0,0,1,1,1,1,1,1,1,0,1,0,1,1,0,1,0,0,0,0,1,0,0,0,0,1,0,0,1,0,0,1,1,0,1,0,0,0,0,1,1,1,1,0,0,0,1,1,1,1,1,1,0,0,0,0,0,1,0,1,0,0,1,1,0,0,1,0,0,0,1,1,0,0,0,1,0,0,0,0,0,0,0,1,0,0,1,0,0,1,0,1,1,1,0,0,1,1,1,0,0,0,1,1,0,1,0,0,1,1,0,0,0,0,0,0,0,1,0,0,0,0,1,0,0,0,0,1,0,0,1,0,0,0,1,0,0,0,0,0,0,0,0,0,0,0,0,1,0,0,1,0,0,0,0,0,0,1,0,0,0,1,0,1,1,0,0,1,0,0,0,0,0,0,0,0,0,0,0,0,0,0,1,0,0,0,0,0,0,0,0,0,0,1,0,0,1,0,0,0,0,0,0,0,1,0,0,0
0,1,0,1,1,0,0,0,0,0,0,0,0,0,0,1,1,1,1,1,1,1,0,1,0,1,1,0,1,0,0,0,0,1,0,0,0,0,1,0,0,1,0,0,1,1,0,1,0,0,0,0,1,1,1,1,0,0,0,1,1,1,0,1,1,0,0,0,0,0,1,0,1,0,0,1,1,0,0,1,0,0,0,1,1,0,0,0,1,0,0,0,0,0,0,0,1,0,0,1,0,0,1,0,1,1,1,0,0,1,1,1,0,0,0,1,1,0,1,0,0,1,1,0,0,0,0,0,0,0,1,0,0,0,0,1,0,0,0,0,1,0,0,1,0,0,0,1,0,0,0,0,0,0,0,0,0,0,0,0,1,0,0,1,0,0,0,0,0,0,1,0,0,0,1,0,1,1,0,0,1,0,0,0,0,0,0,0,0,0,0,0,0,0,0,1,0,0,0,0,0,0,0,0,0,0,1,0,0,1,0,0,0,0,0,0,0,1,0,0,0
0,1,0,1,1,0,0,0,0,0,0,0,0,0,0,1,1,1,1,0,0,1,0,0,0,1,1,0,1,0,0,0,0,1,0,0,0,0,1,0,0,1,0,0,1,1,0,1,0,0,0,1,1,1,1,1,0,0,0,1,1,1,1,1,1,0,0,0,0,0,1,0,1,0,0,1,1,0,0,1,0,0,0,1,1,0,0,0,1,0,0,0,0,0,0,0,1,0,0,1,0,0,1,0,1,1,1,0,0,1,1,1,0,0,0,1,1,0,1,0,0,1,1,0,0,0,1,0,0,0,1,0,0,0,0,1,0,0,0,0,1,0,0,1,0,0,0,1,1,0,0,0,0,0,0,0,0,0,0,0,1,0,0,1,0,0,0,0,0,0,1,0,0,0,1,0,1,1,0,0,1,0,0,0,0,0,0,0,0,0,0,0,0,0,0,1,0,0,0,0,0,0,0,0,0,0,0,0,0,0,0,0,0,0,0,0,0,0,0,0,0
0,1,0,1,1,0,0,0,0,0,0,0,0,0,0,1,1,1,1,0,0,1,0,0,0,1,1,0,1,0,0,0,0,1,0,0,0,0,1,0,0,1,0,0,1,1,0,1,0,0,0,1,1,1,1,1,0,0,0,1,1,1,1,1,1,0,0,0,0,0,1,0,1,0,0,1,1,0,0,1,0,0,0,1,1,0,0,0,1,0,0,0,0,0,0,0,1,0,0,1,0,0,1,0,1,1,1,0,0,1,1,1,0,0,0,1,1,0,1,0,0,1,1,0,0,0,0,0,0,0,1,0,0,0,0,1,0,0,1,0,1,0,0,1,0,0,0,1,0,0,0,0,0,0,0,0,0,0,0,0,1,0,0,1,0,0,0,0,0,0,1,0,0,0,1,0,1,1,0,0,1,0,0,0,0,0,0,0,0,0,0,0,0,0,0,1,0,0,0,0,0,0,0,0,0,0,0,0,0,0,0,0,0,0,0,0,0,0,0,0,0
0,1,0,1,1,0,0,0,0,0,0,0,0,0,0,1,1,1,1,0,0,1,0,0,0,1,1,0,1,0,0,0,0,1,0,0,0,0,1,0,0,1,0,0,1,1,0,1,0,0,0,1,1,1,1,1,0,0,0,1,1,1,1,1,1,0,0,0,0,0,1,0,1,0,0,1,1,0,0,1,0,0,0,1,1,0,0,0,1,0,0,0,0,0,0,0,1,0,0,1,0,0,1,0,1,1,1,0,0,1,1,1,0,0,0,1,1,0,1,0,0,1,1,0,0,0,0,0,0,0,1,0,0,0,0,1,0,0,0,0,1,0,0,1,0,0,0,1,0,0,0,0,0,0,0,0,0,0,0,0,1,0,0,1,0,0,0,0,0,0,1,0,0,0,1,0,1,1,0,0,1,0,0,0,0,0,0,0,0,0,0,0,0,0,0,1,0,0,0,0,0,0,0,0,0,0,0,0,0,0,0,0,0,0,0,0,0,0,0,0,0
0,1,0,1,1,0,0,0,0,0,0,0,0,0,0,1,1,1,1,0,0,1,0,0,0,1,1,0,1,0,0,0,0,1,0,0,0,0,1,0,0,1,0,0,1,1,0,1,0,0,0,1,1,1,1,1,0,0,0,1,1,1,1,1,1,0,0,0,0,0,1,0,1,0,0,1,1,0,0,1,0,0,0,1,1,0,0,0,1,0,0,0,0,0,0,0,1,0,0,1,0,0,1,0,1,1,1,0,0,1,1,1,0,0,0,1,1,0,1,0,0,1,1,0,0,0,0,0,0,0,1,0,0,0,0,1,0,0,0,0,1,0,0,1,0,0,0,1,0,0,0,0,0,0,0,0,0,0,0,0,1,0,0,1,0,0,0,0,0,0,1,0,0,0,1,0,1,1,0,0,1,0,0,0,0,0,0,0,0,0,0,0,0,0,0,1,0,0,0,0,0,0,0,0,0,0,0,0,0,0,0,0,0,0,0,0,0,0,0,0,0
0,1,0,1,1,0,0,0,0,0,0,0,0,0,0,1,1,1,1,1,1,1,0,1,0,1,1,0,1,0,0,0,0,1,0,0,0,1,1,0,0,1,0,0,1,1,0,1,0,0,0,0,1,1,1,1,0,0,0,1,1,1,1,1,1,0,0,0,0,0,1,0,1,0,0,1,1,0,0,1,0,0,0,1,1,0,0,0,1,0,0,0,0,0,0,0,1,0,0,1,0,0,1,0,1,1,1,0,0,1,1,1,0,0,0,1,1,0,1,0,0,1,1,0,0,0,0,0,0,0,1,0,0,0,0,1,0,0,1,0,1,0,0,1,0,0,0,1,0,0,0,0,0,0,0,0,0,0,0,0,1,0,0,1,0,0,0,0,0,0,1,0,0,0,1,0,1,1,0,0,1,0,0,0,0,0,0,0,0,0,0,0,0,0,0,1,0,0,0,0,0,0,0,0,0,0,0,0,0,0,0,0,0,0,0,0,0,0,0,0,0
0,1,0,1,1,0,0,0,0,0,0,0,0,0,0,1,1,1,1,1,1,1,0,1,0,1,1,0,1,0,0,0,0,1,0,0,1,0,1,0,0,1,0,0,1,1,0,1,0,0,0,0,1,1,1,1,0,0,0,1,1,1,1,1,1,0,0,0,0,0,1,0,1,0,0,1,1,0,0,1,0,0,0,1,1,0,0,0,1,0,0,0,0,0,0,0,1,0,0,1,0,0,1,0,1,1,1,0,0,1,1,1,0,0,0,1,1,0,1,0,0,1,1,0,0,0,0,0,0,0,1,0,0,0,0,1,0,0,0,0,1,0,0,1,0,0,0,1,0,0,0,0,0,0,0,0,0,0,0,0,1,0,0,1,0,0,0,0,0,0,1,0,0,0,1,0,1,1,0,0,1,0,0,0,0,0,0,0,0,0,0,0,0,0,0,1,0,0,0,0,0,0,0,0,0,0,0,0,0,0,0,0,0,0,0,0,0,0,0,0,0
0,1,0,1,0,0,0,0,0,0,0,0,0,0,0,1,1,1,0,1,1,1,0,0,0,1,1,0,0,0,0,0,0,1,0,0,0,0,0,0,0,1,0,0,0,1,0,1,0,1,1,0,1,1,0,1,0,0,0,1,0,1,1,1,1,1,0,1,0,0,1,0,0,0,1,0,1,0,0,1,0,1,1,1,1,0,0,1,1,1,0,1,1,1,1,0,1,0,0,1,0,1,1,1,1,1,1,0,0,1,1,1,0,0,0,1,1,0,1,0,0,1,1,0,0,0,0,0,0,0,1,1,0,0,0,1,0,0,0,0,0,0,0,1,0,0,0,1,0,0,0,0,0,0,0,0,0,0,0,0,1,0,0,1,1,0,0,0,0,0,1,0,0,0,1,0,1,1,0,0,1,0,0,0,0,1,0,0,0,0,0,0,0,0,0,1,1,0,0,0,0,0,0,0,0,0,1,0,0,0,0,0,0,0,0,0,0,0,0,0,0
0,1,0,1,1,0,0,0,0,0,0,0,0,0,0,1,1,1,1,1,1,1,0,1,0,1,1,0,1,0,0,0,0,1,0,0,1,0,1,0,0,1,0,0,1,1,0,1,0,0,0,0,1,1,1,1,0,0,0,1,1,1,1,1,1,0,0,0,0,0,1,0,1,0,0,1,1,0,0,1,0,0,0,1,1,0,0,0,1,0,0,0,0,0,0,0,1,0,0,1,0,0,1,0,1,1,1,0,0,1,1,1,0,0,0,1,1,0,1,0,0,1,1,0,0,0,0,0,0,0,1,0,0,0,0,1,0,0,0,0,1,0,0,1,0,0,0,1,0,0,0,0,0,0,0,0,0,0,0,0,1,0,0,1,0,0,0,0,0,0,1,0,0,0,1,0,1,1,0,0,1,0,0,0,0,0,0,0,0,0,0,0,0,0,0,1,0,0,0,0,0,0,0,0,0,0,0,0,0,0,0,0,0,0,0,0,0,0,0,0,0
0,1,0,1,1,0,0,0,0,0,0,0,0,0,0,1,1,1,0,1,1,1,0,0,0,1,1,0,0,0,0,0,0,1,0,0,0,0,0,0,0,1,0,0,0,1,0,1,0,1,1,0,1,1,0,1,0,0,0,1,0,1,1,1,1,1,0,1,0,0,1,0,0,0,1,0,0,0,0,1,0,1,1,1,1,0,0,1,1,1,0,1,1,1,1,0,1,0,0,0,0,1,1,1,1,1,1,0,0,1,0,1,0,0,0,1,0,0,1,0,0,1,1,0,0,0,0,0,0,0,1,0,0,0,0,1,0,0,1,0,1,0,0,1,1,0,0,1,0,0,0,0,0,0,0,1,0,0,0,0,1,0,0,1,1,0,0,0,0,0,0,0,0,0,1,0,1,1,0,0,1,0,0,0,0,1,0,0,0,0,0,0,0,0,0,1,1,0,0,0,0,0,0,0,0,0,1,0,0,0,0,0,0,0,0,0,0,0,0,0,0
0,0,0,1,1,0,0,0,0,0,0,0,0,0,0,1,1,1,0,1,1,1,0,0,0,1,1,0,0,0,0,0,0,1,0,0,0,0,0,0,0,1,0,0,0,1,0,1,0,1,1,0,1,1,0,1,0,0,0,1,0,1,1,1,1,1,0,1,0,0,1,0,0,0,1,0,1,0,0,1,0,1,1,1,1,0,0,1,1,1,0,1,1,1,1,0,1,0,0,1,0,1,1,1,1,1,1,0,0,1,1,1,0,0,0,1,1,0,1,0,0,1,1,0,0,0,1,0,0,0,1,1,0,0,0,1,0,0,0,0,1,0,0,1,0,0,0,1,1,0,0,0,0,0,0,0,0,0,0,0,1,0,0,1,1,0,0,0,0,0,1,0,0,0,1,0,1,1,0,0,1,0,0,0,0,1,0,0,0,0,0,0,0,0,0,0,0,0,0,0,0,0,0,0,0,0,0,0,0,0,0,0,0,0,0,0,0,0,0,0,0
0,0,0,1,1,0,0,0,1,0,1,0,1,1,0,1,1,1,0,0,0,0,0,0,0,1,1,0,0,0,0,1,0,1,0,0,0,0,0,0,0,1,0,0,0,1,0,1,0,0,0,0,1,1,0,1,0,0,0,1,0,1,1,1,1,0,0,0,0,0,1,0,0,0,0,0,0,0,0,1,0,0,0,1,1,0,0,0,1,0,0,0,0,0,0,0,0,0,0,0,0,0,1,0,1,1,1,0,0,1,0,1,0,0,0,1,0,0,1,0,0,1,1,0,0,0,0,0,0,0,1,0,0,0,0,0,0,0,0,0,0,0,0,1,0,0,0,1,0,0,0,0,0,0,0,0,0,0,0,0,0,0,0,1,1,0,0,0,0,0,0,0,0,0,1,0,1,0,0,0,1,0,0,0,0,0,0,0,0,0,0,0,0,0,0,0,0,0,0,0,0,0,0,0,0,0,0,0,0,0,0,0,0,0,0,0,0,0,0,0,0
0,0,0,1,1,0,0,0,0,0,0,0,0,0,0,1,1,1,0,1,1,1,0,0,0,1,1,0,0,0,0,0,0,1,0,0,0,0,1,0,0,1,0,0,1,1,0,1,0,1,1,0,1,1,1,1,0,0,0,1,1,1,1,1,1,1,0,1,0,0,1,0,1,0,1,1,0,0,0,1,0,1,1,1,1,0,0,1,1,1,0,1,1,1,1,0,1,0,0,1,0,1,1,1,1,1,1,0,0,1,1,1,0,0,0,1,1,0,1,0,0,1,1,0,0,0,1,0,0,0,1,0,0,0,0,1,0,0,0,0,1,0,0,1,0,0,0,1,1,0,0,0,0,0,0,0,0,0,0,0,1,0,0,1,1,0,0,0,0,0,0,0,0,0,1,0,1,1,0,0,1,0,0,0,0,1,0,0,0,0,0,0,0,0,0,1,0,0,0,0,0,0,0,0,0,0,0,0,0,0,0,0,0,0,0,0,0,0,0,0,0
0,0,0,1,1,0,0,0,0,0,0,0,0,0,0,1,1,1,0,0,0,1,0,0,0,0,0,0,0,0,0,0,0,1,0,0,0,0,1,0,0,1,0,0,0,0,0,1,0,0,0,0,1,0,0,0,0,0,0,0,0,0,1,1,1,0,0,0,0,0,1,0,1,0,0,0,0,0,0,1,0,0,0,0,1,0,0,1,0,0,0,0,0,1,0,0,0,0,0,0,0,0,1,0,0,1,0,0,0,1,1,1,0,0,0,0,0,0,0,0,0,1,1,0,0,0,0,0,0,0,1,0,0,0,0,0,0,0,0,0,0,0,0,0,0,0,0,1,0,0,0,0,0,0,0,0,0,0,0,0,0,0,0,0,1,0,0,0,0,0,0,0,0,0,1,0,1,0,0,0,0,0,0,0,0,0,0,0,0,0,0,0,0,0,0,1,0,0,0,0,0,0,0,0,0,0,0,0,0,0,0,0,0,0,0,0,0,0,0,0,0
0,1,0,0,0,1,0,0,0,0,0,0,0,0,0,1,1,1,1,0,0,1,0,0,0,0,1,0,0,0,1,0,0,0,0,0,1,0,0,1,0,1,0,1,0,0,0,1,0,0,0,0,0,0,0,0,0,0,0,0,0,0,1,0,0,0,0,0,0,0,0,1,0,1,0,0,0,0,0,0,1,0,0,0,0,0,0,0,1,0,0,0,0,0,0,1,0,0,0,0,0,0,0,0,0,0,0,1,0,0,0,1,0,0,0,0,0,0,1,0,1,0,0,0,0,0,0,0,0,0,0,0,1,0,0,0,0,0,0,0,0,1,0,0,0,0,0,1,0,0,0,0,0,0,0,0,0,1,0,0,1,0,0,1,0,0,0,0,0,0,0,0,0,0,0,0,1,0,0,0,0,0,0,1,1,0,0,0,1,0,0,0,1,0,0,1,1,0,0,0,0,0,0,1,0,0,0,0,0,0,0,0,0,0,0,0,0,0,0,0,0
0,1,0,0,0,1,1,0,0,0,1,0,0,1,0,1,1,1,1,0,0,1,0,0,0,0,1,0,0,0,1,0,0,0,0,0,1,0,0,1,0,1,0,1,0,0,0,1,1,0,0,0,0,0,0,0,1,1,1,0,0,0,1,0,0,0,0,0,1,0,0,1,0,1,0,0,0,0,0,0,1,0,0,0,0,0,0,0,1,0,1,0,0,0,0,1,0,1,0,0,0,0,0,0,0,0,0,1,0,0,0,1,1,1,1,0,0,1,1,0,1,0,0,1,0,1,0,1,1,0,0,0,1,0,0,0,1,0,0,1,0,1,0,0,0,1,1,1,0,0,0,0,0,1,0,0,0,1,0,1,1,1,0,1,0,1,0,0,1,0,0,0,0,1,0,1,1,0,0,1,0,1,0,1,1,0,1,0,1,1,0,0,1,1,0,1,1,1,1,0,0,0,0,1,1,0,0,1,1,0,0,0,1,0,1,0,1,0,0,0,1
0,1,0,1,0,1,0,0,0,0,1,0,1,1,0,1,1,1,1,0,0,1,0,0,0,1,1,0,1,0,1,0,0,0,0,0,1,0,1,1,0,1,0,1,1,1,0,1,0,0,0,1,1,1,1,1,0,0,0,0,1,1,1,0,0,1,1,1,0,0,1,1,1,1,0,1,1,0,0,1,1,0,0,1,1,0,0,1,1,1,0,1,1,1,0,1,1,0,0,1,0,1,1,1,1,0,1,1,0,1,1,1,0,0,0,1,1,0,1,0,1,1,1,0,0,0,1,0,0,0,1,0,1,0,0,1,0,0,0,0,1,1,0,1,0,0,0,1,1,0,0,0,0,0,0,0,0,1,0,0,1,0,0,1,1,0,0,0,0,0,0,0,0,0,1,0,1,1,0,0,1,0,0,1,1,1,0,0,1,0,0,0,1,0,1,1,1,0,0,0,0,0,0,1,0,0,0,0,0,0,0,0,0,0,0,0,0,0,0,0,0
0,1,0,1,0,1,0,0,1,0,1,0,1,1,0,1,1,1,1,0,0,1,0,0,0,1,1,0,1,0,1,1,0,0,0,0,1,0,1,1,0,1,0,1,1,1,0,1,0,0,0,1,0,1,1,0,0,0,0,0,1,1,1,0,0,1,0,1,0,0,1,1,1,1,0,1,0,0,0,1,1,0,0,1,0,0,0,1,1,1,0,1,0,0,0,1,1,0,0,1,0,1,0,0,1,0,1,1,0,1,1,1,0,0,0,1,1,0,1,0,1,1,0,0,0,0,0,0,0,0,1,0,1,0,0,1,0,0,0,0,0,1,0,1,0,0,0,1,0,0,0,0,0,0,0,0,0,1,0,0,1,0,0,1,0,0,0,0,0,0,0,0,0,0,0,0,1,1,0,0,1,0,0,1,1,0,0,0,1,0,0,0,1,0,1,1,1,0,0,0,0,0,0,1,0,0,0,0,0,0,0,0,0,0,0,0,0,0,0,0,0
0,1,0,1,0,1,0,0,0,0,1,0,1,1,0,1,1,1,1,0,0,1,0,0,0,1,1,0,1,0,1,0,0,1,0,0,1,0,1,1,0,1,0,1,1,1,0,1,0,0,0,1,1,1,1,1,0,0,0,0,1,1,1,1,1,1,0,1,0,0,1,1,1,1,0,1,1,0,0,1,1,0,0,1,1,0,0,1,1,1,0,1,1,1,0,1,1,0,0,1,0,1,1,0,1,0,1,1,0,1,1,1,0,0,0,1,1,0,1,0,1,1,1,0,0,0,1,0,0,0,1,0,1,0,0,1,0,0,0,0,1,1,0,1,0,0,0,1,1,0,0,0,0,0,0,0,0,1,0,0,1,0,0,1,1,0,0,0,0,0,1,0,0,0,1,0,1,1,0,0,1,0,0,1,1,1,0,0,1,0,0,0,1,0,1,1,1,0,0,0,0,0,0,1,0,0,0,0,0,0,0,0,0,0,0,0,0,0,0,0,0
0,1,0,1,0,1,1,0,1,0,0,0,0,0,0,0,0,1,1,0,0,0,0,0,0,0,1,0,0,0,1,1,0,1,0,0,0,0,0,0,0,1,1,1,0,0,0,1,1,0,0,1,1,0,0,0,0,0,0,0,0,0,1,1,1,0,0,0,1,0,0,1,0,0,0,0,0,1,0,0,1,0,0,0,0,1,0,0,1,0,0,0,0,0,0,1,0,0,0,0,0,0,0,0,0,1,0,1,0,0,0,1,0,0,0,0,0,0,1,0,1,0,1,0,1,0,0,0,0,0,0,0,1,0,0,0,0,0,0,0,0,1,0,0,0,0,0,1,0,0,1,1,0,0,0,0,0,1,0,0,1,0,0,1,1,0,0,0,0,0,1,0,0,0,1,0,1,0,1,0,0,0,0,1,1,0,0,0,1,0,0,0,1,0,0,0,0,0,0,0,0,0,0,1,0,0,0,0,0,0,0,0,0,0,0,0,0,0,0,0,0
0,1,0,1,0,1,0,0,0,0,1,0,1,1,0,1,1,1,1,0,0,1,1,1,0,1,1,0,1,1,1,0,0,1,0,0,1,0,1,1,0,1,0,1,1,1,0,1,0,0,0,0,1,1,1,1,0,0,0,1,1,1,1,1,1,1,0,1,0,0,1,1,1,1,0,1,1,0,0,1,1,0,0,1,1,0,0,1,1,1,0,1,1,1,0,1,1,0,0,1,0,1,1,0,1,0,1,1,0,1,1,1,0,0,0,1,1,0,1,0,1,1,1,0,0,0,1,0,0,0,1,1,1,0,0,1,0,0,0,0,1,1,0,1,0,0,0,1,1,0,0,0,0,0,0,0,0,1,0,0,1,0,0,1,1,0,0,0,0,0,1,0,0,0,1,0,1,1,0,0,1,0,0,1,1,1,0,0,1,0,0,0,1,0,1,1,1,0,0,0,0,0,0,1,0,0,0,0,0,0,0,0,0,0,0,0,0,0,0,0,0
0,1,0,1,0,1,1,0,1,0,0,0,0,0,0,0,0,1,1,0,0,0,0,0,0,0,1,0,0,0,1,1,0,1,0,0,0,0,0,0,0,1,1,1,0,0,0,1,1,0,0,1,1,0,0,0,0,0,0,0,0,0,1,1,1,0,0,0,1,0,0,1,0,0,0,0,0,1,0,0,1,0,0,0,0,1,0,0,1,0,0,0,0,0,0,1,0,0,0,0,0,0,0,0,0,1,0,1,0,0,0,1,0,0,0,0,0,0,1,0,1,0,1,0,1,0,0,0,0,0,0,0,1,0,0,0,0,0,0,0,0,1,0,0,0,0,0,1,0,0,1,1,0,0,0,0,0,1,0,0,1,0,0,1,1,0,0,0,0,0,1,0,0,0,1,0,1,0,1,0,0,0,0,1,1,0,0,0,1,0,0,0,1,0,0,0,0,0,0,0,0,0,0,1,0,0,0,0,0,0,0,0,0,1,0,0,0,0,0,0,0
0,1,0,1,0,1,1,0,1,0,0,0,0,0,0,0,0,1,1,0,0,0,0,0,0,0,1,0,0,0,1,1,0,1,0,0,0,0,0,1,0,1,1,1,0,0,0,1,1,0,0,1,1,0,0,0,0,1,1,0,0,0,1,1,1,0,0,0,1,0,0,1,0,0,0,0,0,1,0,0,1,0,0,0,0,1,0,0,1,0,1,0,0,0,0,1,0,1,0,0,0,0,0,0,0,1,0,1,0,0,0,1,1,1,0,0,0,1,1,0,1,0,1,1,1,0,0,1,1,0,0,0,1,0,0,0,1,0,0,1,0,1,0,0,0,1,1,1,0,0,1,1,0,1,0,0,0,1,0,1,1,0,0,1,1,1,0,0,1,0,1,0,0,1,1,1,1,0,1,0,0,1,0,1,1,0,1,0,1,1,0,1,1,1,0,0,0,0,0,0,0,1,0,1,1,0,0,1,0,0,0,0,0,0,1,0,0,0,0,0,0
0,1,0,1,1,1,1,1,1,0,0,0,0,0,0,0,0,1,1,0,0,0,0,0,0,0,1,0,0,0,1,1,0,1,0,0,0,0,1,0,0,1,1,1,0,0,0,1,1,0,0,1,1,1,1,0,0,0,0,0,0,0,1,1,1,0,0,0,1,0,0,1,0,0,0,1,0,1,0,0,1,0,0,1,0,1,0,0,1,0,0,0,0,0,0,1,0,0,0,1,0,0,0,0,0,1,0,1,0,0,0,1,0,0,0,1,1,0,1,0,1,0,1,0,1,0,0,0,0,0,0,0,1,0,0,0,0,0,0,0,0,1,0,1,0,0,0,1,0,0,1,1,0,0,0,0,0,1,0,0,1,0,0,1,1,0,0,0,0,0,1,0,0,0,1,0,1,0,1,0,1,0,0,1,1,0,0,0,1,0,0,0,1,0,0,0,0,0,0,0,0,0,0,1,0,0,0,0,0,0,0,0,0,0,0,0,0,0,0,0,0
0,1,0,1,0,1,1,0,1,1,0,0,0,0,0,0,0,1,1,0,0,0,0,0,0,0,1,0,0,0,1,1,1,1,0,0,0,0,0,0,1,1,1,1,0,0,1,1,1,0,0,1,1,0,0,0,0,0,0,0,0,0,1,1,1,0,0,0,1,0,0,1,0,0,0,0,0,1,0,0,1,0,0,0,0,1,0,0,1,0,0,0,0,0,0,1,0,0,1,0,1,0,0,0,0,1,0,1,0,0,0,1,0,0,0,0,0,0,1,1,1,0,1,0,1,0,0,0,0,0,0,0,1,0,0,0,0,1,0,0,0,1,1,0,0,0,0,1,0,0,1,1,0,0,0,0,0,1,0,0,1,0,0,1,1,0,0,0,0,0,1,0,0,0,1,0,1,0,1,0,0,0,0,1,1,0,0,0,1,0,0,0,1,0,0,0,0,0,0,0,0,0,0,1,0,0,0,0,0,0,0,0,0,0,0,0,0,0,0,0,0
0,1,0,1,0,1,1,0,1,1,0,0,0,0,0,0,0,1,1,0,0,0,0,0,0,0,1,0,0,0,1,1,1,1,0,0,0,0,0,0,1,1,1,1,0,0,1,1,1,0,0,1,1,0,0,0,0,0,0,0,0,0,1,1,1,0,0,0,1,0,0,1,0,0,0,0,0,1,0,0,1,0,0,0,0,1,0,0,1,0,0,0,0,0,0,1,0,0,1,0,1,0,0,0,0,1,0,1,0,0,0,1,0,0,0,0,0,0,1,1,1,0,1,0,1,0,0,0,0,0,0,0,1,0,0,0,0,1,0,0,0,1,1,0,0,0,0,1,0,0,1,1,0,0,0,0,0,1,0,0,1,0,0,1,1,0,0,0,0,0,1,0,0,0,1,0,1,0,1,0,0,0,0,1,1,0,0,0,1,0,0,0,1,0,0,0,0,0,0,0,0,0,0,1,0,0,0,0,0,0,0,0,0,0,0,0,0,0,0,0,0
0,1,0,1,0,1,1,0,1,0,0,0,0,0,0,0,0,1,1,0,0,1,1,0,0,0,1,0,1,0,1,1,0,1,0,0,0,0,0,0,0,1,1,1,0,0,0,1,1,0,0,1,1,0,0,0,0,0,0,1,0,0,1,1,1,0,0,0,1,0,0,1,0,0,0,0,0,1,0,0,1,0,0,0,0,1,0,0,1,0,0,0,0,0,0,1,0,0,0,0,0,0,0,0,0,1,0,1,0,0,0,1,0,0,0,0,0,0,1,0,1,0,1,0,1,0,0,0,0,0,0,0,1,0,0,0,0,0,0,0,0,1,0,0,0,0,0,1,0,0,1,1,0,0,0,0,0,1,0,0,1,0,0,1,1,0,0,0,0,0,1,0,0,0,1,0,1,0,1,0,0,0,0,1,1,0,0,0,1,0,0,0,1,0,0,1,1,0,0,0,0,0,0,1,0,0,1,0,0,0,0,0,0,1,0,0,0,0,0,0,0
0,1,0,1,0,1,1,0,1,0,0,0,0,0,0,0,0,1,1,0,0,1,1,0,0,0,1,0,1,0,1,1,0,1,0,0,0,0,0,0,0,1,1,1,0,0,0,1,1,0,0,1,1,0,0,0,0,0,0,1,0,0,1,1,1,0,0,0,1,0,0,1,0,0,0,0,0,1,0,0,1,0,0,0,0,1,0,0,1,0,0,0,0,0,0,1,0,0,0,0,0,0,0,0,0,1,0,1,0,0,0,1,0,0,0,0,0,0,1,0,1,0,1,0,1,0,0,0,0,0,0,0,1,0,0,0,0,0,0,0,0,1,0,0,0,0,0,1,0,0,1,1,0,0,0,0,0,1,0,0,1,0,0,1,1,0,0,0,0,0,1,0,0,0,1,0,1,0,1,0,0,0,0,1,1,0,0,0,1,0,0,0,1,0,0,1,1,0,0,0,0,0,0,1,0,0,1,0,0,1,0,0,0,1,0,1,0,1,0,0,0
0,1,0,1,0,1,1,0,1,0,1,1,0,0,0,0,0,1,1,0,0,1,1,0,0,0,1,0,1,0,1,1,0,1,0,0,0,0,0,1,0,1,1,1,0,0,0,1,1,0,0,1,1,0,0,0,0,0,0,1,0,0,1,1,1,0,0,0,1,0,0,1,0,1,0,0,0,1,0,0,1,0,0,0,0,1,0,0,1,0,0,0,0,0,0,1,0,0,0,0,0,0,0,0,0,1,0,1,0,0,0,1,0,0,0,0,0,0,1,0,1,0,1,0,1,0,0,0,0,0,0,0,1,0,0,0,0,0,0,0,0,1,0,0,0,0,0,1,0,0,1,1,0,0,0,0,0,1,0,0,1,0,0,1,1,0,0,0,0,0,1,0,0,0,1,0,1,0,1,0,0,0,0,1,1,0,0,0,1,0,0,0,1,0,1,1,1,0,0,0,0,0,0,1,0,0,1,0,0,1,0,0,0,1,0,1,0,1,0,0,0
0,1,0,1,0,1,1,1,1,0,0,0,0,0,0,0,0,1,1,0,0,1,1,1,0,0,1,0,1,0,1,1,0,1,0,0,0,0,0,1,0,1,1,1,0,0,0,1,1,0,0,1,1,0,0,0,0,0,0,0,0,0,1,1,1,0,0,0,1,0,0,1,0,1,0,0,0,1,0,0,1,0,0,0,0,1,0,0,1,0,0,0,0,0,0,1,0,0,0,0,0,0,0,0,0,1,0,1,0,0,0,1,0,0,0,0,0,0,1,0,1,0,1,0,1,0,0,0,0,0,0,0,1,0,0,0,0,0,0,0,0,1,0,0,0,0,0,1,0,0,1,1,0,0,0,0,0,1,0,0,1,0,0,1,1,0,0,0,0,0,1,0,0,0,1,0,1,0,1,0,0,0,0,1,1,0,0,0,1,0,0,0,1,0,1,1,1,0,0,0,0,0,0,1,0,0,1,0,0,1,0,0,0,1,0,1,0,1,0,0,0
0,1,0,1,0,1,1,0,1,0,0,0,0,0,0,0,0,1,1,0,0,0,0,0,0,0,1,0,0,0,1,1,0,1,0,0,0,0,0,0,0,1,1,1,0,0,0,1,1,0,0,1,1,0,0,0,0,0,0,0,0,0,1,1,1,0,0,0,1,0,0,1,0,0,0,0,0,1,0,0,1,0,0,0,0,1,0,0,1,0,0,0,0,0,0,1,0,0,0,0,0,0,0,0,0,1,0,1,0,0,0,1,0,0,0,0,0,0,1,0,1,0,1,0,1,0,0,0,0,0,0,0,1,0,0,0,0,0,0,0,0,1,0,0,0,0,0,1,0,0,1,1,0,0,0,0,0,1,0,0,1,0,0,1,1,0,1,0,0,0,1,0,0,0,1,0,1,0,1,0,0,0,0,1,1,0,0,0,1,0,0,0,1,0,0,0,0,0,0,0,0,0,0,1,0,0,0,0,0,0,0,0,0,0,0,0,0,0,0,0,0
0,1,0,1,0,1,1,0,1,0,0,0,0,0,0,0,0,1,1,0,0,0,0,0,0,0,0,0,0,0,1,1,0,1,0,0,0,1,1,0,0,1,1,1,0,0,0,1,1,0,0,1,1,0,0,0,0,0,0,0,0,0,1,1,1,0,0,0,1,0,0,1,0,0,0,0,0,1,0,0,1,0,0,0,0,1,0,0,1,0,0,0,0,0,0,1,0,0,0,0,0,0,0,0,0,1,0,1,0,0,0,1,0,0,0,0,0,0,1,0,1,0,1,0,1,0,0,0,0,0,0,0,1,0,0,0,0,0,0,0,0,1,0,0,0,0,0,1,0,0,1,1,0,0,0,0,0,1,0,0,1,0,0,1,1,0,0,0,0,0,1,0,0,0,1,0,1,0,1,0,0,0,0,1,1,0,0,0,1,0,0,0,1,0,0,0,0,0,0,0,0,0,0,1,0,0,0,0,0,0,0,0,0,0,0,0,0,0,0,0,0
0,1,0,1,0,1,0,0,1,1,0,0,0,0,0,0,0,1,1,0,0,0,0,0,0,0,1,0,0,0,1,1,1,1,0,0,0,0,1,0,1,1,1,1,0,0,1,1,1,0,0,1,1,1,1,0,0,0,0,0,0,0,1,1,1,0,0,0,1,0,0,0,0,0,0,1,0,0,0,0,0,0,0,1,0,0,0,0,1,0,0,0,0,0,0,0,1,0,1,1,1,0,0,0,0,1,0,0,0,0,0,1,0,0,0,1,1,0,1,1,0,0,1,0,1,0,0,0,0,0,0,0,0,0,0,1,0,1,0,0,0,0,1,1,0,0,0,1,0,0,1,1,0,0,0,0,0,0,0,0,1,0,0,1,1,0,0,0,0,0,1,0,0,0,1,0,1,1,1,0,1,0,0,0,0,1,0,0,0,0,0,0,0,0,0,0,0,0,0,0,0,0,0,0,0,0,0,0,0,0,0,0,0,0,0,0,0,0,0,0,0
0,1,0,1,0,1,0,0,1,0,0,0,0,0,0,0,0,1,1,0,0,1,1,0,0,0,1,0,1,0,1,1,0,1,0,0,0,0,1,0,0,1,1,1,0,0,0,1,1,0,0,1,1,1,1,0,0,0,0,1,0,0,1,1,1,0,0,0,1,0,0,0,0,0,0,1,0,0,0,0,0,0,0,1,0,0,0,0,1,0,0,0,0,0,0,0,1,0,0,1,0,0,0,0,0,1,0,0,0,0,0,1,0,0,0,1,1,0,1,0,0,0,1,0,1,0,0,0,0,0,0,0,0,0,0,1,0,0,0,0,0,0,0,1,0,0,0,1,0,0,1,1,0,0,0,0,0,0,0,0,1,0,0,1,1,0,0,0,0,0,1,0,0,0,1,0,1,1,1,0,1,0,0,0,0,1,0,0,0,0,0,0,0,0,0,1,0,0,0,0,0,0,0,0,0,0,1,0,0,1,0,1,0,0,0,0,0,1,0,1,0
0,1,0,1,1,1,1,1,1,0,0,0,0,0,0,0,0,1,1,0,0,0,0,0,0,0,1,0,0,0,1,1,0,1,0,0,0,0,1,1,0,1,1,1,0,0,0,1,1,0,0,1,1,1,1,0,0,1,1,0,0,0,1,1,1,0,0,0,1,0,0,0,0,0,0,1,0,0,0,0,0,0,0,1,0,0,0,0,1,0,1,0,0,0,0,0,1,1,0,1,0,0,0,0,0,1,0,0,0,0,0,1,1,1,1,1,1,1,1,0,0,0,1,1,1,1,0,1,1,0,0,0,0,0,0,1,1,0,0,1,0,0,0,1,0,1,1,1,0,0,1,1,0,1,0,0,0,0,0,1,1,1,0,1,1,1,1,0,1,0,1,0,0,1,1,1,1,1,1,1,1,1,0,0,0,1,1,1,0,1,0,1,0,0,0,0,0,0,0,0,0,1,1,0,0,0,0,0,0,0,0,0,1,0,0,0,0,0,0,0,1
0,1,0,1,1,1,0,0,1,0,0,0,0,0,0,1,1,1,0,0,0,0,0,0,0,1,1,0,0,0,1,1,0,1,0,0,0,0,0,0,0,1,1,1,0,1,0,1,1,1,1,1,1,1,0,1,0,0,0,0,0,1,1,1,1,1,0,1,1,0,1,0,0,0,1,0,1,0,0,1,0,1,1,1,1,0,0,1,1,1,0,1,1,1,1,0,1,0,0,1,0,1,1,1,1,1,1,0,0,1,1,1,0,0,0,1,1,0,1,0,0,1,1,0,1,0,0,0,0,0,1,1,0,0,0,1,0,0,0,0,0,0,0,1,0,0,0,1,0,0,1,1,0,0,0,0,0,0,0,0,1,0,0,1,1,0,0,0,0,0,1,0,0,0,1,0,1,1,1,0,1,0,0,0,0,1,0,0,0,0,0,0,0,0,0,0,0,0,0,0,0,0,0,0,0,0,0,0,0,0,0,0,0,0,0,0,0,0,0,0,0
0,1,0,1,0,1,1,0,1,0,0,0,0,0,0,0,0,1,1,0,0,0,0,0,0,0,1,0,0,0,1,1,0,1,0,0,0,0,1,1,0,1,1,1,0,0,0,1,1,0,0,1,1,1,1,0,0,1,1,0,0,0,1,1,1,0,0,0,1,0,0,0,0,0,0,1,0,0,0,0,0,0,0,1,0,0,0,0,1,0,1,0,0,0,0,0,1,1,0,1,0,0,0,0,0,1,0,0,0,0,0,1,1,1,0,1,1,1,1,0,0,0,1,1,1,0,0,1,1,0,0,0,0,0,0,1,1,0,0,1,0,0,0,1,0,1,1,1,0,0,1,1,0,1,0,0,0,0,0,1,1,0,0,1,1,1,0,0,1,0,1,0,0,1,1,1,1,1,1,0,1,1,0,0,0,1,1,1,0,1,0,0,0,0,0,0,0,0,0,0,0,0,0,0,0,0,0,0,0,0,0,0,0,0,0,0,0,0,0,0,0
0,1,0,1,0,1,0,0,1,0,0,0,0,0,0,0,0,1,1,0,0,0,0,0,0,0,0,0,0,0,1,1,0,1,0,0,0,1,1,0,0,1,1,1,0,0,0,1,1,0,0,1,1,0,0,0,0,0,0,0,0,0,1,1,1,0,0,0,1,0,0,0,0,0,0,0,0,0,0,0,0,0,0,0,0,0,0,0,1,0,0,0,0,0,0,0,0,0,0,0,0,0,0,0,0,1,0,0,0,0,0,1,0,0,0,0,0,0,1,0,0,0,1,0,1,0,0,0,0,0,0,0,0,0,0,0,0,0,0,0,0,0,0,0,0,0,0,1,0,0,1,1,0,0,0,0,0,0,0,0,1,0,0,1,1,0,0,0,0,0,1,0,0,0,1,0,1,0,1,0,0,0,0,0,0,0,0,0,0,0,0,0,0,0,0,0,0,0,0,0,0,0,0,0,0,0,0,0,0,0,0,0,0,0,0,0,0,0,0,0,0
1,1,0,1,0,1,1,0,0,0,0,0,0,0,0,0,0,1,1,0,0,0,0,0,0,0,0,0,0,0,1,0,0,1,0,0,1,0,0,0,0,1,1,1,0,0,0,1,1,0,0,1,1,0,0,0,0,0,0,0,0,0,1,1,1,0,0,0,1,0,0,1,0,0,0,0,0,0,0,0,0,0,0,0,0,1,0,0,1,0,0,0,0,0,0,0,0,0,0,0,0,0,0,0,0,1,0,0,0,0,0,1,0,0,0,0,0,0,1,0,0,0,1,0,1,0,0,0,0,0,0,0,0,0,0,0,0,0,0,0,0,0,0,0,0,0,0,1,0,0,1,1,0,0,0,0,0,0,0,0,1,0,0,1,1,0,0,0,0,0,1,1,1,0,1,0,1,0,1,0,0,0,0,0,0,0,0,0,0,0,0,0,0,0,0,0,0,0,0,0,0,0,0,0,0,0,0,0,0,0,0,0,0,0,0,0,0,0,0,0,0
0,1,0,1,1,1,1,1,0,0,0,0,0,0,0,0,0,1,1,0,0,0,0,0,0,0,1,0,0,0,1,0,0,1,0,0,0,0,1,0,0,1,1,1,0,0,0,1,1,0,0,1,1,1,1,0,0,0,0,0,0,0,1,1,1,0,0,0,1,0,0,1,0,0,0,1,0,0,0,0,0,0,0,1,0,1,0,0,1,0,0,0,0,0,0,0,1,0,0,1,0,0,0,0,0,1,0,0,0,0,0,1,0,0,0,1,1,0,1,0,0,0,1,0,1,0,0,0,0,0,0,0,0,0,0,1,0,0,0,0,0,0,0,1,0,0,0,1,0,0,1,1,0,0,0,0,0,0,0,0,1,0,0,1,1,0,0,0,0,0,1,1,1,0,1,0,1,1,1,0,1,0,0,0,0,1,0,0,0,0,0,0,0,0,0,0,0,0,0,0,0,0,0,0,0,0,0,0,0,0,0,0,0,0,0,0,0,0,0,0,0
0,1,0,1,0,0,0,0,0,0,0,0,0,0,0,1,1,1,1,0,0,1,0,0,0,1,1,0,0,0,0,0,0,1,0,0,0,0,1,0,0,1,0,0,1,1,0,1,0,0,0,0,0,1,1,0,0,0,0,1,1,1,0,1,1,1,0,1,0,0,1,0,1,0,0,1,0,0,0,1,0,0,0,1,0,0,0,1,1,1,0,1,0,0,0,0,1,0,0,1,0,1,0,0,1,1,1,0,0,1,1,1,0,0,0,1,1,0,1,0,0,1,0,0,0,0,0,0,0,0,1,1,0,0,0,1,0,0,1,0,0,0,0,1,1,0,0,1,0,0,0,0,0,0,0,1,0,0,0,0,1,0,0,1,0,0,0,0,0,0,1,0,0,0,0,0,1,1,0,0,1,0,0,0,0,0,0,0,0,0,0,0,0,0,0,1,1,0,0,0,0,0,0,0,0,0,0,0,0,0,0,1,0,0,0,0,0,0,0,1,0
0,1,0,1,0,0,0,0,0,0,0,0,0,0,0,1,1,1,1,0,0,1,0,0,0,1,1,0,0,0,0,0,0,1,0,0,0,0,1,0,0,1,0,0,1,1,0,1,0,0,0,0,0,1,1,0,0,0,0,1,1,1,0,1,1,1,0,1,0,0,1,0,1,0,0,1,0,0,0,1,0,0,0,1,0,0,0,1,1,1,0,1,0,0,0,0,1,0,0,1,0,1,0,0,1,1,1,0,0,1,1,1,0,0,0,1,1,0,1,0,0,1,0,0,0,0,0,0,0,0,1,1,0,0,0,1,0,0,1,0,0,0,0,1,1,0,0,1,0,0,0,0,0,0,0,1,0,0,0,0,1,0,0,1,0,0,0,0,0,0,1,0,0,0,0,0,1,1,0,0,1,0,0,0,0,0,0,0,0,0,0,0,0,0,0,1,1,0,0,0,0,0,0,0,0,0,0,0,0,0,0,1,0,0,0,0,0,0,0,1,0
1,1,0,1,0,0,0,0,0,0,0,0,0,0,0,1,1,1,1,0,0,1,0,0,0,1,1,0,0,0,0,0,0,1,0,0,0,0,1,0,0,1,0,0,1,1,0,1,0,0,0,0,0,1,1,0,0,0,0,1,1,1,0,1,1,1,0,1,0,0,1,0,1,0,0,1,0,0,0,1,0,0,0,1,0,0,0,1,1,1,0,1,0,0,0,0,1,0,0,1,0,1,0,0,1,1,1,0,0,1,1,1,0,0,0,1,1,0,1,0,0,1,0,0,0,0,0,0,0,0,1,1,0,0,0,1,0,0,1,0,0,0,0,1,1,0,0,1,0,0,0,0,0,0,0,1,0,0,0,0,1,0,0,1,0,0,0,0,0,0,1,0,0,0,0,0,1,1,0,0,1,0,0,0,0,0,0,0,0,0,0,0,0,0,0,1,1,0,0,0,0,0,0,0,0,0,0,0,0,0,0,1,0,0,0,0,0,0,0,1,0
1,1,0,1,0,0,0,0,0,0,0,0,0,0,0,1,1,1,1,0,0,1,0,0,0,1,1,0,0,0,0,0,0,1,0,0,0,0,1,0,0,1,0,0,1,1,0,1,0,0,0,0,0,1,1,0,0,0,0,1,1,1,0,1,1,1,0,1,0,0,1,0,1,0,0,1,0,0,0,1,0,0,0,1,0,0,0,1,1,1,0,1,0,0,0,0,1,0,0,1,0,1,0,0,1,1,1,0,0,1,1,1,0,0,0,1,1,0,1,0,0,1,0,0,0,0,0,0,0,0,1,1,0,0,0,1,0,0,1,0,0,0,0,1,1,0,0,1,0,0,0,0,0,0,0,1,0,0,0,0,1,0,0,1,0,0,0,0,0,0,1,0,0,0,0,0,1,1,0,0,1,0,0,0,0,0,0,0,0,0,0,0,0,0,0,1,1,0,0,0,0,0,0,0,0,0,0,0,0,0,0,1,0,0,0,0,0,0,0,1,0
1,1,0,1,0,0,0,0,0,0,0,0,0,0,0,1,1,1,1,0,0,1,0,0,0,1,1,0,0,0,0,0,0,1,0,0,0,0,1,0,0,1,0,0,1,1,0,1,0,0,0,0,0,1,1,0,0,0,0,1,1,1,0,1,1,1,0,1,0,0,1,0,1,0,0,1,0,0,0,1,0,0,0,1,0,0,0,1,1,1,0,1,0,0,0,0,1,0,0,1,0,1,0,0,1,1,1,0,0,1,1,1,0,0,0,1,1,0,1,0,0,1,0,0,0,0,0,0,0,0,1,1,0,0,0,1,0,0,1,0,0,0,0,1,1,0,0,1,0,0,0,0,0,0,0,1,0,0,0,0,1,0,0,1,0,0,0,0,0,0,1,0,0,0,0,0,1,1,0,0,1,0,0,0,0,0,0,0,0,0,0,0,0,0,0,1,1,0,0,0,0,0,0,0,0,0,0,0,0,0,0,1,0,0,0,0,0,0,0,1,0
1,1,0,1,0,0,0,0,0,0,0,0,0,0,0,1,1,1,1,0,0,1,0,0,0,1,1,0,0,0,0,0,0,1,0,0,0,0,1,0,0,1,0,0,1,1,0,1,0,0,0,1,0,1,1,0,0,0,0,1,1,1,1,1,1,1,0,1,0,0,1,0,1,0,0,1,0,0,0,1,0,0,0,1,0,0,0,1,1,1,0,1,0,0,0,0,1,0,0,1,0,1,0,0,1,1,1,0,0,1,1,1,0,0,0,1,1,0,1,0,0,1,0,0,0,0,0,0,0,0,1,1,0,0,0,1,0,0,1,0,0,0,0,1,1,0,0,1,0,0,0,0,0,0,0,1,0,0,0,0,1,0,0,1,0,0,0,0,0,0,1,0,0,0,0,0,1,1,0,0,1,0,0,0,0,0,0,0,0,0,0,0,0,0,0,1,1,0,0,0,0,0,0,0,0,0,0,0,0,0,0,1,0,0,0,0,0,0,0,1,0
1,1,0,1,0,0,0,0,0,0,0,0,0,0,0,1,1,1,1,0,0,1,0,0,0,1,1,0,0,0,0,0,0,1,0,0,0,0,1,0,0,1,0,0,1,1,0,1,0,0,0,1,0,1,1,0,0,0,0,1,1,1,1,1,1,1,0,1,0,0,1,0,1,0,0,1,0,0,0,1,0,0,0,1,0,0,0,1,1,1,0,1,0,0,0,0,1,0,0,1,0,1,0,0,1,1,1,0,0,1,1,1,0,0,0,1,1,0,1,0,0,1,0,0,0,0,0,0,0,0,1,1,0,0,0,1,0,0,1,0,0,0,0,1,1,0,0,1,0,0,0,0,0,0,0,1,0,0,0,0,1,0,0,1,0,0,0,0,0,0,1,0,0,0,0,0,1,1,0,0,1,0,0,0,0,0,0,0,0,0,0,0,0,0,0,1,1,0,0,0,0,0,0,0,0,0,0,0,0,0,0,1,0,0,0,0,0,0,0,1,0
1,1,0,1,0,0,0,0,0,0,0,0,0,0,0,1,1,1,1,0,0,1,0,0,0,1,1,0,0,0,0,0,0,1,0,0,0,0,1,0,0,1,0,0,1,1,0,1,0,0,0,1,0,1,1,0,0,0,0,1,1,1,1,1,1,1,0,1,0,0,1,0,1,0,0,1,0,0,0,1,0,0,0,1,0,0,0,1,1,1,0,1,0,0,0,0,1,0,0,1,0,1,0,0,1,1,1,0,0,1,1,1,0,0,0,1,1,0,1,0,0,1,0,0,0,0,0,0,0,0,1,1,0,0,0,1,0,0,1,0,0,0,0,1,1,0,0,1,0,0,0,0,0,0,0,1,0,0,0,0,1,0,0,1,0,0,0,0,0,0,1,0,0,0,0,0,1,1,0,0,1,0,0,0,0,0,0,0,0,0,0,0,0,0,0,1,1,0,0,0,0,0,0,0,0,0,0,0,0,0,0,1,0,0,0,0,0,0,0,1,0
1,1,0,1,0,0,0,0,0,0,0,0,0,0,0,1,1,1,1,0,0,1,0,0,0,1,1,0,0,0,0,0,0,1,0,0,0,0,1,0,0,1,0,0,1,1,0,1,0,0,0,1,0,1,1,0,0,0,0,1,1,1,1,1,1,1,0,1,0,0,1,0,1,0,0,1,0,0,0,1,0,0,0,1,0,0,0,1,1,1,0,1,0,0,0,0,1,0,0,1,0,1,0,0,1,1,1,0,0,1,1,1,0,0,0,1,1,0,1,0,0,1,0,0,0,0,0,0,0,0,1,1,0,0,0,1,0,0,1,0,0,0,0,1,1,0,0,1,0,0,0,0,0,0,0,1,0,0,0,0,1,0,0,1,0,0,0,0,0,0,1,0,0,0,0,0,1,1,0,0,1,0,0,0,0,0,0,0,0,0,0,0,0,0,0,1,1,0,0,0,0,0,0,0,0,0,0,0,0,0,0,1,0,0,0,0,0,0,0,1,0
1,1,0,1,0,0,0,0,0,0,0,0,0,0,0,1,1,1,1,0,0,1,0,0,0,1,1,0,0,0,0,0,0,1,0,0,0,0,1,0,0,1,0,0,1,1,0,1,0,0,0,1,0,1,1,0,0,0,0,1,1,1,1,1,1,1,0,1,0,0,1,0,1,0,0,1,0,0,0,1,0,0,0,1,0,0,0,1,1,1,0,1,0,0,0,0,1,0,0,1,0,1,0,0,1,1,1,0,0,1,1,1,0,0,0,1,1,0,1,0,0,1,0,0,0,0,0,0,0,0,1,1,0,0,0,1,0,0,1,0,0,0,0,1,1,0,0,1,0,0,0,0,0,0,0,1,0,0,0,0,1,0,0,1,0,0,0,0,0,0,1,0,0,0,0,0,1,1,0,0,1,0,0,0,0,0,0,0,0,0,0,0,0,0,0,1,1,0,0,0,0,0,0,0,0,0,0,0,0,0,0,1,0,0,0,0,0,0,0,1,0
1,1,0,1,1,0,0,0,0,0,0,0,0,0,0,1,1,1,1,1,1,1,0,1,0,1,1,1,1,0,0,0,0,1,0,0,0,0,1,0,0,1,0,0,1,1,0,1,0,1,1,0,0,1,1,0,0,0,0,1,1,1,0,1,1,1,0,1,0,0,1,0,1,0,1,1,0,0,0,1,0,1,1,1,0,0,0,1,1,1,0,1,0,0,1,0,1,0,0,1,0,1,0,1,1,1,1,0,0,1,1,1,0,0,0,1,1,0,1,0,0,1,0,0,0,0,0,0,0,0,1,1,0,0,0,1,0,0,1,0,0,0,0,1,1,0,0,1,0,0,0,0,0,0,0,1,0,0,0,0,1,0,0,1,0,0,0,0,0,0,1,0,0,0,0,0,1,1,0,0,1,0,0,0,0,0,0,0,0,0,0,0,0,0,0,1,1,0,0,0,0,0,0,0,0,0,0,0,0,0,0,1,0,0,0,0,0,0,0,1,0
1,1,0,1,1,0,0,0,0,0,0,0,0,0,0,1,1,1,1,1,1,1,0,1,0,1,1,1,1,0,0,0,0,1,0,0,0,0,1,0,0,1,0,0,1,1,0,1,0,1,1,0,0,1,1,0,0,0,0,1,1,1,0,1,1,1,0,1,0,0,1,0,1,0,1,1,0,0,0,1,0,1,1,1,0,0,0,1,1,1,0,1,0,0,1,0,1,0,0,1,0,1,0,1,1,1,1,0,0,1,1,1,0,0,0,1,1,0,1,0,0,1,0,0,0,0,0,0,0,0,1,1,0,0,0,1,0,0,1,0,0,0,0,1,1,0,0,1,0,0,0,0,0,0,0,1,0,0,0,0,1,0,0,1,0,0,0,0,0,0,1,0,0,0,0,0,1,1,0,0,1,0,0,0,0,0,0,0,0,0,0,0,0,0,0,1,1,0,0,0,0,0,0,0,0,0,0,0,0,0,0,1,0,0,0,0,0,0,0,1,0
1,1,0,1,1,0,0,0,0,0,0,0,0,0,0,1,1,1,1,1,1,1,0,1,0,1,1,1,1,0,0,0,0,1,0,0,0,0,1,0,0,1,0,0,1,1,0,1,0,1,1,0,0,1,1,0,0,0,0,1,1,1,0,1,1,1,0,1,0,0,1,0,1,0,1,1,0,0,0,1,0,1,1,1,0,0,0,1,1,1,0,1,0,0,1,0,1,0,0,1,0,1,0,1,1,1,1,0,0,1,1,1,0,0,0,1,1,0,1,0,0,1,0,0,0,0,0,0,0,0,1,1,0,0,0,1,0,0,1,0,0,0,0,1,1,0,0,1,0,0,0,0,0,0,0,1,0,0,0,0,1,0,0,1,0,0,0,0,0,0,1,0,0,0,0,0,1,1,0,0,1,0,0,0,0,0,0,0,0,0,0,0,0,0,0,1,1,0,0,0,0,0,0,0,0,0,0,0,0,0,0,1,0,0,0,0,0,0,0,1,0
1,1,0,1,1,0,0,0,0,0,0,0,0,0,0,1,1,1,1,1,1,1,0,1,0,1,1,1,1,0,0,0,0,1,0,0,0,0,1,0,0,1,0,0,1,1,0,1,0,1,1,0,0,1,1,0,0,0,0,1,1,1,0,1,1,1,0,1,0,0,1,0,1,0,1,1,0,0,0,1,0,1,1,1,0,0,0,1,1,1,0,1,0,0,1,0,1,0,0,1,0,1,0,1,1,1,1,0,0,1,1,1,0,0,0,1,1,0,1,0,0,1,0,0,0,0,0,0,0,0,1,1,0,0,0,1,0,0,1,0,0,0,0,1,1,0,0,1,0,0,0,0,0,0,0,1,0,0,0,0,1,0,0,1,0,0,0,0,0,0,1,0,0,0,0,0,1,1,0,0,1,0,0,0,0,0,0,0,0,0,0,0,0,0,0,1,1,0,0,0,0,0,0,0,0,0,0,0,0,0,0,1,0,0,0,0,0,0,0,1,0
1,1,0,1,0,0,0,0,0,0,0,0,0,0,0,1,1,1,1,0,0,1,1,1,0,1,1,0,1,0,0,0,0,1,0,0,0,0,1,0,0,1,0,0,1,1,0,1,0,0,0,0,0,1,1,0,0,0,0,1,1,1,0,1,1,1,0,1,0,0,1,0,1,0,0,1,0,0,0,1,0,0,0,1,0,0,0,1,1,1,0,1,0,0,0,0,1,0,0,1,0,1,0,0,1,1,1,0,0,1,1,1,0,0,0,1,1,0,1,0,0,1,0,0,0,0,0,0,0,0,1,1,0,0,0,1,0,0,1,0,0,0,0,1,1,0,0,1,0,0,0,0,0,0,0,1,0,0,0,0,1,0,0,1,0,0,0,0,0,0,1,0,0,0,0,0,1,1,0,0,1,0,0,0,0,0,0,0,0,0,0,0,0,0,0,1,1,0,0,0,0,0,0,0,0,0,0,0,0,0,0,1,0,0,0,0,0,0,0,1,0
1,1,0,1,1,0,0,0,0,0,0,0,0,0,0,1,1,1,1,1,1,1,1,1,1,1,1,1,1,1,0,0,0,1,0,0,0,0,1,0,0,1,0,0,1,1,0,1,0,1,1,0,0,1,1,0,0,0,0,1,1,1,0,1,1,1,0,1,0,0,1,0,1,0,1,1,0,0,0,1,0,1,1,1,0,0,0,1,1,1,0,1,0,0,1,0,1,0,0,1,0,1,0,1,1,1,1,0,0,1,1,1,0,0,0,1,1,0,1,0,0,1,0,0,0,0,0,0,0,0,1,1,0,0,0,1,0,0,1,0,0,0,0,1,1,0,0,1,0,0,0,0,0,0,0,1,0,0,0,0,1,0,0,1,0,0,0,0,0,0,1,0,0,0,0,0,1,1,0,0,1,0,0,0,0,0,0,0,0,0,0,0,0,0,0,1,1,0,0,0,0,0,0,0,0,0,0,0,0,0,0,1,0,0,0,0,0,0,0,1,0
1,1,0,1,1,0,0,0,0,0,0,0,0,0,0,1,1,1,1,1,1,1,1,1,1,1,1,1,1,1,0,0,0,1,0,0,0,0,1,0,0,1,0,0,1,1,0,1,0,1,1,0,0,1,1,0,0,0,0,1,1,1,0,1,1,1,0,1,0,0,1,0,1,0,1,1,0,0,0,1,0,1,1,1,0,0,0,1,1,1,0,1,0,0,1,0,1,0,0,1,0,1,0,1,1,1,1,0,0,1,1,1,0,0,0,1,1,0,1,0,0,1,0,0,0,0,0,0,0,0,1,1,0,0,0,1,0,0,1,0,0,0,0,1,1,0,0,1,0,0,0,0,0,0,0,1,0,0,0,0,1,0,0,1,0,0,0,0,0,0,1,0,0,0,0,0,1,1,0,0,1,0,0,0,0,0,0,0,0,0,0,0,0,0,0,1,1,0,0,0,0,0,0,0,0,0,0,0,0,0,0,1,0,0,0,0,0,0,0,1,0
0,0,0,1,0,0,0,0,0,0,1,1,0,0,0,1,1,1,0,0,0,0,0,0,0,1,1,0,0,0,0,0,0,1,0,0,0,0,1,0,0,0,0,0,1,1,0,0,0,0,0,0,0,1,1,0,0,0,0,1,1,1,0,0,1,1,0,1,0,0,1,0,1,0,0,1,0,0,0,1,0,0,0,1,0,0,0,1,1,1,0,1,0,0,0,0,1,0,0,1,0,1,0,0,1,0,1,0,0,1,1,0,0,0,0,1,1,0,1,0,0,1,0,0,0,0,0,0,0,0,1,1,0,0,0,1,0,0,1,0,0,0,0,1,1,0,0,1,0,0,0,0,0,0,0,1,0,0,0,0,1,0,0,1,0,0,0,0,0,0,0,0,0,0,0,0,1,1,0,0,1,0,0,0,0,0,0,0,0,0,0,0,0,0,0,1,1,0,0,0,0,0,0,0,0,0,0,0,0,0,0,1,0,0,0,0,0,0,0,1,0
1,1,0,1,1,0,0,0,0,0,0,0,0,0,0,1,1,1,1,1,1,1,1,1,1,1,1,1,1,1,0,0,0,1,0,0,0,0,1,0,0,1,0,0,1,1,0,1,0,1,1,0,0,1,1,0,0,0,0,1,1,1,0,1,1,1,0,1,0,0,1,0,1,0,1,1,0,0,0,1,0,1,1,1,0,0,0,1,1,1,0,1,0,0,1,0,1,0,0,1,0,1,0,1,1,1,1,0,0,1,1,1,0,0,0,1,1,0,1,0,0,1,0,0,0,0,0,0,0,0,1,1,0,0,0,1,0,0,1,0,0,0,0,1,1,0,0,1,0,0,0,0,0,0,0,1,0,0,0,0,1,0,0,1,0,0,0,0,0,0,1,0,0,0,0,0,1,1,0,0,1,0,0,0,0,0,0,0,0,0,0,0,0,0,0,1,1,0,0,0,0,0,0,0,0,0,0,0,0,0,0,1,0,0,0,0,0,0,0,1,0
0,0,0,1,0,0,0,0,0,0,0,0,0,0,0,1,1,1,0,0,0,0,0,0,0,1,1,0,0,0,0,0,0,1,0,0,0,0,1,0,0,0,0,0,1,1,0,0,0,0,0,0,0,1,1,0,0,0,0,1,1,1,0,0,1,1,0,1,0,0,1,0,1,0,0,1,0,0,0,1,0,0,0,1,0,0,0,1,1,1,0,1,0,0,0,0,1,0,0,1,0,1,0,0,1,0,1,0,0,1,1,0,0,0,0,1,1,0,1,0,0,1,0,0,0,0,0,0,0,0,1,1,0,0,0,1,0,0,1,0,0,0,0,1,1,0,0,1,0,0,0,0,0,0,0,1,0,0,0,0,1,0,0,1,0,0,0,0,0,0,0,0,0,0,0,0,1,1,0,0,1,0,0,0,0,0,0,0,0,0,0,0,0,0,0,1,1,0,0,0,0,0,0,0,0,0,0,0,0,0,0,1,0,0,0,0,0,0,0,1,0
0,0,0,1,0,0,0,0,0,0,0,0,0,0,0,1,1,1,0,0,0,0,0,0,0,1,1,0,0,0,0,0,0,1,0,0,0,0,1,0,0,0,0,0,1,1,0,0,0,0,0,0,0,1,1,0,0,0,0,1,1,1,0,0,1,1,0,1,0,0,1,0,1,0,0,1,0,0,0,1,0,0,0,1,0,0,0,1,1,1,0,1,0,0,0,0,1,0,0,1,0,1,0,0,1,0,1,0,0,1,1,0,0,0,0,1,1,0,1,0,0,1,0,0,0,0,0,0,0,0,1,1,0,0,0,1,0,0,1,0,0,0,0,1,1,0,0,1,0,0,0,0,0,0,0,1,0,0,0,0,1,0,0,1,0,0,0,0,0,0,0,0,0,0,0,0,1,1,0,0,1,0,0,0,0,0,0,0,0,0,0,0,0,0,0,1,1,0,0,0,0,0,0,0,0,0,0,0,0,0,0,1,0,0,0,0,0,0,0,1,0
0,1,0,1,0,0,0,0,0,0,1,1,0,0,1,1,1,1,0,0,0,0,0,0,0,1,1,0,0,0,0,0,0,1,0,1,1,0,1,0,0,0,0,0,1,1,0,0,0,0,0,1,0,1,1,0,0,0,0,1,1,1,0,0,1,1,0,1,0,0,1,0,1,0,0,1,0,0,0,1,0,0,0,1,0,0,0,1,1,1,0,1,0,0,0,0,1,0,0,1,0,1,0,0,1,0,1,0,0,1,1,0,0,0,0,1,1,0,1,0,0,1,0,0,0,0,0,0,0,0,1,1,0,0,0,1,0,0,1,0,0,0,0,1,1,0,0,1,0,0,0,0,0,0,0,1,0,0,0,0,1,0,0,1,0,0,0,0,0,0,0,0,0,0,0,0,1,1,0,0,1,0,0,0,0,0,0,0,0,0,0,0,0,0,0,1,1,0,0,0,0,0,0,0,0,1,1,0,0,0,0,1,0,1,0,1,0,1,0,1,0
0,1,0,1,0,1,0,0,0,0,0,0,0,0,0,1,1,1,1,0,0,1,1,1,0,1,1,0,1,0,1,0,0,1,0,0,0,0,1,1,0,0,0,1,1,1,0,0,1,0,0,1,0,1,1,0,0,1,1,1,1,1,0,0,1,1,0,1,1,0,1,0,1,0,0,1,0,0,0,1,0,0,0,1,0,0,0,1,1,1,1,1,0,0,0,0,1,1,0,1,0,1,0,0,1,0,1,0,0,1,1,0,1,1,0,1,1,1,1,0,0,1,0,1,0,0,0,1,1,0,1,1,0,0,0,1,1,0,1,1,0,0,0,1,1,1,1,1,0,0,0,0,0,1,0,1,0,0,0,1,1,0,0,1,0,1,0,0,1,0,0,0,0,1,0,1,1,1,0,0,1,1,0,0,0,0,1,0,0,1,0,1,0,0,0,1,1,1,1,0,0,1,1,0,0,0,1,1,1,1,0,1,0,1,1,1,1,1,0,1,0
0,1,0,1,0,0,0,0,0,0,0,0,0,0,0,1,1,1,1,0,0,1,1,1,0,1,1,0,1,0,0,0,0,1,0,0,0,0,1,0,0,0,0,0,1,1,0,0,0,0,0,0,0,1,1,0,0,0,0,1,1,1,0,0,1,1,0,1,0,0,1,0,1,0,0,1,0,0,0,1,0,0,0,1,0,0,0,1,1,1,0,1,0,0,0,0,1,0,0,1,0,1,0,0,1,0,1,0,0,1,1,0,0,0,0,1,1,0,1,0,0,1,0,0,0,0,0,0,0,0,1,1,0,0,0,1,0,0,1,0,0,0,0,1,1,0,0,1,0,0,0,0,0,0,0,1,0,0,0,0,1,0,0,1,0,0,0,0,0,0,0,0,0,0,0,0,1,1,0,0,1,0,0,0,0,0,0,0,0,0,0,0,0,0,0,1,1,0,0,0,0,0,0,0,0,0,1,0,0,1,0,1,0,1,0,1,0,1,0,1,0
0,1,0,1,0,0,0,0,0,0,0,0,0,0,0,1,1,1,1,0,0,1,0,0,0,1,1,0,1,0,0,0,0,1,0,0,0,0,1,0,0,0,0,0,1,1,0,0,0,0,0,0,0,1,1,0,0,0,0,1,1,1,0,0,1,1,0,1,0,0,1,0,1,0,0,1,0,0,0,1,0,0,0,1,0,0,0,1,1,1,0,1,0,0,0,0,1,0,0,1,0,1,0,0,1,0,1,0,0,1,1,0,0,0,0,1,1,0,1,0,0,1,0,0,0,0,0,0,0,0,1,1,0,0,0,1,0,0,1,0,0,0,0,1,1,0,0,1,0,0,0,0,0,0,0,1,0,0,0,0,1,0,0,1,0,0,0,0,0,0,0,0,0,0,0,0,1,1,0,0,1,0,0,0,0,0,0,0,0,0,0,0,0,0,0,1,1,0,0,0,0,0,0,0,0,0,1,0,0,1,0,1,0,0,0,0,0,1,0,1,0
0,1,0,1,0,1,0,0,0,0,0,0,0,0,0,1,1,1,1,0,0,1,0,0,0,1,1,0,1,0,1,0,0,1,0,0,0,0,1,1,0,0,0,1,1,1,0,0,1,0,0,1,0,1,1,0,0,1,1,1,1,1,0,0,1,1,0,1,1,0,1,0,1,0,0,1,0,0,0,1,0,0,0,1,0,0,0,1,1,1,1,1,0,0,0,0,1,1,0,1,0,1,0,0,1,0,1,0,0,1,1,0,1,1,0,1,1,1,1,0,0,1,0,1,0,0,0,1,1,0,1,1,0,0,0,1,1,0,1,1,0,0,0,1,1,1,1,1,0,0,0,0,0,1,0,1,0,0,0,1,1,0,0,1,0,1,0,0,1,0,0,0,0,1,0,1,1,1,0,0,1,1,0,0,0,0,1,0,0,1,0,1,0,0,0,1,1,1,1,0,0,1,1,0,0,0,1,1,1,1,0,1,0,0,1,0,1,1,0,1,0
0,1,0,1,0,0,0,0,0,0,0,0,0,0,0,1,1,1,1,0,0,1,0,0,0,1,1,0,1,0,0,0,0,1,0,0,0,0,1,0,0,0,0,0,1,1,0,0,0,0,0,0,0,1,1,0,0,0,0,1,1,1,0,0,1,1,0,1,0,0,1,0,1,0,0,1,0,0,0,1,0,0,0,1,0,0,0,1,1,1,0,1,0,0,0,0,1,0,0,1,0,1,0,0,1,0,1,0,0,1,1,0,0,0,0,1,1,0,1,0,0,1,0,0,0,0,0,0,0,0,1,1,0,0,0,1,0,0,1,0,0,0,0,1,1,0,0,1,0,0,0,0,0,0,0,1,0,0,0,0,1,0,0,1,0,0,0,0,0,0,0,0,0,0,0,0,1,1,0,0,1,0,0,0,0,0,0,0,0,0,0,0,0,0,0,1,1,0,0,0,0,0,0,0,0,0,1,0,0,1,0,1,0,0,0,0,0,1,0,1,0
0,1,0,1,0,0,0,0,0,1,0,0,0,0,0,1,1,1,1,1,1,1,0,1,0,1,1,1,1,1,0,0,1,1,0,0,0,0,1,0,1,1,0,0,1,1,1,1,0,1,1,0,0,1,1,0,0,0,0,1,1,1,0,0,1,1,0,1,0,0,1,0,1,0,1,1,0,0,0,1,0,1,1,1,0,0,0,1,1,1,0,1,0,0,1,0,1,0,1,1,1,1,0,1,1,0,1,0,0,1,1,1,0,0,0,1,1,0,1,1,0,1,0,0,0,0,0,0,0,0,1,1,0,0,0,1,0,1,1,0,0,0,1,1,1,0,0,1,0,0,0,0,0,0,0,1,0,0,0,0,1,0,0,1,0,0,0,0,0,0,0,0,0,0,0,0,1,1,0,0,1,0,0,0,0,0,0,0,0,0,0,0,0,0,0,1,1,0,0,0,0,0,0,0,0,0,0,0,0,0,0,1,0,0,0,0,0,0,0,1,0
0,1,0,1,0,0,0,0,0,0,0,0,0,0,0,1,1,1,1,0,0,1,0,0,0,1,1,0,1,0,0,0,0,1,0,0,0,0,1,0,0,1,0,0,1,1,0,1,0,0,0,0,0,1,1,0,0,0,0,1,1,1,0,1,1,1,0,1,0,0,1,0,1,0,0,1,0,0,0,1,0,0,0,1,0,0,0,1,1,1,0,1,0,0,0,0,1,0,0,1,0,1,0,0,1,1,1,0,0,1,1,1,0,0,0,1,1,0,1,0,0,1,0,0,0,0,0,0,0,0,1,1,0,0,0,1,0,0,1,0,0,0,0,1,1,0,0,1,0,0,0,0,0,0,0,1,0,0,0,0,1,0,0,1,0,0,0,0,0,0,1,0,0,0,0,0,1,1,0,0,1,0,0,0,0,0,0,0,0,0,0,0,0,0,0,1,1,0,0,0,0,0,0,0,0,0,0,0,0,0,0,1,0,0,0,0,0,0,0,1,0
0,0,0,1,0,1,0,0,0,0,1,1,0,0,0,1,1,1,0,0,0,0,0,0,0,1,1,0,0,0,1,0,0,1,1,0,1,0,1,1,0,0,0,1,1,1,0,0,0,0,0,1,0,1,1,0,0,0,0,1,1,1,0,0,1,1,0,1,0,1,1,0,1,0,0,1,0,0,0,1,0,0,0,1,0,0,0,1,1,1,0,1,0,0,0,0,1,0,0,1,0,1,0,0,1,0,1,0,0,1,1,0,0,0,0,1,1,1,1,0,0,1,0,0,1,0,0,1,1,0,1,1,0,0,0,1,0,0,1,0,0,0,0,1,1,0,0,1,0,0,0,0,1,1,0,1,0,0,0,0,1,0,0,1,0,1,0,0,1,0,0,0,0,0,0,1,1,1,1,0,1,0,1,0,0,0,1,1,0,1,0,1,0,0,0,1,1,1,1,0,0,1,1,0,0,0,1,0,0,0,0,1,0,0,0,0,0,0,0,1,0
0,1,0,1,0,0,0,0,0,0,0,0,0,0,0,1,1,1,1,0,0,1,0,0,0,1,1,0,1,0,0,0,0,1,0,0,0,0,1,0,0,1,0,0,1,1,0,1,0,0,0,0,0,1,1,0,0,0,0,1,1,1,0,1,1,1,0,1,0,0,1,0,1,0,0,1,0,0,0,1,0,0,0,1,0,0,0,1,1,1,0,1,0,0,0,0,1,0,0,1,0,1,0,0,1,1,1,0,0,1,1,1,0,0,0,1,1,0,1,0,0,1,0,0,0,0,0,0,0,0,1,1,0,0,0,1,0,0,1,0,0,0,0,1,1,0,0,1,0,0,0,0,0,0,0,1,0,0,0,0,1,0,0,1,0,0,0,0,0,0,1,0,0,0,0,0,1,1,0,0,1,0,0,0,0,0,0,0,0,0,0,0,0,0,0,1,1,0,0,0,0,0,0,0,0,0,0,0,0,0,0,1,0,0,0,0,0,0,0,1,0
0,1,0,1,0,1,0,0,0,0,1,1,0,0,0,1,1,1,0,0,0,0,0,0,0,1,1,0,0,0,1,0,0,1,1,0,1,0,1,1,0,0,0,1,1,1,0,0,0,0,0,1,0,1,1,0,0,0,0,1,1,1,0,0,1,1,0,1,0,1,1,0,1,0,0,1,0,0,0,1,0,0,0,1,0,0,0,1,1,1,0,1,0,0,0,0,1,0,0,1,0,1,0,0,1,0,1,0,0,1,1,0,0,0,0,1,1,1,1,0,0,1,0,0,1,0,0,1,1,0,1,1,0,0,0,1,0,0,1,0,0,0,0,1,1,0,0,1,0,0,0,0,1,1,0,1,0,0,0,0,1,0,0,1,0,1,0,0,1,0,0,0,0,0,0,1,1,1,1,0,1,0,1,0,0,0,1,1,0,1,0,1,0,0,0,1,1,1,1,0,0,1,1,0,0,0,1,0,0,0,0,1,0,0,0,0,0,0,0,1,0
0,0,0,1,0,0,0,0,0,0,1,0,0,0,0,1,1,1,0,0,0,0,0,0,0,1,1,0,0,0,0,0,0,1,0,0,0,0,1,0,0,0,0,0,1,1,0,0,0,0,0,1,0,1,1,0,0,0,0,1,1,1,0,0,1,1,0,1,0,0,1,0,1,0,0,1,0,0,0,1,0,0,0,1,0,0,0,1,1,1,0,1,0,0,0,0,1,0,0,1,0,1,0,0,1,0,1,0,0,1,1,0,0,0,0,1,1,0,1,0,0,1,0,0,0,0,0,0,0,0,1,1,0,0,0,1,0,0,1,0,0,0,0,1,1,0,0,1,0,0,0,0,0,0,0,1,0,0,0,0,1,0,0,1,0,0,0,0,0,0,0,0,0,0,0,0,1,1,0,0,1,0,0,0,0,0,0,0,0,0,0,0,0,0,0,1,1,0,0,0,0,0,0,0,0,0,0,0,0,0,0,1,0,0,0,0,0,0,0,1,0
0,1,0,1,0,0,0,0,0,0,1,0,0,0,0,1,1,1,0,0,0,0,0,0,0,1,1,0,0,0,0,0,0,1,0,0,0,0,1,0,0,0,0,0,1,1,0,0,0,0,0,1,0,1,1,0,0,0,0,1,1,1,0,0,1,1,0,1,0,0,1,0,1,0,0,1,0,0,0,1,0,0,0,1,0,0,0,1,1,1,0,1,0,0,0,0,1,0,0,1,0,1,0,0,1,0,1,0,0,1,1,0,0,0,0,1,1,0,1,0,0,1,0,0,0,0,0,0,0,0,1,1,0,0,0,1,0,0,1,0,0,0,0,1,1,0,0,1,0,0,0,0,0,0,0,1,0,0,0,0,1,0,0,1,0,0,0,0,0,0,0,0,0,0,0,0,1,1,0,0,1,0,0,0,0,0,0,0,0,0,0,0,0,0,0,1,1,0,0,0,0,0,0,0,0,0,0,0,0,0,0,1,0,0,0,0,0,0,0,1,0
0,1,0,0,0,1,0,0,0,0,1,1,0,0,0,1,1,1,1,0,0,1,0,0,0,0,1,0,0,0,1,0,0,0,0,0,1,0,1,1,0,1,0,1,0,0,0,1,0,0,0,0,0,1,1,0,0,0,0,0,0,0,1,0,0,0,0,0,0,0,0,1,0,1,0,1,0,0,0,0,1,0,0,1,0,0,0,0,1,0,0,0,0,0,0,1,1,0,0,1,0,0,0,0,0,0,0,1,0,0,0,1,0,0,0,1,1,0,1,0,1,0,0,0,0,0,0,0,0,0,0,0,1,0,0,1,0,0,0,0,0,1,0,1,0,0,0,1,0,0,0,0,0,0,0,0,0,1,0,0,1,0,0,1,0,0,0,0,0,0,0,0,0,0,0,0,1,1,0,0,1,0,0,1,1,0,0,0,1,0,0,0,1,0,0,1,1,0,0,0,0,0,0,1,0,0,1,0,0,1,0,0,0,0,0,0,0,1,0,0,0
0,1,0,0,0,1,0,0,0,0,0,0,0,0,0,1,1,1,1,0,0,1,1,1,0,0,1,0,0,0,1,0,0,0,0,0,1,0,1,1,0,1,0,1,0,0,0,1,0,0,0,0,0,1,1,0,0,0,0,0,0,0,1,0,0,0,0,0,0,0,0,1,0,1,0,1,0,0,0,0,1,0,0,1,0,0,0,0,1,0,0,0,0,0,0,1,1,0,0,1,0,0,0,0,0,0,0,1,0,0,0,1,0,0,0,1,1,0,1,0,1,0,0,0,0,0,0,0,0,0,0,0,1,0,0,1,0,0,0,0,0,1,0,1,0,0,0,1,0,0,0,0,0,0,0,0,0,1,0,0,1,0,0,1,0,0,0,0,0,0,0,0,0,0,0,0,1,1,0,0,1,0,0,1,1,0,0,0,1,0,0,0,1,0,0,1,1,0,0,0,0,0,0,1,0,0,1,0,0,1,0,0,0,1,0,1,0,1,0,0,0
0,1,0,0,0,1,0,0,0,0,0,0,0,0,0,1,1,1,1,0,0,1,0,0,0,0,1,0,0,0,1,0,0,0,0,0,1,0,1,1,0,1,0,1,0,0,0,1,0,0,0,0,0,1,1,0,0,0,0,0,0,0,1,0,0,0,0,0,0,0,0,1,0,1,0,1,0,0,0,0,1,0,0,1,0,0,0,0,1,0,0,0,0,0,0,1,1,0,0,1,0,0,0,0,0,0,0,1,0,0,0,1,0,0,0,1,1,0,1,0,1,0,0,0,0,0,0,0,0,0,0,0,1,0,0,1,0,0,0,0,0,1,0,1,0,0,0,1,0,0,0,0,0,0,0,0,0,1,0,0,1,0,0,1,0,0,0,0,0,0,0,0,0,0,0,0,1,1,0,0,1,0,0,1,1,0,0,0,1,0,0,0,1,0,0,1,1,0,0,0,0,0,0,1,0,0,1,0,0,1,0,0,0,0,0,0,0,1,0,0,0
0,1,0,0,0,1,1,0,0,0,1,1,0,0,0,1,1,1,1,0,0,1,0,0,0,0,1,0,0,0,1,0,0,0,0,0,1,0,1,1,0,1,0,1,0,0,0,1,1,0,0,1,0,1,1,0,0,1,1,0,0,0,1,0,0,0,0,0,1,0,0,1,0,1,0,1,0,0,0,0,1,0,0,1,0,0,0,0,1,0,1,0,0,0,0,1,1,1,0,1,0,0,0,0,0,0,0,1,0,0,0,1,1,1,1,1,1,1,1,0,1,0,0,1,0,1,0,1,1,0,0,0,1,0,0,1,1,0,0,1,0,1,0,1,0,1,1,1,0,0,0,0,0,1,0,0,0,1,0,1,1,1,0,1,0,1,0,0,1,0,0,0,0,1,0,1,1,1,0,1,1,1,0,1,1,0,1,0,1,1,0,0,1,1,0,1,1,1,1,0,0,0,0,1,1,0,1,1,1,1,0,0,1,0,1,0,1,1,0,0,1
0,1,0,0,0,1,1,0,0,0,1,1,0,0,0,1,1,1,1,0,0,1,0,0,0,0,1,0,0,0,1,0,0,0,1,0,1,0,1,1,0,1,1,1,0,0,0,1,1,0,0,1,0,1,1,0,0,1,1,0,0,0,1,0,0,0,0,0,1,1,0,0,0,0,0,1,0,0,0,0,0,0,0,1,0,0,0,0,1,0,1,0,0,0,0,0,1,1,0,1,0,0,0,0,0,0,0,0,0,0,0,1,1,1,1,1,1,1,1,0,0,0,0,1,0,1,0,1,1,0,0,0,0,0,0,1,1,0,0,1,0,0,0,1,0,1,1,1,0,0,0,0,1,1,0,0,0,0,0,1,1,1,0,1,0,1,0,0,1,0,0,0,0,1,0,1,1,1,0,1,1,1,1,0,0,0,1,0,0,1,1,0,0,0,0,1,1,1,1,1,1,0,0,0,0,0,1,1,1,1,0,0,1,0,1,0,1,1,0,0,1
0,1,0,0,0,1,1,0,0,0,1,0,0,0,0,1,1,1,1,0,0,1,0,0,0,0,1,0,0,0,1,0,0,0,0,0,1,0,1,1,0,1,0,1,0,0,0,1,1,0,0,1,0,1,1,0,0,1,1,0,0,0,1,0,0,0,0,0,1,0,0,0,0,0,0,1,0,0,0,0,0,0,0,1,0,0,0,0,1,0,1,0,0,0,0,0,1,1,0,1,0,0,0,0,0,0,0,0,0,0,0,1,1,1,1,1,1,1,1,0,0,0,0,1,0,1,0,1,1,0,0,0,0,0,0,1,1,0,0,1,0,0,0,1,0,1,1,1,0,0,0,0,0,1,0,0,0,0,0,1,1,1,0,1,0,1,0,0,1,0,0,0,0,1,0,1,1,1,0,1,1,1,0,0,0,0,1,0,0,1,0,0,0,0,0,1,1,1,1,0,0,0,0,0,0,0,1,1,1,1,0,0,1,0,1,0,1,1,0,0,1
1,1,0,1,0,1,1,1,0,0,0,0,0,0,0,0,1,1,1,0,0,1,1,1,0,1,1,0,1,1,1,0,0,1,0,0,0,0,0,1,0,1,1,1,0,0,0,1,1,0,0,1,0,0,0,0,1,1,1,0,0,0,1,1,1,0,0,0,1,0,0,1,0,1,0,0,0,0,0,0,1,0,0,0,0,1,1,0,1,0,1,0,0,0,0,1,0,1,0,0,0,0,0,0,0,1,0,1,0,0,0,1,1,1,0,0,0,1,1,0,1,0,0,1,0,0,0,1,1,1,0,0,1,0,1,0,1,0,0,1,0,1,0,0,0,1,1,1,0,1,1,0,0,1,1,0,1,1,1,1,1,0,1,1,0,1,0,1,1,1,0,0,1,1,0,1,1,0,0,0,0,1,0,1,1,0,1,1,1,1,1,0,1,1,0,1,1,1,1,1,1,0,0,1,1,0,0,1,1,0,1,0,0,0,1,0,1,0,1,0,0
1,1,1,1,0,1,1,1,0,0,0,0,0,0,0,0,1,1,1,0,0,1,1,1,0,1,1,0,1,1,1,0,0,1,0,0,0,0,0,1,0,1,1,1,0,0,0,1,1,0,0,1,0,0,0,0,1,1,1,0,0,0,1,1,1,0,0,0,1,0,0,1,0,1,0,0,0,0,0,0,1,0,0,0,0,1,1,0,1,0,1,0,0,0,0,1,0,1,0,0,0,0,0,0,0,1,0,1,0,0,0,1,1,1,0,0,0,1,1,0,1,0,0,1,0,0,0,1,1,1,0,0,1,0,1,0,1,0,0,1,0,1,0,0,0,1,1,1,0,1,1,0,0,1,1,0,1,1,1,1,1,0,1,1,0,1,0,1,1,1,0,0,1,1,0,1,1,0,0,0,0,1,0,1,1,0,1,1,1,1,1,0,1,1,0,1,1,1,1,1,1,0,0,1,1,0,0,1,1,0,1,0,0,0,1,0,1,0,1,0,0
0,1,0,1,0,1,1,1,0,0,0,0,0,0,0,0,0,1,1,0,0,1,1,0,0,0,1,0,1,0,1,0,0,1,0,0,0,0,0,1,0,1,1,1,0,0,0,1,1,0,0,1,0,0,0,0,1,1,1,0,0,0,1,1,1,0,0,0,1,0,0,1,0,1,0,0,0,0,0,0,1,0,0,0,0,1,1,0,1,0,1,0,0,0,0,1,0,1,0,0,0,0,0,0,0,1,0,1,0,0,0,1,1,1,0,0,0,1,1,0,1,0,0,1,0,0,0,1,1,0,0,0,1,0,0,0,1,0,0,1,0,1,0,0,0,1,1,1,0,1,1,0,0,1,1,0,1,1,0,1,1,0,1,1,0,1,1,0,1,0,0,0,1,1,0,1,1,0,0,0,0,1,0,1,1,0,1,1,1,1,0,0,1,1,0,1,1,1,1,0,0,0,0,1,1,0,0,1,1,0,0,0,0,0,1,0,1,0,0,0,0
1,1,1,1,0,1,1,1,0,0,0,0,0,0,0,0,1,1,1,0,0,1,1,1,0,1,1,0,1,1,1,0,0,1,0,0,0,0,0,1,0,1,1,1,0,0,0,1,1,0,0,1,0,0,0,0,1,1,1,0,0,0,1,1,1,0,0,0,1,0,0,1,0,1,0,0,0,0,0,0,1,0,0,0,0,1,1,0,1,0,1,0,0,0,0,1,0,1,0,0,0,0,0,0,0,1,0,1,0,0,0,1,1,1,0,0,0,1,1,0,1,0,0,1,0,0,0,1,1,1,0,0,1,0,1,0,1,0,0,1,0,1,0,0,0,1,1,1,0,1,1,0,0,1,1,0,1,1,1,1,1,0,1,1,0,1,0,1,1,1,0,0,1,1,0,1,1,0,0,0,0,1,0,1,1,0,1,1,1,1,1,0,1,1,0,1,1,1,1,1,1,0,0,1,1,0,0,1,1,0,1,0,0,0,1,0,1,0,1,0,0
0,1,0,1,0,1,1,0,0,0,0,0,0,0,0,0,0,1,1,0,0,1,1,0,0,0,1,0,1,0,1,0,0,1,0,0,0,0,0,1,0,1,1,1,0,0,0,1,1,0,0,1,0,0,0,0,1,1,1,1,0,0,1,1,1,0,0,0,1,0,0,1,0,0,0,0,0,0,0,0,0,0,0,0,0,1,1,0,1,0,1,0,0,0,0,0,0,1,0,0,0,0,0,0,0,1,0,0,0,0,0,1,1,1,0,0,0,1,1,0,0,0,0,1,0,0,0,1,1,0,0,0,0,0,0,0,1,0,0,1,0,0,0,0,0,1,1,1,0,1,1,0,0,1,1,0,1,0,0,1,1,0,1,1,0,1,1,0,1,0,0,0,1,1,0,1,1,0,0,0,0,1,0,0,0,0,1,1,0,1,0,0,0,0,0,1,0,1,1,0,0,0,0,0,0,0,1,1,1,1,0,0,0,0,1,0,1,1,0,0,0
0,1,0,1,0,1,1,0,0,0,0,0,0,0,0,0,0,1,1,0,0,1,1,0,0,0,1,0,1,0,1,0,0,1,0,0,0,0,0,1,0,1,1,1,0,0,0,1,1,0,0,1,0,0,0,0,1,1,1,0,0,0,1,1,1,0,0,0,1,0,0,1,0,0,0,0,0,0,0,0,0,0,0,0,0,1,1,0,1,0,1,0,0,0,0,0,0,1,0,0,0,0,0,0,0,1,0,0,0,0,0,1,1,1,0,0,0,1,1,0,0,0,0,1,0,0,0,1,1,0,0,0,0,0,0,0,1,0,0,1,0,0,0,0,0,1,1,1,0,1,1,0,0,1,1,0,1,0,0,1,1,0,1,1,0,1,1,0,1,0,0,0,1,1,0,1,1,0,0,0,0,1,0,0,0,0,1,1,0,1,0,0,0,0,0,1,1,1,1,0,0,0,0,0,0,0,0,1,1,0,0,0,0,0,1,0,1,0,0,0,0
0,1,0,1,0,1,1,0,0,0,0,0,0,0,0,0,0,1,1,0,0,0,0,0,0,0,1,0,0,0,1,0,0,1,0,0,0,0,0,1,0,1,1,1,0,0,0,1,1,0,0,1,0,0,0,0,1,1,1,0,0,0,1,1,1,0,0,0,1,0,0,1,0,0,0,0,0,0,0,0,0,0,0,0,0,1,1,0,1,0,1,0,0,0,0,0,0,1,0,0,0,0,0,0,0,1,0,0,0,0,0,1,1,1,0,0,0,1,1,0,0,0,0,1,0,0,0,1,1,0,0,0,0,0,0,0,1,0,0,1,0,0,0,0,0,1,1,1,0,1,1,0,0,1,1,0,1,0,0,1,1,0,1,1,0,1,1,0,1,0,0,0,1,1,0,1,1,0,0,0,0,1,0,0,0,0,1,1,0,1,0,0,0,0,0,0,0,0,1,0,0,0,0,0,0,0,0,0,1,0,0,0,0,0,0,0,1,0,0,0,0
0,1,0,1,0,1,1,1,0,0,0,0,0,0,0,0,1,1,1,0,0,1,1,1,0,1,1,0,1,1,1,0,0,1,0,0,0,0,0,1,0,1,1,1,0,0,0,1,1,0,0,1,0,0,0,0,1,1,1,0,0,0,1,1,1,0,0,0,1,0,0,1,0,1,0,0,0,0,0,0,1,0,0,0,0,1,1,0,1,0,1,0,0,0,0,1,0,1,0,0,0,0,0,0,0,1,0,1,0,0,0,1,1,1,0,0,0,1,1,0,1,0,0,1,0,0,0,1,1,1,0,0,1,0,1,0,1,0,0,1,0,1,0,0,0,1,1,1,0,1,1,0,0,1,1,0,1,1,1,1,1,0,1,1,0,1,0,1,1,1,0,0,1,1,0,1,1,0,0,0,0,1,0,1,1,0,1,1,1,1,1,0,1,1,0,1,1,1,1,1,1,0,0,1,1,0,0,1,1,0,1,0,0,0,1,0,1,0,1,0,0
0,1,0,1,1,0,0,0,0,0,0,0,0,0,0,1,1,1,1,1,1,1,0,1,0,1,1,0,1,0,0,0,0,1,0,0,1,0,1,0,0,1,0,0,0,0,0,1,0,0,0,1,1,1,0,0,0,0,0,0,0,0,1,0,1,0,0,0,0,0,1,0,1,0,0,1,1,0,0,1,0,0,0,1,1,0,0,1,1,0,0,0,0,1,0,0,0,0,0,1,0,0,0,0,1,0,1,0,0,1,1,1,0,0,0,1,1,0,1,0,0,1,0,0,0,0,0,0,0,0,1,0,0,0,0,0,0,0,0,0,0,0,0,1,0,0,0,1,0,0,0,0,0,0,0,0,0,0,0,0,1,0,0,1,0,0,0,0,0,0,0,0,0,0,0,0,1,0,0,0,1,0,0,0,0,0,0,0,0,0,0,0,0,0,0,1,1,0,0,0,0,0,0,0,0,0,0,0,0,0,0,0,0,0,0,0,0,0,0,0,0
0,1,0,1,1,0,0,0,0,0,0,0,0,0,0,1,1,1,1,1,1,1,0,1,0,1,1,0,1,0,0,0,0,1,0,0,1,0,1,0,0,1,0,0,0,0,0,1,0,0,0,1,1,1,0,0,0,0,0,0,0,0,1,0,1,0,0,0,0,0,1,0,1,0,0,1,1,0,0,1,0,0,0,1,1,0,0,1,1,0,0,0,0,1,0,0,0,0,0,1,0,0,0,0,1,0,1,0,0,1,1,1,0,0,0,1,1,0,1,0,0,1,0,0,0,0,0,0,0,0,1,0,0,0,0,0,0,0,0,0,0,0,0,1,0,0,0,1,0,0,0,0,0,0,0,0,0,0,0,0,1,0,0,1,0,0,0,0,0,0,1,0,0,0,0,0,1,0,0,0,1,0,0,0,0,0,0,0,0,0,0,0,0,0,0,1,1,0,0,0,0,0,0,0,0,0,0,0,0,0,0,0,0,0,0,0,0,0,0,0,0
1,1,0,1,1,0,0,0,0,0,0,0,0,0,0,1,1,1,1,1,1,1,0,1,0,1,1,0,1,0,0,0,0,1,0,0,1,0,1,0,0,1,0,0,0,0,0,1,0,0,0,1,1,1,0,0,0,0,0,0,0,0,1,0,1,0,0,0,0,0,1,0,1,0,0,1,1,0,0,1,0,0,0,1,1,0,0,1,1,0,0,0,0,1,0,0,0,0,0,1,0,0,0,0,1,0,1,0,0,1,1,1,0,0,0,1,1,0,1,0,0,1,0,0,0,0,0,0,0,0,1,0,0,0,0,0,0,0,0,0,0,0,0,1,0,0,0,1,0,0,0,0,0,0,0,0,0,0,0,0,1,0,0,1,0,0,0,0,0,0,0,0,0,0,0,0,1,0,0,0,1,0,0,0,0,0,0,0,0,0,0,0,0,0,0,1,1,0,0,0,0,0,0,0,0,0,1,0,0,0,0,0,0,0,0,0,0,0,0,0,0
1,1,0,1,1,0,0,0,0,0,0,0,0,0,0,1,1,1,1,1,1,1,0,1,0,1,1,0,1,0,0,0,0,1,0,0,1,0,1,0,0,1,0,0,0,0,0,1,0,0,0,1,1,1,0,0,0,0,0,0,0,0,1,0,1,0,0,0,0,0,1,0,1,0,0,1,1,0,0,1,0,0,0,1,1,0,0,1,1,0,0,0,0,1,0,0,0,0,0,1,0,0,0,0,1,0,1,0,0,1,1,1,0,0,0,1,1,0,1,0,0,1,0,0,0,0,0,0,0,0,1,0,0,0,0,0,0,0,0,0,0,0,0,1,0,0,0,1,0,0,0,0,0,0,0,0,0,0,0,0,1,0,0,1,0,0,0,0,0,0,1,0,0,0,0,0,1,0,0,0,1,0,0,0,0,0,0,0,0,0,0,0,0,0,0,1,1,0,0,0,0,0,0,0,0,0,0,0,0,0,0,0,0,0,0,0,0,0,0,0,0
1,1,0,1,1,0,0,0,0,0,0,0,0,0,0,1,1,1,1,1,1,1,0,1,0,1,1,0,1,0,0,0,0,1,0,0,1,0,1,0,0,1,0,0,0,0,0,1,0,0,0,1,1,1,0,0,0,0,0,0,0,0,1,0,1,0,0,0,0,0,1,0,1,0,0,1,1,0,0,1,0,0,0,1,1,0,0,1,1,0,0,0,0,1,0,0,0,0,0,1,0,0,0,0,1,0,1,0,0,1,1,1,0,0,0,1,1,0,1,0,0,1,0,0,0,0,0,0,0,0,1,0,0,0,0,0,0,0,0,0,0,0,0,1,0,0,0,1,0,0,0,0,0,0,0,0,0,0,0,0,1,0,0,1,0,0,0,0,0,0,1,0,0,0,0,0,1,0,0,0,1,0,0,0,0,0,0,0,0,0,0,0,0,0,0,1,1,0,0,0,0,0,0,0,0,0,0,0,0,0,0,0,0,0,0,0,0,0,0,0,0
0,1,0,1,1,0,0,0,0,0,0,0,0,0,0,1,1,1,1,1,1,1,1,1,1,1,1,0,1,1,0,0,0,1,0,0,1,0,1,0,0,1,0,0,0,0,0,1,0,0,0,0,1,1,1,0,0,0,0,0,0,0,1,0,1,0,0,0,0,0,1,0,1,0,0,1,1,0,0,1,0,0,0,1,1,0,0,1,1,0,0,0,0,1,0,0,0,0,0,0,0,0,0,0,1,0,1,0,0,1,0,1,0,0,0,1,0,0,1,0,0,1,0,0,0,0,0,0,0,0,1,0,0,0,0,0,0,0,0,0,0,0,0,1,0,0,0,1,0,0,0,0,0,0,0,0,0,0,0,0,1,0,0,1,0,0,0,0,0,0,0,0,0,0,0,0,1,0,0,0,1,0,0,0,0,0,0,0,0,0,0,0,0,0,0,1,1,0,0,0,0,0,0,0,0,0,1,0,0,1,0,0,0,0,0,0,0,1,0,0,0
1,1,0,1,1,0,0,0,0,0,1,1,0,0,1,1,1,1,1,1,1,1,0,1,0,1,1,1,1,1,0,0,0,1,0,0,0,0,1,0,0,1,0,0,1,1,0,1,0,0,0,0,0,1,1,0,0,0,0,1,1,1,0,1,1,1,0,1,0,0,1,0,1,0,0,1,0,0,0,1,0,0,0,1,0,0,0,1,1,1,0,1,0,0,0,0,1,0,0,1,0,1,0,0,1,1,1,0,0,1,1,1,0,0,0,1,1,0,1,0,0,1,0,0,0,0,0,0,0,0,1,1,0,0,0,1,0,0,1,0,0,0,0,1,1,0,0,1,0,0,0,0,0,0,0,1,0,0,0,0,1,0,0,1,0,0,0,0,0,0,1,0,0,0,0,0,1,1,0,0,1,0,0,0,0,0,0,0,0,0,0,0,0,0,0,1,1,0,0,0,0,0,0,0,0,0,0,0,0,0,0,1,0,0,0,0,0,0,0,1,0
1,1,0,1,1,0,0,0,0,0,1,1,0,0,1,1,1,1,1,1,1,1,0,1,0,1,1,1,1,1,0,0,0,1,0,0,0,0,1,0,0,1,0,0,1,1,0,1,0,0,0,0,0,1,1,0,0,0,0,1,1,1,0,1,1,1,0,1,0,0,1,0,1,0,0,1,0,0,0,1,0,0,0,1,0,0,0,1,1,1,0,1,0,0,0,0,1,0,0,1,0,1,0,0,1,1,1,0,0,1,1,1,0,0,0,1,1,0,1,0,0,1,0,0,0,0,0,0,0,0,1,1,0,0,0,1,0,0,1,0,0,0,0,1,1,0,0,1,0,0,0,0,0,0,0,1,0,0,0,0,1,0,0,1,0,0,0,0,0,0,1,0,0,0,0,0,1,1,0,0,1,0,0,0,0,0,0,0,0,0,0,0,0,0,0,1,1,0,0,0,0,0,0,0,0,0,0,0,0,0,0,1,0,0,0,0,0,0,0,1,0
1,1,1,1,1,0,0,0,0,0,1,1,0,0,1,1,1,1,1,1,1,1,0,1,0,1,1,1,1,1,0,0,0,1,0,0,0,0,1,0,0,1,0,0,1,1,0,1,0,0,0,0,0,1,1,0,0,0,0,1,1,1,0,1,1,1,0,1,0,0,1,0,1,0,0,1,0,0,0,1,0,0,0,1,0,0,0,1,1,1,0,1,0,0,0,0,1,0,0,1,0,1,0,0,1,1,1,0,0,1,1,1,0,0,0,1,1,0,1,0,0,1,0,0,0,0,0,0,0,0,1,1,0,0,0,1,0,0,1,0,0,0,0,1,1,0,0,1,0,0,0,0,0,0,0,1,0,0,0,0,1,0,0,1,0,0,0,0,0,0,1,0,0,0,0,0,1,1,0,0,1,0,0,0,0,0,0,0,0,0,0,0,0,0,0,1,1,0,0,0,0,0,0,0,0,0,0,0,0,0,0,1,0,0,0,0,0,0,0,1,0
1,1,1,1,1,0,0,0,0,0,0,0,0,0,0,1,1,1,1,1,1,1,1,1,1,1,1,1,1,1,0,0,0,1,0,0,0,0,1,0,0,1,0,0,1,1,0,1,0,0,0,0,0,1,1,0,0,0,0,1,1,1,0,1,1,1,0,1,0,0,1,0,1,0,0,1,0,0,0,1,0,0,0,1,0,0,0,1,1,1,0,1,0,0,0,0,1,0,0,1,0,1,0,0,1,1,1,0,0,1,1,1,0,0,0,1,1,0,1,0,0,1,0,0,0,0,0,0,0,0,1,1,0,0,0,1,0,0,1,0,0,0,0,1,1,0,0,1,0,0,0,0,0,0,0,1,0,0,0,0,1,0,0,1,0,0,0,0,0,0,1,0,0,0,0,0,1,1,0,0,1,0,0,0,0,0,0,0,0,0,0,0,0,0,0,1,1,0,0,0,0,0,0,0,0,0,0,0,0,0,0,1,0,0,0,0,0,0,0,1,0
1,1,1,1,1,0,0,0,0,0,0,0,0,0,0,1,1,1,1,1,1,1,1,1,1,1,1,1,1,1,0,0,0,1,0,0,0,0,1,0,0,1,0,0,1,1,0,1,0,0,0,0,0,1,1,0,0,0,0,1,1,1,0,1,1,1,0,1,0,0,1,0,1,0,0,1,0,0,0,1,0,0,0,1,0,0,0,1,1,1,0,1,0,0,0,0,1,0,0,1,0,1,0,0,1,1,1,0,0,1,1,1,0,0,0,1,1,0,1,0,0,1,0,0,0,0,0,0,0,0,1,1,0,0,0,1,0,0,1,0,0,0,0,1,1,0,0,1,0,0,0,0,0,0,0,1,0,0,0,0,1,0,0,1,0,0,0,0,0,0,1,0,0,0,0,0,1,1,0,0,1,0,0,0,0,0,0,0,0,0,0,0,0,0,0,1,1,0,0,0,0,0,0,0,0,0,0,0,0,0,0,1,0,0,0,0,0,0,0,1,0
1,1,1,1,1,0,0,0,0,0,0,0,0,0,0,1,1,1,1,1,1,1,1,1,1,1,1,1,1,1,0,0,0,1,0,0,0,0,1,0,0,1,0,0,1,1,0,1,0,0,0,0,0,1,1,0,0,0,0,1,1,1,0,1,1,1,0,1,0,0,1,0,1,0,0,1,0,0,0,1,0,0,0,1,0,0,0,1,1,1,0,1,0,0,0,0,1,0,0,1,0,1,0,0,1,1,1,0,0,1,1,1,0,0,0,1,1,0,1,0,0,1,0,0,0,0,0,0,0,0,1,1,0,0,0,1,0,0,1,0,0,0,0,1,1,0,0,1,0,0,0,0,0,0,0,1,0,0,0,0,1,0,0,1,0,0,0,0,0,0,1,0,0,0,0,0,1,1,0,0,1,0,0,0,0,0,0,0,0,0,0,0,0,0,0,1,1,0,0,0,0,0,0,0,0,0,0,0,0,0,0,1,0,0,0,0,0,0,0,1,0
1,1,1,1,1,0,0,0,0,0,0,0,0,0,0,1,1,1,1,1,1,1,1,1,1,1,1,1,1,1,0,0,0,1,0,0,0,0,1,0,0,1,0,0,1,1,0,1,0,0,0,0,0,1,1,0,0,0,0,1,1,1,0,1,1,1,0,1,0,0,1,0,1,0,0,1,0,0,0,1,0,0,0,1,0,0,0,1,1,1,0,1,0,0,0,0,1,0,0,1,0,1,0,0,1,1,1,0,0,1,1,1,0,0,0,1,1,0,1,0,0,1,0,0,0,0,0,0,0,0,1,1,0,0,0,1,0,0,1,0,0,0,0,1,1,0,0,1,0,0,0,0,0,0,0,1,0,0,0,0,1,0,0,1,0,0,0,0,0,0,1,0,0,0,0,0,1,1,0,0,1,0,0,0,0,0,0,0,0,0,0,0,0,0,0,1,1,0,0,0,0,0,0,0,0,0,0,0,0,0,0,1,0,0,0,0,0,0,0,1,0
1,1,1,1,1,0,0,0,0,0,0,0,0,0,0,1,1,1,1,1,1,1,1,1,1,1,1,1,1,1,0,0,0,1,0,0,0,0,1,0,0,1,0,0,1,1,0,1,0,0,0,0,0,1,1,0,0,0,0,1,1,1,0,1,1,1,0,1,0,0,1,0,1,0,0,1,0,0,0,1,0,0,0,1,0,0,0,1,1,1,0,1,0,0,0,0,1,0,0,1,0,1,0,0,1,1,1,0,0,1,1,1,0,0,0,1,1,0,1,0,0,1,0,0,0,0,0,0,0,0,1,1,0,0,0,1,0,0,1,0,0,0,0,1,1,0,0,1,0,0,0,0,0,0,0,1,0,0,0,0,1,0,0,1,0,0,0,0,0,0,1,0,0,0,0,0,1,1,0,0,1,0,0,0,0,0,0,0,0,0,0,0,0,0,0,1,1,0,0,0,0,0,0,0,0,0,0,0,0,0,0,1,0,0,0,0,0,0,0,1,0
1,1,1,1,1,0,0,0,0,1,0,0,0,0,0,1,1,1,1,1,1,1,1,1,1,1,1,1,1,1,0,0,1,1,0,0,0,0,1,0,1,1,0,0,1,1,1,1,0,0,0,0,0,1,1,0,0,0,0,1,1,1,0,1,1,1,0,1,0,0,1,0,1,0,0,1,0,0,0,1,0,0,0,1,0,0,0,1,1,1,0,1,0,0,0,0,1,0,1,1,1,1,0,0,1,1,1,0,0,1,1,1,0,0,0,1,1,0,1,1,0,1,0,0,0,0,0,0,0,0,1,1,0,0,0,1,0,1,1,0,0,0,1,1,1,0,0,1,0,0,0,0,0,0,0,1,0,0,0,0,1,0,0,1,0,0,0,0,0,0,1,0,0,0,0,0,1,1,0,0,1,0,0,0,0,0,0,0,0,0,0,0,0,0,0,1,1,0,0,0,0,0,0,0,0,0,0,0,0,0,0,1,0,0,0,0,0,0,0,1,0
1,1,1,1,1,0,0,0,0,1,0,0,0,0,0,1,1,1,1,1,1,1,1,1,1,1,1,1,1,1,0,0,1,1,0,0,0,0,1,0,1,1,0,0,1,1,1,1,0,0,0,0,0,1,1,0,0,0,0,1,1,1,0,1,1,1,0,1,0,0,1,0,1,0,0,1,0,0,0,1,0,0,0,1,0,0,0,1,1,1,0,1,0,0,0,0,1,0,1,1,1,1,0,0,1,1,1,0,0,1,1,1,0,0,0,1,1,0,1,1,0,1,0,0,0,0,0,0,0,0,1,1,0,0,0,1,0,1,1,0,0,0,1,1,1,0,0,1,0,0,0,0,0,0,0,1,0,0,0,0,1,0,0,1,0,0,0,0,0,0,1,0,0,0,0,0,1,1,0,0,1,0,0,0,0,0,0,0,0,0,0,0,0,0,0,1,1,0,0,0,0,0,0,0,0,0,0,0,0,0,0,1,0,0,0,0,0,0,0,1,0
1,1,1,1,1,0,0,0,0,1,0,0,0,0,0,1,1,1,1,1,1,1,1,1,1,1,1,1,1,1,0,0,1,1,0,0,0,0,1,0,1,1,0,0,1,1,1,1,0,0,0,0,0,1,1,0,0,0,0,1,1,1,0,1,1,1,0,1,0,0,1,0,1,0,0,1,0,0,0,1,0,0,0,1,0,0,0,1,1,1,0,1,0,0,0,0,1,0,1,1,1,1,0,0,1,1,1,0,0,1,1,1,0,0,0,1,1,0,1,1,0,1,0,0,0,0,0,0,0,0,1,1,0,0,0,1,0,1,1,0,0,0,1,1,1,0,0,1,0,0,0,0,0,0,0,1,0,0,0,0,1,0,0,1,0,0,0,0,0,0,1,0,0,0,0,0,1,1,0,0,1,0,0,0,0,0,0,0,0,0,0,0,0,0,0,1,1,0,0,0,0,0,0,0,0,0,0,0,0,0,0,1,0,0,0,0,0,0,0,1,0
1,1,0,1,1,0,0,0,0,0,0,0,0,0,0,1,1,1,1,1,1,1,0,1,1,1,1,1,1,1,0,0,0,1,0,0,0,0,1,0,0,1,0,0,1,1,0,1,0,1,1,0,1,1,1,1,0,0,0,1,0,1,0,1,1,1,0,1,0,0,1,0,1,0,1,1,1,0,0,1,0,1,1,1,1,0,0,1,1,1,0,1,1,1,1,0,1,0,0,1,0,1,1,1,1,1,1,0,0,1,1,1,0,0,0,1,1,0,1,0,0,1,1,0,0,0,0,0,0,0,1,1,0,0,0,1,0,0,1,0,1,0,0,1,1,0,0,1,0,0,0,0,0,0,0,1,0,0,0,0,1,0,0,1,1,0,0,0,0,0,1,0,0,0,1,0,1,1,0,0,1,0,0,0,0,1,0,0,0,0,0,0,0,0,0,1,1,0,0,0,0,0,0,0,0,0,0,0,0,0,0,0,0,0,0,0,0,0,0,1,0
1,1,0,1,1,0,0,0,0,0,0,0,0,0,0,1,1,1,1,1,1,1,0,1,1,1,1,1,1,1,0,0,0,1,0,0,0,0,1,0,0,1,0,0,1,1,0,1,0,1,1,0,1,1,1,1,0,0,0,1,0,1,0,1,1,1,0,1,0,0,1,0,1,0,1,1,1,0,0,1,0,1,1,1,1,0,0,1,1,1,0,1,1,1,1,0,1,0,0,1,0,1,1,1,1,1,1,0,0,1,1,1,0,0,0,1,1,0,1,0,0,1,1,0,0,0,0,0,0,0,1,1,0,0,0,1,0,0,1,0,1,0,0,1,1,0,0,1,0,0,0,0,0,0,0,1,0,0,0,0,1,0,0,1,1,0,0,0,0,0,1,0,0,0,1,0,1,1,0,0,1,0,0,0,0,1,0,0,0,0,0,0,0,0,0,1,1,0,0,0,0,0,0,0,0,0,0,0,0,0,0,0,0,0,0,0,0,0,0,1,0
1,1,1,1,1,0,0,0,0,0,0,0,0,0,0,1,1,1,1,1,1,1,0,1,1,1,1,1,1,1,0,0,0,1,0,0,0,0,1,0,0,1,0,0,1,1,0,1,0,1,1,0,1,1,1,1,0,0,0,1,0,1,0,1,1,1,0,1,0,0,1,0,1,0,1,1,1,0,0,1,0,1,1,1,1,0,0,1,1,1,0,1,1,1,1,0,1,0,0,1,0,1,1,1,1,1,1,0,0,1,1,1,0,0,0,1,1,0,1,0,0,1,1,0,0,0,0,0,0,0,1,1,0,0,0,1,0,0,1,0,1,0,0,1,1,0,0,1,0,0,0,0,0,0,0,1,0,0,0,0,1,0,0,1,1,0,0,0,0,0,1,0,0,0,1,0,1,1,0,0,1,0,0,0,0,1,0,0,0,0,0,0,0,0,0,1,1,0,0,0,0,0,0,0,0,0,0,0,0,0,0,0,0,0,0,0,0,0,0,1,0
1,1,1,1,1,0,0,0,0,0,0,0,0,0,0,1,1,1,0,1,1,1,0,1,0,1,1,1,1,1,0,0,0,1,0,0,0,0,1,0,0,1,0,0,1,1,0,1,0,1,1,0,1,1,1,1,0,0,0,1,1,1,0,1,1,1,0,1,0,0,1,0,1,0,1,1,1,0,0,1,0,1,1,1,1,0,0,1,1,1,0,1,1,1,1,0,1,0,0,1,0,1,1,1,1,1,1,0,0,1,1,1,0,0,0,1,1,0,1,0,0,1,1,0,0,0,0,0,0,0,1,1,0,0,0,1,0,0,1,0,1,0,0,1,1,0,0,1,0,0,0,0,0,0,0,1,0,0,0,0,1,0,0,1,1,0,0,0,0,0,1,0,0,0,1,0,1,1,0,0,1,0,0,0,0,1,0,0,0,0,0,0,0,0,0,1,1,0,0,0,0,0,0,0,0,0,0,0,0,0,0,1,0,0,0,0,0,0,0,1,0
1,1,1,1,1,0,0,0,0,0,0,0,0,0,0,1,1,1,1,1,1,1,0,1,0,1,1,1,1,1,0,0,0,1,0,0,0,0,1,0,0,1,0,0,1,1,0,1,0,0,0,0,0,1,1,0,0,0,0,1,1,1,0,1,1,1,0,1,0,0,1,0,1,0,0,1,0,0,0,1,0,0,0,1,0,0,0,1,1,1,0,1,0,0,0,0,1,0,0,1,0,1,0,0,1,1,1,0,0,1,1,1,0,0,0,1,1,0,1,0,0,1,0,0,0,0,0,0,0,0,1,1,0,0,0,1,0,0,1,0,0,0,0,1,1,0,0,1,0,0,0,0,0,0,0,1,0,0,0,0,1,0,0,1,0,0,0,0,0,0,1,0,0,0,0,0,1,1,0,0,1,0,0,0,0,0,0,0,0,0,0,0,0,0,0,1,1,0,0,0,0,0,0,0,0,0,0,0,0,0,0,1,0,0,0,0,0,0,0,1,0
0,1,0,1,0,0,0,0,0,0,0,0,0,0,0,1,1,1,1,0,0,1,1,1,0,1,1,0,1,0,0,0,0,1,0,0,0,0,1,0,0,0,0,0,1,1,0,0,0,0,0,1,0,1,1,0,0,0,0,1,1,1,0,1,1,1,0,1,0,0,1,0,1,0,0,1,0,0,0,1,0,0,0,1,0,0,0,1,1,1,0,1,0,0,0,0,1,0,0,1,0,1,0,0,1,0,1,0,0,1,1,0,0,0,0,1,1,0,1,0,0,1,0,0,0,0,0,0,0,0,1,1,0,0,0,1,0,0,1,0,0,0,0,1,1,0,0,1,0,0,0,0,0,0,0,1,0,0,0,0,1,0,0,1,0,0,0,0,0,0,1,0,0,0,0,0,1,1,0,0,1,0,0,0,0,0,0,0,0,0,0,0,0,0,0,1,1,0,0,0,0,0,0,0,0,0,0,0,0,0,0,1,0,0,0,1,0,0,0,1,0
1,1,1,1,1,0,0,0,0,0,0,0,0,0,0,1,1,1,1,1,1,1,0,1,0,1,1,1,1,1,0,0,0,1,0,0,0,0,1,0,0,1,0,0,1,1,0,1,0,0,0,0,0,1,1,0,0,0,0,1,1,1,0,1,1,1,0,1,0,0,1,0,1,0,0,1,0,0,0,1,0,0,0,1,0,0,0,1,1,1,0,1,0,0,0,0,1,0,0,1,0,1,0,0,1,1,1,0,0,1,1,1,0,0,0,1,1,0,1,0,0,1,0,0,0,0,0,0,0,0,1,1,0,0,0,1,0,0,1,0,0,0,0,1,1,0,0,1,0,0,0,0,0,0,0,1,0,0,0,0,1,0,0,1,0,0,0,0,0,0,1,0,0,0,0,0,1,1,0,0,1,0,0,0,0,0,0,0,0,0,0,0,0,0,0,1,1,0,0,0,0,0,0,0,0,0,0,0,0,0,0,1,0,0,0,0,0,0,0,1,0
0,1,0,1,0,0,0,0,0,0,0,0,0,0,0,1,1,1,1,0,0,1,1,1,0,1,1,0,1,0,0,0,0,1,0,0,0,0,1,0,0,0,0,0,1,1,0,0,0,0,0,1,0,1,1,0,0,0,0,1,1,1,0,1,1,1,0,1,0,0,1,0,1,0,0,1,0,0,0,1,0,0,0,1,0,0,0,1,1,1,0,1,0,0,0,0,1,0,0,1,0,1,0,0,1,0,1,0,0,1,1,0,0,0,0,1,1,0,1,0,0,1,0,0,0,0,0,0,0,0,1,1,0,0,0,1,0,0,1,0,0,0,0,1,1,0,0,1,0,0,0,0,0,0,0,1,0,0,0,0,1,0,0,1,0,0,0,0,0,0,1,0,0,0,0,0,1,1,0,0,1,0,0,0,0,0,0,0,0,0,0,0,0,0,0,1,1,0,0,0,0,0,0,0,0,0,0,0,0,0,0,1,0,1,0,0,0,0,0,1,0
0,1,0,1,0,0,0,0,0,1,0,0,0,0,0,1,1,1,1,0,0,1,1,1,0,1,1,0,1,0,0,0,1,1,0,0,0,0,1,0,1,0,0,0,1,1,1,0,0,0,0,0,0,1,1,0,0,0,0,1,1,1,0,1,1,1,0,1,0,0,1,0,1,0,0,1,0,0,0,1,0,0,0,1,0,0,0,1,1,1,0,1,0,0,0,0,1,0,1,1,1,1,0,0,1,0,1,0,0,1,1,0,0,0,0,1,1,0,1,1,0,1,0,0,0,0,0,0,0,0,1,1,0,0,0,1,0,1,1,0,0,0,1,1,1,0,0,1,0,0,0,0,0,0,0,1,0,0,0,0,1,0,0,1,0,0,0,0,0,0,1,0,0,0,0,0,1,1,0,0,1,0,0,0,0,0,0,0,0,0,0,0,0,0,0,1,1,0,0,0,0,0,0,0,0,0,0,0,0,0,0,1,0,0,0,0,0,0,0,1,0
0,1,0,1,0,1,1,0,0,0,0,0,0,0,0,1,1,1,1,0,0,1,1,1,0,1,1,0,1,0,0,0,0,1,0,0,0,0,1,0,0,0,0,0,1,1,0,0,0,0,0,0,0,1,1,0,0,0,0,1,1,1,0,1,1,1,0,1,0,0,1,0,1,0,0,1,0,0,0,1,0,0,0,1,0,0,0,1,1,1,0,1,0,0,0,0,1,0,0,1,0,1,0,0,1,0,1,0,0,1,1,0,0,0,0,1,1,0,1,0,0,1,0,0,0,0,0,0,0,0,1,1,0,0,0,1,0,0,1,0,0,0,0,1,1,0,0,1,0,0,0,0,0,0,0,1,0,0,0,0,1,0,0,1,0,0,0,0,0,0,1,0,0,0,0,0,1,1,0,0,1,0,0,0,0,0,0,0,0,0,0,0,0,0,0,1,1,0,0,0,0,0,0,0,0,0,0,0,0,0,0,1,0,0,0,0,0,0,0,1,0
0,1,0,1,0,1,1,0,0,0,0,0,0,0,0,1,1,1,1,0,0,1,1,1,0,1,1,0,1,0,0,0,0,1,0,0,0,0,1,0,0,0,0,0,1,1,0,0,0,0,0,0,0,1,1,0,0,0,0,1,1,1,0,1,1,1,0,1,0,0,1,0,1,0,0,1,0,0,0,1,0,0,0,1,0,0,0,1,1,1,0,1,0,0,0,0,1,0,0,1,0,1,0,0,1,0,1,0,0,1,1,0,0,0,0,1,1,0,1,0,0,1,0,0,0,0,0,0,0,0,1,1,0,0,0,1,0,0,1,0,0,0,0,1,1,0,0,1,0,0,0,0,0,0,0,1,0,0,0,0,1,0,0,1,0,0,0,0,0,0,1,0,0,0,0,0,1,1,0,0,1,0,0,0,0,0,0,0,0,0,0,0,0,0,0,1,1,0,0,0,0,0,0,0,0,0,0,0,0,0,0,1,0,0,0,0,0,0,0,1,0
0,1,0,1,0,1,1,1,0,0,1,0,0,1,0,0,0,1,1,0,0,1,1,0,0,0,1,0,1,0,1,0,0,1,1,0,0,0,0,1,0,1,1,1,0,0,0,1,1,0,0,1,0,0,0,0,1,1,1,0,0,0,1,1,1,0,0,0,1,1,0,1,0,1,0,0,0,0,0,0,1,0,0,0,0,1,1,0,1,0,1,0,0,0,0,1,0,1,0,0,0,0,0,0,0,1,0,1,0,0,0,1,1,1,1,0,0,1,1,0,1,0,0,1,0,1,0,1,1,1,0,0,1,0,1,0,1,0,0,1,0,1,0,0,0,1,1,1,0,1,1,0,1,1,1,0,1,1,1,1,1,0,1,1,0,1,1,1,1,1,0,0,1,1,0,1,1,0,0,0,0,1,1,1,1,0,1,1,1,1,1,0,1,1,0,1,0,1,1,1,1,0,0,1,1,0,0,1,1,0,1,0,1,0,1,0,1,0,1,0,1
1,1,1,1,0,1,1,1,0,0,1,0,0,1,0,0,0,1,1,0,0,1,1,0,0,0,1,0,1,0,1,0,0,1,1,0,0,0,0,1,0,1,1,1,0,0,0,1,1,0,0,1,0,0,0,0,1,1,1,0,0,0,1,1,1,0,0,0,1,1,0,1,0,1,0,0,0,0,0,0,1,0,0,0,0,1,1,0,1,0,1,0,0,0,0,1,0,1,0,0,0,0,0,0,0,1,0,1,0,0,0,1,1,1,1,0,0,1,1,0,1,0,0,1,0,1,0,1,1,1,0,0,1,0,1,0,1,0,0,1,0,1,0,0,0,1,1,1,0,1,1,0,1,1,1,0,1,1,1,1,1,0,1,1,0,1,0,1,1,1,0,0,1,1,0,1,1,0,0,0,0,1,1,1,1,0,1,1,1,1,1,0,1,1,0,1,0,1,1,1,1,0,0,1,1,0,0,1,1,0,1,0,1,0,1,0,1,0,1,0,1
1,1,1,1,0,1,1,1,0,0,1,0,0,1,0,0,0,1,1,0,0,1,1,1,0,0,1,0,1,1,1,0,0,1,0,0,0,0,0,1,0,1,1,1,0,0,0,1,1,0,0,1,0,0,0,0,1,1,1,1,0,0,1,1,1,0,0,0,1,0,0,1,0,1,0,0,0,0,0,0,1,0,0,0,0,1,1,0,1,0,1,0,0,0,0,1,0,1,0,0,0,0,0,0,0,1,0,1,0,0,0,1,1,1,0,0,0,1,1,0,1,0,0,1,0,0,0,1,1,1,0,0,1,0,1,0,1,0,0,1,0,1,0,0,0,1,1,1,0,1,1,0,0,1,1,0,1,1,1,1,1,0,1,1,0,1,0,1,1,1,0,0,1,1,0,1,1,0,0,0,0,1,0,1,1,0,1,1,1,1,1,0,1,1,0,1,1,1,1,1,1,0,0,1,1,0,1,1,1,1,1,0,0,1,1,1,1,1,1,0,0
1,1,1,1,0,1,1,1,0,0,1,1,0,0,0,0,0,1,1,0,0,1,1,0,0,0,1,0,1,0,1,0,0,1,1,0,0,0,0,1,0,1,1,1,0,0,0,1,1,0,0,1,0,0,0,0,1,1,1,0,0,0,1,1,1,0,0,0,1,1,0,1,0,1,0,0,0,0,0,0,1,0,0,0,0,1,1,0,1,0,1,0,0,0,0,1,0,1,0,0,0,0,0,0,0,1,0,1,0,0,0,1,1,1,1,0,0,1,1,0,1,0,0,1,0,1,0,1,1,1,0,0,1,0,0,0,1,0,0,1,0,1,0,0,0,1,1,1,0,1,1,0,1,1,1,0,1,1,0,1,1,0,1,1,0,1,0,1,1,0,0,0,1,1,0,1,1,0,0,0,0,1,1,1,1,0,1,1,1,1,1,0,1,1,0,1,0,1,1,0,1,0,0,1,1,0,1,1,1,1,0,0,1,0,1,0,1,1,0,0,1
1,1,1,1,0,1,1,1,0,0,0,0,0,0,0,0,1,1,1,0,0,1,1,1,0,0,1,0,1,0,1,0,0,1,1,0,0,0,0,1,0,1,1,1,0,0,0,1,1,0,0,1,0,0,0,0,1,1,1,0,0,0,1,1,1,0,0,0,1,1,0,1,0,1,0,0,0,0,0,0,1,0,0,0,0,1,1,0,1,0,1,0,0,0,0,1,0,1,0,0,0,0,0,0,0,1,0,1,0,0,0,1,1,1,1,0,0,1,1,0,1,0,0,1,0,1,0,1,1,1,0,0,1,0,1,0,1,0,0,1,0,1,0,0,0,1,1,1,0,1,1,0,1,1,1,0,1,1,1,1,1,0,1,1,0,1,0,1,1,1,0,0,1,1,0,1,1,0,0,0,0,1,1,1,1,0,1,1,1,1,1,0,1,1,0,1,0,1,1,1,1,0,0,1,1,0,0,1,1,0,1,0,1,0,1,0,1,0,1,0,1
1,1,1,1,0,1,1,1,0,0,0,0,0,0,0,0,0,1,1,0,0,1,1,1,0,0,1,0,1,0,1,0,0,1,1,0,0,0,0,1,0,1,1,1,0,0,0,1,1,0,0,1,0,0,0,0,1,1,1,0,0,0,1,1,1,0,0,0,1,1,0,1,0,1,0,0,0,0,0,0,1,0,0,0,0,1,1,0,1,0,1,0,0,0,0,1,0,1,0,0,0,0,0,0,0,1,0,1,0,0,0,1,1,1,1,0,0,1,1,0,1,0,0,1,0,1,0,1,1,1,0,0,1,0,0,0,1,0,0,1,0,1,0,0,0,1,1,1,0,1,1,0,1,1,1,0,1,1,0,1,1,0,1,1,0,1,0,1,1,0,0,0,1,1,0,1,1,0,0,0,0,1,1,1,1,0,1,1,1,1,1,0,1,1,0,1,0,1,1,0,1,0,0,1,1,0,1,1,1,1,0,0,1,0,1,0,1,1,0,0,1
1,1,0,1,1,1,0,0,0,0,1,0,1,1,0,1,1,1,1,0,0,1,1,1,0,1,1,1,1,1,1,0,0,1,0,0,0,0,1,0,0,1,0,1,1,1,0,1,0,1,1,0,0,1,1,0,0,0,0,1,1,1,0,1,1,1,0,1,0,0,1,1,1,0,1,1,0,1,0,1,1,1,1,1,0,1,0,1,1,1,0,1,0,0,1,0,1,0,0,1,0,1,0,1,1,1,1,1,0,1,1,1,0,0,0,1,1,0,1,0,0,1,0,0,0,0,0,0,0,0,1,1,1,0,0,1,0,0,1,0,0,0,0,1,1,0,0,1,0,0,0,0,0,0,0,1,0,0,0,0,1,0,0,1,0,0,0,0,0,0,1,1,1,0,0,0,1,1,0,0,1,0,0,0,0,0,0,0,1,0,0,0,1,0,1,1,1,0,0,0,0,0,0,1,0,0,1,0,0,0,0,1,0,0,0,0,0,0,0,1,0
1,1,0,1,1,1,0,0,0,1,1,0,1,1,0,1,1,1,1,0,0,1,1,1,0,1,1,1,1,1,1,0,1,1,0,0,0,0,1,0,1,1,0,1,1,1,1,1,0,1,1,0,0,1,1,0,0,0,0,1,1,1,0,1,1,1,0,1,0,0,1,1,1,0,1,1,0,1,0,1,1,1,1,1,0,1,0,1,1,1,0,1,0,0,1,0,1,0,1,1,1,1,0,1,1,1,1,1,0,1,1,1,0,0,0,1,1,0,1,1,0,1,0,0,0,0,0,0,0,0,1,1,1,0,0,1,0,1,1,0,0,0,1,1,1,0,0,1,0,0,0,0,0,0,0,1,0,0,0,0,1,0,0,1,0,0,0,0,0,0,1,1,1,0,0,0,1,1,0,0,1,0,0,0,0,0,0,0,1,0,0,0,1,0,1,1,1,0,0,0,0,0,0,1,0,0,1,0,0,0,0,1,0,0,0,0,0,0,0,1,0
1,1,0,1,1,1,0,0,0,0,1,0,1,1,0,1,1,1,1,0,0,1,1,1,0,1,1,1,1,1,1,0,0,1,0,0,0,0,1,0,0,1,0,1,1,1,0,1,0,1,1,0,0,1,1,0,0,0,0,1,1,1,0,1,1,1,0,1,0,0,1,1,1,0,1,1,0,1,0,1,1,1,1,1,0,1,0,1,1,1,0,1,0,0,1,0,1,0,0,1,0,1,0,1,1,1,1,1,0,1,1,1,0,0,0,1,1,0,1,0,0,1,0,0,0,0,0,0,0,0,1,1,1,0,0,1,0,0,1,0,0,0,0,1,1,0,0,1,0,0,0,0,0,0,0,1,0,0,0,0,1,0,0,1,0,0,0,0,0,0,1,1,1,0,0,0,1,1,0,0,1,0,0,0,0,0,0,0,1,0,0,0,1,0,1,1,1,0,0,0,0,0,0,1,0,0,1,0,0,0,0,1,0,0,0,0,0,0,0,1,0
1,1,0,1,1,1,0,0,0,0,1,0,1,1,0,1,1,1,1,0,0,1,1,1,0,1,1,1,1,1,1,0,0,1,0,0,0,0,1,0,0,1,0,1,1,1,0,1,0,1,1,0,0,1,1,0,0,0,0,1,1,1,0,1,1,1,0,1,0,0,1,1,1,0,1,1,0,1,0,1,1,1,1,1,0,1,0,1,1,1,0,1,0,0,1,0,1,0,0,1,0,1,0,1,1,1,1,1,0,1,1,1,0,0,0,1,1,0,1,0,0,1,0,0,0,0,0,0,0,0,1,1,1,0,0,1,0,0,1,0,0,0,0,1,1,0,0,1,0,0,0,0,0,0,0,1,0,0,0,0,1,0,0,1,0,0,0,0,0,0,1,1,1,0,0,0,1,1,0,0,1,0,0,0,0,0,0,0,1,0,0,0,1,0,1,1,1,0,0,0,0,0,0,1,0,0,1,0,0,0,0,1,0,0,0,0,0,0,0,1,0
1,1,1,1,1,1,0,0,0,1,1,0,1,1,0,1,1,1,1,0,0,1,1,1,0,1,1,1,1,1,1,0,1,1,0,0,0,0,1,0,1,1,0,1,1,1,1,1,0,1,1,0,0,1,1,0,0,0,0,1,1,1,0,1,1,1,0,1,0,0,1,1,1,0,1,1,0,1,0,1,1,1,1,1,0,1,0,1,1,1,0,1,0,0,1,0,1,0,1,1,1,1,0,1,1,1,1,1,0,1,1,1,0,0,0,1,1,0,1,1,0,1,0,0,0,0,0,0,0,0,1,1,1,0,0,1,0,1,1,0,0,0,1,1,1,0,0,1,0,0,0,0,0,0,0,1,0,0,0,0,1,0,0,1,0,0,0,0,0,0,1,1,1,0,0,0,1,1,0,0,1,0,0,0,0,0,0,0,1,0,0,0,1,0,1,1,1,0,0,0,0,0,0,1,0,0,1,0,0,0,0,1,0,0,0,0,0,0,0,1,0
1,1,1,1,1,1,0,0,0,1,1,0,1,1,0,1,1,1,1,0,0,1,1,1,0,1,1,1,1,1,1,0,1,1,0,0,0,0,1,0,1,1,0,1,1,1,1,1,0,1,1,0,0,1,1,0,0,0,0,1,1,1,0,1,1,1,0,1,0,0,1,1,1,0,1,1,0,1,0,1,1,1,1,1,0,1,0,1,1,1,0,1,0,0,1,0,1,0,1,1,1,1,0,1,1,1,1,1,0,1,1,1,0,0,0,1,1,0,1,1,0,1,0,0,0,0,0,0,0,0,1,1,1,0,0,1,0,1,1,0,0,0,1,1,1,0,0,1,0,0,0,0,0,0,0,1,0,0,0,0,1,0,0,1,0,0,0,0,0,0,1,1,1,0,0,0,1,1,0,0,1,0,0,0,0,0,0,0,1,0,0,0,1,0,1,1,1,0,0,0,0,0,0,1,0,0,1,0,0,0,0,1,0,0,0,0,0,0,0,1,0
1,1,1,1,1,1,0,0,0,1,1,0,1,1,0,1,1,1,1,0,0,1,1,1,0,1,1,1,1,1,1,0,1,1,0,0,0,0,1,0,1,1,0,1,1,1,1,1,0,1,1,0,0,1,1,0,0,0,0,1,1,1,0,1,1,1,0,1,0,0,1,1,1,0,1,1,0,1,0,1,1,1,1,1,0,1,0,1,1,1,0,1,0,0,1,0,1,0,1,1,1,1,0,1,1,1,1,1,0,1,1,1,0,0,0,1,1,0,1,1,0,1,0,0,0,0,0,0,0,0,1,1,1,0,0,1,0,1,1,0,0,0,1,1,1,0,0,1,0,0,0,0,0,0,0,1,0,0,0,0,1,0,0,1,0,0,0,0,0,0,1,1,1,0,0,0,1,1,0,0,1,0,0,0,0,0,0,0,1,0,0,0,1,0,1,1,1,0,0,0,0,0,0,1,0,0,1,0,0,0,0,1,0,0,0,0,0,0,0,1,0
1,1,0,1,1,1,0,0,0,0,1,0,1,1,0,1,1,1,1,0,0,1,1,1,0,1,1,1,1,1,1,0,0,1,0,0,0,0,1,0,0,1,0,1,1,1,0,1,0,1,1,1,0,1,1,0,0,0,0,1,1,1,1,1,1,1,0,1,0,0,1,1,1,0,1,1,0,1,0,1,1,1,1,1,0,1,0,1,1,1,0,1,0,0,1,0,1,0,0,1,0,1,0,1,1,1,1,1,0,1,1,1,0,0,0,1,1,0,1,0,0,1,0,0,0,0,0,0,0,0,1,1,1,0,0,1,0,0,1,0,0,0,0,1,1,0,0,1,0,0,0,0,0,0,0,1,0,0,0,0,1,0,0,1,0,0,0,0,0,0,1,1,1,0,0,0,1,1,0,0,1,0,0,0,0,0,0,0,1,0,0,0,1,0,1,1,1,0,0,0,0,0,0,1,0,0,1,0,0,0,0,1,0,0,0,0,0,0,0,1,0
1,1,0,1,1,1,0,0,0,1,1,0,1,1,0,1,1,1,1,0,0,1,1,1,0,1,1,1,1,1,1,0,1,1,0,0,0,0,1,0,1,1,0,1,1,1,1,1,0,1,1,1,0,1,1,0,0,0,0,1,1,1,1,1,1,1,0,1,0,0,1,1,1,0,1,1,0,1,0,1,1,1,1,1,0,1,0,1,1,1,0,1,0,0,1,0,1,0,1,1,1,1,0,1,1,1,1,1,0,1,1,1,0,0,0,1,1,0,1,1,0,1,0,0,0,0,0,0,0,0,1,1,1,0,0,1,0,1,1,0,0,0,1,1,1,0,0,1,0,0,0,0,0,0,0,1,0,0,0,0,1,0,0,1,0,0,0,0,0,0,1,1,1,0,0,0,1,1,0,0,1,0,0,0,0,0,0,0,1,0,0,0,1,0,1,1,1,0,0,0,0,0,0,1,0,0,1,0,0,0,0,1,0,0,0,0,0,0,0,1,0
1,1,0,1,1,1,0,0,0,1,1,0,1,1,0,1,1,1,1,0,0,1,1,1,0,1,1,1,1,1,1,0,1,1,0,0,0,0,1,0,1,1,0,1,1,1,1,1,0,1,1,0,0,1,1,0,0,0,0,1,1,1,0,1,1,1,0,1,0,0,1,1,1,0,1,1,0,1,0,1,1,1,1,1,0,1,0,1,1,1,0,1,0,0,1,0,1,0,1,1,1,1,0,1,1,1,1,1,0,1,1,1,0,0,0,1,1,0,1,1,0,1,0,0,0,0,0,0,0,0,1,1,1,0,0,1,0,1,1,0,0,0,1,1,1,0,0,1,0,0,0,0,0,0,0,1,0,0,0,0,1,0,0,1,0,0,0,0,0,0,1,1,1,0,0,0,1,1,0,0,1,0,0,0,0,0,0,0,1,0,0,0,1,0,1,1,1,0,0,0,0,0,0,1,0,0,1,0,0,0,0,1,0,0,0,1,0,0,0,1,0
1,1,0,1,1,1,0,0,0,1,1,0,1,1,0,1,1,1,1,0,0,1,1,1,0,1,1,1,1,1,1,0,1,1,0,0,0,0,1,0,1,1,0,1,1,1,1,1,0,1,1,0,0,1,1,0,0,0,0,1,1,1,0,1,1,1,0,1,0,0,1,1,1,0,1,1,0,1,0,1,1,1,1,1,0,1,0,1,1,1,0,1,0,0,1,0,1,0,1,1,1,1,0,1,1,1,1,0,0,1,1,1,0,0,0,1,1,0,1,1,1,1,0,0,0,0,0,0,0,0,1,1,0,0,0,1,0,1,1,0,0,0,1,1,1,0,0,1,0,0,0,0,0,0,0,1,0,0,0,0,1,0,0,1,0,0,0,0,0,0,1,1,1,0,0,0,1,1,0,0,1,0,0,1,1,0,0,0,0,0,0,0,0,0,0,1,1,0,0,0,0,0,0,0,0,0,1,0,0,0,0,1,0,0,0,0,0,0,0,1,0
0,1,0,1,1,1,0,0,0,1,1,0,1,1,0,1,1,1,1,0,0,1,1,1,0,1,1,1,1,1,1,0,1,1,0,0,0,0,1,0,1,1,0,1,1,1,1,1,0,1,1,0,0,1,1,0,0,0,0,1,1,1,0,1,1,1,0,1,0,0,1,1,1,0,1,1,0,1,0,1,1,1,1,1,0,1,0,1,1,1,0,1,0,0,1,1,1,0,1,1,1,1,0,1,1,1,1,1,0,1,1,1,0,0,0,1,1,0,1,1,1,1,0,0,0,0,0,0,0,0,1,1,1,1,0,1,0,1,1,0,0,1,1,1,1,0,0,1,0,0,0,0,0,0,0,1,0,1,0,0,1,0,0,1,0,0,0,0,0,0,1,1,1,0,0,0,1,1,0,0,1,0,0,1,1,0,0,0,1,0,0,0,1,0,0,1,1,0,0,0,0,0,0,1,0,0,1,0,0,0,0,1,0,0,0,0,0,0,0,1,0
0,1,0,1,1,1,0,0,0,1,1,0,1,1,0,1,1,1,1,0,0,1,1,1,0,1,1,1,1,1,1,0,1,1,0,0,0,0,1,0,1,1,0,1,1,1,1,1,0,1,1,0,0,1,1,0,0,0,0,1,1,1,0,1,1,1,0,1,0,0,1,1,1,0,1,1,0,1,0,1,1,1,1,1,0,1,0,1,1,1,0,1,0,0,1,1,1,0,1,1,1,1,0,1,1,1,1,1,0,1,1,1,0,0,0,1,1,0,1,1,1,1,0,0,0,0,0,0,0,0,1,1,1,1,0,1,0,1,1,0,0,1,1,1,1,0,0,1,0,0,0,0,0,0,0,1,0,1,0,0,1,0,0,1,0,0,0,0,0,0,1,1,1,0,0,0,1,1,0,0,1,0,0,1,1,0,0,0,1,0,0,0,1,0,0,1,1,0,0,0,0,0,0,1,0,0,1,0,0,0,0,1,0,0,0,0,0,0,0,1,0
1,1,0,1,1,1,0,0,0,1,1,0,1,1,0,1,1,1,1,0,0,1,1,1,0,1,1,1,1,1,1,0,1,1,0,0,0,0,1,0,1,1,0,1,1,1,1,1,0,1,1,0,0,1,1,0,0,0,0,1,1,1,0,1,1,1,0,1,0,0,1,1,1,0,1,1,0,1,0,1,1,1,1,1,0,1,0,1,1,1,0,1,0,0,1,1,1,0,1,1,1,1,0,1,1,1,1,1,0,1,1,1,0,0,0,1,1,0,1,1,1,1,0,0,0,0,0,0,0,0,1,1,1,1,0,1,0,1,1,0,0,1,1,1,1,0,0,1,0,0,0,0,0,0,0,1,0,1,0,0,1,0,0,1,0,0,0,0,0,0,1,1,1,0,0,0,1,1,0,0,1,0,0,1,1,0,0,0,1,0,0,0,1,0,0,1,1,0,0,0,0,0,0,1,0,0,1,0,0,0,0,1,0,0,0,0,0,0,0,1,0
1,1,0,1,1,1,0,0,0,1,1,0,1,1,0,1,1,1,1,0,0,1,1,1,0,1,1,1,1,1,1,0,1,1,0,0,0,0,1,0,1,1,0,1,1,1,1,1,0,1,1,0,0,1,1,0,0,0,0,1,1,1,0,1,1,1,0,1,0,0,1,1,1,0,1,1,0,1,0,1,1,1,1,1,0,1,0,1,1,1,0,1,0,0,1,1,1,0,1,1,1,1,0,1,1,1,1,1,0,1,1,1,0,0,0,1,1,0,1,1,1,1,0,0,0,0,0,0,0,0,1,1,1,1,0,1,0,1,1,0,0,1,1,1,1,0,0,1,0,0,0,0,0,0,0,1,0,1,0,0,1,0,0,1,0,0,0,0,0,0,1,1,1,0,0,0,1,1,0,0,1,0,0,1,1,0,0,0,1,0,0,0,1,0,0,1,1,0,0,0,0,0,0,1,0,0,1,0,0,0,0,1,0,0,0,0,0,0,0,1,0
1,1,0,1,1,1,0,0,0,1,1,0,1,1,0,1,1,1,1,0,0,1,1,1,0,1,1,1,1,1,1,0,1,1,0,0,0,0,1,0,1,1,0,1,1,1,1,1,0,1,1,0,0,1,1,0,0,0,0,1,1,1,0,1,1,1,0,1,0,0,1,1,1,0,1,1,0,1,0,1,1,1,1,1,0,1,0,1,1,1,0,1,0,0,1,0,1,0,1,1,1,1,0,1,1,1,1,1,0,1,1,1,0,0,0,1,1,0,1,1,0,1,0,0,0,0,0,0,0,0,1,1,1,0,0,1,0,1,1,0,0,0,1,1,1,0,0,1,0,0,0,0,0,0,0,1,0,0,0,0,1,0,0,1,0,0,0,0,0,0,1,1,1,0,0,0,1,1,0,0,1,0,0,0,0,0,0,0,1,0,0,0,1,0,0,1,1,0,0,0,0,0,0,1,0,0,1,0,0,0,0,1,0,0,0,0,0,0,0,1,0
1,1,0,1,1,1,0,0,0,1,1,0,1,1,0,1,1,1,1,0,0,1,1,1,0,1,1,1,1,1,1,0,1,1,0,0,0,0,1,0,1,1,0,1,1,1,1,1,0,1,1,1,0,1,1,0,0,0,0,1,1,1,1,1,1,1,1,1,0,0,1,1,1,0,1,1,0,1,0,1,1,1,1,1,0,1,0,1,1,1,0,1,0,0,1,1,1,0,1,1,1,1,0,1,1,1,1,1,0,1,1,1,0,0,0,1,1,0,1,1,1,1,0,0,0,0,0,0,0,0,1,1,1,1,0,1,0,1,1,0,0,1,1,1,1,0,0,1,0,0,0,0,0,0,0,1,0,1,0,0,1,0,0,1,0,0,0,0,0,0,1,1,1,0,0,0,1,1,0,0,1,0,0,1,1,0,0,0,1,0,0,0,1,0,0,1,1,0,0,0,0,0,0,1,0,0,1,0,0,0,0,1,0,0,0,0,0,0,0,1,0
1,1,0,1,1,1,0,0,0,1,1,0,1,1,0,1,1,1,1,0,0,1,1,1,0,1,1,1,1,1,1,0,1,1,0,0,0,0,1,0,1,1,0,1,1,1,1,1,0,0,0,0,0,1,1,0,0,0,0,1,1,1,0,1,1,1,0,1,0,0,1,1,1,0,0,1,0,1,0,1,1,0,0,1,0,1,0,1,1,1,0,1,0,0,0,1,1,0,1,1,1,1,0,0,1,1,1,1,1,1,1,1,0,0,0,1,1,0,1,1,1,1,0,0,0,0,1,0,0,0,1,1,1,0,0,1,0,1,1,0,0,1,1,1,1,0,0,1,1,0,0,0,0,0,0,1,0,1,0,0,1,0,0,1,0,0,0,0,0,0,1,1,1,0,0,0,1,1,0,0,1,0,0,1,0,0,0,0,1,0,0,0,1,0,0,1,1,0,0,0,0,0,0,1,0,0,0,0,0,0,0,1,0,0,0,0,0,0,0,1,0
1,1,0,1,1,1,1,0,0,1,1,0,1,1,0,1,1,1,1,0,0,1,1,1,0,1,1,1,1,1,1,0,1,1,0,0,0,0,1,0,1,1,1,1,1,1,1,1,1,1,1,0,0,1,1,0,0,0,0,1,1,1,0,1,1,1,0,1,1,0,1,1,1,0,1,1,0,1,0,1,1,1,1,1,0,1,0,1,1,1,0,1,0,0,1,0,1,0,1,1,1,1,0,1,1,1,1,1,0,1,1,1,0,0,0,1,1,0,1,1,0,1,0,0,0,0,0,0,0,0,1,1,0,0,1,1,0,1,1,0,0,0,1,1,1,0,0,1,0,0,1,0,0,0,0,1,0,0,0,0,1,0,0,1,0,1,1,0,1,1,1,1,1,0,0,1,1,1,0,0,1,0,0,0,0,0,1,1,0,1,0,1,0,0,0,1,1,1,0,0,0,1,1,0,0,0,1,0,0,0,0,1,0,0,0,0,0,0,0,1,0
1,1,1,1,1,1,1,0,0,1,1,0,1,1,0,1,1,1,1,0,0,1,1,1,0,1,1,1,1,1,1,0,1,1,0,0,0,0,1,0,1,1,1,1,1,1,1,1,1,1,1,0,0,1,1,0,0,0,0,1,1,1,0,1,1,1,0,1,1,0,1,1,1,0,1,1,0,1,0,1,1,1,1,1,0,1,0,1,1,1,0,1,0,0,1,0,1,0,1,1,1,1,0,1,1,1,1,1,0,1,1,1,0,0,0,1,1,0,1,1,0,1,0,0,0,0,0,0,0,0,1,1,0,0,1,1,0,1,1,0,0,0,1,1,1,0,0,1,0,0,1,0,0,0,0,1,0,0,0,0,1,0,0,1,0,1,1,0,1,1,1,1,1,0,0,1,1,1,0,0,1,0,0,0,0,0,1,1,0,1,0,1,0,0,0,1,1,1,0,0,0,1,1,0,0,0,1,0,0,0,0,1,0,0,0,0,0,0,0,1,0
0,1,0,1,1,1,0,0,0,0,1,0,0,0,1,0,0,1,1,0,0,0,0,0,0,0,1,0,0,0,1,0,0,1,0,0,0,0,1,0,0,1,0,0,0,0,0,1,0,0,0,0,1,1,1,0,0,0,0,0,0,0,0,1,1,0,0,0,0,0,1,1,0,0,0,1,1,0,0,1,0,0,0,1,1,1,0,1,1,0,0,0,0,1,0,0,1,0,0,1,0,0,1,0,0,1,0,0,0,1,0,1,0,0,0,1,1,0,1,0,0,1,1,0,0,0,1,0,0,0,1,0,0,0,0,1,0,0,0,0,1,0,0,1,0,0,0,1,1,0,0,0,0,0,0,0,0,0,0,0,1,0,0,1,1,0,0,0,0,0,1,1,0,0,1,0,1,1,0,0,1,0,0,0,0,1,0,0,0,0,0,0,0,0,0,0,0,0,0,0,0,0,0,0,0,0,0,0,0,0,0,0,0,0,0,0,0,0,0,0,0
1,1,1,1,1,1,1,0,0,1,1,0,1,1,0,1,1,1,1,0,0,1,1,1,0,1,1,1,1,1,1,0,1,1,0,0,0,0,1,0,1,1,1,1,1,1,1,1,1,1,1,0,0,1,1,0,0,0,0,1,1,1,0,1,1,1,0,1,1,0,1,1,1,0,1,1,0,1,0,1,1,1,1,1,0,1,0,1,1,1,0,1,0,0,1,0,1,0,1,1,1,1,0,1,1,1,1,1,0,1,1,1,0,0,0,1,1,0,1,1,0,1,0,0,0,0,0,0,0,0,1,1,0,0,1,1,0,1,1,0,0,0,1,1,1,0,0,1,0,0,1,0,0,0,0,1,0,0,0,0,1,0,0,1,0,1,1,0,1,1,1,1,1,0,0,1,1,1,0,0,1,0,0,0,0,0,1,1,0,1,0,1,0,0,0,1,1,1,0,0,0,1,1,0,0,0,1,0,0,0,0,1,0,0,0,0,0,0,0,1,0
0,1,0,0,0,1,1,0,0,0,0,0,0,0,0,0,0,1,1,0,0,1,1,0,0,0,1,0,0,0,1,0,0,0,1,0,1,0,0,1,0,0,0,1,0,0,0,0,0,0,0,1,0,0,0,0,0,1,1,0,0,0,0,0,0,0,0,0,0,1,0,0,0,0,0,0,0,0,0,0,0,0,0,0,0,0,0,0,0,0,0,0,0,0,0,0,0,1,0,0,0,0,0,0,0,0,0,0,0,0,0,0,1,1,0,0,0,1,0,0,0,0,0,0,0,0,0,1,1,0,0,0,0,0,0,0,0,0,0,0,0,0,0,0,0,0,1,0,0,0,0,0,1,1,0,0,0,0,0,0,0,0,0,0,0,1,0,0,1,0,0,0,0,1,0,1,0,0,0,0,0,0,1,0,0,0,1,0,0,1,0,0,0,0,0,1,1,1,1,0,0,0,0,0,0,0,1,1,0,0,0,0,0,1,1,1,0,1,0,0,0
0,1,0,1,0,1,1,0,0,1,0,0,0,0,0,1,1,1,1,0,0,1,0,0,0,0,1,0,0,0,1,0,1,1,0,0,0,1,1,1,1,1,0,1,0,0,1,1,1,0,0,1,0,1,1,0,0,1,1,0,0,0,1,1,1,0,0,0,1,0,0,1,0,0,0,1,0,1,0,0,1,0,0,1,0,1,0,0,1,0,1,0,0,0,0,1,0,1,1,1,1,0,0,0,0,1,0,1,0,0,0,1,1,1,0,1,1,1,1,1,1,0,0,1,0,0,0,1,1,0,0,0,1,0,1,0,1,1,1,1,0,1,1,1,0,1,1,1,0,0,0,0,0,1,0,0,0,1,1,1,1,0,0,1,0,1,1,0,1,1,1,1,1,1,0,1,1,0,0,0,1,1,0,1,1,0,1,0,1,1,0,1,1,0,1,0,0,1,0,0,0,0,1,1,0,0,0,0,0,0,1,0,0,0,0,0,0,0,1,0,0
0,1,0,1,0,1,1,0,1,0,0,0,0,0,0,0,0,1,1,0,0,1,1,0,0,0,1,0,1,0,1,1,0,1,0,0,1,0,1,1,0,0,0,1,0,0,0,0,0,0,0,1,0,1,1,0,0,0,0,0,0,0,0,0,1,0,0,0,0,0,0,1,0,1,0,1,0,0,0,0,1,0,0,1,0,0,0,0,1,0,0,0,0,0,0,1,0,0,0,1,0,0,0,0,0,0,0,1,0,0,0,0,0,0,0,1,1,0,1,0,1,0,0,0,0,0,0,0,0,0,0,0,1,0,0,0,0,0,0,0,0,1,0,1,0,0,0,1,0,0,0,0,0,0,0,0,0,1,0,0,0,0,0,1,0,0,0,0,0,0,1,0,0,0,0,0,0,0,0,0,1,0,0,1,1,0,0,0,1,0,0,0,1,0,0,1,1,0,0,0,0,0,0,1,0,0,0,0,0,0,0,0,0,1,0,0,0,0,0,0,0
0,1,0,1,0,1,1,0,1,0,0,0,0,0,0,0,0,1,1,0,0,1,1,0,0,0,1,0,1,0,1,1,0,1,1,0,0,0,1,1,0,1,0,1,0,0,0,1,0,0,0,1,0,1,1,0,0,1,1,0,0,0,0,0,1,0,0,0,0,1,0,0,0,0,0,1,0,0,0,0,0,0,0,1,0,0,0,0,1,0,0,0,0,0,0,0,1,1,0,1,0,0,0,0,0,0,0,0,0,0,0,1,1,1,0,1,1,1,1,0,0,0,0,0,1,0,0,1,1,0,0,0,0,0,0,1,0,0,0,0,0,0,0,1,0,0,1,1,0,0,0,0,1,1,0,0,0,0,0,0,1,0,0,1,0,1,1,0,1,0,1,0,0,1,0,1,1,1,1,0,1,0,1,0,0,0,1,0,0,1,0,1,0,0,0,0,0,0,0,0,0,0,1,0,0,0,0,0,0,0,0,0,0,0,0,0,0,0,0,0,0
0,1,0,1,1,1,1,0,1,0,1,0,1,1,1,0,0,1,1,0,0,0,0,0,0,1,1,1,1,1,0,1,0,1,0,0,0,0,1,0,0,1,0,0,1,1,0,1,0,1,1,1,1,1,1,1,0,0,0,1,0,1,0,1,1,1,0,1,0,0,1,0,1,0,1,1,1,0,0,1,0,1,1,1,1,0,0,1,1,1,0,1,1,1,0,0,1,0,0,1,0,1,1,0,1,0,1,0,0,1,1,0,0,0,0,1,1,0,1,0,0,1,1,0,0,0,0,0,0,0,1,0,0,0,0,1,0,0,1,0,1,0,0,1,1,0,0,1,0,0,0,0,0,0,0,1,0,0,0,0,1,0,0,1,1,0,0,0,0,0,1,0,0,0,1,0,0,1,0,0,1,0,0,0,0,1,0,0,0,0,0,0,0,0,0,0,1,0,0,0,0,0,0,0,0,0,0,0,0,0,0,0,0,0,0,1,0,0,0,0,0
0,1,0,1,0,1,1,0,1,0,1,0,1,1,0,0,0,1,1,0,0,1,1,0,0,0,1,0,0,0,1,1,0,1,0,0,1,0,1,1,0,0,0,1,0,0,0,0,0,0,0,0,1,1,1,0,0,1,1,0,0,0,0,1,1,0,0,0,1,0,1,1,0,0,0,1,0,1,0,0,1,0,0,1,1,1,0,1,1,0,1,0,0,1,0,0,1,1,0,1,0,0,1,0,0,0,0,1,0,0,0,0,1,1,0,1,1,1,1,0,0,0,0,1,0,0,0,1,1,0,0,0,1,0,0,1,1,0,0,1,1,0,0,1,0,1,1,1,0,0,0,0,0,1,0,0,0,0,0,1,1,0,0,1,0,1,0,0,1,0,1,1,0,1,0,1,1,1,0,0,1,1,0,0,0,0,1,1,0,1,0,0,0,0,0,1,1,0,0,0,0,0,0,0,0,0,1,0,0,0,0,0,0,0,0,0,0,0,0,0,0
0,1,0,0,0,1,1,0,1,0,0,0,0,0,0,0,0,1,1,0,0,1,1,0,0,0,1,0,1,0,1,1,0,0,1,0,0,0,1,1,0,0,0,1,0,0,0,0,0,0,0,0,0,1,1,0,0,1,1,0,0,0,0,0,0,0,0,0,0,1,1,0,1,0,0,1,0,0,0,1,0,0,0,1,0,0,0,1,1,0,0,0,0,0,0,0,0,1,0,1,0,0,0,0,0,0,0,0,0,1,1,0,1,1,0,1,1,1,1,0,0,1,0,0,0,0,0,1,1,0,1,0,0,0,0,0,0,0,0,0,0,0,0,1,0,0,1,1,0,0,0,0,1,1,0,0,0,0,0,0,0,0,0,1,0,1,0,0,1,0,0,0,0,1,0,1,0,0,0,0,1,0,1,0,0,0,1,0,0,1,0,0,0,0,0,1,1,1,0,0,0,0,0,0,0,0,0,1,0,0,1,0,0,0,1,0,0,0,1,0,0
0,1,0,1,0,1,1,0,0,1,1,0,1,1,0,0,0,1,1,0,0,0,0,0,0,1,1,0,1,0,1,0,1,1,1,0,0,0,1,1,1,0,0,1,1,1,1,0,0,0,0,1,0,1,1,0,0,1,0,1,1,1,0,1,1,0,0,0,0,0,1,1,1,1,0,1,0,1,0,1,1,0,0,1,0,1,0,0,1,0,0,0,0,0,0,1,1,1,1,1,1,0,0,0,1,0,1,1,0,1,1,0,1,0,0,1,1,1,1,1,1,1,0,0,0,0,0,1,1,0,1,0,1,1,1,1,0,1,1,0,0,1,1,1,0,0,1,1,0,0,0,0,0,1,0,0,0,1,1,0,1,0,0,1,0,1,1,0,1,1,1,1,0,1,0,1,1,1,0,0,1,0,0,1,0,0,1,0,1,1,0,0,1,0,0,1,1,1,0,0,0,0,0,1,0,0,0,0,0,0,0,0,0,0,0,0,0,0,0,0,0
0,1,0,1,0,1,1,0,1,0,1,0,0,1,0,0,0,1,1,0,0,1,1,0,0,0,1,0,1,0,1,1,0,1,0,0,0,0,1,1,0,1,0,1,0,0,0,1,1,0,0,0,1,1,1,0,1,1,1,0,0,0,1,1,1,0,0,0,1,0,0,0,0,0,0,1,0,0,0,0,0,0,0,1,0,0,0,0,1,0,1,0,0,0,0,0,1,1,0,1,0,0,0,0,0,0,0,0,0,0,0,1,1,1,1,1,1,1,1,0,0,0,1,1,0,1,0,1,1,0,0,0,0,0,0,1,1,0,0,1,0,0,0,1,0,1,1,1,0,0,0,0,0,1,0,0,0,0,0,1,1,1,0,1,1,1,0,0,1,0,1,0,0,1,1,1,1,1,0,1,1,1,0,0,0,1,1,1,0,1,0,1,0,0,0,0,0,0,1,0,0,1,0,0,0,0,0,1,1,0,0,0,1,0,1,0,1,0,0,0,1
0,1,0,1,1,1,1,1,1,0,0,0,0,0,0,1,1,1,1,0,0,1,1,1,0,1,1,0,1,1,1,1,0,1,0,0,0,0,1,1,0,0,0,1,1,1,0,1,1,0,0,1,1,1,1,1,0,1,1,1,1,1,1,1,1,1,0,1,1,0,1,1,1,0,0,1,0,1,0,1,1,0,0,1,1,1,0,1,1,1,1,1,1,1,0,0,1,1,0,1,0,1,1,0,1,0,1,0,0,1,1,1,1,1,0,1,1,1,1,0,0,1,1,1,0,0,0,1,1,0,1,0,0,0,0,1,1,0,1,1,1,0,0,1,1,1,1,1,0,0,0,0,0,1,0,1,0,0,0,1,1,0,0,1,1,1,0,0,1,0,1,1,0,1,1,1,1,1,0,0,1,1,0,0,0,1,1,0,0,1,0,1,0,0,0,1,1,1,0,0,0,1,1,0,0,0,0,1,0,0,0,0,0,0,1,0,0,0,0,0,0
0,1,0,1,1,1,1,0,0,0,1,0,0,0,0,0,0,1,1,0,0,0,0,0,0,0,1,0,0,0,1,0,0,1,0,0,0,0,1,0,0,1,0,1,0,0,0,1,0,0,0,1,1,1,1,0,1,0,0,0,0,0,0,0,1,0,0,0,0,0,1,1,0,0,1,1,1,0,1,1,1,0,1,1,1,0,1,0,1,0,0,0,0,0,0,1,1,0,0,1,0,0,0,0,0,0,0,1,0,1,1,1,0,0,0,1,1,1,1,0,1,1,0,0,0,0,0,1,1,0,1,0,1,0,0,1,0,0,0,0,0,1,0,1,0,0,0,1,0,0,0,0,0,1,0,0,0,1,0,0,1,0,0,1,0,1,0,0,1,0,0,0,0,0,0,1,1,1,0,0,1,0,0,1,1,0,1,0,1,1,0,1,1,0,1,1,0,1,0,0,0,1,1,1,0,0,1,0,0,1,0,0,0,1,0,0,0,1,0,0,0
0,1,0,1,0,1,1,0,0,0,1,0,1,1,0,0,0,1,1,0,0,1,1,0,0,1,1,0,1,1,1,0,0,0,0,0,0,0,1,1,0,1,0,1,1,1,0,1,1,1,1,1,0,1,1,0,0,1,1,0,1,1,1,0,0,1,1,1,1,0,1,0,1,0,1,1,0,0,0,1,0,1,1,1,0,0,0,1,1,1,1,1,0,0,1,0,1,1,0,1,0,1,0,1,1,0,1,0,0,1,1,1,1,1,0,1,1,1,1,0,0,1,0,1,0,0,0,1,1,0,1,1,0,0,0,1,1,0,0,1,0,0,0,1,0,1,1,1,0,0,0,0,0,1,0,0,0,0,0,1,1,0,0,1,0,1,0,0,1,0,0,0,0,1,0,1,1,1,0,0,1,1,0,0,0,0,1,1,0,1,0,0,0,0,0,0,0,0,0,0,0,0,0,0,0,0,1,0,0,0,0,0,0,0,0,0,0,0,0,0,0
0,1,0,0,0,1,1,0,0,0,0,0,0,0,0,0,0,1,1,0,0,1,1,0,0,0,1,0,0,0,1,0,0,0,1,1,0,0,0,1,0,0,0,1,0,0,0,0,0,0,0,1,0,0,0,0,0,1,1,0,0,0,0,0,0,0,0,0,0,1,0,0,0,0,0,0,0,0,0,0,0,0,0,0,0,0,0,0,0,0,0,0,0,0,0,0,0,1,0,0,0,0,0,0,0,0,0,0,0,0,0,0,1,0,0,0,0,1,0,0,0,0,0,0,0,0,0,1,1,0,0,0,0,0,0,0,0,0,0,0,0,0,0,0,0,0,1,0,0,0,0,0,1,1,0,0,0,0,0,0,0,0,0,0,0,1,0,0,1,0,0,0,0,1,0,1,0,0,0,0,0,0,1,0,0,0,1,0,0,1,0,0,0,0,0,1,1,1,1,0,0,0,0,0,0,1,1,1,0,0,1,0,0,0,1,1,0,0,1,0,0
0,1,0,1,0,1,0,0,0,0,1,1,0,0,0,0,0,1,1,0,0,0,0,0,0,0,1,0,0,0,1,0,0,1,1,1,0,0,1,1,0,1,0,1,0,0,0,1,0,0,0,1,0,1,1,0,0,1,1,0,0,0,0,0,1,0,0,0,0,1,1,0,0,0,1,1,0,0,0,1,0,0,1,1,0,0,0,1,1,0,0,0,0,0,0,0,0,1,0,1,0,0,0,0,0,0,0,0,0,1,0,0,1,1,0,1,1,1,1,0,0,1,0,0,0,0,0,1,1,0,1,0,0,0,0,0,0,0,1,0,0,0,0,1,1,0,1,1,0,0,0,0,1,1,0,0,0,0,0,0,0,0,0,1,0,1,0,0,1,0,0,0,0,1,0,1,0,0,0,0,1,0,1,0,0,0,1,0,0,1,0,0,0,0,0,1,1,1,0,0,0,0,0,0,0,1,1,0,0,1,1,1,0,1,0,1,0,1,1,1,0
0,1,0,0,0,1,1,1,0,0,0,0,0,0,0,0,1,1,1,0,0,1,1,1,0,1,1,0,1,1,1,0,0,0,1,0,0,0,1,1,0,0,0,1,0,0,0,1,0,0,0,1,0,1,1,0,0,1,1,0,0,0,1,0,0,0,0,0,1,1,0,1,0,1,0,1,0,0,0,0,1,0,0,1,0,0,0,0,1,0,1,0,0,0,0,1,1,1,0,1,0,0,0,0,0,0,0,1,0,0,0,1,1,1,1,1,1,1,1,0,1,0,0,1,0,1,0,1,1,1,0,0,1,0,1,1,1,0,0,1,0,1,0,1,0,1,1,1,0,0,1,0,1,1,1,0,0,1,1,1,1,0,1,1,0,1,0,1,1,1,0,0,0,1,0,1,0,1,0,0,1,1,1,1,1,0,1,0,1,1,1,0,1,1,0,1,1,1,1,1,1,0,0,1,1,0,1,1,1,0,1,0,1,0,1,0,1,0,1,0,1
0,1,0,1,1,0,0,0,0,0,1,0,1,1,0,1,1,1,1,0,0,1,0,0,0,1,1,1,1,1,0,0,0,1,0,0,0,0,1,0,0,1,0,0,1,1,0,1,0,1,1,1,1,1,1,1,0,0,0,1,1,1,0,0,1,1,0,1,0,0,1,0,1,0,1,1,1,0,0,1,0,1,1,1,1,0,0,1,1,1,0,1,1,1,1,0,1,0,0,1,0,1,1,1,1,0,1,0,0,1,1,1,0,0,0,1,1,0,1,0,0,1,1,0,0,0,0,0,0,0,1,1,0,0,0,1,0,0,1,0,1,0,0,1,1,0,0,1,0,0,0,0,0,0,0,1,0,0,0,0,1,0,0,1,1,0,0,0,0,0,0,0,0,0,1,0,1,1,0,0,1,0,0,0,0,1,0,0,0,0,0,0,0,0,0,1,1,0,0,0,0,0,0,0,0,0,1,0,0,0,0,0,0,0,0,0,0,0,0,0,0
0,1,0,0,0,1,1,1,0,0,0,0,0,0,0,0,1,1,1,0,0,1,1,1,0,0,1,0,1,0,1,0,0,0,1,0,0,0,0,1,0,0,1,1,0,0,0,0,1,0,0,0,0,0,0,0,1,1,1,0,0,0,0,0,0,0,0,0,1,1,0,1,0,0,0,0,0,0,1,0,1,0,0,0,0,0,1,0,0,0,1,0,0,0,0,1,0,1,0,0,0,0,0,0,0,0,0,1,0,0,0,0,1,1,1,0,0,1,0,0,1,0,0,1,0,1,0,1,1,1,0,0,1,0,0,0,1,0,0,1,0,1,0,0,0,1,1,0,0,0,1,0,1,1,1,0,0,1,0,1,0,0,1,0,0,1,0,1,1,0,0,0,0,1,0,1,0,0,0,1,0,1,1,1,1,0,1,0,1,1,1,0,1,1,0,1,1,1,1,1,1,0,0,1,1,0,0,1,1,0,1,0,1,0,1,0,1,0,1,0,1
1,1,1,1,1,1,0,0,0,0,0,0,0,0,0,1,1,1,1,0,0,1,1,1,1,1,1,0,1,1,1,0,0,1,0,0,0,0,1,1,0,1,0,1,1,1,0,1,1,0,0,1,0,1,1,0,0,1,1,1,1,1,1,1,1,1,1,1,1,0,1,0,1,0,0,1,0,0,0,1,0,0,0,1,0,0,0,1,1,1,1,1,0,0,0,0,1,1,0,1,0,1,0,1,1,1,1,0,0,1,1,1,1,1,0,1,1,1,1,0,0,1,0,1,0,0,0,1,1,0,1,1,0,0,0,1,1,0,1,1,0,0,0,1,1,1,1,1,0,0,0,0,0,1,0,1,0,0,0,1,1,0,0,1,0,1,1,0,1,0,1,0,0,1,0,1,1,1,0,0,1,1,0,0,0,0,1,0,0,1,0,0,0,0,0,1,1,1,0,0,0,0,0,0,0,0,1,0,0,1,1,1,0,0,0,0,0,1,1,1,0
1,1,1,1,1,0,0,0,0,0,0,0,0,0,0,1,1,1,1,1,1,1,1,1,1,1,1,1,1,1,0,0,0,1,0,0,0,0,1,0,0,1,0,0,1,1,0,1,0,0,0,0,0,1,1,0,0,0,0,1,1,1,1,1,1,1,1,1,0,0,1,0,1,0,0,1,0,0,0,1,0,0,0,1,0,0,0,1,1,1,0,1,0,0,0,0,1,0,0,1,0,1,0,1,1,1,1,0,0,1,1,1,0,0,0,1,1,0,1,0,0,1,0,0,0,0,0,0,0,0,1,1,0,0,0,1,0,0,1,0,0,0,0,1,1,0,0,1,0,0,0,0,0,0,0,1,0,0,0,0,1,0,0,1,0,0,0,0,0,0,1,0,0,0,0,0,1,1,0,0,1,0,0,0,0,0,0,0,0,0,0,0,0,0,0,1,1,0,0,0,0,0,0,0,0,0,1,0,0,1,0,1,0,0,0,0,0,1,0,1,0
1,1,1,1,1,1,0,0,0,0,0,0,0,0,0,1,1,1,1,1,1,1,1,1,1,1,1,1,1,1,1,0,0,1,1,0,0,0,1,1,0,1,0,1,1,1,0,1,0,1,1,0,0,1,1,0,0,1,1,1,1,1,0,1,1,1,0,1,0,1,1,0,1,0,1,1,0,0,0,1,0,1,1,1,0,0,0,1,1,1,0,1,0,0,1,0,1,1,0,1,0,1,0,1,1,1,1,0,0,1,1,1,1,0,0,1,1,1,1,0,0,1,0,0,1,0,0,1,1,0,1,1,0,0,0,1,0,0,1,0,0,0,0,1,1,0,1,1,0,0,0,0,1,1,0,1,0,0,0,0,1,0,0,1,0,1,1,0,1,0,1,0,0,1,0,1,1,1,1,0,1,0,1,0,0,0,1,0,0,1,0,0,0,0,0,1,1,1,1,0,0,0,0,0,0,0,0,0,1,0,1,1,0,1,0,0,1,0,1,1,0
1,1,1,1,1,1,0,0,0,0,0,0,0,0,0,1,1,1,1,1,1,1,1,1,1,1,1,1,1,1,1,0,0,1,1,0,0,0,1,1,0,1,0,1,1,1,0,1,0,0,0,1,0,1,1,0,0,1,1,1,1,1,0,1,1,1,0,1,0,1,1,0,1,0,0,1,0,0,0,1,0,0,0,1,0,0,0,1,1,1,0,1,0,0,0,0,1,1,0,1,0,1,0,0,1,1,1,0,0,1,1,1,1,0,0,1,1,1,1,0,0,1,0,0,1,0,0,1,1,0,1,1,0,0,0,1,0,0,1,0,0,0,0,1,1,0,1,1,0,0,0,0,1,1,0,1,0,0,0,0,1,0,0,1,0,1,1,0,1,0,1,0,0,1,0,1,1,1,1,0,1,0,1,0,0,0,1,0,0,1,0,0,0,0,0,1,1,1,1,0,0,0,0,0,0,0,0,0,1,0,1,1,0,1,0,0,1,0,1,1,0
0,0,0,0,0,1,0,0,0,0,0,0,0,0,0,1,1,1,0,0,0,0,0,0,0,1,1,0,0,0,1,0,0,0,1,0,0,0,1,1,0,1,0,1,1,1,0,1,0,1,1,0,0,1,1,0,0,1,1,1,1,1,0,0,0,1,0,1,0,1,1,0,1,0,1,1,0,0,0,1,0,1,1,1,0,0,0,1,1,1,0,1,0,0,1,0,1,1,0,1,0,1,0,1,1,0,1,0,0,1,1,1,1,1,0,1,1,1,1,0,0,1,0,0,1,0,0,1,1,0,1,1,0,0,0,1,0,0,0,0,0,0,0,1,0,0,1,1,0,0,0,0,1,1,0,0,0,0,0,0,1,0,0,1,0,1,0,0,1,0,0,0,0,1,0,1,1,1,1,0,1,0,1,0,0,0,1,0,0,1,0,0,0,0,0,1,0,1,1,0,0,0,0,0,0,0,0,0,1,0,0,1,0,0,0,0,1,0,0,1,0
0,0,0,1,0,1,1,0,0,0,0,0,0,0,0,0,0,1,1,0,0,0,0,0,0,0,1,0,0,0,1,0,0,1,0,0,0,0,1,1,0,0,0,1,0,0,0,1,0,0,0,1,0,1,1,0,1,1,1,0,0,0,1,1,1,0,0,0,1,0,0,1,0,0,0,1,0,0,0,0,0,0,0,1,0,1,1,0,1,0,1,0,0,0,0,0,1,1,0,1,0,0,0,0,0,0,0,0,0,0,0,1,1,1,0,1,1,1,1,0,0,0,0,1,0,0,0,1,1,0,0,0,0,0,0,1,1,0,0,1,0,0,0,1,0,1,1,1,0,1,0,0,0,1,0,0,1,0,0,1,1,0,0,1,0,1,1,0,1,0,1,1,0,1,0,1,0,1,0,0,1,1,0,0,0,0,1,0,0,1,0,1,0,0,0,0,0,0,0,0,0,1,1,0,0,0,0,0,0,0,0,0,0,0,0,0,0,0,0,0,0
1,1,1,1,1,1,0,0,0,1,0,0,0,0,0,1,1,1,1,1,1,1,1,1,1,1,1,1,1,1,1,0,1,1,1,0,0,0,1,1,1,1,0,1,1,1,1,1,0,1,1,0,0,1,1,0,0,1,1,1,1,1,0,1,1,1,0,1,0,1,1,0,1,0,1,1,0,0,0,1,0,1,1,1,0,0,0,1,1,1,0,1,0,0,1,0,1,1,1,1,1,1,0,1,1,1,1,0,0,1,1,1,1,0,0,1,1,1,1,1,0,1,0,0,1,0,0,1,1,0,1,1,0,0,0,1,0,1,1,0,0,0,1,1,1,0,1,1,0,0,0,0,1,1,0,1,0,0,0,0,1,0,0,1,0,1,1,0,1,0,1,0,0,1,0,1,1,1,1,0,1,0,1,0,0,0,1,0,0,1,0,0,0,0,0,1,1,1,1,0,0,0,0,0,0,0,0,0,1,0,1,1,0,1,0,0,1,0,1,1,0
0,1,0,1,0,1,1,0,0,0,0,0,0,0,0,0,0,1,1,0,0,0,0,0,0,0,1,0,0,0,1,0,0,1,0,0,0,0,1,1,0,0,0,1,0,0,0,1,0,0,0,1,0,1,1,0,1,1,1,0,0,0,1,1,1,0,0,0,1,0,0,1,0,0,0,1,0,0,0,0,0,0,0,1,0,1,1,0,1,0,1,0,0,0,0,0,1,1,0,1,0,0,0,0,0,0,0,0,0,0,0,1,1,1,0,1,1,1,1,0,0,0,0,1,0,0,0,1,1,0,0,0,0,0,0,1,1,0,0,1,0,0,0,1,0,1,1,1,0,1,0,0,0,1,0,0,1,0,0,1,1,0,0,1,0,1,1,0,1,0,1,1,0,1,0,1,0,1,0,0,1,1,0,0,0,0,1,0,0,1,0,1,0,0,0,0,0,0,0,0,0,1,1,0,0,0,0,0,0,0,0,0,0,0,0,0,0,0,0,0,0
0,0,0,1,0,1,1,0,0,0,0,0,0,0,0,1,1,1,0,0,0,0,0,0,0,1,1,0,0,0,1,0,0,1,0,0,0,0,1,1,0,1,0,1,0,1,0,1,0,1,1,0,0,1,1,0,1,1,1,0,0,1,0,1,1,1,0,1,1,0,1,1,0,0,1,1,0,0,0,1,0,1,1,1,0,1,1,1,1,1,1,1,0,0,1,0,1,1,0,1,0,1,0,1,1,0,1,0,0,1,1,1,1,1,0,1,1,1,1,0,0,1,0,1,1,0,0,1,1,0,1,1,0,0,0,1,1,0,0,1,0,0,0,1,0,1,1,1,0,1,0,1,0,1,0,0,1,0,0,1,1,0,0,1,0,1,0,0,1,0,1,1,0,1,0,1,1,1,1,0,1,1,0,0,0,0,0,1,0,0,0,0,0,0,0,0,0,0,0,0,0,0,0,0,0,0,0,0,0,0,0,0,0,0,0,0,0,0,0,0,0
0,0,0,1,0,1,1,0,0,0,0,0,0,0,0,1,1,1,0,0,0,0,0,0,0,1,1,0,0,0,1,0,0,1,0,0,0,0,1,1,0,1,0,1,0,1,0,1,0,1,1,1,0,1,1,0,1,1,1,0,0,1,1,1,1,1,1,1,1,0,1,1,0,0,1,1,0,0,0,1,0,1,1,1,0,1,1,1,1,1,1,1,0,0,1,0,1,1,0,1,0,1,0,1,1,0,1,0,0,1,1,1,1,1,0,1,1,1,1,0,0,1,0,1,1,0,0,1,1,0,1,1,0,0,0,1,1,0,0,1,0,0,0,1,0,1,1,1,0,1,0,1,0,1,0,0,1,0,0,1,1,0,0,1,0,1,0,0,1,0,1,1,0,1,0,1,1,1,1,0,1,1,0,0,0,0,0,1,0,0,0,0,0,0,0,0,0,0,0,0,0,0,0,0,0,0,0,0,0,0,0,0,0,0,0,0,0,0,0,0,0
0,1,0,1,0,1,1,0,0,0,1,0,1,1,1,0,0,0,0,0,0,0,0,0,0,0,0,0,0,0,1,0,0,1,0,1,0,0,1,1,0,1,0,1,0,0,0,1,0,0,0,1,1,1,1,0,1,1,1,0,0,0,1,1,1,0,0,0,1,0,0,1,0,0,0,1,0,0,0,0,0,0,0,1,0,1,1,0,1,0,1,0,0,0,0,0,1,1,0,1,0,0,0,0,0,1,0,0,0,0,0,1,1,1,0,1,1,1,1,0,0,0,1,1,0,0,0,1,1,0,0,0,0,0,0,1,1,0,0,1,0,0,0,1,0,1,1,1,0,1,0,0,0,1,0,0,1,0,0,1,1,0,0,1,1,1,0,0,1,0,0,0,1,1,1,1,1,1,0,0,1,1,0,0,0,1,1,1,0,1,0,1,0,0,0,1,1,1,1,0,0,1,0,0,0,1,1,0,1,0,0,1,0,0,0,0,1,0,0,1,0
0,1,0,1,0,1,1,0,0,0,1,0,1,1,1,0,0,1,1,0,0,0,0,0,0,0,1,0,0,0,1,0,0,1,0,1,0,0,1,1,0,1,0,1,0,0,0,1,0,0,0,1,1,1,1,0,1,1,1,0,0,0,1,1,1,0,0,0,1,0,0,1,0,0,0,1,0,0,0,0,0,0,0,1,0,1,1,0,1,0,1,0,0,0,0,0,1,1,0,1,0,0,0,0,0,0,0,0,0,0,0,1,1,1,0,1,1,1,1,0,0,0,1,1,0,0,0,1,1,0,0,0,0,0,0,1,1,0,0,1,0,0,0,1,0,1,1,1,0,1,0,0,0,1,0,0,1,0,0,1,1,0,0,1,1,1,0,0,1,0,1,1,0,1,1,1,1,1,0,0,1,1,0,0,0,1,1,1,0,1,0,1,0,0,0,1,1,1,1,0,0,1,0,0,0,1,1,0,1,0,0,1,0,0,0,0,1,0,0,1,0
0,1,0,1,0,1,1,0,0,0,1,0,1,1,1,0,0,1,1,0,0,0,0,0,0,0,1,0,0,0,1,0,0,1,0,1,0,0,1,1,0,1,0,1,0,0,0,1,0,0,0,1,1,1,1,0,1,1,1,0,0,0,1,1,1,0,0,0,1,0,0,1,0,0,0,1,0,0,0,0,0,0,0,1,0,1,1,0,1,0,1,0,0,0,0,0,1,1,0,1,0,0,0,0,0,0,0,0,0,0,0,1,1,1,0,1,1,1,1,0,0,0,1,1,0,0,0,1,1,0,0,0,0,0,0,1,1,0,0,1,0,0,0,1,0,1,1,1,0,1,0,0,0,1,0,0,1,0,0,1,1,0,0,1,1,1,0,0,1,0,1,1,0,1,1,1,1,1,0,0,1,1,0,0,0,1,1,1,0,1,0,1,0,0,0,1,1,1,1,0,0,1,0,0,0,1,1,0,1,0,0,1,0,0,0,0,1,0,0,1,0
1,1,0,1,0,1,1,0,0,0,1,0,1,1,1,0,0,1,1,0,0,0,0,0,0,0,1,0,0,0,1,0,0,1,0,1,1,0,1,1,0,1,0,1,0,0,0,1,0,0,0,1,1,1,1,0,1,1,1,0,0,0,1,1,1,0,0,0,1,0,0,1,0,0,0,1,0,0,0,0,0,0,0,1,0,1,1,0,1,0,1,0,0,0,0,0,1,1,0,1,0,0,0,0,0,0,0,0,0,0,0,1,1,1,0,1,1,1,1,0,0,0,1,1,0,0,0,1,1,0,0,0,0,0,0,1,1,0,0,1,0,0,0,1,0,1,1,1,0,1,0,0,0,1,0,0,1,0,0,1,1,0,0,1,1,1,0,0,1,0,1,1,0,1,1,1,1,1,0,0,1,1,0,0,0,1,1,1,0,1,0,1,0,0,0,1,1,1,1,0,0,1,0,0,0,1,1,0,1,0,0,1,0,0,0,0,1,0,0,1,0
0,1,0,1,0,1,1,0,0,0,1,0,1,1,0,0,0,0,0,0,0,0,0,0,0,0,0,0,0,0,1,0,0,0,0,0,0,0,0,0,0,1,0,1,0,0,0,1,0,0,0,0,0,0,0,0,0,0,0,0,0,0,1,0,0,0,0,0,0,0,0,1,0,0,0,0,0,1,0,0,1,0,0,0,0,1,0,0,1,0,0,0,0,0,0,1,0,0,0,0,0,0,0,0,0,0,0,1,0,0,0,1,0,0,0,0,0,0,1,0,1,0,0,0,0,0,0,0,0,0,0,0,1,0,0,0,0,0,0,0,0,1,0,0,0,0,0,1,0,0,0,0,0,0,0,0,0,1,0,0,1,0,0,1,0,0,0,0,0,0,0,1,1,0,0,0,1,0,0,0,0,0,0,1,1,0,0,0,1,0,0,0,1,0,0,1,0,0,0,0,0,0,0,1,0,0,1,0,0,1,0,0,0,0,0,0,0,1,0,0,0
0,1,0,1,0,1,1,1,0,0,0,0,0,0,0,0,0,1,0,0,0,0,0,0,0,0,0,0,0,0,1,0,0,0,0,0,0,0,1,1,0,1,1,1,0,0,0,1,1,0,0,1,0,1,1,0,1,1,1,0,0,0,1,0,0,0,0,0,1,0,0,1,0,0,0,1,0,0,1,0,1,1,0,1,0,1,1,0,1,0,1,0,0,0,0,0,1,1,0,1,0,0,0,0,0,0,0,1,0,0,0,1,1,1,0,1,1,1,1,0,1,0,0,1,0,0,0,1,1,0,0,0,1,0,0,1,1,0,0,1,0,0,0,1,0,1,1,1,0,1,1,0,0,1,0,0,1,0,0,1,1,0,0,1,0,1,1,0,1,0,0,0,1,1,0,1,0,1,0,0,1,1,0,0,1,0,1,0,1,1,1,1,1,1,1,1,0,1,0,1,1,1,1,1,1,0,0,0,0,0,1,1,0,0,0,0,0,0,1,1,0
1,1,0,1,0,1,1,0,0,0,1,0,1,1,1,0,0,1,1,0,0,1,1,0,0,0,1,0,1,0,1,0,0,1,0,1,1,0,1,1,0,1,0,1,0,0,0,1,0,0,0,1,1,1,1,0,1,1,1,0,0,0,1,1,1,0,0,0,1,0,0,1,0,0,0,1,0,0,0,0,0,0,0,1,0,1,1,0,1,0,1,0,0,0,0,0,1,1,0,1,0,0,0,0,0,0,0,0,0,0,0,1,1,1,0,1,1,1,1,0,0,0,1,1,0,0,0,1,1,0,0,0,0,0,0,1,1,0,0,1,0,0,0,1,0,1,1,1,0,1,0,0,0,1,0,0,1,0,0,1,1,0,0,1,1,1,0,0,1,0,1,1,0,1,1,1,1,1,0,0,1,1,0,0,0,1,1,1,0,1,0,1,0,0,0,1,1,1,1,0,0,1,0,0,0,1,1,0,1,0,0,1,0,0,0,0,1,0,0,1,0
0,0,0,1,0,1,1,0,1,0,1,0,1,1,0,0,1,1,0,0,0,0,0,0,0,0,0,0,0,0,1,1,0,1,0,0,1,1,1,1,0,1,0,1,0,0,0,1,0,0,0,1,0,0,0,0,1,1,1,0,0,0,1,1,1,0,0,0,1,0,0,1,0,0,0,0,0,0,0,0,0,0,0,0,0,1,1,0,1,0,1,0,0,0,0,0,0,1,0,0,0,0,0,0,0,1,0,0,0,0,0,1,1,1,0,0,0,1,1,0,0,0,0,1,0,0,0,1,1,0,0,0,0,0,0,0,1,0,0,1,0,0,0,0,0,1,1,1,0,1,0,0,0,1,0,0,1,0,0,1,1,0,0,1,0,1,0,0,1,0,0,0,1,1,0,1,1,0,0,0,0,1,0,0,0,0,1,0,0,1,0,1,0,0,0,1,1,1,0,0,0,1,1,0,0,0,0,1,0,0,0,0,0,0,1,0,0,0,0,0,0
0,0,0,1,0,1,1,0,0,0,1,0,1,1,0,0,0,1,1,0,0,0,0,0,0,0,0,0,0,0,1,0,0,1,0,0,1,1,1,1,0,1,0,1,0,0,0,1,0,0,0,1,0,0,0,0,1,1,1,0,0,0,1,1,1,0,0,0,1,0,0,1,0,0,0,0,0,0,0,0,0,0,0,0,0,1,1,0,1,0,1,0,0,0,0,0,0,1,0,0,0,0,0,0,0,1,0,0,0,0,0,1,1,1,0,0,0,1,1,0,0,0,0,1,0,0,0,1,1,0,0,0,0,0,0,0,1,0,0,1,0,0,0,0,0,1,1,1,0,1,0,0,0,1,0,0,1,0,0,1,1,0,0,1,0,1,0,0,1,0,0,0,1,1,0,1,1,0,0,0,0,1,0,0,0,0,1,0,0,1,0,1,0,0,0,1,1,1,1,0,0,1,1,0,0,0,1,1,1,1,0,0,0,1,1,1,1,1,0,1,0
0,1,0,1,0,1,1,0,0,0,0,0,0,0,0,1,1,1,0,0,0,0,0,0,0,0,0,0,0,0,1,0,0,0,0,0,0,1,1,1,0,1,0,1,0,0,0,1,0,0,0,1,0,0,0,0,1,1,1,0,0,0,1,0,0,0,0,0,1,0,0,1,0,0,0,0,0,0,0,0,0,0,0,0,0,1,1,0,1,0,1,0,0,0,0,0,0,1,0,0,0,0,0,0,0,0,0,0,0,0,0,1,1,1,0,0,0,1,1,0,0,0,0,1,0,0,0,1,1,0,0,0,0,0,0,0,1,0,0,1,0,0,0,0,0,1,1,1,0,1,0,0,0,1,0,0,1,0,0,1,1,0,0,1,0,1,0,0,1,0,0,0,1,1,0,1,1,0,0,0,0,1,0,0,0,0,1,1,0,1,0,0,0,0,0,1,0,1,1,0,0,0,0,0,0,0,0,0,1,0,0,0,0,0,0,0,1,0,0,0,0
0,0,0,1,0,1,1,0,0,0,1,0,1,1,1,0,0,0,0,0,0,0,0,0,0,0,0,0,0,0,1,0,0,1,0,1,0,0,1,1,0,1,0,1,0,0,0,1,0,0,0,1,1,1,1,0,1,1,1,0,0,0,1,1,1,0,0,0,1,0,0,1,0,0,0,1,0,0,0,0,0,0,0,1,0,1,1,0,1,0,1,0,0,0,0,0,1,1,0,1,0,0,0,0,0,1,0,0,0,0,0,1,1,1,0,1,1,1,1,0,0,0,1,1,0,0,0,1,1,0,0,0,0,0,0,1,1,0,0,1,0,0,0,1,0,1,1,1,0,1,0,0,0,1,0,0,1,0,0,1,1,0,0,1,1,1,0,0,1,0,0,0,1,1,1,1,1,1,0,0,1,1,0,0,0,1,1,1,0,1,0,1,0,0,0,1,1,1,1,0,0,1,0,0,0,1,1,0,1,0,0,1,0,0,0,0,1,0,0,1,0
0,1,0,0,0,1,1,1,0,0,1,0,0,1,0,0,1,1,1,0,0,1,0,0,0,0,1,0,0,0,1,0,0,1,0,0,1,0,1,1,0,0,1,1,0,0,0,0,1,0,0,1,0,1,1,0,1,1,1,0,0,0,0,1,1,0,0,0,1,0,0,1,0,0,0,1,0,0,0,0,0,0,0,1,0,1,1,0,1,0,1,0,0,0,0,0,1,1,0,1,0,0,0,0,0,0,0,0,0,0,0,0,1,1,0,1,1,1,1,0,0,0,0,1,0,1,0,1,1,1,0,0,0,0,0,1,1,0,0,1,0,0,0,1,0,1,1,1,0,1,0,0,0,1,0,0,1,0,0,1,1,0,0,1,0,1,0,1,1,0,1,1,0,1,0,1,0,1,0,1,1,1,0,0,0,0,1,0,0,1,1,0,0,0,0,1,1,1,1,1,1,0,0,0,0,0,1,0,1,0,1,0,0,0,0,0,1,0,1,0,0
0,1,1,1,0,1,1,0,0,0,1,0,1,1,1,0,0,1,1,0,0,1,1,1,0,0,1,0,1,1,1,0,0,1,0,1,0,0,1,1,0,1,0,1,0,0,0,1,0,0,0,1,1,1,1,0,1,1,1,0,0,0,1,1,1,0,0,0,1,0,0,1,0,0,0,1,0,0,0,0,0,0,0,1,0,1,1,0,1,0,1,0,0,0,0,0,1,1,0,1,0,0,0,0,0,0,0,0,0,0,0,1,1,1,0,1,1,1,1,0,0,0,1,1,0,0,0,1,1,0,0,0,0,0,0,1,1,0,0,1,0,0,0,1,0,1,1,1,0,1,0,0,0,1,0,0,1,0,0,1,1,0,0,1,1,1,0,0,1,0,1,1,0,1,1,1,1,1,0,0,1,1,0,0,0,1,1,1,0,1,0,1,0,0,0,1,1,1,1,0,0,1,0,0,0,1,1,0,1,0,0,1,0,0,0,0,1,0,0,1,0
0,1,0,1,0,1,1,0,0,0,1,0,1,1,1,0,0,1,1,0,0,1,1,0,0,0,1,0,1,0,1,0,0,1,0,1,0,0,1,1,0,1,0,1,0,0,0,1,0,0,0,1,1,1,1,0,1,1,1,0,0,0,1,1,1,0,0,0,1,0,0,1,0,0,0,1,0,0,0,0,0,0,0,1,0,1,1,0,1,0,1,0,0,0,0,0,1,1,0,1,0,0,0,0,0,1,0,0,0,0,0,1,1,1,0,1,1,1,1,0,0,0,1,1,0,0,0,1,1,0,0,0,0,0,0,1,1,0,0,1,0,0,0,1,0,1,1,1,0,1,0,0,0,1,0,0,1,0,0,1,1,0,0,1,1,1,0,0,1,0,0,0,1,1,1,1,1,1,0,0,1,1,0,0,0,1,1,1,0,1,0,1,0,0,0,1,1,1,1,0,0,1,0,0,0,1,1,0,1,0,0,1,0,0,0,0,1,0,0,1,0
0,1,0,1,0,1,1,0,0,1,0,0,0,0,0,1,1,1,1,0,0,1,1,1,0,0,1,0,1,0,1,0,1,1,0,0,0,0,1,1,1,1,0,1,0,0,1,1,0,0,0,0,0,1,1,0,1,1,1,0,0,0,1,1,1,0,0,0,1,0,0,1,0,0,0,1,0,0,0,0,0,0,0,1,0,1,1,0,1,0,1,0,0,0,0,0,1,1,1,1,1,0,0,0,0,0,0,0,0,0,0,1,1,1,0,1,1,1,1,1,0,0,0,1,0,0,0,1,1,0,0,0,0,0,0,1,1,1,0,1,0,0,1,1,0,1,1,1,0,1,0,0,0,1,0,0,1,0,0,1,1,0,0,1,0,1,0,0,1,0,1,1,0,1,0,1,1,1,0,0,1,1,0,0,0,0,1,1,0,1,0,0,0,0,0,1,0,1,1,0,0,0,0,0,0,0,0,0,1,0,0,1,0,0,0,0,1,0,0,1,0
0,0,0,1,0,1,1,0,0,0,1,0,1,1,1,0,0,0,0,0,0,0,0,0,0,0,0,0,0,0,1,0,0,1,0,1,0,0,1,1,0,1,0,1,0,0,0,1,1,0,0,1,1,1,1,0,1,1,1,0,0,0,1,1,1,0,0,0,1,0,0,1,0,0,0,1,0,0,0,0,0,0,0,1,0,1,1,0,1,0,1,0,0,0,0,0,1,1,0,1,0,0,0,0,0,1,0,0,0,0,0,1,1,1,0,1,1,1,1,0,0,0,1,1,0,0,0,1,1,0,0,0,0,0,0,1,1,0,0,1,0,0,0,1,0,1,1,1,0,1,0,0,0,1,0,0,1,0,0,1,1,0,0,1,1,1,0,0,1,0,0,1,1,1,1,1,1,1,0,0,1,1,0,0,0,1,1,1,0,1,0,1,0,0,0,1,1,1,1,0,0,1,0,0,0,1,1,0,1,0,0,1,0,0,0,0,1,0,0,1,0
0,0,0,0,0,1,1,1,0,0,1,0,0,1,0,0,1,1,0,0,0,0,0,0,0,0,0,0,0,0,1,0,0,1,0,0,0,0,0,1,0,1,1,1,0,0,0,1,1,0,0,1,0,0,0,0,1,1,1,0,0,0,0,1,1,0,0,0,1,0,0,1,0,0,0,0,0,0,0,0,0,0,0,0,0,1,1,0,0,0,1,0,0,0,0,0,0,1,0,0,0,0,0,0,0,1,0,0,0,0,0,1,1,1,0,0,0,1,0,0,0,0,0,1,0,1,0,1,1,1,0,0,0,0,0,0,1,0,0,1,0,0,0,0,0,1,1,0,0,1,0,0,0,1,0,0,1,0,0,1,0,0,0,0,0,1,0,1,1,0,1,1,1,1,0,1,0,0,0,1,0,1,0,0,0,0,1,0,0,1,1,0,0,0,0,1,1,1,1,1,1,0,0,0,0,0,1,0,1,0,1,0,0,0,0,0,1,0,1,0,0
0,1,0,1,0,1,1,0,0,0,1,0,1,1,1,0,0,1,1,0,0,0,0,0,0,0,1,0,0,0,1,0,0,1,0,1,0,0,1,1,0,1,0,1,0,0,0,1,0,0,0,1,1,1,1,0,1,1,1,0,0,0,0,1,1,0,0,0,1,0,0,1,0,0,0,1,0,0,0,0,0,0,0,1,0,1,1,0,1,0,1,0,0,0,0,0,1,1,0,1,0,0,0,0,0,1,0,0,0,0,0,1,1,1,0,1,1,1,1,0,0,0,1,1,0,0,0,1,1,0,0,0,0,0,0,1,1,0,0,1,0,0,0,1,0,1,1,1,0,1,0,0,0,1,0,0,1,0,0,1,1,0,0,1,1,1,0,0,1,0,1,1,0,1,1,1,1,1,0,0,1,1,0,0,0,1,1,1,0,1,0,1,0,0,0,1,1,1,1,0,0,1,0,0,0,1,1,0,1,0,0,1,0,0,0,0,1,0,0,1,0
0,1,0,1,0,1,1,0,0,0,1,0,1,1,1,0,0,1,1,0,0,0,0,0,0,0,1,0,0,0,1,0,0,1,0,1,0,0,1,1,0,1,0,1,0,0,0,1,1,0,0,1,1,1,1,0,1,1,1,0,0,0,1,1,1,0,0,0,1,0,0,1,0,0,0,1,0,0,0,0,0,0,0,1,0,1,1,0,1,0,1,0,0,0,0,0,1,1,0,1,0,0,0,0,0,0,0,0,0,0,0,1,1,1,0,1,1,1,1,0,0,0,1,1,0,0,0,1,1,0,0,0,0,0,0,1,1,0,0,1,0,0,0,1,0,1,1,1,0,1,0,0,0,1,0,0,1,0,0,1,1,0,0,1,1,1,0,0,1,0,1,1,1,1,1,1,1,1,0,0,1,1,0,0,0,1,1,1,0,1,0,1,0,0,0,1,1,1,1,0,0,1,0,0,0,1,1,0,1,0,0,1,0,0,0,0,1,0,0,1,0
0,1,0,1,0,1,1,0,0,0,1,0,1,1,1,0,0,1,1,0,0,1,1,0,0,0,1,0,1,0,1,0,0,1,0,1,0,0,1,1,0,1,0,1,0,0,0,1,0,0,0,1,1,1,1,0,1,1,1,0,0,0,1,1,1,0,0,0,1,0,0,1,0,0,0,1,0,0,0,0,0,0,0,1,0,1,1,0,1,0,1,0,0,0,0,0,1,1,0,1,0,0,0,0,0,0,0,0,0,0,0,1,1,1,0,1,1,1,1,0,0,0,1,1,0,0,0,1,1,0,0,0,0,0,0,1,1,0,0,1,0,0,0,1,0,1,1,1,0,1,0,0,0,1,0,0,1,0,0,1,1,0,0,1,1,1,0,0,1,0,1,1,0,1,1,1,1,1,0,0,1,1,0,0,0,1,1,1,0,1,0,1,0,0,0,1,1,1,1,0,0,1,0,0,0,1,1,0,1,0,0,1,0,0,0,0,1,0,0,1,0
0,1,0,1,0,1,1,0,0,0,1,0,1,1,1,0,0,1,1,0,0,0,0,0,0,0,1,0,0,0,1,0,0,1,0,1,0,0,1,1,0,1,0,1,0,0,0,1,0,0,0,1,1,1,1,0,1,1,1,0,0,0,1,1,1,0,0,0,1,0,0,1,0,0,0,1,0,0,0,0,0,0,0,1,0,1,1,0,1,0,1,0,0,0,0,0,1,1,0,1,0,0,0,0,0,1,0,0,0,0,0,1,1,1,0,1,1,1,1,0,0,0,1,1,0,0,0,1,1,0,0,0,0,0,0,1,1,0,0,1,0,0,0,1,0,1,1,1,0,1,0,0,0,1,0,0,1,0,0,1,1,0,0,1,1,1,0,0,1,0,0,0,1,1,1,1,1,1,0,0,1,1,0,0,0,1,1,1,0,1,0,1,0,0,0,1,1,1,1,0,0,1,0,0,0,1,1,0,1,0,0,1,0,0,0,0,1,0,0,1,0
0,1,0,1,0,1,1,0,0,0,1,0,1,1,1,0,0,1,1,0,0,0,0,0,0,0,1,0,0,0,1,0,0,1,0,1,0,0,1,1,0,1,0,1,0,0,0,1,0,0,0,1,1,1,1,0,1,1,1,0,0,0,1,1,1,0,0,0,1,0,0,1,0,0,0,1,0,0,0,0,0,0,0,1,0,1,1,0,1,0,1,0,0,0,0,0,1,1,0,1,0,0,0,0,0,0,0,0,0,0,0,1,1,1,0,1,1,1,1,0,0,0,1,1,0,0,0,1,1,0,0,0,0,0,0,1,1,0,0,1,0,0,0,1,0,1,1,1,0,1,0,0,0,1,0,0,1,0,0,1,1,0,0,1,1,1,0,0,1,0,1,1,0,1,1,1,1,1,0,0,1,1,0,0,0,1,1,1,0,1,0,1,0,0,0,1,1,1,1,0,0,1,0,0,0,1,1,0,1,0,0,1,0,0,0,0,1,0,0,1,0
0,1,0,1,0,1,1,0,0,0,1,0,1,1,1,1,1,1,1,0,0,1,0,0,0,0,1,0,0,0,1,0,0,0,0,1,0,0,1,1,0,1,0,1,0,0,0,1,0,0,0,1,1,1,1,0,1,1,1,0,0,0,1,0,0,0,0,0,1,0,0,1,0,0,0,1,0,0,0,0,0,0,0,1,0,1,1,0,1,0,1,0,0,0,0,0,1,1,0,1,0,0,0,0,0,0,0,0,0,0,0,1,1,1,0,1,1,1,1,0,0,0,1,1,0,0,0,1,1,0,0,0,0,0,0,1,1,0,0,1,0,0,0,1,0,1,1,1,0,1,0,0,0,1,0,0,1,0,0,1,1,0,0,1,1,1,0,0,1,0,0,1,1,1,1,1,1,1,0,0,1,1,0,0,0,1,1,1,0,1,0,1,0,0,0,1,1,1,1,0,0,1,0,0,0,1,1,0,1,1,0,1,0,0,0,0,1,1,0,1,0
0,1,0,1,1,1,1,0,0,0,1,0,1,1,0,1,1,1,0,0,0,0,0,0,0,1,1,1,1,0,1,0,0,1,0,0,0,0,1,1,0,1,0,1,1,1,0,1,0,1,1,1,0,1,1,0,1,1,1,1,1,1,0,1,1,1,0,1,1,0,1,1,1,0,1,1,0,0,0,1,0,1,1,1,0,1,1,1,1,1,1,1,0,0,1,0,1,1,0,1,0,1,0,1,1,1,1,0,0,1,1,1,1,1,0,1,1,1,1,0,0,1,0,1,0,0,0,1,1,0,1,1,0,0,0,1,1,0,1,1,0,0,0,1,1,1,1,1,0,1,0,0,0,1,0,1,1,0,0,1,1,0,0,1,0,1,0,0,1,0,1,0,1,1,0,1,1,1,0,0,1,1,0,0,0,0,1,1,0,1,0,1,0,0,0,1,1,1,1,0,0,1,0,0,0,0,1,0,1,0,0,1,0,0,0,0,1,0,0,1,0
0,0,0,1,0,1,1,0,0,0,1,0,1,1,1,0,0,0,0,0,0,0,0,0,0,0,0,0,0,0,1,0,0,1,0,1,0,0,1,1,0,1,0,1,0,0,0,1,0,0,0,1,1,1,1,0,1,1,1,0,0,0,1,1,1,0,0,0,1,0,0,1,0,0,0,1,0,0,0,0,0,0,0,1,0,1,1,0,1,0,1,0,0,0,0,0,1,1,0,1,0,0,0,0,0,1,0,0,0,0,0,1,1,1,0,1,1,1,1,0,0,0,1,1,0,0,0,1,1,0,0,0,0,0,0,1,1,0,0,1,0,0,0,1,0,1,1,1,0,1,0,0,0,1,0,0,1,0,0,1,1,0,0,1,1,1,0,0,1,0,1,0,1,1,1,1,1,1,0,0,1,1,0,0,0,1,1,1,0,1,0,1,0,0,0,1,1,1,1,0,0,1,0,0,0,1,1,0,1,0,0,1,0,0,0,0,1,0,0,1,0
0,1,0,1,0,1,0,0,0,0,0,0,0,0,0,1,1,1,1,0,0,1,0,0,0,1,1,0,0,0,1,0,0,1,0,0,0,0,1,1,0,1,0,1,1,1,0,1,1,0,0,1,0,1,1,0,0,1,1,1,1,1,0,1,1,1,0,1,1,0,1,0,1,0,0,1,0,0,0,1,0,0,0,1,0,0,0,1,1,1,1,1,0,0,0,0,1,1,0,1,0,1,0,0,1,1,1,0,0,1,1,1,1,1,0,1,1,1,1,0,0,1,0,1,0,0,0,1,1,0,1,1,0,0,0,1,1,0,1,1,0,0,0,1,1,1,1,1,0,0,0,0,0,1,0,1,0,0,0,1,1,0,0,1,0,1,0,0,1,0,1,0,0,1,0,1,1,1,0,0,1,1,0,0,0,0,1,1,0,1,0,0,0,0,0,1,1,1,1,0,0,0,0,0,0,0,0,0,1,0,0,1,0,0,0,0,1,0,0,1,0
0,1,0,1,0,1,1,0,0,0,1,0,1,1,1,0,0,1,1,0,0,0,0,0,0,0,1,0,0,0,1,0,0,1,0,1,0,0,1,1,0,1,0,1,0,0,0,1,0,0,0,1,1,1,1,0,1,1,1,0,0,0,1,1,1,0,0,0,1,0,0,1,0,0,0,1,0,0,0,0,0,0,0,1,0,1,1,0,1,0,1,0,0,0,0,0,1,1,0,1,0,0,0,0,0,1,0,0,0,0,0,1,1,1,0,1,1,1,1,0,0,0,1,1,0,0,0,1,1,0,0,0,0,0,0,1,1,0,0,1,0,0,0,1,0,1,1,1,0,1,0,0,0,1,0,0,1,0,0,1,1,0,0,1,1,1,0,0,1,0,1,1,0,1,1,1,1,1,0,0,1,1,0,0,0,1,1,1,0,1,0,1,0,0,0,1,1,1,1,0,0,1,0,0,0,1,1,0,1,0,0,1,0,0,0,0,1,0,0,1,0
0,1,0,1,0,1,0,0,0,0,0,0,0,0,0,1,1,1,1,0,0,1,0,0,0,1,1,0,0,0,1,0,0,1,0,0,0,0,1,1,0,1,0,1,1,1,0,1,1,0,0,1,0,1,1,0,0,1,1,1,1,1,0,1,1,1,0,1,1,0,1,0,1,0,0,1,0,0,0,1,0,0,0,1,0,0,0,1,1,1,1,1,0,0,0,0,1,1,0,1,0,1,0,0,1,1,1,0,0,1,1,1,1,1,0,1,1,1,1,0,0,1,0,1,0,0,0,1,1,0,1,1,0,0,0,1,1,0,1,1,0,0,0,1,1,1,1,1,0,0,0,0,0,1,0,1,0,0,0,1,1,0,0,1,0,1,0,0,1,0,1,0,0,1,0,1,1,1,0,0,1,1,0,0,0,0,1,1,0,1,0,0,0,0,0,1,1,1,1,0,0,0,0,0,0,0,0,0,1,0,0,1,0,0,0,0,1,0,0,1,0
0,1,0,1,0,1,0,0,0,0,0,0,0,0,0,1,1,1,1,0,0,1,0,0,0,1,1,0,0,0,1,0,0,1,0,0,0,0,1,1,0,1,0,1,1,1,0,1,1,0,0,1,0,1,1,0,0,1,1,1,1,1,0,1,1,1,0,1,1,0,1,0,1,0,0,1,0,0,0,1,0,0,0,1,0,0,0,1,1,1,1,1,0,0,0,0,1,1,0,1,0,1,0,0,1,1,1,0,0,1,1,1,1,1,0,1,1,1,1,0,0,1,0,1,0,0,0,1,1,0,1,1,0,0,0,1,1,0,1,1,0,0,0,1,1,1,1,1,0,0,0,0,0,1,0,1,0,0,0,1,1,0,0,1,0,1,0,0,1,0,1,0,0,1,0,1,1,1,0,0,1,1,0,0,0,0,1,1,0,1,0,0,0,0,0,1,1,1,1,0,0,0,0,0,0,0,0,0,1,0,0,1,0,0,0,0,1,0,0,1,0
0,1,0,1,0,1,0,0,0,0,0,0,0,0,0,1,1,1,1,0,0,1,0,0,0,1,1,0,0,0,1,0,0,1,0,0,0,0,1,1,0,1,0,1,1,1,0,1,1,0,0,1,0,1,1,0,0,1,1,1,1,1,0,1,1,1,0,1,1,0,1,0,1,0,0,1,0,0,0,1,0,0,0,1,0,0,0,1,1,1,1,1,0,0,0,0,1,1,0,1,0,1,0,0,1,1,1,0,0,1,1,1,1,1,0,1,1,1,1,0,0,1,0,1,0,0,0,1,1,0,1,1,0,0,0,1,1,0,1,1,0,0,0,1,1,1,1,1,0,0,0,0,0,1,0,1,0,0,0,1,1,0,0,1,0,1,0,0,1,0,1,0,0,1,0,1,1,1,0,0,1,1,0,0,0,0,1,1,0,1,0,0,0,0,0,1,1,1,1,0,0,0,0,0,0,0,0,0,1,0,0,1,0,0,0,0,1,0,0,1,0
0,1,0,1,0,1,0,0,0,0,0,0,0,0,0,1,1,1,1,0,0,1,0,0,0,1,1,0,0,0,1,0,0,1,0,0,0,0,1,1,0,1,0,1,1,1,0,1,1,0,0,1,0,1,1,0,0,1,1,1,1,1,0,1,1,1,0,1,1,0,1,0,1,0,0,1,0,0,0,1,0,0,0,1,0,0,0,1,1,1,1,1,0,0,0,0,1,1,0,1,0,1,0,0,1,1,1,0,0,1,1,1,1,1,0,1,1,1,1,0,0,1,0,1,0,0,0,1,1,0,1,1,0,0,0,1,1,0,1,1,0,0,0,1,1,1,1,1,0,0,0,0,0,1,0,1,0,0,0,1,1,0,0,1,0,1,0,0,1,0,1,0,0,1,0,1,1,1,0,0,1,1,0,0,0,0,1,1,0,1,0,0,0,0,0,1,1,1,1,0,0,0,0,0,0,0,0,0,1,0,0,1,0,0,0,0,1,0,0,1,0
0,1,0,1,0,1,0,0,0,0,0,0,0,0,0,1,1,1,1,0,0,1,0,0,0,1,1,0,0,0,1,0,0,1,0,0,0,0,1,1,0,1,0,1,1,1,0,1,1,0,0,1,0,1,1,0,0,1,1,1,1,1,0,1,1,1,0,1,1,0,1,0,1,0,0,1,0,0,0,1,0,0,0,1,0,0,0,1,1,1,1,1,0,0,0,0,1,1,0,1,0,1,0,0,1,1,1,0,0,1,1,1,1,1,0,1,1,1,1,0,0,1,0,1,0,0,0,1,1,0,1,1,0,0,0,1,1,0,1,1,0,0,0,1,1,1,1,1,0,0,0,0,0,1,0,1,0,0,0,1,1,0,0,1,0,1,0,0,1,0,1,0,0,1,0,1,1,1,0,0,1,1,0,0,0,0,1,1,0,1,0,0,0,0,0,1,1,1,1,0,0,0,0,0,0,0,0,0,1,0,0,1,0,0,0,0,1,0,0,1,0
1,1,0,1,0,1,0,0,0,0,0,0,0,0,0,1,1,1,1,0,0,1,0,0,0,1,1,0,0,0,1,0,0,1,0,0,0,0,1,1,0,1,0,1,1,1,0,1,1,0,0,1,0,1,1,0,0,1,1,1,1,1,0,1,1,1,0,1,1,0,1,0,1,0,0,1,0,0,0,1,0,0,0,1,0,0,0,1,1,1,1,1,0,0,0,0,1,1,0,1,0,1,0,0,1,1,1,0,0,1,1,1,1,1,0,1,1,1,1,0,0,1,0,1,0,0,0,1,1,0,1,1,0,0,0,1,1,0,1,1,0,0,0,1,1,1,1,1,0,0,0,0,0,1,0,1,0,0,0,1,1,0,0,1,0,1,0,0,1,0,1,0,0,1,0,1,1,1,0,0,1,1,0,0,0,0,1,1,0,1,0,0,0,0,0,1,1,1,1,0,0,0,0,0,0,0,0,0,1,0,0,1,0,0,0,0,1,0,0,1,0
1,1,0,1,0,1,0,0,0,0,0,0,0,0,0,1,1,1,1,0,0,1,0,0,0,1,1,0,0,0,1,0,0,1,0,0,0,0,1,1,0,1,0,1,1,1,0,1,1,0,0,1,0,1,1,0,0,1,1,1,1,1,0,1,1,1,0,1,1,0,1,0,1,0,0,1,0,0,0,1,0,0,0,1,0,0,0,1,1,1,1,1,0,0,0,0,1,1,0,1,0,1,0,0,1,1,1,0,0,1,1,1,1,1,0,1,1,1,1,0,0,1,0,1,0,0,0,1,1,0,1,1,0,0,0,1,1,0,1,1,0,0,0,1,1,1,1,1,0,0,0,0,0,1,0,1,0,0,0,1,1,0,0,1,0,1,0,0,1,0,1,0,0,1,0,1,1,1,0,0,1,1,0,0,0,0,1,1,0,1,0,0,0,0,0,1,1,1,1,0,0,0,0,0,0,0,0,0,1,0,0,1,0,0,0,0,1,0,0,1,0
1,1,0,1,0,1,0,0,0,0,0,0,0,0,0,1,1,1,1,0,0,1,0,0,0,1,1,0,0,0,1,0,0,1,0,0,0,0,1,1,0,1,0,1,1,1,0,1,1,0,0,1,0,1,1,0,0,1,1,1,1,1,0,1,1,1,0,1,1,0,1,0,1,0,0,1,0,0,0,1,0,0,0,1,0,0,0,1,1,1,1,1,0,0,0,0,1,1,0,1,0,1,0,0,1,1,1,0,0,1,1,1,1,1,0,1,1,1,1,0,0,1,0,1,0,0,0,1,1,0,1,1,0,0,0,1,1,0,1,1,0,0,0,1,1,1,1,1,0,0,0,0,0,1,0,1,0,0,0,1,1,0,0,1,0,1,0,0,1,0,1,0,0,1,0,1,1,1,0,0,1,1,0,0,0,0,1,1,0,1,0,0,0,0,0,1,1,1,1,0,0,0,0,0,0,0,0,0,1,0,0,1,0,0,0,0,1,0,0,1,0
1,1,0,1,0,1,0,0,0,0,0,0,0,0,0,1,1,1,1,0,0,1,0,0,0,1,1,0,0,0,1,0,0,1,0,0,0,0,1,1,0,1,0,1,1,1,0,1,1,0,0,1,0,1,1,0,0,1,1,1,1,1,0,1,1,1,0,1,1,0,1,0,1,0,0,1,0,0,0,1,0,0,0,1,0,0,0,1,1,1,1,1,0,0,0,0,1,1,0,1,0,1,0,0,1,1,1,0,0,1,1,1,1,1,0,1,1,1,1,0,0,1,0,1,0,0,0,1,1,0,1,1,0,0,0,1,1,0,1,1,0,0,0,1,1,1,1,1,0,0,0,0,0,1,0,1,0,0,0,1,1,0,0,1,0,1,0,0,1,0,1,0,0,1,0,1,1,1,0,0,1,1,0,0,0,0,1,1,0,1,0,0,0,0,0,1,1,1,1,0,0,0,0,0,0,0,0,0,1,0,0,1,0,0,0,0,1,0,0,1,0
0,0,0,1,0,1,0,0,0,0,0,0,0,0,0,1,1,1,1,0,0,1,0,0,0,1,1,0,0,0,1,0,0,1,0,0,0,0,1,1,0,0,0,1,1,1,0,0,1,0,0,1,0,1,1,0,0,1,1,1,1,1,0,0,1,1,0,1,1,0,1,0,1,0,0,1,0,0,0,1,0,0,0,1,0,0,0,1,1,1,1,1,0,0,0,0,1,1,0,1,0,1,0,0,1,0,1,0,0,1,1,0,1,1,0,1,1,1,1,0,0,1,0,1,0,0,0,1,1,0,1,1,0,0,0,1,1,0,1,1,0,0,0,1,1,1,1,1,0,0,0,0,0,1,0,1,0,0,0,1,1,0,0,1,0,1,0,0,1,0,0,0,0,1,0,1,1,1,0,0,1,1,0,0,0,0,1,1,0,1,0,0,0,0,0,1,1,1,1,0,0,0,0,0,0,0,0,0,1,0,0,1,0,0,0,0,1,0,0,1,0
1,1,0,1,0,1,0,0,0,0,0,0,0,0,0,1,1,1,1,0,0,1,0,0,0,1,1,0,0,0,1,0,0,1,0,0,0,0,1,1,0,1,0,1,1,1,0,1,1,0,0,1,0,1,1,0,0,1,1,1,1,1,0,1,1,1,0,1,1,0,1,0,1,0,0,1,0,0,0,1,0,0,0,1,0,0,0,1,1,1,1,1,0,0,0,0,1,1,0,1,0,1,0,0,1,1,1,0,0,1,1,1,1,1,0,1,1,1,1,0,0,1,0,1,0,0,0,1,1,0,1,1,0,0,0,1,1,0,1,1,0,0,0,1,1,1,1,1,0,0,0,0,0,1,0,1,0,0,0,1,1,0,0,1,0,1,0,0,1,0,1,0,0,1,0,1,1,1,0,0,1,1,0,0,0,0,1,1,0,1,0,0,0,0,0,1,1,1,1,0,0,0,0,0,0,0,0,0,1,0,0,1,0,0,0,0,1,0,0,1,0
0,0,0,1,1,1,1,1,0,0,0,0,0,0,0,1,1,1,0,1,1,1,0,0,0,0,0,0,0,0,1,0,0,1,0,0,0,0,0,1,0,1,1,1,0,0,0,1,1,0,0,0,0,0,0,0,0,1,1,0,0,0,0,0,0,0,0,0,1,0,0,0,0,0,0,0,0,0,0,0,0,0,0,0,0,0,0,0,0,0,0,0,0,0,0,0,0,1,0,0,0,0,0,0,0,0,0,0,0,0,0,1,1,1,0,0,0,1,0,0,0,0,0,0,1,0,0,1,1,0,0,0,0,0,0,0,0,0,0,0,0,0,0,0,0,0,1,0,0,0,1,1,0,1,0,0,0,0,0,0,0,0,0,0,0,1,0,0,1,0,0,0,0,1,0,1,1,0,1,0,0,0,0,0,0,0,1,0,0,1,0,0,0,0,0,0,0,0,0,0,0,0,0,0,0,0,0,0,0,0,0,0,0,0,0,0,0,0,0,0,0
0,0,0,1,1,1,1,1,0,0,0,0,0,0,0,1,1,1,0,1,1,1,0,0,0,0,0,0,0,0,1,0,0,1,0,0,0,0,0,0,0,1,1,1,0,0,0,1,1,0,0,0,0,0,0,0,0,0,0,0,0,0,0,0,1,0,0,0,1,0,0,1,0,0,0,0,0,1,0,0,1,0,0,0,0,1,0,0,1,0,0,0,0,0,0,1,0,0,0,0,0,0,0,0,0,0,0,1,0,0,0,1,0,0,0,0,0,0,1,0,1,0,0,0,1,0,0,0,0,0,0,0,1,0,0,0,0,0,0,0,0,1,0,0,0,0,0,1,0,0,1,1,0,0,0,0,0,1,0,0,0,0,0,1,0,0,0,0,0,0,0,0,0,0,0,0,1,0,1,0,0,0,0,1,1,0,0,0,1,0,0,0,1,0,0,0,0,0,0,0,0,0,0,1,0,0,0,0,0,0,0,0,0,0,0,0,0,0,0,0,0
0,0,0,1,0,1,1,0,0,0,0,0,0,0,0,1,1,1,0,0,0,0,0,0,0,0,0,0,0,0,1,0,0,1,1,0,0,0,0,1,0,1,0,1,0,0,0,1,0,0,0,0,0,0,0,0,0,1,1,0,0,0,0,0,0,0,0,0,0,0,0,0,0,0,0,0,0,0,0,0,0,0,0,0,0,0,0,0,0,0,0,0,0,0,0,0,0,1,0,0,0,0,0,0,0,0,0,0,0,0,0,1,1,1,0,0,0,1,0,0,0,0,0,0,0,0,0,1,1,0,0,0,0,0,0,0,0,0,0,0,0,0,0,0,0,0,1,0,0,0,0,0,0,1,0,0,0,0,0,0,0,0,0,0,0,1,0,0,1,0,0,0,0,1,0,1,1,0,0,0,0,0,0,0,0,0,1,0,0,1,0,0,0,0,0,0,0,0,0,0,0,0,0,0,0,0,0,0,0,0,0,0,0,0,0,0,0,0,0,0,0
0,1,0,1,1,1,1,0,0,0,0,0,0,0,0,1,1,1,0,1,1,1,0,0,0,0,0,0,0,0,1,0,0,1,0,0,0,0,0,0,0,1,0,1,0,0,0,1,0,0,0,0,0,0,0,0,0,0,0,0,0,0,0,0,1,0,0,0,0,0,0,1,0,0,0,0,0,1,0,0,1,0,0,0,0,1,0,0,1,0,0,0,0,0,0,1,0,0,0,0,0,0,0,0,0,0,0,1,0,0,0,1,0,0,0,0,0,0,1,0,1,0,0,0,0,0,0,0,0,0,0,0,1,0,0,0,0,0,0,0,0,1,0,0,0,0,0,1,0,0,0,0,0,0,0,0,0,1,0,0,0,0,0,1,0,0,0,0,0,0,0,0,0,0,0,0,1,0,0,0,0,0,0,1,1,0,0,0,1,0,0,0,1,0,0,0,0,0,0,0,0,0,0,1,0,0,0,0,0,0,0,0,0,0,0,0,0,0,0,0,0
0,1,0,1,0,1,1,1,0,0,1,1,1,1,1,0,0,1,1,0,0,1,1,0,0,0,1,0,1,0,1,0,0,1,0,1,1,0,1,1,0,1,0,1,0,0,0,1,1,0,0,1,0,1,1,0,0,1,1,0,0,0,1,1,1,0,0,0,1,0,0,1,0,1,0,1,0,1,0,0,1,0,0,1,0,1,0,0,1,0,1,0,0,0,0,1,1,1,0,1,0,0,0,0,0,0,0,1,1,0,0,1,1,1,1,1,1,1,1,0,1,0,0,1,0,1,1,1,1,0,0,0,1,1,0,1,1,0,1,1,0,1,0,1,0,1,1,1,1,0,0,0,0,1,0,0,0,1,0,1,1,1,0,1,0,1,0,0,1,0,1,1,0,1,0,1,1,1,0,1,1,1,0,1,1,0,1,0,1,1,0,0,1,1,1,1,1,1,1,0,0,0,0,1,1,1,1,1,1,1,0,1,1,0,1,0,1,1,0,1,1
0,1,0,1,0,1,1,1,0,0,1,1,1,1,1,0,0,1,1,0,0,1,1,0,0,0,1,0,1,0,1,0,0,1,0,1,1,0,1,1,0,1,0,1,0,0,0,1,1,0,0,1,0,1,1,0,0,1,1,0,0,0,1,1,1,0,0,0,1,0,0,1,0,1,0,1,0,1,0,0,1,0,0,1,0,1,0,0,1,0,1,0,0,0,0,1,1,1,0,1,0,0,0,0,0,0,0,1,1,0,0,1,1,1,1,1,1,1,1,0,1,0,0,1,0,1,1,1,1,0,0,0,1,1,0,1,1,0,1,1,0,1,0,1,0,1,1,1,1,0,0,0,0,1,0,0,0,1,0,1,1,1,0,1,0,1,0,0,1,0,1,1,0,1,0,1,1,1,0,1,1,1,0,1,1,0,1,0,1,1,0,1,1,1,1,1,1,1,1,0,0,1,0,1,1,1,1,1,1,1,0,1,1,0,1,0,1,1,0,1,1
0,1,0,1,0,1,1,1,0,0,1,1,1,1,1,0,0,1,1,0,0,1,1,0,0,0,1,0,1,0,1,0,0,1,0,1,1,0,1,1,0,1,0,1,0,0,0,1,1,0,0,1,0,1,1,0,0,1,1,0,0,0,1,1,1,0,0,0,1,0,0,1,0,1,0,1,0,1,0,0,1,0,0,1,0,1,0,0,1,0,1,0,0,0,0,1,1,1,0,1,0,0,0,0,0,0,0,1,1,0,0,1,1,1,1,1,1,1,1,0,1,0,0,1,0,1,1,1,1,0,0,0,1,1,0,1,1,0,1,1,0,1,0,1,0,1,1,1,1,0,0,0,0,1,0,0,0,1,0,1,1,1,0,1,0,1,0,0,1,0,1,1,0,1,0,1,1,1,0,1,1,1,0,1,1,0,1,0,1,1,0,0,1,1,1,1,1,1,1,0,0,0,0,1,1,1,1,1,1,1,0,1,1,0,1,0,1,1,0,1,1
0,1,0,1,0,1,1,1,0,1,1,1,1,1,1,0,0,1,1,0,0,1,1,0,0,0,1,0,1,0,1,0,1,1,0,1,1,0,1,1,1,1,0,1,0,0,1,1,1,0,0,1,0,1,1,0,0,1,1,0,0,0,1,1,1,0,0,0,1,0,0,1,0,1,0,1,0,1,0,0,1,0,0,1,0,1,0,0,1,0,1,0,0,0,0,1,1,1,1,1,1,0,0,0,0,0,0,1,1,0,0,1,1,1,1,1,1,1,1,1,1,0,0,1,0,1,1,1,1,0,0,0,1,1,0,1,1,1,1,1,0,1,1,1,0,1,1,1,1,0,0,0,0,1,0,0,0,1,0,1,1,1,0,1,0,1,0,0,1,0,1,1,0,1,0,1,1,1,0,1,1,1,0,1,1,0,1,0,1,1,0,0,1,1,1,1,1,1,1,0,0,0,0,1,1,1,1,1,1,1,0,1,1,0,1,0,1,1,0,1,1
0,1,0,1,0,1,1,1,0,1,1,1,1,1,1,0,0,1,1,0,0,1,1,0,0,0,1,0,1,0,1,0,1,1,0,1,1,0,1,1,1,1,0,1,0,0,1,1,1,0,0,1,0,1,1,0,0,1,1,0,0,0,1,1,1,0,0,0,1,0,0,1,0,1,0,1,0,1,0,0,1,0,0,1,0,1,0,0,1,0,1,0,0,0,0,1,1,1,1,1,1,0,0,0,0,0,0,1,1,0,0,1,1,1,1,1,1,1,1,1,1,0,0,1,0,1,1,1,1,0,0,0,1,1,0,1,1,1,1,1,0,1,1,1,0,1,1,1,1,0,0,0,0,1,0,0,0,1,0,1,1,1,0,1,0,1,0,0,1,0,1,1,0,1,0,1,1,1,0,1,1,1,0,1,1,0,1,0,1,1,0,0,1,1,1,1,1,1,1,0,0,0,0,1,1,1,1,1,1,1,0,1,1,0,1,0,1,1,0,1,1
0,1,0,1,0,1,1,1,0,1,1,1,1,1,1,0,0,1,1,0,0,1,1,0,0,0,1,0,1,0,1,0,1,1,0,1,1,0,1,1,1,1,0,1,0,0,1,1,1,0,0,1,0,1,1,0,0,1,1,0,0,0,1,1,1,0,0,0,1,0,0,1,0,1,0,1,0,1,0,0,1,0,0,1,0,1,0,0,1,0,1,0,0,0,0,1,1,1,1,1,1,0,0,0,0,0,0,1,1,0,0,1,1,1,1,1,1,1,1,1,1,0,0,1,0,1,1,1,1,0,0,0,1,1,0,1,1,1,1,1,0,1,1,1,0,1,1,1,1,0,0,0,0,1,0,0,0,1,0,1,1,1,0,1,0,1,0,0,1,0,1,1,0,1,0,1,1,1,0,1,1,1,0,1,1,0,1,0,1,1,0,1,1,1,1,1,1,1,1,0,0,1,0,1,1,1,1,1,1,1,0,1,1,0,1,0,1,1,0,1,1
0,1,0,1,0,1,1,1,0,1,1,1,1,1,1,0,0,1,1,0,0,1,1,0,0,0,1,0,1,0,1,0,1,1,0,1,1,0,1,1,1,1,0,1,0,0,1,1,1,0,0,1,0,1,1,0,0,1,1,0,0,0,1,1,1,0,0,0,1,0,0,1,0,1,0,1,0,1,0,0,1,0,0,1,0,1,0,0,1,0,1,0,0,0,0,1,1,1,1,1,1,0,0,0,0,0,0,1,1,0,0,1,1,1,1,1,1,1,1,1,1,0,0,1,0,1,1,1,1,0,0,0,1,1,0,1,1,1,1,1,0,1,1,1,0,1,1,1,1,0,0,0,0,1,0,0,0,1,0,1,1,1,0,1,0,1,0,0,1,0,1,1,0,1,0,1,1,1,0,1,1,1,0,1,1,0,1,0,1,1,0,0,1,1,1,1,1,1,1,0,0,0,0,1,1,1,1,1,1,1,0,1,1,0,1,0,1,1,0,1,1
0,1,0,1,0,1,1,1,0,1,1,1,1,1,1,0,0,1,1,0,0,1,1,0,0,0,1,0,1,0,1,0,1,1,0,1,1,0,1,1,1,1,0,1,0,0,1,1,1,0,0,1,0,1,1,0,0,1,1,0,0,0,1,1,1,0,0,0,1,0,0,1,0,1,0,1,0,1,0,0,1,0,0,1,0,1,0,0,1,0,1,0,0,0,0,1,1,1,1,1,1,0,0,0,0,0,0,1,1,0,0,1,1,1,1,1,1,1,1,1,1,0,0,1,0,1,1,1,1,0,0,0,1,1,0,1,1,1,1,1,0,1,1,1,0,1,1,1,1,0,0,0,0,1,0,0,0,1,0,1,1,1,0,1,0,1,0,0,1,0,1,1,0,1,0,1,1,1,0,1,1,1,0,1,1,0,1,0,1,1,0,0,1,1,1,1,1,1,1,0,0,0,0,1,1,1,1,1,1,1,0,1,1,0,1,0,1,1,0,1,1
0,1,0,1,0,1,1,1,0,0,1,1,1,1,1,0,0,1,1,0,0,1,1,0,0,0,1,0,1,0,1,0,0,1,0,1,1,0,1,1,0,1,0,1,0,0,0,1,1,0,0,1,0,1,1,0,0,1,1,0,0,0,1,1,1,0,0,0,1,0,0,1,0,1,0,1,0,1,0,0,1,0,0,1,0,1,0,0,1,0,1,0,0,0,0,1,1,1,0,1,0,0,0,0,0,0,0,1,1,0,0,1,1,1,1,1,1,1,1,0,1,0,0,1,0,1,1,1,1,0,0,0,1,1,0,1,1,0,1,1,0,1,0,1,0,1,1,1,1,0,0,0,0,1,0,0,0,1,0,1,1,1,0,1,0,1,0,0,1,0,1,1,0,1,0,1,1,1,0,1,1,1,0,1,1,0,1,0,1,1,0,0,1,1,1,1,1,1,1,0,0,0,0,1,1,1,1,1,1,1,0,1,1,0,1,0,1,1,0,1,1
0,1,0,1,0,1,1,1,0,0,1,1,1,1,1,0,0,1,1,0,0,1,1,0,0,0,1,0,1,0,1,0,0,1,0,1,1,0,1,1,0,1,0,1,0,0,0,1,1,0,0,1,0,1,1,0,0,1,1,0,0,0,1,1,1,0,0,0,1,0,0,1,0,1,0,1,0,1,0,0,1,0,0,1,0,1,0,0,1,0,1,0,0,0,0,1,1,1,0,1,0,0,0,0,0,0,0,1,1,0,0,1,1,1,1,1,1,1,1,0,1,0,0,1,0,1,1,1,1,0,0,0,1,1,0,1,1,0,1,1,0,1,0,1,0,1,1,1,1,0,0,0,0,1,0,0,0,1,0,1,1,1,0,1,0,1,0,0,1,0,1,1,0,1,0,1,1,1,0,1,1,1,0,1,1,0,1,0,1,1,0,1,1,1,1,1,1,1,1,0,0,1,0,1,1,1,1,1,1,1,0,1,1,0,1,0,1,1,0,1,1
0,1,0,1,0,1,1,1,0,0,1,1,1,1,1,0,0,1,1,0,0,1,1,0,0,0,1,0,1,0,1,0,0,1,0,1,1,0,1,1,0,1,0,1,0,0,0,1,1,0,0,1,0,1,1,0,0,1,1,0,0,0,1,1,1,0,0,0,1,0,0,1,0,1,0,1,0,1,0,0,1,0,0,1,0,1,0,0,1,0,1,0,0,0,0,1,1,1,0,1,0,0,0,0,0,0,0,1,1,0,0,1,1,1,1,1,1,1,1,0,1,0,0,1,0,1,1,1,1,0,0,0,1,1,0,1,1,0,1,1,0,1,0,1,0,1,1,1,1,0,0,0,0,1,0,0,0,1,0,1,1,1,0,1,0,1,0,0,1,0,1,1,0,1,0,1,1,1,0,1,1,1,0,1,1,0,1,0,1,1,0,0,1,1,1,1,1,1,1,0,0,0,0,1,1,1,1,1,1,1,0,1,1,0,1,0,1,1,0,1,1
0,1,0,1,0,1,1,1,0,1,1,1,1,1,1,0,0,1,1,0,0,1,1,0,0,0,1,0,1,0,1,0,1,1,0,1,1,0,1,1,1,1,0,1,0,0,1,1,1,0,0,1,0,1,1,0,0,1,1,0,0,0,1,1,1,0,0,0,1,0,0,1,0,1,0,1,0,1,0,0,1,0,0,1,0,1,0,0,1,0,1,0,0,0,0,1,1,1,1,1,1,0,0,0,0,0,0,1,1,0,0,1,1,1,1,1,1,1,1,1,1,0,0,1,0,1,1,1,1,0,0,0,1,1,0,1,1,1,1,1,0,1,1,1,0,1,1,1,1,0,0,0,0,1,0,0,0,1,0,1,1,1,0,1,0,1,0,0,1,0,1,1,0,1,0,1,1,1,0,1,1,1,0,1,1,0,1,0,1,1,0,0,1,1,1,1,1,1,1,0,0,0,0,1,1,1,1,1,1,1,0,1,1,0,1,0,1,1,0,1,1
0,1,1,1,0,1,1,1,0,0,1,1,1,1,1,0,0,1,1,0,0,1,1,1,0,0,1,0,1,1,1,0,0,1,0,1,1,1,1,1,0,1,0,1,0,0,0,1,1,0,0,1,0,1,1,0,0,1,1,0,0,0,0,1,1,0,0,0,1,0,0,1,0,1,0,1,0,1,0,0,1,0,0,1,0,1,0,0,1,0,1,0,0,0,0,1,1,1,0,1,0,0,0,0,0,1,0,1,1,0,0,1,1,1,1,1,1,1,1,0,1,0,0,1,0,1,1,1,1,0,0,0,1,1,0,1,1,0,1,1,0,1,0,1,0,1,1,1,1,0,0,0,0,1,0,0,0,1,0,1,1,1,0,1,0,1,0,0,1,0,1,1,0,1,0,1,1,1,0,1,1,1,0,1,1,0,1,0,1,1,0,0,1,1,1,1,1,1,1,0,0,0,0,1,1,1,1,1,1,1,0,1,1,0,1,0,1,1,0,1,1
1,1,1,1,0,1,1,1,0,0,1,1,1,1,1,0,0,1,1,0,0,1,1,1,0,0,1,0,1,1,1,0,0,1,0,1,1,1,1,1,0,1,0,1,0,0,0,1,1,0,0,1,0,1,1,0,0,1,1,0,0,0,0,1,1,0,0,0,1,0,0,1,0,1,0,1,0,1,0,0,1,0,0,1,0,1,0,0,1,0,1,0,0,0,0,1,1,1,0,1,0,0,0,0,0,1,0,1,1,0,0,1,1,1,1,1,1,1,1,0,1,0,0,1,0,1,1,1,1,0,0,0,1,1,0,1,1,0,1,1,0,1,0,1,0,1,1,1,1,0,0,0,0,1,0,0,0,1,0,1,1,1,0,1,0,1,0,0,1,0,1,1,0,1,0,1,1,1,0,1,1,1,0,1,1,0,1,0,1,1,0,1,1,1,1,1,1,1,1,0,0,1,1,1,1,1,1,1,1,1,0,1,1,0,1,0,1,1,0,1,1
0,1,1,1,0,1,1,1,0,0,1,1,1,1,1,0,0,1,1,0,0,1,1,1,0,0,1,0,1,1,1,0,0,1,0,1,1,1,1,1,0,1,0,1,0,0,0,1,1,0,0,1,0,1,1,0,0,1,1,0,0,0,0,1,1,0,0,0,1,0,0,1,0,1,0,1,0,1,0,0,1,0,0,1,0,1,0,0,1,0,1,0,0,0,0,1,1,1,0,1,0,0,0,0,0,1,0,1,1,0,0,1,1,1,1,1,1,1,1,0,1,0,0,1,0,1,1,1,1,0,0,0,1,1,0,1,1,0,1,1,0,1,0,1,0,1,1,1,1,0,0,0,0,1,0,0,0,1,0,1,1,1,0,1,0,1,0,0,1,0,1,1,0,1,0,1,1,1,0,1,1,1,0,1,1,0,1,0,1,1,0,0,1,1,1,1,1,1,1,0,0,0,0,1,1,1,1,1,1,1,0,1,1,0,1,0,1,1,0,1,1
0,1,1,1,0,1,1,1,0,1,1,1,1,1,1,0,0,1,1,0,0,1,1,1,0,0,1,0,1,1,1,0,1,1,0,1,1,1,1,1,1,1,0,1,0,0,1,1,1,0,0,1,0,1,1,0,0,1,1,0,0,0,0,1,1,0,0,0,1,0,0,1,0,1,0,1,0,1,0,0,1,0,0,1,0,1,0,0,1,0,1,0,0,0,0,1,1,1,1,1,1,0,0,0,0,1,0,1,1,0,0,1,1,1,1,1,1,1,1,1,1,0,0,1,0,1,1,1,1,0,0,0,1,1,0,1,1,1,1,1,0,1,1,1,0,1,1,1,1,0,0,0,0,1,0,0,0,1,0,1,1,1,0,1,0,1,0,0,1,0,1,1,0,1,0,1,1,1,0,1,1,1,0,1,1,0,1,0,1,1,0,0,1,1,1,1,1,1,1,0,0,0,0,1,1,1,1,1,1,1,0,1,1,0,1,0,1,1,0,1,1
0,1,1,1,0,1,1,1,0,1,1,1,1,1,1,0,0,1,1,0,0,1,1,1,0,0,1,0,1,1,1,0,1,1,0,1,1,1,1,1,1,1,0,1,0,0,1,1,1,0,0,1,0,1,1,0,0,1,1,0,0,0,0,1,1,0,0,0,1,0,0,1,0,1,0,1,0,1,0,0,1,0,0,1,0,1,0,0,1,0,1,0,0,0,0,1,1,1,1,1,1,0,0,0,0,1,0,1,1,0,0,1,1,1,1,1,1,1,1,1,1,0,0,1,0,1,1,1,1,0,0,0,1,1,0,1,1,1,1,1,0,1,1,1,0,1,1,1,1,0,0,0,0,1,0,0,0,1,0,1,1,1,0,1,0,1,0,0,1,0,1,1,0,1,0,1,1,1,0,1,1,1,0,1,1,0,1,0,1,1,0,0,1,1,1,1,1,1,1,0,0,0,0,1,1,1,1,1,1,1,0,1,1,0,1,0,1,1,0,1,1
0,1,1,1,0,1,1,1,0,1,1,1,1,1,1,0,0,1,1,0,0,1,1,1,0,0,1,0,1,1,1,0,1,1,0,1,1,1,1,1,1,1,0,1,0,0,1,1,1,0,0,1,0,1,1,0,0,1,1,0,0,0,0,1,1,0,0,0,1,0,0,1,0,1,0,1,0,1,0,0,1,0,0,1,0,1,0,0,1,0,1,0,0,0,0,1,1,1,1,1,1,0,0,0,0,1,0,1,1,0,0,1,1,1,1,1,1,1,1,1,1,0,0,1,0,1,1,1,1,0,0,0,1,1,0,1,1,1,1,1,0,1,1,1,0,1,1,1,1,0,0,0,0,1,0,0,0,1,0,1,1,1,0,1,0,1,0,0,1,0,1,1,0,1,0,1,1,1,0,1,1,1,0,1,1,0,1,0,1,1,0,1,1,1,1,1,1,1,1,0,0,1,1,1,1,1,1,1,1,1,0,1,1,0,1,0,1,1,0,1,1
0,1,1,1,0,1,1,1,0,1,1,1,1,1,1,0,0,1,1,0,0,1,1,1,0,0,1,0,1,1,1,0,1,1,0,1,1,1,1,1,1,1,0,1,0,0,1,1,1,0,0,1,0,1,1,0,0,1,1,0,0,0,0,1,1,0,0,0,1,0,0,1,0,1,0,1,0,1,0,0,1,0,0,1,0,1,0,0,1,0,1,0,0,0,0,1,1,1,1,1,1,0,0,0,0,1,0,1,1,0,0,1,1,1,1,1,1,1,1,1,1,0,0,1,0,1,1,1,1,0,0,0,1,1,0,1,1,1,1,1,0,1,1,1,0,1,1,1,1,0,0,0,0,1,0,0,0,1,0,1,1,1,0,1,0,1,0,0,1,0,1,1,0,1,0,1,1,1,0,1,1,1,0,1,1,0,1,0,1,1,0,0,1,1,1,1,1,1,1,0,0,0,0,1,1,1,1,1,1,1,0,1,1,0,1,0,1,1,0,1,1
0,1,1,1,0,1,1,1,0,1,1,1,1,1,1,0,0,1,1,0,0,1,1,1,0,0,1,0,1,1,1,0,1,1,0,1,1,1,1,1,1,1,0,1,0,0,1,1,1,0,0,1,0,1,1,0,0,1,1,0,0,0,0,1,1,0,0,0,1,0,0,1,0,1,0,1,0,1,0,0,1,0,0,1,0,1,0,0,1,0,1,0,0,0,0,1,1,1,1,1,1,0,0,0,0,1,0,1,1,0,0,1,1,1,1,1,1,1,1,1,1,0,0,1,0,1,1,1,1,0,0,0,1,1,0,1,1,1,1,1,0,1,1,1,0,1,1,1,1,0,0,0,0,1,0,0,0,1,0,1,1,1,0,1,0,1,0,0,1,0,1,1,0,1,0,1,1,1,0,1,1,1,0,1,1,0,1,0,1,1,0,0,1,1,1,1,1,1,1,0,0,0,0,1,1,1,1,1,1,1,0,1,1,0,1,0,1,1,0,1,1
0,1,1,1,0,1,1,1,0,0,1,1,1,1,1,0,0,1,1,0,0,1,1,1,0,0,1,0,1,1,1,0,0,1,0,1,1,1,1,1,0,1,0,1,0,0,0,1,1,0,0,1,0,1,1,0,0,1,1,0,0,0,0,1,1,0,0,0,1,0,0,1,0,1,0,1,0,1,0,0,1,0,0,1,0,1,0,0,1,0,1,0,0,0,0,1,1,1,0,1,0,0,0,0,0,1,0,1,1,0,0,1,1,1,1,1,1,1,1,0,1,0,0,1,0,1,1,1,1,0,0,0,1,1,0,1,1,0,1,1,0,1,0,1,0,1,1,1,1,0,0,0,0,1,0,0,0,1,0,1,1,1,0,1,0,1,0,0,1,0,1,1,0,1,0,1,1,1,0,1,1,1,0,1,1,0,1,0,1,1,0,0,1,1,1,1,1,1,1,0,0,0,0,1,1,1,1,1,1,1,0,1,1,0,1,0,1,1,0,1,1
0,1,1,1,0,1,1,1,0,0,1,1,1,1,1,0,0,1,1,0,0,1,1,1,0,0,1,0,1,1,1,0,0,1,0,1,1,1,1,1,0,1,0,1,0,0,0,1,1,0,0,1,0,1,1,0,0,1,1,0,0,0,0,1,1,0,0,0,1,0,0,1,0,1,0,1,0,1,0,0,1,0,0,1,0,1,0,0,1,0,1,0,0,0,0,1,1,1,0,1,0,0,0,0,0,1,0,1,1,0,0,1,1,1,1,1,1,1,1,0,1,0,0,1,0,1,1,1,1,0,0,0,1,1,0,1,1,0,1,1,0,1,0,1,0,1,1,1,1,0,0,0,0,1,0,0,0,1,0,1,1,1,0,1,0,1,0,0,1,0,1,1,0,1,0,1,1,1,0,1,1,1,0,1,1,0,1,0,1,1,0,1,1,1,1,1,1,1,1,0,0,1,1,1,1,1,1,1,1,1,0,1,1,0,1,0,1,1,0,1,1
0,1,1,1,0,1,1,1,0,0,1,1,1,1,1,0,0,1,1,0,0,1,1,1,0,0,1,0,1,1,1,0,0,1,0,1,1,1,1,1,0,1,0,1,0,0,0,1,1,0,0,1,0,1,1,0,0,1,1,0,0,0,0,1,1,0,0,0,1,0,0,1,0,1,0,1,0,1,0,0,1,0,0,1,0,1,0,0,1,0,1,0,0,0,0,1,1,1,0,1,0,0,0,0,0,1,0,1,1,0,0,1,1,1,1,1,1,1,1,0,1,0,0,1,0,1,1,1,1,0,0,0,1,1,0,1,1,0,1,1,0,1,0,1,0,1,1,1,1,0,0,0,0,1,0,0,0,1,0,1,1,1,0,1,0,1,0,0,1,0,1,1,0,1,0,1,1,1,0,1,1,1,0,1,1,0,1,0,1,1,0,0,1,1,1,1,1,1,1,0,0,0,0,1,1,1,1,1,1,1,0,1,1,0,1,0,1,1,0,1,1
0,1,1,1,0,1,1,1,0,1,1,1,1,1,1,0,0,1,1,0,0,1,1,1,0,0,1,0,1,1,1,0,1,1,0,1,1,1,1,1,1,1,0,1,0,0,1,1,1,0,0,1,0,1,1,0,0,1,1,0,0,0,0,1,1,0,0,0,1,0,0,1,0,1,0,1,0,1,0,0,1,0,0,1,0,1,0,0,1,0,1,0,0,0,0,1,1,1,1,1,1,0,0,0,0,1,0,1,1,0,0,1,1,1,1,1,1,1,1,1,1,0,0,1,0,1,1,1,1,0,0,0,1,1,0,1,1,1,1,1,0,1,1,1,0,1,1,1,1,0,0,0,0,1,0,0,0,1,0,1,1,1,0,1,0,1,0,0,1,0,1,1,0,1,0,1,1,1,0,1,1,1,0,1,1,0,1,0,1,1,0,0,1,1,1,1,1,1,1,0,0,0,0,1,1,1,1,1,1,1,0,1,1,0,1,0,1,1,0,1,1
1,1,0,1,0,0,0,0,0,0,0,0,0,0,0,1,1,1,0,1,1,0,0,0,0,1,1,1,0,0,0,0,0,0,0,1,0,0,0,0,0,1,0,0,0,1,0,1,0,1,1,1,0,1,0,0,0,0,0,0,0,1,1,0,0,1,1,1,0,0,1,0,0,0,1,0,0,0,0,1,0,1,1,1,0,0,0,1,1,1,0,1,0,0,1,0,1,0,0,1,0,1,0,1,1,0,1,0,0,1,1,1,0,0,0,1,1,0,1,0,0,1,0,0,0,0,0,0,0,0,1,1,0,0,0,1,0,0,0,0,0,0,0,1,0,0,0,1,0,0,0,0,0,0,0,0,0,0,0,0,1,0,0,1,0,0,0,0,0,0,0,0,0,0,0,0,1,1,0,0,1,0,0,0,0,0,0,0,0,0,0,0,0,0,0,1,0,0,0,0,0,0,0,0,0,1,1,0,0,0,0,0,0,0,0,0,0,0,0,0,0
1,1,0,1,0,0,0,0,0,0,0,0,0,0,0,1,1,1,0,1,1,0,0,0,0,1,1,1,0,0,0,0,0,0,0,1,0,0,0,0,0,1,0,0,0,1,0,1,0,1,1,1,0,1,0,0,0,0,0,0,0,1,1,0,0,1,1,1,0,0,1,0,0,0,1,0,0,0,0,1,0,1,1,1,0,0,0,1,1,1,0,1,0,0,1,0,1,0,0,1,0,1,0,1,1,0,1,0,0,1,1,1,0,0,0,1,1,0,1,0,0,1,0,0,0,0,0,0,0,0,1,1,0,0,0,1,0,0,0,0,0,0,0,1,0,0,0,1,0,0,0,0,0,0,0,0,0,0,0,0,1,0,0,1,0,0,0,0,0,0,0,0,0,0,0,0,1,1,0,0,1,0,0,0,0,0,0,0,0,0,0,0,0,0,0,1,0,0,0,0,0,0,0,0,0,1,1,0,0,0,0,0,0,0,0,0,0,0,0,0,0
1,1,0,1,0,0,0,0,0,0,0,0,0,0,0,1,1,1,0,1,1,0,0,0,0,1,1,1,0,0,0,0,0,0,0,1,0,0,0,0,0,1,0,0,0,1,0,1,0,1,1,1,0,1,0,0,0,0,0,0,0,1,1,0,0,1,1,1,0,0,1,0,0,0,1,0,0,0,0,1,0,1,1,1,0,0,0,1,1,1,0,1,0,0,1,0,1,0,0,1,0,1,0,1,1,0,1,0,0,1,1,1,0,0,0,1,1,0,1,0,0,1,0,0,0,0,0,0,0,0,1,1,0,0,0,1,0,0,0,0,0,0,0,1,0,0,0,1,0,0,0,0,0,0,0,0,0,0,0,0,1,0,0,1,0,0,0,0,0,0,0,0,0,0,0,0,1,1,0,0,1,0,0,0,0,0,0,0,0,0,0,0,0,0,0,1,0,0,0,0,0,0,0,0,0,1,1,0,0,0,0,0,0,0,0,0,0,0,0,0,0
1,1,0,1,0,0,0,0,0,0,0,0,0,0,0,1,1,1,0,1,1,0,0,0,0,1,1,1,0,0,0,0,0,0,0,1,0,0,0,0,0,1,0,0,0,1,0,1,0,1,1,1,0,1,0,0,0,0,0,0,0,1,1,0,0,1,1,1,0,0,1,0,0,0,1,0,0,0,0,1,0,1,1,1,0,0,0,1,1,1,0,1,0,0,1,0,1,0,0,1,0,1,0,1,1,0,1,0,0,1,1,1,0,0,0,1,1,0,1,0,0,1,0,0,0,0,0,0,0,0,1,1,0,0,0,1,0,0,0,0,0,0,0,1,0,0,0,1,0,0,0,0,0,0,0,0,0,0,0,0,1,0,0,1,0,0,0,0,0,0,0,0,0,0,0,0,1,1,0,0,1,0,0,0,0,0,0,0,0,0,0,0,0,0,0,0,0,0,0,0,0,0,0,0,0,1,1,0,0,0,0,0,0,0,0,0,0,0,0,0,0
1,1,0,1,0,0,0,0,0,0,0,0,0,0,0,1,1,1,0,1,1,1,0,1,0,1,1,1,0,0,0,0,0,0,0,1,0,0,0,0,0,1,0,0,0,1,0,1,0,1,1,1,0,1,0,0,0,0,0,0,0,1,1,0,0,1,1,1,0,0,1,0,0,0,1,0,0,0,0,1,0,1,1,1,0,0,0,1,1,1,0,1,0,0,1,0,1,0,0,1,0,1,0,1,1,0,1,0,0,1,1,1,0,0,0,1,1,0,1,0,0,1,0,0,0,0,0,0,0,0,1,1,0,0,0,1,0,0,0,0,0,0,0,1,0,0,0,1,0,0,0,0,0,0,0,0,0,0,0,0,1,0,0,1,0,0,0,0,0,0,0,0,0,0,0,0,1,1,0,0,1,0,0,0,0,0,0,0,0,0,0,0,0,0,0,0,0,0,0,0,0,0,0,0,0,1,1,0,0,0,0,0,0,0,0,0,0,0,0,0,0
1,1,0,1,0,0,0,0,0,0,0,0,0,0,0,1,1,1,0,1,1,0,0,0,0,1,1,1,0,0,0,0,0,0,0,1,0,0,0,0,0,1,0,0,0,1,0,1,0,1,1,1,0,1,0,0,0,0,0,0,0,1,1,0,0,1,1,1,0,0,1,0,0,0,1,0,0,0,0,1,0,1,1,1,0,0,0,1,1,1,0,1,0,0,1,0,1,0,0,1,0,1,0,1,1,0,1,0,0,1,1,1,0,0,0,1,1,0,1,0,0,1,0,0,0,0,0,0,0,0,1,1,0,0,0,1,0,0,0,0,0,0,0,1,0,0,0,1,0,0,0,0,0,0,0,0,0,0,0,0,1,0,0,1,0,0,0,0,0,0,0,0,0,0,0,0,1,1,0,0,1,0,0,0,0,0,0,0,0,0,0,0,0,0,0,1,0,0,0,0,0,0,0,0,0,1,1,0,0,0,0,0,0,0,0,0,0,0,0,0,0
1,1,0,1,0,0,0,0,0,0,0,0,0,0,0,1,1,1,0,1,1,0,0,0,0,1,1,1,0,0,0,0,0,0,0,1,0,0,0,0,0,1,0,0,0,1,0,1,0,1,1,1,0,1,0,0,0,0,0,0,0,1,1,0,0,1,1,1,0,0,1,0,0,0,1,0,0,0,0,1,0,1,1,1,0,0,0,1,1,1,0,1,0,0,1,0,1,0,0,1,0,1,0,1,1,0,1,0,0,1,1,1,0,0,0,1,1,0,1,0,0,1,0,0,0,0,0,0,0,0,1,1,0,0,0,1,0,0,0,0,0,0,0,1,0,0,0,1,0,0,0,0,0,0,0,0,0,0,0,0,1,0,0,1,0,0,0,0,0,0,0,0,0,0,0,0,1,1,0,0,1,0,0,0,0,0,0,0,0,0,0,0,0,0,0,0,0,0,0,0,0,0,0,0,0,1,1,0,0,0,0,0,0,0,0,0,0,0,0,0,0
1,1,0,1,0,0,0,0,0,0,0,0,0,0,0,1,1,1,0,1,1,0,0,0,0,1,1,1,0,0,0,0,0,0,0,1,0,0,0,0,0,1,0,0,0,1,0,1,0,1,1,1,0,1,0,0,0,0,0,0,0,1,1,0,0,1,1,1,0,0,1,0,0,0,1,0,0,0,0,1,0,1,1,1,0,0,0,1,1,1,0,1,0,0,1,0,1,0,0,1,0,1,0,1,1,0,1,0,0,1,1,1,0,0,0,1,1,0,1,0,0,1,0,0,0,0,0,0,0,0,1,1,0,0,0,1,0,0,0,0,0,0,0,1,0,0,0,1,0,0,0,0,0,0,0,0,0,0,0,0,1,0,0,1,0,0,0,0,0,0,0,0,0,0,0,0,1,1,0,0,1,0,0,0,0,0,0,0,0,0,0,0,0,0,0,1,0,0,0,0,0,0,0,0,0,1,1,0,0,0,0,0,0,0,0,0,0,0,0,0,0
1,1,0,1,0,0,0,0,0,0,0,0,0,0,0,1,1,1,0,1,1,1,0,0,0,1,1,1,1,0,0,0,0,0,0,1,0,0,0,0,0,1,0,0,0,1,0,1,0,1,1,1,0,1,0,0,0,0,0,0,0,1,1,0,0,1,1,1,0,0,1,0,0,0,1,0,0,0,0,1,0,1,1,1,0,0,0,1,1,1,0,1,0,0,1,0,1,0,0,1,0,1,0,1,1,0,1,0,0,1,1,1,0,0,0,1,1,0,1,0,0,1,0,0,0,0,0,0,0,0,1,1,0,0,0,1,0,0,0,0,0,0,0,1,0,0,0,1,0,0,0,0,0,0,0,0,0,0,0,0,1,0,0,1,0,0,0,0,0,0,0,0,0,0,0,0,1,1,0,0,1,0,0,0,0,0,0,0,0,0,0,0,0,0,0,0,0,0,0,0,0,0,0,0,0,1,1,0,0,0,0,0,0,1,0,0,0,0,0,0,0
1,1,0,1,0,0,0,0,0,0,0,0,0,0,0,1,1,1,0,1,1,1,0,0,0,1,1,1,1,0,0,0,0,0,0,1,0,0,0,0,0,1,0,0,0,1,0,1,0,1,1,1,0,1,0,0,0,0,0,0,0,1,1,0,0,1,1,1,0,0,1,0,0,0,1,0,0,0,0,1,0,1,1,1,0,0,0,1,1,1,0,1,0,0,1,0,1,0,0,1,0,1,0,1,1,0,1,0,0,1,1,1,0,0,0,1,1,0,1,0,0,1,0,0,0,0,0,0,0,0,1,1,0,0,0,1,0,0,0,0,0,0,0,1,0,0,0,1,0,0,0,0,0,0,0,0,0,0,0,0,1,0,0,1,0,0,0,0,0,0,0,0,0,0,0,0,1,1,0,0,1,0,0,0,0,0,0,0,0,0,0,0,0,0,0,0,1,0,0,0,0,0,0,0,0,1,1,0,0,0,0,0,0,0,0,1,0,0,0,0,0
1,1,0,1,0,0,0,0,0,0,0,0,0,0,0,1,1,1,0,1,1,0,0,0,0,1,1,1,0,0,0,0,0,0,0,1,0,0,0,0,0,1,0,0,0,1,0,1,0,1,1,1,0,1,0,0,0,0,0,0,0,1,1,0,0,1,1,1,0,0,1,0,0,0,1,0,0,0,0,1,0,1,1,1,0,0,0,1,1,1,0,1,0,0,1,0,1,0,0,1,0,1,0,1,1,0,1,0,0,1,1,1,0,0,0,1,1,0,1,0,0,1,0,0,0,0,0,0,0,0,1,1,0,0,0,1,0,0,0,0,0,0,0,1,0,0,0,1,0,0,0,0,0,0,0,0,0,0,0,0,1,0,0,1,0,0,0,0,0,0,0,0,0,0,0,0,1,1,0,0,1,0,0,0,0,0,0,0,0,0,0,0,0,0,0,0,0,0,0,0,0,0,0,0,0,1,1,0,0,0,0,0,0,0,0,0,0,0,0,0,0
1,1,0,1,0,0,0,0,0,0,0,0,0,0,0,1,1,1,0,1,1,0,0,0,0,1,1,1,0,0,0,0,0,0,0,1,0,0,0,0,0,1,0,0,0,1,0,1,0,1,1,1,0,1,0,0,0,0,0,0,0,1,1,0,0,1,1,1,0,0,1,0,0,0,1,0,0,0,0,1,0,1,1,1,0,0,0,1,1,1,0,1,0,0,1,0,1,0,0,1,0,1,0,1,1,0,1,0,0,1,1,1,0,0,0,1,1,0,1,0,0,1,0,0,0,0,0,0,0,0,1,1,0,0,0,1,0,0,0,0,0,0,0,1,0,0,0,1,0,0,0,0,0,0,0,0,0,0,0,0,1,0,0,1,0,0,0,0,0,0,0,0,0,0,0,0,1,1,0,0,1,0,0,0,0,0,0,0,0,0,0,0,0,0,0,0,0,0,0,0,0,0,0,0,0,1,1,0,0,0,0,0,0,0,0,0,0,0,0,0,0
1,1,0,1,0,0,0,0,0,0,0,0,0,0,0,1,1,1,0,1,1,0,0,0,0,1,1,1,0,0,0,0,0,0,0,1,0,0,0,0,0,1,0,0,0,1,0,1,0,1,1,1,0,1,0,0,0,0,0,0,0,1,1,0,0,1,1,1,0,0,1,0,0,0,1,0,0,0,0,1,0,1,1,1,0,0,0,1,1,1,0,1,0,0,1,0,1,0,0,1,0,1,0,1,1,0,1,0,0,1,1,1,0,0,0,1,1,0,1,0,0,1,0,0,0,0,0,0,0,0,1,1,0,0,0,1,0,0,0,0,0,0,0,1,0,0,0,1,0,0,0,0,0,0,0,0,0,0,0,0,1,0,0,1,0,0,0,0,0,0,0,0,0,0,0,0,1,1,0,0,1,0,0,0,0,0,0,0,0,0,0,0,0,0,0,0,0,0,0,0,0,0,0,0,0,1,1,0,0,0,0,0,0,0,0,0,0,0,0,0,0
0,1,0,1,0,1,0,0,0,0,0,0,0,0,0,1,1,1,0,1,1,0,0,0,0,1,1,1,0,0,1,0,0,0,0,1,0,0,0,0,0,1,0,0,0,1,0,1,1,1,1,1,0,1,0,0,0,0,0,0,0,1,1,0,0,1,1,1,1,0,1,0,0,0,1,0,0,0,0,1,0,1,1,1,0,0,0,1,1,1,0,1,0,0,1,0,1,0,0,1,0,1,0,1,1,0,1,0,0,1,1,1,0,0,0,1,1,0,1,0,0,1,0,0,0,0,0,0,0,0,1,1,0,0,0,1,0,0,0,0,0,0,0,1,0,0,0,1,0,0,0,0,0,0,0,0,0,0,0,0,1,0,0,1,0,0,0,0,0,0,0,0,0,0,0,0,1,1,0,0,1,0,0,0,0,0,0,0,0,0,0,0,0,0,0,0,0,0,0,0,0,0,0,0,0,1,1,0,0,0,0,0,0,0,0,0,0,0,0,0,0
1,1,0,1,0,0,0,0,0,0,0,0,0,0,0,1,1,1,0,1,1,1,0,0,0,1,1,1,1,0,0,0,0,0,0,1,0,0,0,0,0,1,0,0,0,1,0,1,0,1,1,1,0,1,0,0,0,0,0,0,0,1,1,0,0,1,1,1,0,0,1,0,0,0,1,0,0,0,0,1,0,1,1,1,0,0,0,1,1,1,0,1,0,0,1,0,1,0,0,1,0,1,0,1,1,0,1,0,0,1,1,1,0,0,0,1,1,0,1,0,0,1,0,0,0,0,0,0,0,0,1,1,0,0,0,1,0,0,0,0,0,0,0,1,0,0,0,1,0,0,0,0,0,0,0,0,0,0,0,0,1,0,0,1,0,0,0,0,0,0,0,0,0,0,0,0,1,1,0,0,1,0,0,0,0,0,0,0,0,0,0,0,0,0,0,1,0,0,0,0,0,0,0,0,0,1,1,0,0,1,0,0,0,0,0,0,0,1,0,0,0
1,1,0,1,0,0,0,0,0,0,0,0,0,0,0,1,1,1,0,1,1,0,0,0,0,1,1,1,0,0,0,0,0,0,0,1,0,0,0,0,0,1,0,0,0,1,0,1,0,1,1,1,0,1,0,0,0,0,0,0,0,1,1,0,0,1,1,1,0,0,1,0,0,0,1,0,0,0,0,1,0,1,1,1,0,0,0,1,1,1,0,1,0,0,1,0,1,0,0,1,0,1,0,1,1,0,1,0,0,1,1,1,0,0,0,1,1,0,1,0,0,1,0,0,0,0,0,0,0,0,1,1,0,0,0,1,0,0,1,0,0,0,0,1,0,0,0,1,0,0,0,0,0,0,0,0,0,0,0,0,1,0,0,1,0,0,0,0,0,0,0,0,0,0,0,0,1,1,0,0,1,0,0,0,0,0,0,0,0,0,0,0,0,0,0,0,0,0,0,0,0,0,0,0,0,1,1,0,0,0,0,0,0,0,0,0,0,0,0,0,0
0,1,0,1,0,0,0,0,0,0,0,0,0,0,0,1,1,1,0,1,1,0,0,0,0,1,1,1,0,0,0,0,0,0,0,1,0,0,0,0,0,1,0,0,0,1,0,1,0,1,1,1,0,1,0,0,0,0,0,0,0,1,1,0,0,1,1,1,0,0,1,0,0,0,1,0,0,0,0,1,0,1,1,1,0,0,0,1,1,1,0,1,0,0,1,0,1,0,0,1,0,1,0,1,1,0,1,0,0,1,1,1,0,0,0,1,1,0,1,0,0,1,0,0,0,0,1,0,0,0,1,1,0,0,0,1,0,0,0,0,0,0,0,1,0,0,0,1,1,0,0,0,0,0,0,0,0,0,0,0,1,0,0,1,0,0,0,0,0,0,0,0,0,0,0,0,1,1,0,0,1,0,0,0,0,0,0,0,0,0,0,0,0,0,0,0,0,0,0,0,0,0,0,0,0,1,1,0,0,0,0,0,0,0,0,0,0,0,0,0,0
1,1,0,1,0,1,0,0,0,0,0,0,0,0,0,1,1,1,0,1,1,0,0,0,0,1,1,1,0,0,1,0,0,0,0,1,0,0,0,0,0,1,1,1,0,1,0,1,1,1,1,1,0,1,0,0,0,0,0,0,0,1,1,0,0,1,1,1,1,0,1,0,0,0,1,0,0,0,0,1,0,1,1,1,0,0,0,1,1,1,0,1,0,0,1,0,1,0,0,1,0,1,0,1,1,0,1,0,0,1,1,1,0,0,0,1,1,0,1,0,0,1,0,0,1,0,0,0,0,0,1,1,0,0,0,1,0,0,0,0,0,0,0,1,0,0,0,1,0,0,1,1,0,0,0,0,0,0,0,0,1,0,0,1,0,0,0,0,0,0,0,0,0,0,0,0,1,1,1,0,1,0,0,0,0,0,0,0,0,0,0,0,0,0,0,0,0,0,0,0,0,0,0,0,0,1,1,0,0,0,0,0,0,0,0,0,0,0,0,0,0
0,1,0,1,0,0,0,0,0,0,0,0,0,0,0,1,1,1,0,1,1,0,0,0,0,1,1,1,0,0,0,0,0,0,0,1,0,0,0,0,0,1,0,0,0,1,0,1,0,1,1,1,1,1,0,0,0,0,0,0,0,1,1,0,0,1,1,1,0,0,1,0,0,0,1,0,0,0,0,1,0,1,1,1,0,0,0,1,1,1,0,1,0,0,1,0,1,0,0,1,0,1,0,1,1,0,1,0,0,1,1,1,0,0,0,1,1,0,1,0,0,1,1,0,0,0,0,0,0,0,1,1,0,0,0,1,0,0,0,0,0,0,0,1,0,0,0,1,0,0,0,0,0,0,0,0,0,0,0,0,1,0,0,1,1,0,0,0,0,0,0,0,0,0,1,0,1,1,0,0,1,0,0,0,0,1,0,0,0,0,0,0,0,0,0,0,0,0,0,0,0,0,0,0,0,1,1,0,0,0,0,0,0,0,0,0,0,0,0,0,0
0,0,0,1,1,1,1,0,0,0,0,0,0,0,0,1,1,1,0,1,1,0,0,0,0,1,1,1,0,0,1,0,0,0,1,0,0,0,0,0,0,1,0,0,0,1,0,1,1,1,1,0,0,1,0,0,0,0,0,0,0,1,1,0,0,1,1,1,1,0,1,0,0,0,1,0,0,0,0,1,0,1,1,1,0,0,0,1,1,1,0,1,0,0,1,0,1,0,0,1,0,1,0,1,1,0,1,0,0,1,1,1,0,0,0,1,1,0,1,0,0,1,0,0,0,0,0,0,0,0,1,1,0,0,0,1,0,0,0,0,0,0,0,1,0,0,0,1,0,0,0,0,0,0,0,0,0,0,0,0,1,0,0,1,0,0,0,0,0,0,0,0,0,0,0,0,1,1,0,0,1,0,0,0,0,0,0,0,0,0,0,0,0,0,0,0,0,0,0,0,0,0,0,0,0,0,0,0,0,0,0,0,0,0,0,0,0,0,0,0,0
1,1,0,1,0,0,0,0,0,0,0,0,0,0,0,1,1,1,0,1,1,0,0,0,0,1,1,1,0,0,0,0,0,0,0,1,0,0,0,0,0,1,0,0,0,1,0,1,0,1,1,1,0,1,0,0,0,0,0,0,0,1,1,0,0,1,1,1,0,0,1,0,0,0,1,0,0,0,0,1,0,1,1,1,0,0,0,1,1,1,0,1,0,0,1,0,1,0,0,1,0,1,0,1,1,0,1,0,0,1,1,1,0,0,0,1,1,0,1,0,0,1,0,0,0,0,0,0,0,0,1,1,0,0,0,1,0,0,0,0,0,0,0,1,0,0,0,1,0,0,0,0,0,0,0,0,0,0,0,0,1,0,0,1,0,0,0,0,0,0,0,0,0,0,0,0,1,1,0,0,1,0,0,0,0,0,0,0,0,0,0,0,0,0,0,0,0,0,0,0,0,0,0,0,0,1,1,0,0,0,0,0,0,0,0,0,0,0,0,0,0
0,0,0,1,1,1,1,0,0,0,0,0,0,0,0,1,1,1,0,1,1,0,0,0,0,1,1,1,0,0,0,0,0,0,1,0,0,0,0,0,0,1,0,0,0,1,0,1,0,1,1,0,0,1,0,0,0,0,0,0,0,1,1,0,0,1,1,1,0,0,1,0,0,0,1,0,0,0,0,1,0,1,1,1,0,0,0,1,1,1,0,1,0,0,1,0,1,0,0,1,0,1,0,1,1,0,1,0,0,1,1,1,0,0,0,1,1,0,1,0,0,1,0,0,0,0,0,0,0,0,1,1,0,0,0,1,0,0,1,0,0,0,0,1,0,0,0,1,0,0,0,0,0,0,0,0,0,0,0,0,1,0,0,1,0,0,0,0,0,0,0,0,0,0,0,0,1,1,0,0,1,0,0,0,0,0,0,0,0,0,0,0,0,0,0,0,0,0,0,0,0,0,0,0,0,0,0,0,0,0,0,0,0,0,0,0,0,0,0,0,0
0,1,0,1,0,0,0,0,1,0,0,0,0,0,0,1,1,1,1,0,0,1,0,0,0,0,1,0,0,0,0,1,0,0,0,0,0,1,1,0,0,1,0,0,0,0,0,1,0,0,0,1,0,1,1,0,0,0,0,0,0,0,1,0,0,0,0,0,0,0,0,0,0,0,0,1,0,0,0,0,0,0,0,1,0,0,0,0,1,0,0,0,0,0,0,0,1,0,0,1,0,0,0,0,0,0,0,0,0,0,0,1,0,0,0,1,1,0,1,0,0,0,0,0,0,0,1,0,0,0,0,1,0,0,0,1,0,0,0,0,0,0,0,1,0,0,0,1,1,0,0,0,0,0,0,0,0,0,0,0,1,0,0,1,0,0,0,0,0,0,0,0,0,0,0,0,1,1,0,0,1,0,0,0,0,0,0,0,0,0,0,0,0,0,0,0,0,0,0,0,0,0,0,0,0,0,0,0,0,0,0,0,0,0,0,0,0,0,0,0,0
0,0,0,1,1,1,1,0,0,0,0,0,0,0,0,1,1,1,0,1,1,0,0,0,0,1,1,1,0,0,0,0,0,0,1,0,0,0,0,0,0,1,0,0,0,1,0,1,0,1,1,0,1,1,0,0,0,0,0,0,0,1,1,0,0,1,1,1,0,0,1,0,0,0,1,0,0,0,0,1,0,1,1,1,0,0,0,1,1,1,0,1,0,0,1,0,1,0,0,1,0,1,0,1,1,0,1,0,0,1,1,1,0,0,0,1,1,0,1,0,0,1,1,0,0,0,0,0,0,0,1,1,0,0,0,1,0,0,0,0,0,0,0,1,0,0,0,1,0,0,0,0,0,0,0,0,0,0,0,0,1,0,0,1,1,0,0,0,0,0,0,0,0,0,1,0,1,1,0,0,1,0,0,0,0,1,0,0,0,0,0,0,0,0,0,0,0,0,0,0,0,0,0,0,0,0,0,0,0,0,0,0,0,0,0,0,0,0,0,0,0
0,0,0,1,1,1,1,0,0,0,0,0,0,0,0,1,1,1,0,1,1,0,0,0,0,1,1,1,0,0,1,0,0,1,1,0,0,0,0,0,0,1,0,1,0,1,0,1,0,1,1,0,0,1,0,0,0,0,0,0,0,1,1,0,1,1,1,1,0,0,1,1,0,0,1,0,0,1,0,1,1,1,1,1,0,1,0,1,1,1,0,1,0,0,1,1,1,0,0,1,0,1,0,1,1,0,1,1,0,1,1,1,0,0,0,1,1,0,1,0,1,1,0,0,0,0,0,0,0,0,1,1,1,0,0,1,0,0,1,0,0,1,0,1,0,0,0,1,0,0,0,0,0,0,0,0,0,1,0,0,1,0,0,1,0,0,0,0,0,0,0,0,0,0,0,0,1,1,0,0,1,0,0,1,1,0,0,0,0,0,0,0,0,0,0,0,0,0,0,0,0,0,0,0,0,0,0,0,0,0,0,0,0,0,0,0,0,0,0,0,0
0,1,0,1,1,1,1,0,0,0,0,0,0,0,0,1,1,1,0,1,1,0,0,0,0,1,1,1,0,0,1,0,0,1,1,0,0,0,0,0,0,1,0,1,0,1,0,1,0,1,1,0,0,1,0,0,0,0,0,0,0,1,1,0,1,1,1,1,0,0,1,1,0,0,1,0,0,1,0,1,1,1,1,1,0,1,0,1,1,1,0,1,0,0,1,1,1,0,0,1,0,1,0,1,1,0,1,1,0,1,1,1,0,0,0,1,1,0,1,0,1,1,0,0,0,0,0,0,0,0,1,1,1,0,0,1,0,0,0,0,0,1,0,1,0,0,0,1,0,0,0,0,0,0,0,0,0,1,0,0,1,0,0,1,0,0,0,0,0,0,0,0,0,0,0,0,1,1,0,0,1,0,0,1,1,0,0,0,0,0,0,0,0,0,0,0,0,0,0,0,0,0,0,0,0,0,0,0,0,0,0,0,0,0,0,0,0,0,0,0,0
0,1,0,1,0,1,1,0,0,0,0,0,0,0,0,1,1,1,0,1,1,0,0,0,0,1,1,1,0,0,1,0,0,0,1,0,0,0,0,1,0,1,0,1,0,1,0,1,0,1,1,1,0,1,0,0,0,0,0,0,0,1,1,0,0,1,1,1,0,0,1,1,0,1,1,0,0,0,0,1,1,1,1,1,0,0,0,1,1,1,0,1,0,0,1,1,1,0,0,1,0,1,0,1,1,0,1,1,0,1,1,1,0,0,0,1,1,0,1,0,1,1,0,0,0,0,0,0,0,0,1,1,1,0,0,1,0,0,1,0,0,1,0,1,0,0,0,1,0,0,0,0,0,0,0,0,0,1,0,0,1,0,0,1,0,0,0,0,0,0,0,0,0,0,0,0,1,1,0,0,1,0,0,1,1,0,0,0,0,0,0,0,0,0,0,0,0,0,0,0,0,0,0,0,0,0,0,0,0,0,0,0,0,0,0,0,0,0,0,0,0
0,0,0,1,1,1,1,0,0,0,0,0,0,0,0,1,1,1,0,1,1,0,0,0,0,1,1,1,0,0,0,0,0,1,1,0,0,0,0,0,0,1,0,0,0,1,0,1,0,1,1,0,1,1,0,0,0,0,0,0,0,1,1,0,1,1,1,1,0,0,1,0,0,0,1,0,1,0,0,1,0,1,1,1,1,0,0,1,1,1,0,1,0,0,1,0,1,0,0,1,0,1,0,1,1,0,1,0,0,1,1,1,0,0,0,1,1,0,1,0,0,1,0,0,0,0,0,0,0,0,1,1,0,0,0,1,0,0,1,0,0,0,0,1,0,0,0,1,0,0,0,0,0,0,0,0,0,0,0,0,1,0,0,1,0,0,0,0,0,0,0,0,0,0,0,0,1,1,0,0,1,0,0,0,0,0,0,0,0,0,0,0,0,0,0,0,0,0,0,0,0,0,0,0,0,0,0,0,0,0,0,0,0,0,0,0,0,0,0,0,0
0,1,0,1,0,1,0,0,0,0,0,0,0,0,0,1,1,1,0,1,1,1,0,0,0,1,1,1,1,0,0,0,0,0,1,0,0,0,0,0,0,1,0,0,0,1,0,1,0,1,1,0,0,1,0,0,0,0,0,1,0,1,1,0,0,1,1,1,0,0,1,0,0,0,1,0,0,0,0,1,0,1,1,1,0,0,0,1,1,1,0,1,0,0,1,0,1,0,0,1,0,1,0,1,1,0,1,0,0,1,1,1,0,0,0,1,1,0,1,0,0,1,0,0,0,0,0,0,0,0,1,1,0,0,0,1,0,0,1,0,0,0,0,1,0,0,0,1,0,0,0,0,0,0,0,0,0,0,0,0,1,0,0,1,0,0,0,0,0,0,0,0,0,0,0,0,1,1,0,0,1,0,0,0,0,0,0,0,0,0,0,0,0,0,0,1,1,0,0,0,0,0,0,0,0,0,1,0,0,0,0,0,0,0,0,0,0,0,0,0,0
1,1,1,1,0,1,1,1,0,0,1,1,0,1,1,0,0,1,0,0,0,1,0,0,0,0,0,0,0,0,1,0,0,1,1,1,1,1,1,1,0,1,1,1,0,0,0,1,1,0,0,1,0,0,0,0,0,0,0,0,0,0,1,1,1,0,0,0,1,1,0,1,0,0,0,0,0,1,0,0,1,0,0,0,0,1,0,0,1,0,0,0,0,0,0,1,0,0,0,0,0,0,0,0,0,1,0,1,0,0,0,1,0,0,0,0,0,0,1,0,1,0,0,0,0,0,0,1,0,0,0,0,1,0,0,0,0,0,0,1,0,1,0,0,0,0,0,1,0,0,1,0,1,1,0,0,0,1,0,0,1,0,0,1,0,1,1,1,1,0,1,1,1,0,0,0,1,0,0,0,0,1,0,1,1,0,1,1,1,1,0,0,1,0,0,1,1,1,1,0,0,0,0,1,0,1,1,0,0,0,0,0,0,1,0,1,0,1,0,0,0
1,1,1,1,0,1,1,1,0,0,1,1,0,1,1,0,0,1,1,0,0,1,0,0,0,0,0,0,0,0,1,0,0,1,1,1,1,1,1,1,0,1,1,1,0,0,0,1,1,0,0,1,0,0,0,0,1,0,0,0,0,0,1,1,1,0,0,0,1,1,0,1,0,0,0,0,0,1,1,0,1,0,0,0,0,1,1,0,1,0,0,0,0,0,0,1,0,0,0,0,0,0,0,0,0,1,0,1,0,0,0,1,0,0,0,0,0,0,1,0,1,0,0,0,1,1,0,0,0,0,0,0,1,0,0,0,0,0,0,0,0,1,0,0,0,0,0,1,0,0,1,1,1,0,0,0,0,1,0,0,1,0,0,1,0,1,1,1,1,0,1,1,1,0,0,0,1,0,1,1,0,0,0,1,1,0,1,1,1,1,1,1,1,0,0,1,1,1,1,1,1,1,1,1,0,1,1,0,0,0,0,0,0,1,1,1,1,1,1,1,1
1,1,0,1,0,1,0,0,0,0,1,1,0,0,0,0,0,1,0,0,0,0,0,0,0,0,0,0,0,0,1,0,0,0,1,1,1,1,1,1,0,1,1,1,0,0,0,1,1,0,0,1,0,0,0,0,0,0,0,0,0,0,1,0,0,0,0,0,0,1,0,0,0,0,0,0,0,0,0,0,0,0,0,0,0,0,0,0,0,0,0,0,0,0,0,0,0,0,0,0,0,0,0,0,0,0,0,0,0,0,0,1,0,0,0,0,0,0,0,0,0,0,0,0,0,0,0,0,0,0,0,0,0,0,0,0,0,0,0,0,0,0,0,0,0,0,0,0,0,0,0,0,1,0,0,0,0,0,0,0,0,0,0,0,0,1,1,0,0,0,0,0,0,0,0,0,0,0,0,0,0,0,0,0,0,0,1,0,0,1,0,0,0,0,0,1,1,1,1,0,0,0,0,0,0,1,1,0,0,0,0,0,0,1,0,1,0,1,0,1,0
1,1,0,1,0,1,0,0,0,0,1,1,0,0,0,0,0,1,0,0,0,0,0,0,0,0,0,0,0,0,1,0,0,0,1,1,1,1,1,1,0,1,1,1,0,0,0,1,1,0,0,1,0,0,0,0,0,0,0,0,0,0,1,0,0,0,0,0,0,1,0,0,0,0,0,0,0,0,0,0,0,0,0,0,0,0,0,0,0,0,0,0,0,0,0,0,0,0,0,0,0,0,0,0,0,0,0,0,0,0,0,1,0,0,0,0,0,0,0,0,0,0,0,0,0,0,0,0,0,0,0,0,0,0,0,0,0,0,0,0,0,0,0,0,0,0,0,0,0,0,0,0,1,0,0,0,0,0,0,0,0,0,0,0,0,1,1,0,0,0,0,0,0,0,0,0,0,0,0,0,0,0,0,0,0,0,1,0,0,1,0,0,0,0,0,1,1,1,1,0,0,0,0,0,0,1,1,0,0,0,0,0,0,1,0,1,0,1,0,1,0
1,1,0,1,0,1,1,0,0,0,1,1,0,0,0,0,0,1,1,0,0,1,0,0,0,0,0,0,0,0,1,0,0,0,1,1,1,1,1,1,0,1,1,1,0,0,0,1,1,0,0,1,0,0,0,0,0,0,0,0,0,0,1,0,0,0,0,0,0,1,0,0,0,0,0,0,0,0,0,0,0,0,0,0,0,0,0,0,0,0,0,0,0,0,0,0,0,0,0,0,0,0,0,0,0,0,0,0,0,0,0,1,0,0,0,0,0,0,0,0,0,0,0,0,1,0,0,0,0,0,0,0,0,0,0,0,0,0,0,0,0,0,0,0,0,0,0,0,0,0,0,0,1,0,0,0,0,0,0,0,0,0,0,0,0,1,1,0,0,0,0,0,0,0,0,0,0,0,1,0,0,0,0,0,0,0,1,0,0,1,0,0,0,0,0,1,1,1,1,0,0,0,0,0,0,1,1,0,0,0,0,0,0,1,1,1,1,1,0,1,0
1,1,1,1,0,1,1,1,0,0,1,1,0,1,1,0,0,1,0,0,0,1,0,0,0,0,0,0,0,0,1,0,0,1,1,1,1,1,1,1,0,1,1,1,0,0,0,1,1,0,0,1,0,0,0,0,1,0,0,0,0,0,1,1,1,0,0,0,1,1,0,1,0,0,0,0,0,1,1,0,1,0,0,0,0,1,1,0,1,0,0,0,0,0,0,1,0,0,0,0,0,0,0,0,0,1,0,1,0,0,0,1,0,0,0,0,0,0,1,0,1,0,0,0,0,0,0,1,0,0,0,0,1,0,0,0,0,0,0,0,0,1,0,0,0,0,0,1,0,0,1,0,1,1,0,0,0,1,0,0,1,0,0,1,0,1,1,1,1,0,1,1,1,0,0,0,1,0,0,0,0,0,1,1,1,0,1,1,1,1,0,0,1,0,0,1,1,1,1,0,0,0,0,1,0,1,1,0,0,0,0,0,0,1,0,1,0,1,0,0,0
1,1,1,1,0,1,1,1,0,0,1,1,0,0,0,0,0,1,0,0,0,1,0,0,0,0,0,0,0,0,1,0,0,1,1,1,1,1,1,1,0,1,1,1,0,0,0,1,1,0,0,1,0,0,0,0,1,0,0,0,0,0,1,1,1,0,0,0,1,1,0,1,0,0,0,0,0,1,1,0,1,0,0,0,0,1,1,0,1,0,0,0,0,0,0,1,0,0,0,0,0,0,0,0,0,1,0,1,0,0,0,1,0,0,0,0,0,0,1,0,1,0,0,0,0,0,0,1,0,0,0,0,1,0,0,0,0,0,0,0,0,1,0,0,0,0,0,1,0,0,1,0,1,1,0,0,0,1,0,0,1,0,0,1,0,1,1,0,1,0,1,1,1,0,0,0,1,0,0,0,0,0,1,1,1,0,1,1,1,1,0,0,1,0,0,1,1,1,1,0,0,0,0,1,0,1,1,0,0,0,0,0,0,1,0,1,0,1,0,0,0
1,1,0,1,0,0,0,0,0,0,1,1,0,0,0,0,0,1,0,0,0,0,0,0,0,0,0,0,0,0,0,0,0,0,0,1,1,1,1,0,0,1,0,0,0,0,0,1,0,0,0,1,0,0,0,0,0,0,0,0,0,0,1,0,0,0,0,0,0,0,0,0,0,0,0,0,0,0,0,0,0,0,0,0,0,0,0,0,0,0,0,0,0,0,0,0,0,0,0,0,0,0,0,0,0,0,0,0,0,0,0,1,0,0,0,0,0,0,0,0,0,0,0,0,0,0,0,0,0,0,0,0,0,0,0,0,0,0,0,0,0,0,0,0,0,0,0,0,0,0,0,0,0,0,0,0,0,0,0,0,0,0,0,0,0,0,0,0,0,0,0,0,0,0,0,0,0,0,0,0,0,0,0,0,0,0,0,0,0,0,0,0,0,0,0,1,1,0,0,0,0,0,0,0,0,1,1,0,0,0,0,0,0,1,0,1,0,1,0,1,0
1,1,0,1,0,1,0,0,0,0,1,1,0,0,0,0,0,1,0,0,0,0,0,0,0,0,0,0,0,0,1,0,0,1,1,1,1,1,1,1,0,1,1,1,0,0,0,1,1,0,0,1,0,0,0,0,0,0,0,0,0,0,1,1,1,0,0,0,0,1,0,0,0,0,0,0,0,0,0,0,0,0,0,0,0,0,0,0,0,0,0,0,0,0,0,0,0,0,0,0,0,0,0,0,0,1,0,0,0,0,0,1,0,0,0,0,0,0,0,0,0,0,0,0,0,0,0,0,0,0,0,0,0,0,0,0,0,0,0,0,0,0,0,0,0,0,0,0,0,0,0,0,1,0,0,0,0,0,0,0,0,0,0,0,0,1,1,0,0,0,1,0,0,0,0,0,0,0,0,0,0,0,0,0,0,0,1,0,0,1,0,0,0,0,0,1,1,1,1,0,0,0,0,0,0,1,1,0,0,0,0,0,0,1,0,1,0,1,0,1,0
1,1,0,0,0,1,0,0,0,0,1,1,0,0,0,0,0,1,1,0,0,1,1,0,0,0,0,0,0,0,1,0,0,0,0,1,1,1,1,1,0,1,0,1,0,0,0,1,0,0,0,1,0,0,0,0,0,0,0,0,0,0,1,0,0,0,0,0,0,0,0,1,0,1,0,0,0,0,0,0,1,0,0,0,0,0,0,0,0,0,0,0,0,0,0,0,0,0,0,0,0,0,0,0,0,0,0,1,0,0,0,1,0,0,0,0,0,0,0,0,1,0,0,0,0,0,0,0,0,0,0,0,1,0,0,0,0,0,0,0,0,0,0,0,0,0,0,0,0,0,0,0,0,0,0,0,0,0,0,0,0,0,0,0,0,0,0,0,0,0,0,0,0,0,0,0,0,0,0,0,0,0,0,1,1,0,0,0,1,0,0,0,1,0,0,1,1,0,0,0,0,0,0,1,0,1,1,0,0,0,0,0,0,1,0,1,0,1,0,1,0
0,1,0,0,0,1,1,0,0,0,0,0,0,0,0,1,1,1,1,0,1,1,0,1,0,0,1,0,0,0,1,0,0,0,0,0,1,0,0,1,0,1,1,1,0,0,0,1,1,0,0,0,0,0,0,0,0,1,1,0,0,0,1,0,0,0,0,0,1,0,0,1,0,1,0,0,0,0,0,0,1,0,0,0,0,0,0,0,1,0,1,0,0,0,0,1,0,1,0,0,0,0,0,0,0,0,0,1,0,0,0,1,1,1,1,0,0,1,1,0,1,0,0,1,0,1,0,1,1,0,0,0,1,0,0,0,1,0,0,1,0,1,0,0,0,1,1,1,0,0,1,0,0,1,1,0,0,1,0,1,1,1,1,1,0,1,0,0,1,0,0,0,0,1,0,1,1,0,0,1,0,1,0,1,1,0,1,0,1,1,0,0,1,1,0,1,1,1,1,0,0,0,0,1,1,0,0,1,1,0,0,0,1,0,1,0,1,0,0,0,1
0,1,0,1,0,1,0,0,0,0,1,0,1,1,0,1,1,1,1,0,0,1,1,1,0,0,1,0,1,0,1,0,0,1,0,0,1,0,1,1,0,1,0,1,0,0,0,1,0,0,0,0,1,1,1,0,0,0,0,0,0,0,1,1,1,0,0,0,0,0,0,1,0,1,0,1,0,0,0,0,1,0,0,1,0,0,0,0,1,0,0,0,0,0,0,1,1,0,0,1,0,0,0,0,0,1,0,1,0,0,0,1,0,0,0,1,1,0,1,0,1,0,1,0,0,0,1,0,0,0,0,0,1,0,0,1,0,0,0,0,0,1,0,1,0,0,0,1,1,0,0,0,0,0,0,0,0,1,0,0,1,0,0,1,1,0,0,0,0,0,1,0,0,0,1,0,1,1,0,0,1,0,0,1,1,1,0,0,1,0,0,0,1,0,1,1,1,0,0,0,0,0,0,1,0,0,0,0,0,0,0,0,0,0,0,0,0,0,0,0,0
1,1,0,1,0,1,0,0,0,0,0,0,0,0,0,1,1,1,1,0,0,1,0,0,0,0,1,0,0,0,1,0,0,1,0,0,1,0,0,1,0,1,0,1,0,0,0,1,0,0,0,0,0,0,0,0,0,0,0,0,0,0,1,1,1,0,0,0,0,0,0,1,0,1,0,0,0,0,0,0,1,0,0,0,0,0,0,0,1,0,0,0,0,0,0,1,0,0,0,0,0,0,0,0,0,1,0,1,0,0,0,1,0,0,0,0,0,0,1,0,1,0,0,0,0,0,0,0,0,0,0,0,1,0,0,0,0,0,0,0,0,1,0,0,0,0,0,1,0,0,0,0,0,0,0,0,0,1,0,0,1,0,0,1,0,0,0,0,0,0,1,0,0,0,0,0,1,0,0,0,0,0,0,1,1,0,0,0,1,0,0,0,1,0,1,1,1,0,0,0,0,0,0,1,0,0,1,0,0,1,0,0,0,1,0,1,0,1,0,0,0
1,1,0,1,0,1,0,0,0,0,0,0,0,0,0,1,1,1,1,0,0,1,0,0,0,0,1,0,0,0,1,0,0,1,0,0,1,0,0,1,0,1,0,1,0,0,0,1,0,0,0,0,0,0,0,0,0,0,0,0,0,0,1,1,1,0,0,0,0,0,0,1,0,1,0,0,0,0,0,0,1,0,0,0,0,0,0,0,1,0,0,0,0,0,0,1,0,0,0,0,0,0,0,0,0,1,0,1,0,0,0,1,0,0,0,0,0,0,1,0,1,0,0,0,0,0,0,0,0,0,0,0,1,0,0,0,0,0,0,0,0,1,0,0,0,0,0,1,0,0,0,0,0,0,0,0,0,1,0,0,1,0,0,1,0,0,0,0,0,0,1,0,0,0,0,0,1,0,0,0,0,0,0,1,1,0,0,0,1,0,0,0,1,0,0,1,1,0,0,0,0,0,0,1,0,0,1,0,0,1,0,0,0,1,0,1,0,1,0,0,0
0,1,0,1,0,1,1,0,0,0,0,0,0,0,0,1,1,1,1,0,0,1,0,0,0,0,1,0,0,0,1,0,0,1,0,0,1,0,0,1,0,1,1,1,0,0,0,1,1,0,0,0,0,0,0,0,0,1,1,0,0,0,1,1,1,0,0,0,1,0,0,1,0,1,0,0,0,0,0,0,1,0,0,0,0,0,0,0,1,0,1,0,0,0,0,1,0,1,0,0,0,0,0,0,0,1,0,1,0,0,0,1,1,1,0,0,0,1,1,0,1,0,0,1,1,0,0,1,1,0,0,0,1,0,0,0,1,0,0,1,0,1,0,0,0,1,1,1,0,0,1,1,0,1,1,0,0,1,0,1,1,0,1,1,0,1,1,0,1,0,1,0,0,1,0,1,1,0,1,0,0,1,0,1,1,0,1,0,1,1,0,0,1,1,1,1,1,1,0,0,0,0,0,1,1,0,0,1,0,0,1,0,0,0,1,1,0,0,1,0,0
0,1,0,1,0,1,1,0,0,0,1,0,1,1,0,1,1,1,1,1,1,1,0,1,0,0,1,0,0,0,1,0,0,0,0,0,1,0,1,1,0,1,0,1,0,0,0,1,0,0,0,0,0,1,1,0,0,0,0,0,0,0,1,0,0,0,0,0,0,0,0,1,0,1,0,1,0,1,0,0,1,0,0,1,0,1,0,0,1,0,0,0,0,0,0,1,1,0,0,0,0,0,0,0,0,0,0,1,0,0,0,1,0,0,0,1,0,0,1,0,1,0,0,0,0,0,0,0,0,0,0,0,1,0,0,1,0,0,0,0,0,1,0,1,0,0,0,1,0,0,0,0,0,0,0,0,0,1,0,0,1,0,0,1,0,0,0,0,0,0,0,1,1,0,0,0,1,1,0,0,1,0,0,1,1,0,0,0,1,0,0,0,1,0,1,1,1,0,0,0,0,0,0,1,0,0,0,0,0,0,0,1,0,0,0,1,0,0,0,1,0
0,1,0,1,0,1,1,0,0,0,1,0,1,1,0,1,1,1,1,1,1,1,0,1,0,0,1,0,0,0,1,0,0,0,0,0,1,0,1,1,0,1,0,1,0,0,0,1,0,0,0,0,0,1,1,0,0,0,0,0,0,0,1,0,0,0,0,0,0,0,0,1,0,1,0,1,0,1,0,0,1,0,0,1,0,1,0,0,1,0,0,0,0,0,0,1,1,0,0,0,0,0,0,0,0,0,0,1,0,0,0,1,0,0,0,1,0,0,1,0,1,0,0,0,0,0,0,0,0,0,0,0,1,0,0,1,0,0,0,0,0,1,0,1,0,0,0,1,0,0,0,0,0,0,0,0,0,1,0,0,1,0,0,1,0,0,0,0,0,0,0,1,1,0,0,0,1,1,0,0,1,0,0,1,1,0,0,0,1,0,0,0,1,0,1,1,1,0,0,0,0,0,0,1,0,0,0,0,0,0,0,1,0,0,0,1,0,0,0,1,0
0,1,0,1,0,1,1,0,0,0,1,0,1,1,0,1,1,1,1,1,1,1,0,1,0,1,1,0,1,0,1,0,0,0,0,0,1,0,1,1,0,1,0,1,1,1,0,1,0,1,1,0,0,1,1,0,0,0,0,1,1,1,1,0,0,1,1,1,0,0,1,1,1,1,1,1,0,1,0,1,1,1,1,1,0,1,0,1,1,1,0,1,0,0,1,1,1,0,0,1,0,1,0,1,1,0,1,1,0,1,1,1,0,0,0,1,1,0,1,0,1,1,0,0,0,0,0,0,0,0,1,1,1,0,0,1,0,0,0,0,0,1,0,1,0,0,0,1,0,0,0,0,0,0,0,0,0,1,0,0,1,0,0,1,0,0,0,0,0,0,0,1,1,0,0,0,1,1,0,0,1,0,0,1,1,0,0,0,1,0,0,0,1,0,1,1,1,0,0,0,0,0,0,1,0,0,0,0,0,0,0,1,0,0,0,1,0,0,0,1,0
0,1,0,1,0,1,1,0,0,0,1,0,1,1,0,1,1,1,1,1,1,1,0,1,0,1,1,0,1,0,1,0,0,0,0,0,1,0,1,1,0,1,0,1,1,1,0,1,0,1,1,0,0,1,1,0,0,0,0,1,1,1,1,0,0,1,1,1,0,0,1,1,1,1,1,1,0,1,0,1,1,1,1,1,0,1,0,1,1,1,0,1,0,0,1,1,1,0,0,1,0,1,0,1,1,0,1,1,0,1,1,1,0,0,0,1,1,0,1,0,1,1,0,0,0,0,0,0,0,0,1,1,1,0,0,1,0,0,0,0,0,1,0,1,0,0,0,1,0,0,0,0,0,0,0,0,0,1,0,0,1,0,0,1,0,0,0,0,0,0,0,1,1,0,0,0,1,1,0,0,1,0,0,1,1,0,0,0,1,0,0,0,1,0,1,1,1,0,0,0,0,0,0,1,0,0,0,0,0,0,0,1,0,0,0,1,0,0,0,1,0
0,1,0,1,0,1,1,0,0,1,1,0,1,1,0,1,1,1,1,1,1,1,0,1,0,1,1,0,1,0,1,0,1,0,0,0,1,0,1,1,1,1,0,1,1,1,1,1,0,1,1,0,0,1,1,0,0,0,0,1,1,1,1,0,0,1,1,1,0,0,1,1,1,1,1,1,0,1,0,1,1,1,1,1,0,1,0,1,1,1,0,1,0,0,1,1,1,0,1,1,1,1,0,1,1,0,1,1,0,1,1,1,0,0,0,1,1,0,1,1,1,1,0,0,0,0,0,0,0,0,1,1,1,0,0,1,0,1,0,0,0,1,1,1,0,0,0,1,0,0,0,0,0,0,0,0,0,1,0,0,1,0,0,1,0,0,0,0,0,0,0,1,1,0,0,0,1,1,0,0,1,0,0,1,1,0,0,0,1,0,0,0,1,0,1,1,1,0,0,0,0,0,0,1,0,0,0,0,0,0,0,1,0,0,0,1,0,0,0,1,0
0,1,0,1,0,1,1,0,0,1,1,0,1,1,0,1,1,1,1,1,1,1,0,1,0,1,1,0,1,0,1,0,1,0,0,0,1,0,1,1,1,1,0,1,1,1,1,1,0,1,1,0,0,1,1,0,0,0,0,1,1,1,1,0,0,1,1,1,0,0,1,1,1,1,1,1,0,1,0,1,1,1,1,1,0,1,0,1,1,1,0,1,0,0,1,1,1,0,1,1,1,1,0,1,1,0,1,1,0,1,1,1,0,0,0,1,1,0,1,1,1,1,0,0,0,0,0,0,0,0,1,1,1,0,0,1,0,1,0,0,0,1,1,1,0,0,0,1,0,0,0,0,0,0,0,0,0,1,0,0,1,0,0,1,0,0,0,0,0,0,0,1,1,0,0,0,1,1,0,0,1,0,0,1,1,0,0,0,1,0,0,0,1,0,1,1,1,0,0,0,0,0,0,1,0,0,0,0,0,0,0,1,0,0,0,1,0,0,0,1,0
0,1,0,1,0,1,1,0,0,1,1,0,1,1,0,1,1,1,1,1,1,1,0,1,0,1,1,0,1,0,1,0,1,0,0,0,1,0,1,1,1,1,0,1,1,1,1,1,0,1,1,0,0,1,1,0,0,0,0,1,1,1,1,0,0,1,1,1,0,0,1,1,1,1,1,1,0,1,0,1,1,1,1,1,0,1,0,1,1,1,0,1,0,0,1,1,1,0,1,1,1,1,0,1,1,0,1,1,0,1,1,1,0,0,0,1,1,0,1,1,1,1,0,0,0,0,0,0,0,0,1,1,1,0,0,1,0,1,0,0,0,1,1,1,0,0,0,1,0,0,0,0,0,0,0,0,0,1,0,0,1,0,0,1,0,0,0,0,0,0,0,1,1,0,0,0,1,1,0,0,1,0,0,1,1,0,0,0,1,0,0,0,1,0,1,1,1,0,0,0,0,0,0,1,0,0,0,0,0,0,0,1,0,0,0,1,0,0,0,1,0
0,1,0,1,0,1,1,0,0,0,1,0,1,1,0,1,1,1,1,1,1,1,0,1,0,1,1,0,1,0,1,0,0,0,0,0,1,0,1,1,0,1,0,1,1,1,0,1,1,1,1,1,0,1,1,0,0,1,1,1,1,1,1,0,0,1,1,1,1,0,1,1,1,1,1,1,0,1,0,1,1,1,1,1,0,1,0,1,1,1,1,1,0,0,1,1,1,1,0,1,0,1,0,1,1,0,1,1,0,1,1,1,1,1,0,1,1,1,1,0,1,1,0,1,0,0,0,1,1,0,1,1,1,0,0,1,1,0,0,1,0,1,0,1,0,1,1,1,0,0,0,0,0,1,0,0,0,1,0,1,1,0,0,1,0,1,1,0,1,0,0,1,1,1,0,1,1,1,0,0,1,1,0,1,1,0,1,0,1,1,0,0,1,0,1,1,1,1,0,0,0,0,0,1,0,0,0,0,0,0,1,1,0,0,0,1,0,0,1,1,0
0,1,0,1,0,1,1,0,0,0,1,0,1,1,0,1,1,1,1,1,1,1,0,1,0,1,1,0,1,0,1,0,0,0,0,0,1,0,1,1,0,1,0,1,1,1,0,1,1,1,1,1,0,1,1,0,0,1,1,1,1,1,1,0,0,1,1,1,1,0,1,1,1,1,1,1,0,1,0,1,1,1,1,1,0,1,0,1,1,1,1,1,0,0,1,1,1,1,0,1,0,1,0,1,1,0,1,1,0,1,1,1,1,1,0,1,1,1,1,0,1,1,0,1,0,0,0,1,1,0,1,1,1,0,0,1,1,0,0,1,0,1,0,1,0,1,1,1,0,0,0,0,0,1,0,0,0,1,0,1,1,0,0,1,0,1,0,0,1,0,0,1,1,1,0,1,1,1,0,0,1,1,0,1,1,0,1,1,1,1,0,0,1,0,1,1,1,0,1,0,0,0,0,1,0,0,0,0,1,0,0,1,0,0,0,1,1,0,0,1,0
0,1,0,1,0,1,1,0,0,0,1,0,1,1,0,1,1,1,1,1,1,1,0,1,0,1,1,0,1,0,1,0,0,0,0,0,1,0,1,1,0,1,0,1,1,1,0,1,1,1,1,1,0,1,1,0,0,1,1,1,1,1,1,0,0,1,1,1,1,0,1,1,1,1,1,1,0,1,0,1,1,1,1,1,0,1,0,1,1,1,1,1,0,0,1,1,1,1,0,1,0,1,0,1,1,0,1,1,0,1,1,1,1,1,0,1,1,1,1,0,1,1,0,1,0,0,0,1,1,0,1,1,1,0,0,1,1,0,0,1,0,1,0,1,0,1,1,1,0,0,0,0,0,1,0,0,0,1,0,1,1,0,0,1,0,1,0,0,1,0,0,1,1,1,0,1,1,1,0,0,1,1,0,1,1,0,1,0,1,1,0,1,1,0,1,1,1,0,0,0,0,1,0,1,0,0,0,1,0,0,0,1,0,0,1,1,0,0,0,1,0
0,1,0,1,0,1,1,0,0,0,1,0,1,1,0,1,1,1,1,1,1,1,0,1,0,1,1,0,1,0,1,0,0,0,1,0,1,0,1,1,0,1,0,1,1,1,0,1,0,1,1,0,0,1,1,0,0,1,1,1,1,1,1,0,0,1,1,1,0,1,1,1,1,1,1,1,0,1,0,1,1,1,1,1,0,1,0,1,1,1,0,1,0,0,1,1,1,1,0,1,0,1,0,1,1,0,1,1,0,1,1,1,1,1,0,1,1,1,1,0,1,1,0,0,0,0,0,1,1,0,1,1,1,0,0,1,0,0,0,0,0,1,0,1,0,0,1,1,0,0,0,0,1,1,0,0,0,1,0,0,1,0,0,1,0,1,1,0,1,0,0,1,1,1,0,1,1,1,0,0,1,0,1,1,1,0,1,0,1,1,0,0,1,0,1,1,1,1,0,0,0,0,0,1,0,0,0,0,0,0,1,1,0,0,0,1,0,0,1,1,0
0,1,0,1,0,1,1,0,0,0,1,0,1,1,0,1,1,1,1,1,1,1,0,1,0,1,1,0,1,0,1,0,0,0,1,0,1,0,1,1,0,1,0,1,1,1,0,1,0,1,1,0,0,1,1,0,0,1,1,1,1,1,1,0,0,1,1,1,0,1,1,1,1,1,1,1,0,1,0,1,1,1,1,1,0,1,0,1,1,1,0,1,0,0,1,1,1,1,0,1,0,1,0,1,1,0,1,1,0,1,1,1,1,1,0,1,1,1,1,0,1,1,0,0,0,0,0,1,1,0,1,1,1,0,0,1,0,0,0,0,0,1,0,1,0,0,1,1,0,0,0,0,1,1,0,0,0,1,0,0,1,0,0,1,0,1,0,0,1,0,0,1,1,1,0,1,1,1,0,0,1,0,1,1,1,0,1,1,1,1,0,0,1,0,1,1,1,0,1,0,0,0,0,1,0,0,0,0,1,0,0,1,0,0,0,1,1,0,0,1,0
0,1,0,1,0,1,1,1,0,0,1,0,1,1,0,1,1,1,1,1,1,1,0,1,0,1,1,0,1,0,1,0,0,0,0,0,1,0,1,1,0,1,0,1,1,1,0,1,0,1,1,0,0,1,1,0,0,0,0,1,1,1,1,0,0,1,1,1,0,0,1,1,1,1,1,1,0,1,0,1,1,1,1,1,0,1,0,1,1,1,0,1,0,0,1,1,1,0,0,1,0,1,0,1,1,0,1,1,0,1,1,1,0,0,0,1,1,0,1,0,1,1,0,0,0,0,0,0,0,0,1,1,1,0,0,1,0,0,1,0,0,1,0,1,0,0,0,1,0,0,0,0,0,0,0,0,0,1,0,0,1,0,0,1,0,0,0,0,0,0,0,1,1,0,0,0,1,1,0,0,1,0,0,1,1,0,0,0,1,0,0,0,1,0,1,1,1,0,0,0,0,0,0,1,0,0,0,0,0,0,0,1,0,0,0,1,0,0,0,1,0
0,1,0,1,0,1,1,1,0,0,1,0,1,1,0,1,1,1,1,1,1,1,0,1,0,1,1,0,1,0,1,0,0,0,0,0,1,0,1,1,0,1,0,1,1,1,0,1,0,1,1,0,0,1,1,0,0,0,0,1,1,1,1,0,0,1,1,1,0,0,1,1,1,1,1,1,0,1,0,1,1,1,1,1,0,1,0,1,1,1,0,1,0,0,1,1,1,0,0,1,0,1,0,1,1,0,1,1,0,1,1,1,0,0,0,1,1,0,1,0,1,1,0,0,0,0,0,0,0,0,1,1,1,0,0,1,0,0,0,0,0,1,0,1,0,0,0,1,0,0,0,0,0,0,0,0,0,1,0,0,1,0,0,1,0,0,0,0,0,0,0,1,1,0,0,0,1,1,0,0,1,0,0,1,1,0,0,0,1,0,0,0,1,0,1,1,1,0,0,0,0,0,0,1,0,0,0,0,0,0,0,1,0,0,0,1,0,0,0,1,0
1,1,0,1,0,1,1,0,0,0,0,0,0,0,0,1,1,1,1,1,1,1,0,1,1,0,1,0,0,0,1,0,0,0,0,0,1,0,1,1,0,1,0,1,0,0,0,1,0,0,0,0,0,1,1,0,0,0,0,0,0,0,1,0,0,0,0,0,0,0,0,1,0,1,0,1,0,1,0,0,1,0,0,1,0,1,0,0,1,0,0,0,0,0,0,1,1,0,0,0,0,0,0,0,0,0,0,1,0,0,0,1,0,0,0,1,0,0,1,0,1,0,0,0,0,0,0,0,0,0,0,0,1,0,0,1,0,0,0,0,0,1,0,1,0,0,0,1,0,0,0,0,0,0,0,0,0,1,0,0,1,0,0,1,0,0,0,0,0,0,0,1,1,0,0,0,1,1,0,0,1,0,0,1,1,0,0,0,1,0,0,0,1,0,1,1,1,0,0,0,0,0,0,1,0,0,0,0,0,0,0,1,0,0,0,1,0,0,0,1,0
1,1,0,1,0,1,1,0,0,0,1,0,1,1,0,1,1,1,1,0,0,1,0,0,0,0,1,0,0,0,1,0,0,0,0,0,1,0,1,1,0,1,0,1,0,0,0,1,0,0,0,0,0,1,1,0,0,0,0,0,0,0,1,0,0,0,0,0,0,0,0,1,0,1,0,1,0,1,0,0,1,0,0,1,0,1,0,0,1,0,0,0,0,0,0,1,1,0,0,0,0,0,0,0,0,0,0,1,0,0,0,1,0,0,0,1,0,0,1,0,1,0,0,0,0,0,0,0,0,0,0,0,1,0,0,1,0,0,0,0,0,1,0,1,0,0,0,1,0,0,0,0,0,0,0,0,0,1,0,0,1,0,0,1,0,0,0,0,0,0,0,1,1,0,0,0,1,1,0,0,1,0,0,1,1,0,0,0,1,0,0,0,1,0,1,1,1,0,0,0,0,0,0,1,0,0,0,0,0,0,0,1,0,0,0,1,0,0,0,1,0
0,1,0,1,0,1,1,0,0,0,1,0,1,1,1,1,1,1,1,0,0,1,0,0,0,1,1,0,1,0,1,0,0,0,0,0,1,0,1,1,0,1,0,1,1,1,0,1,0,0,0,1,0,1,1,0,0,1,1,1,0,1,1,0,0,0,0,0,0,0,1,1,1,1,0,1,0,1,0,1,1,0,0,1,0,1,0,0,1,0,0,0,0,0,0,1,1,1,0,1,0,0,0,0,1,0,1,1,0,1,1,1,1,1,0,1,1,1,1,0,1,1,0,0,0,0,0,1,1,0,1,0,1,1,0,1,0,0,0,0,0,1,0,1,0,0,1,1,0,0,0,0,0,1,0,0,0,1,0,0,1,0,0,1,0,1,1,0,1,0,0,1,1,1,0,1,1,1,0,0,1,0,0,1,1,0,1,0,1,1,0,1,1,0,1,1,1,1,0,0,0,1,1,1,0,0,0,1,0,0,1,1,0,0,1,1,0,0,1,1,0
0,1,0,1,0,1,1,0,1,0,1,0,1,1,0,1,1,1,1,0,0,1,0,0,0,1,1,0,1,0,1,1,0,1,0,0,1,0,1,1,0,1,0,1,1,1,0,1,0,0,0,1,0,1,1,0,0,1,1,1,0,1,1,0,1,0,0,0,0,0,1,1,1,1,0,1,0,0,0,1,1,0,0,1,0,0,0,0,1,0,0,0,0,0,0,1,0,1,0,1,0,0,0,0,1,0,1,1,0,1,1,1,1,1,0,1,1,1,1,0,1,1,0,0,0,0,0,1,1,0,1,0,1,1,0,0,0,0,0,0,0,1,0,1,0,0,1,1,0,0,0,0,0,1,0,0,0,1,0,0,1,0,0,1,0,1,1,0,1,0,1,0,0,1,0,1,1,0,0,0,1,0,0,1,1,0,1,0,1,1,0,1,1,0,1,1,1,1,0,0,0,0,1,1,0,0,0,0,0,0,1,0,0,0,0,0,0,0,1,0,0
1,1,0,1,0,1,0,0,0,0,1,0,1,1,0,1,1,1,1,0,0,1,1,1,0,1,1,0,1,0,1,0,0,0,0,0,1,0,1,1,0,1,0,1,1,1,0,1,0,0,0,0,0,1,0,0,0,1,1,1,0,1,1,0,0,0,0,0,0,0,1,1,1,1,0,1,0,0,0,1,1,0,0,1,0,0,0,0,1,0,0,0,0,0,0,1,0,1,0,0,0,0,0,0,1,0,1,1,0,1,1,1,1,1,0,1,0,1,1,0,1,1,0,0,0,0,0,1,1,0,1,0,1,1,0,0,0,0,0,0,0,1,0,1,0,0,1,1,0,0,0,0,0,1,0,0,0,1,0,0,1,0,0,1,0,1,1,0,1,0,0,0,0,1,0,1,1,0,0,0,1,0,0,1,1,0,1,0,1,1,0,0,1,0,0,1,1,1,1,0,0,0,0,1,0,0,1,0,1,0,1,0,0,1,0,0,1,0,1,0,0
0,1,0,1,0,1,1,0,0,0,1,0,1,1,0,1,1,1,1,1,1,1,0,1,0,1,1,0,1,0,1,0,0,0,0,0,1,0,1,1,0,1,0,1,1,1,0,1,0,1,1,0,0,1,1,0,0,0,0,1,1,1,1,0,0,1,1,1,0,0,1,1,1,1,1,1,0,1,0,1,1,1,1,1,0,1,0,1,1,1,0,1,0,0,1,1,1,0,0,1,0,1,0,1,1,0,1,1,0,1,1,1,0,0,0,1,1,0,1,0,1,1,0,0,0,0,0,0,0,0,1,1,1,0,0,1,0,0,0,0,0,1,0,1,0,0,0,1,0,0,0,0,0,0,0,0,0,1,0,0,1,0,0,1,0,0,0,0,0,0,0,1,1,0,0,0,1,1,0,0,1,0,0,1,1,0,0,0,1,0,0,0,1,0,1,1,1,0,0,0,0,0,0,1,0,0,0,0,0,0,0,1,0,0,0,1,0,0,0,1,0
0,1,0,1,0,1,1,0,0,0,1,0,1,1,0,1,1,1,1,1,1,1,0,1,0,1,1,0,1,0,1,0,0,0,1,0,1,0,1,1,0,1,0,1,1,1,0,1,0,1,1,0,0,1,1,0,0,1,1,1,1,1,1,0,0,1,1,1,0,1,1,1,1,1,1,1,0,1,0,1,1,1,1,1,0,1,0,1,1,1,0,1,0,0,1,1,1,1,0,1,0,1,0,1,1,0,1,1,0,1,1,1,1,1,0,1,1,1,1,0,1,1,0,0,0,0,0,1,1,0,1,1,1,0,0,1,0,0,0,0,0,1,0,1,0,0,1,1,0,0,0,0,1,1,0,0,0,1,0,0,1,0,0,1,0,1,0,0,1,0,0,1,1,1,0,1,1,1,0,0,1,0,1,1,1,0,1,0,1,1,0,1,1,0,1,1,1,0,0,0,0,1,0,1,0,0,0,1,0,0,0,1,0,0,1,1,0,0,0,1,0
0,1,0,1,0,1,1,1,0,0,1,0,1,1,0,1,1,1,1,1,1,1,0,1,0,1,1,0,1,0,1,0,0,0,0,0,1,0,1,1,0,1,0,1,1,1,0,1,0,1,1,0,0,1,1,0,0,0,0,1,1,1,1,0,0,1,1,1,0,0,1,1,1,1,1,1,0,1,0,1,1,1,1,1,0,1,0,1,1,1,0,1,0,0,1,1,1,0,0,1,0,1,0,1,1,0,1,1,0,1,1,1,0,0,0,1,1,0,1,0,1,1,0,0,0,0,0,0,0,0,1,1,1,0,0,1,0,0,0,0,0,1,0,1,0,0,0,1,0,0,0,0,0,0,0,0,0,1,0,0,1,0,0,1,0,0,0,0,0,0,0,1,1,0,0,0,1,1,0,0,1,0,0,1,1,0,0,0,1,0,0,0,1,0,1,1,1,0,0,0,0,0,0,1,0,0,0,0,0,0,0,1,0,0,0,1,0,0,0,1,0
1,1,0,1,1,1,1,0,0,1,0,0,0,0,0,0,0,1,1,0,0,0,0,0,0,0,1,0,0,0,1,0,1,1,0,0,0,0,0,0,1,1,0,1,0,0,1,1,0,0,0,1,0,0,0,0,0,0,0,0,0,0,1,1,1,0,0,0,0,0,0,1,0,0,0,0,0,1,0,0,1,0,0,0,0,1,0,0,1,0,0,0,0,0,0,0,0,0,1,0,1,0,0,0,0,1,0,0,1,0,0,1,0,0,0,0,0,0,1,1,0,0,0,0,0,0,1,0,0,0,0,0,0,0,0,0,0,1,0,0,0,0,1,0,0,0,0,1,1,0,0,0,0,0,0,0,0,0,0,0,1,0,0,1,0,0,0,0,0,0,1,1,1,0,0,0,1,0,0,0,0,0,0,0,0,0,0,0,0,0,0,0,0,0,0,0,0,0,0,0,0,0,0,0,0,0,0,0,0,0,0,0,0,0,0,0,0,0,0,0,0
0,1,0,1,0,0,0,0,0,0,0,0,0,0,0,1,1,1,1,1,1,1,0,1,0,1,1,1,1,1,0,0,0,0,0,0,0,0,0,0,0,1,0,0,0,1,0,1,0,1,1,0,1,1,0,0,0,0,0,1,0,1,1,0,0,1,1,1,0,0,1,0,0,0,1,0,0,0,0,1,0,1,1,1,0,0,0,1,1,1,0,1,0,0,1,0,1,0,0,1,0,1,0,1,1,0,1,0,0,1,1,1,0,0,0,1,1,0,1,0,0,1,1,0,0,0,0,0,0,0,1,1,0,0,0,1,0,0,0,0,0,0,0,1,0,0,0,1,0,0,0,0,0,0,0,0,0,0,0,0,1,0,0,1,1,0,0,0,0,0,0,0,0,0,1,0,1,1,0,0,1,0,0,0,0,1,0,0,0,0,0,0,0,0,0,1,0,0,0,0,0,0,0,0,0,0,1,0,0,1,0,0,0,0,0,0,0,1,0,0,0
0,1,0,1,0,0,0,0,0,0,0,0,0,0,0,1,1,1,1,1,1,1,0,1,0,1,1,1,1,1,0,0,0,0,0,0,0,0,0,0,0,1,0,0,0,1,0,1,0,1,1,0,0,1,0,0,0,0,0,1,0,1,1,0,0,1,1,1,0,0,1,0,0,0,1,0,0,0,0,1,0,1,1,1,0,0,0,1,1,1,0,1,0,0,1,0,1,0,0,1,0,1,0,1,1,0,1,0,0,1,1,1,0,0,0,1,1,0,1,0,0,1,0,0,0,0,0,0,0,0,1,1,0,0,0,1,0,0,1,0,0,0,0,1,0,0,0,1,0,0,0,0,0,0,0,0,0,0,0,0,1,0,0,1,0,0,0,0,0,0,0,0,0,0,0,0,1,1,0,0,1,0,0,0,0,0,0,0,0,0,0,0,0,0,0,1,0,0,0,0,0,0,0,0,0,0,1,0,0,1,0,0,0,0,0,0,0,1,0,0,0
0,1,0,1,0,0,0,0,0,0,0,0,0,0,0,1,1,1,1,1,1,1,0,1,0,1,1,1,1,1,0,0,0,0,0,0,0,0,0,0,0,1,0,0,0,1,0,1,0,1,1,0,0,1,0,0,0,0,0,1,0,1,1,0,0,1,1,1,0,0,1,0,0,0,1,0,0,0,0,1,0,1,1,1,0,0,0,1,1,1,0,1,0,0,1,0,1,0,0,1,0,1,0,1,1,0,1,0,0,1,1,1,0,0,0,1,1,0,1,0,0,1,0,0,0,0,0,0,0,0,1,1,0,0,0,1,0,0,0,0,0,0,0,1,0,0,0,1,0,0,0,0,0,0,0,0,0,0,0,0,1,0,0,1,0,0,0,0,0,0,0,0,0,0,0,0,1,1,0,0,1,0,0,0,0,0,0,0,0,0,0,0,0,0,0,1,0,0,0,0,0,0,0,0,0,0,1,0,0,1,0,0,0,0,0,0,0,1,0,0,0
0,1,0,1,0,0,0,0,0,0,0,0,0,0,0,1,1,1,1,1,1,1,0,1,0,1,1,1,1,1,0,0,0,0,0,0,0,0,0,0,0,1,0,0,0,1,0,1,0,1,1,0,0,1,0,0,0,0,0,1,0,1,1,0,0,1,1,1,0,0,1,0,0,0,1,0,0,0,0,1,0,1,1,1,0,0,0,1,1,1,0,1,0,0,1,0,1,0,0,1,0,1,0,1,1,0,1,0,0,1,1,1,0,0,0,1,1,0,1,0,0,1,0,0,0,0,0,0,0,0,1,1,0,0,0,1,0,0,0,0,0,0,0,1,0,0,0,1,0,0,0,0,0,0,0,0,0,0,0,0,1,0,0,1,0,0,0,0,0,0,0,0,0,0,0,0,1,1,0,0,1,0,0,0,0,0,0,0,0,0,0,0,0,0,0,1,0,0,0,0,0,0,0,0,0,0,1,0,0,1,0,0,0,0,0,0,0,1,0,0,0
0,1,0,1,0,0,0,0,0,0,0,0,0,0,0,1,1,1,1,1,1,1,0,1,0,1,1,1,1,1,0,0,0,0,0,0,0,0,0,0,0,1,0,0,0,1,0,1,0,1,1,0,0,1,0,0,0,0,0,1,0,1,1,0,0,1,1,1,0,0,1,0,0,0,1,0,0,0,0,1,0,1,1,1,0,0,0,1,1,1,0,1,0,0,1,0,1,0,0,1,0,1,0,1,1,0,1,0,0,1,1,1,0,0,0,1,1,0,1,0,0,1,0,0,0,0,0,0,0,0,1,1,0,0,0,1,0,0,0,0,0,0,0,1,0,0,0,1,0,0,0,0,0,0,0,0,0,0,0,0,1,0,0,1,0,0,0,0,0,0,0,0,0,0,0,0,1,1,0,0,1,0,0,0,0,0,0,0,0,0,0,0,0,0,0,1,0,0,0,0,0,0,0,0,0,0,1,0,0,1,0,0,0,0,0,0,0,1,0,0,0
0,1,0,1,0,0,0,0,0,0,0,0,0,0,0,1,1,1,1,1,1,1,0,1,0,1,1,1,1,1,0,0,0,0,0,0,0,0,0,0,0,1,0,0,0,1,0,1,0,1,1,0,0,1,0,0,0,0,0,1,0,1,1,0,0,1,1,1,0,0,1,0,0,0,1,0,0,0,0,1,0,1,1,1,0,0,0,1,1,1,0,1,0,0,1,0,1,0,0,1,0,1,0,1,1,0,1,0,0,1,1,1,0,0,0,1,1,0,1,0,0,1,0,0,0,0,0,0,0,0,1,1,0,0,0,1,0,0,0,0,0,0,0,1,0,0,0,1,0,0,0,0,0,0,0,0,0,0,0,0,1,0,0,1,0,0,0,0,0,0,0,0,0,0,0,0,1,1,0,0,1,0,0,0,0,0,0,0,0,0,0,0,0,0,0,1,0,0,0,0,0,0,0,0,0,0,1,0,0,1,0,0,0,0,0,0,0,1,0,0,0
0,1,0,1,0,0,0,0,0,0,0,0,0,0,0,1,1,1,1,1,1,1,0,1,0,1,1,1,1,1,0,0,0,0,0,0,0,0,0,0,0,1,0,0,0,1,0,1,0,1,1,0,0,1,0,0,0,0,0,1,0,1,1,0,0,1,1,1,0,0,1,0,0,0,1,0,0,0,0,1,0,1,1,1,0,0,0,1,1,1,0,1,0,0,1,0,1,0,0,1,0,1,0,1,1,0,1,0,0,1,1,1,0,0,0,1,1,0,1,0,0,1,0,0,0,0,0,0,0,0,1,1,0,0,0,1,0,0,0,0,0,0,0,1,0,0,0,1,0,0,0,0,0,0,0,0,0,0,0,0,1,0,0,1,0,0,0,0,0,0,0,0,0,0,0,0,1,1,0,0,1,0,0,0,0,0,0,0,0,0,0,0,0,0,0,1,0,0,0,0,0,0,0,0,0,0,1,0,0,1,0,0,0,0,0,0,0,1,0,0,0
1,1,0,1,0,0,0,0,0,0,0,0,0,0,0,1,1,1,1,1,1,1,0,1,0,1,1,1,1,1,0,0,0,0,0,0,0,0,0,0,0,1,0,0,0,1,0,1,0,1,1,0,0,1,0,0,0,0,0,1,0,1,1,0,0,1,1,1,0,0,1,0,0,0,1,0,0,0,0,1,0,1,1,1,0,0,0,1,1,1,0,1,0,0,1,0,1,0,0,1,0,1,0,1,1,0,1,0,0,1,1,1,0,0,0,1,1,0,1,0,0,1,0,0,0,0,0,0,0,0,1,1,0,0,0,1,0,0,0,0,0,0,0,1,0,0,0,1,0,0,0,0,0,0,0,0,0,0,0,0,1,0,0,1,0,0,0,0,0,0,0,0,0,0,0,0,1,1,0,0,1,0,0,0,0,0,0,0,0,0,0,0,0,0,0,1,0,0,0,0,0,0,0,0,0,0,1,0,0,1,0,0,0,0,0,0,0,1,0,0,0
1,1,0,1,0,0,0,0,0,0,0,0,0,0,0,1,1,1,1,1,1,1,0,1,0,1,1,1,1,1,0,0,0,0,0,0,0,0,0,0,0,1,0,0,0,1,0,1,0,1,1,0,0,1,0,0,0,0,0,1,0,1,1,0,0,1,1,1,0,0,1,0,0,0,1,0,0,0,0,1,0,1,1,1,0,0,0,1,1,1,0,1,0,0,1,0,1,0,0,1,0,1,0,1,1,0,1,0,0,1,1,1,0,0,0,1,1,0,1,0,0,1,0,0,0,0,0,0,0,0,1,1,0,0,0,1,0,0,0,0,0,0,0,1,0,0,0,1,0,0,0,0,0,0,0,0,0,0,0,0,1,0,0,1,0,0,0,0,0,0,0,0,0,0,0,0,1,1,0,0,1,0,0,0,0,0,0,0,0,0,0,0,0,0,0,1,0,0,0,0,0,0,0,0,0,0,1,0,0,1,0,0,0,0,0,0,0,1,0,0,0
1,1,0,1,0,0,0,0,0,0,0,0,0,0,0,1,1,1,1,1,1,1,0,1,0,1,1,1,1,1,0,0,0,0,0,0,0,0,0,0,0,1,0,0,0,1,0,1,0,1,1,0,0,1,0,0,0,0,0,1,0,1,1,0,0,1,1,1,0,0,1,0,0,0,1,0,0,0,0,1,0,1,1,1,0,0,0,1,1,1,0,1,0,0,1,0,1,0,0,1,0,1,0,1,1,0,1,0,0,1,1,1,0,0,0,1,1,0,1,0,0,1,0,0,0,0,0,0,0,0,1,1,0,0,0,1,0,0,0,0,0,0,0,1,0,0,0,1,0,0,0,0,0,0,0,0,0,0,0,0,1,0,0,1,0,0,0,0,0,0,0,0,0,0,0,0,1,1,0,0,1,0,0,0,0,0,0,0,0,0,0,0,0,0,0,1,0,0,0,0,0,0,0,0,0,0,1,0,0,1,0,0,0,0,0,0,0,1,0,0,0
1,1,0,1,0,0,0,0,0,0,0,0,0,0,0,1,1,1,1,1,1,1,0,1,0,1,1,1,1,1,0,0,0,0,0,0,0,0,0,0,0,1,0,0,0,1,0,1,0,1,1,0,0,1,0,0,0,0,0,1,0,1,1,0,0,1,1,1,0,0,1,0,0,0,1,0,0,0,0,1,0,1,1,1,0,0,0,1,1,1,0,1,0,0,1,0,1,0,0,1,0,1,0,1,1,0,1,0,0,1,1,1,0,0,0,1,1,0,1,0,0,1,0,0,0,0,0,0,0,0,1,1,0,0,0,1,0,0,0,0,0,0,0,1,0,0,0,1,0,0,0,0,0,0,0,0,0,0,0,0,1,0,0,1,0,0,0,0,0,0,0,0,0,0,0,0,1,1,0,0,1,0,0,0,0,0,0,0,0,0,0,0,0,0,0,1,0,0,0,0,0,0,0,0,0,0,1,0,0,1,0,0,0,0,0,0,0,1,0,0,0
0,1,0,1,0,1,0,0,0,0,0,0,0,0,0,1,1,1,1,1,1,1,0,1,0,1,1,1,1,1,1,0,0,0,0,0,0,0,0,0,0,1,0,0,0,1,0,1,1,1,1,0,0,1,0,0,0,0,0,1,0,1,1,0,0,1,1,1,1,0,1,0,0,0,1,0,0,0,0,1,0,1,1,1,0,0,0,1,1,1,0,1,0,0,1,0,1,0,0,1,0,1,0,1,1,0,1,0,0,1,1,1,0,0,0,1,1,0,1,0,0,1,0,0,0,0,0,0,0,0,1,1,0,0,0,1,0,0,0,0,0,0,0,1,0,0,0,1,0,0,0,0,0,0,0,0,0,0,0,0,1,0,0,1,0,0,0,0,0,0,0,0,0,0,0,0,1,1,0,0,1,0,0,0,0,0,0,0,0,0,0,0,0,0,0,1,0,0,0,0,0,0,0,0,0,0,1,0,0,1,0,0,0,0,0,0,0,1,0,0,0
0,1,0,1,0,1,0,0,0,0,0,0,0,0,0,1,1,1,1,1,1,1,0,1,0,1,1,1,1,1,1,0,0,0,0,0,0,0,0,0,0,1,1,1,0,1,0,1,1,1,1,0,0,1,0,0,0,0,0,1,0,1,1,0,0,1,1,1,1,0,1,0,0,0,1,0,0,0,0,1,0,1,1,1,0,0,0,1,1,1,0,1,0,0,1,0,1,0,0,1,0,1,0,1,1,0,1,0,0,1,1,1,0,0,0,1,1,0,1,0,0,1,0,0,1,0,0,0,0,0,1,1,0,0,0,1,0,0,0,0,0,0,0,1,0,0,0,1,0,0,1,1,0,0,0,0,0,0,0,0,1,0,0,1,0,0,0,0,0,0,0,0,0,0,0,0,1,1,1,0,1,0,0,0,0,0,0,0,0,0,0,0,0,0,0,1,0,0,0,0,0,0,0,0,0,0,1,0,0,1,0,0,0,0,0,0,0,1,0,0,0
0,1,0,1,0,0,0,0,0,0,0,0,0,0,0,1,1,1,1,1,1,1,0,1,0,1,1,1,1,1,0,0,0,0,0,0,0,0,0,0,0,1,0,0,0,1,0,1,0,1,1,0,0,1,0,0,0,0,0,1,0,1,1,0,0,1,1,1,0,0,1,0,0,0,1,0,0,0,0,1,0,1,1,1,0,0,0,1,1,1,0,1,0,0,1,0,1,0,0,1,0,1,0,1,1,0,1,0,0,1,1,1,0,0,0,1,1,0,1,0,0,1,0,0,0,0,0,0,0,0,1,1,0,0,0,1,0,0,0,0,0,0,0,1,0,0,0,1,0,0,0,0,0,0,0,0,0,0,0,0,1,0,0,1,0,0,0,0,0,0,0,0,0,0,0,0,1,1,0,0,1,0,0,0,0,0,0,0,0,0,0,0,0,0,0,1,0,0,0,0,0,0,0,0,0,0,1,0,0,1,0,0,0,0,0,0,0,1,0,0,0
0,1,0,1,0,0,0,0,0,0,0,0,0,0,0,1,1,1,1,1,1,1,0,1,0,1,1,1,1,1,0,0,0,0,0,0,0,0,0,0,0,1,0,0,0,1,0,1,0,1,1,0,0,1,0,0,0,0,0,1,0,1,1,0,0,1,1,1,0,0,1,0,0,0,1,0,0,0,0,1,0,1,1,1,0,0,0,1,1,1,0,1,0,0,1,0,1,0,0,1,0,1,0,1,1,0,1,0,0,1,1,1,0,0,0,1,1,0,1,0,0,1,0,0,0,0,0,0,0,0,1,1,0,0,0,1,0,0,0,0,0,0,0,1,0,0,0,1,0,0,0,0,0,0,0,0,0,0,0,0,1,0,0,1,0,0,0,0,0,0,0,0,0,0,0,0,1,1,0,0,1,0,0,0,0,0,0,0,0,0,0,0,0,0,0,1,0,0,0,0,0,0,0,0,0,0,1,0,0,1,0,0,0,0,0,0,0,1,0,0,0
0,1,0,1,0,0,0,0,0,0,0,0,0,0,0,1,1,1,1,1,1,1,1,1,1,1,1,1,1,1,0,0,0,0,0,0,0,0,0,0,0,1,0,0,0,1,0,1,0,1,1,0,0,1,0,0,0,0,0,1,0,1,1,0,0,1,1,1,0,0,1,0,0,0,1,0,0,0,0,1,0,1,1,1,0,0,0,1,1,1,0,1,0,0,1,0,1,0,0,1,0,1,0,1,1,0,1,0,0,1,1,1,0,0,0,1,1,0,1,0,0,1,0,0,0,0,0,0,0,0,1,1,0,0,0,1,0,0,0,0,0,0,0,1,0,0,0,1,0,0,0,0,0,0,0,0,0,0,0,0,1,0,0,1,0,0,0,0,0,0,0,0,0,0,0,0,1,1,0,0,1,0,0,0,0,0,0,0,0,0,0,0,0,0,0,1,0,0,0,0,0,0,0,0,0,0,1,0,0,1,0,0,0,0,0,0,0,1,0,0,0
0,1,0,1,0,0,0,0,0,0,0,0,0,0,0,1,1,1,1,1,1,1,1,1,1,1,1,1,1,1,0,0,0,0,0,0,0,0,0,0,0,1,0,0,0,1,0,1,0,1,1,0,0,1,0,0,0,0,0,1,0,1,1,0,0,1,1,1,0,0,1,0,0,0,1,0,0,0,0,1,0,1,1,1,0,0,0,1,1,1,0,1,0,0,1,0,1,0,0,1,0,1,0,1,1,0,1,0,0,1,1,1,0,0,0,1,1,0,1,0,0,1,0,0,0,0,0,0,0,0,1,1,0,0,0,1,0,0,0,0,0,0,0,1,0,0,0,1,0,0,0,0,0,0,0,0,0,0,0,0,1,0,0,1,0,0,0,0,0,0,0,0,0,0,0,0,1,1,0,0,1,0,0,0,0,0,0,0,0,0,0,0,0,0,0,1,1,0,0,0,0,0,0,0,0,0,1,0,0,1,0,0,0,0,0,1,0,1,0,0,0
0,1,0,1,0,0,0,0,0,0,0,0,0,0,0,1,1,1,1,1,1,1,1,1,1,1,1,1,1,1,0,0,0,0,0,0,0,0,0,0,0,1,0,0,0,1,0,1,0,1,1,0,0,1,0,0,0,0,0,1,0,1,1,0,0,1,1,1,0,0,1,0,0,0,1,0,0,0,0,1,0,1,1,1,0,0,0,1,1,1,0,1,0,0,1,0,1,0,0,1,0,1,0,1,1,0,1,0,0,1,1,1,0,0,0,1,1,0,1,0,0,1,0,0,0,0,0,0,0,0,1,1,0,0,0,1,0,0,0,0,0,0,0,1,0,0,0,1,0,0,0,0,0,0,0,0,0,0,0,0,1,0,0,1,0,0,0,0,0,0,0,0,0,0,0,0,1,1,0,0,1,0,0,0,0,0,0,0,0,0,0,0,0,0,0,1,0,0,0,0,0,0,0,0,0,0,1,0,0,1,0,0,0,1,0,0,0,1,0,0,0
0,0,0,0,0,1,0,0,0,0,0,0,0,0,0,0,0,0,0,0,0,0,0,0,0,0,0,0,0,0,1,0,0,0,0,0,1,0,0,1,0,0,0,1,0,0,0,0,0,0,0,1,0,0,0,0,0,0,0,0,0,0,0,0,0,0,0,0,0,0,0,1,0,1,0,0,0,0,0,0,1,0,0,0,0,0,0,0,0,0,0,0,0,0,0,0,0,0,0,0,0,0,0,0,0,0,0,1,0,0,0,0,0,0,0,0,0,0,0,0,1,0,0,0,0,0,0,0,0,0,0,0,1,0,0,0,0,0,0,0,0,0,0,0,0,0,0,0,0,0,0,0,0,0,0,0,0,0,0,0,0,0,0,0,0,0,0,0,0,0,0,0,0,0,0,0,0,0,0,0,0,0,0,1,0,0,0,0,1,0,0,0,1,0,0,1,1,0,0,0,0,0,0,1,0,0,1,0,0,0,0,0,0,1,0,0,0,0,0,0,0
0,0,0,0,0,1,0,0,0,0,0,0,0,0,0,0,0,0,0,0,0,0,0,0,0,0,0,0,0,0,1,0,0,0,0,0,1,0,0,1,0,0,0,1,0,0,0,0,0,0,0,1,0,0,0,0,0,0,0,0,0,0,0,0,0,0,0,0,0,0,0,1,0,1,0,0,0,0,0,0,1,0,0,0,0,0,0,0,0,0,0,0,0,0,0,0,0,0,0,0,0,0,0,0,0,0,0,1,0,0,0,0,0,0,0,0,0,0,0,0,0,0,0,0,0,0,0,0,0,0,0,0,1,0,0,0,0,0,0,0,0,0,0,0,0,0,0,0,0,0,0,0,0,0,0,0,0,0,0,0,0,0,0,0,0,0,0,0,0,0,0,0,0,0,0,0,0,0,0,0,0,0,0,0,0,0,0,0,1,0,0,0,1,0,0,1,1,0,0,0,0,0,0,1,0,0,1,0,0,0,0,0,0,1,0,0,0,0,0,0,0
0,1,0,1,0,0,0,0,0,0,0,0,0,0,0,1,1,1,1,1,1,1,1,1,1,1,1,1,1,1,0,0,0,0,0,0,0,0,0,0,0,1,0,0,0,1,0,1,0,1,1,0,0,1,0,0,0,0,0,1,0,1,1,0,0,1,1,1,0,0,1,0,0,0,1,0,0,0,0,1,0,1,1,1,0,0,0,1,1,1,0,1,0,0,1,0,1,0,0,1,0,1,0,1,1,0,1,0,0,1,1,1,0,0,0,1,1,0,1,0,0,1,0,0,0,0,0,0,0,0,1,1,0,0,0,1,0,0,0,0,0,0,0,1,0,0,0,1,0,0,0,0,0,0,0,0,0,0,0,0,1,0,0,1,0,0,0,0,0,0,0,0,0,0,0,0,1,1,0,0,1,0,0,0,0,0,0,0,0,0,0,0,0,0,0,1,1,0,0,0,0,0,0,0,0,0,1,0,0,1,0,0,0,1,0,1,0,1,0,0,0
0,1,0,1,0,0,0,0,0,0,0,0,0,0,0,1,1,1,1,1,1,1,0,1,0,1,1,1,1,1,0,0,0,0,0,0,0,0,1,0,0,1,0,0,1,1,0,1,0,1,1,0,0,1,1,0,0,0,0,1,1,1,1,0,0,1,1,1,0,0,1,0,1,0,1,1,0,0,0,1,0,1,1,1,0,0,0,1,1,1,0,1,0,0,1,0,1,0,0,1,0,1,0,1,1,0,1,0,0,1,1,1,0,0,0,1,1,0,1,0,0,1,0,0,0,0,0,0,0,0,1,1,0,0,0,1,0,0,1,0,0,0,0,1,0,0,0,1,0,0,0,0,0,0,0,0,0,0,0,0,1,0,0,1,0,0,0,0,0,0,0,0,0,0,0,0,1,1,0,0,1,0,0,0,0,0,0,0,0,0,0,0,0,0,0,1,0,0,0,0,0,0,0,0,0,0,0,0,0,0,0,1,0,0,0,0,0,0,0,1,0
0,1,0,1,0,0,0,0,0,0,0,0,0,0,0,1,1,1,1,1,1,1,0,1,0,1,1,1,1,1,0,0,0,0,0,0,0,0,1,0,0,1,0,0,1,1,0,1,0,1,1,0,0,1,1,0,0,0,0,1,1,1,1,0,0,1,1,1,0,0,1,0,1,0,1,1,0,0,0,1,0,1,1,1,0,0,0,1,1,1,0,1,0,0,1,0,1,0,0,1,0,1,0,1,1,0,1,0,0,1,1,1,0,0,0,1,1,0,1,0,0,1,0,0,0,0,0,0,0,0,1,1,0,0,0,1,0,0,0,0,0,0,0,1,0,0,0,1,0,0,0,0,0,0,0,0,0,0,0,0,1,0,0,1,0,0,0,0,0,0,0,0,0,0,0,0,1,1,0,0,1,0,0,0,0,0,0,0,0,0,0,0,0,0,0,1,0,0,0,0,0,0,0,0,0,0,0,0,0,0,0,1,0,0,0,0,0,0,0,1,0
0,1,0,1,0,0,0,0,0,0,0,0,0,0,0,1,1,1,1,1,1,1,0,1,0,1,1,1,1,1,0,0,0,0,0,0,0,0,1,0,0,1,0,0,1,1,0,1,0,1,1,0,0,1,1,0,0,0,0,1,1,1,1,0,0,1,1,1,0,0,1,0,1,0,1,1,0,0,0,1,0,1,1,1,0,0,0,1,1,1,0,1,0,0,1,0,1,0,0,1,0,1,0,1,1,0,1,0,0,1,1,1,0,0,0,1,1,0,1,0,0,1,0,0,0,0,0,0,0,0,1,1,0,0,0,1,0,0,0,0,0,0,0,1,0,0,0,1,0,0,0,0,0,0,0,0,0,0,0,0,1,0,0,1,0,0,0,0,0,0,0,0,0,0,0,0,1,1,0,0,1,0,0,0,0,0,0,0,0,0,0,0,0,0,0,1,0,0,0,0,0,0,0,0,0,0,0,0,0,0,0,1,0,0,0,0,0,0,0,1,0
0,1,0,1,0,0,0,0,0,0,0,0,0,0,0,1,1,1,1,1,1,1,0,1,0,1,1,1,1,1,0,0,0,0,0,0,0,0,1,0,0,1,0,0,1,1,0,1,0,1,1,0,0,1,1,0,0,0,0,1,1,1,1,0,0,1,1,1,0,0,1,0,1,0,1,1,0,0,0,1,0,1,1,1,0,0,0,1,1,1,0,1,0,0,1,0,1,0,0,1,0,1,0,1,1,0,1,0,0,1,1,1,0,0,0,1,1,0,1,0,0,1,0,0,0,0,0,0,0,0,1,1,0,0,0,1,0,0,0,0,0,0,0,1,0,0,0,1,0,0,0,0,0,0,0,0,0,0,0,0,1,0,0,1,0,0,0,0,0,0,0,0,0,0,0,0,1,1,0,0,1,0,0,0,0,0,0,0,0,0,0,0,0,0,0,1,0,0,0,0,0,0,0,0,0,0,0,0,0,0,0,1,0,0,0,0,0,0,0,1,0
0,1,0,1,0,0,0,0,0,0,0,0,0,0,0,1,1,1,1,1,1,1,0,1,0,1,1,1,1,1,0,0,0,0,0,0,0,0,1,0,0,1,0,0,1,1,0,1,0,1,1,0,0,1,1,0,0,0,0,1,1,1,1,0,0,1,1,1,0,0,1,0,1,0,1,1,0,0,0,1,0,1,1,1,0,0,0,1,1,1,0,1,0,0,1,0,1,0,0,1,0,1,0,1,1,0,1,0,0,1,1,1,0,0,0,1,1,0,1,0,0,1,0,0,0,0,0,0,0,0,1,1,0,0,0,1,0,0,0,0,0,0,0,1,0,0,0,1,0,0,0,0,0,0,0,0,0,0,0,0,1,0,0,1,0,0,0,0,0,0,0,0,0,0,0,0,1,1,0,0,1,0,0,0,0,0,0,0,0,0,0,0,0,0,0,1,0,0,0,0,0,0,0,0,0,0,0,0,0,0,0,1,0,0,0,0,0,0,0,1,0
0,1,0,1,0,0,0,0,0,0,0,0,0,0,0,1,1,1,1,1,1,1,0,1,0,1,1,1,1,1,0,0,0,0,0,0,0,0,1,0,0,1,0,0,1,1,0,1,0,1,1,0,0,1,1,0,0,0,0,1,1,1,1,0,0,1,1,1,0,0,1,0,1,0,1,1,0,0,0,1,0,1,1,1,0,0,0,1,1,1,0,1,0,0,1,0,1,0,0,1,0,1,0,1,1,0,1,0,0,1,1,1,0,0,0,1,1,0,1,0,0,1,0,0,0,0,0,0,0,0,1,1,0,0,0,1,0,0,0,0,0,0,0,1,0,0,0,1,0,0,0,0,0,0,0,0,0,0,0,0,1,0,0,1,0,0,0,0,0,0,0,0,0,0,0,0,1,1,0,0,1,0,0,0,0,0,0,0,0,0,0,0,0,0,0,1,0,0,0,0,0,0,0,0,0,0,0,0,0,0,0,1,0,0,0,0,0,0,0,1,0
1,1,0,1,0,0,0,0,0,0,0,0,0,0,0,1,1,1,1,1,1,1,0,1,0,1,1,1,1,1,0,0,0,0,0,0,0,0,1,0,0,1,0,0,1,1,0,1,0,1,1,0,0,1,1,0,0,0,0,1,1,1,1,0,0,1,1,1,0,0,1,0,1,0,1,1,0,0,0,1,0,1,1,1,0,0,0,1,1,1,0,1,0,0,1,0,1,0,0,1,0,1,0,1,1,0,1,0,0,1,1,1,0,0,0,1,1,0,1,0,0,1,0,0,0,0,0,0,0,0,1,1,0,0,0,1,0,0,0,0,0,0,0,1,0,0,0,1,0,0,0,0,0,0,0,0,0,0,0,0,1,0,0,1,0,0,0,0,0,0,0,0,0,0,0,0,1,1,0,0,1,0,0,0,0,0,0,0,0,0,0,0,0,0,0,1,0,0,0,0,0,0,0,0,0,0,0,0,0,0,0,1,0,0,0,0,0,0,0,1,0
1,1,0,1,0,0,0,0,0,0,0,0,0,0,0,1,1,1,1,1,1,1,0,1,0,1,1,1,1,1,0,0,0,0,0,0,0,0,1,0,0,1,0,0,1,1,0,1,0,1,1,0,0,1,1,0,0,0,0,1,1,1,1,0,0,1,1,1,0,0,1,0,1,0,1,1,0,0,0,1,0,1,1,1,0,0,0,1,1,1,0,1,0,0,1,0,1,0,0,1,0,1,0,1,1,0,1,0,0,1,1,1,0,0,0,1,1,0,1,0,0,1,0,0,0,0,0,0,0,0,1,1,0,0,0,1,0,0,0,0,0,0,0,1,0,0,0,1,0,0,0,0,0,0,0,0,0,0,0,0,1,0,0,1,0,0,0,0,0,0,0,0,0,0,0,0,1,1,0,0,1,0,0,0,0,0,0,0,0,0,0,0,0,0,0,1,0,0,0,0,0,0,0,0,0,0,0,0,0,0,0,1,0,0,0,0,0,0,0,1,0
1,1,0,1,0,0,0,0,0,0,0,0,0,0,0,1,1,1,1,1,1,1,0,1,0,1,1,1,1,1,0,0,0,0,0,0,0,0,1,0,0,1,0,0,1,1,0,1,0,1,1,0,0,1,1,0,0,0,0,1,1,1,1,0,0,1,1,1,0,0,1,0,1,0,1,1,0,0,0,1,0,1,1,1,0,0,0,1,1,1,0,1,0,0,1,0,1,0,0,1,0,1,0,1,1,0,1,0,0,1,1,1,0,0,0,1,1,0,1,0,0,1,0,0,0,0,0,0,0,0,1,1,0,0,0,1,0,0,0,0,0,0,0,1,0,0,0,1,0,0,0,0,0,0,0,0,0,0,0,0,1,0,0,1,0,0,0,0,0,0,0,0,0,0,0,0,1,1,0,0,1,0,0,0,0,0,0,0,0,0,0,0,0,0,0,1,0,0,0,0,0,0,0,0,0,0,0,0,0,0,0,1,0,0,0,0,0,0,0,1,0
0,1,0,1,0,1,0,0,0,0,0,0,0,0,0,1,1,1,1,1,1,1,0,1,0,1,1,1,1,1,1,0,0,0,0,0,0,0,1,0,0,1,0,0,1,1,0,1,1,1,1,0,0,1,1,0,0,0,0,1,1,1,1,0,0,1,1,1,1,0,1,0,1,0,1,1,0,0,0,1,0,1,1,1,0,0,0,1,1,1,0,1,0,0,1,0,1,0,0,1,0,1,0,1,1,0,1,0,0,1,1,1,0,0,0,1,1,0,1,0,0,1,0,0,0,0,0,0,0,0,1,1,0,0,0,1,0,0,0,0,0,0,0,1,0,0,0,1,0,0,0,0,0,0,0,0,0,0,0,0,1,0,0,1,0,0,0,0,0,0,0,0,0,0,0,0,1,1,0,0,1,0,0,0,0,0,0,0,0,0,0,0,0,0,0,1,0,0,0,0,0,0,0,0,0,0,0,0,0,0,0,1,0,0,0,0,0,0,0,1,0
1,1,0,1,0,0,0,0,0,0,0,0,0,0,0,1,1,1,1,1,1,1,0,1,0,1,1,1,1,1,0,0,0,0,0,0,0,0,1,0,0,1,0,0,1,1,0,1,0,1,1,0,0,1,1,0,0,0,0,1,1,1,1,0,0,1,1,1,0,0,1,0,1,0,1,1,0,0,0,1,0,1,1,1,0,0,0,1,1,1,0,1,0,0,1,0,1,0,0,1,0,1,0,1,1,0,1,0,0,1,1,1,0,0,0,1,1,0,1,0,0,1,0,0,0,0,0,0,0,0,1,1,0,0,0,1,0,0,0,0,0,0,0,1,0,0,0,1,0,0,0,0,0,0,0,0,0,0,0,0,1,0,0,1,0,0,0,0,0,0,0,0,0,0,0,0,1,1,0,0,1,0,0,0,0,0,0,0,0,0,0,0,0,0,0,1,0,0,0,0,0,0,0,0,0,0,0,0,0,0,0,1,0,0,0,0,0,0,0,1,0
0,1,0,1,0,1,0,0,0,0,0,0,0,0,0,1,1,1,1,1,1,1,0,1,0,1,1,1,1,1,1,0,0,0,0,0,0,0,1,0,0,1,1,1,1,1,0,1,1,1,1,0,0,1,1,0,0,0,0,1,1,1,1,0,0,1,1,1,1,0,1,0,1,0,1,1,0,0,0,1,0,1,1,1,0,0,0,1,1,1,0,1,0,0,1,0,1,0,0,1,0,1,0,1,1,0,1,0,0,1,1,1,0,0,0,1,1,0,1,0,0,1,0,0,1,0,0,0,0,0,1,1,0,0,0,1,0,0,0,0,0,0,0,1,0,0,0,1,0,0,1,1,0,0,0,0,0,0,0,0,1,0,0,1,0,0,0,0,0,0,0,0,0,0,0,0,1,1,1,0,1,0,0,0,0,0,0,0,0,0,0,0,0,0,0,1,0,0,0,0,0,0,0,0,0,0,0,0,0,0,0,1,0,0,0,0,0,0,0,1,0
0,1,0,1,0,0,0,0,0,0,0,0,0,0,0,1,1,1,1,1,1,1,0,1,0,1,1,1,1,1,0,0,0,0,0,0,0,0,1,0,0,1,0,0,1,1,0,1,0,1,1,0,0,1,1,0,0,0,0,1,1,1,1,0,0,1,1,1,0,0,1,0,1,0,1,1,0,0,0,1,0,1,1,1,0,0,0,1,1,1,0,1,0,0,1,0,1,0,0,1,0,1,0,1,1,0,1,0,0,1,1,1,0,0,0,1,1,0,1,0,0,1,0,0,0,0,0,0,0,0,1,1,0,0,0,1,0,0,0,0,0,0,0,1,0,0,0,1,0,0,0,0,0,0,0,0,0,0,0,0,1,0,0,1,0,0,0,0,0,0,0,0,0,0,0,0,1,1,0,0,1,0,0,0,0,0,0,0,0,0,0,0,0,0,0,1,0,0,0,0,0,0,0,0,0,0,0,0,0,0,0,1,0,0,0,0,0,0,0,1,0
0,1,0,1,0,0,0,0,0,0,0,0,0,0,0,1,1,1,1,1,1,1,0,1,0,1,1,1,1,1,0,0,0,0,0,0,0,0,1,0,0,1,0,0,1,1,0,1,0,1,1,0,0,1,1,0,0,0,0,1,1,1,1,0,0,1,1,1,0,0,1,0,1,0,1,1,0,0,0,1,0,1,1,1,0,0,0,1,1,1,0,1,0,0,1,0,1,0,0,1,0,1,0,1,1,0,1,0,0,1,1,1,0,0,0,1,1,0,1,0,0,1,0,0,0,0,0,0,0,0,1,1,0,0,0,1,0,0,0,0,0,0,0,1,0,0,0,1,0,0,0,0,0,0,0,0,0,0,0,0,1,0,0,1,0,0,0,0,0,0,0,0,0,0,0,0,1,1,0,0,1,0,0,0,0,0,0,0,0,0,0,0,0,0,0,1,0,0,0,0,0,0,0,0,0,0,0,0,0,0,0,1,0,0,0,0,0,0,0,1,0
0,1,0,1,0,0,0,0,0,0,0,0,0,0,0,1,1,1,1,1,1,1,1,1,1,1,1,1,1,1,0,0,0,0,0,0,0,0,1,0,0,1,0,0,1,1,0,1,0,1,1,0,0,1,1,0,0,0,0,1,1,1,1,0,0,1,1,1,0,0,1,0,1,0,1,1,0,0,0,1,0,1,1,1,0,0,0,1,1,1,0,1,0,0,1,0,1,0,0,1,0,1,0,1,1,0,1,0,0,1,1,1,0,0,0,1,1,0,1,0,0,1,0,0,0,0,0,0,0,0,1,1,0,0,0,1,0,0,0,0,0,0,0,1,0,0,0,1,0,0,0,0,0,0,0,0,0,0,0,0,1,0,0,1,0,0,0,0,0,0,0,0,0,0,0,0,1,1,0,0,1,0,0,0,0,0,0,0,0,0,0,0,0,0,0,1,0,0,0,0,0,0,0,0,0,0,1,0,0,1,0,1,0,0,0,0,0,1,0,1,0
0,1,0,1,0,0,0,0,0,0,0,0,0,0,0,1,1,1,1,1,1,1,1,1,1,1,1,1,1,1,0,0,0,0,0,0,0,0,1,0,0,1,0,0,1,1,0,1,0,1,1,0,0,1,1,0,0,0,0,1,1,1,1,0,0,1,1,1,0,0,1,0,1,0,1,1,0,0,0,1,0,1,1,1,0,0,0,1,1,1,0,1,0,0,1,0,1,0,0,1,0,1,0,1,1,0,1,0,0,1,1,1,0,0,0,1,1,0,1,0,0,1,0,0,0,0,0,0,0,0,1,1,0,0,0,1,0,0,0,0,0,0,0,1,0,0,0,1,0,0,0,0,0,0,0,0,0,0,0,0,1,0,0,1,0,0,0,0,0,0,0,0,0,0,0,0,1,1,0,0,1,0,0,0,0,0,0,0,0,0,0,0,0,0,0,1,1,0,0,0,0,0,0,0,0,0,0,0,0,0,0,1,0,0,0,1,0,0,0,1,0
0,1,0,0,0,1,1,0,0,0,1,0,0,1,0,0,0,1,0,0,0,0,0,0,0,0,0,0,0,0,1,0,0,0,1,1,0,0,0,1,0,1,1,1,0,0,0,1,1,0,0,1,0,0,0,0,0,1,1,0,0,0,1,0,0,0,0,0,1,1,0,0,0,0,0,0,0,0,0,0,0,0,0,0,0,0,0,0,1,0,1,0,0,0,0,0,0,1,0,0,0,0,0,0,0,0,0,0,0,0,0,1,1,1,1,0,0,1,1,0,0,0,0,1,0,1,0,1,1,0,0,0,0,0,0,0,1,0,0,1,0,0,0,0,0,1,1,1,0,0,1,0,1,1,1,0,0,0,0,1,1,1,1,1,0,1,0,1,1,0,0,0,0,1,0,1,1,0,0,1,0,1,1,0,0,0,1,1,0,1,1,1,0,0,0,1,1,1,1,1,1,1,0,0,0,1,1,1,1,1,1,0,1,0,1,0,1,1,1,0,1
0,1,0,1,0,0,0,0,0,0,0,0,0,0,0,1,1,1,1,1,1,1,1,1,1,1,1,1,1,1,0,0,0,0,0,0,0,0,1,0,0,1,0,0,1,1,0,1,0,1,1,0,0,1,1,0,0,0,0,1,1,1,1,0,0,1,1,1,0,0,1,0,1,0,1,1,0,0,0,1,0,1,1,1,0,0,0,1,1,1,0,1,0,0,1,0,1,0,0,1,0,1,0,1,1,0,1,0,0,1,1,1,0,0,0,1,1,0,1,0,0,1,0,0,0,0,0,0,0,0,1,1,0,0,0,1,0,0,0,0,0,0,0,1,0,0,0,1,0,0,0,0,0,0,0,0,0,0,0,0,1,0,0,1,0,0,0,0,0,0,0,0,0,0,0,0,1,1,0,0,1,0,0,0,0,0,0,0,0,0,0,0,0,0,0,1,1,0,0,0,0,0,0,0,0,0,1,0,0,1,0,1,0,1,0,1,0,1,0,1,0
0,1,0,1,1,0,0,0,0,0,0,0,0,0,0,1,1,1,1,1,1,1,0,1,0,1,1,0,1,0,0,0,0,1,0,0,1,0,0,0,0,1,0,0,0,1,0,1,0,1,1,1,1,1,0,1,0,0,0,1,0,1,1,1,1,1,0,1,0,0,1,0,0,0,1,0,1,0,0,1,0,1,1,1,1,0,0,1,1,1,0,1,1,1,1,0,1,0,0,1,0,1,1,1,1,1,1,0,0,1,1,1,0,0,0,1,1,0,1,0,0,1,1,0,0,0,0,0,0,0,1,0,0,0,0,1,0,0,1,0,1,0,0,0,1,0,0,1,0,0,0,0,0,0,0,1,0,0,0,0,1,0,0,1,1,0,0,0,0,0,1,0,0,0,1,0,1,1,0,0,0,0,0,0,0,1,0,0,0,0,0,0,0,0,0,1,1,0,0,0,0,0,0,0,0,0,1,0,0,1,0,0,0,0,0,1,0,1,0,0,0
0,1,0,1,1,0,0,0,0,0,0,0,0,0,0,1,1,1,1,1,1,1,0,1,0,1,1,0,1,0,0,0,0,1,0,0,0,0,0,0,0,1,0,0,0,1,0,1,0,1,1,1,1,1,0,1,0,0,0,1,0,1,1,1,1,1,0,1,0,0,1,0,0,0,1,0,1,0,0,1,0,1,1,1,1,0,0,1,1,1,0,1,1,1,1,0,1,0,0,1,0,1,1,1,1,1,1,0,0,1,1,1,0,0,0,1,1,0,1,0,0,1,1,0,0,0,1,0,0,0,1,0,0,0,0,1,0,0,1,0,1,0,0,0,1,0,0,1,1,0,0,0,0,0,0,1,0,0,0,0,1,0,0,1,1,0,0,0,0,0,1,0,0,0,1,0,1,1,0,0,0,0,0,0,0,1,0,0,0,0,0,0,0,0,0,1,1,0,0,0,0,0,0,0,0,0,1,0,0,1,0,0,0,0,0,1,0,1,0,0,0
0,1,0,1,1,0,0,0,1,0,0,0,0,0,0,1,1,1,1,1,1,1,0,1,0,1,1,0,1,0,0,1,0,1,0,0,0,0,0,0,0,1,0,0,0,1,0,1,0,1,1,0,1,1,0,1,0,0,0,1,0,1,1,1,1,1,0,1,0,0,1,0,0,0,1,0,1,0,0,1,0,1,1,1,1,0,0,1,1,1,0,1,1,1,1,0,1,0,0,1,0,1,1,1,1,1,1,0,0,1,1,1,0,0,0,1,1,0,1,0,0,1,1,0,0,0,0,0,0,0,1,0,0,0,0,1,0,0,1,0,1,0,0,0,1,0,0,1,0,0,0,0,0,0,0,1,0,0,0,0,1,0,0,1,1,0,0,0,0,0,1,0,0,0,1,0,1,1,0,0,0,0,0,0,0,1,0,0,0,0,0,0,0,0,0,1,1,0,0,0,0,0,0,0,0,0,1,0,0,1,0,0,0,0,0,1,0,1,0,0,0
0,1,0,1,1,1,0,0,0,0,0,0,0,0,0,1,1,1,1,1,1,1,0,1,0,1,1,0,1,0,1,0,0,1,0,0,0,0,0,0,0,1,1,1,0,1,0,1,1,1,1,0,1,1,0,1,0,0,0,1,0,1,1,1,1,1,0,1,1,0,1,0,0,0,1,0,1,0,0,1,0,1,1,1,1,0,0,1,1,1,0,1,1,1,1,0,1,0,0,1,0,1,1,1,1,1,1,0,0,1,1,1,0,0,0,1,1,0,1,0,0,1,1,0,1,0,0,0,0,0,1,0,0,0,0,1,0,0,1,0,1,0,0,0,1,0,0,1,0,0,1,1,0,0,0,1,0,0,0,0,1,0,0,1,1,0,0,0,0,0,1,0,0,0,1,0,1,1,1,0,0,0,0,0,0,1,0,0,0,0,0,0,0,0,0,1,1,0,0,0,0,0,0,0,0,0,1,0,0,1,0,0,0,0,0,1,0,1,0,0,0
0,1,0,1,1,1,0,0,0,0,0,0,0,0,0,1,1,1,0,1,1,1,0,0,0,1,1,0,0,0,1,0,0,1,0,0,0,0,0,0,0,1,0,1,0,1,0,1,0,1,1,1,1,1,0,1,0,0,0,0,0,1,1,1,1,1,0,1,0,0,1,1,0,0,1,0,1,1,0,1,1,1,1,1,1,1,0,1,1,1,0,1,1,1,1,0,1,0,0,1,0,1,1,1,1,1,1,0,0,1,1,1,0,0,0,1,1,0,1,0,0,1,1,0,0,0,1,0,0,0,1,0,0,0,0,1,0,0,1,0,1,0,0,0,1,0,0,1,1,0,0,0,0,0,0,1,0,0,0,0,1,0,0,0,1,0,0,0,0,0,1,1,1,0,1,0,1,1,0,0,0,0,0,0,0,1,0,0,0,0,0,0,0,0,0,1,0,0,0,0,0,0,0,0,0,0,0,0,0,0,0,0,0,0,0,0,0,0,0,0,0
0,1,0,1,1,0,0,0,0,0,1,0,1,1,0,1,1,1,1,0,0,1,0,0,0,1,1,0,1,0,0,0,0,1,0,0,0,0,0,0,0,1,0,0,0,1,0,1,0,1,1,0,1,1,0,1,0,0,0,1,0,1,1,1,1,1,0,1,0,0,1,0,0,0,1,0,1,0,0,1,0,1,1,1,1,0,0,1,1,1,0,1,1,1,1,0,1,0,0,1,0,1,1,1,1,1,1,0,0,1,1,1,0,0,0,1,1,0,1,0,0,1,1,0,0,0,0,0,0,0,1,0,0,0,0,1,0,0,1,0,1,0,0,0,1,0,0,1,0,0,0,0,0,0,0,1,0,0,0,0,1,0,0,1,1,0,0,0,0,0,1,0,0,0,1,0,1,1,0,0,0,0,0,0,0,1,0,0,0,0,0,0,0,0,0,1,1,0,0,0,0,0,0,0,0,0,1,0,0,1,0,0,0,0,0,1,0,1,0,0,0
0,1,0,1,1,0,0,0,0,0,0,0,0,0,0,1,1,1,0,1,1,1,0,0,0,1,1,0,0,0,0,0,0,1,0,0,0,0,0,0,0,1,0,0,0,1,0,1,0,1,1,1,1,1,0,1,0,0,0,0,0,1,1,1,1,1,0,1,0,0,1,0,0,0,1,0,1,0,0,1,0,1,1,1,1,0,0,1,1,1,0,1,1,1,1,0,1,0,0,1,0,1,1,1,1,1,1,0,0,1,1,1,0,0,0,1,1,0,1,0,0,1,1,0,0,0,1,0,0,0,1,0,0,0,0,1,0,0,1,0,1,0,0,0,1,0,0,1,1,0,0,0,0,0,0,1,0,0,0,0,1,0,0,0,1,0,0,0,0,0,1,0,0,0,1,0,1,1,0,0,0,0,0,0,0,1,0,0,0,0,0,0,0,0,0,1,0,0,0,0,0,0,0,0,0,0,0,0,0,0,0,0,0,0,0,0,0,0,0,0,0
0,1,0,1,1,0,0,0,0,0,0,0,0,0,0,1,1,1,0,1,1,1,0,0,0,1,1,0,0,0,0,0,0,1,0,0,1,0,0,0,0,1,0,0,0,1,0,1,0,1,1,1,1,1,0,1,0,0,0,0,0,1,1,1,1,1,0,1,0,0,1,0,0,0,1,0,1,0,0,1,0,1,1,1,1,0,0,1,1,1,0,1,1,1,1,0,1,0,0,1,0,1,1,1,1,1,1,0,0,1,1,1,0,0,0,1,1,0,1,0,0,1,1,0,0,0,0,0,0,0,1,0,0,0,0,1,0,0,1,0,1,0,0,0,1,0,0,1,0,0,0,0,0,0,0,1,0,0,0,0,1,0,0,0,1,0,0,0,0,0,1,0,0,0,1,0,1,1,0,0,0,0,0,0,0,1,0,0,0,0,0,0,0,0,0,1,0,0,0,0,0,0,0,0,0,0,0,0,0,0,0,0,0,0,0,0,0,0,0,0,0
0,1,0,1,1,0,0,0,1,0,0,0,0,0,0,1,1,1,0,1,1,1,0,0,0,1,1,0,0,0,0,1,0,1,0,0,0,0,0,0,0,1,0,0,0,1,0,1,0,1,1,0,1,1,0,1,0,0,0,0,0,1,1,1,1,1,0,1,0,0,1,0,0,0,1,0,1,0,0,1,0,1,1,1,1,0,0,1,1,1,0,1,1,1,1,0,1,0,0,1,0,1,1,1,1,1,1,0,0,1,1,1,0,0,0,1,1,0,1,0,0,1,1,0,0,0,0,0,0,0,1,0,0,0,0,1,0,0,1,0,1,0,0,0,1,0,0,1,0,0,0,0,0,0,0,1,0,0,0,0,1,0,0,0,1,0,0,0,0,0,1,0,0,0,1,0,1,1,0,0,0,0,0,0,0,1,0,0,0,0,0,0,0,0,0,1,0,0,0,0,0,0,0,0,0,0,0,0,0,0,0,0,0,0,0,0,0,0,0,0,0
0,1,0,1,1,1,0,0,0,0,0,0,0,0,0,1,1,1,0,1,1,1,0,0,0,1,1,0,0,0,1,0,0,1,0,0,0,0,0,0,0,1,1,1,0,1,0,1,1,1,1,0,1,1,0,1,0,0,0,0,0,1,1,1,1,1,0,1,1,0,1,0,0,0,1,0,1,0,0,1,0,1,1,1,1,0,0,1,1,1,0,1,1,1,1,0,1,0,0,1,0,1,1,1,1,1,1,0,0,1,1,1,0,0,0,1,1,0,1,0,0,1,1,0,1,0,0,0,0,0,1,0,0,0,0,1,0,0,1,0,1,0,0,0,1,0,0,1,0,0,1,1,0,0,0,1,0,0,0,0,1,0,0,0,1,0,0,0,0,0,1,0,0,0,1,0,1,1,1,0,0,0,0,0,0,1,0,0,0,0,0,0,0,0,0,1,0,0,0,0,0,0,0,0,0,0,0,0,0,0,0,0,0,0,0,0,0,0,0,0,0
0,1,0,1,1,0,0,0,0,0,1,0,1,1,0,1,1,1,0,0,0,0,0,0,0,1,1,0,0,0,0,0,0,1,0,0,0,0,0,0,0,1,0,0,0,1,0,1,0,1,1,0,1,1,0,1,0,0,0,0,0,1,1,1,1,1,0,1,0,0,1,0,0,0,1,0,1,0,0,1,0,1,1,1,1,0,0,1,1,1,0,1,1,1,1,0,1,0,0,1,0,1,1,1,1,1,1,0,0,1,1,1,0,0,0,1,1,0,1,0,0,1,1,0,0,0,0,0,0,0,1,0,0,0,0,1,0,0,1,0,1,0,0,0,1,0,0,1,0,0,0,0,0,0,0,1,0,0,0,0,1,0,0,0,1,0,0,0,0,0,1,0,0,0,1,0,1,1,0,0,0,0,0,0,0,1,0,0,0,0,0,0,0,0,0,1,0,0,0,0,0,0,0,0,0,0,0,0,0,0,0,0,0,0,0,0,0,0,0,0,0
0,0,0,1,1,0,0,0,0,0,0,0,0,0,0,1,1,1,0,1,1,1,0,0,0,1,1,0,0,0,0,0,0,1,0,0,0,0,0,0,0,1,0,0,0,1,0,1,0,1,1,0,1,1,0,1,0,0,0,0,0,1,1,1,1,1,0,1,0,0,1,0,0,0,1,0,1,0,0,1,0,1,1,1,1,0,0,1,1,1,0,1,1,1,1,0,1,0,0,1,0,1,1,1,1,1,1,0,0,1,1,1,0,0,0,1,1,0,1,0,0,1,1,0,0,0,1,0,0,0,1,0,0,0,0,1,0,0,1,0,1,0,0,0,1,0,0,1,1,0,0,0,0,0,0,1,0,0,0,0,1,0,0,1,1,0,0,0,0,0,1,0,0,0,1,0,1,1,0,0,0,0,0,0,0,1,0,0,0,0,0,0,0,0,0,0,0,0,0,0,0,0,0,0,0,0,0,0,0,0,0,0,0,0,0,0,0,0,0,0,0
0,0,0,1,1,1,1,0,1,0,0,0,0,0,0,1,1,1,0,1,1,1,0,0,0,1,1,0,0,0,0,1,0,1,0,0,0,0,0,0,0,1,0,0,0,1,0,1,0,1,1,0,1,1,0,1,0,0,0,0,0,1,1,1,1,1,0,1,0,0,1,0,0,0,1,0,1,0,0,1,0,1,1,1,1,0,0,1,1,1,0,1,1,1,1,0,1,0,0,1,0,1,1,1,1,1,1,0,0,1,1,1,0,0,0,1,1,0,1,0,0,1,1,0,0,0,0,0,0,0,1,0,0,0,0,1,0,0,1,0,1,0,0,0,1,0,0,1,0,0,0,0,0,0,0,1,0,0,0,0,1,0,0,1,1,0,0,0,0,0,1,0,0,0,1,0,1,1,0,0,0,0,0,0,0,1,0,0,0,0,0,0,0,0,0,0,0,0,0,0,0,0,0,0,0,0,0,0,0,0,0,0,0,0,0,0,0,0,0,0,0
0,0,0,1,1,1,0,0,1,0,0,0,0,0,0,1,1,1,0,1,1,1,0,0,0,1,1,0,0,0,0,1,0,1,0,0,0,0,0,0,0,1,0,0,0,1,0,1,0,1,1,0,1,1,0,1,0,0,0,0,0,1,1,1,1,1,0,1,0,0,1,0,0,0,1,0,1,0,0,1,0,1,1,1,1,0,0,1,1,1,0,1,1,1,1,0,1,0,0,1,0,1,1,1,1,1,1,0,0,1,1,1,0,0,0,1,1,0,1,0,0,1,1,0,0,0,0,0,0,0,1,0,0,0,0,1,0,0,1,0,1,0,0,0,1,0,0,1,0,0,0,0,0,0,0,1,0,0,0,0,1,0,0,1,1,0,0,0,0,0,1,0,0,0,1,0,1,1,0,0,0,0,0,0,0,1,0,0,0,0,0,0,0,0,0,0,0,0,0,0,0,0,0,0,0,0,0,0,0,0,0,0,0,0,0,0,0,0,0,0,0
0,1,0,1,1,0,0,0,0,0,0,0,0,0,0,1,1,1,1,1,1,1,0,1,0,1,1,0,1,0,0,0,0,1,0,0,0,1,1,0,0,1,0,0,0,1,0,1,0,1,1,0,1,1,0,1,0,0,0,0,0,1,1,1,1,1,0,1,0,0,1,0,0,0,1,0,1,0,0,1,0,1,1,1,1,0,0,1,1,1,0,1,1,1,1,0,1,0,0,1,0,1,1,1,1,1,1,0,0,1,1,1,0,0,0,1,1,0,1,0,0,1,1,0,0,0,0,0,0,0,1,0,0,0,0,1,0,0,1,0,1,0,0,0,1,0,0,1,0,0,0,0,0,0,0,1,0,0,0,0,1,0,0,1,1,0,0,0,0,0,1,0,0,0,1,0,1,1,0,0,0,0,0,0,0,1,0,0,0,0,0,0,0,0,0,0,0,0,0,0,0,0,0,0,0,0,0,0,0,0,0,0,0,0,0,0,0,0,0,0,0
0,1,0,1,1,0,0,0,0,0,0,0,0,0,0,1,1,1,1,1,1,1,0,1,0,1,1,0,1,0,0,0,0,1,0,0,0,0,0,0,0,1,0,0,0,1,0,1,0,1,1,0,1,1,0,1,0,0,0,0,0,1,1,1,1,1,0,1,0,0,1,0,0,0,1,0,1,0,0,1,0,1,1,1,1,0,0,1,1,1,0,1,1,1,1,0,1,0,0,1,0,1,1,1,1,1,1,0,0,1,1,1,0,0,0,1,1,0,1,0,0,1,1,0,0,0,1,0,0,0,1,0,0,0,0,1,0,0,1,0,1,0,0,0,1,0,0,1,1,0,0,0,0,0,0,1,0,0,0,0,1,0,0,1,1,0,0,0,0,0,1,0,0,0,1,0,1,1,0,0,0,0,0,0,0,1,0,0,0,0,0,0,0,0,0,0,0,0,0,0,0,0,0,0,0,0,0,0,0,0,0,0,0,1,0,0,0,0,0,0,0
0,1,0,1,1,0,0,0,0,0,0,0,0,0,0,1,1,1,1,1,1,1,0,1,0,1,1,0,1,0,0,0,0,1,0,0,0,0,0,0,0,1,0,0,0,1,0,1,0,1,1,0,1,1,0,1,0,0,0,0,0,1,1,1,1,1,0,1,0,0,1,0,0,0,1,0,1,0,0,1,0,1,1,1,1,0,0,1,1,1,0,1,1,1,1,0,1,0,0,1,0,1,1,1,1,1,1,0,0,1,1,1,0,0,0,1,1,0,1,0,0,1,1,0,0,0,1,0,0,0,1,0,0,0,0,1,0,0,1,0,1,0,0,0,1,0,0,1,1,0,0,0,0,0,0,1,0,0,0,0,1,0,0,1,1,0,0,0,0,0,1,0,0,0,1,0,1,1,0,0,0,0,0,0,0,1,0,0,0,0,0,0,0,0,0,0,0,0,0,0,0,0,0,0,0,0,0,0,0,0,0,0,0,0,0,0,0,0,0,0,0
0,1,0,1,1,0,0,0,0,0,0,0,0,0,0,1,1,1,1,1,1,1,0,1,0,1,1,0,1,0,0,0,0,1,0,0,0,0,0,0,0,1,0,0,0,1,0,1,0,1,1,0,1,1,0,1,0,0,0,0,0,1,1,1,1,1,0,1,0,0,1,0,0,0,1,0,1,0,0,1,0,1,1,1,1,0,0,1,1,1,0,1,1,1,1,0,1,0,0,1,0,1,1,1,1,1,1,0,0,1,1,1,0,0,0,1,1,0,1,0,0,1,1,0,0,0,1,0,0,0,1,0,0,0,0,1,0,0,1,0,1,0,0,0,1,0,0,1,1,0,0,0,0,0,0,1,0,0,0,0,1,0,0,1,1,0,0,0,0,0,1,0,0,0,1,0,1,1,0,0,0,0,0,0,0,1,0,0,0,0,0,0,0,0,0,0,0,0,0,0,0,0,0,0,0,0,0,0,0,0,0,0,0,0,0,0,0,0,0,0,0
0,1,0,1,1,1,0,0,0,0,0,0,0,0,0,1,1,1,0,1,1,1,0,0,0,1,1,0,0,0,1,0,0,1,0,0,0,0,0,0,0,1,1,1,0,1,0,1,1,1,1,1,1,1,0,1,0,0,0,0,0,1,1,1,1,1,0,1,1,0,1,0,0,0,1,0,1,0,0,1,0,1,1,1,1,0,0,1,1,1,0,1,1,1,1,0,1,0,0,1,0,1,1,1,1,1,1,0,0,1,1,1,0,0,0,1,1,0,1,0,0,1,1,0,1,0,1,0,0,0,1,0,0,0,0,1,0,0,1,0,1,0,0,0,1,0,0,1,1,0,0,1,0,0,0,1,0,0,0,0,1,0,0,1,1,0,0,0,0,0,1,0,0,0,1,0,1,1,1,0,0,0,0,0,0,1,0,0,0,0,0,0,0,0,0,0,0,0,0,0,0,0,0,0,0,0,0,0,0,0,0,0,0,0,0,0,0,0,0,0,0
0,1,0,1,1,0,0,0,0,1,0,0,0,0,0,1,1,1,1,1,1,1,0,1,0,1,1,0,1,0,0,0,1,1,0,0,0,0,0,0,1,1,0,0,0,1,1,1,0,1,1,0,1,1,0,1,0,0,0,0,0,1,1,1,1,1,0,1,0,0,1,0,0,0,1,0,1,0,0,1,0,1,1,1,1,0,0,1,1,1,0,1,1,1,1,0,1,0,1,1,1,1,1,1,1,1,1,0,0,1,1,1,0,0,0,1,1,0,1,1,0,1,1,0,0,0,1,0,0,0,1,0,0,0,0,1,0,1,1,0,1,0,1,0,1,0,0,1,1,0,0,0,0,0,0,1,0,0,0,0,1,0,0,1,1,0,0,0,0,0,1,0,0,0,1,0,1,1,0,0,0,0,0,0,0,1,0,0,0,0,0,0,0,0,0,0,0,0,0,0,0,0,0,0,0,0,0,0,0,0,0,0,0,0,0,0,0,0,0,0,0
0,1,0,1,1,1,0,0,0,0,0,0,0,0,0,1,1,1,0,1,1,1,0,0,0,1,1,0,0,0,1,0,0,1,1,0,0,0,0,0,0,1,1,1,0,1,0,1,1,1,1,0,1,1,0,1,0,0,0,0,0,1,1,1,1,1,0,1,0,1,1,0,0,0,1,0,1,0,0,1,0,1,1,1,1,0,0,1,1,1,0,1,1,1,1,0,1,0,0,1,0,1,1,1,1,1,1,0,0,1,1,1,0,0,0,1,1,0,1,0,0,1,1,0,1,0,1,0,0,0,1,0,0,0,0,1,0,0,1,0,1,0,0,0,1,0,0,1,1,0,0,0,0,0,0,1,0,0,0,0,1,0,0,1,1,0,0,0,0,0,1,0,0,0,1,0,1,1,1,0,0,0,0,0,0,1,0,0,0,0,0,0,0,0,0,0,0,0,0,0,0,0,0,0,0,0,0,0,0,0,0,0,0,0,0,0,0,0,0,0,0
0,1,0,1,1,0,0,0,0,0,0,0,0,0,0,1,1,1,0,1,1,1,0,0,0,1,1,0,0,0,0,0,0,1,0,0,0,0,0,0,0,1,0,0,0,1,0,1,0,1,1,1,1,1,0,1,0,0,0,0,0,1,1,1,1,1,0,1,0,0,1,0,0,0,1,0,1,0,0,1,0,1,1,1,1,0,0,1,1,1,0,1,1,1,1,0,1,0,0,1,0,1,1,1,1,1,1,0,0,1,1,1,0,0,0,1,1,0,1,0,0,1,1,0,0,0,1,0,0,0,1,0,0,0,0,1,0,0,1,0,1,0,0,0,1,0,0,1,1,0,0,0,0,0,0,1,0,0,0,0,1,0,0,1,1,0,0,0,0,0,1,0,0,0,1,0,1,1,0,0,0,0,0,0,0,1,0,0,0,0,0,0,0,0,0,0,0,0,0,0,0,0,0,0,0,0,0,0,0,0,0,0,0,0,0,0,0,0,0,0,0
0,1,0,1,1,0,0,0,0,0,0,0,0,0,0,1,1,1,0,1,1,1,0,0,0,1,1,0,0,0,0,0,0,1,0,0,1,0,0,0,0,1,0,0,0,1,0,1,0,1,1,1,1,1,0,1,0,0,0,0,0,1,1,1,1,1,0,1,0,0,1,0,0,0,1,0,1,0,0,1,0,1,1,1,1,0,0,1,1,1,0,1,1,1,1,0,1,0,0,1,0,1,1,1,1,1,1,0,0,1,1,1,0,0,0,1,1,0,1,0,0,1,1,0,0,0,0,0,0,0,1,0,0,0,0,1,0,0,1,0,1,0,0,0,1,0,0,1,0,0,0,0,0,0,0,1,0,0,0,0,1,0,0,1,1,0,0,0,0,0,1,0,0,0,1,0,1,1,0,0,0,0,0,0,0,1,0,0,0,0,0,0,0,0,0,0,0,0,0,0,0,0,0,0,0,0,1,0,0,0,0,0,0,0,0,0,0,0,0,0,0
0,1,0,1,1,0,0,0,0,0,0,0,0,0,0,1,1,1,0,1,1,1,0,0,0,1,1,0,0,0,0,0,0,1,0,0,0,1,1,0,0,1,0,0,0,1,0,1,0,1,1,1,1,1,0,1,0,0,0,0,0,1,1,1,1,1,0,1,0,0,1,0,0,0,1,0,1,0,0,1,0,1,1,1,1,0,0,1,1,1,0,1,1,1,1,0,1,0,0,1,0,1,1,1,1,1,1,0,0,1,1,1,0,0,0,1,1,0,1,0,0,1,1,0,0,0,1,0,0,0,1,0,0,0,0,1,0,0,1,0,1,0,0,0,1,0,0,1,1,0,0,0,0,0,0,1,0,0,0,0,1,0,0,1,1,0,0,0,0,0,1,0,0,0,1,0,1,1,0,0,0,0,0,0,0,1,0,0,0,0,0,0,0,0,0,0,0,0,0,0,0,0,0,0,0,0,0,0,0,0,0,0,0,0,0,0,0,0,0,0,0
0,1,0,1,1,1,1,0,0,0,0,0,0,0,0,1,1,1,0,1,1,1,0,0,0,1,1,0,0,0,1,0,0,1,0,0,0,0,0,1,0,1,0,1,0,1,0,1,0,1,1,1,1,1,0,1,1,0,0,0,0,1,1,1,1,1,0,1,1,0,1,1,0,0,1,0,1,0,0,1,0,1,1,1,1,1,1,1,1,1,0,1,1,1,1,0,1,0,0,1,0,1,1,1,1,1,1,0,0,1,1,1,0,0,0,1,1,0,1,0,0,1,1,0,0,0,1,0,0,0,1,0,0,0,0,1,0,0,1,0,1,0,0,0,1,0,0,1,1,1,0,0,0,0,0,1,0,0,0,0,1,0,0,1,1,0,0,0,0,0,1,1,1,0,1,0,1,1,0,0,0,0,0,0,0,1,0,0,0,0,0,0,0,0,0,0,0,0,0,0,0,0,0,0,0,0,0,0,0,0,0,0,0,0,0,0,0,0,0,0,0
0,1,0,1,1,0,0,0,0,0,0,0,0,0,0,1,1,1,1,1,1,1,0,1,0,1,1,0,0,0,0,0,0,1,0,0,0,1,1,0,0,1,0,0,0,1,0,1,0,1,1,0,1,1,0,1,0,0,0,0,0,1,1,1,1,1,0,1,0,0,1,0,0,0,1,0,1,0,0,1,0,1,1,1,1,0,0,1,1,1,0,1,1,1,1,0,1,0,0,1,0,1,1,1,1,1,1,0,0,1,1,1,0,0,0,1,1,0,1,0,0,1,1,0,0,0,1,0,0,0,1,0,0,0,0,1,0,0,1,0,1,0,0,0,1,0,0,1,1,0,0,0,0,0,0,1,0,0,0,0,1,0,0,1,1,0,0,0,0,0,1,0,0,0,1,0,1,1,0,0,0,0,0,0,0,1,0,0,0,0,0,0,0,0,0,0,0,0,0,0,0,0,0,0,0,0,0,0,0,0,0,0,0,0,0,0,0,0,0,0,0
0,1,0,1,1,1,0,0,0,0,0,0,0,0,0,1,1,1,0,1,1,1,0,0,0,1,1,0,0,0,1,0,0,1,0,0,0,0,0,0,0,1,0,1,0,1,0,1,0,1,1,1,1,1,0,1,0,0,0,0,0,1,1,1,1,1,0,1,0,0,1,1,0,0,1,0,1,1,0,1,1,1,1,1,1,1,0,1,1,1,0,1,1,1,1,0,1,0,0,1,0,1,1,1,1,1,1,0,0,1,1,1,0,0,0,1,1,0,1,0,0,1,1,0,0,0,1,0,0,0,1,0,0,0,0,1,0,0,1,0,1,0,0,0,1,0,0,1,1,0,0,0,0,0,0,1,0,0,0,0,1,0,0,1,1,0,0,0,0,0,1,1,1,0,1,0,1,1,0,0,0,0,0,0,0,1,0,0,0,0,0,0,0,0,0,0,0,0,0,0,0,0,0,0,0,0,0,0,0,0,0,0,0,0,0,0,0,0,0,0,0
0,1,0,1,1,0,0,0,0,0,0,0,0,0,0,1,1,1,0,1,1,1,0,0,0,1,1,0,0,0,0,0,0,1,0,0,1,0,0,0,0,1,0,0,0,1,0,1,0,1,1,1,1,1,0,1,0,0,0,0,0,1,1,1,1,1,0,1,0,0,1,0,0,0,1,0,1,0,0,1,0,1,1,1,1,0,0,1,1,1,0,1,1,1,1,0,1,0,0,1,0,1,1,1,1,1,1,0,0,1,1,1,0,0,0,1,1,0,1,0,0,1,1,0,0,0,0,0,0,0,1,0,0,0,0,1,0,0,1,0,1,0,0,0,1,0,0,1,0,0,0,0,0,0,0,1,0,0,0,0,1,0,0,1,1,0,0,0,0,0,1,0,0,0,1,0,1,1,0,0,0,0,0,0,0,1,0,0,0,0,0,0,0,0,0,0,0,0,0,0,0,0,0,0,0,0,0,0,0,0,0,0,0,0,0,0,0,0,0,0,0
0,1,0,1,1,0,0,0,0,0,0,0,0,0,0,1,1,1,0,1,1,1,0,0,0,1,1,0,0,0,0,0,0,1,0,0,0,0,0,0,0,1,0,0,0,1,0,1,0,1,1,1,1,1,0,1,0,0,0,0,0,1,1,1,1,1,0,1,0,0,1,0,0,0,1,0,1,0,0,1,0,1,1,1,1,0,0,1,1,1,0,1,1,1,1,0,1,0,0,1,0,1,1,1,1,1,1,0,0,1,1,1,0,0,0,1,1,0,1,0,0,1,1,0,0,0,1,0,0,0,1,0,0,0,0,1,0,0,1,0,1,0,0,0,1,0,0,1,1,0,0,0,0,0,0,1,0,0,0,0,1,0,0,1,1,0,0,0,0,0,1,0,0,0,1,0,1,1,0,0,0,0,0,0,0,1,0,0,0,0,0,0,0,0,0,0,0,0,0,0,0,0,0,0,0,0,0,0,0,0,0,0,0,0,0,0,0,0,0,0,0
0,0,0,1,1,0,0,0,1,0,0,0,0,0,0,1,1,1,0,1,1,1,0,0,0,1,1,0,0,0,0,1,0,1,0,0,0,0,0,0,0,1,0,0,0,1,0,1,0,1,1,0,1,1,0,1,0,0,0,0,0,1,1,1,1,1,0,1,0,0,1,0,0,0,1,0,1,0,0,1,0,1,1,1,1,0,0,1,1,1,0,1,1,1,1,0,1,0,0,1,0,1,1,1,1,1,1,0,0,1,1,1,0,0,0,1,1,0,1,0,0,1,1,0,0,0,0,0,0,0,1,0,0,0,0,1,0,0,1,0,1,0,0,0,1,0,0,1,0,0,0,0,0,0,0,1,0,0,0,0,1,0,0,1,1,0,0,0,0,0,1,0,0,0,1,0,1,1,0,0,0,0,0,0,0,1,0,0,0,0,0,0,0,0,0,0,0,0,0,0,0,0,0,0,0,0,0,0,0,0,0,0,0,0,0,0,0,0,0,0,0
0,0,0,1,1,1,0,0,0,0,0,0,0,0,0,1,1,1,0,1,1,1,0,0,0,1,1,0,0,0,1,0,0,1,0,0,0,0,0,0,0,1,1,1,0,1,0,1,1,1,1,0,1,1,0,1,0,0,0,0,0,1,1,1,1,1,0,1,1,0,1,0,0,0,1,0,1,0,0,1,0,1,1,1,1,0,0,1,1,1,0,1,1,1,1,0,1,0,0,1,0,1,1,1,1,1,1,0,0,1,1,1,0,0,0,1,1,0,1,0,0,1,1,0,1,0,0,0,0,0,1,0,0,0,0,1,0,0,1,0,1,0,0,0,1,0,0,1,0,0,1,1,0,0,0,1,0,0,0,0,1,0,0,1,1,0,0,0,0,0,1,0,0,0,1,0,1,1,1,0,0,0,0,0,0,1,0,0,0,0,0,0,0,0,0,0,0,0,0,0,0,0,0,0,0,0,0,0,0,0,0,0,0,0,0,0,0,0,0,0,0
0,0,0,1,1,0,0,0,0,0,1,0,1,1,0,1,1,1,0,0,0,0,0,0,0,1,1,0,0,0,0,0,0,1,0,0,0,0,0,0,0,1,0,0,0,1,0,1,0,1,1,0,1,1,0,1,0,0,0,0,0,1,1,1,1,1,0,1,0,0,1,0,0,0,1,0,1,0,0,1,0,1,1,1,1,0,0,1,1,1,0,1,1,1,1,0,1,0,0,1,0,1,1,1,1,1,1,0,0,1,1,1,0,0,0,1,1,0,1,0,0,1,1,0,0,0,0,0,0,0,1,0,0,0,0,1,0,0,1,0,1,0,0,0,1,0,0,1,0,0,0,0,0,0,0,1,0,0,0,0,1,0,0,1,1,0,0,0,0,0,1,0,0,0,1,0,1,1,0,0,0,0,0,0,0,1,0,0,0,0,0,0,0,0,0,0,0,0,0,0,0,0,0,0,0,0,0,0,0,0,0,0,0,0,0,0,0,0,0,0,0
1,1,0,1,1,1,1,1,0,0,0,0,0,0,0,0,0,1,1,0,0,1,0,0,0,0,1,0,0,0,1,0,0,1,1,0,0,0,1,1,0,1,0,1,0,0,0,1,1,0,0,1,0,0,0,0,0,1,1,0,0,0,0,1,1,0,0,0,1,1,0,1,0,1,0,1,0,0,0,0,1,0,0,1,0,0,0,0,1,0,1,0,0,0,0,0,0,1,0,1,0,0,0,0,0,1,0,0,1,0,0,1,1,1,1,0,0,1,1,0,1,0,0,1,0,1,0,1,1,0,0,0,0,0,0,0,1,0,1,1,0,0,0,0,0,1,1,1,0,0,0,0,1,1,0,0,0,0,0,1,1,1,0,1,0,1,0,0,1,0,1,0,0,1,0,1,1,0,0,1,0,1,1,1,1,0,1,1,0,1,0,1,0,0,0,0,0,0,1,0,0,1,0,0,0,0,0,1,1,0,0,0,1,0,1,0,1,0,0,0,1
1,1,1,1,1,1,1,1,0,0,0,0,0,0,0,0,0,1,1,0,0,1,0,0,0,0,1,0,0,0,1,0,0,1,1,0,0,0,1,1,0,1,0,1,0,0,0,1,1,0,0,1,0,0,0,0,0,1,1,0,0,0,0,1,1,0,0,0,1,1,0,1,0,1,0,1,0,0,0,0,1,0,0,1,0,0,0,0,1,0,1,0,0,0,0,0,0,1,0,1,0,0,0,0,0,1,0,0,1,0,0,1,1,1,1,0,0,1,1,0,1,0,0,1,0,1,0,1,1,0,0,0,0,0,0,0,1,0,0,1,0,0,0,0,0,1,1,1,0,0,0,0,1,1,0,0,0,0,0,1,1,1,0,1,0,1,0,0,1,0,1,0,0,1,0,1,1,0,0,1,0,1,1,1,1,0,1,1,0,1,0,1,0,0,0,0,0,0,1,0,0,1,0,0,0,0,0,1,1,0,0,0,1,0,1,0,1,0,0,0,1
1,1,0,1,1,1,1,1,0,0,1,0,0,1,1,0,0,1,1,0,0,1,0,0,0,1,1,1,1,1,1,0,0,1,0,0,0,0,1,1,0,1,0,1,0,0,0,1,0,0,0,0,0,0,0,0,0,1,1,1,0,0,0,1,1,0,0,0,1,0,0,1,0,1,0,1,0,0,0,0,1,0,0,1,0,0,0,0,1,0,1,0,0,0,0,1,0,1,0,1,0,0,0,0,0,1,0,1,1,0,0,1,1,1,0,0,0,1,1,0,1,0,0,1,1,0,0,1,1,0,0,0,1,0,0,0,1,0,1,1,0,1,0,0,0,1,1,1,0,0,1,1,0,1,1,0,0,1,0,1,1,0,1,1,0,1,0,0,1,0,1,0,0,1,0,1,1,0,1,0,0,1,0,1,1,0,1,0,1,1,0,1,1,0,1,1,0,1,0,0,0,1,0,1,0,0,0,0,0,0,1,0,0,0,0,0,0,0,1,0,0
1,1,1,1,1,1,1,1,0,0,1,0,0,1,1,0,0,1,1,0,0,1,0,0,0,1,1,1,1,1,1,0,0,1,0,0,0,0,1,1,0,1,0,1,0,0,0,1,0,0,0,0,0,0,0,0,0,1,1,1,0,0,0,1,1,0,0,0,1,0,0,1,0,1,0,1,0,0,0,0,1,0,0,1,0,0,0,0,1,0,1,0,0,0,0,1,0,1,0,1,0,0,0,0,0,1,0,1,1,0,0,1,1,1,0,0,0,1,1,0,1,0,0,1,1,0,0,1,1,0,0,0,1,0,0,0,1,0,0,1,0,1,0,0,0,1,1,1,0,0,1,1,0,1,1,0,0,1,0,1,1,0,1,1,0,1,0,0,1,0,1,0,0,1,0,1,1,0,1,0,0,1,0,1,1,0,1,0,1,1,0,1,1,0,1,1,0,1,0,0,0,1,0,1,0,0,0,0,0,0,1,0,0,0,0,0,0,0,1,0,0
0,1,0,1,1,1,1,0,1,0,1,0,1,1,1,0,0,1,1,0,0,1,0,0,0,1,1,1,1,1,1,1,0,1,0,0,0,0,1,1,0,1,0,1,1,1,0,1,0,0,0,0,0,1,1,0,0,0,0,0,1,1,0,1,1,1,0,1,0,0,1,1,1,1,0,1,0,0,0,1,1,0,0,1,0,0,0,1,1,1,0,1,0,0,0,0,1,0,0,1,0,1,0,0,1,1,1,0,1,1,1,1,0,0,0,1,1,0,1,0,1,1,0,0,0,0,1,0,0,0,1,0,0,0,0,1,0,0,1,0,0,0,0,1,0,0,0,1,1,0,0,0,0,0,0,0,0,0,0,0,1,0,0,1,0,0,0,0,0,0,1,0,0,0,0,0,1,1,0,0,1,0,0,1,1,0,0,0,0,0,0,0,0,0,0,0,0,0,0,0,0,0,0,0,0,0,0,0,0,0,0,0,0,0,0,0,0,0,0,0,0
1,1,1,1,1,1,1,0,1,0,1,0,1,1,1,0,0,1,1,0,0,1,0,0,0,1,1,1,1,1,1,1,0,1,0,0,0,0,1,1,0,1,0,1,1,1,0,1,0,0,0,0,0,1,1,0,0,0,0,0,1,1,0,1,1,1,0,1,0,0,1,1,1,1,0,1,0,0,0,1,1,0,0,1,0,0,0,1,1,1,0,1,0,0,0,0,1,0,0,1,0,1,0,0,1,1,1,0,1,1,1,1,0,0,0,1,1,0,1,0,1,1,0,0,0,0,1,0,0,0,1,0,0,0,0,1,0,0,0,0,0,0,0,1,0,0,0,1,1,0,0,0,0,0,0,0,0,0,0,0,1,0,0,1,0,0,0,0,0,0,1,0,0,0,0,0,1,1,0,0,1,0,0,1,1,0,0,0,0,0,0,0,0,0,0,0,0,0,0,0,0,0,0,0,0,0,0,0,0,0,0,0,0,0,0,0,0,0,0,0,0
1,1,1,1,1,1,1,0,1,0,1,0,1,1,1,0,0,1,1,0,0,1,1,1,1,1,1,1,1,1,1,1,0,1,0,0,0,0,1,1,0,1,0,1,1,1,0,1,0,0,0,0,0,1,1,0,0,0,0,1,1,1,0,1,1,1,0,1,0,0,1,1,1,1,0,1,0,0,0,1,1,0,0,1,0,0,0,1,1,1,0,1,0,0,0,0,1,0,0,1,0,1,0,0,1,1,1,0,1,1,1,1,0,0,0,1,1,0,1,0,1,1,0,0,0,0,0,0,0,0,1,1,0,0,0,1,0,0,1,0,0,0,0,1,0,0,0,1,0,0,0,0,0,0,0,0,0,0,0,0,1,0,0,1,0,0,0,0,0,0,1,0,0,0,0,0,1,1,0,0,1,0,0,1,1,0,0,0,0,0,0,0,0,0,0,0,0,0,0,0,0,0,0,0,0,0,0,0,0,0,0,0,0,1,0,0,0,0,0,0,0
1,1,0,1,1,0,0,0,0,0,0,0,0,0,0,1,1,1,0,1,1,1,0,1,1,1,1,1,1,0,0,0,0,0,0,0,0,0,1,0,0,1,0,0,0,1,0,1,0,1,1,0,0,1,1,0,0,0,0,0,0,1,1,0,0,1,1,1,0,0,1,0,0,0,1,1,0,0,0,1,0,1,1,1,0,0,0,1,1,1,0,1,0,0,1,0,1,0,0,1,0,1,0,1,1,0,1,0,0,1,1,1,0,0,0,1,1,0,1,0,0,1,0,0,0,0,0,0,0,0,1,1,0,0,0,1,0,0,1,0,0,0,0,1,1,0,0,1,0,0,0,0,0,0,0,1,0,0,0,0,1,0,0,1,0,0,0,0,0,0,0,0,0,0,0,0,1,1,0,0,1,0,0,0,0,0,0,0,0,0,0,0,0,0,0,0,0,0,0,0,0,0,0,0,0,0,0,0,0,0,0,0,0,1,0,0,0,0,0,0,0
1,1,1,1,1,1,1,0,1,0,1,0,1,1,1,0,0,1,1,0,0,1,1,1,1,1,1,1,1,1,1,1,0,1,0,0,0,0,1,1,0,1,0,1,1,1,0,1,0,0,0,0,0,1,1,0,0,0,0,1,1,1,0,1,1,1,0,1,0,0,1,1,1,1,0,1,0,0,0,1,1,0,0,1,0,0,0,1,1,1,0,1,0,0,0,0,1,0,0,1,0,1,0,0,1,1,1,0,1,1,1,1,0,0,0,1,1,0,1,0,1,1,0,0,0,0,0,0,0,0,1,1,0,0,0,1,0,0,0,0,0,0,0,1,0,0,0,1,0,0,0,0,0,0,0,0,0,0,0,0,1,0,0,1,0,0,0,0,0,0,1,0,0,0,0,0,1,1,0,0,1,0,0,1,1,0,0,0,0,0,0,0,0,0,0,0,0,0,0,0,0,0,0,0,0,0,0,0,0,0,0,0,0,1,0,0,0,0,0,0,0
1,1,1,1,1,0,0,0,0,0,0,0,0,0,0,1,1,1,1,1,1,1,0,1,1,1,1,1,1,1,0,0,0,0,0,0,0,0,1,0,0,1,0,0,0,1,0,1,0,1,1,0,0,1,1,0,0,0,0,1,0,1,1,0,0,1,1,1,0,0,1,0,0,0,1,1,0,0,0,1,0,1,1,1,0,0,0,1,1,1,0,1,0,0,1,0,1,0,0,1,0,1,0,1,1,0,1,0,0,1,1,1,0,0,0,1,1,0,1,0,0,1,0,0,0,0,0,0,0,0,1,1,0,0,0,1,0,0,1,0,0,0,0,1,1,0,0,1,0,0,0,0,0,0,0,1,0,0,0,0,1,0,0,1,0,0,0,0,0,0,0,0,0,0,0,0,1,1,0,0,1,0,0,0,0,0,0,0,0,0,0,0,0,0,0,1,1,0,0,0,0,0,0,0,0,0,1,0,0,0,0,0,0,0,0,1,0,0,0,0,0
1,1,0,1,0,0,0,0,0,0,0,0,0,0,0,1,1,1,1,1,1,1,0,1,1,0,1,0,0,0,0,0,0,0,0,0,1,0,0,0,0,1,0,0,0,0,0,1,0,0,0,0,0,0,0,0,0,0,0,1,0,0,1,0,0,0,0,0,0,0,0,0,0,0,0,0,0,0,0,0,0,0,0,0,0,0,0,0,1,0,0,0,0,0,0,0,0,0,0,0,0,0,0,0,0,0,0,0,0,0,0,1,0,0,0,0,0,0,1,0,0,0,0,0,0,0,0,0,0,0,0,0,0,0,0,0,0,0,0,0,0,0,0,0,0,0,0,1,0,0,0,0,0,0,0,0,0,0,0,0,1,0,0,1,0,0,0,0,0,0,0,0,0,0,0,0,1,0,0,0,0,0,0,0,0,0,0,0,0,0,0,0,0,0,0,1,1,0,0,0,0,0,0,0,0,0,1,0,0,0,0,0,0,0,0,1,0,0,0,0,0
1,1,1,1,1,1,1,0,0,0,0,0,0,0,0,1,1,1,1,1,1,1,0,1,1,1,1,1,1,1,1,0,0,0,0,0,0,0,1,1,0,1,0,1,0,1,0,1,1,1,1,1,0,1,1,0,0,1,1,0,0,1,1,0,0,1,1,1,1,0,1,0,0,0,1,1,0,0,0,1,0,1,1,1,0,0,0,1,1,1,1,1,0,0,1,0,1,1,0,1,0,1,0,1,1,0,1,0,0,1,1,1,1,1,1,1,1,1,1,0,0,1,0,1,0,1,0,1,1,0,1,1,0,0,0,1,1,0,1,1,0,0,0,1,1,1,1,1,0,0,0,0,0,1,0,1,0,0,0,1,1,1,0,1,0,1,0,0,1,0,0,0,0,1,0,1,1,1,0,1,1,1,0,0,0,0,1,1,0,1,0,1,0,0,0,1,0,1,1,0,0,1,0,0,0,0,1,1,1,1,0,0,1,1,1,0,1,1,0,0,1
1,1,0,1,0,1,1,0,0,0,0,0,0,0,0,0,0,1,1,0,0,1,1,0,0,0,1,0,1,0,1,0,0,1,0,0,0,0,1,1,0,1,0,1,0,0,0,1,0,0,0,1,0,1,1,0,0,0,0,0,0,0,1,1,1,0,0,0,0,0,0,1,0,1,0,1,0,1,0,0,1,0,0,1,0,1,0,0,1,0,0,0,0,0,0,1,1,0,0,1,0,0,0,0,0,0,0,1,1,0,0,1,0,0,0,1,1,0,1,0,1,0,0,0,0,0,1,0,0,0,0,0,1,0,0,1,0,0,0,0,0,1,0,1,0,0,0,1,1,0,0,0,0,0,0,0,0,1,0,0,1,0,0,1,0,0,0,0,0,0,1,1,0,0,0,0,1,1,0,0,1,0,0,1,1,0,0,0,1,0,0,0,1,0,1,1,1,0,0,0,0,0,0,1,0,0,0,0,0,0,0,0,0,1,0,0,0,0,0,0,0
1,1,0,1,0,1,1,0,0,0,0,0,0,0,0,1,1,1,1,0,0,1,1,1,0,0,1,0,1,0,1,0,0,1,0,0,0,0,1,1,0,1,0,1,0,0,0,1,0,0,0,1,0,1,1,0,0,0,0,0,0,0,1,1,1,0,0,0,0,0,0,1,0,1,0,1,0,1,0,0,1,0,0,1,0,1,0,0,1,0,0,0,0,0,0,1,1,0,0,1,0,0,0,0,0,0,0,1,1,0,0,1,0,0,0,1,1,0,1,0,1,0,0,0,0,0,1,0,0,0,0,0,1,0,0,1,0,0,0,0,0,1,0,1,0,0,0,1,1,0,0,0,0,0,0,0,0,1,0,0,1,0,0,1,0,0,0,0,0,0,1,1,0,0,0,0,1,1,0,0,1,0,0,1,1,0,0,0,1,0,0,0,1,0,1,1,1,0,0,0,0,0,0,1,0,0,0,0,0,0,0,0,0,1,0,0,0,0,0,0,0
0,1,0,1,0,1,1,0,0,0,0,0,0,0,0,1,1,1,1,0,0,1,1,1,0,0,1,0,1,0,1,0,0,1,0,0,0,0,1,1,0,1,1,1,0,0,0,1,1,0,0,1,0,1,1,0,0,0,0,0,0,0,1,1,1,0,0,0,1,0,0,1,0,1,0,1,0,1,0,0,1,0,0,1,0,1,0,0,1,0,0,0,0,0,0,1,1,0,0,1,0,0,0,0,0,0,0,1,1,0,0,1,0,0,0,1,1,0,1,0,1,0,0,0,1,0,1,0,0,0,0,0,1,0,0,1,0,0,0,0,0,1,0,1,0,0,0,1,1,0,1,1,0,0,0,0,0,1,0,0,1,0,0,1,0,0,0,0,0,0,1,1,0,0,0,0,1,1,1,0,1,0,0,1,1,0,0,0,1,0,0,0,1,0,1,1,1,0,0,0,0,0,0,1,0,0,0,0,0,0,0,0,0,1,0,0,0,0,0,0,0
1,1,0,1,0,1,1,0,0,0,0,0,0,0,0,0,0,1,1,0,0,1,1,0,0,0,1,0,1,0,1,0,0,0,0,0,0,0,0,1,0,1,1,1,0,0,0,1,1,0,0,1,0,0,0,0,0,1,1,0,0,0,1,0,0,0,0,0,1,0,0,1,0,1,0,0,0,0,0,0,1,0,0,0,0,0,0,0,1,0,1,0,0,0,0,1,0,1,0,0,0,0,0,0,0,0,0,1,0,0,0,1,1,1,0,0,0,1,1,0,1,0,0,1,0,0,0,1,1,0,0,0,1,0,0,0,1,0,0,1,0,1,0,0,0,1,1,1,0,0,1,0,0,1,1,0,0,1,0,1,1,0,1,1,0,1,1,0,1,0,0,0,0,1,0,1,1,0,0,0,0,1,0,1,1,0,1,0,1,1,0,0,1,1,0,1,1,1,0,0,0,0,0,1,1,0,0,1,0,0,0,0,0,1,1,0,0,0,0,0,0
1,1,1,1,0,1,1,0,0,0,0,0,0,0,0,1,1,1,1,0,0,1,1,1,0,0,1,0,1,0,1,0,0,1,0,0,0,0,1,1,0,1,0,1,0,0,0,1,0,0,0,1,0,1,1,0,0,0,0,0,0,0,1,1,1,0,0,0,0,0,0,1,0,1,0,1,0,1,0,0,1,0,0,1,0,1,0,0,1,0,0,0,0,0,0,1,1,0,0,1,0,0,0,0,0,0,0,1,0,0,0,1,0,0,0,1,1,0,1,0,1,0,0,0,0,0,0,0,0,0,0,0,1,0,0,1,0,0,0,0,0,1,0,1,0,0,0,1,0,0,0,0,0,0,0,0,0,1,0,0,1,0,0,1,0,0,0,0,0,0,1,1,0,0,0,0,1,1,0,0,1,0,0,1,1,0,0,0,1,0,0,0,1,0,1,1,1,0,0,0,0,0,0,1,0,0,0,0,0,0,0,0,0,1,0,0,0,0,0,0,0
1,1,0,1,0,1,1,0,0,0,0,0,0,0,0,1,1,1,1,0,0,1,1,1,0,0,1,0,1,0,1,0,0,0,0,0,0,0,0,1,0,1,1,1,0,0,0,1,1,0,0,1,0,0,0,0,0,1,1,0,0,0,1,0,0,0,0,0,1,0,0,1,0,1,0,0,0,0,0,0,1,0,0,0,0,0,0,0,1,0,1,0,0,0,0,1,0,1,0,0,0,0,0,0,0,0,0,1,0,0,0,1,1,1,0,0,0,1,1,0,1,0,0,1,1,0,0,1,1,0,0,0,1,0,0,0,1,0,0,1,0,1,0,0,0,1,1,1,0,0,1,1,0,1,1,0,0,1,0,1,1,0,1,1,0,1,1,0,1,0,0,0,0,1,0,1,1,0,1,0,0,1,0,1,1,0,1,0,1,1,0,0,1,1,0,1,1,1,0,0,0,0,0,1,1,0,0,1,0,0,0,0,0,1,1,0,0,0,0,0,0
1,1,0,1,0,1,1,0,0,0,0,0,0,0,0,1,1,1,1,0,0,1,1,1,0,0,1,0,1,0,1,0,0,0,0,0,0,0,0,1,0,1,1,1,0,0,0,1,1,0,0,1,0,0,0,0,0,1,1,0,0,0,1,0,0,0,0,0,1,0,0,1,0,1,0,0,0,0,0,0,1,0,0,0,0,0,0,0,1,0,1,0,0,0,0,1,0,1,0,0,0,0,0,0,0,0,0,1,0,0,0,1,1,1,0,0,0,1,1,0,1,0,0,1,0,0,0,1,1,0,0,0,1,0,0,0,1,0,0,1,0,1,0,0,0,1,1,1,0,0,1,0,0,1,1,0,0,1,0,1,1,0,1,1,0,1,1,0,1,0,0,0,0,1,0,1,1,0,0,0,0,1,0,1,1,0,1,0,1,1,0,0,1,1,0,1,1,1,0,0,0,0,0,1,1,0,0,1,0,0,0,0,0,1,1,0,0,0,0,0,0
1,1,0,1,0,1,1,0,0,0,0,0,0,0,0,0,0,1,1,0,0,1,1,0,0,0,1,0,1,0,1,0,0,0,0,0,0,0,0,1,0,1,1,1,0,0,0,1,1,0,0,1,0,0,0,0,0,1,1,0,0,0,1,0,0,0,0,0,1,0,0,1,0,1,0,0,0,0,0,0,1,0,0,0,0,0,0,0,1,0,1,0,0,0,0,1,0,1,0,0,0,0,0,0,0,0,0,1,0,0,0,1,1,1,0,0,0,1,1,0,1,0,0,1,0,0,0,1,1,0,0,0,1,0,0,0,1,0,0,1,0,1,0,0,0,1,1,1,0,0,1,0,0,1,1,0,0,1,0,1,1,0,1,1,0,1,0,0,1,0,0,0,0,1,0,1,1,0,0,0,0,1,0,1,1,0,1,0,1,1,0,1,1,1,0,1,1,1,0,0,0,1,0,1,1,0,0,1,0,0,0,0,0,1,1,0,0,0,0,0,0
1,1,1,1,1,1,1,0,0,0,1,0,1,1,0,1,1,1,1,0,0,1,1,1,1,1,1,0,1,1,1,0,0,1,0,0,0,1,1,1,0,1,1,1,0,0,0,1,1,0,0,1,1,1,1,0,0,1,1,0,0,0,1,1,1,1,0,0,1,0,1,1,1,1,0,1,0,0,0,1,1,0,0,1,1,1,0,1,1,1,1,1,1,1,0,1,1,1,0,1,0,1,1,1,1,0,1,1,0,1,1,1,1,1,0,1,1,1,1,0,1,1,1,1,0,0,1,1,1,0,1,0,1,0,0,1,1,0,1,1,1,1,0,1,0,1,1,1,1,0,1,0,0,1,1,0,0,1,0,1,1,0,1,1,1,1,1,0,1,0,1,1,1,1,1,1,1,1,0,0,1,1,0,1,1,1,1,0,1,1,0,0,1,1,0,1,1,1,0,0,0,0,0,1,1,0,0,1,0,0,0,0,0,1,1,0,0,0,0,0,0
1,1,1,1,0,1,1,0,0,0,0,0,0,0,0,1,1,1,1,0,0,1,1,1,0,0,1,0,1,0,1,0,0,0,0,0,0,0,0,1,0,1,1,1,0,0,0,1,1,0,0,1,0,0,0,0,0,1,1,0,0,0,1,0,0,0,0,0,1,0,0,1,0,1,0,0,0,0,0,0,1,0,0,0,0,0,0,0,1,0,1,0,0,0,0,1,0,1,0,0,0,0,0,0,0,0,0,1,0,0,0,1,1,1,0,0,0,1,1,0,1,0,0,1,0,0,0,1,1,0,0,0,1,0,0,0,1,0,0,1,0,1,0,0,0,1,1,1,0,0,1,0,0,1,1,0,0,1,0,1,1,0,1,1,0,1,0,0,1,0,0,0,0,1,0,1,1,0,0,0,0,1,0,1,1,0,1,0,1,1,0,1,1,1,0,1,1,1,0,0,0,1,0,1,1,0,0,1,0,0,0,0,0,1,1,0,0,0,0,0,0
1,1,1,1,0,1,1,0,0,0,0,0,0,0,0,0,0,1,1,0,0,1,1,0,0,0,1,0,1,0,1,0,0,0,0,0,0,0,0,1,0,1,1,1,0,0,0,1,1,0,0,1,0,0,0,0,0,1,1,0,0,0,1,0,0,0,0,0,1,0,0,1,0,1,0,0,0,0,0,0,1,0,0,0,0,0,0,0,1,0,1,0,0,0,0,1,0,1,0,0,0,0,0,0,0,0,0,1,0,0,0,1,1,1,0,0,0,1,1,0,1,0,0,1,0,0,0,1,1,0,0,0,1,0,0,0,1,0,0,1,0,1,0,0,0,1,1,1,0,0,1,0,0,1,1,0,0,1,0,1,1,0,1,1,0,1,0,0,1,0,0,0,0,1,0,1,1,0,0,0,0,1,0,1,1,0,1,0,1,1,0,0,1,1,0,1,1,1,0,0,0,0,0,1,1,0,0,1,0,0,0,0,0,1,1,0,0,0,0,0,0
1,1,1,1,0,1,1,0,0,0,0,0,0,0,0,1,1,1,1,0,0,1,1,1,0,0,1,0,1,0,1,0,0,0,0,0,0,0,0,1,0,1,1,1,0,0,0,1,1,0,0,1,0,0,0,0,0,1,1,0,0,0,1,0,0,0,0,0,1,0,0,1,0,1,0,0,0,0,0,0,1,0,0,0,0,0,0,0,1,0,1,0,0,0,0,1,0,1,0,0,0,0,0,0,0,0,0,1,0,0,0,1,1,1,0,0,0,1,1,0,1,0,0,1,0,0,0,1,1,0,0,0,1,0,0,0,1,0,0,1,0,1,0,0,0,1,1,1,0,0,1,0,0,1,1,0,0,1,0,1,1,0,1,1,0,1,0,0,1,0,0,0,0,1,0,1,1,0,0,0,0,1,0,1,1,0,1,0,1,1,0,0,1,1,0,1,1,1,0,0,0,0,0,1,1,0,0,1,0,0,0,0,0,1,1,0,0,0,0,0,0
1,1,1,1,0,1,1,0,0,0,0,0,0,0,0,0,0,1,1,0,0,1,1,0,0,0,1,0,1,0,1,0,0,0,0,0,0,0,0,1,0,1,1,1,0,0,0,1,1,0,0,1,0,0,0,0,0,1,1,0,0,0,1,0,0,0,0,0,1,0,0,1,0,1,0,0,0,0,0,0,1,0,0,0,0,0,0,0,1,0,1,0,0,0,0,1,0,1,0,0,0,0,0,0,0,0,0,1,0,0,0,1,1,1,0,0,0,1,1,0,1,0,0,1,0,0,0,1,1,0,0,0,1,0,0,0,1,0,0,1,0,1,0,0,0,1,1,1,0,0,1,0,0,1,1,0,0,1,0,1,1,0,1,1,0,1,0,0,1,0,0,0,0,1,0,1,1,0,0,0,0,1,0,1,1,0,1,0,1,1,0,0,1,1,0,1,1,1,0,0,0,0,0,1,1,0,0,1,0,0,0,0,0,1,1,0,0,0,0,0,0
1,1,1,1,0,1,1,0,0,0,0,0,0,0,0,1,1,1,1,0,0,1,1,1,0,0,1,0,1,0,1,0,0,0,0,0,0,0,0,1,0,1,1,1,0,0,0,1,1,0,0,1,0,0,0,0,0,1,1,0,0,0,1,0,0,0,0,0,1,0,0,1,0,1,0,0,0,0,0,0,1,0,0,0,0,0,0,0,1,0,1,0,0,0,0,1,0,1,0,0,0,0,0,0,0,0,0,1,0,0,0,1,1,1,0,0,0,1,1,0,1,0,0,1,0,0,0,1,1,0,0,0,1,0,0,0,1,0,0,1,0,1,0,0,0,1,1,1,0,0,1,0,0,1,1,0,0,1,0,1,1,0,1,1,0,1,0,0,1,0,0,0,0,1,0,1,1,0,0,0,0,1,0,1,1,0,1,0,1,1,0,0,1,1,0,1,1,1,0,0,0,0,0,1,1,0,0,1,0,0,0,0,0,1,1,0,0,0,0,0,0
1,1,1,1,0,1,1,0,0,0,0,0,0,0,0,0,0,1,1,0,0,1,1,1,0,0,1,0,1,1,1,0,0,0,0,0,0,0,0,1,0,1,0,1,0,0,0,1,0,0,0,1,0,0,0,0,0,1,1,0,0,0,1,0,0,0,0,0,1,0,0,1,0,1,0,0,0,0,0,0,1,0,0,0,0,0,0,0,1,0,1,0,0,0,0,1,0,1,0,0,0,0,0,0,0,0,0,1,0,0,0,1,1,1,0,0,0,1,1,0,1,0,0,1,0,0,0,1,1,0,0,0,1,0,0,0,1,0,0,1,0,1,0,0,0,1,1,1,0,0,1,0,0,1,1,0,0,1,0,1,1,0,1,1,0,1,0,0,1,0,0,0,0,1,0,1,1,0,0,0,0,1,0,1,1,0,1,0,1,1,0,0,1,1,0,1,1,1,0,0,0,0,0,1,1,0,0,1,0,0,0,0,0,1,1,0,0,0,0,0,0
1,1,0,1,0,1,1,0,0,0,0,0,0,0,0,1,1,1,0,0,0,0,0,0,0,0,0,0,0,0,1,0,0,1,0,1,0,0,0,1,0,1,1,1,0,0,0,1,1,0,0,1,0,0,0,0,1,1,1,0,0,0,1,1,1,0,0,0,1,0,0,1,0,0,0,0,0,0,0,0,0,0,0,0,0,1,1,0,0,0,1,0,0,0,0,0,0,1,0,0,0,0,0,0,0,1,0,0,0,0,0,1,1,1,0,0,0,1,0,0,0,0,0,1,1,0,0,1,1,0,0,0,0,0,0,0,1,0,0,1,0,0,0,0,0,1,1,1,0,1,1,1,0,1,0,0,1,0,0,1,0,0,0,0,0,1,0,0,1,0,1,1,1,1,0,1,1,0,1,0,0,1,0,0,0,0,1,0,0,1,0,1,0,0,0,1,1,1,1,0,0,1,0,0,0,1,1,0,1,0,0,0,0,0,0,0,1,0,0,0,0
1,1,0,1,0,1,1,0,0,0,1,0,1,1,1,0,0,1,1,0,0,1,1,0,0,0,1,0,1,0,1,0,0,1,0,1,1,0,1,1,0,1,0,1,0,0,0,1,0,0,0,1,1,1,1,0,1,1,1,0,0,0,1,1,1,0,0,0,1,0,0,1,0,0,0,1,0,0,0,0,0,0,0,1,0,1,1,0,1,0,1,0,0,0,0,0,1,1,0,1,0,0,0,0,0,0,0,0,0,0,0,1,1,1,0,1,1,1,1,0,0,0,1,1,0,0,0,1,1,0,0,0,0,0,0,1,1,0,0,1,0,0,0,1,0,1,1,1,0,1,0,0,0,1,0,0,1,0,0,1,1,0,0,1,1,1,0,0,1,0,1,1,0,1,1,1,1,1,0,0,1,1,0,0,0,1,1,1,0,1,0,1,0,0,0,1,1,1,1,0,0,1,0,0,0,1,1,0,1,0,0,1,0,0,0,0,1,0,0,1,0
0,1,0,1,0,0,0,0,1,0,0,0,0,0,0,1,1,1,1,0,0,1,0,0,0,0,1,0,0,0,0,1,0,0,0,0,0,1,1,0,0,1,0,0,0,0,0,1,0,0,0,1,0,1,1,0,0,0,0,0,0,0,1,0,0,0,0,0,0,0,0,0,0,0,0,1,0,0,0,0,0,0,0,1,0,0,0,0,1,0,0,0,0,0,0,0,1,0,0,1,0,0,0,0,0,0,0,0,0,0,0,1,0,0,0,1,1,0,1,0,0,0,0,0,0,0,1,0,0,0,0,1,0,0,0,1,0,0,0,0,0,0,0,1,0,0,0,1,1,0,0,0,0,0,0,0,0,0,0,0,1,0,0,1,0,0,0,0,0,0,0,0,0,0,0,0,1,1,0,0,1,0,0,0,0,0,0,0,0,0,0,0,0,0,0,0,0,0,0,0,0,0,0,0,0,0,0,0,0,0,0,0,0,0,0,0,0,0,0,0,0
0,1,0,1,0,1,0,0,1,0,0,0,0,0,0,1,1,1,1,0,0,1,0,0,0,0,1,0,0,0,1,1,0,0,0,0,0,1,1,0,0,1,0,1,0,0,0,1,0,0,0,1,0,1,1,0,0,0,0,0,0,0,1,0,0,0,0,0,0,0,0,1,0,0,0,1,0,1,0,0,1,0,0,1,0,1,0,0,1,0,0,0,0,0,0,0,1,0,0,1,0,0,0,0,0,0,0,1,1,0,0,1,0,0,0,1,1,0,1,0,0,0,0,0,0,0,1,0,0,0,0,1,0,0,0,1,0,0,0,0,0,0,0,1,0,0,0,1,1,0,0,0,0,0,0,0,0,0,0,0,1,0,0,1,0,0,0,0,0,0,0,1,0,0,0,0,1,1,0,0,1,0,0,0,0,0,0,0,0,0,0,0,0,0,0,0,0,0,0,0,0,0,0,0,0,0,0,0,0,0,0,0,0,0,0,0,0,0,0,0,0
0,1,0,1,0,1,1,0,0,0,0,0,0,0,0,0,0,1,1,0,0,0,0,0,0,0,1,0,0,0,1,0,0,1,0,0,0,1,1,1,0,1,0,1,0,0,0,1,0,0,0,1,0,0,0,0,1,1,1,0,0,0,1,1,1,0,0,0,1,0,0,1,0,0,0,0,0,0,0,0,0,0,0,0,0,1,1,0,1,0,1,0,0,0,0,0,0,1,0,0,0,0,0,0,0,1,0,0,0,0,0,1,1,1,0,0,0,1,1,0,0,0,0,1,0,0,0,1,1,0,0,0,0,0,0,0,1,0,0,1,0,0,0,0,0,1,1,1,0,1,0,0,0,1,0,0,1,0,0,1,1,0,0,1,0,1,0,0,1,0,1,1,1,1,0,1,0,0,0,0,0,1,0,0,0,0,1,1,0,1,0,0,0,0,0,1,0,1,1,0,0,0,0,0,0,0,0,0,1,0,0,0,0,0,0,0,1,0,0,0,0
0,1,0,1,0,1,1,0,0,0,0,0,0,0,0,0,0,1,1,0,0,0,0,0,0,0,1,0,0,0,1,0,0,1,0,0,0,1,1,1,0,1,0,1,0,0,0,1,0,0,0,1,0,0,0,0,1,1,1,0,0,0,1,1,1,0,0,0,1,0,0,1,0,0,0,0,0,0,0,0,0,0,0,0,0,1,1,0,1,0,1,0,0,0,0,0,0,1,0,0,0,0,0,0,0,1,0,0,0,0,0,1,1,1,0,0,0,1,1,0,0,0,0,1,0,0,0,1,1,0,0,0,0,0,0,0,1,0,0,1,0,0,0,0,0,1,1,1,0,1,0,0,0,1,0,0,1,0,0,1,1,0,0,1,0,1,0,0,1,0,1,1,1,1,0,1,0,0,0,0,0,1,0,0,0,0,1,1,0,1,0,0,0,0,0,1,0,1,1,0,0,0,0,0,0,0,0,0,1,0,0,0,0,0,0,0,1,0,0,0,0
0,1,0,1,0,1,1,0,0,0,0,0,0,0,0,0,0,1,1,0,0,0,0,0,0,0,1,0,0,0,1,0,0,0,0,0,0,1,1,1,0,1,0,1,0,0,0,1,0,0,0,1,0,0,0,0,1,1,1,0,0,0,1,0,0,0,0,0,1,0,0,1,0,0,0,0,0,0,0,0,0,0,0,0,0,1,1,0,1,0,1,0,0,0,0,0,0,1,0,0,0,0,0,0,0,0,0,0,0,0,0,1,1,1,0,0,0,1,1,0,0,0,0,1,0,0,0,1,1,0,0,0,0,0,0,0,1,0,0,1,0,0,0,0,0,1,1,1,0,1,0,0,0,1,0,0,1,0,0,1,1,0,0,1,0,1,0,0,1,0,0,1,1,1,0,1,0,0,0,0,0,1,0,0,0,0,1,1,0,1,0,0,0,0,0,1,0,1,1,0,0,0,0,0,0,0,0,0,1,0,0,0,0,0,0,0,1,0,0,0,0
0,1,0,1,0,1,1,0,0,0,0,0,0,0,0,0,0,1,1,0,0,0,0,0,0,0,1,0,0,0,1,0,0,0,0,0,0,1,1,1,0,1,0,1,0,0,0,1,0,0,0,1,0,0,0,0,1,1,1,0,0,0,1,0,0,0,0,0,1,0,0,1,0,0,0,0,0,0,0,0,0,0,0,0,0,1,1,0,1,0,1,0,0,0,0,0,0,1,0,0,0,0,0,0,0,0,0,0,0,0,0,1,1,1,0,0,0,1,1,0,0,0,0,1,0,0,0,1,1,0,0,0,0,0,0,0,1,0,0,1,0,0,0,0,0,1,1,1,0,1,0,0,0,1,0,0,1,0,0,1,1,0,0,1,0,1,0,0,1,0,0,1,1,1,0,1,0,0,0,0,0,1,0,0,0,0,1,1,0,1,0,0,0,0,0,1,0,1,1,0,0,0,0,0,0,0,0,0,1,0,0,0,0,0,0,0,1,0,0,0,0
0,1,0,1,0,1,1,0,0,0,1,1,0,0,0,0,0,1,1,0,0,1,1,1,0,0,0,0,0,0,1,0,0,0,1,1,1,1,1,1,0,1,1,1,0,0,0,1,1,0,0,1,0,0,0,0,0,0,0,0,0,0,1,0,0,0,0,0,1,1,1,1,0,1,0,0,0,0,0,1,1,0,0,0,0,0,0,1,0,0,0,0,0,0,0,0,0,0,0,0,0,0,0,0,0,0,0,1,0,1,0,1,0,0,0,0,0,0,0,0,0,0,0,0,0,0,0,0,0,0,0,0,1,0,0,0,0,0,0,0,0,0,0,0,0,0,0,0,0,0,1,0,1,0,0,0,0,0,0,0,0,0,0,0,0,1,1,0,0,0,0,0,0,0,0,0,0,0,0,0,0,0,0,0,0,0,1,0,1,1,0,0,1,1,1,1,1,1,1,0,0,0,0,1,1,1,1,0,0,0,0,0,0,1,0,1,0,1,0,1,0
1,1,0,1,0,1,1,0,0,0,1,1,0,0,0,0,0,1,1,0,0,1,1,1,0,0,0,0,0,0,1,0,0,0,1,1,1,1,1,1,0,1,1,1,0,0,0,1,1,0,0,1,0,0,0,0,0,0,0,0,0,0,1,0,0,0,0,0,1,1,1,1,0,1,0,0,0,0,0,1,1,0,0,0,0,0,0,1,0,0,0,0,0,0,0,0,0,0,0,0,0,0,0,0,0,0,0,1,0,0,0,1,0,0,0,0,0,0,0,0,0,0,0,0,0,0,0,0,0,0,0,0,1,0,0,0,0,0,0,0,0,0,0,0,0,0,0,0,0,0,1,0,1,0,0,0,0,0,0,0,0,0,0,0,0,1,1,0,0,0,0,0,0,0,0,0,0,0,0,0,0,0,0,0,0,0,1,0,1,1,0,0,1,1,1,1,1,1,1,0,0,0,0,1,1,1,1,0,0,0,0,0,0,1,0,1,0,1,0,1,0
1,1,0,1,0,1,1,0,0,0,1,1,0,0,0,0,0,1,1,0,0,1,1,1,0,0,0,0,0,0,1,0,0,0,1,1,1,1,1,1,0,1,1,1,0,0,0,1,1,0,0,1,0,0,0,0,0,0,0,0,0,0,1,0,0,0,0,0,1,1,1,1,0,1,0,0,0,0,0,1,1,0,0,0,0,0,0,1,0,0,0,0,0,0,0,0,0,0,0,0,0,0,0,0,0,0,0,1,0,1,0,1,0,0,0,0,0,0,0,0,0,0,0,0,0,0,0,0,0,0,0,0,1,0,0,0,0,0,0,0,0,0,0,0,0,0,0,0,0,0,1,0,1,0,0,0,0,0,0,0,0,0,0,0,0,1,1,0,0,0,0,0,0,0,0,0,0,0,0,0,0,0,0,0,0,0,1,0,1,1,0,0,1,1,1,1,1,1,1,0,0,0,0,1,1,1,1,0,0,0,0,0,0,1,0,1,0,1,0,1,0
1,1,0,1,0,1,1,0,0,0,1,1,0,0,0,0,0,1,1,0,0,1,1,1,0,0,0,0,0,0,1,0,0,0,1,1,1,1,1,1,0,1,1,1,0,0,0,1,1,0,0,1,1,0,0,0,0,0,0,0,0,0,1,0,0,0,0,0,0,1,1,1,0,1,0,0,1,0,0,1,1,0,0,0,1,0,0,1,0,0,0,0,0,1,0,0,0,0,0,0,0,0,1,0,0,0,0,1,0,1,1,1,0,0,0,0,0,0,0,0,0,0,0,0,0,0,0,0,0,0,0,0,1,0,0,0,0,0,1,0,1,0,0,0,0,0,0,0,0,0,0,0,1,0,0,0,0,0,0,0,0,0,0,0,0,1,1,0,0,0,0,0,0,0,0,0,1,0,0,0,0,0,0,0,0,0,1,0,1,1,0,0,1,1,1,1,1,1,1,0,0,0,0,1,1,1,1,0,0,0,0,0,0,1,0,1,0,1,0,1,0
1,1,1,1,0,1,1,0,0,0,1,1,0,0,0,0,0,1,0,0,0,1,0,0,0,0,0,0,0,0,1,0,0,0,1,1,1,1,1,1,0,1,1,1,0,0,0,1,1,0,0,1,1,0,0,0,0,0,0,0,0,0,1,0,0,0,0,0,0,1,1,1,0,1,0,0,1,0,0,1,1,0,0,0,1,0,0,1,0,0,0,0,0,1,0,0,0,0,0,0,0,0,1,0,0,0,0,1,0,1,1,1,0,0,0,0,0,0,0,0,0,0,0,0,0,0,0,0,0,0,0,0,1,0,0,0,0,0,1,0,1,0,0,0,0,0,0,0,0,0,0,0,1,0,0,0,0,0,0,0,0,0,0,0,0,1,1,0,0,0,0,0,0,0,0,0,1,0,0,0,0,0,0,0,0,0,1,0,1,1,0,0,1,1,1,1,1,1,1,0,0,0,0,1,1,1,1,0,0,0,0,0,0,1,0,1,0,1,0,0,0
0,1,0,1,0,1,1,0,0,0,1,1,0,0,1,0,0,1,1,0,0,1,1,0,0,0,0,0,0,0,1,0,0,1,1,1,1,1,1,1,0,1,1,1,0,0,0,1,1,0,0,1,1,0,0,0,0,0,0,0,0,0,1,1,1,0,0,0,0,1,1,1,0,1,0,0,1,0,0,1,1,0,0,0,1,0,0,1,0,0,0,0,0,1,0,0,0,0,0,0,0,0,1,0,0,0,0,1,0,1,1,1,0,0,0,0,0,0,0,0,0,0,0,0,0,0,1,0,0,0,0,0,1,0,0,0,0,0,0,0,1,0,0,0,0,0,0,0,1,0,0,0,1,0,0,0,0,0,0,0,0,0,0,0,0,1,1,0,0,0,1,0,0,0,0,0,1,0,0,0,0,0,0,0,0,0,1,0,1,1,0,0,1,1,1,1,1,1,1,0,0,0,0,1,1,1,1,0,0,0,0,0,0,1,0,1,0,1,0,1,0
1,1,0,1,0,1,1,0,0,0,1,1,0,0,0,0,0,1,1,0,0,1,1,1,0,0,0,0,0,0,1,0,0,0,1,1,1,1,1,1,0,1,1,1,0,0,0,1,1,0,0,1,0,0,0,0,0,0,0,0,0,0,1,0,0,0,0,0,0,1,1,1,1,1,0,0,0,0,0,1,1,0,0,0,0,0,0,1,0,0,0,0,0,0,0,0,0,0,0,0,0,0,0,0,0,0,0,1,0,1,1,1,0,0,0,0,0,0,0,0,0,1,0,0,0,0,0,0,0,0,0,0,1,0,0,0,0,0,0,0,0,0,0,0,0,0,0,0,0,0,0,0,1,0,0,0,0,0,0,0,0,0,0,0,0,1,1,0,0,0,0,0,0,0,0,0,0,0,0,0,0,0,0,0,0,0,1,0,1,1,0,0,1,1,1,1,1,1,1,0,0,0,0,1,1,1,1,0,0,0,0,0,0,1,0,1,0,1,0,1,0
1,1,0,1,0,1,1,0,0,0,1,1,0,0,0,0,0,1,1,0,0,1,1,1,0,0,0,0,0,0,1,0,0,0,1,1,1,1,1,1,0,1,1,1,0,0,0,1,1,0,0,1,0,0,0,0,0,0,0,0,0,0,1,0,0,0,0,0,0,1,1,1,1,1,0,0,0,0,0,1,1,0,0,0,0,0,0,1,0,0,0,0,0,0,0,0,0,0,0,0,0,0,0,0,0,0,0,1,0,1,1,1,0,0,0,0,0,0,0,0,0,0,0,0,0,0,0,0,0,0,0,0,1,0,0,0,0,0,0,0,0,0,0,0,0,0,0,0,0,0,0,0,1,0,0,0,0,0,0,0,0,0,0,0,0,1,1,0,0,0,0,0,0,0,0,0,0,0,0,0,0,0,0,0,0,0,1,0,1,1,0,0,1,1,1,1,1,1,1,0,0,0,0,1,1,1,1,0,0,0,0,0,0,1,0,1,0,1,0,1,0
1,1,0,1,0,1,1,0,1,0,1,1,0,0,0,0,0,1,1,0,0,1,1,1,0,0,0,0,0,0,1,1,0,0,1,1,1,1,1,1,0,1,1,1,0,0,0,1,1,0,0,1,0,0,0,0,0,0,0,0,0,0,1,0,0,0,0,0,0,1,1,1,0,1,0,0,0,0,0,1,1,0,0,0,0,0,0,1,0,0,0,0,0,0,0,0,0,0,0,0,0,0,0,0,0,0,0,1,0,1,1,1,0,0,0,0,0,0,0,0,0,0,0,0,0,0,0,0,0,0,0,0,1,0,0,0,0,0,0,0,0,0,0,0,0,0,0,0,0,0,0,0,1,0,0,0,0,0,0,0,0,0,0,0,0,1,1,0,0,0,0,0,0,0,0,0,0,0,0,0,0,0,0,0,0,0,1,0,1,1,0,0,1,1,1,1,1,1,1,0,0,0,0,1,1,1,1,0,0,0,0,0,0,1,0,1,0,1,0,1,0
1,1,0,1,0,1,1,0,1,0,1,1,0,0,0,0,0,1,1,0,0,1,1,1,0,0,0,0,0,0,1,1,0,1,1,1,1,1,1,1,0,1,1,1,0,0,0,1,1,0,0,1,0,0,0,0,0,0,0,0,0,0,0,1,1,0,0,0,0,1,1,1,0,1,0,0,0,0,0,1,1,0,0,0,0,0,0,1,0,0,0,0,0,0,0,0,0,0,0,0,0,0,0,0,0,1,0,1,0,1,1,1,0,0,0,0,0,0,0,0,0,0,0,0,0,0,0,0,0,0,0,0,1,0,0,0,0,0,0,0,0,0,0,0,0,0,0,0,0,0,0,0,1,0,0,0,0,0,0,0,0,0,0,0,0,1,1,0,0,0,1,0,0,0,0,0,0,0,0,0,0,0,0,0,0,0,1,0,1,1,0,0,1,1,1,1,1,1,1,0,0,0,0,1,1,1,1,0,0,0,0,0,0,1,0,1,0,1,0,1,0
1,1,0,1,0,1,1,0,1,0,1,1,0,0,0,0,0,1,1,0,0,1,1,1,0,0,0,0,0,0,1,1,0,0,1,1,1,1,1,1,0,1,1,1,0,0,0,1,1,0,0,1,0,0,0,0,0,0,0,0,0,0,1,0,0,0,0,0,0,1,1,1,0,1,0,0,0,1,0,1,1,0,0,0,0,1,0,1,0,0,0,0,0,0,0,0,0,0,0,0,0,0,0,0,0,0,0,1,0,1,1,1,0,0,0,0,0,0,0,0,0,0,0,0,0,0,0,0,0,0,0,0,1,0,0,0,0,0,0,0,0,0,0,0,0,0,0,0,0,0,0,0,1,0,0,0,0,0,0,0,0,0,0,0,0,1,1,0,0,0,0,1,1,0,0,0,1,0,0,0,0,0,0,0,0,0,1,0,1,1,0,0,1,1,1,1,1,1,1,0,0,0,0,1,1,1,1,0,0,0,0,0,0,1,0,1,0,1,0,1,0
1,1,1,1,0,1,1,0,1,0,1,1,0,0,0,0,0,1,1,0,0,1,1,1,1,0,0,0,0,0,1,1,0,0,1,1,1,1,1,1,0,1,1,1,0,0,0,1,1,0,0,1,0,0,0,0,0,0,0,0,0,0,1,0,0,0,0,0,0,1,1,1,0,1,0,0,0,1,0,1,1,0,0,0,0,1,0,1,1,0,0,0,0,0,0,1,0,0,0,0,0,0,0,0,0,0,0,1,0,1,1,1,0,0,0,0,0,0,1,0,1,0,0,0,0,0,0,0,0,0,0,0,1,0,0,0,0,0,0,0,0,1,0,0,0,0,0,1,0,0,0,0,1,0,0,0,0,1,0,0,1,0,0,1,0,1,1,0,0,0,0,1,1,0,0,0,1,0,0,0,0,0,0,1,1,0,1,0,1,1,0,0,1,1,1,1,1,1,1,0,0,0,0,1,1,1,1,0,0,0,0,0,0,1,0,1,0,1,0,1,0
1,1,1,1,0,1,1,1,1,0,1,1,0,0,0,0,0,1,1,0,0,1,1,1,0,0,0,0,0,0,1,1,0,0,1,1,1,1,1,1,0,1,1,1,0,0,0,1,1,0,0,1,0,0,0,0,1,0,0,0,0,0,1,0,0,0,0,0,1,1,1,1,0,1,0,0,0,0,0,1,1,0,0,0,0,1,1,1,0,0,0,0,0,0,0,0,0,0,0,0,0,0,0,0,0,0,0,1,0,1,1,1,0,0,0,0,0,0,0,0,0,0,0,0,0,0,0,0,0,0,0,0,1,0,0,0,0,0,0,0,0,0,0,0,0,0,0,0,0,1,0,0,1,0,0,0,0,0,0,0,0,0,0,0,0,1,1,0,0,0,0,1,1,0,0,0,0,0,0,0,0,0,0,0,0,0,1,0,1,1,0,0,1,1,1,1,1,1,1,0,0,0,0,1,1,1,1,0,0,0,0,0,0,1,0,1,0,1,0,1,0
1,1,1,1,0,1,1,0,1,0,1,1,0,0,0,0,0,1,1,0,0,1,1,1,1,0,0,0,0,0,1,1,0,0,1,1,1,1,1,1,0,1,1,1,0,0,0,1,1,0,0,1,0,0,0,0,0,0,0,0,0,0,1,0,0,0,0,0,0,1,1,1,0,1,0,0,0,0,0,1,1,0,0,0,0,0,0,1,1,0,0,0,0,0,0,0,0,0,0,0,0,0,0,0,0,0,0,1,0,1,1,1,0,0,0,0,0,0,1,0,0,0,0,0,0,0,0,0,0,0,0,0,1,0,0,0,0,0,0,0,0,0,0,0,0,0,0,1,0,0,0,0,1,0,0,0,0,0,0,0,1,0,0,1,0,1,1,0,0,0,0,0,0,0,0,0,1,0,0,0,0,0,0,0,0,0,1,0,1,1,0,0,1,1,1,1,1,1,1,0,0,0,0,1,1,1,1,0,0,0,0,0,0,1,0,1,0,1,0,1,0
1,1,1,1,0,1,1,0,1,0,1,1,0,0,0,0,0,1,1,0,0,1,1,1,1,0,0,0,0,0,1,1,0,0,1,1,1,1,1,1,0,1,1,1,0,0,0,1,1,0,0,1,0,0,0,0,0,0,0,0,0,0,1,0,0,0,0,0,0,1,1,1,0,1,0,0,0,0,0,1,1,0,0,0,0,0,0,1,0,0,0,0,0,0,0,0,0,0,0,0,0,0,0,0,0,0,0,1,0,1,1,1,0,0,0,0,0,0,0,0,0,0,0,0,0,0,0,0,0,0,0,0,1,0,0,0,0,0,0,0,0,0,0,0,0,0,0,1,0,0,0,0,1,0,0,0,0,0,0,0,0,0,0,0,0,1,1,0,0,0,0,0,0,0,0,0,1,0,0,0,0,0,0,0,0,0,1,0,1,1,0,0,1,1,1,1,1,1,1,0,0,0,0,1,1,1,1,0,0,0,0,0,0,1,0,1,0,1,0,1,0
1,1,1,1,0,1,1,0,1,0,1,1,0,0,0,0,0,1,1,0,0,1,1,1,1,0,0,0,0,0,1,1,0,0,1,1,1,1,1,1,0,1,1,1,0,0,0,1,1,0,0,1,0,0,0,0,0,0,0,0,0,0,1,0,0,0,0,0,0,1,1,1,0,1,0,0,0,0,0,1,1,0,0,0,0,0,0,1,0,0,0,0,0,0,0,0,0,0,0,0,0,0,0,0,0,0,0,1,0,1,1,1,0,0,0,0,0,0,0,0,0,0,0,0,0,0,0,0,0,0,0,0,1,0,0,0,0,0,0,0,0,0,0,0,0,0,0,0,0,0,0,0,1,0,0,0,0,0,0,0,0,0,0,0,0,1,1,0,0,0,0,0,0,0,0,0,1,0,0,0,0,0,0,0,0,0,1,0,1,1,0,0,1,1,1,1,1,1,1,0,0,0,0,1,1,1,1,0,0,0,0,0,0,1,0,1,0,1,0,1,0
1,1,1,1,0,1,1,0,1,0,1,1,0,0,0,0,0,1,1,0,0,1,1,1,1,0,0,0,0,0,1,1,0,0,1,1,1,1,1,1,0,1,1,1,0,0,0,1,1,0,0,1,0,0,0,0,0,1,1,0,0,0,1,0,0,0,0,0,1,1,1,1,0,1,0,0,0,0,0,1,1,0,0,0,0,0,0,1,1,0,1,0,0,0,0,0,0,1,0,0,0,0,0,0,0,0,0,1,0,1,1,1,1,1,0,0,0,1,1,0,0,0,0,1,0,0,0,1,1,0,0,0,1,0,0,0,1,0,0,1,0,0,0,0,0,1,1,1,0,0,0,0,1,1,0,0,0,0,0,1,1,0,0,1,0,1,1,0,1,0,0,0,0,1,0,1,1,0,0,0,0,1,0,0,0,0,1,0,1,1,0,0,1,1,1,1,1,1,1,0,0,0,0,1,1,1,1,0,0,0,1,0,0,1,0,1,0,1,1,1,0
1,1,1,1,0,1,1,0,1,0,1,1,0,0,0,0,0,1,1,0,0,1,1,1,1,0,0,0,0,0,1,1,0,0,1,1,1,1,1,1,0,1,1,1,0,0,0,1,1,0,0,1,0,0,0,0,0,1,1,0,0,0,1,0,0,0,0,0,1,1,1,1,0,1,0,0,0,0,0,1,1,0,0,0,0,0,0,1,1,0,1,0,0,0,0,0,0,1,0,0,0,0,0,0,0,0,0,1,0,1,1,1,1,1,0,0,0,1,1,0,0,0,0,1,0,0,0,1,1,0,0,0,1,0,0,0,1,0,0,1,0,0,0,0,0,1,1,1,0,0,0,0,1,1,0,0,0,0,0,1,1,0,0,1,0,1,1,0,1,0,0,0,0,1,0,1,1,0,0,0,0,1,0,0,0,0,1,1,1,1,0,0,1,1,1,1,1,1,1,0,0,0,0,1,1,1,1,0,1,0,0,0,0,1,0,1,1,1,0,1,0
1,1,1,1,0,1,1,0,1,0,1,1,0,0,0,0,0,1,1,0,0,1,1,1,1,0,0,0,0,0,1,1,0,0,1,1,1,1,1,1,0,1,1,1,0,0,0,1,1,0,0,1,0,0,0,0,0,1,1,0,0,0,1,0,0,0,0,0,1,1,1,1,0,1,0,0,0,0,0,1,1,0,0,0,0,0,0,1,1,0,1,0,0,0,0,0,0,1,0,0,0,0,0,0,0,0,0,1,0,1,1,1,1,1,0,0,0,1,1,0,0,0,0,1,0,0,0,1,1,0,0,0,1,0,0,0,1,0,0,1,0,0,0,0,0,1,1,1,0,0,0,0,1,1,0,0,0,0,0,1,1,0,0,1,0,1,1,0,1,0,0,0,0,1,0,1,1,0,0,0,0,1,0,0,0,0,1,0,1,1,0,1,1,1,1,1,1,1,1,0,0,1,0,1,1,1,1,1,0,0,0,0,0,1,1,1,0,1,0,1,0
1,1,1,1,0,1,1,0,1,0,1,1,0,0,0,0,0,1,1,0,0,1,1,1,1,0,0,0,0,0,1,1,0,0,1,1,1,1,1,1,0,1,1,1,0,0,0,1,1,0,0,1,0,0,0,0,0,0,0,0,0,0,1,0,0,0,0,0,0,1,1,1,0,1,0,0,0,0,0,1,1,0,0,0,0,0,0,1,1,0,0,0,0,0,0,0,0,0,0,0,0,0,0,0,0,0,0,1,0,1,1,1,0,0,0,0,0,0,1,0,0,0,0,0,0,0,0,0,0,0,0,0,1,0,0,0,0,0,0,0,0,0,0,0,0,0,0,1,0,0,0,0,1,0,0,0,0,0,0,0,1,0,0,1,0,1,1,0,0,0,0,0,0,0,0,0,1,0,0,0,0,0,0,0,0,0,1,0,1,1,0,0,1,1,1,1,1,1,1,0,0,0,0,1,1,1,1,0,0,1,0,0,0,1,0,1,0,1,0,1,0
1,1,1,1,0,1,1,0,1,0,1,1,0,0,0,0,0,1,1,0,0,1,1,1,1,0,0,0,0,0,1,1,0,0,1,1,1,1,1,1,0,1,1,1,0,0,0,1,1,0,0,1,0,0,0,0,0,0,0,0,0,0,1,0,0,0,0,0,0,1,1,1,0,1,0,0,0,0,0,1,1,0,0,0,0,0,0,1,1,0,0,0,0,0,0,0,0,0,0,0,0,0,0,0,0,0,0,1,0,1,1,1,0,0,0,0,0,0,1,0,0,0,0,0,0,0,0,0,0,0,0,0,1,0,0,0,0,0,0,0,0,0,0,0,0,0,0,1,0,0,0,0,1,0,0,0,0,0,0,0,1,0,0,1,0,1,1,0,0,0,0,0,0,0,0,0,1,0,0,0,0,0,0,0,0,0,1,0,1,1,0,0,1,1,1,1,1,1,1,0,0,0,0,1,1,1,1,0,0,0,0,0,0,1,0,1,0,1,0,1,0
1,1,1,1,0,1,1,0,1,0,1,1,0,0,0,0,0,1,1,0,0,1,1,1,1,0,0,0,0,0,1,1,0,0,1,1,1,1,1,1,0,1,1,1,0,0,0,1,1,0,0,1,0,0,0,0,0,0,0,0,0,0,1,0,0,0,0,0,0,1,1,1,0,1,0,0,0,0,0,1,1,0,0,0,0,0,0,1,1,0,0,0,0,0,0,0,0,0,0,0,0,0,0,0,0,0,0,1,0,1,1,1,0,0,0,0,0,0,1,0,0,0,0,0,0,0,0,0,0,0,0,0,1,0,0,0,0,0,0,0,0,0,0,0,0,0,0,1,0,0,0,0,1,0,0,0,0,0,0,0,1,0,0,1,0,1,1,0,0,0,0,0,0,0,0,0,1,0,0,0,0,0,0,0,0,0,1,0,1,1,0,0,1,1,1,1,1,1,1,0,0,0,0,1,1,1,1,0,0,0,0,0,0,1,0,1,0,1,0,1,0
1,1,1,1,0,1,1,1,1,0,1,1,1,1,1,0,0,1,1,0,0,1,1,1,1,0,0,0,0,0,1,1,0,0,1,1,1,1,1,1,0,1,1,1,0,0,0,1,1,0,0,1,0,0,0,0,0,0,0,0,0,0,1,0,0,0,0,0,0,1,1,1,0,1,0,0,0,1,0,1,1,0,0,0,0,1,0,1,1,0,0,0,0,0,0,1,0,0,0,0,0,0,0,0,0,0,0,1,0,1,1,1,0,0,0,0,0,0,1,0,1,0,0,0,0,0,1,0,0,0,0,0,1,0,0,0,0,0,0,0,0,1,0,0,0,0,0,1,1,0,0,0,1,0,0,0,0,1,0,0,1,0,0,1,0,1,1,0,0,0,0,1,1,0,0,0,1,0,0,0,0,0,0,1,1,0,1,0,1,1,0,0,1,1,1,1,1,1,1,0,0,0,0,1,1,1,1,0,0,1,0,0,0,1,0,1,0,1,0,1,0
0,1,0,1,0,0,0,0,0,0,1,0,1,1,0,1,1,1,0,1,1,1,0,0,0,1,1,1,1,0,0,0,0,0,0,0,0,0,1,0,0,1,0,0,1,1,0,1,0,1,1,1,0,1,1,0,0,0,0,1,1,1,1,0,0,1,1,1,0,0,1,0,1,0,1,1,0,0,0,1,0,1,1,1,0,0,0,1,1,1,0,1,0,0,1,0,1,0,0,1,0,1,0,1,1,0,1,0,0,1,1,1,0,0,0,1,1,0,1,0,0,1,0,0,0,0,0,0,0,0,1,1,0,0,0,1,0,0,1,0,0,0,0,1,0,0,0,1,0,0,0,0,0,0,0,0,0,0,0,0,1,0,0,1,0,0,0,0,0,0,0,0,0,0,0,0,1,1,0,0,1,0,0,0,0,0,0,0,0,0,0,0,0,0,0,1,1,0,0,0,0,0,0,0,0,0,1,0,0,0,0,1,0,0,0,1,0,0,0,1,0
0,1,0,1,0,1,0,0,0,0,0,0,0,0,0,1,1,1,1,0,0,1,1,1,0,1,1,0,1,0,1,0,0,1,0,0,0,0,1,0,0,1,0,1,1,1,0,1,0,0,0,0,0,1,1,0,0,0,0,1,1,1,0,1,1,1,0,1,0,0,1,1,1,0,0,1,0,1,0,1,1,0,0,1,0,1,0,1,1,1,0,1,0,0,0,1,1,0,0,1,0,1,0,0,1,1,1,1,0,1,1,1,0,0,0,1,1,0,1,0,1,1,0,0,0,0,1,0,0,0,1,1,1,0,0,1,0,0,1,0,0,1,0,1,1,0,0,1,1,0,0,0,0,0,0,1,0,1,0,0,1,0,0,1,0,0,0,0,0,0,1,1,1,0,0,0,1,1,0,0,1,0,0,1,1,0,0,0,1,0,0,0,1,0,0,1,1,0,0,0,0,0,0,1,0,0,0,0,0,0,0,1,0,0,0,0,0,0,0,1,0
0,1,0,1,0,1,0,0,0,0,0,0,0,0,0,1,1,1,1,0,0,1,1,1,0,1,1,0,1,0,1,0,0,1,0,0,0,0,1,0,0,1,0,1,1,1,0,1,0,0,0,0,0,1,1,0,0,0,0,1,1,1,0,1,1,1,0,1,0,0,1,1,1,0,0,1,0,1,0,1,1,0,0,1,0,1,0,1,1,1,0,1,0,0,0,1,1,0,0,1,0,1,0,0,1,1,1,1,0,1,1,1,0,0,0,1,1,0,1,0,1,1,0,0,0,0,0,0,0,0,1,1,1,0,0,1,0,0,1,0,0,1,0,1,1,0,0,1,0,0,0,0,0,0,0,1,0,1,0,0,1,0,0,1,0,0,0,0,0,0,1,1,1,0,0,0,1,1,0,0,1,0,0,1,1,0,0,0,1,0,0,0,1,0,0,1,1,0,0,0,0,0,0,1,0,0,0,0,0,0,0,1,0,0,0,0,0,0,0,1,0
1,1,1,1,0,1,1,1,1,0,1,1,1,1,1,0,0,1,1,0,0,1,1,1,1,0,0,0,0,0,1,1,0,0,1,1,1,1,1,1,0,1,1,1,0,0,0,1,1,0,0,1,0,0,0,0,0,0,0,0,0,0,1,0,0,0,0,0,0,1,1,1,0,1,0,0,0,1,0,1,1,0,0,0,0,1,0,1,1,0,0,0,0,0,0,1,0,0,0,0,0,0,0,0,0,0,0,1,0,1,1,1,0,0,0,0,0,0,1,0,1,0,0,0,0,0,0,0,0,0,0,0,1,0,0,0,0,0,1,0,0,1,0,0,0,0,0,1,0,0,0,0,1,0,0,0,0,1,0,0,1,0,0,1,0,1,1,0,0,0,0,1,1,0,0,0,1,0,0,0,0,0,0,1,1,0,1,0,1,1,0,0,1,1,1,1,1,1,1,0,0,0,0,1,1,1,1,0,0,1,0,0,0,1,0,1,0,1,0,1,0
1,1,0,1,0,1,0,0,0,0,0,0,0,0,0,1,1,1,1,1,1,1,0,1,0,1,1,0,0,0,1,0,0,1,0,0,0,0,1,0,0,1,1,1,1,1,0,1,1,0,0,0,0,1,1,0,0,0,0,1,1,1,1,1,1,1,0,1,1,0,1,0,1,0,0,1,0,0,0,1,0,0,0,1,0,0,0,1,1,1,0,1,0,0,0,0,1,0,0,1,0,1,0,0,1,1,1,0,0,1,1,1,0,0,0,1,1,0,1,0,0,1,0,0,1,0,0,0,0,0,1,1,0,0,0,1,0,0,1,0,0,0,0,1,1,0,0,1,0,0,1,1,0,0,0,1,0,0,0,0,1,0,0,1,0,0,0,0,0,0,1,0,0,0,0,0,1,1,1,0,1,0,0,0,0,0,0,0,0,0,0,0,0,0,0,1,1,0,0,0,0,0,0,0,0,0,0,0,0,0,0,1,0,0,0,0,0,0,0,1,0
0,1,0,1,0,1,0,0,0,0,0,0,0,0,0,1,1,1,1,0,0,1,1,1,0,1,1,0,1,0,1,0,0,1,0,0,0,0,1,0,0,1,0,1,1,1,0,1,0,0,0,0,0,1,1,0,0,0,0,1,1,1,0,1,1,1,0,1,0,0,1,1,1,0,0,1,0,1,0,1,1,0,0,1,0,1,0,1,1,1,0,1,0,0,0,1,1,0,0,1,0,1,0,0,1,1,1,1,0,1,1,1,0,0,0,1,1,0,1,0,1,1,0,0,0,0,0,0,0,0,1,1,1,0,0,1,0,0,1,0,0,1,0,1,1,0,0,1,0,0,0,0,0,0,0,1,0,1,0,0,1,0,0,1,0,0,0,0,0,0,1,1,1,0,0,0,1,1,0,0,1,0,0,1,1,0,0,0,1,0,0,0,1,0,0,1,1,0,0,0,0,0,0,1,0,0,0,0,0,0,0,1,0,0,0,0,0,0,0,1,0
1,1,0,1,0,1,0,0,0,0,0,0,0,0,0,1,1,1,1,1,1,1,0,1,0,1,1,0,0,0,1,0,0,1,0,0,0,0,1,0,0,1,1,1,1,1,0,1,1,0,0,0,0,1,1,0,0,0,0,1,1,1,1,1,1,1,0,1,1,0,1,0,1,0,0,1,0,0,0,1,0,0,0,1,0,0,0,1,1,1,0,1,0,0,0,0,1,0,0,1,0,1,0,0,1,1,1,0,0,1,1,1,0,0,0,1,1,0,1,0,0,1,0,0,1,0,0,0,0,0,1,1,0,0,0,1,0,0,1,0,0,0,0,1,1,0,0,1,0,0,1,1,0,0,0,1,0,0,0,0,1,0,0,1,0,0,0,0,0,0,1,0,0,0,0,0,1,1,1,0,1,0,0,0,0,0,0,0,0,0,0,0,0,0,0,1,1,0,0,0,0,0,0,0,0,0,0,0,0,0,0,1,0,0,0,0,0,0,0,1,0
1,1,0,1,0,1,0,0,0,0,0,0,0,0,0,1,1,1,1,1,1,1,0,1,0,1,1,0,0,0,1,0,0,1,0,0,0,0,1,0,0,1,1,1,1,1,0,1,1,0,0,0,0,1,1,0,0,0,0,1,1,1,1,1,1,1,0,1,1,0,1,0,1,0,0,1,0,0,0,1,0,0,0,1,0,0,0,1,1,1,0,1,0,0,0,0,1,0,0,1,0,1,0,0,1,1,1,0,0,1,1,1,0,0,0,1,1,0,1,0,0,1,0,0,1,0,0,0,0,0,1,1,0,0,0,1,0,0,1,0,0,0,0,1,1,0,0,1,0,0,1,1,0,0,0,1,0,0,0,0,1,0,0,1,0,0,0,0,0,0,1,0,0,0,0,0,1,1,1,0,1,0,0,0,0,0,0,0,0,0,0,0,0,0,0,1,1,0,0,0,0,0,0,0,0,0,0,0,0,0,0,1,0,0,0,0,0,0,0,1,0
1,1,0,1,0,1,0,0,0,0,0,0,0,0,0,1,1,1,1,1,1,1,0,1,0,1,1,0,0,0,1,0,0,1,0,0,0,0,1,0,0,1,1,1,1,1,0,1,1,0,0,0,0,1,1,0,0,0,0,1,1,1,1,1,1,1,0,1,1,0,1,0,1,0,0,1,0,0,0,1,0,0,0,1,0,0,0,1,1,1,0,1,0,0,0,0,1,0,0,1,0,1,0,0,1,1,1,0,0,1,1,1,0,0,0,1,1,0,1,0,0,1,0,0,1,0,0,0,0,0,1,1,0,0,0,1,0,0,1,0,0,0,0,1,1,0,0,1,0,0,1,1,0,0,0,1,0,0,0,0,1,0,0,1,0,0,0,0,0,0,1,0,0,0,0,0,1,1,1,0,1,0,0,0,0,0,0,0,0,0,0,0,0,0,0,1,1,0,0,0,0,0,0,0,0,0,0,0,0,0,0,1,0,0,0,0,0,0,0,1,0
1,1,0,1,0,1,0,0,0,0,0,0,0,0,0,1,1,1,1,1,1,1,0,1,0,1,1,0,0,0,1,0,0,1,0,0,0,0,1,0,0,1,1,1,1,1,0,1,1,0,0,0,0,1,1,0,0,0,0,1,1,1,1,1,1,1,0,1,1,0,1,0,1,0,0,1,0,0,0,1,0,0,0,1,0,0,0,1,1,1,0,1,0,0,0,0,1,0,0,1,0,1,0,0,1,1,1,0,0,1,1,1,0,0,0,1,1,0,1,0,0,1,0,0,1,0,0,0,0,0,1,1,0,0,0,1,0,0,1,0,0,0,0,1,1,0,0,1,0,0,1,1,0,0,0,1,0,0,0,0,1,0,0,1,0,0,0,0,0,0,1,0,0,0,0,0,1,1,1,0,1,0,0,0,0,0,0,0,0,0,0,0,0,0,0,1,1,0,0,0,0,0,0,0,0,0,0,0,0,0,0,1,0,0,0,0,0,0,0,1,0
1,1,1,1,0,1,1,0,0,0,0,0,0,0,0,1,1,1,1,1,1,1,1,1,1,1,1,1,1,1,1,0,0,1,0,0,0,0,1,1,0,1,1,1,1,1,0,1,1,1,1,0,0,1,1,0,0,1,1,1,1,1,0,1,1,1,0,1,1,0,1,1,1,1,1,1,0,1,0,1,1,1,1,1,0,1,0,1,1,1,1,1,0,0,1,1,1,1,0,1,0,1,0,1,1,1,1,1,0,1,1,1,1,1,0,1,1,1,1,0,1,1,0,1,0,0,0,1,1,1,1,1,1,1,1,1,1,0,1,1,0,1,0,1,1,1,1,1,0,1,1,0,0,1,1,1,0,1,1,1,1,0,1,1,0,1,0,1,1,1,1,1,1,1,0,1,1,1,0,0,1,1,0,1,1,0,1,0,1,1,1,1,1,1,1,1,1,1,0,1,1,1,0,1,1,0,0,1,0,0,1,1,0,0,1,0,0,0,1,1,0
1,1,1,1,1,0,0,0,0,0,1,1,0,0,0,1,1,1,1,1,1,1,1,1,1,1,1,1,1,1,0,0,0,1,0,0,0,0,1,0,0,1,0,0,1,1,0,1,0,0,0,0,0,1,1,0,0,0,0,1,1,1,0,1,1,1,0,1,0,0,1,0,1,0,0,1,0,0,0,1,0,0,0,1,0,0,0,1,1,1,0,1,0,0,0,0,1,0,0,1,0,1,0,0,1,1,1,0,0,1,1,1,0,0,0,1,1,0,1,0,0,1,0,0,0,0,0,0,0,0,1,1,0,0,0,1,0,0,1,0,0,0,0,1,1,0,0,1,0,0,0,0,0,0,0,1,0,0,0,0,1,0,0,1,0,0,0,0,0,0,1,0,0,0,0,0,1,1,0,0,1,0,0,0,0,0,0,0,0,0,0,0,0,0,0,1,1,0,0,0,0,0,0,0,0,0,1,0,0,1,0,1,0,0,0,0,0,1,0,1,0
1,1,1,1,1,0,0,0,0,1,1,1,0,0,0,1,1,1,1,1,1,1,1,1,1,1,1,1,1,1,0,0,1,1,0,0,0,0,1,0,1,1,0,0,1,1,1,1,0,0,0,0,0,1,1,0,0,0,0,1,1,1,0,1,1,1,0,1,0,0,1,0,1,0,0,1,0,0,0,1,0,0,0,1,0,0,0,1,1,1,0,1,0,0,0,0,1,0,1,1,1,1,0,0,1,1,1,0,0,1,1,1,0,0,0,1,1,0,1,1,0,1,0,0,0,0,0,0,0,0,1,1,0,0,0,1,0,1,1,0,0,0,1,1,1,0,0,1,0,0,0,0,0,0,0,1,0,0,0,0,1,0,0,1,0,0,0,0,0,0,1,0,0,0,0,0,1,1,0,0,1,0,0,0,0,0,0,0,0,0,0,0,0,0,0,1,1,0,0,0,0,0,0,0,0,0,1,0,0,1,0,1,0,0,0,0,0,1,0,1,0
1,1,1,1,1,0,0,0,0,1,1,1,0,0,0,1,1,1,1,1,1,1,1,1,1,1,1,1,1,1,0,0,1,1,0,0,0,0,1,0,1,1,0,0,1,1,1,1,0,0,0,0,0,1,1,0,0,0,0,1,1,1,0,1,1,1,0,1,0,0,1,0,1,0,0,1,0,0,0,1,0,0,0,1,0,0,0,1,1,1,0,1,0,0,0,0,1,0,1,1,1,1,0,0,1,1,1,0,0,1,1,1,0,0,0,1,1,0,1,1,0,1,0,0,0,0,0,0,0,0,1,1,0,0,0,1,0,1,1,0,0,0,1,1,1,0,0,1,0,0,0,0,0,0,0,1,0,0,0,0,1,0,0,1,0,0,0,0,0,0,1,0,0,0,0,0,1,1,0,0,1,0,0,0,0,0,0,0,0,0,0,0,0,0,0,1,1,0,0,0,0,0,0,0,0,0,1,0,0,1,0,1,0,0,0,0,0,1,0,1,0
1,1,1,1,0,1,1,0,0,1,1,0,0,1,0,1,1,1,1,0,0,1,1,1,1,1,1,1,1,1,1,0,1,1,0,0,0,0,1,1,1,1,1,1,1,1,1,1,1,0,0,0,0,1,1,0,0,1,1,1,1,1,0,1,1,1,0,1,1,0,1,1,1,1,0,1,0,0,0,1,1,0,0,1,0,0,0,1,1,1,1,1,0,0,0,1,1,1,1,1,1,1,0,0,1,1,1,1,0,1,1,1,1,1,0,1,1,1,1,1,1,1,0,1,0,0,0,1,1,0,1,1,1,0,0,1,1,1,1,1,0,1,1,1,1,1,1,1,0,0,1,0,0,1,1,1,0,1,0,1,1,0,1,1,0,1,0,0,1,0,1,0,0,1,0,1,1,1,0,0,1,1,0,1,1,0,1,0,1,1,1,0,1,1,0,1,1,1,1,1,1,0,0,1,1,0,0,1,0,0,1,1,0,0,1,0,0,0,1,1,0
1,1,1,1,0,1,1,0,0,1,1,0,0,1,0,1,1,1,1,0,0,1,1,1,1,1,1,1,1,1,1,0,1,1,0,0,0,0,1,1,1,1,1,1,1,1,1,1,1,0,0,0,0,1,1,0,0,1,1,1,1,1,0,1,1,1,0,1,1,0,1,1,1,1,0,1,0,0,0,1,1,0,0,1,0,0,0,1,1,1,1,1,0,0,0,1,1,1,1,1,1,1,0,0,1,1,1,1,0,1,1,1,1,1,0,1,1,1,1,1,1,1,0,1,0,0,0,1,1,0,1,1,1,0,0,1,1,1,1,1,0,1,1,1,1,1,1,1,0,0,1,0,0,1,1,1,0,1,0,1,1,0,1,1,0,1,0,0,1,0,1,0,0,1,0,1,1,1,0,0,1,1,0,1,1,0,1,0,1,1,0,0,1,0,0,1,1,1,1,0,0,0,0,1,0,0,0,0,1,0,1,1,0,0,0,0,1,0,1,1,0
0,1,0,1,1,1,1,0,0,0,0,0,0,0,0,1,1,1,1,1,1,1,0,1,0,1,1,0,1,0,1,0,0,1,0,0,0,1,1,1,0,1,0,1,0,1,0,1,0,1,1,1,1,1,0,1,1,0,0,0,0,1,1,1,1,1,0,1,1,0,1,1,0,0,1,0,1,0,0,1,0,1,1,1,1,1,1,1,1,1,0,1,1,1,1,0,1,0,0,1,0,1,1,1,1,1,1,0,0,1,1,1,0,0,0,1,1,0,1,0,0,1,1,0,0,0,1,0,0,0,1,0,0,0,0,1,0,0,1,0,1,0,0,0,1,0,0,1,1,1,0,0,0,0,0,1,0,0,0,0,1,0,0,1,1,0,0,0,0,0,1,1,1,0,1,0,1,1,0,0,0,0,0,0,0,1,0,0,0,0,0,0,0,0,0,1,1,0,0,0,0,0,0,0,0,0,0,0,0,0,0,0,0,0,0,0,0,0,0,0,0
0,1,0,1,1,0,0,0,0,0,0,0,0,0,0,1,1,1,1,1,1,1,0,1,0,1,1,0,1,0,0,0,0,1,0,0,0,1,1,0,0,1,0,0,0,1,0,1,0,1,1,1,1,1,0,1,0,0,0,1,0,1,1,1,1,1,0,1,0,0,1,0,0,0,1,0,1,0,0,1,0,1,1,1,1,0,0,1,1,1,0,1,1,1,1,0,1,0,0,1,0,1,1,1,1,1,1,0,0,1,1,1,0,0,0,1,1,0,1,0,0,1,1,0,0,0,1,0,0,0,1,0,0,0,0,1,0,0,1,0,1,0,0,0,1,0,0,1,1,0,0,0,0,0,0,1,0,0,0,0,1,0,0,1,1,0,0,0,0,0,1,0,0,0,1,0,1,1,0,0,0,0,0,0,0,1,0,0,0,0,0,0,0,0,0,1,1,0,0,0,0,0,0,0,0,0,1,0,0,1,0,0,0,0,0,1,0,1,0,0,0
0,1,0,1,1,0,0,0,0,0,0,0,0,0,0,1,1,1,1,1,1,1,0,1,0,1,1,0,1,0,0,0,0,1,0,0,1,0,0,0,0,1,0,0,0,1,0,1,0,1,1,1,1,1,0,1,0,0,0,1,0,1,1,1,1,1,0,1,0,0,1,0,0,0,1,0,1,0,0,1,0,1,1,1,1,0,0,1,1,1,0,1,1,1,1,0,1,0,0,1,0,1,1,1,1,1,1,0,0,1,1,1,0,0,0,1,1,0,1,0,0,1,1,0,0,0,0,0,0,0,1,0,0,0,0,1,0,0,1,0,1,0,0,0,1,0,0,1,0,0,0,0,0,0,0,1,0,0,0,0,1,0,0,1,1,0,0,0,0,0,1,0,0,0,1,0,1,1,0,0,0,0,0,0,0,1,0,0,0,0,0,0,0,0,0,1,1,0,0,0,0,0,0,0,0,0,1,0,0,1,0,0,0,0,0,1,0,1,0,0,0
1,1,1,1,1,0,0,0,0,0,1,1,0,0,1,1,1,1,1,1,1,1,1,1,1,1,1,1,1,1,0,0,0,1,0,0,0,0,1,0,0,1,0,0,1,1,0,1,0,0,0,0,0,1,1,0,0,0,0,1,1,1,0,1,1,1,0,1,0,0,1,0,1,0,0,1,0,0,0,1,0,0,0,1,0,0,0,1,1,1,0,1,0,0,0,0,1,0,0,1,0,1,0,0,1,1,1,0,0,1,1,1,0,0,0,1,1,0,1,0,0,1,0,0,0,0,0,0,0,0,1,1,0,0,0,1,0,0,1,0,0,0,0,1,1,0,0,1,0,0,0,0,0,0,0,1,0,0,0,0,1,0,0,1,0,0,0,0,0,0,1,0,0,0,0,0,1,1,0,0,1,0,0,0,0,0,0,0,0,0,0,0,0,0,0,1,1,0,0,0,0,0,0,0,0,0,1,0,0,1,0,1,0,0,0,0,0,1,0,1,0
0,1,0,1,1,0,0,0,0,0,0,0,0,0,0,1,1,1,1,1,1,1,0,1,0,1,1,0,1,0,0,0,0,1,0,0,0,0,0,0,0,1,0,0,0,1,0,1,0,1,1,1,1,1,0,1,0,0,0,1,0,1,1,1,1,1,0,1,0,0,1,0,0,0,1,0,1,0,0,1,0,1,1,1,1,0,0,1,1,1,0,1,1,1,1,0,1,0,0,1,0,1,1,1,1,1,1,0,0,1,1,1,0,0,0,1,1,0,1,0,0,1,1,0,0,0,1,0,0,0,1,0,0,0,0,1,0,0,1,0,1,0,0,0,1,0,0,1,1,0,0,0,0,0,0,1,0,0,0,0,1,0,0,1,1,0,0,0,0,0,1,0,0,0,1,0,1,1,0,0,0,0,0,0,0,1,0,0,0,0,0,0,0,0,0,1,1,0,0,0,0,0,0,0,0,0,1,0,0,1,0,0,0,0,0,1,0,1,0,0,0
0,1,0,1,1,0,0,0,0,0,0,0,0,0,0,1,1,1,1,1,1,1,1,1,1,1,1,0,1,0,0,0,0,1,0,0,0,1,1,0,0,1,0,0,0,1,0,1,0,1,1,0,1,1,0,1,0,0,0,1,0,1,1,1,1,1,0,1,0,0,1,0,0,0,1,0,1,0,0,1,0,1,1,1,1,0,0,1,1,1,0,1,1,1,1,0,1,0,0,1,0,1,1,1,1,1,1,0,0,1,1,1,0,0,0,1,1,0,1,0,0,1,1,0,0,0,1,0,0,0,1,0,0,0,0,1,0,0,1,0,1,0,0,0,1,0,0,1,1,0,0,0,0,0,0,1,0,0,0,0,1,0,0,1,1,0,0,0,0,0,1,0,0,0,1,0,1,1,0,0,0,0,0,0,0,1,0,0,0,0,0,0,0,0,0,1,1,0,0,0,0,0,0,0,0,0,1,0,0,1,0,0,0,0,0,1,0,1,0,0,0
0,1,0,1,1,1,0,0,0,0,0,0,0,0,0,1,1,1,1,1,1,1,0,1,0,1,1,0,1,0,1,0,0,1,0,0,0,0,0,0,0,1,0,1,0,1,0,1,0,1,1,1,1,1,0,1,0,0,0,1,0,1,1,1,1,1,0,1,0,0,1,1,0,0,1,0,1,1,0,1,1,1,1,1,1,1,0,1,1,1,0,1,1,1,1,0,1,0,0,1,0,1,1,1,1,1,1,0,0,1,1,1,0,0,0,1,1,0,1,0,0,1,1,0,0,0,1,0,0,0,1,0,0,0,0,1,0,0,1,0,1,0,0,0,1,0,0,1,1,0,0,0,0,0,0,1,0,0,0,0,1,0,0,1,1,0,0,0,0,0,1,1,1,0,1,0,1,1,0,0,0,0,0,0,0,1,0,0,0,0,0,0,0,0,0,1,1,0,0,0,0,0,0,0,0,0,1,0,0,1,0,0,0,0,0,1,0,1,0,0,0
0,1,0,1,1,1,1,0,0,0,0,0,0,0,0,1,1,1,1,1,1,1,0,1,0,1,1,0,1,0,1,0,0,1,0,0,0,0,0,1,0,1,0,1,0,1,0,1,0,1,1,1,1,1,0,1,1,0,0,1,0,1,1,1,1,1,0,1,1,0,1,1,0,0,1,0,1,0,0,1,0,1,1,1,1,1,1,1,1,1,0,1,1,1,1,0,1,0,0,1,0,1,1,1,1,1,1,0,0,1,1,1,0,0,0,1,1,0,1,0,0,1,1,0,0,0,1,0,0,0,1,0,0,0,0,1,0,0,1,0,1,0,0,0,1,0,0,1,1,1,0,0,0,0,0,1,0,0,0,0,1,0,0,1,1,0,0,0,0,0,1,1,1,0,1,0,1,1,0,0,0,0,0,0,0,1,0,0,0,0,0,0,0,0,0,1,1,0,0,0,0,0,0,0,0,0,1,0,0,1,0,0,0,0,0,1,0,1,0,0,0
0,1,0,1,1,0,0,0,0,0,0,0,0,0,0,1,1,1,1,1,1,1,0,1,0,1,1,0,1,0,0,0,0,1,0,0,0,0,0,0,0,1,0,0,0,1,0,1,0,1,1,0,1,1,0,1,0,0,0,1,0,1,1,1,1,1,0,1,0,0,1,0,0,0,1,0,1,0,0,1,0,1,1,1,1,0,0,1,1,1,0,1,1,1,1,0,1,0,0,1,0,1,1,1,1,1,1,0,0,1,1,1,0,0,0,1,1,0,1,0,0,1,1,0,0,0,1,0,0,0,1,0,0,0,0,1,0,0,1,0,1,0,0,0,1,0,0,1,1,0,0,0,0,0,0,1,0,0,0,0,1,0,0,1,1,0,0,0,0,0,1,0,0,0,1,0,1,1,0,0,0,0,0,0,0,1,0,0,0,0,0,0,0,0,0,1,1,0,0,0,0,0,0,0,0,0,1,0,0,1,0,0,0,0,0,1,0,1,0,0,0
0,1,0,1,1,1,0,0,0,0,0,0,0,0,0,1,1,1,1,1,1,1,0,1,0,1,1,0,1,0,1,0,0,1,1,0,0,0,0,0,0,1,1,1,0,1,0,1,1,1,1,0,1,1,0,1,0,0,0,1,0,1,1,1,1,1,0,1,0,1,1,0,0,0,1,0,1,0,0,1,0,1,1,1,1,0,0,1,1,1,0,1,1,1,1,0,1,0,0,1,0,1,1,1,1,1,1,0,0,1,1,1,0,0,0,1,1,0,1,0,0,1,1,0,1,0,1,0,0,0,1,0,0,0,0,1,0,0,1,0,1,0,0,0,1,0,0,1,1,0,0,0,0,0,0,1,0,0,0,0,1,0,0,1,1,0,0,0,0,0,1,0,0,0,1,0,1,1,1,0,0,0,0,0,0,1,0,0,0,0,0,0,0,0,0,1,1,0,0,0,0,0,0,0,0,0,1,0,0,1,0,0,0,0,0,1,0,1,0,0,0
0,1,0,1,1,1,0,0,0,0,0,0,0,0,0,1,1,1,1,1,1,1,0,1,0,1,1,0,1,0,1,0,0,1,0,0,0,0,0,0,0,1,1,1,0,1,0,1,1,1,1,1,1,1,0,1,0,0,0,1,0,1,1,1,1,1,0,1,1,0,1,0,0,0,1,0,1,0,0,1,0,1,1,1,1,0,0,1,1,1,0,1,1,1,1,0,1,0,0,1,0,1,1,1,1,1,1,0,0,1,1,1,0,0,0,1,1,0,1,0,0,1,1,0,1,0,1,0,0,0,1,0,0,0,0,1,0,0,1,0,1,0,0,0,1,0,0,1,1,0,0,1,0,0,0,1,0,0,0,0,1,0,0,1,1,0,0,0,0,0,1,0,0,0,1,0,1,1,1,0,0,0,0,0,0,1,0,0,0,0,0,0,0,0,0,1,1,0,0,0,0,0,0,0,0,0,1,0,0,1,0,0,0,0,0,1,0,1,0,0,0
0,1,0,1,1,0,0,0,0,0,0,0,0,0,0,1,1,1,1,1,1,1,0,1,0,1,1,0,1,0,0,0,0,1,0,0,0,1,1,0,0,1,0,0,0,1,0,1,0,1,1,1,1,1,0,1,0,0,0,0,0,1,1,1,1,1,0,1,0,0,1,0,0,0,1,0,1,0,0,1,0,1,1,1,1,0,0,1,1,1,0,1,1,1,1,0,1,0,0,1,0,1,1,1,1,1,1,0,0,1,1,1,0,0,0,1,1,0,1,0,0,1,1,0,0,0,1,0,0,0,1,0,0,0,0,1,0,0,1,0,1,0,0,0,1,0,0,1,1,0,0,0,0,0,0,1,0,0,0,0,1,0,0,1,1,0,0,0,0,0,1,0,0,0,1,0,1,1,0,0,0,0,0,0,0,1,0,0,0,0,0,0,0,0,0,1,1,0,0,0,0,0,0,0,0,0,0,0,0,0,0,0,0,0,0,0,0,0,0,0,0
0,1,0,1,1,0,0,0,0,0,0,0,0,0,0,1,1,1,1,1,1,1,0,1,0,1,1,0,1,0,0,0,0,1,0,0,1,1,1,0,0,1,0,0,0,1,0,1,0,1,1,1,1,1,0,1,0,0,0,0,0,1,1,1,1,1,0,1,0,0,1,0,0,0,1,0,1,0,0,1,0,1,1,1,1,0,0,1,1,1,0,1,1,1,1,0,1,0,0,1,0,1,1,1,1,1,1,0,0,1,1,1,0,0,0,1,1,0,1,0,0,1,1,0,0,0,0,0,0,0,1,0,0,0,0,1,0,0,1,0,1,0,0,0,1,0,0,1,0,0,0,0,0,0,0,1,0,0,0,0,1,0,0,1,1,0,0,0,0,0,1,0,0,0,1,0,1,1,0,0,0,0,0,0,0,1,0,0,0,0,0,0,0,0,0,1,1,0,0,0,0,0,0,0,0,0,0,0,0,0,0,0,0,0,0,0,0,0,0,0,0
0,1,0,1,1,0,0,0,0,0,0,0,0,0,0,1,1,1,1,1,1,1,0,1,0,1,1,0,1,0,0,0,0,1,0,0,0,1,1,0,0,1,0,0,0,1,0,1,0,1,1,1,1,1,0,1,0,0,0,0,0,1,1,1,1,1,0,1,0,0,1,0,0,0,1,0,1,0,0,1,0,1,1,1,1,0,0,1,1,1,0,1,1,1,1,0,1,0,0,1,0,1,1,1,1,1,1,0,0,1,1,1,0,0,0,1,1,0,1,0,0,1,1,0,0,0,1,0,0,0,1,0,0,0,0,1,0,0,1,0,1,0,0,0,1,0,0,1,1,0,0,0,0,0,0,1,0,0,0,0,1,0,0,1,1,0,0,0,0,0,1,0,0,0,1,0,1,1,0,0,0,0,0,0,0,1,0,0,0,0,0,0,0,0,0,1,1,0,0,0,0,0,0,0,0,0,0,0,0,0,0,0,0,0,0,0,0,0,0,0,0
0,1,0,1,1,0,0,0,0,0,0,0,0,0,0,1,1,1,1,1,1,1,0,1,0,1,1,0,1,0,0,0,0,1,0,0,0,1,1,0,0,1,0,0,0,1,0,1,0,1,1,1,1,1,0,1,0,0,0,0,0,1,1,1,1,1,0,1,0,0,1,0,0,0,1,0,1,0,0,1,0,1,1,1,1,0,0,1,1,1,0,1,1,1,1,0,1,0,0,1,0,1,1,1,1,1,1,0,0,1,1,1,0,0,0,1,1,0,1,0,0,1,1,0,0,0,1,0,0,0,1,0,0,0,0,1,0,0,1,0,1,0,0,0,1,0,0,1,1,0,0,0,0,0,0,1,0,0,0,0,1,0,0,1,1,0,0,0,0,0,1,0,0,0,1,0,1,1,0,0,0,0,0,0,0,1,0,0,0,0,0,0,0,0,0,1,1,0,0,0,0,0,0,0,0,0,0,0,0,0,0,0,0,0,0,0,0,0,0,0,0
0,1,0,1,1,0,0,0,0,0,0,0,0,0,0,1,1,1,1,1,1,1,0,1,0,1,1,0,1,0,0,0,0,1,0,0,1,1,1,0,0,1,0,0,0,1,0,1,0,1,1,1,1,1,0,1,0,0,0,0,0,1,1,1,1,1,0,1,0,0,1,0,0,0,1,0,1,0,0,1,0,1,1,1,1,0,0,1,1,1,0,1,1,1,1,0,1,0,0,1,0,1,1,1,1,1,1,0,0,1,1,1,0,0,0,1,1,0,1,0,0,1,1,0,0,0,0,0,0,0,1,0,0,0,0,1,0,0,1,0,1,0,0,0,1,0,0,1,0,0,0,0,0,0,0,1,0,0,0,0,1,0,0,1,1,0,0,0,0,0,1,0,0,0,1,0,1,1,0,0,0,0,0,0,0,1,0,0,0,0,0,0,0,0,0,1,1,0,0,0,0,0,0,0,0,0,1,0,0,0,0,0,0,0,0,0,0,0,0,0,0
1,1,0,1,1,0,0,0,0,0,0,0,0,0,0,1,1,1,1,1,1,1,1,1,1,1,1,0,1,0,0,0,0,1,0,0,0,1,1,0,0,1,0,0,0,1,0,1,0,1,1,0,1,1,0,1,0,0,0,0,0,1,1,1,1,1,0,1,0,0,1,0,0,0,1,0,1,0,0,1,0,1,1,1,1,0,0,1,1,1,0,1,1,1,1,0,1,0,0,1,0,1,1,1,1,1,1,0,0,1,1,1,0,0,0,1,1,0,1,0,0,1,1,0,0,0,1,0,0,0,1,0,0,0,0,1,0,0,1,0,1,0,0,0,1,0,0,1,1,0,0,0,0,0,0,1,0,0,0,0,1,0,0,1,1,0,0,0,0,0,1,0,0,0,1,0,1,1,0,0,0,0,0,0,0,1,0,0,0,0,0,0,0,0,0,1,1,0,0,0,0,0,0,0,0,0,0,0,0,0,0,0,0,0,0,0,0,0,0,0,0
0,1,0,1,1,1,0,0,0,0,0,0,0,0,0,1,1,1,1,1,1,1,0,1,0,1,1,0,1,0,1,0,0,1,0,0,0,1,1,0,0,1,0,1,0,1,0,1,0,1,1,1,1,1,0,1,0,0,0,0,0,1,1,1,1,1,0,1,0,0,1,1,0,0,1,0,1,1,0,1,1,1,1,1,1,1,0,1,1,1,0,1,1,1,1,0,1,0,0,1,0,1,1,1,1,1,1,0,0,1,1,1,0,0,0,1,1,0,1,0,0,1,1,0,0,0,1,0,0,0,1,0,0,0,0,1,0,0,1,0,1,0,0,0,1,0,0,1,1,0,0,0,0,0,0,1,0,0,0,0,1,0,0,1,1,0,0,0,0,0,1,1,1,0,1,0,1,1,0,0,0,0,0,0,0,1,0,0,0,0,0,0,0,0,0,1,1,0,0,0,0,0,0,0,0,0,0,0,0,0,0,0,0,0,0,0,0,0,0,0,0
0,1,0,1,1,0,0,0,0,0,0,0,0,0,0,1,1,1,1,1,1,1,0,1,0,1,1,0,1,0,0,0,0,1,0,0,0,1,1,0,0,1,0,0,0,1,0,1,0,1,1,0,1,1,0,1,0,0,0,0,0,1,1,1,1,1,0,1,0,0,1,0,0,0,1,0,1,0,0,1,0,1,1,1,1,0,0,1,1,1,0,1,1,1,1,0,1,0,0,1,0,1,1,1,1,1,1,0,0,1,1,1,0,0,0,1,1,0,1,0,0,1,1,0,0,0,1,0,0,0,1,0,0,0,0,1,0,0,1,0,1,0,0,0,1,0,0,1,1,0,0,0,0,0,0,1,0,0,0,0,1,0,0,1,1,0,0,0,0,0,1,0,0,0,1,0,1,1,0,0,0,0,0,0,0,1,0,0,0,0,0,0,0,0,0,1,1,0,0,0,0,0,0,0,0,0,0,0,0,0,0,0,0,0,0,0,0,0,0,0,0
0,1,0,1,1,1,0,0,0,0,0,0,0,0,0,1,1,1,1,1,1,1,0,1,0,1,1,0,1,0,1,0,0,1,1,0,0,1,1,0,0,1,1,1,0,1,0,1,1,1,1,0,1,1,0,1,0,0,0,0,0,1,1,1,1,1,0,1,0,1,1,0,0,0,1,0,1,0,0,1,0,1,1,1,1,0,0,1,1,1,0,1,1,1,1,0,1,0,0,1,0,1,1,1,1,1,1,0,0,1,1,1,0,0,0,1,1,0,1,0,0,1,1,0,1,0,1,0,0,0,1,0,0,0,0,1,0,0,1,0,1,0,0,0,1,0,0,1,1,0,0,0,0,0,0,1,0,0,0,0,1,0,0,1,1,0,0,0,0,0,1,0,0,0,1,0,1,1,1,0,0,0,0,0,0,1,0,0,0,0,0,0,0,0,0,1,1,0,0,0,0,0,0,0,0,0,0,0,0,0,0,0,0,0,0,0,0,0,0,0,0
0,1,0,1,1,1,0,0,0,0,0,0,0,0,0,1,1,1,1,1,1,1,0,1,0,1,1,0,1,0,1,0,0,1,0,0,0,1,1,0,0,1,1,1,0,1,0,1,1,1,1,1,1,1,0,1,0,0,0,0,0,1,1,1,1,1,0,1,1,0,1,0,0,0,1,0,1,0,0,1,0,1,1,1,1,0,0,1,1,1,0,1,1,1,1,0,1,0,0,1,0,1,1,1,1,1,1,0,0,1,1,1,0,0,0,1,1,0,1,0,0,1,1,0,1,0,1,0,0,0,1,0,0,0,0,1,0,0,1,0,1,0,0,0,1,0,0,1,1,0,0,1,0,0,0,1,0,0,0,0,1,0,0,1,1,0,0,0,0,0,1,0,0,0,1,0,1,1,1,0,0,0,0,0,0,1,0,0,0,0,0,0,0,0,0,1,1,0,0,0,0,0,0,0,0,0,0,0,0,0,0,0,0,0,0,0,0,0,0,0,0
1,1,1,0,0,1,1,1,0,0,1,0,0,1,1,0,0,1,1,0,0,0,0,0,0,1,1,0,1,0,1,0,0,0,0,0,0,0,0,1,0,0,1,1,0,0,0,0,1,0,0,1,0,0,0,0,1,1,1,1,0,0,0,0,0,0,0,0,1,0,0,1,0,1,0,0,0,0,1,0,1,0,0,0,0,0,1,0,0,0,1,0,0,0,0,1,0,1,0,0,0,0,0,0,0,0,0,1,0,0,0,0,1,1,1,0,0,1,0,0,1,0,0,1,0,1,0,1,1,0,0,0,1,0,0,0,1,0,0,1,0,1,0,0,0,1,1,0,0,0,1,0,0,1,1,0,0,1,0,1,0,1,1,0,0,1,0,0,1,0,0,0,0,1,0,1,0,0,0,1,0,1,0,1,1,0,1,0,1,1,1,0,1,1,0,1,1,1,1,1,1,0,0,1,1,0,0,1,1,0,1,0,1,0,1,1,1,0,1,0,1
1,1,1,0,0,1,1,1,0,0,1,0,0,1,1,0,0,1,1,0,0,0,0,0,0,1,1,0,1,0,1,0,0,0,0,0,0,0,0,1,0,0,1,1,0,0,0,0,1,0,0,1,0,0,0,0,1,1,1,1,0,0,0,0,0,0,0,0,1,0,0,1,0,1,0,0,0,0,1,0,1,0,0,0,0,0,1,0,0,0,1,0,0,0,0,1,0,1,0,0,0,0,0,0,0,0,0,1,0,0,0,0,1,1,1,0,0,1,0,0,1,0,0,1,0,1,0,1,1,0,0,0,1,0,0,0,1,0,0,1,0,1,0,0,0,1,1,0,0,0,1,0,0,1,1,0,0,1,0,1,0,1,1,0,0,1,0,0,1,0,0,0,0,1,0,1,0,0,0,1,0,1,0,1,1,0,1,0,1,1,1,0,1,1,0,1,1,1,1,1,1,0,0,1,1,0,0,1,1,0,1,0,1,0,1,1,1,0,1,0,1
1,1,1,0,0,1,1,1,0,0,1,0,0,1,1,0,0,1,1,0,0,0,0,0,0,1,1,0,1,0,1,0,0,0,0,0,0,0,0,1,0,0,1,1,0,0,0,0,1,0,0,1,0,0,0,0,1,1,1,1,0,0,0,0,0,0,0,0,1,0,0,1,0,1,0,0,0,0,1,0,1,0,0,0,0,0,1,0,0,0,1,0,0,0,0,1,0,1,0,0,0,0,0,0,0,0,0,1,0,0,0,0,1,1,1,0,0,1,0,0,1,0,0,1,0,1,0,1,1,0,0,0,1,0,0,0,1,0,0,1,0,1,0,0,0,1,1,0,0,0,1,0,0,1,1,0,0,1,0,1,0,1,1,0,0,1,0,0,1,0,0,0,0,1,0,1,0,0,0,1,0,1,0,1,1,0,1,0,1,1,1,0,1,1,0,1,1,1,1,1,1,0,0,1,1,0,0,1,1,0,1,0,1,0,1,1,1,0,1,0,1
1,1,1,0,0,1,1,1,0,0,1,0,0,1,1,0,0,1,1,0,0,0,0,0,0,1,1,0,1,0,1,0,0,0,0,0,0,0,0,1,0,0,1,1,0,0,0,0,1,0,0,1,0,0,0,0,1,1,1,1,0,0,0,0,0,0,0,0,1,0,0,1,0,1,0,0,0,0,1,0,1,0,0,0,0,0,1,0,0,0,1,0,0,0,0,1,0,1,0,0,0,0,0,0,0,0,0,1,0,0,0,0,1,1,1,0,0,1,0,0,1,0,0,1,0,1,0,1,1,0,0,0,1,0,0,0,1,0,0,1,0,1,0,0,0,1,1,0,0,0,1,0,0,1,1,0,0,1,0,1,0,1,1,0,0,1,0,0,1,0,0,0,0,1,0,1,0,0,0,1,0,1,0,1,1,0,1,0,1,1,1,0,1,1,0,1,1,1,1,1,1,0,0,1,1,0,0,1,1,0,1,0,1,0,1,1,1,0,1,0,1
0,1,0,0,0,1,1,1,0,0,1,0,0,1,1,0,0,1,1,0,0,1,1,0,0,1,1,0,1,1,1,0,0,1,0,0,0,0,1,1,0,0,1,1,0,0,0,0,1,0,0,1,0,1,1,0,1,1,1,1,0,0,0,1,1,0,0,0,1,0,0,1,0,1,0,1,0,0,0,0,1,0,0,1,0,1,1,0,1,0,1,0,0,0,0,1,1,1,0,1,0,0,0,0,0,0,0,1,0,0,0,0,1,1,1,1,1,1,1,0,1,0,0,1,0,1,0,1,1,0,0,0,1,0,0,1,1,0,0,1,0,1,0,1,0,1,1,1,0,1,1,0,0,1,1,0,0,1,0,1,1,1,1,1,0,1,0,0,1,0,1,1,0,1,0,1,0,1,0,1,1,1,0,1,1,0,1,0,1,1,1,0,1,1,0,1,1,1,1,1,1,0,0,1,1,0,0,1,1,0,1,0,1,0,1,1,1,0,1,0,1
0,1,0,0,0,1,1,1,0,0,1,0,0,1,1,0,0,1,1,0,0,0,0,0,0,1,1,0,1,0,1,0,0,0,0,0,1,0,0,1,0,0,1,1,0,0,0,0,1,0,0,1,0,0,0,0,1,1,1,1,0,0,0,0,0,0,0,0,1,0,0,1,0,1,0,0,0,0,1,0,1,0,0,0,0,0,1,0,0,0,1,0,0,0,0,1,0,1,0,0,0,0,0,0,0,0,0,1,0,0,0,0,1,1,1,0,0,1,0,0,1,0,0,1,0,1,0,1,1,0,0,0,1,0,0,0,1,0,0,1,0,1,0,0,0,1,1,0,0,0,1,0,0,1,1,0,0,1,0,1,0,1,1,0,0,1,0,0,1,0,0,0,0,1,0,1,0,0,0,1,0,1,0,1,1,0,1,0,1,1,1,0,1,1,0,1,1,1,1,1,1,0,0,1,1,0,0,1,1,0,1,0,1,0,1,1,1,0,1,0,1
0,1,0,0,0,1,1,1,0,0,1,0,0,1,1,0,0,1,1,0,0,0,0,0,0,1,1,0,1,0,1,0,0,0,0,0,1,0,0,1,0,0,1,1,0,0,0,0,1,0,0,1,0,0,0,0,1,1,1,1,0,0,0,0,0,0,0,0,1,0,0,1,0,1,0,0,0,0,1,0,1,0,0,0,0,0,1,0,0,0,1,0,0,0,0,1,0,1,0,0,0,0,0,0,0,0,0,1,0,0,0,0,1,1,1,0,0,1,0,0,1,0,0,1,0,1,0,1,1,0,0,0,1,0,0,0,1,0,0,1,0,1,0,0,0,1,1,0,0,0,1,0,0,1,1,0,0,1,0,1,0,1,1,0,0,1,0,0,1,0,0,0,0,1,0,1,0,0,0,1,0,1,0,1,1,0,1,0,1,1,1,0,1,1,0,1,1,1,1,1,1,0,0,1,1,0,0,1,1,0,1,0,1,0,1,1,1,0,1,0,1
1,1,0,0,0,1,1,0,0,0,0,0,0,0,0,0,0,1,1,0,0,0,0,0,0,0,1,0,0,0,1,0,0,0,0,1,0,0,0,1,0,1,1,1,0,0,0,1,1,0,0,1,0,0,0,0,0,1,1,0,0,0,1,0,0,0,0,0,1,0,0,0,0,0,0,0,0,0,0,0,0,0,0,0,0,0,0,0,1,0,1,0,0,0,0,0,0,1,0,0,0,0,0,0,0,0,0,0,0,0,0,1,1,1,0,0,0,1,1,0,0,0,0,1,1,1,0,1,1,0,0,0,0,0,0,0,1,0,0,1,0,0,0,0,0,1,1,1,0,0,1,1,0,1,1,0,0,0,0,1,1,0,1,1,0,1,0,0,1,0,0,0,0,1,0,1,1,0,1,1,0,1,0,0,0,0,1,0,0,1,0,0,0,0,0,1,1,1,1,0,0,0,0,0,0,1,1,1,0,0,0,0,0,0,1,0,0,0,0,0,0
0,1,0,0,0,1,1,1,0,0,1,0,0,1,0,1,1,1,1,1,1,1,0,1,0,1,1,0,1,0,1,0,0,0,0,0,0,0,1,1,0,1,0,1,1,1,0,1,1,1,1,1,0,1,1,0,1,1,1,1,1,1,1,0,0,1,1,1,1,0,1,0,1,0,1,1,0,0,0,1,0,1,1,1,0,0,0,1,1,1,1,1,0,0,1,0,1,1,0,1,0,1,0,1,1,0,1,0,0,1,1,1,1,1,1,1,1,1,1,0,0,1,0,1,0,1,0,1,1,0,1,1,0,0,0,1,1,0,0,1,0,0,0,1,0,1,1,1,0,0,0,0,0,1,0,0,0,0,0,1,1,1,0,1,0,1,1,0,1,0,0,0,0,1,0,1,1,1,0,1,1,1,0,0,0,0,1,1,0,1,0,1,0,0,0,1,1,1,1,0,0,1,1,0,0,0,1,1,1,1,1,0,1,0,1,0,1,1,1,0,1
0,1,0,0,0,0,0,0,0,0,0,0,0,0,0,0,0,1,1,0,0,1,1,0,0,0,1,0,1,0,0,0,0,0,0,1,0,0,0,0,0,1,0,0,0,0,0,1,0,0,0,1,0,0,0,0,0,0,0,1,0,0,1,0,0,0,0,0,0,0,0,0,0,0,0,0,0,0,0,0,0,0,0,0,0,0,0,0,1,0,0,0,0,0,0,0,0,0,0,0,0,0,0,0,0,0,0,0,0,0,0,1,0,0,0,0,0,0,1,0,0,0,0,0,0,0,0,0,0,0,0,0,0,0,0,0,0,0,0,0,0,0,0,0,0,0,0,1,0,0,0,0,0,0,0,0,0,0,0,0,1,0,0,1,0,0,0,0,0,0,0,0,0,0,0,0,1,0,0,0,0,0,0,0,0,0,0,0,0,0,0,0,0,0,0,1,1,0,0,0,0,0,0,0,0,1,1,0,0,1,0,0,0,1,0,1,0,1,0,0,0
0,1,0,0,0,0,0,0,0,0,0,0,0,0,0,0,0,1,1,0,0,1,1,1,1,0,1,0,1,1,0,0,0,0,0,0,0,0,0,0,0,0,0,0,0,0,0,0,0,0,0,0,0,0,0,0,0,0,0,1,0,0,0,0,0,0,0,0,0,0,0,0,0,0,0,0,0,0,0,0,0,0,0,0,0,0,0,0,0,0,0,0,0,0,0,0,0,0,0,0,0,0,0,0,0,0,0,0,0,0,0,0,0,0,0,0,0,0,0,0,0,0,0,0,0,0,0,0,0,0,0,0,0,0,0,0,0,0,0,0,0,0,0,0,0,0,0,0,0,0,0,0,0,0,0,0,0,0,0,0,0,0,0,0,0,0,0,0,0,0,0,0,0,0,0,0,0,0,0,0,0,0,0,0,0,0,0,0,0,0,0,0,0,0,0,1,1,0,0,0,0,0,0,0,0,0,1,0,0,1,0,0,0,1,0,1,0,1,0,0,0
0,0,0,0,0,1,0,0,0,0,0,0,0,0,0,0,0,0,0,0,0,0,0,0,0,0,0,0,0,0,1,0,0,0,1,0,0,0,0,1,0,0,0,1,0,0,0,0,0,0,0,1,0,0,0,0,0,1,1,0,0,0,0,0,0,0,0,0,0,1,0,0,0,0,0,0,0,0,0,0,0,0,0,0,0,0,0,0,0,0,0,0,0,0,0,0,0,1,0,0,0,0,0,0,0,0,0,0,0,0,0,0,1,1,0,0,0,1,0,0,0,0,0,0,0,0,0,1,1,0,0,0,0,0,0,0,0,0,0,0,0,0,0,0,0,0,1,0,0,0,0,0,1,1,0,0,0,0,0,0,0,0,0,0,0,1,0,0,1,0,0,0,0,1,0,1,0,0,0,0,0,0,1,0,0,0,1,0,0,1,0,0,0,0,0,1,1,1,0,0,0,0,0,0,0,0,0,1,0,0,0,0,0,0,1,0,0,0,0,0,0
0,1,0,0,0,0,0,0,0,0,1,1,0,0,0,0,0,1,1,0,0,1,1,1,0,0,1,0,1,1,0,0,0,0,0,0,0,0,0,0,0,0,0,0,0,0,0,0,0,0,0,1,0,0,0,0,0,0,0,1,0,0,0,0,0,0,0,0,0,0,0,0,0,0,0,0,0,0,0,0,0,0,0,0,0,0,0,0,0,0,0,0,0,0,0,0,0,0,0,0,0,0,0,0,0,0,0,0,0,0,0,0,0,0,0,0,0,0,0,0,0,0,0,0,0,0,0,0,0,0,0,0,0,0,0,0,0,0,0,0,0,0,0,0,0,0,0,0,0,0,0,0,0,0,0,0,0,0,0,0,0,0,0,0,0,0,0,0,0,0,0,0,0,0,0,0,0,0,0,0,0,0,0,0,0,0,0,0,0,0,0,0,0,0,0,1,1,0,0,0,0,0,0,0,0,0,1,0,0,1,0,0,0,1,0,1,0,1,0,0,0
1,1,1,0,0,1,1,0,0,0,0,0,0,0,0,1,1,1,1,0,0,1,1,1,0,0,1,0,1,0,1,0,0,0,0,1,0,0,0,1,0,1,1,1,0,0,0,1,1,0,0,1,0,0,0,0,0,0,0,0,0,0,1,0,0,0,0,0,1,0,0,1,0,1,0,0,0,0,0,0,1,0,0,0,0,0,0,0,0,0,0,0,0,0,0,1,0,0,0,0,0,0,0,0,0,0,0,1,0,0,0,1,0,0,0,0,0,1,0,0,1,0,0,0,0,0,0,1,1,0,0,0,1,0,0,0,0,0,0,1,0,1,0,0,0,1,0,0,0,0,1,0,0,1,0,0,0,1,0,0,0,0,0,0,0,1,1,0,1,0,0,0,0,0,0,1,1,0,0,0,0,1,0,1,1,0,1,0,1,1,0,0,1,0,0,1,1,1,0,0,0,0,0,1,0,1,1,0,0,0,0,0,0,1,0,0,0,0,0,0,0
0,1,0,1,0,0,0,0,0,0,0,0,0,0,0,0,0,1,1,0,0,1,0,0,0,0,1,0,0,0,0,0,0,0,0,0,0,0,1,0,0,0,0,0,0,0,0,1,0,0,0,1,0,1,1,0,0,0,0,0,0,0,1,0,0,0,0,0,0,0,1,0,1,0,0,1,0,0,0,1,0,0,0,1,0,0,0,1,1,0,0,0,0,0,0,0,1,0,0,1,0,0,0,0,0,0,0,0,0,0,1,1,0,0,0,1,1,0,1,0,0,1,0,0,0,0,0,0,0,0,0,0,0,0,0,1,0,0,0,0,0,0,0,1,0,0,0,1,0,0,0,0,0,0,0,0,0,0,0,0,1,0,0,1,0,0,0,0,0,0,0,0,0,0,0,0,0,1,0,0,1,0,0,0,0,0,0,0,0,0,0,0,0,0,0,1,1,0,0,0,0,0,0,0,0,0,0,0,0,0,0,0,0,0,0,0,0,0,0,0,0
0,1,0,1,0,1,0,0,0,1,1,0,1,1,0,0,0,1,1,0,0,0,0,0,0,1,1,0,1,0,1,0,1,0,0,0,0,0,0,1,1,1,1,1,0,1,1,1,1,1,1,0,1,1,0,1,0,0,0,0,0,1,1,0,0,1,1,1,1,0,1,0,0,0,1,0,0,0,0,1,0,1,1,1,1,0,0,1,0,1,0,1,1,1,1,0,1,0,1,1,1,1,1,1,0,0,0,0,0,0,1,1,0,0,0,0,1,1,0,1,0,0,1,0,1,0,1,1,1,0,0,0,0,0,0,0,0,1,0,1,1,0,1,0,0,1,0,1,1,0,1,1,0,1,0,0,0,0,0,0,0,0,0,0,1,1,0,0,1,0,0,0,0,0,1,1,1,0,1,0,0,1,0,0,0,1,1,0,0,1,0,0,0,0,0,1,0,1,0,0,0,0,0,0,0,0,0,0,0,0,0,0,0,0,0,0,0,0,0,0,0
0,0,0,0,0,1,1,0,0,1,0,0,0,0,0,0,0,1,1,0,0,0,0,0,0,0,1,0,0,0,1,0,1,0,1,0,0,0,0,1,1,0,0,1,0,0,1,0,0,0,0,0,0,0,0,0,0,1,1,0,0,0,0,0,0,0,0,0,0,1,0,0,0,0,0,0,0,0,0,0,0,0,0,0,0,0,0,0,0,0,0,0,0,0,0,0,0,1,1,0,1,0,0,0,0,0,0,0,0,0,0,0,1,0,0,0,0,1,0,1,0,0,0,0,0,0,0,1,1,0,0,0,0,0,0,0,0,1,0,0,0,0,1,0,0,0,1,0,0,0,0,0,1,1,0,0,0,0,0,0,0,0,0,0,0,1,0,0,1,0,0,0,0,1,0,1,0,0,0,0,0,0,1,0,0,0,1,0,0,1,1,0,0,0,0,1,1,1,0,0,1,0,0,0,0,0,0,0,0,0,1,0,0,0,0,0,0,0,1,0,0
0,1,0,0,0,1,1,1,0,1,0,0,0,0,0,0,0,1,1,0,0,0,0,0,0,0,1,0,0,0,1,0,1,0,0,0,0,0,0,1,1,0,1,1,0,0,1,0,1,0,0,1,0,0,0,0,1,1,1,0,0,0,0,0,0,0,0,0,1,0,0,1,0,1,0,0,0,0,1,0,1,0,0,0,0,0,1,0,0,0,1,0,0,0,0,1,0,1,1,0,1,0,0,0,0,0,0,1,0,0,0,0,1,1,0,0,0,1,0,1,1,0,0,1,0,1,0,1,1,0,0,0,1,0,0,0,1,1,0,1,0,1,1,0,0,1,1,0,0,0,1,0,0,1,1,0,0,1,0,1,0,0,1,0,0,1,0,0,1,0,0,0,0,1,0,1,0,0,0,1,0,1,0,1,1,0,1,0,1,1,0,0,1,1,0,1,1,1,0,0,0,0,0,1,1,0,0,1,0,0,0,0,0,0,1,0,0,0,0,0,0
1,1,0,0,0,1,0,0,0,0,1,1,0,0,0,0,0,1,1,0,0,1,0,0,0,0,0,0,0,0,1,0,0,0,1,1,1,0,0,1,0,0,0,1,0,0,0,0,0,0,0,1,0,0,0,0,0,0,0,0,0,0,0,0,0,0,0,0,0,1,0,0,0,0,0,0,0,0,0,0,0,0,0,0,0,0,0,0,0,0,0,0,0,0,0,0,0,0,0,0,0,0,0,0,0,0,0,0,0,0,0,0,0,0,0,0,0,0,0,0,0,0,0,0,0,0,0,0,0,0,0,0,0,0,0,0,0,0,0,0,0,0,0,0,0,0,0,0,0,0,0,0,1,0,0,0,0,0,0,0,0,0,0,0,0,1,0,0,0,0,0,0,0,0,0,0,0,0,0,0,0,0,0,0,0,0,1,0,0,1,0,0,0,0,0,1,1,1,1,0,0,0,0,0,0,1,1,0,0,0,0,0,0,1,0,1,0,1,0,0,0
0,1,0,0,0,1,1,0,1,0,1,0,1,1,0,0,0,1,1,0,0,0,0,0,0,0,0,0,0,0,1,1,0,1,0,1,0,0,0,1,0,0,1,1,0,0,0,0,1,0,0,1,0,0,0,0,0,1,1,0,0,0,0,1,1,0,0,0,1,0,0,1,0,0,0,0,0,1,0,0,1,0,0,0,0,1,0,0,0,0,1,0,0,0,0,0,0,1,0,0,0,0,0,0,0,0,0,1,0,0,0,0,1,1,0,0,0,1,0,0,0,0,0,1,0,0,0,1,1,0,0,0,1,0,0,0,1,0,0,1,0,0,0,0,0,1,1,0,0,0,1,0,0,1,1,0,0,0,0,1,0,0,1,0,0,1,0,0,1,0,1,1,0,1,0,1,0,0,0,0,0,1,0,0,0,0,1,0,1,1,0,0,1,0,0,1,1,1,0,0,0,0,0,1,0,1,0,1,0,0,0,0,0,0,1,0,0,0,0,0,0
0,1,0,1,0,1,1,0,0,1,0,0,0,0,0,0,0,1,1,0,0,1,1,0,0,0,1,0,1,0,1,0,1,1,1,0,1,0,1,1,1,0,0,1,0,0,1,0,0,0,0,1,0,1,1,0,0,1,1,0,0,0,0,1,1,0,0,0,0,1,0,1,0,0,0,1,0,1,0,0,1,0,0,1,0,1,0,0,1,0,0,0,0,0,0,1,1,1,1,1,1,0,0,0,0,0,0,1,0,0,0,0,1,0,0,1,1,1,1,1,1,0,0,0,0,0,0,1,1,0,0,0,1,0,1,1,0,1,0,0,0,1,1,1,0,0,1,1,0,0,0,0,1,1,0,0,0,1,1,0,1,0,0,1,0,1,1,0,1,1,1,1,0,1,0,1,1,1,0,0,1,0,1,1,1,0,1,0,1,1,0,0,1,0,0,1,1,1,0,0,0,0,0,1,0,0,1,0,0,0,1,1,0,0,0,1,0,0,1,1,0
0,1,0,1,0,0,0,0,0,1,1,0,1,1,0,0,0,1,1,0,0,1,1,0,0,1,1,0,1,1,0,0,1,0,0,0,0,0,1,0,1,1,0,0,0,1,1,1,0,1,1,0,1,1,0,1,0,0,0,0,0,1,1,0,0,1,1,1,0,0,1,0,0,0,1,0,0,0,0,1,0,1,1,1,1,0,0,1,1,1,0,1,1,1,1,0,1,0,1,1,1,1,1,1,0,0,0,0,0,0,1,1,0,0,0,0,1,0,1,1,0,0,1,0,0,0,1,0,0,0,0,0,0,0,0,0,0,1,0,0,1,0,1,0,0,0,0,1,1,0,0,0,0,0,0,0,0,0,0,0,1,0,0,1,1,0,0,0,0,0,0,0,0,0,1,0,1,0,0,0,0,0,0,0,0,1,0,0,0,0,0,0,0,0,0,1,1,0,0,0,0,0,0,0,0,0,1,0,0,0,0,0,0,0,0,0,0,0,0,0,0
0,1,0,0,0,1,1,0,0,0,0,0,0,0,0,0,0,1,1,0,0,0,0,0,0,0,1,0,0,0,1,0,0,0,1,0,0,0,0,1,0,0,0,1,0,0,0,0,0,0,0,1,0,0,0,0,0,1,1,0,0,0,0,0,0,0,0,0,0,1,0,0,0,0,0,0,0,0,0,0,0,0,0,0,0,0,0,0,0,0,0,0,0,0,0,0,0,1,0,0,0,0,0,0,0,0,0,0,0,0,0,0,1,1,0,0,0,1,0,0,0,0,0,0,0,0,0,1,1,0,0,0,0,0,0,0,0,0,0,0,0,0,0,0,0,0,1,0,0,0,0,0,1,1,0,0,0,0,0,0,0,0,0,0,0,1,0,0,1,0,0,0,0,1,0,1,0,0,0,0,0,0,1,0,0,0,1,0,0,1,0,0,0,0,0,1,0,1,0,0,0,0,0,0,0,0,0,1,0,0,0,0,0,0,1,0,0,0,0,0,0
0,0,0,1,1,1,1,0,1,0,1,0,1,1,0,0,0,0,0,0,0,0,0,0,0,1,0,0,0,0,0,1,0,1,0,0,0,0,1,0,0,1,0,0,1,1,0,1,0,0,0,1,1,1,0,0,0,0,0,0,0,1,1,1,1,1,0,1,0,0,1,0,1,0,0,1,0,0,0,1,0,1,0,1,0,0,0,1,0,1,0,1,0,0,0,0,1,0,0,1,0,1,0,0,0,1,0,0,0,0,1,1,0,0,0,0,1,0,0,0,0,0,1,0,0,0,1,0,0,0,0,0,0,0,0,0,0,0,0,0,0,0,0,0,0,0,0,0,1,0,0,0,0,0,0,0,0,0,0,0,0,0,0,0,1,0,0,0,0,0,1,0,0,0,1,0,1,0,0,0,0,0,0,0,0,0,0,0,0,0,0,0,0,0,0,0,0,0,0,0,0,0,0,0,0,0,0,0,0,0,0,0,0,0,0,0,0,0,0,0,0
1,1,0,0,0,0,0,0,0,0,0,0,0,0,0,1,1,0,0,0,0,0,0,0,0,1,0,0,0,0,0,0,0,0,0,0,0,0,0,0,0,1,0,0,0,1,0,1,0,1,1,1,0,1,0,0,0,0,0,0,0,1,1,0,0,1,1,1,0,0,1,0,0,0,1,0,0,0,0,1,0,1,1,1,0,0,0,1,1,1,0,1,0,0,1,0,1,0,0,1,0,1,0,1,1,0,1,0,0,1,1,1,0,0,0,1,1,0,1,0,0,1,0,0,0,0,0,0,0,0,1,1,0,0,0,1,0,0,0,0,0,0,0,1,0,0,0,1,0,0,0,0,0,0,0,0,0,0,0,0,1,0,0,1,0,0,0,0,0,0,0,0,0,0,0,0,1,1,0,0,1,0,0,0,0,0,0,0,0,0,0,0,0,0,0,1,0,0,0,0,0,0,0,0,0,0,0,0,0,0,0,0,0,0,0,0,0,0,0,0,0
0,1,0,1,0,1,0,0,0,1,1,0,1,1,0,0,0,1,1,0,0,0,0,0,0,1,1,0,1,0,1,0,1,0,0,0,0,0,1,0,1,1,1,1,0,1,1,1,1,1,1,0,1,1,0,1,0,0,0,0,0,1,1,0,0,1,1,1,0,0,1,0,1,0,1,0,0,0,0,1,0,1,1,1,1,0,0,1,0,1,0,1,1,1,1,0,1,0,1,1,1,1,1,1,0,0,0,0,0,1,1,1,0,0,0,0,1,1,0,1,0,1,1,0,0,0,1,1,1,0,1,0,0,0,0,0,0,1,0,0,1,0,1,0,0,0,0,1,1,0,0,0,0,1,0,0,0,0,0,0,0,0,0,0,1,1,0,0,1,0,0,0,0,0,1,1,1,0,0,0,0,0,0,0,0,1,1,0,0,1,0,0,0,0,0,1,0,1,0,0,0,0,0,0,0,0,0,0,0,0,0,0,0,0,0,0,0,0,0,0,0
0,1,0,1,0,1,0,0,0,1,0,0,0,0,0,1,1,1,1,0,0,1,0,0,0,1,1,0,1,0,1,0,1,1,0,0,0,1,1,1,1,1,0,1,1,1,1,1,1,0,0,1,0,1,1,0,0,1,1,1,1,1,1,1,1,1,0,1,1,0,1,0,1,0,0,1,0,0,0,1,0,0,0,1,0,0,0,1,1,1,1,1,0,0,0,0,1,1,1,1,1,1,0,0,1,1,1,0,0,1,1,1,1,1,0,1,1,1,1,1,0,1,0,1,0,0,0,1,1,0,1,1,0,0,0,1,1,1,1,1,0,0,1,1,1,1,1,1,0,0,0,0,0,1,0,1,0,0,0,1,1,0,0,1,0,1,0,0,1,0,1,0,0,1,0,1,1,1,0,0,1,1,0,0,0,0,1,1,0,1,0,0,0,0,0,1,1,1,1,0,0,0,0,0,0,0,0,0,1,0,0,1,0,0,0,0,1,0,0,1,0
0,1,0,1,0,1,0,0,0,1,1,0,1,1,0,0,0,1,1,0,0,0,0,0,0,1,1,0,1,0,1,0,1,0,0,0,0,0,0,1,1,1,1,1,0,1,1,1,1,1,1,0,1,1,0,1,0,0,0,0,0,1,1,0,0,1,1,1,1,0,1,0,0,0,1,0,0,0,0,1,0,1,1,1,1,0,0,1,0,1,0,1,1,1,1,0,1,0,1,1,1,1,1,1,0,0,0,0,0,0,1,1,0,0,0,0,1,1,0,1,0,0,1,0,1,0,1,1,1,0,0,0,0,0,0,0,0,1,0,1,1,0,1,0,0,1,0,1,1,0,1,1,0,1,0,0,0,0,0,0,0,0,0,0,1,1,0,0,1,0,0,0,0,0,1,1,1,0,1,0,0,1,0,0,0,1,1,0,0,1,0,0,0,0,0,1,0,1,0,0,0,0,0,0,0,0,0,0,0,0,0,0,0,0,0,0,0,0,0,0,0
0,1,0,1,0,1,1,0,0,0,1,0,1,1,0,1,1,1,1,0,0,1,1,1,0,1,1,0,1,0,1,0,0,1,0,0,1,1,1,0,0,1,1,1,1,1,0,1,1,1,1,1,0,1,1,0,1,0,0,1,1,1,1,1,1,1,1,1,1,0,1,1,1,0,1,1,0,0,0,1,0,1,1,1,0,1,1,1,1,1,0,1,0,0,1,0,1,0,0,1,0,1,0,1,1,1,1,0,0,1,1,1,0,0,0,1,1,1,1,0,0,1,0,0,0,0,0,1,1,0,1,1,0,0,0,1,0,0,1,1,0,0,0,1,0,1,0,1,0,1,0,0,0,1,0,0,0,0,0,0,1,0,0,1,0,1,0,0,1,0,1,1,1,0,0,1,1,1,0,0,1,1,0,0,0,0,1,0,0,1,0,0,0,0,0,1,1,1,0,0,0,0,0,0,0,0,1,0,0,1,0,1,0,1,0,1,0,1,0,1,0
1,1,1,1,1,1,1,1,0,0,1,0,1,1,0,1,1,1,0,1,1,1,0,1,1,1,1,1,1,0,1,0,0,0,1,0,0,1,1,1,0,1,1,1,1,1,0,1,1,0,0,1,0,1,1,0,1,1,1,1,1,1,1,0,0,1,0,1,1,1,1,1,1,0,0,1,0,1,1,1,1,0,0,1,0,1,1,1,1,1,1,1,0,0,0,1,1,1,0,1,0,1,0,1,1,0,1,1,0,1,1,1,1,1,0,1,1,1,1,0,1,1,0,1,0,1,1,1,1,0,1,1,1,0,1,1,1,0,1,1,0,0,0,1,0,1,1,1,1,1,1,0,1,1,0,0,1,1,0,1,1,0,0,1,0,1,1,0,1,1,0,1,1,1,0,1,1,1,0,1,1,1,1,1,0,0,1,1,1,1,0,1,1,1,1,1,1,1,1,0,0,1,1,1,0,0,1,0,1,0,0,1,0,0,0,0,1,0,0,1,0
0,1,0,1,1,1,1,0,0,1,1,0,1,1,1,1,1,1,1,0,0,1,0,0,0,1,1,0,1,0,1,0,1,0,0,0,0,1,1,1,1,1,1,1,0,0,1,1,1,0,1,1,1,1,1,1,1,1,1,0,0,0,1,0,0,1,0,1,1,0,1,0,0,0,0,1,0,0,0,0,0,0,1,1,1,0,0,1,1,0,1,0,1,1,1,0,1,1,1,1,1,0,1,1,0,0,0,0,0,0,0,1,1,1,0,1,1,1,1,1,0,0,1,1,1,1,1,1,1,0,0,0,0,0,0,1,1,1,0,1,1,0,1,1,0,1,1,1,1,0,1,1,0,1,1,0,0,0,0,1,1,0,1,1,1,1,0,1,1,0,0,0,0,1,1,1,1,1,1,1,1,1,0,0,0,0,1,1,0,1,0,0,0,0,0,1,0,1,0,0,0,0,0,0,0,0,0,0,0,0,0,0,0,0,0,0,0,0,0,0,0
1,1,0,1,0,1,1,0,1,0,1,0,0,1,0,0,0,0,0,0,0,0,0,0,0,0,0,0,0,0,1,1,0,1,0,0,0,0,0,1,0,1,0,1,0,0,0,1,1,0,0,1,0,0,0,0,0,1,1,0,0,0,1,1,1,0,0,0,1,0,0,1,0,0,0,0,0,1,0,0,1,0,0,0,0,1,0,0,1,0,1,0,0,0,0,0,0,1,0,0,0,0,0,0,0,1,0,1,0,0,0,1,1,1,0,0,0,1,1,0,0,0,0,1,0,0,0,1,1,0,0,0,1,0,0,0,1,0,0,1,0,0,0,0,0,1,1,1,0,0,0,0,0,1,0,0,0,0,0,1,1,0,0,1,0,1,1,0,1,0,1,1,1,1,0,1,1,0,0,0,0,1,0,0,0,0,1,0,1,1,0,0,1,0,0,1,0,1,0,0,0,0,0,1,0,0,0,0,0,0,1,0,0,0,0,0,0,0,1,0,0
0,1,0,1,1,1,1,0,1,1,1,0,0,1,0,1,1,1,0,0,0,0,0,0,0,1,1,0,0,0,1,1,1,1,0,0,0,0,1,1,0,1,0,1,1,1,0,1,1,0,0,1,1,1,1,1,0,1,1,1,1,1,0,1,1,1,0,1,1,0,1,1,1,0,0,1,1,1,0,1,1,0,0,1,1,1,0,1,1,1,1,1,1,1,0,0,1,1,0,1,0,1,1,0,1,1,1,1,0,1,1,1,1,1,1,1,1,1,1,0,0,1,1,1,0,1,0,1,1,0,1,0,1,0,0,1,1,0,1,1,1,0,0,1,1,1,1,1,0,0,0,0,0,1,0,1,0,0,0,1,1,1,0,1,1,1,1,0,1,0,1,1,1,1,1,1,1,1,0,1,1,1,0,0,0,1,1,1,1,1,0,1,1,0,0,1,0,0,1,0,0,1,1,1,0,0,0,1,1,0,0,1,1,0,1,0,1,0,0,1,1
0,1,0,0,0,1,1,1,1,0,1,0,0,1,0,1,1,1,1,0,0,1,1,1,0,1,1,0,1,1,1,1,0,0,1,0,0,0,0,1,0,1,1,1,0,0,0,1,1,0,0,0,0,0,0,0,0,1,1,1,0,0,1,0,0,0,0,0,1,1,0,1,0,1,0,0,0,0,0,0,1,0,0,0,0,0,0,0,0,0,1,0,0,0,0,1,0,1,0,0,0,0,0,0,0,0,0,1,0,0,0,1,1,1,0,0,0,1,0,0,1,0,0,1,1,0,0,1,1,0,0,0,1,0,0,0,1,0,0,1,0,1,0,0,0,1,1,0,0,0,1,1,1,1,1,0,0,1,0,1,0,0,1,0,0,1,0,0,1,0,0,0,0,1,0,1,1,0,1,0,0,1,1,1,1,0,1,0,1,1,0,0,1,1,0,1,1,1,1,0,0,0,0,1,1,0,1,1,0,0,0,0,0,0,1,0,0,0,0,0,0
1,1,0,1,0,1,0,0,1,1,1,0,0,1,0,1,1,1,1,0,0,1,0,0,0,1,1,0,0,0,1,1,1,1,0,0,0,0,1,0,1,1,0,1,1,1,1,1,0,0,0,0,0,1,1,0,0,0,0,1,1,1,0,1,1,1,0,1,0,0,1,1,1,0,0,1,0,1,0,1,1,0,0,1,0,1,0,1,1,1,0,1,0,0,0,0,1,0,1,1,1,1,0,0,1,1,1,1,0,1,1,1,0,0,0,1,1,0,1,1,0,1,0,0,0,0,0,0,0,0,1,1,1,0,0,1,0,1,1,0,0,0,1,1,1,0,0,1,0,0,0,0,0,0,0,1,0,0,0,0,1,0,0,1,0,0,0,0,0,0,1,1,1,0,0,0,1,1,0,0,1,0,0,0,0,0,0,0,1,0,0,0,1,0,0,1,1,0,0,0,0,0,0,1,0,0,0,0,0,0,0,1,0,0,0,0,0,0,0,1,0
0,1,0,1,0,1,0,0,1,1,1,0,0,1,0,1,1,1,1,0,0,1,0,0,0,1,1,1,1,0,1,1,1,1,0,0,0,0,1,0,1,1,0,1,1,1,1,1,0,0,0,0,0,1,1,0,0,0,0,1,1,1,0,1,1,1,0,1,0,0,1,1,1,0,0,1,0,1,0,1,1,0,0,1,0,1,0,1,1,1,0,1,0,0,0,0,1,0,1,1,1,1,0,0,1,1,1,1,0,1,1,1,0,0,0,1,1,0,1,1,0,1,0,0,0,0,0,0,0,0,1,1,1,0,0,1,0,1,1,0,0,0,1,1,1,0,0,1,0,0,0,0,0,0,0,1,0,0,0,0,1,0,0,1,0,0,0,0,0,0,1,1,1,0,0,0,1,1,0,0,1,0,0,0,0,0,0,0,1,0,0,0,1,0,0,1,1,0,0,0,0,0,0,1,0,0,0,0,0,0,0,1,0,0,0,0,0,0,0,1,0
1,1,0,1,0,1,1,0,1,0,1,0,0,1,0,0,0,0,0,0,0,0,0,0,0,0,0,0,0,0,1,1,0,1,0,0,0,1,1,1,0,1,0,1,0,0,0,1,1,0,0,1,0,0,0,0,0,1,1,0,0,0,1,1,1,0,0,0,1,0,0,1,0,0,0,0,0,1,0,0,1,0,0,0,0,1,0,0,1,0,1,0,0,0,0,0,0,1,0,0,0,0,0,0,0,1,0,1,0,0,0,1,1,1,0,0,0,1,1,0,0,0,0,1,0,0,0,1,1,0,0,0,1,0,0,0,1,0,1,1,0,0,0,0,0,1,1,1,0,0,0,0,0,1,0,0,0,0,0,1,1,0,0,1,0,1,0,0,1,0,1,1,1,1,0,1,1,0,0,0,0,1,0,0,0,0,1,1,1,1,0,0,1,0,0,1,0,1,1,0,0,0,0,1,0,0,0,0,1,0,0,0,0,0,0,0,1,0,0,0,0
1,1,0,1,0,1,0,0,1,1,1,0,0,1,0,1,1,1,1,0,0,1,0,0,0,1,1,0,0,0,1,1,1,1,0,0,0,0,1,0,1,1,0,1,1,1,1,1,0,0,0,0,0,1,1,0,0,0,0,1,1,1,0,1,1,1,0,1,0,0,1,1,1,0,0,1,0,1,0,1,1,0,0,1,0,1,0,1,1,1,0,1,0,0,0,0,1,0,1,1,1,1,0,0,1,1,1,1,0,1,1,1,0,0,0,1,1,0,1,1,0,1,0,0,0,0,0,0,0,0,1,1,1,0,0,1,0,1,1,0,0,0,1,1,1,0,0,1,0,0,0,0,0,0,0,1,0,0,0,0,1,0,0,1,0,0,0,0,0,0,1,1,1,0,0,0,1,1,0,0,1,0,0,0,0,0,0,0,1,0,0,0,1,0,0,1,1,0,0,0,0,0,0,1,0,0,0,0,0,0,0,1,0,0,0,0,0,0,0,1,0
1,1,0,1,0,1,1,0,1,0,1,0,0,1,0,0,0,0,0,0,0,0,0,0,0,0,0,0,0,0,1,1,0,1,0,0,0,1,1,1,0,1,1,1,0,0,0,1,1,0,0,1,0,0,0,0,0,1,1,0,0,0,1,1,1,0,0,0,1,0,0,1,0,0,0,0,0,1,0,0,1,0,0,0,0,1,0,0,1,0,1,0,0,0,0,0,0,1,0,0,0,0,0,0,0,1,0,1,0,0,0,1,1,1,0,0,0,1,1,0,0,0,0,1,0,0,0,1,1,0,0,0,1,0,0,0,1,0,0,1,0,0,0,0,0,1,1,1,0,0,1,0,0,1,1,0,0,0,0,1,1,0,1,1,0,1,1,0,1,0,1,1,1,1,0,1,1,0,0,0,0,1,0,0,0,0,1,1,1,1,0,0,1,0,0,1,0,1,1,0,0,0,0,1,0,0,0,0,1,0,0,0,0,0,0,0,1,0,0,0,0
0,1,0,1,0,1,0,0,0,0,0,0,0,0,0,1,1,1,1,0,0,1,0,0,0,1,1,0,0,0,1,0,0,1,0,0,0,0,1,1,0,1,0,1,1,1,0,1,1,0,0,1,0,1,1,0,0,1,1,1,1,1,0,1,1,1,0,1,1,0,1,0,1,0,0,1,0,0,0,1,0,0,0,1,0,0,0,1,1,1,1,1,0,0,0,0,1,1,0,1,0,1,0,0,1,1,1,0,0,1,1,1,1,1,0,1,1,1,1,0,0,1,0,1,0,0,0,1,1,0,1,1,0,0,0,1,1,0,1,1,0,0,0,1,1,1,1,1,0,0,0,0,0,1,0,1,0,0,0,1,1,0,0,1,0,1,0,0,1,0,1,0,0,1,0,1,1,1,0,0,1,1,0,0,0,0,1,1,0,1,0,0,0,0,0,1,1,1,1,0,0,0,0,0,0,0,0,0,1,0,0,1,0,0,0,0,1,0,0,1,0
0,1,0,1,0,1,0,0,0,0,0,0,0,0,0,1,1,1,1,0,0,1,0,0,0,1,1,0,0,0,1,0,0,1,0,0,0,0,1,1,0,1,0,1,1,1,0,1,1,0,0,1,0,1,1,0,0,1,1,1,1,1,0,1,1,1,0,1,1,0,1,0,1,0,0,1,0,0,0,1,0,0,0,1,0,0,0,1,1,1,1,1,0,0,0,0,1,1,0,1,0,1,0,0,1,1,1,0,0,1,1,1,1,1,0,1,1,1,1,0,0,1,0,1,0,0,0,1,1,0,1,1,0,0,0,1,1,0,1,1,0,0,0,1,1,1,1,1,0,0,0,0,0,1,0,1,0,0,0,1,1,0,0,1,0,1,0,0,1,0,1,0,0,1,0,1,1,1,0,0,1,1,0,0,0,0,1,1,0,1,0,0,0,0,0,1,1,1,1,0,0,0,0,0,0,0,0,0,1,0,0,1,0,0,0,0,1,0,0,1,0
0,1,0,1,0,1,0,0,0,0,0,0,0,0,0,1,1,1,1,0,0,1,0,0,0,1,1,0,0,0,1,0,0,1,0,0,0,0,1,1,0,1,0,1,1,1,0,1,1,0,0,1,0,1,1,0,0,1,1,1,1,1,0,1,1,1,0,1,1,0,1,0,1,0,0,1,0,0,0,1,0,0,0,1,0,0,0,1,1,1,1,1,0,0,0,0,1,1,0,1,0,1,0,0,1,1,1,0,0,1,1,1,1,1,0,1,1,1,1,0,0,1,0,1,0,0,0,1,1,0,1,1,0,0,0,1,1,0,1,1,0,0,0,1,1,1,1,1,0,0,0,0,0,1,0,1,0,0,0,1,1,0,0,1,0,1,0,0,1,0,1,0,0,1,0,1,1,1,0,0,1,1,0,0,0,0,1,1,0,1,0,0,0,0,0,1,1,1,1,0,0,0,0,0,0,0,0,0,1,0,0,1,0,0,0,0,1,0,0,1,0
0,1,0,1,0,1,0,0,0,0,0,0,0,0,0,1,1,1,1,0,0,1,0,0,0,1,1,0,0,0,1,0,0,1,0,0,0,1,1,1,0,1,0,1,1,1,0,1,1,0,0,1,0,1,1,0,0,1,1,1,1,1,0,1,1,1,0,1,1,0,1,0,1,0,0,1,0,0,0,1,0,0,0,1,0,0,0,1,1,1,1,1,0,0,0,0,1,1,0,1,0,1,0,0,1,1,1,0,0,1,1,1,1,1,0,1,1,1,1,0,0,1,0,1,0,0,0,1,1,0,1,1,0,0,0,1,1,0,1,1,0,0,0,1,1,1,1,1,0,0,0,0,0,1,0,1,0,0,0,1,1,0,0,1,0,1,0,0,1,0,1,0,0,1,0,1,1,1,0,0,1,1,0,0,0,0,1,1,0,1,0,0,0,0,0,1,1,1,1,0,0,0,0,0,0,0,0,0,1,0,0,1,0,0,0,0,1,0,0,1,0
1,1,1,1,1,1,1,0,0,0,0,0,0,0,0,1,1,1,1,1,1,1,1,1,1,1,1,1,1,1,1,0,0,0,0,0,0,0,1,1,0,1,0,1,1,1,0,1,1,0,0,1,0,1,1,0,0,1,1,1,1,1,1,0,0,1,0,1,1,0,1,0,1,0,0,1,0,0,0,1,0,0,0,1,0,0,0,1,1,1,1,1,0,0,0,0,1,1,0,1,0,1,0,0,1,0,1,0,0,1,1,1,1,1,0,1,1,1,1,0,0,1,0,1,0,0,0,1,1,0,1,1,0,0,0,1,1,0,1,1,0,0,0,1,1,1,1,1,0,0,0,0,0,1,0,1,0,0,0,1,1,0,0,1,0,1,0,0,1,0,0,0,0,1,0,1,1,1,0,0,1,1,0,0,0,0,1,1,0,1,0,0,0,0,0,1,1,1,1,0,0,0,0,0,0,0,0,0,1,0,0,1,0,0,0,0,1,0,0,1,0
1,1,1,0,0,1,1,1,0,0,1,1,0,0,0,0,0,1,0,0,0,1,0,0,0,0,0,0,0,0,1,0,0,0,0,1,1,0,0,1,0,0,1,1,0,0,0,0,1,0,0,1,0,0,0,0,1,0,0,0,0,0,0,0,0,0,0,0,1,0,0,1,0,1,0,0,0,0,1,0,1,0,0,0,0,0,1,0,0,0,0,0,0,0,0,0,0,0,0,0,0,0,0,0,0,0,0,1,0,0,0,0,0,0,0,0,0,0,0,0,1,0,0,0,0,0,0,1,0,0,0,0,1,0,0,0,0,0,0,1,0,0,0,0,0,0,0,0,0,0,1,0,0,1,0,0,0,0,0,0,0,0,0,0,0,1,0,0,1,0,0,0,0,0,0,0,0,0,0,0,0,1,0,1,0,0,1,0,1,1,0,0,1,1,0,1,1,1,1,0,0,0,0,1,1,1,1,0,0,0,0,0,0,1,0,1,0,1,1,0,0
1,1,1,0,0,1,1,1,0,0,1,1,0,0,0,0,0,1,0,0,0,1,0,0,0,0,0,0,0,0,1,0,0,0,1,1,1,0,0,1,0,0,1,1,0,0,0,0,1,0,0,1,0,0,0,0,1,0,0,0,0,0,0,0,0,0,0,0,1,1,0,1,0,1,0,0,0,0,1,0,1,0,0,0,0,0,1,0,0,0,0,0,0,0,0,0,0,0,0,0,0,0,0,0,0,0,0,1,0,0,0,0,0,0,0,0,0,0,0,0,1,0,0,0,0,0,0,0,0,0,0,0,1,0,0,0,0,0,0,0,0,0,0,0,0,0,0,0,0,0,1,0,1,0,0,0,0,0,0,0,0,0,0,0,0,1,0,0,1,0,0,0,0,0,0,0,0,0,0,0,0,0,0,1,0,0,1,0,1,1,0,0,1,1,0,1,1,1,1,0,0,0,0,1,1,1,1,0,0,0,0,0,0,1,1,1,1,1,1,0,0
1,1,0,0,0,1,1,1,0,0,1,1,0,0,0,0,0,1,0,0,0,1,0,0,0,0,0,0,0,0,1,0,0,0,1,1,1,0,0,1,0,0,1,1,0,0,0,0,1,0,0,1,0,0,0,0,1,0,0,0,0,0,0,0,0,0,0,0,1,1,0,1,0,1,0,0,0,0,1,0,1,0,0,0,0,0,1,0,0,0,0,0,0,0,0,0,0,0,0,0,0,0,0,0,0,0,0,1,0,0,0,0,0,0,0,0,0,0,0,0,1,0,0,0,0,0,0,1,0,0,0,0,1,0,0,0,0,0,0,0,0,0,0,0,0,0,0,0,0,0,0,0,1,1,0,0,0,0,0,0,0,0,0,0,0,1,0,0,1,0,0,0,0,0,0,0,0,0,0,0,0,0,1,1,0,0,1,0,1,1,0,0,1,1,0,1,1,1,1,0,0,0,0,1,1,1,1,0,0,0,0,0,0,1,0,1,0,1,1,0,0
1,1,0,0,0,1,1,1,0,0,1,1,0,0,0,0,0,1,0,0,0,1,0,0,0,0,0,0,0,0,1,0,0,0,1,1,1,0,0,1,0,0,1,1,0,0,0,0,1,0,0,1,0,0,0,0,1,0,0,0,0,0,0,0,0,0,0,0,0,1,0,1,0,1,0,0,0,0,1,0,1,0,0,0,0,0,1,0,0,0,0,0,0,0,0,0,0,0,0,0,0,0,0,0,0,0,0,1,0,0,0,0,0,0,0,0,0,0,0,0,1,0,0,0,0,0,0,1,0,0,0,0,1,0,0,0,0,0,0,0,0,0,0,0,0,0,0,0,0,0,0,0,1,1,0,0,0,0,0,0,0,0,0,0,0,1,0,0,0,0,0,0,0,0,0,0,0,0,0,0,0,0,1,1,0,0,1,0,1,1,1,0,1,0,0,1,1,1,1,0,1,0,0,1,0,1,1,0,0,0,0,0,0,1,1,1,1,1,1,0,0
1,1,0,0,0,1,1,1,0,0,1,1,0,0,0,0,0,1,0,0,0,1,0,0,0,0,0,0,0,0,1,0,0,0,1,1,1,0,0,1,0,0,0,1,0,0,0,0,0,0,0,1,0,0,0,0,1,0,0,0,0,0,0,0,0,0,0,0,0,1,0,1,0,1,0,0,0,0,1,0,1,0,0,0,0,0,1,0,0,0,0,0,0,0,0,0,0,0,0,0,0,0,0,0,0,0,0,1,0,0,0,0,0,0,0,0,0,0,0,0,1,0,0,0,0,0,0,0,0,0,0,0,1,0,0,0,0,0,0,0,0,0,0,0,0,0,0,0,0,0,0,0,1,0,0,0,0,0,0,0,0,0,0,0,0,1,0,0,0,0,0,0,0,0,0,0,0,0,0,0,0,0,0,1,0,0,1,0,1,1,0,0,1,0,0,1,1,1,0,0,0,0,0,1,0,1,1,0,0,0,0,0,0,1,0,1,0,1,0,0,0
1,1,0,0,0,1,1,1,0,0,1,1,0,0,0,0,0,1,0,0,0,1,0,0,0,0,0,0,0,0,1,0,0,0,1,1,1,0,0,1,0,0,1,1,0,0,0,0,1,0,0,1,0,0,0,0,1,0,0,0,0,0,0,0,0,0,0,0,0,1,0,1,0,1,0,0,0,0,1,0,1,0,0,0,0,0,1,0,0,0,0,0,0,0,0,0,0,0,0,0,0,0,0,0,0,0,0,1,0,0,0,0,0,0,0,0,0,0,0,0,1,0,0,0,0,0,0,0,0,0,0,0,1,0,0,0,0,0,0,0,0,0,0,0,0,0,0,0,0,0,0,0,1,0,0,0,0,0,0,0,0,0,0,0,0,1,0,0,1,0,0,0,0,0,0,0,0,0,0,0,0,0,0,1,0,0,1,0,1,1,0,0,1,1,0,1,1,1,1,0,0,0,0,1,1,1,1,0,0,0,0,0,0,1,0,1,0,1,0,0,0
1,1,0,0,0,1,1,0,0,0,1,1,0,0,0,0,0,1,0,0,0,1,0,0,0,0,0,0,0,0,1,0,0,0,1,1,1,0,0,1,0,0,1,1,0,0,0,0,1,0,0,1,0,0,0,0,0,0,0,0,0,0,0,0,0,0,0,0,0,1,0,0,0,0,0,0,0,0,0,0,0,0,0,0,0,0,0,0,0,0,0,0,0,0,0,0,0,0,0,0,0,0,0,0,0,0,0,0,0,0,0,0,0,0,0,0,0,0,0,0,0,0,0,0,0,0,0,1,0,0,0,0,0,0,0,0,0,0,0,0,0,0,0,0,0,0,0,0,0,0,0,0,1,1,0,0,0,0,0,0,0,0,0,0,0,1,0,0,0,0,0,0,0,0,0,0,0,0,0,0,0,0,1,0,0,0,1,0,0,1,0,0,0,0,0,1,1,1,1,0,0,0,0,0,0,1,1,0,0,0,0,0,0,1,1,1,1,1,1,0,0
1,1,0,0,0,1,1,0,0,0,1,1,0,0,0,0,0,1,0,0,0,1,0,0,0,0,0,0,0,0,1,0,0,0,1,1,1,0,0,1,0,0,1,1,0,0,0,0,1,0,0,1,0,0,0,0,1,0,0,0,0,0,0,0,0,0,0,0,0,1,0,1,0,0,0,0,0,0,1,0,1,0,0,0,0,0,1,0,0,0,0,0,0,0,0,0,0,0,0,0,0,0,0,0,0,0,0,1,0,0,0,0,0,0,0,0,0,0,0,0,1,0,0,0,0,0,0,1,0,0,0,0,0,0,0,0,0,0,0,0,0,0,0,0,0,0,0,0,0,0,0,0,1,1,0,0,0,0,0,0,0,0,0,0,0,1,0,0,0,0,0,0,0,0,0,0,0,0,0,0,0,0,1,1,1,0,1,0,0,1,0,0,0,0,0,1,1,1,1,0,0,0,0,0,0,1,1,0,0,0,0,0,0,1,1,1,1,1,1,0,0
1,1,0,0,0,1,1,0,0,0,1,1,0,0,0,0,0,1,0,0,0,1,0,0,0,0,0,0,0,0,1,0,0,0,1,1,1,0,0,1,0,0,1,1,0,0,0,0,1,0,0,1,0,0,0,0,0,0,0,0,0,0,0,0,0,0,0,0,0,1,0,1,0,1,0,0,0,0,0,0,1,0,0,0,0,0,0,0,0,0,0,0,0,0,0,0,0,0,0,0,0,0,0,0,0,0,0,1,0,0,0,0,0,0,0,0,0,0,0,0,0,0,0,0,0,0,0,1,0,0,0,0,1,0,0,0,0,0,0,0,0,0,0,0,0,0,0,0,0,0,0,0,1,1,0,0,0,0,0,0,0,0,0,0,0,0,0,1,0,0,0,0,0,0,0,0,0,0,0,0,0,0,1,0,0,0,0,0,1,0,0,0,1,0,0,1,1,0,0,0,0,0,0,1,0,1,1,0,0,0,0,0,0,1,0,1,0,1,0,0,0
1,1,0,0,0,1,1,0,0,0,1,1,0,0,0,0,0,1,0,0,0,1,0,0,0,0,0,0,0,0,1,0,0,0,1,1,1,0,0,1,0,0,1,1,0,0,0,0,1,0,0,1,0,0,0,0,0,0,0,0,0,0,0,0,0,0,0,0,0,1,0,0,0,0,0,0,0,0,0,0,0,0,0,0,0,0,0,0,0,0,0,0,0,0,0,0,0,0,0,0,0,0,0,0,0,0,0,0,0,0,0,0,0,0,0,0,0,0,0,0,0,0,0,0,0,1,0,0,0,0,0,0,0,0,0,0,0,0,0,0,0,0,0,0,0,0,0,0,0,0,0,0,1,0,0,0,0,0,0,0,0,0,0,0,0,1,0,0,0,0,0,0,0,0,0,0,0,0,0,0,0,0,0,0,0,0,1,0,0,1,0,0,0,0,0,1,1,1,1,0,0,0,0,0,0,1,1,0,0,0,0,0,0,1,1,1,1,1,1,0,0
1,1,0,0,0,1,1,0,0,0,1,1,0,0,0,0,0,1,0,0,0,1,0,0,0,0,0,0,0,0,1,0,0,0,1,1,1,0,0,1,0,0,1,1,0,0,0,0,1,0,0,1,0,0,0,0,0,0,0,0,0,0,0,0,0,0,0,0,0,1,0,1,0,1,0,0,0,0,0,0,1,0,0,0,0,0,0,0,0,0,0,0,0,0,0,0,0,0,0,0,0,0,0,0,0,0,0,1,0,0,0,0,0,0,0,0,0,0,0,0,0,0,0,0,0,1,0,0,0,0,0,0,1,0,0,0,0,0,0,0,0,0,0,0,0,0,0,0,0,0,0,0,1,0,0,0,0,0,0,0,0,0,0,0,0,1,0,0,0,0,0,0,0,0,0,0,0,0,0,0,0,0,0,0,0,0,1,0,1,1,0,0,1,0,0,1,1,1,1,0,0,0,0,1,0,1,1,0,0,0,0,0,0,1,0,1,0,1,0,0,0
1,1,0,0,0,1,1,1,0,0,1,1,0,0,0,0,0,1,0,0,0,1,0,0,0,0,0,0,0,0,1,0,0,0,1,1,1,0,0,1,0,0,1,1,0,0,0,0,1,0,0,1,0,0,0,0,0,0,0,0,0,0,0,0,0,0,0,0,0,1,0,1,0,1,0,0,0,0,0,0,1,0,0,0,0,0,0,0,0,0,0,0,0,0,0,0,0,0,0,0,0,0,0,0,0,0,0,1,0,0,0,0,0,0,0,0,0,0,0,0,0,0,0,0,0,1,0,0,0,0,0,0,1,0,0,0,0,0,0,0,0,0,0,0,0,0,0,0,0,0,0,0,1,0,0,0,0,0,0,0,0,0,0,0,0,1,0,1,0,0,0,0,0,0,0,0,0,0,0,0,0,0,0,0,0,0,1,0,1,1,0,0,1,0,0,1,1,1,1,0,0,0,0,1,0,1,1,0,0,0,0,0,0,1,0,1,0,1,0,0,0
1,1,0,0,0,1,1,0,0,0,1,1,0,0,0,0,0,1,0,0,0,1,0,0,0,0,0,0,0,0,1,0,0,0,1,1,1,0,0,1,0,0,1,1,0,0,0,0,1,0,0,1,0,0,0,0,0,0,0,0,0,0,0,0,0,0,0,0,0,1,0,1,0,1,0,0,0,0,0,0,1,0,0,0,0,0,0,0,0,0,0,0,0,0,0,0,0,0,0,0,0,0,0,0,0,0,0,1,0,0,0,0,0,0,0,0,0,0,0,0,1,0,0,0,0,0,0,1,0,0,0,0,1,0,0,0,0,0,0,0,0,0,0,0,0,0,0,0,0,0,0,0,1,1,0,0,0,0,0,0,0,0,0,0,0,1,0,0,0,0,0,0,0,0,0,0,0,0,0,0,0,0,1,1,0,0,1,0,1,1,0,0,1,1,0,1,1,1,1,0,0,0,0,1,1,1,1,0,0,0,0,0,0,1,1,1,1,1,1,0,0
1,1,0,0,0,1,1,1,0,0,1,1,0,0,0,0,0,1,0,0,0,1,0,0,0,0,0,0,0,0,1,0,0,0,1,1,1,0,0,1,0,0,1,1,0,0,0,0,1,0,0,1,0,0,0,0,1,0,0,0,0,0,0,0,0,0,0,0,0,1,0,1,0,1,0,0,0,0,1,0,1,0,0,0,0,0,1,0,0,0,0,0,0,0,0,0,0,0,0,0,0,0,0,0,0,0,0,1,0,0,0,0,0,0,0,0,0,0,0,0,1,0,0,0,0,0,0,1,0,0,0,0,1,0,0,0,0,0,0,0,0,0,0,0,0,0,0,0,0,0,0,0,1,1,0,0,0,0,0,0,0,0,0,0,0,1,0,0,0,0,0,0,0,0,0,0,0,0,0,0,0,0,1,1,0,0,1,0,1,1,1,0,1,0,0,1,1,1,1,0,1,0,0,1,0,1,1,0,0,0,0,0,0,1,1,1,1,1,1,0,0
1,1,0,0,0,1,1,1,0,0,1,1,0,0,0,0,0,1,0,0,0,1,0,0,0,0,0,0,0,0,1,0,0,0,1,1,1,0,0,1,0,0,1,1,0,0,0,0,1,0,0,1,0,0,0,0,1,0,0,0,0,0,0,0,0,0,0,0,0,1,0,1,0,1,0,0,0,0,1,0,1,0,0,0,0,0,1,0,0,0,0,0,0,0,0,0,0,0,0,0,0,0,0,0,0,0,0,1,0,0,0,0,0,0,0,0,0,0,0,0,1,0,0,0,0,0,0,1,0,0,0,0,1,0,0,0,0,0,0,0,0,0,0,0,0,0,0,0,0,0,0,0,1,1,0,0,0,0,0,0,0,0,0,0,0,1,0,0,0,0,0,0,0,0,0,0,0,0,0,0,0,0,1,1,0,0,1,0,1,1,0,0,1,1,0,1,1,1,1,0,0,0,0,1,1,1,1,0,0,0,0,0,0,1,0,1,0,1,1,0,0
1,1,0,0,0,1,1,1,0,0,1,1,0,0,0,0,0,1,0,0,0,1,0,0,0,0,0,0,0,0,1,0,0,0,1,1,1,0,0,1,0,0,1,1,0,0,0,0,1,0,0,1,0,0,0,0,1,0,0,0,0,0,0,0,0,0,0,0,1,1,0,1,0,1,0,0,0,0,1,0,1,0,0,0,0,0,1,0,0,0,0,0,0,0,0,0,0,0,0,0,0,0,0,0,0,0,0,1,0,0,0,0,0,0,0,0,0,0,0,0,1,0,0,0,0,0,0,0,0,0,0,0,1,0,0,0,0,0,0,0,0,0,0,0,0,0,0,0,0,0,1,0,1,0,0,0,0,0,0,0,0,0,0,0,0,1,0,0,1,0,0,0,0,0,0,0,0,0,0,0,0,0,0,1,0,0,1,0,1,1,0,0,1,1,0,1,1,1,1,0,0,0,0,1,1,1,1,0,0,0,0,0,0,1,1,1,1,1,1,0,0
1,1,0,0,0,1,1,1,0,0,1,1,0,0,0,0,0,1,0,0,0,1,0,0,0,0,0,0,0,0,1,0,0,0,1,1,1,0,0,1,0,0,1,1,0,0,0,0,1,0,0,1,0,0,0,0,1,0,0,0,0,0,0,0,0,0,0,0,1,1,0,1,0,1,0,0,0,0,1,0,1,0,0,0,0,0,1,0,0,0,0,0,0,0,0,0,0,0,0,0,0,0,0,0,0,0,0,1,0,0,0,0,0,0,0,0,0,0,0,0,1,0,0,0,0,0,0,1,0,0,0,0,1,0,0,0,0,0,0,0,0,0,0,0,0,0,0,0,0,0,1,0,1,1,0,0,0,0,0,0,0,0,0,0,0,1,0,0,0,0,0,0,0,0,0,0,0,0,0,0,0,0,1,1,0,0,1,0,1,1,1,0,1,0,0,1,1,1,1,0,1,0,0,1,0,1,1,0,0,0,0,0,0,1,1,1,1,1,1,0,0
1,1,0,0,0,1,1,1,0,0,1,1,0,0,0,0,0,1,0,0,0,1,0,0,0,0,0,0,0,0,1,0,0,0,1,1,1,0,0,1,0,0,1,1,0,0,0,0,1,0,0,1,0,0,0,0,1,0,0,0,0,0,0,0,0,0,0,0,1,1,0,1,0,1,0,0,0,0,1,0,1,0,0,0,0,0,1,0,0,0,0,0,0,0,0,0,0,0,0,0,0,0,0,0,0,0,0,1,0,0,0,0,0,0,0,0,0,0,0,0,1,0,0,0,0,0,0,1,0,0,0,0,1,0,0,0,0,0,0,0,0,0,0,0,0,0,0,0,0,0,1,0,1,1,0,0,0,0,0,0,0,0,0,0,0,1,0,0,0,0,0,0,0,0,0,0,0,0,0,0,0,0,1,1,0,0,1,0,1,1,0,0,1,1,0,1,1,1,1,0,0,0,0,1,1,1,1,0,0,0,0,0,0,1,0,1,0,1,1,0,0
0,1,0,1,1,1,1,1,0,0,0,0,0,0,0,1,1,1,0,1,1,1,0,1,0,1,1,1,1,0,1,0,0,1,1,0,0,1,1,1,0,1,1,1,1,1,0,1,1,1,1,1,1,1,1,0,0,1,0,1,1,1,1,1,1,1,0,1,1,1,1,1,1,0,1,1,1,0,0,1,0,1,1,1,1,1,0,1,1,1,1,1,1,1,1,0,1,1,0,1,0,1,1,1,1,1,1,0,0,1,1,1,1,1,0,1,1,1,1,0,0,1,1,1,1,0,1,1,1,0,1,1,0,0,0,1,1,0,1,1,1,0,0,1,1,1,1,1,1,0,1,1,1,1,0,1,0,0,0,1,1,0,0,1,1,1,0,0,1,0,1,1,1,1,1,1,1,1,1,0,1,1,0,0,0,1,1,1,0,1,0,1,0,0,0,1,1,1,0,0,0,0,1,0,0,0,0,0,0,0,0,0,0,0,0,0,0,0,0,0,0
0,1,0,1,0,1,0,0,0,0,1,0,0,1,0,1,1,1,1,0,0,1,0,0,0,1,1,1,1,0,1,0,0,1,0,0,0,0,1,1,0,0,0,1,1,1,0,0,0,0,0,0,0,1,1,0,0,1,1,1,0,1,0,0,1,1,0,1,1,0,1,1,1,1,0,1,0,1,0,1,1,0,0,1,0,1,0,1,1,1,1,1,0,0,0,1,1,1,0,0,0,1,0,0,1,0,1,1,0,1,1,0,1,1,0,1,0,1,1,0,1,1,0,1,0,0,0,1,1,0,1,1,1,1,0,1,1,0,1,1,0,1,0,1,1,1,1,1,0,1,1,0,0,1,1,1,0,1,0,1,1,0,1,1,0,1,1,0,1,0,0,1,0,1,0,1,1,1,0,0,1,1,0,1,1,0,1,1,1,1,0,1,1,0,1,1,1,1,1,0,0,0,1,1,0,0,0,0,0,0,0,0,0,0,0,0,0,0,0,1,0
0,1,0,1,0,0,0,0,0,0,1,0,1,1,0,1,1,1,1,0,0,1,1,1,0,1,1,1,1,1,0,0,0,1,0,0,0,0,1,0,0,0,0,0,1,1,0,0,0,0,0,0,1,1,1,1,0,0,0,1,1,1,1,0,1,1,1,1,0,0,1,0,1,0,0,1,1,0,0,1,0,0,0,1,1,0,0,1,1,1,0,1,1,1,0,0,1,0,0,1,0,1,1,0,1,0,1,0,0,1,1,0,0,0,0,1,1,0,1,0,0,1,1,0,0,0,0,0,0,0,1,1,0,0,0,1,0,0,1,0,1,0,0,1,1,0,0,1,0,0,0,0,0,0,0,1,0,0,0,0,1,0,0,1,1,0,0,0,0,0,0,0,0,0,1,0,1,1,0,0,1,0,0,0,0,1,0,0,0,0,0,0,0,0,0,1,1,0,0,0,0,0,0,0,0,0,0,0,0,0,0,0,0,0,0,0,0,0,0,1,0
0,1,0,1,0,1,0,0,0,1,1,0,0,1,0,1,1,1,1,0,0,1,0,0,0,1,1,1,1,0,1,0,1,1,0,0,0,0,1,1,1,0,0,1,1,1,1,0,0,0,0,0,0,1,1,0,0,1,1,1,0,1,0,0,1,1,0,1,1,0,1,1,1,1,0,1,0,1,0,1,1,0,0,1,0,1,0,1,1,1,1,1,0,0,0,1,1,1,1,0,1,1,0,0,1,0,1,1,0,1,1,0,1,1,0,1,0,1,1,1,1,1,0,1,0,0,0,1,1,0,1,1,1,1,0,1,1,1,1,1,0,1,1,1,1,1,1,1,0,1,1,0,0,1,1,1,0,1,0,1,1,0,1,1,0,1,1,0,1,0,0,1,0,1,0,1,1,1,0,0,1,1,0,1,1,0,1,1,1,1,0,1,1,0,1,1,1,1,1,0,0,0,1,1,0,0,0,0,0,0,0,0,0,0,0,0,0,0,0,1,0
0,1,0,1,0,1,0,0,0,0,1,0,0,1,0,1,1,1,1,0,0,1,0,0,0,1,1,1,1,0,1,0,0,1,0,0,0,0,1,1,0,0,0,1,1,1,0,0,0,0,0,1,0,1,1,0,0,1,1,1,0,1,0,0,1,1,0,1,1,0,1,1,1,1,0,1,0,1,0,1,1,0,0,1,0,1,0,1,1,1,1,1,0,0,0,1,1,1,0,0,0,1,0,0,1,0,1,1,0,1,1,0,1,1,0,1,0,1,1,0,1,1,0,1,0,0,0,1,1,0,1,1,1,1,0,1,1,0,1,1,0,1,0,1,1,1,1,1,0,1,1,0,0,1,1,1,0,1,0,1,1,0,1,1,0,1,1,0,1,0,0,1,0,1,0,1,1,1,0,0,1,1,0,1,1,0,1,1,1,1,0,1,1,0,1,1,1,1,1,0,0,0,1,1,0,0,0,0,0,0,0,0,0,1,0,0,0,0,0,1,0
0,0,0,0,0,1,1,0,0,0,0,0,0,0,0,0,0,0,0,0,0,0,0,0,0,0,0,0,0,0,1,0,0,0,0,0,0,0,0,1,0,0,1,1,0,0,0,0,1,0,0,1,0,0,0,0,0,0,0,0,0,0,0,0,0,0,0,0,0,0,0,0,0,0,0,0,0,0,0,0,0,0,0,0,0,0,0,0,0,0,0,0,0,0,0,0,0,0,0,0,0,0,0,0,0,0,0,0,0,0,0,0,0,0,0,0,0,0,0,0,0,0,0,0,0,0,0,0,0,0,0,0,0,0,0,0,0,0,0,0,0,0,0,0,0,0,0,0,0,0,0,0,0,0,0,0,0,0,0,0,0,0,0,0,0,0,0,0,0,0,0,0,0,0,0,0,0,0,0,0,0,0,0,0,0,0,0,0,0,0,0,0,0,0,0,0,0,0,0,0,0,0,0,0,0,0,0,0,0,0,0,0,0,0,0,0,0,0,0,0,0
0,0,0,0,0,1,1,1,0,0,0,0,0,0,0,0,0,0,0,0,0,0,0,0,0,0,0,0,0,0,1,0,0,0,0,0,0,0,0,1,0,0,1,1,0,0,0,0,1,0,0,1,0,0,0,0,1,0,0,0,0,0,0,0,0,0,0,0,1,0,0,1,0,0,0,0,0,0,1,0,1,0,0,0,0,0,1,0,0,0,0,0,0,0,0,0,0,0,0,0,0,0,0,0,0,0,0,1,0,0,0,0,0,0,0,0,0,0,0,0,0,0,0,0,0,1,0,0,0,0,0,0,0,0,0,0,0,0,0,0,0,0,0,0,0,0,0,0,0,0,0,0,0,0,0,0,0,0,0,0,0,0,0,0,0,0,0,0,0,0,0,0,0,0,0,0,0,0,0,1,0,0,0,0,0,0,0,0,0,0,0,0,0,0,0,0,0,0,0,0,0,0,0,0,0,0,0,0,0,0,0,0,0,0,0,0,0,0,0,0,0
0,1,0,1,0,1,0,0,0,1,1,0,0,1,0,1,1,1,1,0,0,1,0,0,0,1,1,1,1,0,1,0,1,1,0,0,0,0,1,1,1,0,0,1,1,1,1,0,0,0,0,0,0,1,1,0,0,1,1,1,0,1,0,0,1,1,0,1,1,0,1,1,1,1,0,1,0,1,0,1,1,0,0,1,0,1,0,1,1,1,1,1,0,0,0,1,1,1,1,0,1,1,0,0,1,0,1,1,0,1,1,0,1,0,0,1,0,1,1,1,1,1,0,1,0,0,0,1,1,0,0,1,1,1,0,1,1,1,1,1,0,1,1,1,1,1,1,1,0,1,1,0,0,1,1,1,0,1,0,1,1,0,1,1,0,1,1,0,1,0,0,1,0,1,0,1,1,1,0,0,1,1,0,1,1,0,1,1,1,1,0,1,1,0,1,1,1,1,1,0,0,0,1,1,0,0,1,0,0,0,0,0,0,0,0,0,0,0,0,1,0
0,1,0,0,0,1,1,1,0,0,1,1,1,1,1,0,0,1,1,0,0,0,0,0,0,0,1,0,0,0,1,0,0,0,0,0,0,0,0,1,0,1,1,1,0,0,0,1,1,0,0,1,0,0,0,0,0,1,1,0,0,0,1,0,0,0,0,0,1,0,0,1,0,1,0,0,0,0,0,0,1,0,0,0,0,0,0,0,1,0,1,0,0,0,0,1,0,1,0,0,0,0,0,0,0,0,0,1,0,0,0,1,1,1,1,0,0,1,1,0,1,0,0,1,0,1,0,1,1,0,0,0,1,0,0,0,1,0,0,1,0,1,0,0,0,1,1,1,0,0,1,0,0,1,1,0,0,1,0,1,1,1,1,1,0,1,0,0,1,0,0,0,0,1,0,1,1,0,0,1,0,1,0,1,1,0,1,0,1,1,1,1,1,1,0,1,0,1,1,1,1,1,0,1,1,0,1,1,1,1,0,0,1,0,1,0,1,1,0,0,1
1,1,0,1,0,1,0,0,0,0,1,0,1,1,0,1,1,1,1,0,0,1,0,0,0,1,1,0,1,0,1,0,0,0,0,0,1,0,1,1,0,1,1,1,1,1,0,1,1,0,0,1,0,1,1,0,0,1,1,1,1,1,1,0,0,1,1,1,1,0,1,0,1,0,0,1,0,0,0,1,0,0,0,1,0,0,0,1,1,1,1,1,0,0,0,0,1,1,0,1,0,1,0,1,1,0,1,0,0,1,1,1,1,1,0,1,1,1,1,0,0,1,0,1,0,0,1,1,1,0,1,1,0,0,0,1,1,0,0,1,0,0,0,1,0,1,1,1,1,0,1,0,0,1,1,0,0,0,0,1,1,0,1,1,0,1,0,0,1,0,0,0,0,1,0,1,1,1,0,0,1,1,0,0,0,0,1,1,0,1,0,1,0,0,0,1,0,1,1,0,0,1,1,0,0,0,0,0,1,0,0,1,0,0,0,0,1,0,0,1,0
0,1,0,0,0,1,1,1,0,0,1,0,0,1,0,0,1,1,1,0,0,1,1,1,0,1,1,1,1,1,1,0,0,1,0,0,0,0,1,1,0,1,0,1,0,0,0,1,1,0,0,1,0,1,1,0,1,1,1,1,0,0,0,1,1,0,0,0,1,0,0,1,0,1,0,1,0,0,1,0,1,0,0,1,0,0,1,0,1,0,1,0,0,0,0,1,1,1,0,1,0,0,0,0,0,1,0,1,0,0,0,1,1,1,0,1,1,1,1,0,1,0,0,1,1,0,0,1,1,1,0,0,1,0,1,1,1,0,0,1,0,1,0,1,0,1,1,1,0,0,1,1,0,1,1,0,1,1,1,1,1,0,1,1,0,1,0,1,1,1,1,0,0,1,0,1,1,1,1,0,1,1,0,1,1,0,1,1,1,1,1,0,1,1,0,1,1,1,1,1,1,0,0,1,1,0,1,1,0,0,1,0,0,0,1,1,0,0,1,0,0
0,1,0,0,0,1,1,1,0,0,0,0,0,0,0,0,1,1,1,0,0,1,0,0,0,1,1,0,1,0,1,0,0,0,1,0,0,0,1,1,0,0,1,1,0,0,0,1,1,0,0,1,0,1,1,0,1,1,1,0,0,0,1,0,0,0,0,0,1,1,0,1,0,1,0,1,0,0,1,0,1,0,0,1,0,0,1,0,1,0,1,0,0,0,0,1,1,1,0,1,0,0,0,0,0,0,0,1,0,0,0,1,1,1,1,1,1,1,1,0,1,0,0,1,0,1,0,1,1,1,0,0,1,0,1,1,1,0,0,1,0,1,0,1,0,1,1,1,0,0,1,0,1,1,1,0,1,1,1,1,1,1,1,1,0,1,1,1,1,1,0,0,0,1,0,1,0,1,0,1,1,1,1,1,1,0,1,0,1,1,1,1,1,1,0,1,1,1,1,1,1,1,1,1,1,0,1,1,1,0,1,0,1,0,1,0,1,0,1,0,1
0,1,0,0,0,1,1,1,0,0,0,0,0,0,0,0,1,1,1,0,0,1,0,0,0,1,1,0,1,0,1,0,0,0,1,0,0,0,1,1,0,0,1,1,0,0,0,1,1,0,0,1,0,1,1,0,1,1,1,0,0,0,1,0,0,0,0,0,1,1,0,1,0,1,0,1,0,0,1,0,1,0,0,1,0,0,1,0,1,0,1,0,0,0,0,1,1,1,0,1,0,0,0,0,0,0,0,1,0,0,0,1,1,1,1,1,1,1,1,0,1,0,0,1,0,1,0,1,1,1,0,0,1,0,1,1,1,0,0,1,0,1,0,1,0,1,1,1,0,0,1,0,1,1,1,0,1,1,1,1,1,1,1,1,0,1,1,1,1,1,0,0,0,1,0,1,0,1,0,1,1,1,1,1,1,0,1,0,1,1,1,1,1,1,0,1,1,1,1,1,1,1,1,1,1,0,1,1,1,0,1,0,1,0,1,0,1,0,1,0,1
1,1,0,1,0,1,1,0,0,0,0,0,0,0,0,0,0,1,1,0,0,1,0,0,0,0,1,0,0,0,1,0,0,1,0,0,0,0,1,1,0,1,0,1,0,0,0,1,1,0,0,1,0,0,0,0,0,1,1,0,0,0,1,1,1,0,0,0,1,0,0,1,0,1,0,1,0,0,0,0,1,0,0,1,0,0,0,0,1,0,1,0,0,0,0,1,0,1,0,1,0,0,0,0,0,1,0,1,1,0,0,1,1,1,0,0,0,1,1,0,1,0,0,1,0,0,0,1,1,0,0,0,1,0,0,0,1,0,0,1,0,1,0,0,0,1,1,1,0,0,0,0,0,1,0,0,0,1,0,1,1,0,0,1,0,1,1,0,1,0,1,0,0,1,0,1,1,0,0,0,0,1,0,1,1,0,1,0,1,1,0,0,1,0,1,1,0,1,0,0,0,0,0,1,0,0,1,0,0,1,1,0,0,0,0,0,0,1,1,0,0
0,1,0,1,0,1,1,0,0,0,0,0,0,0,0,1,1,1,0,0,0,1,0,0,0,1,1,0,0,0,1,0,0,1,0,0,0,0,1,1,0,1,0,1,1,1,0,1,1,1,1,1,0,1,0,0,0,1,1,0,0,1,1,1,1,1,0,1,1,0,1,1,1,1,1,1,0,0,0,1,1,1,1,1,0,0,0,1,1,1,1,1,0,0,1,1,1,1,0,1,0,1,0,1,1,1,1,1,1,1,1,1,1,1,0,1,1,1,1,0,1,1,0,1,0,0,0,1,1,0,1,1,1,1,0,1,1,0,0,1,0,1,0,1,0,1,1,1,0,0,0,0,0,1,0,0,0,1,0,1,1,0,0,1,0,1,1,0,1,0,1,0,0,1,0,1,1,1,0,0,1,1,0,1,1,0,1,0,1,1,0,0,1,0,1,0,0,1,0,0,0,0,0,0,0,0,0,0,0,0,1,0,0,0,0,0,0,0,1,0,0
1,1,0,1,0,1,1,0,0,0,0,0,0,0,0,0,0,1,0,0,0,0,0,0,0,0,0,0,0,0,1,0,0,1,0,0,0,0,1,1,0,1,0,1,0,0,0,1,1,0,0,1,0,0,0,0,0,1,1,0,0,0,1,1,1,0,0,0,1,0,0,1,0,1,0,1,0,0,0,0,1,0,0,1,0,0,0,0,1,0,1,0,0,0,0,0,0,1,0,1,0,0,0,0,0,1,0,1,1,0,0,1,1,1,0,0,0,1,1,0,1,0,0,1,0,0,0,1,1,0,0,0,0,0,0,0,1,0,0,1,0,0,0,0,0,1,1,1,0,0,0,0,0,1,0,0,0,0,0,1,1,0,0,1,0,1,1,0,1,0,1,0,0,1,0,1,1,0,0,0,0,1,0,1,1,0,1,0,0,1,0,0,0,0,0,0,0,1,0,0,0,0,0,0,0,0,0,0,0,0,1,0,0,0,0,0,0,0,1,0,0
1,1,0,1,0,1,1,1,0,0,0,0,0,0,0,0,0,1,0,0,0,0,0,0,0,0,0,0,0,0,1,0,0,1,0,0,0,0,1,1,0,1,0,1,0,0,0,1,1,0,0,1,0,0,0,0,0,1,1,0,0,0,1,1,1,0,0,0,1,0,0,1,0,1,0,1,0,0,0,0,1,0,0,1,0,0,0,0,1,0,1,0,0,0,0,0,0,1,0,1,0,0,0,0,0,1,0,0,1,0,0,1,1,1,0,0,0,1,1,0,1,0,0,1,0,0,0,1,1,0,0,0,0,0,0,0,1,0,0,1,0,0,0,0,0,1,1,1,0,0,0,0,0,1,0,0,0,0,0,1,1,0,0,1,0,1,1,0,1,0,1,0,0,1,0,1,1,0,0,0,0,1,0,1,1,0,1,0,0,1,0,0,0,0,0,0,0,1,0,0,0,0,0,0,0,0,0,0,0,0,1,0,0,0,0,0,0,0,1,0,0
0,1,0,1,0,1,1,0,0,0,0,0,0,0,0,0,0,1,1,0,0,1,0,0,0,0,1,0,0,0,1,0,0,1,0,0,0,0,1,1,0,1,0,1,0,0,0,1,1,0,0,1,0,0,0,0,0,1,1,0,0,0,0,1,1,0,0,0,1,0,0,1,0,1,0,1,0,0,0,0,1,0,0,1,0,0,0,0,1,0,1,0,0,0,0,1,0,1,0,1,0,0,0,0,0,1,0,1,1,0,0,1,1,1,0,0,0,1,1,0,1,0,0,1,0,0,0,1,1,0,0,0,1,0,0,0,1,0,0,1,0,1,0,0,0,1,1,1,0,0,0,0,0,1,0,0,0,1,0,1,1,0,0,1,0,1,1,0,1,0,1,0,0,1,0,1,1,0,0,0,0,1,0,1,1,0,1,0,1,1,0,0,1,0,1,1,0,1,0,0,0,0,0,1,0,0,1,0,0,1,1,0,0,0,0,0,0,1,1,0,0
0,1,0,1,0,1,1,0,0,0,0,0,0,0,0,0,0,1,0,0,0,0,0,0,0,0,0,0,0,0,1,0,0,1,0,0,0,0,1,1,0,1,0,1,0,0,0,1,0,0,0,0,0,0,0,0,0,0,0,0,0,0,0,1,1,0,0,0,0,0,0,1,0,1,0,1,0,0,0,0,1,0,0,1,0,0,0,0,0,0,0,0,0,0,0,1,0,0,0,1,0,0,0,0,0,1,0,1,1,0,0,1,0,0,0,0,0,0,0,0,1,0,0,0,0,0,0,0,0,0,0,0,1,0,0,0,0,0,0,0,0,1,0,0,0,0,0,1,0,0,0,0,0,0,0,0,0,1,0,0,0,0,0,0,0,0,0,0,0,0,1,0,0,0,0,0,1,0,0,0,0,0,0,1,1,0,0,0,1,0,0,0,1,0,1,1,0,0,0,0,0,0,0,1,0,0,1,0,0,1,0,0,0,0,0,0,0,1,0,0,0
1,1,0,1,0,1,1,1,0,0,0,0,0,0,0,1,1,1,0,1,1,1,0,1,0,0,0,0,0,0,1,0,0,0,0,0,1,0,1,1,0,1,0,1,0,0,0,1,1,0,0,1,0,0,0,0,0,1,1,0,0,0,1,0,0,0,0,0,1,0,0,1,0,1,0,1,0,0,0,0,1,0,0,1,0,0,0,0,1,0,1,0,0,0,0,0,0,1,0,1,0,0,0,0,0,0,0,0,1,0,0,1,1,1,0,0,0,1,1,0,1,0,0,1,0,0,0,1,1,0,0,0,0,0,0,0,1,0,0,1,0,0,0,0,0,1,1,1,0,0,0,0,0,1,0,0,0,0,0,1,1,0,0,1,0,1,1,0,1,0,0,0,0,1,0,1,1,0,0,0,0,1,0,1,1,0,1,0,0,1,0,0,0,0,0,0,0,1,0,0,0,0,0,0,0,0,1,0,0,0,1,0,0,0,0,0,0,0,1,0,0
0,0,0,1,0,1,0,0,0,0,1,0,0,0,0,0,0,0,0,0,0,0,0,0,0,0,0,0,0,0,0,0,0,0,1,0,0,0,0,0,0,1,0,0,0,0,0,1,0,0,0,1,1,0,0,0,0,0,0,0,0,0,1,0,0,0,0,0,0,0,1,0,0,0,1,0,1,0,0,1,0,0,1,0,1,0,0,1,0,0,0,0,0,1,0,0,0,0,0,0,0,0,1,0,0,0,0,0,0,0,1,1,0,0,0,0,0,0,0,0,0,0,0,0,0,0,1,0,0,0,0,0,0,0,0,0,0,0,0,0,1,0,0,0,0,0,0,0,1,0,0,0,0,0,0,0,0,0,0,0,0,0,0,0,0,0,0,0,0,0,0,0,0,0,0,0,1,0,0,0,0,0,0,0,0,0,0,0,0,0,0,0,0,0,0,0,0,0,0,0,0,0,0,0,0,0,0,0,0,0,0,0,0,0,0,0,0,0,0,0,0
0,0,0,1,0,1,0,0,0,0,1,0,0,0,0,0,0,0,0,0,0,0,0,0,0,0,0,0,0,0,0,0,0,0,1,0,0,0,0,0,0,1,0,0,0,0,0,1,0,0,0,0,1,0,0,0,0,0,0,0,0,0,1,0,0,0,0,0,0,0,1,0,0,0,1,0,1,0,0,1,0,0,1,0,1,0,0,1,1,0,0,0,0,1,0,0,0,0,0,0,0,0,1,0,0,0,0,0,0,0,1,1,0,0,0,0,0,0,1,0,0,0,0,0,0,0,1,0,0,0,0,0,0,0,0,0,0,0,0,0,1,0,0,0,0,0,0,1,1,0,0,0,0,0,0,0,0,0,0,0,1,0,0,1,0,0,0,0,0,0,0,0,0,0,0,0,1,0,0,0,0,0,0,0,0,0,0,0,0,0,0,0,0,0,0,0,0,0,0,0,0,0,0,0,0,0,0,0,0,0,0,0,0,0,0,0,0,0,0,0,0
1,1,0,1,0,1,1,0,0,0,0,0,0,0,0,1,1,1,1,1,1,1,0,1,1,0,1,0,0,0,1,0,0,1,0,0,0,1,1,1,0,1,0,1,0,0,0,1,1,0,0,1,0,0,0,0,0,1,1,0,0,0,1,1,1,0,0,0,1,0,0,1,0,1,0,1,0,0,0,0,1,0,0,1,0,0,0,0,1,0,1,0,0,0,0,1,0,1,0,1,0,0,0,0,0,1,0,1,1,0,0,1,1,1,0,0,0,1,1,0,1,0,0,1,0,0,0,1,1,0,0,0,1,0,0,0,1,0,1,1,0,1,0,0,0,1,1,1,0,0,0,0,0,1,0,0,0,1,0,1,1,0,0,1,0,1,1,0,1,0,1,0,0,1,0,1,1,0,0,0,0,1,0,1,1,0,1,0,1,1,0,0,1,0,1,1,0,1,0,0,0,0,0,1,0,0,1,0,0,1,1,0,0,0,0,0,0,1,1,0,0
0,0,0,1,0,1,0,0,0,1,1,0,0,0,0,0,0,0,0,0,0,0,0,0,0,0,0,0,0,0,0,0,1,0,1,0,0,0,0,0,1,1,0,0,0,0,1,1,0,0,0,0,1,0,0,0,0,0,0,0,0,0,1,0,0,0,0,0,0,0,1,0,0,0,1,0,1,0,0,1,0,0,1,0,1,0,0,1,1,0,0,0,0,1,0,0,0,0,1,0,1,0,1,0,0,0,0,0,0,0,1,1,0,0,0,0,0,0,1,1,0,0,0,0,0,0,1,0,0,0,0,0,0,0,0,0,0,1,0,0,1,0,1,0,0,0,0,1,1,0,0,0,0,0,0,0,0,0,0,0,1,0,0,1,0,0,0,0,0,0,0,0,0,0,0,0,1,0,0,0,0,0,0,0,0,0,0,0,0,0,0,0,0,0,0,0,0,0,0,0,0,0,0,0,0,0,0,0,0,0,0,0,0,0,0,0,0,0,0,0,0
0,0,0,1,0,1,0,0,0,0,0,0,0,0,0,0,0,0,0,0,0,0,0,0,0,0,0,0,0,0,0,0,0,0,1,0,0,0,0,0,0,1,0,0,0,0,0,1,0,0,0,1,1,0,0,0,0,0,0,0,0,0,1,0,0,0,0,0,0,0,1,0,0,0,1,0,1,0,0,1,0,0,1,0,1,0,0,1,0,0,0,0,0,1,0,0,0,0,0,0,0,0,1,0,0,0,0,0,0,0,1,1,0,0,0,0,0,0,0,0,0,0,0,0,0,0,0,0,0,0,0,0,0,0,0,0,0,0,1,0,1,0,0,0,0,0,0,0,0,0,0,0,0,0,0,0,0,0,0,0,0,0,0,0,0,0,0,0,0,0,0,0,0,0,0,0,1,0,0,0,0,0,0,0,0,0,0,0,0,0,0,0,0,0,0,0,0,0,0,0,0,0,0,0,0,0,0,0,0,0,0,0,0,0,0,0,0,0,0,0,0
0,0,0,1,0,1,0,0,0,0,1,0,0,0,0,0,0,0,0,0,0,0,0,0,0,0,0,0,0,0,0,0,0,0,1,0,0,0,0,0,0,1,0,0,0,0,0,1,0,0,0,0,1,0,0,0,0,0,0,0,0,0,1,0,0,0,0,0,0,0,1,0,0,0,1,0,1,0,0,1,0,0,1,0,1,0,0,1,1,0,0,0,0,1,0,0,0,0,0,0,0,0,1,0,0,0,0,0,0,0,1,1,0,0,0,0,0,0,1,0,0,0,0,0,0,0,1,0,0,0,0,0,0,0,0,0,0,0,0,0,1,0,0,0,0,0,0,1,1,0,0,0,0,0,0,0,0,0,0,0,1,0,0,1,0,0,0,0,0,0,0,0,0,0,0,0,1,0,0,0,0,0,0,0,0,0,0,0,0,0,0,0,0,0,0,0,1,0,0,0,0,0,0,0,0,0,0,0,0,0,0,0,0,0,0,1,0,0,0,0,0
0,0,0,1,0,1,0,0,0,0,0,0,0,0,0,0,0,0,0,0,0,0,0,0,0,0,0,0,0,0,0,0,0,0,1,0,0,0,0,0,0,1,0,0,0,0,0,1,0,0,0,1,1,0,0,0,0,0,0,0,0,0,1,0,0,0,0,0,0,0,1,0,0,0,1,0,1,0,0,1,0,0,1,0,1,0,0,1,0,0,0,0,0,1,0,0,0,0,0,0,0,0,1,0,0,0,0,0,0,0,1,1,0,0,0,0,0,0,0,0,0,0,0,0,0,0,0,0,0,0,0,0,0,0,0,0,0,0,1,0,1,0,0,0,0,0,0,0,0,0,0,0,0,0,0,0,0,0,0,0,0,0,0,0,0,0,0,0,0,0,0,0,0,0,0,0,1,0,0,0,0,0,0,0,0,0,0,0,0,0,0,0,0,0,0,0,0,0,0,0,0,0,0,0,0,0,0,0,0,0,0,0,0,0,0,0,0,0,0,0,0
0,0,0,1,0,1,0,0,0,0,0,0,0,0,0,0,0,1,0,0,0,0,0,0,0,0,0,0,0,0,0,0,0,0,1,0,0,0,0,0,0,1,0,0,0,0,0,1,0,0,0,0,1,0,0,0,0,0,0,0,0,0,1,0,0,0,0,0,0,0,1,0,0,0,1,0,1,0,0,1,0,0,1,0,1,0,0,1,1,0,0,0,0,1,0,0,0,0,0,0,0,0,1,0,0,0,0,0,0,0,1,1,0,0,0,0,0,0,1,0,0,0,0,0,0,0,0,0,0,0,0,0,0,0,0,0,0,0,1,0,1,0,0,0,0,0,0,1,0,0,0,0,0,0,0,0,0,0,0,0,1,0,0,1,0,0,0,0,0,0,0,0,0,0,0,0,1,0,0,0,0,0,0,0,0,0,0,0,0,0,0,0,0,0,0,0,0,0,0,0,0,0,0,0,0,0,0,0,0,0,0,0,0,0,0,0,0,0,0,0,0
0,0,0,1,0,1,0,0,0,1,0,0,0,0,0,0,0,1,0,0,0,0,0,0,0,0,0,0,0,0,0,0,1,0,1,0,0,0,0,0,1,1,0,0,0,0,1,1,0,0,0,0,1,0,0,0,0,0,0,0,0,0,1,0,0,0,0,0,0,0,1,0,0,0,1,0,1,0,0,1,0,0,1,0,1,0,0,1,1,0,0,0,0,1,0,0,0,0,1,0,1,0,1,0,0,0,0,0,0,0,1,1,0,0,0,0,0,0,1,1,0,0,0,0,0,0,0,0,0,0,0,0,0,0,0,0,0,1,1,0,1,0,1,0,0,0,0,1,0,0,0,0,0,0,0,0,0,0,0,0,1,0,0,1,0,0,0,0,0,0,0,0,0,0,0,0,1,0,0,0,0,0,0,0,0,0,0,0,0,0,0,0,0,0,0,0,0,0,0,0,0,0,0,0,0,0,0,0,0,0,0,0,0,0,0,0,0,0,0,0,0
0,0,0,1,0,1,0,0,0,0,0,0,0,0,0,0,0,0,0,0,0,0,0,0,0,0,0,0,0,0,0,0,0,0,1,1,0,0,0,0,0,1,0,0,0,0,0,1,0,0,0,1,1,0,0,0,0,0,0,0,0,0,1,0,0,0,0,0,0,0,1,0,0,0,1,0,1,0,0,1,0,0,1,0,1,0,0,1,0,0,0,0,0,1,0,0,0,0,0,0,0,0,1,0,0,0,0,0,0,0,1,1,0,0,0,0,0,0,0,0,0,0,0,0,0,0,0,0,0,0,0,0,0,0,0,0,0,0,1,0,1,0,0,0,0,0,0,0,0,0,0,0,0,0,0,0,0,0,0,0,0,0,0,0,0,0,0,0,0,0,0,0,0,0,0,0,1,0,0,0,0,0,0,0,0,0,0,0,0,0,0,0,0,0,0,0,0,0,0,0,0,0,0,0,0,0,0,0,0,0,0,0,0,0,0,0,0,0,0,0,0
0,0,0,1,0,1,0,0,0,0,0,0,0,0,0,0,0,1,0,0,0,0,0,0,0,0,0,0,0,0,0,0,0,0,1,0,0,0,0,0,0,1,0,0,0,0,0,1,0,0,0,0,1,0,0,0,0,0,0,0,0,0,1,0,0,0,0,0,0,0,1,0,0,0,1,0,1,0,0,1,0,0,1,0,1,0,0,1,1,0,0,0,0,1,0,0,0,0,0,0,0,0,1,0,0,0,0,0,0,0,1,1,0,0,0,0,0,0,1,0,0,0,0,0,0,0,0,0,0,0,0,0,0,0,0,0,0,0,1,0,1,0,0,0,0,0,0,1,0,0,0,0,0,0,0,0,0,0,0,0,1,0,0,1,0,0,0,0,0,0,0,0,0,0,0,0,1,0,0,0,0,0,0,0,0,0,0,0,0,0,0,0,0,0,0,0,1,0,0,0,0,0,0,0,0,0,0,0,0,0,0,0,0,0,0,1,0,0,0,0,0
0,0,0,1,0,1,0,0,0,0,0,0,0,0,0,0,0,0,0,0,0,0,0,0,0,0,0,0,0,0,0,0,0,0,1,0,0,0,0,0,0,1,0,0,0,0,0,1,0,0,0,1,1,0,0,0,0,0,0,0,0,0,1,0,0,0,0,0,0,0,1,0,0,0,1,0,1,0,0,1,0,0,1,0,1,0,0,1,0,0,0,0,0,1,0,0,0,0,0,0,0,0,1,0,0,0,0,0,0,0,1,1,0,0,0,0,0,0,0,0,0,0,0,0,0,0,0,0,0,0,0,0,0,0,0,0,0,0,0,0,0,0,0,0,0,0,0,0,0,0,0,0,0,0,0,0,0,0,0,0,0,0,0,0,0,0,0,0,0,0,0,0,0,0,0,0,0,0,0,0,0,0,0,0,0,0,0,0,0,0,0,0,0,0,0,0,0,0,0,0,0,0,0,0,0,0,0,0,0,0,0,0,0,0,0,0,0,0,0,0,0
0,0,0,1,0,1,0,0,0,0,0,0,0,0,0,0,0,0,0,0,0,0,0,0,0,0,0,0,0,0,0,0,0,0,1,1,0,0,0,0,0,1,0,0,0,0,0,1,0,0,0,1,1,0,0,0,0,0,0,0,0,0,1,0,0,0,0,0,0,0,1,0,0,0,1,0,1,0,0,1,0,0,1,0,1,0,0,1,0,0,0,0,0,1,0,0,0,0,0,0,0,0,1,0,0,0,0,0,0,0,1,1,0,0,0,0,0,0,0,0,0,0,0,0,0,0,0,0,0,0,0,0,0,0,0,0,0,0,1,0,1,0,0,0,0,0,0,0,0,0,0,0,0,0,0,0,0,0,0,0,0,0,0,0,0,0,0,0,0,0,0,0,0,0,0,0,1,0,0,0,0,0,0,0,0,0,0,0,0,0,0,0,0,0,0,0,0,0,0,0,0,0,0,0,0,0,0,0,0,0,0,0,0,0,0,0,0,0,0,0,0
0,0,0,1,0,1,0,0,0,0,0,0,0,0,0,0,0,0,0,0,0,0,0,0,0,0,0,0,0,0,0,0,0,0,1,0,0,0,0,0,0,1,0,0,0,0,0,1,0,0,0,1,1,0,0,0,0,0,0,0,0,0,1,0,0,0,0,0,0,0,1,0,0,0,1,0,1,0,0,1,0,0,1,0,1,0,0,1,0,0,0,0,0,1,0,0,0,0,0,0,0,0,1,0,0,0,0,0,0,0,1,1,0,0,0,0,0,0,0,0,0,0,0,0,0,0,0,0,0,0,0,0,0,0,0,0,0,0,0,0,0,0,0,0,0,0,0,0,0,0,0,0,0,0,0,0,0,0,0,0,0,0,0,0,0,0,0,0,0,0,0,0,0,0,0,0,0,0,0,0,0,0,0,0,0,0,0,0,0,0,0,0,0,0,0,0,0,0,0,0,0,0,0,0,0,0,0,0,0,0,0,0,0,0,0,0,0,0,0,0,0
0,0,0,1,0,1,0,0,0,0,0,0,0,0,0,0,0,0,0,0,0,0,0,0,0,0,0,0,0,0,0,0,0,0,1,0,0,0,0,0,0,1,0,0,0,0,0,1,0,0,0,1,1,0,0,0,0,0,0,0,0,0,1,0,0,0,0,0,0,0,1,0,0,0,1,0,1,0,0,1,0,0,1,0,1,0,0,1,0,0,0,0,0,1,0,0,0,0,0,0,0,0,1,0,0,0,0,0,0,0,1,1,0,0,0,0,0,0,0,0,0,0,0,0,0,0,0,0,0,0,0,0,0,0,0,0,0,0,0,0,0,0,0,0,0,0,0,0,0,0,0,0,0,0,0,0,0,0,0,0,0,0,0,0,0,0,0,0,0,0,0,0,0,0,0,0,0,0,0,0,0,0,0,0,0,0,0,0,0,0,0,0,0,0,0,0,0,0,0,0,0,0,0,0,0,0,0,0,0,0,0,0,0,0,0,0,0,0,0,0,0
0,0,0,1,0,1,1,0,0,0,0,0,0,0,0,0,0,0,0,0,0,0,0,0,0,0,0,0,0,0,1,0,0,0,1,0,0,0,0,0,0,1,1,1,0,0,0,1,1,0,0,1,1,0,0,0,0,0,0,0,0,0,1,0,0,0,0,0,1,0,1,0,0,0,1,0,1,0,0,1,0,0,1,0,1,0,0,1,0,0,0,0,0,1,0,0,0,0,0,0,0,0,1,0,0,0,0,0,0,0,1,1,0,0,0,0,0,0,0,0,0,0,0,0,1,0,0,0,0,0,0,0,0,0,0,0,0,0,0,0,0,0,0,0,0,0,0,0,0,0,0,1,0,0,0,0,0,0,0,0,0,0,0,0,0,0,0,0,0,0,0,0,0,0,0,0,0,0,0,0,0,0,0,0,0,0,0,0,0,0,0,0,0,0,0,0,0,0,0,0,0,0,0,0,0,0,0,0,0,0,0,0,0,0,0,0,0,0,0,0,0
0,0,0,1,0,1,0,0,0,0,0,0,0,0,0,0,0,0,0,0,0,0,0,0,0,0,0,0,0,0,0,0,0,0,1,0,1,0,0,0,0,1,0,0,0,0,0,1,0,0,0,1,1,0,0,0,0,0,0,0,0,0,1,0,0,0,0,0,0,0,1,0,0,0,1,0,1,0,0,1,0,0,1,0,1,0,0,1,0,0,0,0,0,1,0,0,0,0,0,0,0,0,1,0,0,0,0,0,0,0,1,1,0,0,0,0,0,0,0,0,0,0,0,0,0,0,0,0,0,0,0,0,0,0,0,0,0,0,0,0,0,0,0,0,0,0,0,0,0,0,0,0,0,0,0,0,0,0,0,0,0,0,0,0,0,0,0,0,0,0,0,0,0,0,0,0,0,0,0,0,0,0,0,0,0,0,0,0,0,0,0,0,0,0,0,0,0,0,0,0,0,0,0,0,0,0,0,0,0,0,0,0,0,0,0,0,0,0,0,0,0
0,0,0,1,0,1,1,0,0,0,0,0,0,0,0,0,0,0,0,0,0,0,0,0,0,0,0,0,0,0,1,0,0,0,1,0,0,0,0,0,0,1,1,1,0,0,0,1,1,0,0,1,1,0,0,0,0,0,0,0,0,0,1,0,0,0,0,0,1,0,1,0,0,0,1,0,1,0,0,1,0,0,1,0,1,0,0,1,0,0,0,0,0,1,0,0,0,0,0,0,0,0,1,0,0,0,0,0,0,0,1,1,0,0,0,0,0,0,0,0,0,0,0,0,0,0,0,0,0,0,0,0,0,0,0,0,0,0,0,0,0,0,0,0,0,0,0,0,0,0,0,0,0,0,0,0,0,0,0,0,0,0,0,0,0,0,1,0,0,0,0,0,0,0,0,0,0,0,0,0,0,0,0,0,0,0,0,0,0,0,0,0,0,0,0,0,0,0,0,0,0,0,0,0,0,0,0,0,0,0,0,0,0,0,0,0,0,0,0,0,0
0,0,0,1,0,1,0,0,0,0,0,0,0,0,0,0,0,0,0,0,0,0,0,0,0,0,0,0,0,0,0,0,0,0,1,0,0,1,1,0,0,1,0,0,0,0,0,1,0,0,0,1,1,0,0,0,0,0,0,0,0,0,1,0,0,0,0,0,0,0,1,0,0,0,1,0,1,0,0,1,0,0,1,0,1,0,0,1,0,0,0,0,0,1,0,0,0,0,0,0,0,0,1,0,0,0,0,0,0,0,1,1,0,0,0,0,0,0,0,0,0,0,0,0,0,0,0,0,0,0,0,0,0,0,0,0,0,0,0,0,0,0,0,0,0,0,0,0,0,0,0,0,0,0,0,0,0,0,0,0,0,0,0,0,0,0,0,0,0,0,0,0,0,0,0,0,0,0,0,0,0,0,0,0,0,0,0,0,0,0,0,0,0,0,0,0,0,0,0,0,0,0,0,0,0,0,0,0,0,0,0,0,0,0,0,0,0,0,0,0,0
0,0,0,1,0,1,0,0,0,0,0,0,0,0,0,0,0,0,0,0,0,0,0,0,0,0,0,0,0,0,0,0,0,0,1,0,0,1,1,0,0,1,0,0,0,0,0,1,0,0,0,1,1,0,0,0,0,0,0,0,0,0,1,0,0,0,0,0,0,0,1,0,0,0,1,0,1,0,0,1,0,0,1,0,1,0,0,1,0,0,0,0,0,1,0,0,0,0,0,0,0,0,1,0,0,0,0,0,0,0,1,1,0,0,0,0,0,0,0,0,0,0,0,0,0,0,0,0,0,0,0,0,0,0,0,0,0,0,0,0,0,0,0,0,0,0,0,0,0,0,0,0,0,0,0,0,0,0,0,0,0,0,0,0,0,0,0,0,0,0,0,0,0,0,0,0,0,0,0,0,0,0,0,0,0,0,0,0,0,0,0,0,0,0,0,0,0,0,0,0,0,0,0,0,0,0,0,0,0,0,0,0,0,0,0,0,0,0,0,0,0
0,0,0,1,0,1,0,0,0,0,0,0,0,0,0,0,0,0,0,0,0,0,0,0,0,0,0,0,0,0,0,0,0,0,1,0,0,0,0,0,0,1,0,0,0,0,0,1,0,0,0,1,1,0,0,0,0,0,0,0,0,0,1,0,0,0,0,0,0,0,1,0,0,0,1,0,1,0,0,1,0,0,1,0,1,0,0,1,1,0,0,0,0,1,0,0,0,0,0,0,0,0,1,0,0,0,0,0,0,0,1,1,0,0,0,0,0,0,1,0,0,0,0,0,0,0,0,0,0,0,0,0,0,0,0,0,0,0,0,0,0,0,0,0,0,0,0,1,0,0,0,0,0,0,0,0,0,0,0,0,0,0,0,1,0,0,0,0,0,0,0,0,0,0,0,0,0,0,0,0,0,0,0,0,0,0,0,0,0,0,0,0,0,0,0,0,0,0,0,0,0,0,0,0,0,0,0,0,0,0,0,0,0,0,0,0,0,0,0,0,0
0,0,0,1,0,1,0,0,0,0,0,0,0,0,0,0,0,0,0,0,0,0,0,0,0,0,0,0,0,0,0,0,0,0,1,0,0,0,1,0,0,1,0,0,0,0,0,1,0,0,0,1,1,1,1,0,0,0,0,0,0,0,1,0,0,0,0,0,0,0,1,0,0,0,1,1,1,0,0,1,0,0,1,1,1,0,0,1,1,0,0,0,0,1,0,0,0,0,0,1,0,0,1,0,0,0,0,0,0,0,1,1,0,0,0,1,1,0,1,0,0,0,0,0,0,0,0,0,0,0,0,0,0,0,0,0,0,0,0,0,0,0,0,1,0,0,0,1,0,0,0,0,0,0,0,0,0,0,0,0,0,0,0,1,0,0,0,0,0,0,0,0,0,0,0,0,0,0,0,0,1,0,0,0,0,0,0,0,0,0,0,0,0,0,0,0,0,0,0,0,0,0,0,0,0,0,0,0,0,0,0,0,0,0,0,0,0,0,0,0,0
0,1,0,0,0,1,1,1,0,0,0,0,0,0,0,0,1,1,1,0,0,1,0,0,0,0,1,0,0,0,1,0,0,0,1,0,0,0,0,1,0,0,1,1,0,0,0,0,1,0,0,1,0,0,0,0,0,1,1,0,0,0,0,0,0,0,0,0,1,1,0,1,0,1,0,0,0,0,0,0,1,0,0,0,0,0,0,0,0,0,1,0,0,0,0,1,0,1,0,0,0,0,0,0,0,0,0,1,0,0,0,0,1,1,1,0,0,1,0,0,1,0,0,1,0,1,0,1,1,1,0,0,1,0,1,0,1,0,0,1,0,1,0,0,0,1,1,0,0,0,1,0,1,1,1,0,0,1,1,1,0,1,1,0,0,1,0,1,1,1,0,0,0,1,0,1,0,0,0,1,0,1,1,1,0,0,1,0,1,1,1,0,1,1,0,1,1,1,1,1,1,0,0,1,1,0,0,1,1,0,1,0,1,0,1,1,1,0,1,0,1
0,1,0,0,0,1,1,1,0,0,0,0,0,0,0,0,1,1,1,0,0,1,0,0,0,0,1,0,0,0,1,0,0,0,1,0,0,0,0,1,0,0,1,1,0,0,0,0,1,0,0,1,0,0,0,0,0,1,1,0,0,0,0,0,0,0,0,0,1,1,0,1,0,1,0,0,0,0,0,0,1,0,0,0,0,0,0,0,0,0,1,0,0,0,0,1,0,1,0,0,0,0,0,0,0,0,0,1,0,0,0,0,1,1,1,0,0,1,0,0,1,0,0,1,0,1,0,1,1,1,0,0,1,0,1,0,1,0,0,1,0,1,0,0,0,1,1,0,0,0,1,0,1,1,1,0,0,1,1,1,0,1,1,0,0,1,0,1,1,1,0,0,0,1,0,1,0,0,0,1,0,1,1,1,0,0,1,0,1,1,1,0,1,1,0,1,1,1,1,1,1,0,0,1,1,0,0,1,1,0,1,0,1,0,1,1,1,0,1,0,1
0,1,0,0,0,1,1,1,0,0,0,0,0,0,0,0,1,1,1,0,0,1,0,0,0,0,1,0,0,0,1,0,0,0,1,0,0,0,0,1,0,0,1,1,0,0,0,0,1,0,0,1,0,0,0,0,0,1,1,0,0,0,0,0,0,0,0,0,1,1,0,1,0,1,0,0,0,0,0,0,1,0,0,0,0,0,0,0,0,0,1,0,0,0,0,1,0,1,0,0,0,0,0,0,0,0,0,1,0,0,0,0,1,1,1,0,0,1,0,0,1,0,0,1,0,1,0,1,1,1,0,0,1,0,1,0,1,0,0,1,0,1,0,0,0,1,1,0,0,0,1,0,1,1,1,0,0,1,1,1,0,1,1,0,0,1,0,1,1,1,0,0,0,1,0,1,0,0,0,1,0,1,1,1,0,0,1,0,1,1,1,0,1,1,0,1,1,1,1,1,1,0,0,1,1,0,0,1,1,0,1,0,1,0,1,1,1,0,1,0,1
0,1,0,0,0,1,1,1,0,0,0,0,0,0,0,0,1,1,1,0,0,1,0,0,0,0,1,0,0,0,1,0,0,0,1,0,0,0,0,1,0,0,1,1,0,0,0,0,1,0,0,1,0,0,0,0,0,1,1,0,0,0,0,0,0,0,0,0,1,1,0,1,0,1,0,0,0,0,0,0,1,0,0,0,0,0,0,0,0,0,1,0,0,0,0,1,0,1,0,0,0,0,0,0,0,0,0,1,0,0,0,0,1,1,1,0,0,1,0,0,1,0,0,1,0,1,0,1,1,1,0,0,1,0,1,0,1,0,0,1,0,1,0,0,0,1,1,0,0,0,1,0,1,1,1,0,0,1,1,1,0,1,1,0,0,1,0,1,1,1,0,0,0,1,0,1,0,0,0,1,0,1,1,1,0,0,1,0,1,1,1,0,1,1,0,1,1,1,1,1,1,0,0,1,1,0,0,1,1,0,1,0,1,0,1,1,1,0,1,0,1
0,1,0,0,0,1,1,1,0,0,0,0,0,0,0,0,1,1,1,0,0,1,0,0,0,0,1,0,0,0,1,0,0,0,1,0,0,0,0,1,0,0,1,1,0,0,0,0,1,0,0,1,0,0,0,0,0,1,1,0,0,0,0,0,0,0,0,0,1,1,0,1,0,1,0,0,0,0,0,0,1,0,0,0,0,0,0,0,0,0,1,0,0,0,0,1,0,1,0,0,0,0,0,0,0,0,0,1,0,0,0,0,1,1,1,0,0,1,0,0,1,0,0,1,0,1,0,1,1,1,0,0,1,0,1,0,1,0,0,1,0,1,0,0,0,1,1,0,0,0,1,0,1,1,1,0,0,1,1,1,0,1,1,0,0,1,0,1,1,1,0,0,0,1,0,1,0,0,0,1,0,1,1,1,0,0,1,0,1,1,1,0,1,1,0,1,1,1,1,1,1,0,0,1,1,0,0,1,1,0,1,0,1,0,1,1,1,0,1,0,1
0,1,0,0,0,1,1,1,0,0,0,0,0,0,0,0,1,1,1,0,0,1,0,0,0,0,1,0,0,0,1,0,0,0,1,0,0,0,0,1,0,0,1,1,0,0,0,0,1,0,0,1,0,0,0,0,0,1,1,0,0,0,0,0,0,0,0,0,1,1,0,1,0,1,0,0,0,0,0,0,1,0,0,0,0,0,0,0,0,0,1,0,0,0,0,1,0,1,0,0,0,0,0,0,0,0,0,1,0,0,0,0,1,1,1,0,0,1,0,0,1,0,0,1,0,1,0,1,1,1,0,0,1,0,1,0,1,0,0,1,0,1,0,0,0,1,1,0,0,0,1,0,1,1,1,0,0,1,1,1,0,1,1,0,0,1,0,1,1,1,0,0,0,1,0,1,0,0,0,1,0,1,1,1,0,0,1,0,1,1,1,0,1,1,0,1,1,1,1,1,1,0,0,1,1,0,0,1,1,0,1,0,1,0,1,1,1,0,1,0,1
0,1,0,0,0,1,1,1,0,0,0,0,0,0,0,0,1,1,1,0,0,1,0,0,0,0,1,0,0,0,1,0,0,0,1,0,0,0,0,1,0,0,1,1,0,0,0,0,1,0,0,1,0,0,0,0,0,1,1,0,0,0,0,0,0,0,0,0,1,1,0,1,0,1,0,0,0,0,0,0,1,0,0,0,0,0,0,0,0,0,1,0,0,0,0,1,0,1,0,0,0,0,0,0,0,0,0,1,0,0,0,0,1,1,0,0,0,1,0,0,1,0,0,1,0,0,0,1,1,1,0,0,1,0,1,0,1,0,0,1,0,1,0,0,0,1,1,0,0,0,1,0,1,1,1,0,0,1,1,1,0,0,1,0,0,1,0,1,1,1,0,0,0,1,0,1,0,0,0,0,0,1,1,1,0,0,1,0,1,1,1,0,1,1,0,1,1,1,0,1,1,0,0,1,1,0,0,1,0,0,1,0,0,0,1,1,0,0,1,0,0
0,1,0,0,0,1,1,1,0,0,0,0,0,0,0,0,1,1,1,0,0,1,0,0,0,0,1,0,0,0,1,0,0,0,1,0,0,0,0,1,0,0,1,1,0,0,0,0,1,0,0,1,0,0,0,0,0,1,1,0,0,0,0,0,0,0,0,0,1,1,0,1,0,1,0,0,0,0,0,0,1,0,0,0,0,0,0,0,0,0,1,0,0,0,0,1,0,1,0,0,0,0,0,0,0,0,0,1,0,0,0,0,1,1,1,0,0,1,0,0,1,0,0,1,0,1,0,1,1,1,0,0,1,0,1,0,1,0,0,1,0,1,0,0,0,1,1,0,0,0,1,0,1,1,1,0,0,1,1,1,0,0,1,0,0,1,0,1,1,1,0,0,0,1,0,1,0,0,0,0,0,1,1,1,0,0,1,0,1,1,1,0,1,1,0,1,1,1,1,1,1,0,0,1,1,0,0,1,1,0,1,0,1,0,1,1,1,0,1,0,1
0,1,0,0,0,1,1,1,0,0,0,0,0,0,0,0,1,1,1,0,0,1,0,0,0,0,1,0,0,0,1,0,0,0,1,0,0,0,0,1,0,0,1,1,0,0,0,0,1,0,0,1,0,0,0,0,0,1,1,0,0,0,0,0,0,0,0,0,1,1,0,1,0,1,0,0,0,0,0,0,1,0,0,0,0,0,0,0,0,0,1,0,0,0,0,1,0,1,0,0,0,0,0,0,0,0,0,1,0,0,0,0,1,1,1,0,0,1,0,0,1,0,0,1,0,1,0,1,1,1,0,0,1,0,1,0,1,0,0,1,0,1,0,0,0,1,1,0,0,0,1,0,1,1,1,0,0,1,1,1,0,1,1,0,0,1,0,1,1,1,0,0,0,1,0,1,0,0,0,1,0,1,1,1,0,0,1,0,1,1,1,0,1,1,0,1,1,1,1,1,1,0,0,1,1,0,0,1,1,0,1,0,1,0,1,0,1,0,1,0,1
1,1,0,0,0,1,1,1,0,0,0,0,0,0,0,0,1,1,1,0,0,1,0,0,0,0,1,0,0,0,1,0,0,0,1,0,0,0,0,1,0,0,1,1,0,0,0,0,1,0,0,1,0,0,0,0,0,1,1,0,0,0,0,0,0,0,0,0,1,1,0,1,0,1,0,0,0,0,0,0,1,0,0,0,0,0,0,0,0,0,1,0,0,0,0,1,0,1,0,0,0,0,0,0,0,0,0,1,0,0,0,0,1,1,1,0,0,1,0,0,1,0,0,1,0,1,0,1,1,1,0,0,1,0,1,0,1,0,0,1,0,1,0,0,0,1,1,0,0,0,1,0,1,1,1,0,0,1,1,1,0,1,1,0,0,1,0,1,1,1,0,0,0,1,0,1,0,0,0,1,0,1,1,1,0,0,1,0,1,1,1,0,1,1,0,1,1,1,1,1,1,0,0,1,1,0,0,1,1,0,1,0,1,0,1,1,1,0,1,0,1
0,0,0,0,0,1,1,1,0,0,0,0,0,0,0,0,1,1,1,0,0,1,0,0,0,0,1,0,0,0,1,0,0,0,1,0,0,0,0,1,0,0,1,1,0,0,0,0,1,0,0,0,0,0,0,0,0,1,1,0,0,0,0,0,0,0,0,0,1,1,0,1,0,1,0,0,0,0,0,0,1,0,0,0,0,0,0,0,0,0,1,0,0,0,0,1,0,1,0,0,0,0,0,0,0,0,0,1,0,0,0,0,1,1,0,0,0,1,0,0,1,0,0,1,0,0,0,1,1,1,0,0,1,0,1,0,1,0,0,1,0,1,0,0,0,1,1,0,0,0,1,0,1,1,1,0,0,1,1,1,0,0,1,0,0,1,0,1,1,1,0,0,0,1,0,1,0,0,0,0,0,1,1,1,0,0,1,0,1,1,1,0,1,1,0,1,1,1,0,1,1,0,0,1,1,0,0,1,0,0,1,0,0,0,1,0,0,0,1,0,0
0,0,0,0,0,1,1,1,0,0,0,0,0,0,0,0,1,1,1,0,0,1,0,0,0,0,1,0,0,0,1,0,0,0,1,0,0,0,0,1,0,0,1,1,0,0,0,0,1,0,0,0,0,0,0,0,0,1,1,0,0,0,0,0,0,0,0,0,1,1,0,1,0,1,0,0,0,0,0,0,1,0,0,0,0,0,0,0,0,0,1,0,0,0,0,1,0,1,0,0,0,0,0,0,0,0,0,1,0,0,0,0,1,1,1,0,0,1,0,0,1,0,0,1,0,1,0,1,1,1,0,0,1,0,1,0,1,0,0,1,0,1,0,0,0,1,1,0,0,0,1,0,1,1,1,0,0,1,1,1,0,0,1,0,0,1,0,1,1,1,0,0,0,1,0,1,0,0,0,0,0,1,1,1,0,0,1,0,1,1,1,0,1,1,0,1,1,1,1,1,1,0,0,1,1,0,0,1,1,0,1,0,1,0,1,0,1,0,1,0,1
1,1,1,1,1,0,0,0,0,1,0,0,0,0,0,1,1,1,1,1,1,1,1,1,1,1,1,1,1,1,0,0,1,1,0,0,1,0,1,0,1,1,0,0,1,1,1,1,0,0,0,1,0,1,1,0,0,0,0,1,1,1,0,1,1,1,0,1,0,0,1,0,1,0,0,1,0,0,0,1,0,0,0,1,0,0,0,1,1,1,0,1,0,0,0,0,1,0,1,1,1,1,0,0,1,1,1,0,0,1,1,1,0,0,0,1,1,0,1,1,0,1,0,0,0,0,0,0,0,0,1,1,0,0,0,1,0,1,1,0,0,0,1,1,1,0,0,1,0,0,0,0,0,0,0,1,0,0,0,0,1,0,0,1,0,0,0,0,0,0,1,0,0,0,0,0,1,1,0,0,1,0,0,0,0,0,0,0,0,0,0,0,0,0,0,1,1,0,0,0,0,0,0,0,0,0,1,0,0,0,0,1,0,1,0,1,0,1,0,1,0
1,1,1,1,1,0,0,0,0,1,0,0,0,0,0,1,1,1,1,1,1,1,1,1,1,1,1,1,1,1,0,0,1,1,0,0,1,0,1,0,1,1,0,0,1,1,1,1,0,0,0,1,0,1,1,0,0,0,0,1,1,1,0,1,1,1,0,1,0,0,1,0,1,0,0,1,0,0,0,1,0,0,0,1,0,0,0,1,1,1,0,1,0,0,0,0,1,0,1,1,1,1,0,0,1,1,1,0,0,1,1,1,0,0,0,1,1,0,1,1,0,1,0,0,0,0,0,0,0,0,1,1,0,0,0,1,0,1,1,0,0,0,1,1,1,0,0,1,0,0,0,0,0,0,0,1,0,0,0,0,1,0,0,1,0,0,0,0,0,0,1,0,0,0,0,0,1,1,0,0,1,0,0,0,0,0,0,0,0,0,0,0,0,0,0,1,1,0,0,0,0,0,0,0,0,0,1,0,0,0,0,1,0,1,0,1,0,1,0,1,0
1,1,1,1,1,0,0,0,0,1,0,0,0,0,0,1,1,1,1,1,1,1,1,1,1,1,1,1,1,1,0,0,1,1,0,0,1,0,1,0,1,1,0,0,1,1,1,1,0,0,0,1,0,1,1,0,0,0,0,1,1,1,0,1,1,1,0,1,0,0,1,0,1,0,0,1,0,0,0,1,0,0,0,1,0,0,0,1,1,1,0,1,0,0,0,0,1,0,1,1,1,1,0,0,1,1,1,0,0,1,1,1,0,0,0,1,1,0,1,1,0,1,0,0,0,0,0,0,0,0,1,1,0,0,0,1,0,1,1,0,0,0,1,1,1,0,0,1,0,0,0,0,0,0,0,1,0,0,0,0,1,0,0,1,0,0,0,0,0,0,1,0,0,0,0,0,1,1,0,0,1,0,0,0,0,0,0,0,0,0,0,0,0,0,0,1,1,0,0,0,0,0,0,0,0,0,1,0,0,0,0,1,0,1,0,1,0,1,0,1,0
1,1,1,1,1,0,0,0,0,1,0,0,0,0,0,1,1,1,1,1,1,1,1,1,1,1,1,1,1,1,0,0,1,1,0,0,1,0,1,0,1,1,0,0,1,1,1,1,0,0,0,1,0,1,1,0,0,0,0,1,1,1,0,1,1,1,0,1,0,0,1,0,1,0,0,1,0,0,0,1,0,0,0,1,0,0,0,1,1,1,0,1,0,0,0,0,1,0,1,1,1,1,0,0,1,1,1,0,0,1,1,1,0,0,0,1,1,0,1,1,0,1,0,0,0,0,0,0,0,0,1,1,0,0,0,1,0,1,1,0,0,0,1,1,1,0,0,1,0,0,0,0,0,0,0,1,0,0,0,0,1,0,0,1,0,0,0,0,0,0,1,0,0,0,0,0,1,1,0,0,1,0,0,0,0,0,0,0,0,0,0,0,0,0,0,1,1,0,0,0,0,0,0,0,0,0,1,0,0,0,0,1,0,1,0,1,0,1,0,1,0
1,1,1,1,1,0,0,0,0,1,0,0,0,0,0,1,1,1,1,1,1,1,1,1,1,1,1,1,1,1,0,0,1,1,0,0,1,0,1,0,1,1,0,0,1,1,1,1,0,0,0,1,0,1,1,0,0,0,0,1,1,1,1,1,1,1,0,1,0,0,1,0,1,0,0,1,0,0,0,1,0,0,0,1,0,0,0,1,1,1,0,1,0,0,0,0,1,0,1,1,1,1,0,0,1,1,1,0,0,1,1,1,0,0,0,1,1,0,1,1,0,1,0,0,0,0,0,0,0,0,1,1,0,0,0,1,0,1,1,0,0,0,1,1,1,0,0,1,0,0,0,0,0,0,0,1,0,0,0,0,1,0,0,1,0,0,0,0,0,0,1,0,0,0,0,0,1,1,0,0,1,0,0,0,0,0,0,0,0,0,0,0,0,0,0,1,1,0,0,0,0,0,0,0,0,0,1,0,0,0,0,1,0,1,0,1,0,1,0,1,0
1,1,1,1,1,0,0,0,0,1,0,0,0,0,0,1,1,1,1,1,1,1,1,1,1,1,1,1,1,1,0,0,1,1,0,0,1,0,1,0,1,1,0,0,1,1,1,1,0,0,0,1,0,1,1,0,0,0,0,1,1,1,0,1,1,1,0,1,0,0,1,0,1,0,0,1,0,0,0,1,0,0,0,1,0,0,0,1,1,1,0,1,0,0,0,0,1,0,1,1,1,1,0,0,1,1,1,0,0,1,1,1,0,0,0,1,1,0,1,1,0,1,0,0,0,0,0,0,0,0,1,1,0,0,0,1,0,1,1,0,0,0,1,1,1,0,0,1,0,0,0,0,0,0,0,1,0,0,0,0,1,0,0,1,0,0,0,0,0,0,1,0,0,0,0,0,1,1,0,0,1,0,0,0,0,0,0,0,0,0,0,0,0,0,0,1,1,0,0,0,0,0,0,0,0,0,1,0,0,0,0,1,0,1,0,1,0,1,0,1,0
1,1,1,1,1,0,0,0,0,1,0,0,0,0,0,1,1,1,1,1,1,1,1,1,1,1,1,1,1,1,0,0,1,1,0,0,1,0,1,0,1,1,0,0,1,1,1,1,0,0,0,1,0,1,1,0,0,0,0,1,1,1,0,1,1,1,0,1,0,0,1,0,1,0,0,1,0,0,0,1,0,0,0,1,0,0,0,1,1,1,0,1,0,0,0,0,1,0,1,1,1,1,0,0,1,1,1,0,0,1,1,1,0,0,0,1,1,0,1,1,0,1,0,0,0,0,0,0,0,0,1,1,0,0,0,1,0,1,1,0,0,0,1,1,1,0,0,1,0,0,0,0,0,0,0,1,0,0,0,0,1,0,0,1,0,0,0,0,0,0,1,0,0,0,0,0,1,1,0,0,1,0,0,0,0,0,0,0,0,0,0,0,0,0,0,1,1,0,0,0,0,0,0,0,0,0,1,0,0,0,0,1,0,1,0,1,0,1,0,1,0
1,1,1,1,1,0,0,0,0,1,0,0,0,0,0,1,1,1,1,1,1,1,1,1,1,1,1,1,1,1,0,0,1,1,0,0,1,0,1,0,1,1,0,0,1,1,1,1,0,0,0,1,0,1,1,0,0,0,0,1,1,1,0,1,1,1,0,1,0,0,1,0,1,0,0,1,0,0,0,1,0,0,0,1,0,0,0,1,1,1,0,1,0,0,0,0,1,0,1,1,1,1,0,0,1,1,1,0,0,1,1,1,0,0,0,1,1,0,1,1,0,1,0,0,0,0,0,0,0,0,1,1,0,0,0,1,0,1,1,0,0,0,1,1,1,0,0,1,0,0,0,0,0,0,0,1,0,0,0,0,1,0,0,1,0,0,0,0,0,0,1,0,0,0,0,0,1,1,0,0,1,0,0,0,0,0,0,0,0,0,0,0,0,0,0,1,1,0,0,0,0,0,0,0,0,0,1,0,0,0,0,1,0,1,0,1,0,1,0,1,0
1,1,1,1,1,0,0,0,0,1,0,0,0,0,0,1,1,1,1,1,1,1,1,1,1,1,1,1,1,1,0,0,1,1,0,0,1,0,1,0,1,1,0,0,1,1,1,1,0,0,0,1,0,1,1,0,0,0,0,1,1,1,0,1,1,1,0,1,0,0,1,0,1,0,0,1,0,0,0,1,0,0,0,1,0,0,0,1,1,1,0,1,0,0,0,0,1,0,1,1,1,1,0,0,1,1,1,0,0,1,1,1,0,0,0,1,1,0,1,1,0,1,0,0,0,0,0,0,0,0,1,1,0,0,0,1,0,1,1,0,0,0,1,1,1,0,0,1,0,0,0,0,0,0,0,1,0,0,0,0,1,0,0,1,0,0,0,0,0,0,1,0,0,0,0,0,1,1,0,0,1,0,0,0,0,0,0,0,0,0,0,0,0,0,0,1,1,0,0,0,0,0,0,0,0,0,1,0,0,0,0,1,0,1,0,1,0,1,0,1,0
1,1,1,1,1,0,0,0,0,1,0,0,0,0,0,1,1,1,1,1,1,1,1,1,1,1,1,1,1,1,0,0,1,1,0,0,1,0,1,0,1,1,0,0,1,1,1,1,0,0,0,1,0,1,1,0,0,0,0,1,1,1,0,1,1,1,0,1,0,0,1,0,1,0,0,1,0,0,0,1,0,0,0,1,0,0,0,1,1,1,0,1,0,0,0,0,1,0,1,1,1,1,0,0,1,1,1,0,0,1,1,1,0,0,0,1,1,0,1,1,0,1,0,0,0,0,0,0,0,0,1,1,0,0,0,1,0,1,1,0,0,0,1,1,1,0,0,1,0,0,0,0,0,0,0,1,0,0,0,0,1,0,0,1,0,0,0,0,0,0,1,0,0,0,0,0,1,1,0,0,1,0,0,0,0,0,0,0,0,0,0,0,0,0,0,1,1,0,0,0,0,0,0,0,0,0,1,0,0,0,0,1,0,1,0,1,0,1,0,1,0
1,1,1,1,1,0,0,0,0,1,0,0,0,0,0,1,1,1,1,1,1,1,1,1,1,1,1,1,1,1,0,0,1,1,0,0,1,0,1,0,1,1,0,0,1,1,1,1,0,0,0,1,0,1,1,0,0,0,0,1,1,1,0,1,1,1,0,1,0,0,1,0,1,0,0,1,0,0,0,1,0,0,0,1,0,0,0,1,1,1,0,1,0,0,0,0,1,0,1,1,1,1,0,0,1,1,1,0,0,1,1,1,0,0,0,1,1,0,1,1,0,1,0,0,0,0,0,0,0,0,1,1,0,0,0,1,0,1,1,0,0,0,1,1,1,0,0,1,0,0,0,0,0,0,0,1,0,0,0,0,1,0,0,1,0,0,0,0,0,0,1,0,0,0,0,0,1,1,0,0,1,0,0,0,0,0,0,0,0,0,0,0,0,0,0,1,1,0,0,0,0,0,0,0,0,0,1,0,0,0,0,1,0,1,0,1,0,1,0,1,0
1,1,1,1,1,0,0,0,0,1,0,0,0,0,0,1,1,1,1,1,1,1,1,1,1,1,1,1,1,1,0,0,1,1,0,0,1,0,1,0,1,1,0,0,1,1,1,1,0,0,0,1,0,1,1,0,0,0,0,1,1,1,0,1,1,1,0,1,0,0,1,0,1,0,0,1,0,0,0,1,0,0,0,1,0,0,0,1,1,1,0,1,0,0,0,0,1,0,1,1,1,1,0,0,1,1,1,0,0,1,1,1,0,0,0,1,1,0,1,1,0,1,0,0,0,0,0,0,0,0,1,1,0,0,0,1,0,1,1,0,0,0,1,1,1,0,0,1,0,0,0,0,0,0,0,1,0,0,0,0,1,0,0,1,0,0,0,0,0,0,1,0,0,0,0,0,1,1,0,0,1,0,0,0,0,0,0,0,0,0,0,0,0,0,0,1,1,0,0,0,0,0,0,0,0,0,1,0,0,0,0,1,0,1,0,1,0,1,0,1,0
1,1,1,1,1,0,0,0,0,1,0,0,0,0,0,1,1,1,1,1,1,1,1,1,1,1,1,1,1,1,0,0,1,1,0,0,1,0,1,0,1,1,0,0,1,1,1,1,0,0,0,1,0,1,1,0,0,0,0,1,1,1,1,1,1,1,0,1,0,0,1,0,1,0,0,1,0,0,0,1,0,0,0,1,0,0,0,1,1,1,0,1,0,0,0,0,1,0,1,1,1,1,0,0,1,1,1,0,0,1,1,1,0,0,0,1,1,0,1,1,0,1,0,0,0,0,0,0,0,0,1,1,0,0,0,1,0,1,1,0,0,0,1,1,1,0,0,1,0,0,0,0,0,0,0,1,0,0,0,0,1,0,0,1,0,0,0,0,0,0,1,0,0,0,0,0,1,1,0,0,1,0,0,0,0,0,0,0,0,0,0,0,0,0,0,1,1,0,0,0,0,0,0,0,0,0,1,0,0,0,0,1,0,1,0,1,0,1,0,1,0
1,1,1,1,1,0,0,0,0,1,0,0,0,0,0,1,1,1,1,1,1,1,1,1,1,1,1,1,1,1,0,0,1,1,0,0,1,0,1,0,1,1,0,0,1,1,1,1,0,0,0,1,0,1,1,0,0,0,0,1,1,1,0,1,1,1,0,1,0,0,1,0,1,0,0,1,0,0,0,1,0,0,0,1,0,0,0,1,1,1,0,1,0,0,0,0,1,0,1,1,1,1,0,0,1,1,1,0,0,1,1,1,0,0,0,1,1,0,1,1,0,1,0,0,0,0,0,0,0,0,1,1,0,0,0,1,0,1,1,0,0,0,1,1,1,0,0,1,0,0,0,0,0,0,0,1,0,0,0,0,1,0,0,1,0,0,0,0,0,0,1,0,0,0,0,0,1,1,0,0,1,0,0,0,0,0,0,0,0,0,0,0,0,0,0,1,1,0,0,0,0,0,0,0,0,0,1,0,0,0,0,1,0,1,0,1,0,1,0,1,0
1,1,1,1,1,0,0,0,0,1,0,0,0,0,0,1,1,1,1,1,1,1,1,1,1,1,1,1,1,1,0,0,1,1,0,0,1,0,1,0,1,1,0,0,1,1,1,1,0,0,0,1,0,1,1,0,0,0,0,1,1,1,0,1,1,1,0,1,0,0,1,0,1,0,0,1,0,0,0,1,0,0,0,1,0,0,0,1,1,1,0,1,0,0,0,0,1,0,1,1,1,1,0,0,1,1,1,0,0,1,1,1,0,0,0,1,1,0,1,1,0,1,0,0,0,0,0,0,0,0,1,1,0,0,0,1,0,1,1,0,0,0,1,1,1,0,0,1,0,0,0,0,0,0,0,1,0,0,0,0,1,0,0,1,0,0,0,0,0,0,1,0,0,0,0,0,1,1,0,0,1,0,0,0,0,0,0,0,0,0,0,0,0,0,0,1,1,0,0,0,0,0,0,0,0,0,1,0,0,0,0,1,0,1,0,1,0,1,0,1,0
0,1,0,1,0,0,0,0,0,1,0,0,0,0,0,1,1,1,1,0,0,1,0,1,0,1,1,0,0,0,0,0,1,1,0,0,1,0,1,0,1,0,0,0,1,1,1,0,0,0,0,1,0,1,1,0,0,0,0,1,1,1,0,0,1,1,0,1,0,0,1,0,1,0,0,1,0,0,0,1,0,0,0,1,0,0,0,1,1,1,0,1,0,0,0,0,1,0,1,1,1,1,0,0,1,0,1,0,0,1,1,0,0,0,0,1,1,0,1,1,0,1,0,0,0,0,0,0,0,0,1,1,0,0,0,1,0,1,1,0,0,0,1,1,1,0,0,1,0,0,0,0,0,0,0,1,0,0,0,0,1,0,0,1,0,0,0,0,0,0,0,0,0,0,0,0,1,1,0,0,1,0,0,0,0,0,0,0,0,0,0,0,0,0,0,1,1,0,0,0,0,0,0,0,0,0,1,0,0,0,0,1,0,1,0,1,0,1,0,1,0
1,1,1,1,1,0,0,0,0,1,0,0,0,0,0,1,1,1,1,1,1,1,1,1,1,1,1,1,1,1,0,0,1,1,0,0,1,0,1,0,1,1,0,0,1,1,1,1,0,0,0,1,0,1,1,0,0,0,0,1,1,1,0,1,1,1,0,1,0,0,1,0,1,0,0,1,0,0,0,1,0,0,0,1,0,0,0,1,1,1,0,1,0,0,0,0,1,0,1,1,1,1,0,0,1,1,1,0,0,1,1,1,0,0,0,1,1,0,1,1,0,1,0,0,0,0,0,0,0,0,1,1,0,0,0,1,0,1,1,0,0,0,1,1,1,0,0,1,0,0,0,0,0,0,0,1,0,0,0,0,1,0,0,1,0,0,0,0,0,0,1,0,0,0,0,0,1,1,0,0,1,0,0,0,0,0,0,0,0,0,0,0,0,0,0,1,1,0,0,0,0,0,0,0,0,0,1,0,0,0,0,1,0,1,0,1,0,1,0,1,0
0,1,0,1,0,0,0,0,0,1,0,0,0,0,0,1,1,1,1,0,0,1,0,1,0,1,1,0,0,0,0,0,1,1,0,0,1,0,1,0,1,0,0,0,1,1,1,0,0,0,0,1,0,1,1,0,0,0,0,1,1,1,0,0,1,1,0,1,0,0,1,0,1,0,0,1,0,0,0,1,0,0,0,1,0,0,0,1,1,1,0,1,0,0,0,0,1,0,1,1,1,1,0,0,1,0,1,0,0,1,1,0,0,0,0,1,1,0,1,1,0,1,0,0,0,0,0,0,0,0,1,1,0,0,0,1,0,1,1,0,0,0,1,1,1,0,0,1,0,0,0,0,0,0,0,1,0,0,0,0,1,0,0,1,0,0,0,0,0,0,0,0,0,0,0,0,1,1,0,0,1,0,0,0,0,0,0,0,0,0,0,0,0,0,0,1,1,0,0,0,0,0,0,0,0,0,1,0,0,0,0,1,0,1,0,1,0,1,0,1,0
0,0,0,1,0,1,0,0,0,0,1,0,1,1,0,0,0,1,0,0,0,0,0,0,0,1,1,0,0,0,1,0,0,1,0,0,0,0,1,1,0,1,0,1,1,1,0,1,1,0,0,1,0,1,1,0,0,1,1,1,1,1,0,1,1,1,0,1,1,0,1,0,1,0,0,1,0,0,0,1,0,0,0,1,0,0,0,1,1,1,1,1,0,0,0,0,1,1,0,1,0,1,0,0,1,0,1,0,0,1,1,0,1,1,0,1,1,1,1,0,0,1,0,1,0,0,0,1,1,0,1,1,0,0,0,1,1,0,0,1,0,0,0,1,0,1,1,1,0,0,0,0,0,1,0,0,0,0,0,1,1,0,0,1,0,1,1,0,1,0,1,0,0,1,0,1,1,1,0,0,1,1,0,0,0,0,1,0,0,1,0,1,0,0,0,1,1,1,1,0,0,1,1,0,0,0,1,1,0,0,0,1,0,0,1,0,0,0,0,1,0
0,0,0,0,0,1,0,0,0,0,0,0,0,0,0,1,1,1,0,0,0,0,0,0,0,1,1,0,0,0,1,0,0,0,0,0,0,0,1,1,0,1,0,1,1,1,0,1,1,1,1,1,0,1,1,0,0,1,1,1,1,1,1,0,0,1,1,1,1,0,1,0,1,0,1,1,0,0,0,1,0,1,1,1,0,0,0,1,1,1,1,1,0,0,1,0,1,1,0,1,0,1,0,1,1,0,1,0,0,1,1,1,1,1,0,1,1,1,1,0,0,1,0,1,0,0,0,1,1,0,1,1,0,0,0,1,1,0,0,1,0,0,0,1,0,1,1,1,0,0,0,0,0,1,0,0,0,0,0,1,1,0,0,1,0,1,0,0,1,0,0,0,0,1,0,1,1,1,0,0,1,1,0,0,0,0,1,1,0,1,0,0,0,0,0,1,0,1,1,0,0,0,0,0,0,0,0,0,1,0,0,1,0,0,0,0,1,0,0,1,0
0,1,0,0,0,1,0,0,0,0,0,0,0,0,0,1,1,1,1,0,0,1,0,0,0,1,1,0,1,0,1,0,0,0,0,0,0,0,1,1,0,1,0,1,1,1,0,1,1,1,1,1,0,1,1,0,0,1,1,1,1,1,1,0,0,1,1,1,1,0,1,0,1,0,1,1,0,0,0,1,0,1,1,1,0,0,0,1,1,1,1,1,0,0,1,0,1,1,0,1,0,1,0,1,1,0,1,0,0,1,1,1,1,1,0,1,1,1,1,0,0,1,0,1,0,0,0,1,1,0,1,1,0,0,0,1,1,0,0,1,0,0,0,1,0,1,1,1,0,0,0,0,0,1,0,0,0,0,0,1,1,0,0,1,0,1,0,0,1,0,0,0,0,1,0,1,1,1,0,0,1,1,0,0,0,0,1,1,0,1,0,0,0,0,0,1,0,1,1,0,0,0,0,0,0,0,0,0,1,0,0,1,0,0,0,0,1,0,0,1,0
1,1,1,1,1,1,1,0,0,0,1,0,1,1,1,1,1,1,1,1,1,1,0,1,1,1,1,1,1,1,1,0,0,1,0,0,1,1,1,0,0,1,0,1,1,1,0,1,1,0,0,1,0,1,1,0,1,0,0,1,1,1,1,1,1,1,0,1,1,0,1,1,1,0,0,1,0,0,1,1,1,0,0,1,0,0,1,1,1,1,0,1,0,0,0,0,1,0,0,1,0,1,0,0,1,0,1,1,0,1,1,1,0,0,0,1,1,0,1,0,0,1,0,0,0,0,0,0,0,0,1,1,1,1,0,1,0,0,1,0,0,0,0,1,0,0,0,1,0,0,0,0,0,0,0,0,0,0,0,0,1,0,0,1,0,1,1,0,0,0,1,0,0,0,0,0,1,1,0,0,1,0,0,0,0,0,1,0,1,1,0,1,1,0,1,1,1,1,1,0,0,1,0,1,0,0,1,0,0,0,0,1,0,1,0,1,0,0,0,1,0
1,1,1,1,1,1,1,1,0,0,1,0,1,1,1,1,1,1,1,1,1,1,0,1,1,1,1,1,1,1,1,0,0,1,0,1,1,1,1,0,0,1,0,1,1,1,0,1,1,0,0,1,0,1,1,0,1,0,0,1,1,1,1,1,1,1,0,1,1,0,1,1,1,0,0,1,0,0,1,1,1,0,0,1,0,0,1,1,1,1,0,1,0,0,0,0,1,0,0,1,0,1,0,0,1,0,1,1,0,1,1,1,0,0,0,1,1,0,1,0,0,1,0,0,0,0,0,0,0,0,1,1,1,1,0,1,0,0,1,0,0,1,0,1,0,0,0,1,0,0,0,0,0,0,0,0,0,0,0,0,1,0,0,1,0,1,1,0,1,0,1,0,0,0,0,1,1,1,0,0,1,0,0,0,0,0,1,0,1,1,0,1,1,0,1,1,1,1,1,0,0,1,0,1,0,1,1,0,0,0,0,1,0,1,0,1,0,0,0,1,0
1,1,1,1,0,1,1,1,0,1,0,0,0,0,0,1,1,1,1,0,1,1,1,1,1,1,1,1,1,1,1,0,1,1,1,0,0,0,1,1,1,1,0,1,1,1,1,1,0,0,0,0,0,1,1,0,0,1,1,1,1,1,0,1,1,1,0,1,1,1,1,1,1,1,0,1,0,1,0,1,1,0,0,1,0,1,0,1,1,1,1,1,0,0,0,1,1,1,1,1,1,1,0,0,1,1,1,1,1,1,1,1,1,1,1,1,1,1,1,1,1,1,0,1,1,1,0,1,1,1,1,1,1,0,1,1,1,1,1,1,0,1,1,1,1,1,1,1,0,0,1,1,1,1,1,1,0,1,1,1,1,0,1,1,0,1,0,1,1,1,1,1,1,1,0,1,1,1,1,0,1,1,1,1,1,0,1,0,1,1,1,0,1,1,0,1,1,1,1,1,1,0,0,1,1,0,0,1,1,0,1,1,1,0,1,0,1,0,1,1,1
1,1,1,1,0,1,1,1,0,0,0,0,0,0,0,1,1,1,1,0,1,1,1,1,1,1,1,1,1,1,1,0,0,1,1,0,0,0,1,1,0,1,0,1,1,1,0,1,0,0,0,0,0,1,1,0,0,1,1,1,1,1,0,1,1,1,0,1,1,1,1,1,1,1,0,1,0,1,0,1,1,0,0,1,0,1,0,1,1,1,1,1,0,0,0,1,1,1,0,1,0,1,0,0,1,1,1,1,1,1,1,1,1,1,1,1,1,1,1,0,1,1,0,1,1,1,0,1,1,1,1,1,1,0,1,1,1,0,1,1,0,1,0,1,1,1,1,1,0,0,1,1,1,1,1,1,0,1,1,1,1,0,1,1,0,1,0,1,1,1,1,1,1,1,0,1,1,1,1,0,1,1,1,1,1,0,1,0,1,1,1,0,1,1,0,1,1,1,1,1,1,0,0,1,1,0,0,1,1,0,1,1,1,0,1,0,1,0,1,1,1
1,1,1,1,0,1,1,1,0,1,0,0,0,0,0,1,1,1,1,0,1,1,1,1,1,1,1,1,1,1,1,0,1,1,1,0,0,0,1,1,1,1,0,1,1,1,1,1,0,0,0,0,0,1,1,0,0,1,1,1,1,1,0,1,1,1,0,1,1,1,1,1,1,1,0,1,0,1,0,1,1,0,0,1,0,1,0,1,1,1,1,1,0,0,0,1,1,1,1,1,1,1,0,0,1,1,1,1,1,1,1,1,1,1,0,1,1,1,1,1,1,1,0,1,1,0,0,1,1,1,1,1,1,0,1,1,1,1,1,1,0,1,1,1,1,1,1,1,0,0,1,1,1,1,1,1,0,1,1,1,1,0,1,1,0,1,0,1,1,1,1,1,1,1,0,1,1,1,1,0,1,1,1,1,1,0,1,0,1,1,1,0,1,1,0,1,1,1,0,1,1,0,0,1,1,0,0,1,0,0,1,1,0,0,1,0,0,0,1,1,0
1,1,1,1,0,1,1,1,0,1,0,0,0,0,0,1,1,1,1,0,1,1,1,1,1,1,1,1,1,1,1,0,1,1,1,0,0,0,1,1,1,1,0,1,1,1,1,1,1,0,0,1,0,1,1,0,0,1,1,1,1,1,0,1,1,1,0,1,1,1,1,1,1,1,0,1,0,1,0,1,1,0,0,1,0,1,0,1,1,1,1,1,0,0,0,1,1,1,1,1,1,1,0,0,1,1,1,1,1,1,1,1,1,1,0,1,1,1,1,1,1,1,0,1,1,0,0,1,1,1,1,1,1,0,1,1,1,1,1,1,0,1,1,1,1,1,1,1,0,0,1,1,1,1,1,1,0,1,1,1,1,0,1,1,0,1,0,1,1,1,1,1,1,1,0,1,1,1,1,0,1,1,1,1,1,0,1,0,1,1,1,0,1,1,0,1,1,1,0,1,1,0,0,1,1,0,0,1,0,0,1,1,0,0,1,0,0,0,1,1,0
1,1,1,1,0,1,1,1,0,0,0,0,0,0,0,1,1,1,1,0,1,1,1,1,1,1,1,1,1,1,1,0,0,1,1,0,0,0,1,1,0,1,0,1,1,1,0,1,0,0,0,0,0,1,1,0,0,1,1,1,1,1,0,1,1,1,0,1,1,1,1,1,1,1,0,1,0,1,0,1,1,0,0,1,0,1,0,1,1,1,1,1,0,0,0,1,1,1,0,1,0,1,0,0,1,1,1,1,1,1,1,1,1,1,0,1,1,1,1,0,1,1,0,1,1,0,0,1,1,1,1,1,1,0,1,1,1,0,1,1,0,1,0,1,1,1,1,1,0,0,1,1,1,1,1,1,0,1,1,1,1,0,1,1,0,1,0,1,1,1,1,1,1,1,0,1,1,1,1,0,1,1,1,1,1,0,1,0,1,1,1,0,1,1,0,1,1,1,0,1,1,0,0,1,1,0,0,1,0,0,1,1,0,0,1,0,0,0,1,1,0
1,1,1,1,0,1,1,1,0,0,0,0,0,0,0,1,1,1,1,0,1,1,1,1,1,1,1,1,1,1,1,0,0,1,1,0,0,0,1,1,0,1,0,1,1,1,0,1,1,0,0,1,0,1,1,0,0,1,1,1,1,1,0,1,1,1,0,1,1,1,1,1,1,1,0,1,0,1,0,1,1,0,0,1,0,1,0,1,1,1,1,1,0,0,0,1,1,1,0,1,0,1,0,0,1,1,1,1,1,1,1,1,1,1,0,1,1,1,1,0,1,1,0,1,1,0,0,1,1,1,1,1,1,0,1,1,1,0,1,1,0,1,0,1,1,1,1,1,0,0,1,1,1,1,1,1,0,1,1,1,1,0,1,1,0,1,0,1,1,1,1,1,1,1,0,1,1,1,1,0,1,1,1,1,1,0,1,0,1,1,1,0,1,1,0,1,1,1,0,1,1,0,0,1,1,0,0,1,0,0,1,1,0,0,1,0,0,0,1,1,0
1,1,1,1,0,1,1,1,0,1,0,0,0,0,0,1,1,1,1,0,1,1,1,1,1,1,1,1,1,1,1,0,1,1,1,0,0,0,1,1,1,1,0,1,1,1,1,1,0,0,0,0,0,1,1,0,0,1,1,1,1,1,0,1,1,1,0,1,1,1,1,1,1,1,0,1,0,1,0,1,1,0,0,1,0,1,0,1,1,1,1,1,0,0,0,1,1,1,1,1,1,1,0,0,1,1,1,1,1,1,1,1,1,1,0,1,1,1,1,1,1,1,0,1,1,0,0,1,1,0,1,1,1,0,1,1,1,1,1,1,0,1,1,1,1,1,1,1,0,0,1,1,1,1,1,1,0,1,1,1,1,0,1,1,0,1,0,0,1,1,1,1,1,1,0,1,1,1,1,0,1,1,1,1,1,0,1,0,1,1,0,0,1,0,0,1,1,1,1,0,0,0,0,1,0,0,0,0,1,0,1,1,0,0,0,0,1,0,1,1,0
1,1,1,1,0,1,1,1,0,0,0,0,0,0,0,1,1,1,1,0,1,1,1,1,1,1,1,1,1,1,1,0,0,1,1,0,0,0,1,1,0,1,0,1,1,1,0,1,0,0,0,0,0,1,1,0,0,1,1,1,1,1,0,1,1,1,0,1,1,1,1,1,1,1,0,1,0,1,0,1,1,0,0,1,0,1,0,1,1,1,1,1,0,0,0,1,1,1,0,1,0,1,0,0,1,1,1,1,1,1,1,1,1,1,0,1,1,1,1,0,1,1,0,1,1,0,0,1,1,0,1,1,1,0,1,1,1,0,1,1,0,1,0,1,1,1,1,1,0,0,1,1,1,1,1,1,0,1,1,1,1,0,1,1,0,1,0,0,1,1,1,1,1,1,0,1,1,1,1,0,1,1,1,1,1,0,1,0,1,1,0,0,1,0,0,1,1,1,1,0,0,0,0,1,0,0,0,0,1,0,1,1,0,0,0,0,1,0,1,1,0
1,1,1,1,0,1,1,1,0,1,0,0,0,0,0,1,1,1,1,0,1,1,1,1,1,1,1,1,1,1,1,0,1,1,0,0,0,0,1,1,1,1,0,1,1,1,1,1,1,0,0,1,0,1,1,0,0,1,1,1,1,1,0,1,1,1,0,1,1,0,1,1,1,1,0,1,0,1,0,1,1,0,0,1,0,1,0,1,1,1,1,1,0,0,0,1,1,1,1,1,1,1,0,0,1,1,1,1,1,1,1,1,1,1,1,1,1,1,1,1,1,1,0,1,1,1,0,1,1,1,1,1,1,0,1,1,1,1,1,1,0,1,1,1,1,1,1,1,0,0,1,1,0,1,1,1,0,1,1,1,1,1,1,1,0,1,0,1,1,1,1,1,1,1,0,1,1,1,1,1,1,1,0,1,1,0,1,0,1,1,1,0,1,1,0,1,1,1,1,1,1,0,0,1,1,0,0,1,1,0,1,1,1,0,1,0,1,0,1,1,1
1,1,1,1,0,1,1,1,0,0,0,0,0,0,0,1,1,1,1,0,1,1,1,1,1,1,1,1,1,1,1,0,0,1,0,0,0,0,1,1,0,1,0,1,1,1,0,1,1,0,0,1,0,1,1,0,0,1,1,1,1,1,0,1,1,1,0,1,1,0,1,1,1,1,0,1,0,1,0,1,1,0,0,1,0,1,0,1,1,1,1,1,0,0,0,1,1,1,0,1,0,1,0,0,1,1,1,1,1,1,1,1,1,1,1,1,1,1,1,0,1,1,0,1,1,1,0,1,1,1,1,1,1,0,1,1,1,0,1,1,0,1,0,1,1,1,1,1,0,0,1,1,0,1,1,1,0,1,1,1,1,1,1,1,0,1,0,1,1,1,1,1,1,1,0,1,1,1,1,1,1,1,0,1,1,0,1,0,1,1,1,0,1,1,0,1,1,1,1,1,1,0,0,1,1,0,0,1,1,0,1,1,1,0,1,0,1,0,1,1,1
1,1,1,1,0,1,1,1,0,1,0,0,0,0,0,1,1,1,1,0,1,1,1,1,1,1,1,1,1,1,1,0,1,1,0,0,0,0,1,1,1,1,0,1,1,1,1,1,1,0,0,1,0,1,1,0,0,1,1,1,1,1,0,1,1,1,0,1,1,0,1,1,1,1,0,1,0,1,0,1,1,0,0,1,0,1,0,1,1,1,1,1,0,0,0,1,1,1,1,1,1,1,0,0,1,1,1,1,1,1,1,1,1,1,0,1,1,1,1,1,1,1,0,1,1,0,0,1,1,1,1,1,1,0,1,1,1,1,1,1,0,1,1,1,1,1,1,1,0,0,1,1,0,1,1,1,0,1,1,1,1,0,1,1,0,1,0,1,1,1,1,1,1,1,0,1,1,1,1,0,1,1,0,1,1,0,1,0,1,1,1,0,1,1,0,1,1,1,0,1,1,0,0,1,1,0,0,1,0,0,1,1,0,0,1,0,0,0,1,1,0
1,1,1,1,0,1,1,1,0,0,0,0,0,0,0,1,1,1,1,0,1,1,1,1,1,1,1,1,1,1,1,0,0,1,0,0,0,0,1,1,0,1,0,1,1,1,0,1,1,0,0,1,0,1,1,0,0,1,1,1,1,1,0,1,1,1,0,1,1,0,1,1,1,1,0,1,0,1,0,1,1,0,0,1,0,1,0,1,1,1,1,1,0,0,0,1,1,1,0,1,0,1,0,0,1,1,1,1,1,1,1,1,1,1,0,1,1,1,1,0,1,1,0,1,1,0,0,1,1,1,1,1,1,0,1,1,1,0,1,1,0,1,0,1,1,1,1,1,0,0,1,1,0,1,1,1,0,1,1,1,1,0,1,1,0,1,0,1,1,1,1,1,1,1,0,1,1,1,1,0,1,1,0,1,1,0,1,0,1,1,1,0,1,1,0,1,1,1,0,1,1,0,0,1,1,0,0,1,0,0,1,1,0,0,1,0,0,0,1,1,0
1,1,1,1,0,1,1,1,0,1,0,0,0,0,0,1,1,1,1,0,1,1,1,1,1,1,1,1,1,1,1,0,1,1,0,0,0,0,1,1,1,1,0,1,1,1,1,1,1,0,0,1,0,1,1,0,0,1,1,1,1,1,0,1,1,1,0,1,1,0,1,1,1,1,0,1,0,1,0,1,1,0,0,1,0,1,0,1,1,1,1,1,0,0,0,1,1,1,1,1,1,1,0,0,1,1,1,1,1,1,1,1,1,1,0,1,1,1,1,1,1,1,0,1,1,0,0,1,1,0,1,1,1,0,1,1,1,1,1,1,0,1,1,1,1,1,1,1,0,0,1,1,0,1,1,1,0,1,1,1,1,0,1,1,0,1,0,0,1,1,1,1,1,1,0,1,1,1,1,0,1,1,0,1,1,0,1,0,1,1,0,0,1,0,0,1,1,1,1,0,0,0,0,1,0,0,0,0,1,0,1,1,0,0,0,0,1,0,1,1,0
1,1,1,1,0,1,1,1,0,0,0,0,0,0,0,1,1,1,1,0,1,1,1,1,1,1,1,1,1,1,1,0,0,1,0,0,0,0,1,1,0,1,0,1,1,1,0,1,1,0,0,1,0,1,1,0,0,1,1,1,1,1,0,1,1,1,0,1,1,0,1,1,1,1,0,1,0,1,0,1,1,0,0,1,0,1,0,1,1,1,1,1,0,0,0,1,1,1,0,1,0,1,0,0,1,1,1,1,1,1,1,1,1,1,0,1,1,1,1,0,1,1,0,1,1,0,0,1,1,0,1,1,1,0,1,1,1,0,1,1,0,1,0,1,1,1,1,1,0,0,1,1,0,1,1,1,0,1,1,1,1,0,1,1,0,1,0,0,1,1,1,1,1,1,0,1,1,1,1,0,1,1,0,1,1,0,1,0,1,1,0,0,1,0,0,1,1,1,1,0,0,0,0,1,0,0,0,0,1,0,1,1,0,0,0,0,1,0,1,1,0
1,1,1,1,0,1,1,0,0,1,0,0,0,0,0,1,1,1,1,0,1,1,1,1,1,1,1,1,1,1,1,0,1,1,0,0,0,0,1,1,1,1,0,1,1,1,1,1,0,0,0,0,0,1,1,0,0,1,1,1,1,1,0,1,1,1,0,1,1,0,1,1,1,1,0,1,0,1,0,1,1,0,0,1,0,1,0,1,1,1,1,1,0,0,0,1,1,1,1,1,1,1,0,0,1,1,1,1,1,1,1,1,1,1,0,1,1,1,1,1,1,1,0,1,1,0,0,1,1,0,1,1,1,0,1,1,1,1,1,1,0,1,1,1,1,1,1,1,0,0,1,1,0,1,1,1,0,1,1,1,1,0,1,1,0,1,0,0,1,1,1,1,1,1,0,1,1,1,1,0,1,1,0,1,1,0,1,0,1,1,0,0,1,0,0,1,1,1,0,0,0,0,0,1,0,0,0,0,0,0,1,1,0,0,0,0,0,0,1,1,0
0,1,0,1,1,0,0,0,0,0,1,0,1,1,0,1,1,1,0,1,1,1,0,0,0,1,1,1,0,0,0,0,0,1,0,0,0,0,1,0,0,1,0,0,1,1,0,1,0,0,0,0,1,1,1,1,0,0,0,1,0,1,1,0,1,1,0,1,0,0,1,0,1,0,0,1,1,0,0,1,0,0,0,1,1,0,0,1,1,1,0,1,1,1,0,0,1,0,0,0,0,1,1,0,1,0,1,0,0,1,1,1,0,0,0,1,0,0,1,0,0,1,1,0,0,0,0,0,0,0,1,1,0,0,0,1,0,0,1,0,1,0,0,1,1,0,0,1,0,0,0,0,0,0,0,1,0,0,0,0,1,0,0,1,1,0,0,0,0,0,0,0,0,0,1,0,1,1,0,0,1,0,0,0,0,1,0,0,0,0,0,0,0,0,0,1,1,0,0,0,0,0,0,0,0,0,0,0,0,0,0,0,0,0,0,0,0,0,0,0,0
1,1,1,1,0,1,1,0,0,0,0,0,0,0,0,1,1,1,1,0,1,1,1,1,1,1,1,1,1,1,1,0,0,1,0,0,0,0,1,1,0,1,0,1,1,1,0,1,0,0,0,0,0,1,1,0,0,1,1,1,1,1,0,1,1,1,0,1,1,0,1,1,1,1,0,1,0,1,0,1,1,0,0,1,0,1,0,1,1,1,1,1,0,0,0,1,1,1,0,1,0,1,0,0,1,1,1,1,1,1,1,1,1,1,0,1,1,1,1,0,1,1,0,1,1,0,0,1,1,0,1,1,1,0,1,1,1,0,1,1,0,1,0,1,1,1,1,1,0,0,1,1,0,1,1,1,0,1,1,1,1,0,1,1,0,1,0,0,1,1,1,1,1,1,0,1,1,1,1,0,1,1,0,1,1,0,1,0,1,1,0,0,1,0,0,1,1,1,0,0,0,0,0,1,0,0,0,0,0,0,1,1,0,0,0,0,0,0,1,1,0
1,1,1,1,0,1,1,1,0,0,0,0,0,0,0,1,1,1,1,0,1,1,0,1,0,1,1,0,1,0,1,0,0,1,0,0,0,0,0,1,0,1,1,1,0,0,0,1,1,0,0,1,0,0,0,0,1,1,1,0,0,0,1,1,1,0,0,0,1,0,0,1,0,1,0,0,0,0,1,0,1,0,0,0,0,1,1,0,1,0,1,0,0,0,0,1,0,1,0,0,0,0,0,0,0,1,0,1,0,0,0,1,1,1,0,0,0,1,1,0,1,0,0,1,1,0,0,1,1,1,0,0,1,0,1,0,1,0,0,1,0,1,0,0,0,1,1,1,0,1,1,1,0,1,1,0,1,1,1,1,1,0,1,1,0,1,1,1,1,1,1,1,1,1,0,1,1,0,1,0,0,1,0,1,1,0,1,1,1,1,1,0,1,1,0,1,0,1,1,1,1,0,0,1,1,0,0,1,1,0,1,0,0,0,1,0,1,0,1,0,0
1,1,1,1,0,1,1,1,0,0,0,0,0,0,0,0,1,1,1,0,0,1,1,1,0,1,1,0,1,1,1,0,0,1,0,0,0,0,0,1,0,1,1,1,0,0,0,1,1,0,0,1,0,0,0,0,1,1,1,0,0,0,1,1,1,0,0,0,1,0,0,1,0,1,0,0,0,0,1,0,1,0,0,0,0,1,1,0,1,0,1,0,0,0,0,1,0,1,0,0,0,0,0,0,0,1,0,1,0,0,0,1,1,1,0,0,0,1,1,0,1,0,0,1,0,0,0,1,1,1,0,0,1,0,1,0,1,0,0,1,0,1,0,0,0,1,1,1,0,1,1,0,0,1,1,0,1,1,1,1,1,0,1,1,0,1,1,1,1,1,1,1,1,1,0,1,1,0,0,0,0,1,0,1,1,0,1,1,1,1,1,0,1,1,0,1,1,1,1,1,1,0,0,1,1,0,0,1,1,0,1,0,0,0,1,0,1,0,1,0,0
1,1,1,1,1,1,1,1,0,0,0,0,0,0,0,1,1,1,1,1,1,1,0,1,1,1,1,1,1,1,1,0,0,1,0,0,0,0,0,1,0,1,1,1,0,1,0,1,1,1,1,1,0,1,0,0,1,1,1,0,0,1,1,1,1,1,0,1,1,0,1,1,0,1,1,0,0,1,0,1,1,1,1,1,0,1,1,1,1,1,1,1,0,0,1,1,1,1,0,1,0,1,0,1,1,1,1,1,0,1,1,1,1,1,0,1,1,1,1,0,1,1,0,1,1,0,0,1,1,1,1,1,1,1,1,1,1,0,0,1,0,1,0,1,0,1,1,1,0,1,1,1,0,1,1,0,1,1,1,1,1,0,1,1,0,1,1,1,1,1,1,1,1,1,0,1,1,1,1,0,1,1,0,1,1,0,1,1,1,1,1,1,1,1,1,1,1,1,1,1,1,1,0,1,1,0,0,1,1,0,1,0,0,0,1,0,1,0,1,0,0
1,1,1,1,0,1,1,1,0,0,0,0,0,0,0,1,1,1,1,0,1,1,1,1,1,1,1,1,1,1,1,0,0,1,0,0,0,0,0,1,0,1,1,1,0,1,0,1,1,1,1,1,0,1,0,0,1,1,1,0,0,1,1,1,1,1,0,1,1,0,1,1,0,1,1,0,0,1,0,1,1,1,1,1,0,1,1,1,1,1,1,1,0,0,1,1,1,1,0,1,0,1,0,1,1,1,1,1,0,1,1,1,1,1,0,1,1,1,1,0,1,1,0,1,0,0,0,1,1,1,1,1,1,1,1,1,1,0,0,1,0,1,0,1,0,1,1,1,0,1,1,0,0,1,1,0,1,1,1,1,1,0,1,1,0,1,1,1,1,1,1,1,1,1,0,1,1,1,0,0,1,1,0,1,1,0,1,1,1,1,1,1,1,1,1,1,1,1,1,1,1,1,0,1,1,0,0,1,1,0,1,0,0,0,1,0,1,0,1,0,0
0,1,0,1,1,1,1,0,0,0,1,0,0,1,0,1,1,1,1,1,1,1,0,1,0,1,1,0,1,0,1,0,0,1,0,0,0,1,1,1,0,1,0,1,0,1,0,1,1,1,1,0,1,1,0,1,1,1,1,0,0,1,1,1,1,1,0,1,1,0,1,0,0,0,1,0,1,0,0,1,0,1,1,1,1,0,0,1,1,1,1,1,1,1,1,0,1,1,0,1,0,1,1,1,1,1,1,0,0,1,1,1,1,1,1,1,1,1,1,0,0,1,1,1,0,1,0,1,1,0,1,0,0,0,0,1,1,0,1,1,1,0,0,0,1,1,1,1,0,0,0,0,0,1,0,1,0,0,0,1,1,1,0,1,1,1,0,0,1,0,1,0,0,1,1,1,1,1,0,1,0,1,0,0,0,1,1,1,0,1,0,1,0,0,0,0,0,0,1,0,0,1,0,0,0,0,0,1,1,0,0,0,1,0,1,0,1,0,0,0,1
1,1,0,1,1,1,1,0,0,0,0,0,0,0,0,1,1,1,1,1,1,1,0,1,0,1,1,0,1,0,1,0,0,1,0,0,0,1,1,1,0,1,0,1,0,1,0,1,1,1,1,1,1,1,0,1,0,1,1,0,0,1,1,1,1,1,0,1,1,0,1,0,0,0,1,0,1,0,0,1,0,1,1,1,1,0,0,1,1,1,1,1,1,1,1,0,1,1,0,1,0,1,1,1,1,1,1,0,0,1,1,1,1,1,1,1,1,1,1,0,0,1,1,1,0,1,0,1,1,1,1,0,0,0,0,1,1,0,1,1,1,0,0,0,1,1,1,1,0,0,0,0,0,1,0,1,0,0,0,1,1,1,0,1,1,1,0,1,1,0,1,0,0,1,1,1,1,1,0,1,0,1,0,0,0,1,1,1,0,1,1,1,0,0,0,0,0,0,1,1,1,1,0,0,0,0,0,1,1,0,0,0,1,0,1,0,1,0,0,0,1
0,1,0,1,1,1,1,0,0,0,0,0,0,0,0,1,1,1,1,1,1,1,0,1,0,1,1,0,1,0,1,0,0,1,0,0,0,1,1,1,0,1,0,1,0,1,0,1,1,1,1,1,1,1,0,1,0,1,1,0,0,1,1,1,1,1,0,1,1,0,1,0,0,0,1,0,1,0,0,1,0,1,1,1,1,0,0,1,1,1,1,1,1,1,1,0,1,1,0,1,0,1,1,1,1,1,1,0,0,1,1,1,1,1,1,1,1,1,1,0,0,1,1,1,0,1,0,1,1,0,1,0,0,0,0,1,1,0,1,1,1,0,0,0,1,1,1,1,0,0,0,0,0,1,0,1,0,0,0,1,1,1,0,1,1,1,0,0,1,0,1,0,0,1,1,1,1,1,0,1,0,1,0,0,0,1,1,1,0,1,0,1,0,0,0,0,0,0,1,0,0,1,0,0,0,0,0,1,1,0,0,0,1,0,1,0,1,0,0,0,1
0,1,0,1,1,1,0,0,0,0,0,0,0,0,0,1,1,1,1,1,1,1,0,1,0,1,1,0,1,0,1,0,0,1,0,0,0,1,1,1,0,1,0,1,0,1,0,1,1,1,1,1,1,1,0,1,0,1,1,0,0,1,1,1,1,1,0,1,1,0,1,0,0,0,1,0,1,0,0,1,0,1,1,1,1,0,0,1,1,1,1,1,1,1,1,0,1,1,0,1,0,1,1,1,1,1,1,0,0,1,1,1,1,1,0,1,1,1,1,0,0,1,1,1,0,0,0,1,1,0,1,0,0,0,0,1,1,0,1,1,1,0,0,0,1,1,1,1,0,0,0,0,0,1,0,1,0,0,0,1,1,0,0,1,1,1,0,0,1,0,1,0,0,1,1,1,1,1,0,0,0,1,0,0,0,1,1,0,0,1,0,1,0,0,0,0,0,0,0,0,0,1,0,0,0,0,0,1,0,0,0,0,0,0,1,0,0,0,0,0,0
0,1,0,1,1,0,0,0,0,0,0,0,0,0,0,1,1,1,1,1,1,1,0,1,0,1,1,0,1,0,0,0,0,1,0,0,0,1,1,0,0,1,0,0,0,1,0,1,0,1,1,1,1,1,0,1,0,0,0,0,0,1,1,1,1,1,0,1,0,0,1,0,0,0,1,0,1,0,0,1,0,1,1,1,1,0,0,1,1,1,0,1,1,1,1,0,1,0,0,1,0,1,1,1,1,1,1,0,0,1,1,1,0,0,0,1,1,0,1,0,0,1,1,0,0,0,0,0,0,0,1,0,0,0,0,1,0,0,1,0,1,0,0,0,1,0,0,1,0,0,0,0,0,0,0,1,0,0,0,0,1,0,0,1,1,0,0,0,0,0,1,0,0,0,1,0,1,1,0,0,0,0,0,0,0,1,0,0,0,0,0,0,0,0,0,0,0,0,0,0,0,0,0,0,0,0,0,0,0,0,0,0,0,1,0,0,0,0,0,0,0
0,1,0,1,1,0,0,0,0,0,0,0,0,0,0,1,1,1,1,1,1,1,0,1,0,1,1,0,1,0,0,0,0,1,0,0,0,1,1,0,0,1,0,0,0,1,0,1,0,1,1,0,1,1,0,1,0,0,0,0,0,1,1,1,1,1,0,1,0,0,1,0,0,0,1,0,1,0,0,1,0,1,1,1,1,0,0,1,1,1,0,1,1,1,1,0,1,0,0,1,0,1,1,1,1,1,1,0,0,1,1,1,0,0,0,1,1,0,1,0,0,1,1,0,0,0,0,0,0,0,1,0,0,0,0,1,0,0,1,0,1,0,0,0,1,0,0,1,0,0,0,0,0,0,0,1,0,0,0,0,1,0,0,1,1,0,0,0,0,0,1,0,0,0,1,0,1,1,0,0,0,0,0,0,0,1,0,0,0,0,0,0,0,0,0,0,0,0,0,0,0,0,0,0,0,0,0,0,0,0,0,0,0,0,0,0,0,0,0,0,0
0,1,0,1,1,0,0,0,0,0,0,0,0,0,0,1,1,1,1,1,1,1,0,1,0,1,1,0,1,0,0,0,0,1,0,0,0,1,1,0,0,1,0,0,0,1,0,1,0,1,1,0,1,1,0,1,0,0,0,0,0,1,1,1,1,1,0,1,0,0,1,0,0,0,1,0,1,0,0,1,0,1,1,1,1,0,0,1,1,1,0,1,1,1,1,0,1,0,0,1,0,1,1,1,1,1,1,0,0,1,1,1,0,0,0,1,1,0,1,0,0,1,1,0,0,0,0,0,0,0,1,0,0,0,0,1,0,0,1,0,1,0,0,0,1,0,0,1,0,0,0,0,0,0,0,1,0,0,0,0,1,0,0,1,1,0,0,0,0,0,1,0,0,0,1,0,1,1,0,0,0,0,0,0,0,1,0,0,0,0,0,0,0,0,0,0,0,0,0,0,0,0,0,0,0,0,0,0,0,0,0,0,0,0,0,0,0,0,0,0,0
0,1,0,1,1,0,0,0,0,1,0,0,0,0,0,1,1,1,1,1,1,1,0,1,0,1,1,0,1,0,0,0,1,1,0,0,0,1,1,0,1,1,0,0,0,1,1,1,0,1,1,0,1,1,0,1,0,0,0,0,0,1,1,1,1,1,0,1,0,0,1,0,0,0,1,0,1,0,0,1,0,1,1,1,1,0,0,1,1,1,0,1,1,1,1,0,1,0,1,1,1,1,1,1,1,1,1,0,0,1,1,1,0,0,0,1,1,0,1,1,0,1,1,0,0,0,0,0,0,0,1,0,0,0,0,1,0,1,1,0,1,0,1,0,1,0,0,1,0,0,0,0,0,0,0,1,0,0,0,0,1,0,0,1,1,0,0,0,0,0,1,0,0,0,1,0,1,1,0,0,0,0,0,0,0,1,0,0,0,0,0,0,0,0,0,0,0,0,0,0,0,0,0,0,0,0,0,0,0,0,0,0,0,0,0,0,0,0,0,0,0
0,1,0,1,1,0,0,0,0,1,0,0,0,0,0,1,1,1,1,1,1,1,0,1,0,1,1,0,1,0,0,0,1,1,0,0,0,1,1,0,1,1,0,0,0,1,1,1,0,1,1,0,1,1,0,1,0,0,0,0,0,1,1,1,1,1,0,1,0,0,1,0,0,0,1,0,1,0,0,1,0,1,1,1,1,0,0,1,1,1,0,1,1,1,1,0,1,0,1,1,1,1,1,1,1,1,1,0,0,1,1,1,0,0,0,1,1,0,1,1,0,1,1,0,0,0,0,0,0,0,1,0,0,0,0,1,0,1,1,0,1,0,1,0,1,0,0,1,0,0,0,0,0,0,0,1,0,0,0,0,1,0,0,1,1,0,0,0,0,0,1,0,0,0,1,0,1,1,0,0,0,0,0,0,0,1,0,0,0,0,0,0,0,0,0,0,0,0,0,0,0,0,0,0,0,0,0,0,0,0,0,0,0,0,0,0,0,0,0,0,0
0,1,0,1,1,0,0,0,0,1,0,0,0,0,0,1,1,1,1,1,1,1,0,1,0,1,1,0,1,0,0,0,1,1,0,0,0,1,1,0,1,1,0,0,0,1,1,1,0,1,1,0,1,1,0,1,0,0,0,0,0,1,1,1,1,1,0,1,0,0,1,0,0,0,1,0,1,0,0,1,0,1,1,1,1,0,0,1,1,1,0,1,1,1,1,0,1,0,1,1,1,1,1,1,1,1,1,0,0,1,1,1,0,0,0,1,1,0,1,1,0,1,1,0,0,0,0,0,0,0,1,0,0,0,0,1,0,1,1,0,1,0,1,0,1,0,0,1,0,0,0,0,0,0,0,1,0,0,0,0,1,0,0,1,1,0,0,0,0,0,1,0,0,0,1,0,1,1,0,0,0,0,0,0,0,1,0,0,0,0,0,0,0,0,0,0,0,0,0,0,0,0,0,0,0,0,0,0,0,0,0,0,0,0,0,0,0,0,0,0,0
1,1,0,1,1,0,0,0,0,0,0,0,0,0,0,1,1,1,1,1,1,1,1,1,1,1,1,0,1,0,0,0,0,1,0,0,0,0,1,0,0,1,0,0,1,1,0,1,0,0,0,1,0,1,1,0,0,0,0,1,1,1,1,1,1,1,0,1,0,0,1,0,1,0,0,1,0,0,0,1,0,0,0,1,0,0,0,1,1,1,0,1,0,0,0,0,1,0,0,1,0,1,0,0,1,1,1,0,0,1,1,1,0,0,0,1,1,0,1,0,0,1,0,0,0,0,1,0,0,0,1,1,0,0,0,1,0,0,1,0,0,0,0,1,1,0,0,1,1,0,0,0,0,0,0,1,0,0,0,0,1,0,0,1,0,0,0,0,0,0,1,0,0,0,0,0,1,1,0,0,1,0,0,0,0,0,0,0,0,0,0,0,0,0,0,1,1,0,0,0,0,0,0,0,0,0,0,0,0,0,0,1,0,0,0,0,0,0,0,1,0
1,1,1,1,1,1,0,0,0,0,0,0,0,0,0,1,1,1,1,1,1,1,1,1,1,1,1,1,1,1,1,0,0,1,0,0,0,0,1,0,0,1,0,1,1,1,0,1,0,0,0,0,0,1,1,0,0,0,0,1,1,1,1,1,1,1,0,1,0,0,1,1,1,0,0,1,0,1,0,1,1,0,0,1,0,1,0,1,1,1,0,1,0,0,0,0,1,0,0,1,0,1,0,0,1,1,1,1,0,1,1,1,0,0,0,1,1,0,1,0,0,1,0,0,0,0,1,0,0,0,1,1,0,1,0,1,0,0,1,0,0,0,0,1,1,0,0,1,1,0,0,0,0,0,0,1,0,0,0,0,1,0,0,1,0,0,0,0,0,0,1,1,1,0,0,0,1,1,0,0,1,0,0,0,0,0,0,0,0,0,0,0,0,0,0,1,1,0,0,0,0,0,0,0,0,0,0,0,0,0,0,1,0,0,0,0,0,0,0,1,0
1,1,0,1,1,0,0,0,0,0,0,0,0,0,0,1,1,1,1,1,1,1,1,1,1,1,1,0,0,0,0,0,0,1,0,0,0,1,1,0,0,1,0,0,1,1,0,1,0,0,0,1,0,1,1,0,0,0,0,1,1,1,1,1,1,1,0,1,0,0,1,0,1,0,0,1,0,0,0,1,0,0,0,1,0,0,0,1,1,1,0,1,0,0,0,0,1,0,0,1,0,1,0,0,1,1,1,0,0,1,1,1,0,0,0,1,1,0,1,0,0,1,0,0,0,0,1,0,0,0,1,1,0,0,0,1,0,0,1,0,0,0,0,1,1,0,0,1,1,0,0,0,0,0,0,1,0,0,0,0,1,0,0,1,0,0,0,0,0,0,1,0,0,0,0,0,1,1,0,0,1,0,0,0,0,0,0,0,0,0,0,0,0,0,0,1,1,0,0,0,0,0,0,0,0,0,0,0,0,0,0,1,0,0,0,0,0,0,0,1,0
1,1,0,1,1,0,0,0,0,0,0,0,0,0,0,1,1,1,1,1,1,1,1,1,1,1,1,0,0,0,0,0,0,1,0,0,0,1,1,0,0,1,0,0,1,1,0,1,0,0,0,1,0,1,1,0,0,0,0,1,1,1,1,1,1,1,0,1,0,0,1,0,1,0,0,1,0,0,0,1,0,0,0,1,0,0,0,1,1,1,0,1,0,0,0,0,1,0,0,1,0,1,0,0,1,1,1,0,0,1,1,1,0,0,0,1,1,0,1,0,0,1,0,0,0,0,1,0,0,0,1,1,0,0,0,1,0,0,1,0,0,0,0,1,1,0,0,1,1,0,0,0,0,0,0,1,0,0,0,0,1,0,0,1,0,0,0,0,0,0,1,0,0,0,0,0,1,1,0,0,1,0,0,0,0,0,0,0,0,0,0,0,0,0,0,1,1,0,0,0,0,0,0,0,0,0,0,0,0,0,0,1,0,0,0,0,0,0,0,1,0
1,1,0,1,1,1,0,0,0,0,0,0,0,0,0,1,1,1,1,1,1,1,1,1,1,1,1,0,1,0,1,0,0,1,0,0,0,0,1,0,0,1,0,1,1,1,0,1,0,0,0,1,0,1,1,0,0,0,0,1,1,1,1,1,1,1,0,1,0,0,1,1,1,0,0,1,0,1,0,1,1,0,0,1,0,1,0,1,1,1,0,1,0,0,0,0,1,0,0,1,0,1,0,0,1,1,1,1,0,1,1,1,0,0,0,1,1,0,1,0,0,1,0,0,0,0,1,0,0,0,1,1,0,1,0,1,0,0,1,0,0,0,0,1,1,0,0,1,1,0,0,0,0,0,0,1,0,0,0,0,1,0,0,1,0,0,0,0,0,0,1,1,1,0,0,0,1,1,0,0,1,0,0,0,0,0,0,0,0,0,0,0,0,0,0,1,1,0,0,0,0,0,0,0,0,0,0,0,0,0,0,1,0,0,0,0,0,0,0,1,0
1,1,0,1,1,1,0,0,0,0,0,0,0,0,0,1,1,1,1,1,1,1,1,1,1,1,1,0,0,0,1,0,0,1,0,0,0,1,1,0,0,1,0,1,1,1,0,1,0,0,0,1,0,1,1,0,0,0,0,1,1,1,1,1,1,1,0,1,0,0,1,1,1,0,0,1,0,1,0,1,1,0,0,1,0,1,0,1,1,1,0,1,0,0,0,0,1,0,0,1,0,1,0,0,1,1,1,1,0,1,1,1,0,0,0,1,1,0,1,0,0,1,0,0,0,0,1,0,0,0,1,1,0,1,0,1,0,0,1,0,0,0,0,1,1,0,0,1,1,0,0,0,0,0,0,1,0,0,0,0,1,0,0,1,0,0,0,0,0,0,1,1,1,0,0,0,1,1,0,0,1,0,0,0,0,0,0,0,0,0,0,0,0,0,0,1,1,0,0,0,0,0,0,0,0,0,0,0,0,0,0,1,0,0,0,0,0,0,0,1,0
1,1,0,1,1,1,0,0,0,0,0,0,0,0,0,1,1,1,1,1,1,1,1,1,1,1,1,0,0,0,1,0,0,1,0,0,0,1,1,0,0,1,0,1,1,1,0,1,0,0,0,1,0,1,1,0,0,0,0,1,1,1,1,1,1,1,0,1,0,0,1,1,1,0,0,1,0,1,0,1,1,0,0,1,0,1,0,1,1,1,0,1,0,0,0,0,1,0,0,1,0,1,0,0,1,1,1,1,0,1,1,1,0,0,0,1,1,0,1,0,0,1,0,0,0,0,1,0,0,0,1,1,0,1,0,1,0,0,1,0,0,0,0,1,1,0,0,1,1,0,0,0,0,0,0,1,0,0,0,0,1,0,0,1,0,0,0,0,0,0,1,1,1,0,0,0,1,1,0,0,1,0,0,0,0,0,0,0,0,0,0,0,0,0,0,1,1,0,0,0,0,0,0,0,0,0,0,0,0,0,0,1,0,0,0,0,0,0,0,1,0
1,1,0,1,1,1,0,0,0,0,0,0,0,0,0,1,1,1,1,1,1,1,0,1,1,1,1,0,0,0,1,0,0,1,0,0,0,0,1,0,0,1,0,1,1,1,0,1,0,0,0,0,0,1,1,0,0,0,0,1,1,1,1,1,1,1,0,1,0,0,1,1,1,0,0,1,0,1,0,1,1,0,0,1,0,1,0,1,1,1,0,1,0,0,0,0,1,0,0,1,0,1,0,0,1,1,1,1,0,1,1,1,0,0,0,1,1,0,1,0,0,1,0,0,0,0,1,0,0,0,1,1,0,1,0,1,0,0,1,0,0,0,0,1,1,0,0,1,1,0,0,0,0,0,0,1,0,0,0,0,1,0,0,1,0,0,0,0,0,0,1,1,1,0,0,0,1,1,0,0,1,0,0,0,0,0,0,0,0,0,0,0,0,0,0,1,1,0,0,0,0,0,0,0,0,0,0,0,0,0,0,1,0,0,0,0,0,0,0,1,0
0,1,0,1,0,1,1,0,0,0,0,0,0,0,0,1,1,1,1,0,0,1,0,0,0,1,1,0,1,0,1,0,0,0,1,0,0,0,1,1,0,0,0,1,1,1,0,0,0,0,0,1,0,1,1,0,0,1,1,0,1,1,0,0,0,1,0,1,0,1,1,0,1,0,0,1,0,0,0,1,0,0,0,1,0,0,0,1,1,1,0,1,0,0,0,0,1,1,0,1,0,1,0,0,1,0,1,0,0,1,1,0,1,1,0,1,1,1,1,0,0,1,0,0,1,0,1,1,1,0,1,1,0,0,0,1,0,0,0,0,0,0,0,1,0,0,1,1,1,0,0,0,1,1,0,0,0,0,0,0,1,0,0,1,0,1,1,0,1,0,0,0,0,1,0,1,1,1,1,0,1,0,1,0,0,0,1,0,0,1,0,1,0,0,0,1,0,0,0,0,0,1,1,0,0,0,0,1,0,0,0,1,0,0,1,0,0,0,0,1,0
0,0,0,1,0,1,1,0,0,0,0,0,0,0,0,1,1,1,1,0,0,1,0,0,0,1,1,0,1,0,1,0,0,0,1,0,0,0,1,1,0,0,0,1,1,1,0,0,0,0,0,0,0,1,1,0,0,1,1,0,1,1,0,0,0,1,0,1,0,1,1,0,1,0,0,1,0,0,0,1,0,0,0,1,0,0,0,1,1,1,0,1,0,0,0,0,1,1,0,1,0,1,0,0,1,0,1,0,0,1,1,0,1,1,0,1,1,1,1,0,0,1,0,0,1,0,1,1,1,0,1,1,0,0,0,1,0,0,0,0,0,0,0,1,0,0,1,1,1,0,0,0,1,1,0,0,0,0,0,0,1,0,0,1,0,1,1,0,1,0,0,0,0,1,0,1,1,1,1,0,1,0,1,0,0,0,1,0,0,1,0,1,0,0,0,0,0,0,0,0,0,1,1,0,0,0,0,0,0,0,0,0,0,0,0,0,0,0,0,0,0
0,1,0,1,0,1,1,1,0,0,0,0,0,0,0,1,1,1,1,0,0,1,0,0,0,1,1,0,1,0,1,0,0,0,0,0,0,0,1,1,0,0,0,1,1,1,0,0,0,0,0,1,0,1,1,0,1,1,1,0,1,1,0,0,0,1,0,1,1,0,1,1,1,0,0,1,0,0,1,1,1,0,0,1,0,0,1,1,1,1,1,1,0,0,0,0,1,1,0,1,0,1,0,0,1,0,1,0,0,1,1,0,1,1,0,1,1,1,1,0,0,1,0,1,1,0,1,1,1,0,1,1,0,0,0,1,1,0,0,1,0,0,0,1,0,1,1,1,1,0,1,1,0,1,1,0,1,0,0,1,1,0,1,1,0,1,1,0,1,0,0,0,0,1,0,1,1,1,1,0,1,1,0,0,0,0,1,0,0,1,0,1,0,0,0,1,0,0,0,0,0,1,1,0,0,0,0,1,0,0,0,1,0,0,1,0,0,0,0,1,0
0,0,0,1,0,1,0,0,0,0,0,0,0,0,0,1,1,1,1,0,0,1,0,0,0,1,1,0,1,0,1,0,0,0,1,0,0,0,1,1,0,0,0,1,1,1,0,0,0,0,0,0,0,1,1,0,0,1,1,0,1,1,0,0,0,1,0,1,0,1,1,0,1,0,0,1,0,0,0,1,0,0,0,1,0,0,0,1,1,1,0,1,0,0,0,0,1,1,0,1,0,1,0,0,1,0,1,0,0,1,1,0,1,1,0,1,1,1,1,0,0,1,0,0,0,0,1,1,1,0,1,1,0,0,0,1,0,0,0,0,0,0,0,1,0,0,1,1,1,0,0,0,1,1,0,0,0,0,0,0,1,0,0,1,0,1,1,0,1,0,0,0,0,1,0,1,1,1,0,0,1,0,1,0,0,0,1,1,0,1,0,1,0,0,0,0,0,0,0,0,0,1,1,0,0,0,0,0,0,0,0,0,0,0,0,0,0,0,0,0,0
0,0,0,1,0,1,1,0,0,0,0,0,0,0,0,1,1,1,1,0,0,1,0,0,0,1,1,0,1,0,1,0,0,0,1,0,0,0,1,0,0,0,0,1,1,1,0,0,0,0,0,0,0,1,1,0,1,0,0,0,1,1,0,0,0,1,0,1,0,1,1,1,1,0,0,1,0,0,1,1,1,0,0,1,0,0,1,1,1,1,0,1,0,0,0,1,1,0,0,1,0,1,0,0,1,0,1,1,0,1,1,0,0,0,0,1,1,1,1,0,1,1,0,0,0,0,1,1,1,0,1,1,1,1,0,1,0,0,0,0,0,1,0,1,0,0,0,1,1,0,0,0,1,1,0,0,0,1,0,0,1,0,0,1,0,1,1,0,1,0,0,0,0,0,0,1,1,1,0,0,1,0,1,1,1,0,1,1,1,1,0,0,1,0,0,0,0,1,0,0,0,0,0,1,0,0,0,0,0,0,0,1,0,0,0,0,0,0,0,1,0
0,1,0,1,0,1,1,0,0,0,0,0,0,0,0,1,1,1,1,0,0,1,0,0,0,1,1,0,1,0,1,0,0,0,1,0,0,0,1,0,0,0,0,1,1,1,0,0,0,0,0,1,0,1,1,0,1,0,0,0,1,1,0,0,0,1,0,1,0,1,1,1,1,0,0,1,0,0,1,1,1,0,0,1,0,0,1,1,1,1,0,1,0,0,0,1,1,0,0,1,0,1,0,0,1,0,1,1,0,1,1,0,0,0,0,1,1,1,1,0,1,1,0,0,0,0,1,1,1,0,1,1,1,1,0,1,0,0,0,0,0,1,0,1,0,0,0,1,1,0,0,0,1,1,0,0,0,1,0,0,1,0,0,1,0,1,1,0,1,0,0,0,0,0,0,1,1,1,0,0,1,0,1,1,1,0,1,1,1,1,0,0,1,0,0,1,0,1,0,0,0,0,0,1,0,0,0,0,0,0,0,1,0,0,0,0,0,0,0,1,0
0,1,0,1,0,1,1,0,0,0,0,0,0,0,0,1,1,1,1,0,0,1,0,0,0,1,1,0,1,0,1,0,0,0,1,0,0,0,1,1,0,0,0,1,0,0,0,1,0,0,0,1,0,1,1,0,1,0,0,0,0,0,1,0,0,1,0,0,0,1,1,1,1,1,0,1,0,0,1,1,1,0,0,1,0,0,1,1,1,1,0,1,0,0,0,1,1,0,0,1,0,1,0,1,1,0,1,1,0,1,1,1,0,0,0,1,1,1,1,0,1,1,0,0,0,0,1,1,1,0,1,0,1,1,0,1,0,0,0,0,0,1,0,1,0,0,0,1,1,0,0,0,1,1,0,0,0,1,0,0,1,0,0,1,0,1,1,0,1,0,0,0,0,0,0,1,1,1,0,0,1,0,1,1,1,0,1,1,1,1,0,0,1,0,1,1,0,1,0,0,0,0,0,1,0,0,0,0,0,0,0,1,0,0,0,0,0,0,0,1,0
0,1,0,1,1,0,0,0,0,0,0,0,0,0,0,1,1,1,1,1,1,1,0,1,0,1,1,0,1,0,0,0,0,1,0,0,0,1,1,0,0,1,0,0,0,1,0,1,0,0,0,0,1,1,0,1,0,0,0,1,0,1,1,1,1,1,0,1,0,0,1,0,0,0,0,0,1,0,0,1,0,0,0,1,1,0,0,1,1,1,0,1,1,1,0,0,1,0,0,0,0,1,1,0,1,1,1,0,0,1,0,1,0,0,0,1,0,0,1,0,0,1,1,0,0,0,0,0,0,0,0,1,0,0,0,1,0,0,1,0,1,0,0,1,0,0,0,1,0,0,0,0,0,0,0,0,0,0,0,0,1,0,0,1,1,0,0,0,0,0,1,0,0,0,1,0,1,1,0,0,1,0,0,0,0,1,0,0,0,0,0,0,0,0,0,1,1,0,0,0,0,0,0,0,0,0,1,0,0,0,0,0,0,0,0,0,0,0,0,0,0
0,1,0,1,1,0,0,0,0,0,0,0,0,0,0,1,1,1,1,1,1,1,0,1,0,1,1,0,1,0,0,0,0,1,0,0,1,0,0,0,0,1,0,0,0,1,0,1,0,0,0,0,1,1,0,1,0,0,0,1,0,1,1,1,1,1,0,1,0,0,1,0,0,0,0,0,1,0,0,1,0,0,0,1,1,0,0,1,1,1,0,1,1,1,0,0,1,0,0,0,0,1,1,0,1,1,1,0,0,1,0,1,0,0,0,1,0,0,1,0,0,1,1,0,0,0,0,0,0,0,0,1,0,0,0,1,0,0,0,0,1,0,0,1,0,0,0,1,0,0,0,0,0,0,0,0,0,0,0,0,1,0,0,1,1,0,0,0,0,0,1,0,0,0,1,0,1,1,0,0,1,0,0,0,0,1,0,0,0,0,0,0,0,0,0,1,1,0,0,0,0,0,0,0,0,0,1,0,0,0,0,0,0,0,0,0,0,0,0,0,0
0,1,0,1,1,0,0,0,0,0,0,0,0,0,0,1,1,1,1,1,1,1,0,1,0,1,1,0,1,0,0,0,0,1,0,0,1,0,0,0,0,1,0,0,0,1,0,1,0,0,0,0,1,1,0,1,0,0,0,1,0,1,1,1,1,1,0,1,0,0,1,0,0,0,0,0,1,0,0,1,0,0,0,1,1,0,0,1,1,1,0,1,1,1,0,0,1,0,0,0,0,1,1,0,1,1,1,0,0,1,0,1,0,0,0,1,0,0,1,0,0,1,1,0,0,0,0,0,0,0,0,1,0,0,0,1,0,0,0,0,1,0,0,1,0,0,0,1,0,0,0,0,0,0,0,0,0,0,0,0,1,0,0,1,1,0,0,0,0,0,1,0,0,0,1,0,1,1,0,0,1,0,0,0,0,1,0,0,0,0,0,0,0,0,0,1,1,0,0,0,0,0,0,0,0,0,1,0,0,0,0,0,0,0,0,0,0,0,0,0,0
1,1,0,1,1,0,0,0,0,0,0,0,0,0,0,1,1,1,1,1,1,1,0,1,0,1,1,0,1,0,0,0,0,1,0,0,1,0,0,0,0,1,0,0,0,1,0,1,0,0,0,0,1,1,0,1,0,0,0,1,0,1,1,1,1,1,0,1,0,0,1,0,0,0,0,0,1,0,0,1,0,0,0,1,1,0,0,1,1,1,0,1,1,1,0,0,1,0,0,0,0,1,1,0,1,1,1,0,0,1,0,1,0,0,0,1,0,0,1,0,0,1,1,0,0,0,0,0,0,0,0,1,0,0,0,1,0,0,0,0,1,0,0,1,0,0,0,1,0,0,0,0,0,0,0,0,0,0,0,0,1,0,0,1,1,0,0,0,0,0,1,0,0,0,1,0,1,1,0,0,1,0,0,0,0,1,0,0,0,0,0,0,0,0,0,1,1,0,0,0,0,0,0,0,0,0,1,0,0,0,0,0,0,0,0,0,0,0,0,0,0
0,1,0,1,1,0,0,0,0,0,0,0,0,0,0,1,1,1,0,1,1,1,0,0,0,1,1,0,0,0,0,0,0,1,0,0,0,1,1,0,0,1,0,0,0,1,0,1,0,0,0,0,1,1,0,1,0,0,0,0,0,1,1,1,1,1,0,1,0,0,1,0,0,0,0,0,1,0,0,1,0,0,0,1,1,0,0,1,1,1,0,1,1,1,0,0,1,0,0,0,0,1,1,0,1,1,1,0,0,1,0,1,0,0,0,1,0,0,1,0,0,1,1,0,0,0,0,0,0,0,1,1,0,0,0,1,0,0,1,0,1,0,0,1,0,0,0,1,0,0,0,0,0,0,0,0,0,0,0,0,1,0,0,1,1,0,0,0,0,0,1,0,0,0,1,0,1,1,0,0,1,0,0,0,0,1,0,0,0,0,0,0,0,0,0,0,0,0,0,0,0,0,0,0,0,0,0,0,0,0,0,0,0,0,0,0,0,0,0,0,0
0,1,0,1,1,0,0,0,0,0,0,0,0,0,0,1,1,1,0,1,1,1,0,0,0,1,1,0,0,0,0,0,0,1,0,0,1,0,0,0,0,1,0,0,0,1,0,1,0,0,0,0,1,1,0,1,0,0,0,0,0,1,1,1,1,1,0,1,0,0,1,0,0,0,0,0,1,0,0,1,0,0,0,1,1,0,0,1,1,1,0,1,1,1,0,0,1,0,0,0,0,1,1,0,1,1,1,0,0,1,0,1,0,0,0,1,0,0,1,0,0,1,1,0,0,0,0,0,0,0,1,1,0,0,0,1,0,0,0,0,1,0,0,1,0,0,0,1,0,0,0,0,0,0,0,0,0,0,0,0,1,0,0,1,1,0,0,0,0,0,1,0,0,0,1,0,1,1,0,0,1,0,0,0,0,1,0,0,0,0,0,0,0,0,0,0,0,0,0,0,0,0,0,0,0,0,0,0,0,0,0,0,0,0,0,0,0,0,0,0,0
0,1,0,1,1,0,0,0,0,0,0,0,0,0,0,1,1,1,0,1,1,1,0,0,0,1,1,0,0,0,0,0,0,1,0,0,1,0,0,0,0,1,0,0,0,1,0,1,0,0,0,0,1,1,0,1,0,0,0,0,0,1,1,1,1,1,0,1,0,0,1,0,0,0,0,0,1,0,0,1,0,0,0,1,1,0,0,1,1,1,0,1,1,1,0,0,1,0,0,0,0,1,1,0,1,1,1,0,0,1,0,1,0,0,0,1,0,0,1,0,0,1,1,0,0,0,0,0,0,0,1,1,0,0,0,1,0,0,0,0,1,0,0,1,0,0,0,1,0,0,0,0,0,0,0,0,0,0,0,0,1,0,0,1,1,0,0,0,0,0,1,0,0,0,1,0,1,1,0,0,1,0,0,0,0,1,0,0,0,0,0,0,0,0,0,0,0,0,0,0,0,0,0,0,0,0,0,0,0,0,0,0,0,0,0,0,0,0,0,0,0
0,1,0,1,1,0,0,0,0,0,0,0,0,0,0,1,1,1,0,1,1,1,0,0,0,1,1,0,0,0,0,0,0,1,0,0,1,0,0,0,0,1,0,0,0,1,0,1,0,0,0,0,1,1,0,1,0,0,0,0,0,1,1,1,1,1,0,1,0,0,1,0,0,0,0,0,1,0,0,1,0,0,0,1,1,0,0,1,1,1,0,1,1,1,0,0,1,0,0,0,0,1,1,0,1,1,1,0,0,1,0,1,0,0,0,1,0,0,1,0,0,1,1,0,0,0,0,0,0,0,1,1,0,0,0,1,0,0,0,0,1,0,0,1,0,0,0,1,0,0,0,0,0,0,0,0,0,0,0,0,1,0,0,1,1,0,0,0,0,0,1,0,0,0,1,0,1,1,0,0,1,0,0,0,0,1,0,0,0,0,0,0,0,0,0,0,0,0,0,0,0,0,0,0,0,0,0,0,0,0,0,0,0,0,0,0,0,0,0,0,0
1,1,0,1,1,0,0,0,0,0,0,0,0,0,0,1,1,1,1,0,0,1,1,1,0,1,1,0,1,0,0,0,0,1,0,0,0,0,1,0,0,1,0,0,1,1,0,1,0,0,0,1,0,1,1,0,0,0,0,1,1,1,1,1,1,1,0,1,0,0,1,0,1,0,0,1,0,0,0,1,0,0,0,1,0,0,0,1,1,1,0,1,0,0,0,0,1,0,0,1,0,1,0,0,1,1,1,0,0,1,1,1,0,0,0,1,1,0,1,0,0,1,0,0,0,0,0,0,0,0,1,1,0,0,0,1,0,0,1,0,0,0,0,1,1,0,0,1,0,0,0,0,0,0,0,1,0,0,0,0,1,0,0,1,0,0,0,0,0,0,1,0,0,0,0,0,1,1,0,0,1,0,0,0,0,0,0,0,0,0,0,0,0,0,0,1,1,0,0,0,0,0,0,0,0,0,0,0,0,0,0,1,0,0,0,0,0,0,0,1,0
1,1,0,1,1,0,0,0,0,0,0,0,0,0,0,1,1,1,1,0,0,1,1,1,0,1,1,0,1,0,0,0,0,1,0,0,0,0,1,0,0,1,0,0,1,1,0,1,0,0,0,1,0,1,1,0,0,0,0,1,1,1,1,1,1,1,0,1,0,0,1,0,1,0,0,1,0,0,0,1,0,0,0,1,0,0,0,1,1,1,0,1,0,0,0,0,1,0,0,1,0,1,0,0,1,1,1,0,0,1,1,1,0,0,0,1,1,0,1,0,0,1,0,0,0,0,0,0,0,0,1,1,0,0,0,1,0,0,1,0,0,0,0,1,1,0,0,1,0,0,0,0,0,0,0,1,0,0,0,0,1,0,0,1,0,0,0,0,0,0,1,0,0,0,0,0,1,1,0,0,1,0,0,0,0,0,0,0,0,0,0,0,0,0,0,1,1,0,0,0,0,0,0,0,0,0,0,0,0,0,0,1,0,0,0,0,0,0,0,1,0
1,1,0,1,1,0,0,0,0,0,0,0,0,0,0,1,1,1,1,0,0,1,1,1,0,1,1,0,1,0,0,0,0,1,0,0,0,0,1,0,0,1,0,0,1,1,0,1,0,0,0,1,0,1,1,0,0,0,0,1,1,1,1,1,1,1,0,1,0,0,1,0,1,0,0,1,0,0,0,1,0,0,0,1,0,0,0,1,1,1,0,1,0,0,0,0,1,0,0,1,0,1,0,0,1,1,1,0,0,1,1,1,0,0,0,1,1,0,1,0,0,1,0,0,0,0,0,0,0,0,1,1,0,0,0,1,0,0,1,0,0,0,0,1,1,0,0,1,0,0,0,0,0,0,0,1,0,0,0,0,1,0,0,1,0,0,0,0,0,0,1,0,0,0,0,0,1,1,0,0,1,0,0,0,0,0,0,0,0,0,0,0,0,0,0,1,1,0,0,0,0,0,0,0,0,0,0,0,0,0,0,1,0,0,0,0,0,0,0,1,0
1,1,1,0,0,1,1,0,0,0,1,0,0,1,0,0,0,1,1,0,0,1,1,1,0,1,1,0,1,1,1,0,0,0,0,0,0,0,0,1,0,1,1,1,0,0,0,1,1,0,0,1,0,0,0,0,0,1,1,1,0,0,1,0,0,0,0,0,1,0,0,1,0,1,0,0,0,0,0,0,1,0,0,0,0,0,0,0,1,0,1,0,0,0,0,1,0,1,0,0,0,0,0,0,0,0,0,1,0,0,0,1,1,1,0,0,0,1,1,0,1,0,0,1,0,0,0,1,1,0,0,0,1,0,1,0,1,0,0,1,0,1,0,0,0,1,1,1,0,0,1,0,0,1,1,0,0,1,1,1,1,0,1,1,0,1,0,0,1,1,0,0,0,1,0,1,1,0,0,0,0,1,0,1,1,0,1,0,1,1,0,0,1,0,0,1,1,1,1,0,0,0,0,1,0,0,1,0,1,0,1,0,0,0,0,0,1,0,1,0,0
1,1,1,1,0,1,1,1,0,0,1,0,0,1,0,0,0,1,1,0,0,1,1,1,0,1,1,0,1,1,1,0,0,1,0,0,0,0,0,1,0,1,1,1,0,0,0,1,1,0,0,1,0,0,0,0,1,1,1,1,0,0,1,1,1,0,0,0,1,0,0,1,0,1,0,0,0,0,0,0,1,0,0,0,0,1,1,0,1,0,1,0,0,0,0,1,0,1,0,0,0,0,0,0,0,1,0,1,0,0,0,1,1,1,0,0,0,1,1,0,1,0,0,1,0,0,0,1,1,0,0,0,1,0,1,0,1,0,0,1,0,1,0,0,0,1,1,1,0,1,1,0,0,1,1,0,1,1,1,1,1,0,1,1,0,1,0,0,1,1,0,0,1,1,0,1,1,0,0,0,0,1,0,1,1,0,1,1,1,1,1,0,1,1,0,1,1,1,1,1,1,0,0,1,1,0,1,1,1,0,1,0,0,1,1,0,1,0,1,0,0
1,1,1,1,0,1,1,1,0,0,1,0,0,1,0,0,0,1,1,0,0,1,1,1,0,1,1,0,1,1,1,0,0,0,0,0,0,0,0,1,0,1,1,1,0,0,0,1,1,0,0,1,0,0,0,0,0,1,1,1,0,0,1,0,0,0,0,0,1,0,0,1,0,1,0,0,0,0,0,0,1,0,0,0,0,0,0,0,1,0,1,0,0,0,0,1,0,1,0,0,0,0,0,0,0,0,0,1,0,0,0,1,1,1,0,0,0,1,1,0,1,0,0,1,1,0,0,1,1,0,0,0,1,0,1,0,1,0,0,1,0,1,0,0,0,1,1,1,0,0,1,1,0,1,1,0,0,1,1,1,1,0,1,1,0,1,0,0,1,1,0,0,0,1,0,1,1,0,1,0,0,1,0,1,1,0,1,0,1,1,1,0,1,1,0,1,1,1,1,1,1,0,0,1,1,0,1,1,1,0,1,0,0,0,1,0,1,0,1,0,0
1,1,1,1,0,1,1,1,0,0,1,0,0,1,0,1,1,1,1,0,0,1,1,1,1,1,1,0,1,1,1,0,0,0,0,0,0,0,0,1,0,1,1,1,0,0,0,1,1,0,0,1,0,0,0,0,0,1,1,1,0,0,1,0,0,0,0,0,1,0,0,1,0,1,0,0,0,0,0,0,1,0,0,0,0,0,0,0,1,0,1,0,0,0,0,1,0,1,0,0,0,0,0,0,0,0,0,1,0,0,0,1,1,1,0,0,0,1,1,0,1,0,0,1,1,0,0,1,1,0,0,0,1,0,1,0,1,0,0,1,0,1,0,0,0,1,1,1,0,0,1,1,0,1,1,0,0,1,1,1,1,0,1,1,0,1,0,0,1,1,0,0,0,1,0,1,1,0,1,0,0,1,0,1,1,0,1,0,1,1,1,0,1,1,0,1,1,1,1,1,1,0,0,1,1,0,1,1,0,0,1,0,0,0,1,0,0,0,1,0,0
1,1,1,1,0,1,1,0,0,0,1,0,0,1,0,0,0,1,1,0,0,1,1,1,0,1,1,0,1,1,1,0,0,0,0,0,0,0,0,1,0,1,1,1,0,0,0,1,1,0,0,1,0,0,0,0,0,1,1,1,0,0,1,0,0,0,0,0,1,0,0,1,0,1,0,0,0,0,0,0,1,0,0,0,0,0,0,0,1,0,1,0,0,0,0,1,0,1,0,0,0,0,0,0,0,0,0,1,0,0,0,1,1,1,0,0,0,1,1,0,1,0,0,1,0,0,0,1,1,0,0,0,1,0,1,0,1,0,0,1,0,1,0,0,0,1,1,1,0,0,1,0,0,1,1,0,0,1,1,1,1,0,1,1,0,1,0,0,1,1,0,0,0,1,0,1,1,0,0,0,0,1,0,1,1,0,1,0,1,1,1,0,1,1,1,1,1,1,1,1,1,0,0,1,1,0,1,1,0,0,1,0,0,0,1,1,0,0,1,0,0
1,1,1,0,0,1,1,0,0,0,1,0,0,1,0,0,0,1,1,0,0,1,1,1,1,1,1,0,1,1,1,0,0,0,0,0,0,0,0,1,0,1,1,1,0,0,0,1,1,0,0,1,0,0,0,0,0,1,1,1,0,0,1,0,0,0,0,0,1,0,0,1,0,1,0,0,0,0,0,0,1,0,0,0,0,0,0,0,1,0,1,0,0,0,0,1,0,1,0,0,0,0,0,0,0,0,0,1,0,0,0,1,1,1,0,0,0,1,1,0,1,0,0,1,0,0,0,1,1,0,0,0,1,0,1,0,1,0,0,1,0,1,0,0,0,1,1,1,0,0,1,0,0,1,1,0,0,1,1,1,1,0,1,1,0,1,0,0,1,1,0,0,0,1,0,1,1,0,0,0,0,1,0,1,1,0,1,0,1,1,1,0,1,1,0,1,1,1,1,1,1,0,0,1,1,0,1,1,0,1,1,0,0,1,1,1,0,1,1,0,0
1,1,1,1,0,1,1,1,0,0,1,0,0,1,0,0,0,1,1,0,0,1,1,1,0,1,1,0,1,1,1,0,0,0,0,0,0,0,0,1,0,1,1,1,0,0,0,1,1,0,0,1,0,0,0,0,0,1,1,1,0,0,1,0,0,0,0,0,1,0,0,1,0,1,0,0,0,0,0,0,1,0,0,0,0,0,0,0,1,0,1,0,0,0,0,1,0,1,0,0,0,0,0,0,0,0,0,1,0,0,0,1,1,1,0,0,0,1,1,0,1,0,0,1,1,0,0,1,1,0,0,0,1,0,1,0,1,0,0,1,0,1,0,0,0,1,1,1,0,0,1,1,0,1,1,0,0,1,1,1,1,0,1,1,0,1,0,0,1,1,0,0,0,1,0,1,1,0,1,0,0,1,0,1,1,0,1,0,1,1,1,0,1,1,0,1,1,1,1,1,1,0,0,1,1,0,1,1,0,0,1,0,0,0,1,0,0,0,1,0,0
1,1,1,1,0,1,1,0,0,0,1,0,0,1,0,0,0,1,1,0,0,1,1,1,0,1,1,0,1,1,1,0,0,0,0,0,0,0,0,1,0,1,1,1,0,0,0,1,1,0,0,1,0,0,0,0,0,1,1,1,0,0,1,0,0,0,0,0,1,0,0,1,0,1,0,0,0,0,0,0,1,0,0,0,0,0,0,0,1,0,1,0,0,0,0,1,0,1,0,0,0,0,0,0,0,0,0,1,0,0,0,1,1,1,0,0,0,1,1,0,1,0,0,1,0,0,0,1,1,0,0,0,1,0,1,0,1,0,0,1,0,1,0,0,0,1,1,1,0,0,1,0,0,1,1,0,0,1,1,1,1,0,1,1,0,1,0,0,1,1,0,0,0,1,0,1,1,0,0,0,0,1,0,1,1,0,1,0,1,1,1,0,1,1,0,1,1,1,1,1,1,0,0,1,1,0,1,1,0,0,1,0,0,1,1,0,0,0,1,0,0
1,1,1,0,0,1,1,0,0,0,1,0,0,1,0,0,0,1,1,0,0,1,1,1,1,1,1,0,1,1,1,0,0,0,0,0,0,0,0,1,0,1,1,1,0,0,0,1,1,0,0,1,0,0,0,0,0,1,1,1,0,0,1,0,0,0,0,0,1,0,0,1,0,1,0,0,0,0,0,0,1,0,0,0,0,0,0,0,1,0,1,0,0,0,0,1,0,1,0,0,0,0,0,0,0,0,0,1,0,0,0,1,1,1,0,0,0,1,1,0,1,0,0,1,0,0,0,1,1,0,0,0,1,0,1,0,1,0,0,1,0,1,0,0,0,1,1,1,0,0,1,0,0,1,1,0,0,1,1,1,1,0,1,1,0,1,0,0,1,1,0,0,0,1,0,1,1,0,0,0,0,1,0,1,1,0,1,0,1,1,1,0,1,1,0,1,1,1,1,1,1,0,0,1,1,0,1,1,0,1,1,0,0,0,1,1,0,1,1,0,0
0,1,0,0,0,1,1,0,0,0,1,0,0,1,0,0,0,1,1,0,0,1,1,0,0,1,1,0,1,1,1,0,0,0,0,0,0,0,0,1,0,1,1,1,0,0,0,1,1,0,0,1,0,0,0,0,0,1,1,1,0,0,1,0,0,0,0,0,1,0,0,1,0,1,0,0,0,0,0,0,1,0,0,0,0,0,0,0,1,0,1,0,0,0,0,1,0,1,0,0,0,0,0,0,0,0,0,1,0,0,0,1,1,1,0,0,0,1,1,0,1,0,0,1,0,0,0,1,1,0,0,0,1,0,0,0,1,0,0,1,0,1,0,0,0,1,1,1,0,0,1,0,0,1,1,0,0,1,0,1,1,0,1,1,0,1,0,0,1,0,0,0,0,1,0,1,1,0,0,0,0,1,0,1,1,0,1,0,1,1,1,1,1,1,0,1,1,1,1,1,1,1,0,1,1,0,0,1,0,0,1,0,0,0,1,0,0,0,1,0,0
1,1,1,0,0,1,1,0,0,0,1,0,0,1,0,0,0,1,1,0,0,1,1,1,0,1,1,0,1,1,1,0,0,0,0,0,0,0,0,1,0,1,1,1,0,0,0,1,1,0,0,1,0,0,0,0,0,1,1,1,0,0,1,0,0,0,0,0,1,0,0,1,0,1,0,0,0,0,0,0,1,0,0,0,0,0,0,0,1,0,1,0,0,0,0,1,0,1,0,0,0,0,0,0,0,0,0,1,0,0,0,1,1,1,0,0,0,1,1,0,1,0,0,1,0,0,0,1,1,0,0,0,1,0,1,0,1,0,0,1,0,1,0,0,0,1,1,1,0,0,1,0,0,1,1,0,0,1,1,1,1,0,1,1,0,1,0,0,1,1,0,0,0,1,0,1,1,0,0,0,0,1,0,1,1,0,1,0,1,1,0,0,1,0,0,1,1,1,1,0,0,0,0,1,0,0,1,0,1,0,1,0,0,0,0,1,1,0,1,0,0
0,1,0,0,0,1,1,1,0,0,1,0,0,1,0,1,1,1,1,0,0,1,1,1,0,1,1,0,1,1,1,0,0,0,0,0,0,0,1,1,0,1,0,1,1,1,0,1,1,1,1,1,0,1,1,0,1,1,1,1,1,1,1,0,0,1,1,1,1,0,1,0,1,0,1,1,0,0,0,1,0,1,1,1,0,0,0,1,1,1,1,1,0,0,1,0,1,1,0,0,0,1,0,1,1,0,1,0,0,1,0,1,1,1,1,1,0,1,1,0,0,1,0,1,0,1,0,1,1,0,1,1,0,0,0,1,1,0,0,1,0,0,0,1,0,1,1,1,0,0,0,0,0,1,0,0,0,0,0,1,1,1,0,1,0,1,1,0,1,0,0,0,0,1,0,1,1,1,0,1,1,1,0,0,0,0,1,1,0,1,0,1,0,0,0,1,1,1,1,0,0,1,1,0,0,0,1,1,1,1,1,1,1,1,1,1,1,1,1,1,1
0,1,0,0,0,1,1,1,0,0,0,0,0,0,0,1,1,1,1,1,1,1,0,1,0,1,1,0,1,0,1,0,0,0,0,0,0,0,1,1,0,1,0,1,1,1,0,1,1,1,1,1,0,1,1,0,0,1,1,1,1,1,1,0,0,1,1,1,1,0,1,0,1,0,1,1,0,0,0,1,0,1,1,1,0,0,0,1,1,1,1,1,0,0,1,0,1,1,0,1,0,1,0,1,1,0,1,0,0,1,1,1,1,1,1,1,1,1,1,0,0,1,0,1,0,1,0,1,1,0,1,1,0,0,0,1,1,0,0,1,0,0,0,1,0,1,1,1,0,0,0,0,0,1,0,0,0,0,0,1,1,1,0,1,0,1,1,0,1,0,0,0,0,1,0,1,1,1,0,1,1,1,0,0,0,0,1,1,0,1,0,1,0,0,0,1,1,1,1,0,0,1,1,0,0,0,1,1,1,1,1,0,1,0,1,0,1,1,1,0,1
1,1,0,1,0,1,1,1,0,0,0,0,0,0,0,1,1,1,1,1,1,1,0,1,0,1,1,0,1,0,1,0,0,0,1,0,0,1,1,1,0,1,0,1,1,1,0,1,1,1,1,1,0,1,0,0,0,1,1,0,0,1,1,0,0,1,0,1,1,1,1,0,1,0,1,1,0,0,0,1,0,1,1,1,0,0,0,1,1,1,1,1,0,0,1,0,1,1,0,0,0,1,0,1,1,0,1,0,0,1,1,1,1,1,1,1,0,1,1,0,0,1,0,1,1,1,0,1,1,0,1,1,0,0,0,1,1,0,0,1,0,0,0,1,0,1,1,1,0,0,0,0,1,1,0,0,0,0,0,1,1,1,0,1,0,1,0,0,1,0,0,0,0,1,0,1,1,1,1,1,1,1,1,0,0,0,1,1,0,1,0,1,0,0,0,1,1,1,1,0,0,1,1,0,0,0,1,1,1,1,0,0,1,0,1,0,1,1,0,0,1
1,1,0,1,0,1,1,1,0,0,0,0,0,0,0,1,1,1,1,1,1,1,0,1,0,1,1,0,1,0,1,0,0,0,1,0,0,1,1,1,0,1,0,1,1,1,0,1,1,0,0,1,0,1,0,0,0,1,1,0,0,1,1,0,0,1,0,1,1,1,1,0,1,0,1,1,0,0,0,1,0,0,1,1,0,0,0,1,1,1,1,1,0,0,0,0,1,1,0,1,0,1,0,0,1,0,1,0,0,1,1,1,1,1,1,1,1,1,1,0,0,1,0,1,1,1,0,1,1,0,0,1,0,0,0,1,1,0,0,1,0,0,0,1,0,1,1,1,0,0,0,0,1,1,0,0,0,0,0,1,1,1,0,1,0,1,0,0,1,0,0,0,0,1,0,1,1,1,1,1,1,1,1,0,0,0,1,1,0,1,0,1,0,0,0,1,1,1,1,0,0,1,1,0,0,0,1,1,1,1,0,0,1,0,1,0,1,1,0,0,1
1,1,0,1,0,1,1,1,0,0,0,0,0,0,0,1,1,1,1,1,1,1,0,1,0,1,1,0,1,0,1,0,0,0,1,0,0,1,1,1,0,1,0,1,1,1,0,1,1,1,1,1,0,1,0,0,0,1,1,0,0,1,1,0,0,1,0,1,1,1,1,0,1,0,1,1,0,0,0,1,0,1,1,1,0,0,0,1,1,1,1,1,0,0,1,0,1,1,0,1,0,1,0,1,1,0,1,0,0,1,1,1,1,1,1,1,1,1,1,0,0,1,0,1,1,1,0,1,1,0,1,1,0,0,0,1,1,0,0,1,0,0,0,1,0,1,1,1,0,0,0,0,1,1,0,0,0,0,0,1,1,1,0,1,0,1,0,0,1,0,0,0,0,1,0,1,1,1,1,1,1,1,1,0,0,0,1,1,0,1,0,1,0,0,0,1,1,1,1,0,0,1,1,0,0,0,1,1,1,1,0,0,1,0,1,0,1,1,0,0,1
0,1,0,1,0,1,1,1,0,0,0,0,0,0,0,1,1,1,1,1,1,1,0,1,0,1,1,0,1,0,1,0,0,0,1,0,0,1,1,1,0,1,0,1,1,1,0,1,1,1,1,1,0,1,0,0,0,1,1,0,0,1,1,0,0,1,0,1,1,1,1,0,1,0,1,1,0,0,0,1,0,1,1,1,0,0,0,1,1,1,1,1,0,0,1,0,1,1,0,1,0,1,0,1,1,0,1,0,0,1,1,1,1,1,1,1,1,1,1,0,0,1,0,1,1,1,0,1,1,0,1,1,0,0,0,1,1,0,0,1,0,0,0,1,0,1,1,1,0,0,0,0,1,1,0,0,0,0,0,1,1,1,0,1,0,1,0,0,1,0,0,0,0,1,0,1,1,1,1,1,1,1,1,0,0,0,1,1,0,1,0,1,0,0,0,1,1,1,1,0,0,1,1,0,0,0,1,1,1,1,0,0,1,0,1,0,1,1,0,0,1
1,1,0,1,0,1,1,1,0,0,0,0,0,0,0,1,1,1,1,1,1,1,0,1,0,1,1,0,1,0,1,0,0,0,1,0,0,1,1,1,0,1,0,1,1,1,0,1,1,0,0,1,0,1,0,0,0,1,1,0,0,1,1,0,0,1,0,1,1,1,1,0,1,0,1,1,0,0,0,1,0,0,1,1,0,0,0,1,1,1,1,1,0,0,0,0,1,1,0,1,0,1,0,0,1,0,1,0,0,1,1,1,1,1,1,1,1,1,1,0,0,1,0,1,1,1,0,1,1,0,1,1,0,0,0,1,1,0,0,1,0,0,0,1,0,1,1,1,0,0,0,0,1,1,0,0,0,0,0,1,1,1,0,1,0,1,0,0,1,0,0,0,0,1,0,1,1,1,1,1,1,1,1,0,0,0,1,1,0,1,0,1,0,0,0,1,1,1,1,0,0,1,1,0,0,0,1,1,1,1,0,0,1,0,1,0,1,1,0,0,1
1,1,0,1,0,1,1,1,0,0,0,0,0,0,0,1,1,1,1,1,1,1,0,1,0,1,1,0,1,0,1,0,0,0,1,0,0,1,1,1,0,1,0,1,1,1,0,1,1,0,0,1,0,1,0,0,0,1,1,0,0,1,1,0,0,1,0,1,1,1,1,0,1,0,1,1,0,0,0,1,0,0,1,1,0,0,0,1,1,1,1,1,0,0,0,0,1,1,0,1,0,1,0,0,1,0,1,0,0,1,1,1,1,1,1,1,1,1,1,0,0,1,0,1,1,1,0,1,1,0,1,1,0,0,0,1,1,0,0,1,0,0,0,1,0,1,1,1,0,0,0,0,1,1,0,0,0,0,0,1,1,1,0,1,0,1,0,0,1,0,0,0,0,1,0,1,1,1,1,1,1,1,1,0,0,0,1,1,0,1,0,1,0,0,0,1,1,1,1,0,0,1,1,0,0,0,1,1,1,1,0,0,1,0,1,0,1,1,0,0,1
0,1,0,1,0,1,1,1,0,0,0,0,0,0,0,1,1,1,1,1,1,1,0,1,0,1,1,0,1,0,1,0,0,0,1,0,0,1,1,1,0,1,0,1,1,1,0,1,1,0,0,1,0,1,0,0,0,1,1,0,0,1,1,0,0,1,0,1,1,1,1,0,1,0,1,1,0,0,0,1,0,0,1,1,0,0,0,1,1,1,1,1,0,0,0,0,1,1,0,1,0,1,0,0,1,0,1,0,0,1,1,1,1,1,1,1,1,1,1,0,0,1,0,1,1,1,0,1,1,0,1,1,0,0,0,1,1,0,0,1,0,0,0,1,0,1,1,1,0,0,0,0,1,1,0,0,0,0,0,1,1,1,0,1,0,1,0,0,1,0,0,0,0,1,0,1,1,1,1,1,1,1,1,0,0,0,1,1,0,1,0,1,0,0,0,1,1,1,1,0,0,1,1,0,0,0,1,1,1,1,0,0,1,0,1,0,1,1,0,0,1
0,1,0,1,0,1,1,1,0,0,0,0,0,0,0,1,1,1,1,1,1,1,0,1,0,1,1,0,1,0,1,0,0,0,1,0,0,1,1,1,0,1,0,1,1,1,0,1,1,0,0,1,0,1,0,0,0,1,1,0,0,1,1,0,0,1,0,1,1,1,1,0,1,0,1,1,0,0,0,1,0,0,1,1,0,0,0,1,1,1,1,1,0,0,0,0,1,1,0,1,0,1,0,0,1,0,1,0,0,1,1,1,1,1,1,1,1,1,1,0,0,1,0,1,1,1,0,1,1,0,1,1,0,0,0,1,1,0,0,1,0,0,0,1,0,1,1,1,0,0,0,0,1,1,0,0,0,0,0,1,1,1,0,1,0,1,0,0,1,0,0,0,0,1,0,1,1,1,1,1,1,1,1,0,0,0,1,1,0,1,0,1,0,0,0,1,1,1,1,0,0,1,1,0,0,0,1,1,1,1,0,0,1,0,1,0,1,1,0,0,1
0,1,0,1,0,1,0,0,0,1,0,0,0,0,0,1,1,1,1,0,1,1,1,1,1,1,1,0,1,1,1,0,1,1,0,0,1,0,1,1,1,0,0,1,1,1,1,0,0,0,0,0,0,1,1,0,0,1,1,1,0,1,0,0,1,1,0,1,1,0,1,0,1,0,0,1,0,0,0,1,0,0,0,1,0,0,0,1,1,1,1,1,0,0,0,0,1,1,1,0,1,1,0,0,1,0,1,0,0,1,1,0,1,0,0,1,0,1,1,1,0,1,0,1,0,0,0,1,1,0,0,1,0,0,0,1,1,1,1,1,0,0,1,1,1,1,1,1,0,1,1,0,0,1,1,1,0,0,0,1,1,0,1,1,0,1,1,0,1,0,0,0,0,1,0,1,1,1,0,0,1,1,0,0,0,0,1,0,0,1,0,1,0,0,0,1,1,1,1,0,0,1,1,0,0,0,1,0,1,1,1,0,0,1,0,1,1,1,1,1,0
0,1,0,1,0,1,0,0,0,1,0,0,0,0,0,1,1,1,1,0,1,1,1,1,1,1,1,0,1,1,1,0,1,1,0,0,1,0,1,1,1,0,0,1,1,1,1,0,0,0,0,0,0,1,1,0,0,1,1,1,0,1,0,0,1,1,0,1,1,0,1,0,1,0,0,1,0,0,0,1,0,0,0,1,0,0,0,1,1,1,1,1,0,0,0,0,1,1,1,0,1,1,0,0,1,0,1,0,0,1,1,0,1,0,0,1,0,1,1,1,0,1,0,1,0,0,0,1,1,0,0,1,0,0,0,1,1,1,1,1,0,0,1,1,1,1,1,1,0,1,1,0,0,1,1,1,0,0,0,1,1,0,1,1,0,1,1,0,1,0,0,0,0,1,0,1,1,1,0,0,1,1,0,0,0,0,1,0,0,1,0,1,0,0,0,1,1,1,1,0,0,1,1,0,0,0,1,0,1,1,1,0,0,1,0,1,1,1,1,1,0
0,1,0,1,0,1,1,0,0,0,0,0,0,0,0,1,1,1,1,0,1,1,1,1,1,1,1,0,1,1,1,0,0,1,0,0,1,0,1,1,0,0,0,1,1,1,0,0,0,0,0,0,0,1,1,0,0,1,1,1,0,1,0,0,1,1,0,1,1,0,1,0,1,0,0,1,0,0,0,1,0,0,0,1,0,0,0,1,1,1,1,1,0,0,0,0,1,1,0,1,0,1,0,0,1,0,1,0,0,1,1,0,1,0,0,1,1,1,1,0,0,1,0,1,0,0,0,1,1,0,0,1,0,0,0,1,1,0,1,1,0,0,0,1,1,1,1,1,0,1,1,0,0,1,1,1,0,0,0,1,1,0,1,1,0,1,1,0,1,0,0,0,0,1,0,1,1,1,0,0,1,1,0,0,0,0,1,0,0,1,0,1,0,0,0,1,1,1,1,0,0,1,1,0,0,0,1,0,1,1,1,0,0,1,0,1,1,1,1,1,0
0,1,0,1,0,1,1,1,0,0,0,0,0,0,0,1,1,1,1,0,1,1,1,1,1,1,1,0,1,1,1,0,0,1,0,0,1,0,1,1,0,0,0,1,1,1,0,0,1,0,0,1,0,1,1,0,0,1,1,1,0,1,0,0,1,1,0,1,1,0,1,0,1,0,0,1,0,0,0,1,0,0,0,1,0,0,0,1,1,1,1,1,0,0,0,0,1,1,0,0,0,1,0,0,1,0,1,0,0,1,1,0,1,1,1,1,0,1,1,0,0,1,0,1,0,1,0,1,1,1,0,1,0,0,0,1,1,0,1,1,0,0,0,1,1,1,1,1,0,1,1,0,0,1,1,1,0,0,0,1,1,1,1,1,0,1,1,1,1,0,0,0,0,1,0,1,1,1,0,1,1,1,0,0,0,0,1,0,0,1,1,1,0,0,0,1,1,1,1,1,1,1,1,0,0,0,1,1,1,1,1,0,1,1,1,1,1,1,1,1,1
0,1,0,1,0,1,1,0,0,0,0,0,0,0,0,1,1,1,1,0,1,1,1,1,1,1,1,0,1,1,1,0,0,1,0,0,1,0,1,1,0,0,0,1,1,1,0,0,1,0,0,1,0,1,1,0,0,1,1,1,0,1,0,0,1,1,0,1,1,0,1,0,1,0,0,1,0,0,0,1,0,0,0,1,0,0,0,1,1,1,1,1,0,0,0,0,1,1,0,0,0,1,0,0,1,0,1,0,0,1,1,0,1,1,0,1,0,1,1,0,0,1,0,1,0,0,0,1,1,1,0,1,0,0,0,1,1,0,1,1,0,0,0,1,1,1,1,1,0,1,1,0,0,1,1,1,0,0,0,1,1,0,1,1,0,1,1,1,1,0,0,0,0,1,0,1,1,1,0,0,1,1,0,0,0,0,1,0,0,1,1,1,0,0,0,1,1,1,1,1,1,1,1,0,0,0,1,1,1,1,1,0,0,1,1,1,1,1,1,1,0
0,1,0,1,0,1,1,0,0,0,0,0,0,0,0,1,1,1,1,0,1,1,1,1,1,1,1,0,1,1,1,0,0,1,1,0,1,0,1,1,0,0,0,1,1,1,0,0,1,0,0,1,0,1,1,0,0,1,1,1,0,1,0,0,1,1,0,1,1,1,1,0,1,0,0,1,0,0,0,1,0,0,0,1,0,0,0,1,1,1,1,1,0,0,0,0,1,1,0,0,0,1,0,0,1,0,1,0,0,1,1,0,1,1,1,1,0,1,1,0,0,1,0,1,0,1,0,1,1,0,0,1,0,0,0,1,1,0,1,1,0,0,0,1,1,1,1,1,0,1,1,0,1,1,1,1,0,0,0,1,1,1,1,1,0,1,1,0,1,0,0,0,0,1,0,1,1,1,0,1,1,1,1,0,0,0,1,0,0,1,0,1,0,0,0,1,1,1,1,0,0,1,1,0,0,0,1,1,1,1,1,0,1,1,1,1,1,1,1,1,1
0,1,0,1,0,1,1,0,0,0,0,0,0,0,0,1,1,1,1,0,1,1,1,1,1,1,1,0,1,1,1,0,0,1,0,0,1,0,1,1,0,0,0,1,1,1,0,0,1,0,0,1,0,1,1,0,0,1,1,1,0,1,0,0,1,1,0,1,1,0,1,0,1,0,0,1,0,0,0,1,0,0,0,1,0,0,0,1,1,1,1,1,0,0,0,0,1,1,0,0,0,1,0,0,1,0,1,0,0,1,1,0,1,1,0,1,0,1,1,0,0,1,0,1,0,0,0,1,1,0,0,1,0,0,0,1,1,0,1,1,0,0,0,1,1,1,1,1,0,1,1,0,0,1,1,1,0,0,0,1,1,0,1,1,0,1,1,0,1,0,0,0,0,1,0,1,1,1,0,0,1,1,0,0,0,0,1,0,0,1,1,1,0,0,0,1,1,1,1,1,1,1,1,0,0,0,1,0,1,1,1,0,0,1,0,1,1,1,1,1,0
0,1,0,1,0,1,1,0,0,0,0,0,0,0,0,1,1,1,1,0,1,1,1,1,1,1,1,0,1,1,1,0,0,1,1,0,1,0,1,1,0,0,0,1,1,1,0,0,0,0,0,0,0,1,1,0,0,1,1,1,0,1,0,0,1,1,0,1,1,1,1,0,1,0,0,1,0,0,0,1,0,0,0,1,0,0,0,1,1,1,1,1,0,0,0,0,1,1,0,0,0,1,0,0,1,0,1,0,0,1,1,0,1,1,0,1,0,1,1,0,0,1,0,1,0,0,0,1,1,0,0,1,0,0,0,1,1,0,1,1,0,0,0,1,1,1,1,1,0,1,1,0,1,1,1,1,0,0,0,1,1,0,1,1,0,1,1,0,1,0,0,0,0,1,0,1,1,1,0,0,1,1,1,0,0,0,1,0,0,1,0,1,0,0,0,1,1,1,1,0,0,1,1,0,0,0,1,1,1,1,1,0,0,1,1,1,1,1,1,1,0
0,1,0,1,0,1,0,0,0,0,0,0,0,0,0,1,1,1,1,0,1,1,1,1,1,1,1,0,1,1,1,0,0,1,0,0,1,0,1,1,0,0,0,1,1,1,0,0,0,0,0,1,0,1,1,0,0,1,1,1,0,1,0,0,1,1,0,1,1,0,1,0,1,0,0,1,0,0,0,1,0,0,0,1,0,0,0,1,1,1,1,1,0,0,0,0,1,1,0,0,0,1,0,0,1,0,1,0,0,1,1,0,1,0,0,1,0,1,1,0,0,1,0,1,0,0,0,1,1,0,0,1,0,0,0,1,1,0,1,1,0,0,0,1,1,1,1,1,0,1,1,0,0,1,1,1,0,0,0,1,1,0,1,1,0,1,1,0,1,0,0,0,0,1,0,1,1,1,0,0,1,1,0,0,0,0,1,0,0,1,0,1,0,0,0,1,1,1,1,0,0,1,1,0,0,0,1,0,1,1,1,0,0,1,0,1,1,1,1,1,0
0,1,0,1,0,1,0,0,0,0,0,0,0,0,0,1,1,1,1,0,1,1,1,1,1,1,1,0,1,1,1,0,0,1,0,0,1,0,1,1,0,0,0,1,1,1,0,0,0,0,0,0,0,1,1,0,0,1,1,1,0,1,0,0,1,1,0,1,1,0,1,0,1,0,0,1,0,0,0,1,0,0,0,1,0,0,0,1,1,1,1,1,0,0,0,0,1,1,0,0,0,1,0,0,1,0,1,0,0,1,1,0,1,0,0,1,0,1,1,0,0,1,0,1,0,0,0,1,1,0,0,1,0,0,0,1,1,0,1,1,0,0,0,1,1,1,1,1,0,1,1,0,0,1,1,1,0,0,0,1,1,0,1,1,0,1,1,0,1,0,0,0,0,1,0,1,1,1,0,0,1,1,0,0,0,0,1,0,0,1,0,1,0,0,0,1,1,1,1,0,0,1,1,0,0,0,1,0,1,1,1,0,0,1,0,1,1,1,1,1,0
0,1,0,1,0,0,0,0,0,0,1,1,0,0,0,1,1,1,1,1,1,1,0,1,0,1,1,1,1,1,0,0,0,1,0,0,0,0,1,0,0,0,0,0,1,1,0,0,0,0,0,0,1,1,1,1,0,0,0,1,1,1,0,0,1,1,0,1,0,0,1,0,1,0,0,1,1,0,0,1,0,0,0,1,1,0,0,1,1,1,0,1,1,1,0,0,1,0,0,1,0,1,1,0,1,0,1,0,0,1,1,0,0,0,0,1,1,0,1,0,0,1,1,0,0,0,0,0,0,0,1,1,0,0,0,1,0,0,1,0,1,0,0,1,1,0,0,1,0,0,0,0,0,0,0,1,0,0,0,0,1,0,0,1,1,0,0,0,0,0,0,0,0,0,1,0,1,1,0,0,1,0,0,0,0,1,0,0,0,0,0,0,0,0,0,1,1,0,0,0,0,0,0,0,0,0,1,0,0,1,0,0,0,0,0,0,0,1,0,0,0
0,1,0,1,0,0,0,0,0,0,0,0,0,0,0,1,1,1,1,1,1,1,1,1,1,1,1,1,1,1,0,0,0,1,0,0,0,0,1,0,0,0,0,0,1,1,0,0,0,0,0,0,1,1,1,1,0,0,0,1,1,1,0,0,1,1,0,1,0,0,1,0,1,0,0,1,1,0,0,1,0,0,0,1,1,0,0,1,1,1,0,1,1,1,0,0,1,0,0,1,0,1,1,0,1,0,1,0,0,1,1,0,0,0,0,1,1,0,1,0,0,1,1,0,0,0,0,0,0,0,1,1,0,0,0,1,0,0,1,0,1,0,0,1,1,0,0,1,0,0,0,0,0,0,0,1,0,0,0,0,1,0,0,1,1,0,0,0,0,0,0,0,0,0,1,0,1,1,0,0,1,0,0,0,0,1,0,0,0,0,0,0,0,0,0,1,1,0,0,0,0,0,0,0,0,0,1,0,0,1,0,0,0,1,0,1,0,1,0,1,0
0,1,0,1,0,0,0,0,0,0,0,0,0,0,0,1,1,1,1,1,1,1,0,1,0,1,1,1,1,0,0,0,0,1,0,0,1,0,1,0,0,0,0,0,1,1,0,0,0,0,0,1,1,1,1,1,0,0,0,1,1,1,0,0,1,1,0,1,0,0,1,0,1,0,0,1,1,0,0,1,0,0,0,1,1,0,0,1,1,1,0,1,1,1,0,0,1,0,0,1,0,1,1,0,1,0,1,0,0,1,1,0,0,0,0,1,1,0,1,0,0,1,1,0,0,0,0,0,0,0,1,1,0,0,0,1,0,0,1,0,1,0,0,1,1,0,0,1,0,0,0,0,0,0,0,1,0,0,0,0,1,0,0,1,1,0,0,0,0,0,0,0,0,0,1,0,1,1,0,0,1,0,0,0,0,1,0,0,0,0,0,0,0,0,0,1,1,0,0,0,0,0,0,0,0,0,1,0,0,0,0,0,0,0,0,1,0,0,0,1,0
0,1,0,1,0,0,0,0,0,0,0,0,0,0,0,1,1,1,1,1,1,1,0,1,0,1,1,1,1,0,0,0,0,1,0,0,1,0,1,0,0,0,0,0,1,1,0,0,0,0,0,1,1,1,1,1,0,0,0,1,1,1,0,0,1,1,0,1,0,0,1,0,1,0,0,1,1,0,0,1,0,0,0,1,1,0,0,1,1,1,0,1,1,1,0,0,1,0,0,1,0,1,1,0,1,0,1,0,0,1,1,0,0,0,0,1,1,0,1,0,0,1,1,0,0,0,0,0,0,0,1,1,0,0,0,1,0,0,1,0,1,0,0,1,1,0,0,1,0,0,0,0,0,0,0,1,0,0,0,0,1,0,0,1,1,0,0,0,0,0,0,0,0,0,1,0,1,1,0,0,1,0,0,0,0,1,0,0,0,0,0,0,0,0,0,1,1,0,0,0,0,0,0,0,0,0,1,0,0,0,0,0,0,1,0,0,0,0,0,1,0
0,1,0,1,0,0,0,0,0,0,1,1,0,0,0,1,1,1,0,1,1,1,0,0,0,1,1,1,1,0,0,0,0,1,0,0,1,0,1,0,0,0,0,0,1,1,0,0,0,0,0,1,1,1,1,1,0,0,0,1,1,1,0,0,1,1,0,1,0,0,1,0,1,0,0,1,1,0,0,1,0,0,0,1,1,0,0,1,1,1,0,1,1,1,0,0,1,0,0,1,0,1,1,0,1,0,1,0,0,1,1,0,0,0,0,1,1,0,1,0,0,1,1,0,0,0,0,0,0,0,1,1,0,0,0,1,0,0,1,0,1,0,0,1,1,0,0,1,0,0,0,0,0,0,0,1,0,0,0,0,1,0,0,1,1,0,0,0,0,0,0,0,0,0,1,0,1,1,0,0,1,0,0,0,0,1,0,0,0,0,0,0,0,0,0,1,1,0,0,0,0,0,0,0,0,0,1,0,0,0,0,0,0,0,0,0,0,0,0,0,0
0,1,0,1,0,0,0,0,0,0,0,0,0,0,0,1,1,1,0,1,1,1,0,0,0,1,1,1,1,0,0,0,0,1,0,0,0,0,1,0,0,0,0,0,1,1,0,0,0,0,0,0,1,1,1,1,0,0,0,1,1,1,0,0,1,1,0,1,0,0,1,0,1,0,0,1,1,0,0,1,0,0,0,1,1,0,0,1,1,1,0,1,1,1,0,0,1,0,0,1,0,1,1,0,1,0,1,0,0,1,1,0,0,0,0,1,1,0,1,0,0,1,1,0,0,0,0,0,0,0,1,1,0,0,0,1,0,0,1,0,1,0,0,1,1,0,0,1,0,0,0,0,0,0,0,1,0,0,0,0,1,0,0,1,1,0,0,0,0,0,0,0,0,0,1,0,1,1,0,0,1,0,0,0,0,1,0,0,0,0,0,0,0,0,0,1,1,0,0,0,0,0,0,0,0,0,1,0,0,0,0,0,0,0,0,0,0,0,0,0,0
0,1,0,1,0,0,0,0,0,0,0,0,0,0,0,1,1,1,0,1,1,1,0,0,0,1,1,1,1,0,0,0,0,1,0,0,0,0,1,0,0,0,0,0,1,1,0,0,0,0,0,0,1,1,1,1,0,0,0,1,1,1,0,0,1,1,0,1,0,0,1,0,1,0,0,1,1,0,0,1,0,0,0,1,1,0,0,1,1,1,0,1,1,1,0,0,1,0,0,1,0,1,1,0,1,0,1,0,0,1,1,0,0,0,0,1,1,0,1,0,0,1,1,0,0,0,0,0,0,0,1,1,0,0,0,1,0,0,1,0,1,0,0,1,1,0,0,1,0,0,0,0,0,0,0,1,0,0,0,0,1,0,0,1,1,0,0,0,0,0,0,0,0,0,1,0,1,1,0,0,1,0,0,0,0,1,0,0,0,0,0,0,0,0,0,1,1,0,0,0,0,0,0,0,0,0,1,0,0,0,0,0,0,0,0,0,0,0,0,0,0
0,1,0,1,0,0,0,0,0,0,0,0,0,0,0,1,1,1,1,1,1,1,0,1,0,1,1,1,1,0,0,0,0,1,0,0,0,0,1,0,0,0,0,0,1,1,0,0,0,0,0,0,1,1,1,1,0,0,0,1,1,1,0,0,1,1,0,1,0,0,1,0,1,0,0,1,1,0,0,1,0,0,0,1,1,0,0,1,1,1,0,1,1,1,0,0,1,0,0,1,0,1,1,0,1,0,1,0,0,1,1,0,0,0,0,1,1,0,1,0,0,1,1,0,0,0,0,0,0,0,1,1,0,0,0,1,0,0,1,0,1,0,0,1,1,0,0,1,0,0,0,0,0,0,0,1,0,0,0,0,1,0,0,1,1,0,0,0,0,0,0,0,0,0,1,0,1,1,0,0,1,0,0,0,0,1,0,0,0,0,0,0,0,0,0,1,1,0,0,0,0,0,0,0,0,0,1,0,0,0,0,0,0,0,0,0,0,0,0,1,0
0,1,0,1,0,0,0,0,0,0,1,1,0,0,0,1,1,1,0,1,1,1,0,0,0,1,1,1,1,0,0,0,0,1,0,0,0,0,1,0,0,0,0,0,1,1,0,0,0,0,0,0,1,1,1,1,0,0,0,1,1,1,0,0,1,1,0,1,0,0,1,0,1,0,0,1,1,0,0,1,0,0,0,1,1,0,0,1,1,1,0,1,1,1,0,0,1,0,0,1,0,1,1,0,1,0,1,0,0,1,1,0,0,0,0,1,1,0,1,0,0,1,1,0,0,0,0,0,0,0,1,1,0,0,0,1,0,0,1,0,1,0,0,1,1,0,0,1,0,0,0,0,0,0,0,1,0,0,0,0,1,0,0,1,1,0,0,0,0,0,0,0,0,0,1,0,1,1,0,0,1,0,0,0,0,1,0,0,0,0,0,0,0,0,0,1,1,0,0,0,0,0,0,0,0,0,1,0,0,0,0,0,0,0,0,0,0,0,0,0,0
0,1,0,1,0,0,0,0,0,0,0,0,0,0,0,1,1,1,0,1,1,1,0,0,0,1,1,1,1,0,0,0,0,1,0,0,1,0,1,0,0,0,0,0,1,1,0,0,0,0,0,1,1,1,1,1,0,0,0,1,1,1,0,0,1,1,0,1,0,0,1,0,1,0,0,1,1,0,0,1,0,0,0,1,1,0,0,1,1,1,0,1,1,1,0,0,1,0,0,1,0,1,1,0,1,0,1,0,0,1,1,0,0,0,0,1,1,0,1,0,0,1,1,0,0,0,0,0,0,0,1,1,0,0,0,1,0,0,1,0,1,0,0,1,1,0,0,1,0,0,0,0,0,0,0,1,0,0,0,0,1,0,0,1,1,0,0,0,0,0,1,0,0,0,1,0,1,1,0,0,1,0,0,0,0,1,0,0,0,0,0,0,0,0,0,1,1,0,0,0,0,0,0,0,0,0,1,0,0,0,0,0,0,0,0,0,0,0,0,0,0
0,1,0,1,0,0,0,0,1,0,1,0,0,1,0,1,1,1,0,1,1,1,0,0,0,1,1,1,1,1,0,1,0,1,0,0,0,0,1,0,0,0,0,0,1,1,0,0,0,0,0,0,1,1,1,1,0,0,0,1,1,1,0,0,1,1,0,1,0,0,1,0,1,0,0,1,1,0,0,1,0,0,0,1,1,0,0,1,1,1,0,1,1,1,0,0,1,0,0,1,0,1,1,0,1,0,1,0,0,1,1,0,0,0,0,1,1,0,1,0,0,1,1,0,0,0,0,0,0,0,1,1,0,0,0,1,0,0,1,0,1,0,0,1,1,0,0,1,0,0,0,0,0,0,0,1,0,0,0,0,1,0,0,1,1,0,0,0,0,0,1,0,0,0,1,0,1,1,0,0,1,0,0,0,0,1,0,0,0,0,0,0,0,0,0,1,1,0,0,0,0,0,0,0,0,0,1,0,0,0,0,0,0,0,0,0,0,0,0,0,0
0,1,0,1,0,1,0,0,0,0,0,0,0,0,0,1,1,1,1,1,1,1,0,1,0,1,1,1,1,1,1,0,0,1,0,0,0,0,1,1,0,0,0,1,1,1,0,0,1,0,0,1,1,1,1,1,0,1,1,1,1,1,0,0,1,1,0,1,1,0,1,0,1,0,0,1,1,0,0,1,0,0,0,1,1,0,0,1,1,1,1,1,1,1,0,0,1,1,0,1,0,1,1,0,1,0,1,0,0,1,1,0,1,1,0,1,1,1,1,0,0,1,1,1,0,0,0,1,1,0,1,1,0,0,0,1,1,0,1,1,1,0,0,1,1,1,1,1,0,0,0,0,0,1,0,1,0,0,0,1,1,0,0,1,1,1,0,0,1,0,1,0,0,1,1,1,1,1,0,0,1,1,0,0,0,1,1,0,0,1,0,1,0,0,0,1,1,1,0,0,0,1,1,0,0,0,1,1,0,0,0,0,0,0,1,0,0,0,0,0,0
0,1,0,1,0,0,0,0,0,0,0,0,0,0,0,1,1,1,1,1,1,1,0,1,0,1,1,1,1,1,0,0,0,1,0,0,0,0,1,0,0,0,0,0,1,1,0,0,0,0,0,0,1,1,1,1,0,0,0,1,1,1,0,0,1,1,0,1,0,0,1,0,1,0,0,1,1,0,0,1,0,0,0,1,1,0,0,1,1,1,0,1,1,1,0,0,1,0,0,1,0,1,1,0,1,0,1,0,0,1,1,0,0,0,0,1,1,0,1,0,0,1,1,0,0,0,0,0,0,0,1,1,0,0,0,1,0,0,1,0,1,0,0,1,1,0,0,1,0,0,0,0,0,0,0,1,0,0,0,0,1,0,0,1,1,0,0,0,0,0,1,0,0,0,1,0,1,1,0,0,1,0,0,0,0,1,0,0,0,0,0,0,0,0,0,1,1,0,0,0,0,0,0,0,0,0,1,0,0,0,0,0,0,0,0,0,0,0,0,0,0
0,1,0,1,0,0,0,0,0,1,0,0,0,0,0,1,1,1,1,1,1,1,0,1,0,1,1,1,1,1,0,0,1,1,0,0,0,0,1,0,1,0,0,0,1,1,1,0,0,0,0,0,1,1,1,1,0,0,0,1,1,1,0,0,1,1,0,1,0,0,1,0,1,0,0,1,1,0,0,1,0,0,0,1,1,0,0,1,1,1,0,1,1,1,0,0,1,0,1,1,1,1,1,0,1,0,1,0,0,1,1,0,0,0,0,1,1,0,1,1,0,1,1,0,0,0,0,0,0,0,1,1,0,0,0,1,0,1,1,0,1,0,1,1,1,0,0,1,0,0,0,0,0,0,0,1,0,0,0,0,1,0,0,1,1,0,0,0,0,0,1,0,0,0,1,0,1,1,0,0,1,0,0,0,0,1,0,0,0,0,0,0,0,0,0,1,1,0,0,0,0,0,0,0,0,0,1,0,0,0,0,0,0,0,0,0,0,0,0,0,0
0,1,0,1,0,0,0,0,0,0,0,0,0,0,0,1,1,1,1,1,1,1,0,1,0,1,1,1,1,1,0,0,0,1,0,0,0,0,1,0,0,0,0,0,1,1,0,0,0,0,0,0,1,1,1,1,0,0,0,1,1,1,0,0,1,1,0,1,0,0,1,0,1,0,0,1,1,0,0,1,0,0,0,1,1,0,0,1,1,1,0,1,1,1,0,0,1,0,0,1,0,1,1,0,1,0,1,0,0,1,1,0,0,0,0,1,1,0,1,0,0,1,1,0,0,0,0,0,0,0,1,1,0,0,0,1,0,0,1,0,1,0,0,1,1,0,0,1,0,0,0,0,0,0,0,1,0,0,0,0,1,0,0,1,1,0,0,0,0,0,1,0,0,0,1,0,1,1,0,0,1,0,0,0,0,1,0,0,0,0,0,0,0,0,0,1,1,0,0,0,0,0,0,0,0,0,1,0,0,0,0,0,0,0,0,0,0,0,0,0,0
0,1,0,1,0,0,0,0,0,0,0,0,0,0,0,1,1,1,1,1,1,1,0,1,0,1,1,1,1,1,0,0,0,1,0,0,0,0,1,0,0,0,0,0,1,1,0,0,0,0,0,0,1,1,1,1,0,0,0,1,1,1,0,0,1,1,0,1,0,0,1,0,1,0,0,1,1,0,0,1,0,0,0,1,1,0,0,1,1,1,0,1,1,1,0,0,1,0,0,1,0,1,1,0,1,0,1,0,0,1,1,0,0,0,0,1,1,0,1,0,0,1,1,0,0,0,0,0,0,0,1,1,0,0,0,1,0,0,1,0,1,0,0,1,1,0,0,1,0,0,0,0,0,0,0,1,0,0,0,0,1,0,0,1,1,0,0,0,0,0,1,0,0,0,1,0,1,1,0,0,1,0,0,0,0,1,0,0,0,0,0,0,0,0,0,1,1,0,0,0,0,0,0,0,0,0,1,0,0,0,0,0,0,0,0,0,0,0,0,0,0
0,0,0,0,0,1,1,1,0,0,1,0,0,1,0,1,1,1,0,0,0,0,0,0,0,1,1,1,1,0,1,0,0,1,0,0,0,0,1,1,0,0,1,1,0,0,0,0,1,0,0,1,0,1,0,0,0,1,0,0,0,0,0,1,1,1,0,0,1,0,1,1,1,1,0,1,0,1,0,1,1,0,0,1,0,1,0,1,1,1,1,1,0,0,0,1,1,1,0,0,0,1,0,0,1,0,1,1,0,1,0,0,1,1,0,1,0,1,1,0,1,1,0,1,1,0,0,1,1,1,1,0,1,1,1,1,1,0,0,1,0,1,0,1,0,1,1,1,0,1,1,1,0,1,1,0,0,1,1,1,1,0,1,1,0,1,1,1,1,1,0,1,0,1,0,1,1,1,1,0,1,1,0,1,1,0,1,1,1,1,0,1,1,1,1,1,1,1,1,0,0,0,1,1,1,0,0,0,0,0,0,0,0,0,0,0,1,0,0,1,0
0,0,0,0,0,1,1,1,0,0,0,0,0,0,0,0,1,1,0,0,0,0,0,0,0,1,1,0,0,0,1,0,0,0,0,0,0,0,0,1,0,0,0,1,0,0,0,0,1,0,0,1,0,0,0,0,1,1,1,0,0,0,0,0,0,0,0,0,1,0,0,1,0,1,0,0,0,0,1,0,1,0,0,0,0,0,1,0,0,0,1,0,0,0,0,1,0,1,0,0,0,0,0,0,0,0,0,1,0,0,0,0,1,1,1,0,0,1,0,0,1,0,0,1,0,1,0,1,1,1,0,0,1,0,1,0,1,0,0,1,0,1,0,0,0,1,1,0,0,0,1,0,0,1,1,0,1,1,1,1,0,1,1,0,0,1,0,1,1,1,0,0,0,1,0,1,0,0,0,1,0,1,0,1,1,0,1,0,1,1,1,0,1,1,0,1,0,1,1,1,1,0,0,1,1,0,0,1,1,0,1,0,1,0,1,0,1,0,1,0,1
0,1,0,1,0,0,0,0,0,0,0,0,0,0,0,1,1,1,1,1,1,1,0,1,0,1,1,1,1,1,0,0,0,1,0,0,0,0,1,0,0,0,0,0,1,1,0,0,0,0,0,0,1,1,1,1,0,0,0,1,1,1,0,0,1,1,0,1,0,0,1,0,1,0,0,1,1,0,0,1,0,0,0,1,1,0,0,1,1,1,0,1,1,1,0,0,1,0,0,1,0,1,1,0,1,0,1,0,0,1,1,0,0,0,0,1,1,0,1,0,0,1,1,0,0,0,0,0,0,0,1,1,0,0,0,1,0,0,1,0,1,0,0,1,1,0,0,1,0,0,0,0,0,0,0,1,0,0,0,0,1,0,0,1,1,0,0,0,0,0,1,0,0,0,1,0,1,1,0,0,1,0,0,0,0,1,0,0,0,0,0,0,0,0,0,1,1,0,0,0,0,0,0,0,0,0,1,0,0,0,0,0,0,0,0,0,0,0,0,0,0
0,0,0,0,0,1,1,0,0,0,0,0,0,0,0,1,1,1,0,0,0,0,0,0,0,1,1,0,0,0,1,0,0,1,0,0,0,0,1,1,0,0,0,1,0,0,0,0,1,0,0,1,0,1,1,0,0,1,1,0,0,0,0,1,1,1,0,0,1,0,1,1,1,0,0,1,0,1,0,1,1,0,0,1,0,1,0,1,1,1,1,1,0,0,0,1,1,1,0,1,0,1,0,0,1,0,1,1,0,1,1,0,1,1,0,1,1,1,1,0,1,1,0,1,1,0,0,1,1,0,1,0,1,0,1,1,1,0,0,1,0,0,0,1,0,1,1,1,0,0,0,1,0,1,0,0,0,1,1,1,1,0,0,1,0,1,1,0,1,1,1,1,0,1,0,1,1,1,1,0,1,1,0,1,0,0,1,0,1,1,0,0,1,0,1,1,0,1,1,0,0,0,0,1,0,0,0,0,1,0,0,1,0,0,0,0,1,0,0,1,0
0,0,0,0,0,1,1,1,0,0,1,0,0,1,0,1,1,1,0,0,0,0,0,0,0,1,1,1,1,0,1,0,0,0,0,0,0,0,1,1,0,0,1,1,1,1,0,0,1,0,0,1,0,1,1,0,0,1,1,1,1,1,0,0,0,1,0,1,1,0,1,1,1,0,0,1,0,1,0,1,1,0,0,1,0,1,0,1,1,1,1,1,0,0,0,1,1,1,0,0,0,1,0,0,1,0,1,1,0,1,0,0,1,1,1,1,0,1,1,0,1,1,0,1,1,1,0,1,1,1,1,1,1,0,1,1,1,0,0,1,0,1,0,1,0,1,1,1,0,1,1,1,0,1,1,0,0,1,1,1,1,1,1,1,0,1,1,1,1,1,0,1,0,1,0,1,1,1,1,1,1,1,0,1,1,0,1,1,1,1,1,1,1,0,1,1,1,1,1,1,1,1,1,1,0,0,0,1,1,0,0,1,1,0,1,0,1,0,0,1,1
0,1,0,1,0,1,1,1,0,0,0,0,0,0,0,0,1,1,1,0,0,1,0,0,0,1,1,0,1,0,1,0,0,1,0,0,0,0,0,1,0,1,1,1,0,0,0,1,1,0,0,1,0,0,0,0,1,1,1,0,0,0,1,1,1,0,0,0,1,0,0,1,0,1,0,0,0,0,0,0,1,0,0,0,0,1,1,0,1,0,1,0,0,0,0,1,0,1,0,0,0,0,0,0,0,1,0,1,0,0,0,1,1,1,0,0,0,1,1,0,1,0,0,1,0,0,0,1,1,1,0,0,1,0,1,0,1,0,0,1,0,1,0,0,0,1,1,1,0,1,1,0,0,1,1,0,1,1,1,1,1,0,1,1,0,1,1,1,1,1,1,1,1,1,0,1,1,0,0,0,0,1,0,1,1,0,1,1,1,1,1,0,1,1,0,1,0,1,1,1,1,0,0,1,1,0,0,1,1,0,1,0,0,0,1,0,1,0,1,0,0
1,1,1,1,0,1,1,1,0,0,0,0,0,0,0,0,1,1,1,0,0,1,1,1,0,1,1,0,1,1,1,0,0,1,0,0,0,0,0,1,0,1,1,1,0,0,0,1,1,0,0,1,0,0,0,0,1,1,1,0,0,0,1,1,1,0,0,0,1,0,0,1,0,1,0,0,0,0,0,0,1,0,0,0,0,1,1,0,1,0,1,0,0,0,0,1,0,1,0,0,0,0,0,0,0,1,0,1,0,0,0,1,1,1,0,0,0,1,1,0,1,0,0,1,0,0,0,1,1,1,0,0,1,0,1,0,1,0,0,1,0,1,0,0,0,1,1,1,0,1,1,0,0,1,1,0,1,1,1,1,1,0,1,1,0,1,0,1,1,1,1,1,1,1,0,1,1,0,0,0,0,1,0,1,1,0,1,1,1,1,1,0,1,1,0,1,1,1,1,1,1,0,0,1,1,0,0,1,1,0,1,0,0,0,1,0,1,0,1,0,0
1,1,1,1,0,1,1,1,0,0,0,0,0,0,0,0,1,1,1,0,0,1,1,1,0,1,1,0,1,1,1,0,0,1,0,0,0,1,1,1,0,1,1,1,0,0,0,1,1,0,0,1,0,0,0,0,1,1,1,0,0,0,1,1,1,0,0,0,1,0,0,1,0,1,0,0,0,0,0,0,1,0,0,0,0,1,1,0,1,0,1,0,0,0,0,1,0,1,0,0,0,0,0,0,0,1,0,1,0,0,0,1,1,1,0,0,0,1,1,0,1,0,0,1,0,0,0,1,1,1,0,0,1,0,1,0,1,0,0,1,0,1,0,0,0,1,1,1,0,1,1,0,0,1,1,0,1,1,1,1,1,0,1,1,0,1,1,1,1,1,1,1,1,1,0,1,1,0,0,0,0,1,0,1,1,0,1,1,1,1,1,0,1,1,0,1,1,1,1,1,1,0,0,1,1,0,0,1,1,0,1,0,0,0,1,0,1,0,1,0,0
1,1,0,1,0,1,1,1,0,0,0,0,0,0,0,1,1,1,1,0,1,1,0,1,0,1,1,1,1,1,1,0,0,1,0,0,0,0,0,1,0,1,1,1,0,1,0,1,1,1,1,1,0,1,0,0,1,1,1,0,0,1,1,1,1,1,0,1,1,0,1,1,0,1,1,0,0,1,0,1,1,1,1,1,0,1,1,1,1,1,1,1,0,0,1,1,1,1,0,1,0,1,0,1,1,1,1,1,0,1,1,1,1,1,0,1,1,1,1,0,1,1,0,1,0,0,0,1,1,1,1,1,1,1,1,1,1,0,0,1,0,1,0,1,0,1,1,1,0,1,1,0,0,1,1,0,1,1,1,1,1,0,1,1,0,1,1,1,1,1,1,1,1,1,0,1,1,1,0,0,1,1,0,1,1,0,1,1,1,1,1,1,1,1,1,1,1,1,1,1,1,1,0,1,1,0,0,1,1,0,1,0,0,0,1,0,1,0,1,0,0
1,1,0,1,0,1,1,1,0,0,0,0,0,0,0,0,1,1,1,0,0,1,1,1,0,1,1,0,1,1,1,0,0,1,0,0,0,0,0,1,0,1,1,1,0,0,0,1,1,0,0,1,0,0,0,0,1,1,1,0,0,0,1,1,1,0,0,0,1,0,0,1,0,1,0,0,0,0,0,0,1,0,0,0,0,1,1,0,1,0,1,0,0,0,0,1,0,1,0,0,0,0,0,0,0,1,0,1,0,0,0,1,1,1,0,0,0,1,1,0,1,0,0,1,0,0,0,1,1,1,0,0,1,0,1,0,1,0,0,1,0,1,0,0,0,1,1,1,0,1,1,0,0,1,1,0,1,1,1,1,1,0,1,1,0,1,0,1,1,1,0,0,1,1,0,1,1,0,0,0,0,1,0,1,1,0,1,1,1,1,1,1,1,1,0,1,1,1,1,1,1,1,0,1,1,0,0,1,1,0,1,0,0,0,1,0,1,0,1,0,0
1,1,0,1,0,1,1,1,0,0,0,0,0,0,0,0,1,1,1,0,0,1,1,1,0,1,1,0,1,1,1,0,0,1,0,0,0,0,0,1,0,1,1,1,0,0,0,1,1,0,0,1,0,0,0,0,0,1,1,0,0,0,1,1,1,0,0,0,1,0,0,1,0,1,0,0,0,0,0,0,1,0,0,0,0,0,0,0,1,0,1,0,0,0,0,1,0,1,0,0,0,0,0,0,0,1,0,1,0,0,0,1,1,1,0,0,0,1,1,0,1,0,0,1,0,0,0,1,1,1,0,0,1,0,1,0,1,0,0,1,0,1,0,0,0,1,1,1,0,1,1,0,0,1,1,0,0,1,1,1,1,0,1,1,0,1,0,1,1,1,0,0,0,1,0,1,1,0,0,0,0,1,0,1,1,0,1,1,1,1,1,0,1,1,0,1,1,1,1,1,1,0,0,1,1,0,0,1,1,0,1,0,0,0,1,0,1,0,1,0,0
0,1,0,1,1,1,0,0,0,0,0,0,0,0,0,1,1,1,0,1,1,1,0,1,1,1,1,1,0,0,1,0,0,1,0,1,1,0,1,1,0,1,0,1,1,1,0,1,0,1,1,1,1,1,1,1,0,0,0,0,0,1,0,1,1,1,0,1,0,0,1,1,1,1,1,1,1,0,0,1,1,1,1,1,1,0,0,1,1,1,0,1,1,1,1,0,1,0,0,1,0,1,1,1,1,0,1,1,0,1,1,1,0,0,0,1,1,0,1,0,1,1,1,0,0,0,0,0,0,0,1,1,1,0,0,1,0,0,1,0,1,0,0,1,1,0,0,1,0,0,0,0,0,0,0,1,0,0,0,0,1,0,0,1,1,0,0,0,0,0,1,0,0,0,1,0,1,1,0,0,1,0,0,1,0,1,0,0,1,0,0,0,1,0,1,1,1,0,0,0,0,0,0,1,0,1,1,0,0,0,0,0,0,1,0,0,0,0,0,1,0
0,1,0,1,0,1,1,0,0,0,0,0,0,0,0,1,1,1,1,0,0,1,0,1,1,1,1,0,0,0,1,0,0,1,0,1,1,0,1,1,0,0,0,1,1,1,0,0,1,0,0,1,1,1,1,1,0,1,1,0,0,1,0,1,1,1,0,1,1,0,1,1,1,1,0,1,1,0,0,1,1,0,0,1,1,0,0,1,1,1,1,1,1,1,0,0,1,1,0,0,0,1,1,0,1,0,1,1,0,1,1,0,1,1,0,1,0,1,1,0,1,1,1,1,0,0,0,1,1,0,0,1,1,0,0,1,1,0,1,1,1,0,0,1,1,1,1,1,0,0,0,0,0,1,0,1,0,0,0,1,1,0,0,1,1,1,0,0,1,0,1,0,0,1,1,1,1,1,0,0,1,1,0,1,0,1,1,0,1,1,0,0,1,0,1,1,1,1,1,0,0,0,0,1,0,1,1,1,0,0,0,0,0,1,1,0,0,0,0,1,0
0,1,0,1,0,1,0,0,0,0,0,0,0,0,0,1,1,1,1,0,0,1,0,1,1,1,1,0,0,0,1,0,0,1,0,1,1,0,1,1,0,0,0,1,1,1,0,0,0,0,0,1,1,1,1,1,0,0,0,0,0,1,0,1,1,1,0,1,0,0,1,1,1,1,0,1,1,0,0,1,1,0,0,1,1,0,0,1,1,1,0,1,1,1,0,0,1,0,0,0,0,1,1,0,1,0,1,1,0,1,1,0,0,0,0,1,0,0,1,0,1,1,1,0,0,0,0,0,0,0,0,1,1,0,0,1,0,0,1,0,1,0,0,1,1,0,0,1,0,0,0,0,0,0,0,1,0,0,0,0,1,0,0,1,1,0,0,0,0,0,1,0,0,0,1,0,1,1,0,0,1,0,0,1,0,1,0,0,1,0,0,0,1,0,1,1,1,0,0,0,0,0,0,1,0,1,1,0,0,0,0,0,0,1,0,0,0,0,0,1,0
0,1,0,1,0,1,0,0,0,0,0,0,0,0,0,1,1,1,1,0,0,1,0,1,1,1,1,0,0,0,1,0,0,1,0,1,1,0,1,1,0,0,0,1,1,1,0,0,0,0,0,1,1,1,1,1,0,0,0,0,0,1,0,1,1,1,0,1,0,0,1,1,1,1,0,1,1,0,0,1,1,0,0,1,1,0,0,1,1,1,0,1,1,1,0,0,1,0,0,0,0,1,1,0,1,0,1,1,0,1,1,0,0,0,0,1,0,0,1,0,1,1,1,0,0,0,0,0,0,0,0,1,1,0,0,1,0,0,1,0,1,0,0,1,1,0,0,1,0,0,0,0,0,0,0,1,0,0,0,0,1,0,0,1,1,0,0,0,0,0,1,0,0,0,1,0,1,1,0,0,1,0,0,1,0,1,0,0,1,0,0,0,1,0,1,1,1,0,0,0,0,0,0,1,0,1,1,0,0,0,0,0,0,1,0,0,0,0,0,1,0
0,1,0,1,0,1,0,0,0,0,0,0,0,0,0,1,1,1,1,0,0,1,0,1,1,1,1,0,0,0,1,0,0,1,0,1,1,0,1,1,0,0,0,1,1,1,0,0,0,0,0,1,1,1,1,1,0,0,0,0,0,1,0,1,1,1,0,1,0,0,1,1,1,1,0,1,1,0,0,1,1,0,0,1,1,0,0,1,1,1,0,1,1,1,0,0,1,0,0,0,0,1,1,0,1,0,1,1,0,1,1,0,0,0,0,1,0,0,1,0,1,1,1,0,0,0,0,0,0,0,0,1,1,0,0,1,0,0,1,0,1,0,0,1,1,0,0,1,0,0,0,0,0,0,0,1,0,0,0,0,1,0,0,1,1,0,0,0,0,0,1,0,0,0,1,0,1,1,0,0,1,0,0,1,0,1,0,0,1,0,0,0,1,0,1,1,1,0,0,0,0,0,0,1,0,1,1,0,0,0,0,0,0,1,0,0,0,0,0,1,0
0,1,0,1,0,1,1,0,0,0,0,0,0,0,0,1,1,1,1,0,0,1,0,1,0,1,1,0,0,0,1,0,0,1,0,0,1,0,1,1,0,0,1,1,1,1,0,0,1,0,0,1,1,1,1,1,1,1,1,0,0,1,0,1,1,1,0,1,1,0,1,1,1,0,0,1,1,0,1,1,1,0,0,1,1,0,1,1,1,1,1,1,1,1,0,0,1,1,0,0,0,1,1,0,1,0,1,1,0,1,1,0,1,1,0,1,0,1,1,0,1,1,1,1,0,0,0,1,1,0,0,1,1,0,0,1,1,0,1,1,1,0,0,1,1,1,1,1,0,0,1,0,0,1,0,1,0,0,0,1,1,0,0,1,1,1,0,0,1,0,1,0,0,1,1,1,1,1,0,0,1,1,0,1,0,1,1,0,1,1,1,1,1,1,1,1,1,1,0,1,1,1,1,1,1,0,1,0,0,0,1,0,0,0,0,0,0,0,1,1,0
0,1,0,1,0,1,1,0,0,0,0,0,0,0,0,1,1,1,1,0,0,1,0,1,0,1,1,0,0,0,1,0,0,1,0,0,1,0,1,1,0,0,1,1,1,1,0,0,1,0,0,1,1,1,1,1,1,1,1,0,0,1,0,1,1,1,0,1,1,0,1,1,1,0,0,1,1,0,1,1,1,0,0,1,1,0,1,1,1,1,1,1,1,1,0,0,1,1,0,0,0,1,1,0,1,0,1,1,0,1,1,0,1,1,0,1,0,1,1,0,1,1,1,1,0,0,0,1,1,0,0,1,1,0,0,1,1,0,1,1,1,0,0,1,1,1,1,1,0,0,1,0,0,1,0,1,0,0,0,1,1,0,0,1,1,1,0,0,1,0,1,0,0,1,1,1,1,1,0,0,1,1,0,1,0,1,1,0,1,1,0,1,1,0,1,1,1,1,1,0,0,1,1,1,0,0,1,0,1,0,0,0,0,0,0,0,1,0,0,1,0
0,1,0,1,1,1,1,1,0,0,0,0,0,0,0,1,1,1,1,0,0,1,0,1,0,1,1,0,0,0,1,0,0,1,0,0,1,0,1,0,0,0,1,1,1,1,0,0,1,0,0,1,1,1,1,1,1,0,0,0,0,1,0,1,1,1,0,1,1,0,1,1,1,0,0,1,1,0,1,1,1,0,0,1,1,0,1,1,1,1,0,1,1,1,0,0,1,0,0,1,0,1,1,0,1,0,1,1,0,1,1,0,0,0,0,1,1,0,1,0,1,1,1,0,0,0,0,1,0,0,0,1,1,0,0,1,0,0,1,1,1,0,0,1,1,0,0,1,0,0,1,0,0,1,0,1,0,0,0,0,1,0,0,1,1,1,0,0,0,0,1,0,0,0,1,0,1,1,0,0,1,1,0,1,0,1,1,0,1,1,0,1,1,0,1,1,1,1,0,0,0,1,1,1,0,0,1,0,0,0,0,0,0,0,0,0,0,0,0,1,0
0,1,0,1,0,1,1,0,0,0,0,0,0,0,0,1,1,1,1,0,0,1,0,1,0,1,1,0,0,0,1,0,0,1,0,0,1,0,1,0,0,0,1,1,1,1,0,0,1,0,0,1,1,1,1,1,1,0,0,0,0,1,0,1,1,1,0,1,1,0,1,1,1,0,0,1,1,0,1,1,1,0,0,1,1,0,1,1,1,1,0,1,1,1,0,0,1,0,0,0,0,1,1,0,1,0,1,1,0,1,1,0,0,0,0,1,0,0,1,0,1,1,1,0,0,0,0,1,0,0,0,1,1,0,0,1,0,0,1,1,1,0,0,1,1,0,0,1,0,0,1,0,0,1,0,1,0,0,0,0,1,0,0,1,1,1,0,0,0,0,1,0,0,0,1,0,1,1,0,0,1,1,0,1,0,1,1,0,1,1,0,1,1,0,1,1,1,1,0,0,0,1,1,1,0,0,1,0,0,0,0,0,0,1,0,0,0,0,0,1,0
0,1,0,1,1,1,1,1,0,0,0,0,0,0,0,1,1,1,1,0,0,1,0,1,0,1,1,0,0,0,1,0,0,1,0,0,1,0,1,0,0,0,1,1,1,1,0,0,1,0,0,1,1,1,1,1,1,0,0,0,0,1,0,1,1,1,0,1,1,0,1,1,1,0,0,1,1,0,1,1,1,0,0,1,1,0,1,1,1,1,0,1,1,1,0,0,1,0,0,1,0,1,1,0,1,0,1,1,0,1,1,0,0,0,0,1,1,0,1,0,1,1,1,0,0,0,0,1,0,0,0,1,1,0,0,1,0,0,1,1,1,0,0,1,1,0,0,1,0,0,1,0,0,1,0,1,0,0,0,0,1,0,0,1,1,1,0,0,0,0,1,0,0,0,1,0,1,1,0,0,1,1,0,1,0,1,1,0,1,1,0,1,1,0,1,1,1,1,0,0,0,1,1,1,0,0,1,0,0,0,0,0,0,0,0,0,0,0,0,1,0
0,1,0,1,1,1,1,1,0,0,0,0,0,0,0,1,1,1,1,0,0,1,0,1,0,1,1,0,0,0,1,0,0,1,0,0,1,0,1,0,0,0,1,1,1,1,0,0,1,0,0,1,1,1,1,1,1,0,0,0,0,1,0,1,1,1,0,1,1,0,1,1,1,0,0,1,1,0,1,1,1,0,0,1,1,0,1,1,1,1,0,1,1,1,0,0,1,0,0,1,0,1,1,0,1,0,1,1,0,1,1,0,0,0,0,1,1,0,1,0,1,1,1,0,0,0,0,1,0,0,0,1,1,0,0,1,0,0,1,1,1,0,0,1,1,0,0,1,0,0,1,0,0,1,0,1,0,0,0,0,1,0,0,1,1,1,0,0,0,0,1,0,0,0,1,0,1,1,0,0,1,1,0,1,0,1,1,0,1,1,0,1,1,0,1,1,1,1,0,0,0,1,1,1,0,0,1,0,0,0,0,1,0,0,0,0,0,0,0,1,0
0,1,0,1,0,1,1,0,0,0,0,0,0,0,0,1,1,1,1,0,0,1,0,1,0,1,1,0,0,0,1,0,0,1,0,0,1,0,1,0,0,0,1,1,1,1,0,0,1,0,0,1,1,1,1,1,1,0,0,0,0,1,0,1,1,1,0,1,1,0,1,1,1,0,0,1,1,0,1,1,1,0,0,1,1,0,1,1,1,1,0,1,1,1,0,0,1,0,0,0,0,1,1,0,1,0,1,1,0,1,1,0,0,0,0,1,0,0,1,0,1,1,1,0,0,0,0,1,0,0,0,1,1,0,0,1,0,0,1,1,1,0,0,1,1,0,0,1,0,0,1,0,0,1,0,1,0,0,0,0,1,0,0,1,1,1,0,0,0,0,1,0,0,0,1,0,1,1,0,0,1,1,0,1,0,1,1,0,1,1,0,1,1,0,1,1,1,1,0,0,0,1,1,1,0,0,1,0,0,0,0,0,0,0,0,0,0,0,0,1,0
0,1,0,1,0,1,1,0,0,0,0,0,0,0,0,1,1,1,1,0,0,1,0,1,0,1,1,0,0,0,1,0,0,1,0,0,1,0,1,0,0,0,1,1,1,1,0,0,1,0,0,1,1,1,1,1,1,0,0,0,0,1,0,1,1,1,0,1,1,0,1,1,1,0,0,1,1,0,1,1,1,0,0,1,1,0,1,1,1,1,0,1,1,1,0,0,1,0,0,0,0,1,1,0,1,0,1,1,0,1,1,0,0,0,0,1,0,0,1,0,1,1,1,0,0,0,0,1,0,0,0,1,1,0,0,1,0,0,1,1,1,0,0,1,1,0,0,1,0,0,1,0,0,1,0,1,0,0,0,0,1,0,0,1,1,1,0,0,0,0,1,0,0,0,1,0,1,1,0,0,1,1,0,1,0,1,1,0,1,1,0,1,1,0,1,1,1,1,0,0,0,1,1,1,0,0,1,0,0,0,0,0,0,0,0,0,0,0,0,1,0
0,1,0,1,0,1,1,0,0,0,0,0,0,0,0,1,1,1,1,0,0,1,0,1,1,1,1,0,0,0,1,0,0,1,0,1,1,0,1,1,0,0,0,1,1,1,0,0,1,0,0,1,0,1,1,0,0,1,1,0,0,1,0,0,1,1,0,1,1,0,1,1,1,1,0,1,0,0,0,1,1,0,0,1,0,0,0,1,1,1,1,1,0,0,0,0,1,1,0,0,0,1,0,0,1,0,1,1,0,1,1,0,1,1,0,1,0,1,1,0,1,1,0,1,0,0,0,1,1,0,0,1,1,0,0,1,1,0,1,1,0,0,0,1,1,1,1,1,0,1,1,0,0,1,1,1,0,0,0,1,1,0,1,1,0,1,1,0,1,0,0,0,0,1,0,1,1,1,0,0,1,1,0,1,0,0,1,0,1,1,0,1,1,1,1,1,1,1,1,0,0,0,1,1,0,1,1,1,0,0,0,0,0,1,1,0,0,0,0,1,0
0,1,0,1,0,1,1,0,0,0,0,0,0,0,0,1,1,1,1,0,0,1,0,1,1,1,1,0,0,0,1,0,0,1,0,1,1,0,1,1,0,0,0,1,1,1,0,0,1,0,0,1,0,1,1,0,0,1,1,0,0,1,0,0,1,1,0,1,1,0,1,1,1,1,0,1,0,0,0,1,1,0,0,1,0,0,0,1,1,1,1,1,0,0,0,0,1,1,0,0,0,1,0,0,1,0,1,1,0,1,1,0,1,1,0,1,0,1,1,0,1,1,0,1,0,0,0,1,1,0,0,1,1,0,0,1,1,0,1,1,0,0,0,1,1,1,1,1,0,1,1,0,0,1,1,1,0,0,0,1,1,0,1,1,0,1,1,0,1,0,0,0,0,1,0,1,1,1,0,0,1,1,0,1,0,0,1,0,1,1,0,1,1,1,1,1,1,1,1,0,0,0,1,1,0,1,1,0,1,0,0,0,0,1,0,0,1,0,0,1,0
0,1,0,1,0,1,1,0,0,0,0,0,0,0,0,1,1,1,1,0,0,1,0,1,1,1,1,0,0,0,1,0,0,1,0,1,1,0,1,1,0,0,0,1,1,1,0,0,1,0,0,1,0,1,1,0,0,1,1,0,0,1,0,0,1,1,0,1,1,0,1,1,1,1,0,1,0,0,0,1,1,0,0,1,0,0,0,1,1,1,1,1,0,0,0,0,1,1,0,0,0,1,0,0,1,0,1,1,0,1,1,0,1,1,0,1,0,1,1,0,1,1,0,1,0,0,0,1,1,0,0,1,1,0,0,1,1,0,1,1,0,0,0,1,1,1,1,1,0,1,1,0,0,1,1,1,0,0,0,1,1,0,1,1,0,1,1,0,1,0,0,0,0,1,0,1,1,1,0,0,1,1,0,1,0,0,1,0,1,1,1,1,1,1,1,1,1,1,0,1,1,1,1,1,1,1,1,0,0,0,1,0,0,1,0,0,0,0,1,1,0
0,1,0,1,0,1,1,0,0,0,0,0,0,0,0,1,1,1,1,0,0,1,0,1,1,1,1,0,0,0,1,0,0,1,0,1,1,0,1,1,0,0,0,1,1,1,0,0,0,0,0,1,0,1,1,0,0,1,0,0,0,1,0,0,1,1,0,1,1,0,1,1,1,1,0,1,0,0,0,1,1,0,0,1,0,0,0,1,1,1,1,1,0,0,0,0,1,1,0,0,0,1,0,0,1,0,1,1,0,1,1,0,1,0,0,1,0,1,1,0,1,1,0,1,0,0,0,1,1,0,0,1,1,0,0,1,1,0,1,1,0,0,0,1,1,1,1,1,0,1,1,0,0,1,1,1,0,0,0,1,1,0,1,1,0,1,1,0,1,0,0,0,0,1,0,1,1,1,0,0,1,1,0,1,0,0,1,0,1,1,0,1,1,1,1,1,1,1,0,0,0,0,1,1,0,1,1,0,0,0,0,0,0,1,0,0,0,0,0,1,0
0,1,0,1,0,1,1,1,0,0,0,0,0,0,0,1,1,1,1,0,0,1,0,1,1,1,1,0,0,0,1,0,0,1,0,1,1,0,1,1,0,0,0,1,1,1,0,0,0,0,0,1,0,1,1,0,0,1,0,0,0,1,0,0,1,1,0,1,1,0,1,1,1,1,0,1,0,0,0,1,1,0,0,1,0,0,0,1,1,1,1,1,0,0,0,0,1,1,0,1,0,1,0,0,1,0,1,1,0,1,1,0,1,0,0,1,1,1,1,0,1,1,0,1,0,0,0,1,1,0,0,1,1,0,0,1,1,0,1,1,0,0,0,1,1,1,1,1,0,1,1,0,0,1,1,1,0,0,0,1,1,0,1,1,0,1,1,0,1,0,0,0,0,1,0,1,1,1,0,0,1,1,0,1,0,0,1,0,1,1,0,1,1,1,1,1,1,1,0,0,0,0,1,1,0,1,1,0,0,0,0,0,0,1,0,0,0,0,0,1,0
0,1,0,1,0,1,1,1,0,0,0,0,0,0,0,1,1,1,1,0,0,1,0,1,1,1,1,0,0,0,1,0,0,1,0,1,1,0,1,1,0,0,0,1,1,1,0,0,0,0,0,1,0,1,1,0,0,1,0,0,0,1,0,0,1,1,0,1,1,0,1,1,1,1,0,1,0,0,0,1,1,0,0,1,0,0,0,1,1,1,1,1,0,0,0,0,1,1,0,1,0,1,0,0,1,0,1,1,0,1,1,0,1,0,0,1,1,1,1,0,1,1,0,1,0,0,0,1,1,0,0,1,1,0,0,1,1,0,1,1,0,0,0,1,1,1,1,1,0,1,1,0,0,1,1,1,0,0,0,1,1,0,1,1,0,1,1,0,1,0,0,0,0,1,0,1,1,1,0,0,1,1,0,1,0,0,1,0,1,1,0,1,1,1,1,1,1,1,0,0,0,0,1,1,0,1,1,0,0,0,0,0,0,1,0,0,0,0,0,1,0
0,1,0,1,0,1,1,0,0,0,0,0,0,0,0,1,1,1,1,0,0,1,0,1,1,1,1,0,0,0,1,0,0,1,0,1,1,0,1,1,0,0,0,1,1,1,0,0,0,0,0,1,0,1,1,0,0,1,0,0,0,1,0,0,1,1,0,1,1,0,1,1,1,1,0,1,0,0,0,1,1,0,0,1,0,0,0,1,1,1,1,1,0,0,0,0,1,1,0,0,0,1,0,0,1,0,1,1,0,1,1,0,1,0,0,1,0,1,1,0,1,1,0,1,0,0,0,1,1,0,0,1,1,0,0,1,1,0,1,1,0,0,0,1,1,1,1,1,0,1,1,0,0,1,1,1,0,0,0,1,1,0,1,1,0,1,1,0,1,0,0,0,0,1,0,1,1,1,0,0,1,1,0,1,0,0,1,0,1,1,0,1,1,1,1,1,1,1,1,0,0,0,1,1,0,1,1,0,0,1,0,0,0,1,0,0,0,1,0,1,0
0,1,0,1,0,1,1,0,0,0,0,0,0,0,0,1,1,1,1,0,0,1,0,1,1,1,1,0,0,0,1,0,0,1,0,1,1,0,1,1,0,0,0,1,1,1,0,0,0,0,0,1,0,1,1,0,0,1,0,0,0,1,0,0,1,1,0,1,1,0,1,1,1,1,0,1,0,0,0,1,1,0,0,1,0,0,0,1,1,1,1,1,0,0,0,0,1,1,0,0,0,1,0,0,1,0,1,1,0,1,1,0,1,0,0,1,0,1,1,0,1,1,0,1,0,0,0,1,1,0,0,1,1,0,0,1,1,0,1,1,0,0,0,1,1,1,1,1,0,1,1,0,0,1,1,1,0,0,0,1,1,0,1,1,0,1,1,0,1,0,0,0,0,1,0,1,1,1,0,0,1,1,0,1,0,0,1,0,1,1,0,1,1,1,1,1,1,1,0,0,0,0,1,1,0,1,1,0,0,0,0,0,0,1,0,0,0,0,0,1,0
0,1,0,1,0,1,1,0,0,1,0,0,0,0,0,1,1,1,0,1,1,1,0,1,0,1,1,1,0,0,1,0,1,1,0,0,1,0,1,1,1,1,1,1,1,1,1,1,1,1,1,1,0,1,1,0,1,1,0,0,0,1,0,0,1,1,0,1,1,0,1,1,1,0,1,1,0,0,1,1,1,1,1,1,0,0,1,1,1,1,1,1,0,0,1,0,1,1,1,1,0,1,0,1,1,0,1,1,0,1,1,1,1,0,0,1,1,1,1,1,1,1,0,1,0,0,0,1,1,0,1,1,1,0,0,1,1,1,1,1,0,0,1,1,1,1,1,1,0,1,1,0,0,1,1,1,0,0,0,1,1,0,1,1,0,1,1,0,1,0,0,0,0,1,0,1,1,1,0,0,1,1,0,1,0,0,1,0,1,1,1,1,1,1,1,1,1,1,0,1,0,1,1,1,0,0,1,0,0,0,0,0,0,0,0,0,0,0,0,1,0
0,1,0,1,0,1,1,0,0,0,0,0,0,0,0,1,1,1,1,0,0,1,0,1,1,1,1,0,0,0,1,0,0,1,0,1,1,0,1,1,0,0,0,1,1,1,0,0,0,0,0,1,0,1,1,0,0,1,0,0,0,1,0,0,1,1,0,1,1,0,1,1,1,1,0,1,0,0,0,1,1,0,0,1,0,0,0,1,1,1,1,1,0,0,0,0,1,1,0,0,0,1,0,0,1,0,1,1,0,1,1,0,1,0,0,1,0,1,1,0,1,1,0,1,0,0,0,1,1,0,0,1,1,0,0,1,1,0,1,1,0,0,0,1,1,1,1,1,0,1,1,0,0,1,1,1,0,0,0,1,1,0,1,1,0,1,1,0,1,0,0,0,0,1,0,1,1,1,0,0,1,1,0,1,0,0,1,0,1,1,0,1,1,1,1,1,1,1,0,0,0,0,1,1,0,1,1,0,0,0,0,0,0,1,0,0,0,0,0,1,0
0,1,0,1,0,1,1,0,0,0,0,0,0,0,0,1,1,1,0,1,1,1,0,1,0,1,1,1,0,0,1,0,0,1,0,0,1,0,1,1,0,1,1,1,1,1,0,1,1,1,1,1,0,1,1,0,1,1,0,0,0,1,0,0,1,1,0,1,1,0,1,1,1,0,1,1,0,0,1,1,1,1,1,1,0,0,1,1,1,1,1,1,0,0,1,0,1,1,0,1,0,1,0,1,1,0,1,1,0,1,1,1,1,0,0,1,1,1,1,0,1,1,0,1,0,0,0,1,1,0,1,1,1,0,0,1,1,0,1,1,0,0,0,1,1,1,1,1,0,1,1,0,0,1,1,1,0,0,0,1,1,0,1,1,0,1,1,0,1,0,0,0,0,1,0,1,1,1,0,0,1,1,0,1,0,0,1,0,1,1,1,1,1,1,1,1,1,1,0,1,0,1,1,1,0,0,1,0,0,0,0,0,0,0,0,0,0,0,0,1,0
0,1,0,1,0,1,1,1,0,0,0,0,0,0,0,1,1,1,0,1,1,1,0,1,0,1,1,1,0,0,1,0,0,1,0,0,1,0,1,1,0,1,1,1,1,1,0,1,1,1,1,1,0,1,1,0,1,1,0,0,0,1,0,0,1,1,0,1,1,0,1,1,1,0,1,1,0,0,1,1,1,1,1,1,0,0,1,1,1,1,1,1,0,0,1,0,1,1,0,1,0,1,0,1,1,0,1,1,0,1,1,1,1,0,0,1,1,1,1,0,1,1,0,1,0,0,0,1,1,0,1,1,1,0,0,1,1,0,1,1,0,0,0,1,1,1,1,1,0,1,1,0,0,1,1,1,0,0,0,1,1,0,1,1,0,1,1,0,1,0,0,0,0,1,0,1,1,1,0,0,1,1,0,1,0,0,1,0,1,1,1,1,1,1,1,1,1,1,0,1,0,1,1,1,0,0,1,0,0,0,0,0,0,0,0,0,0,0,0,1,0
0,1,0,1,0,1,1,0,0,0,1,1,0,0,0,1,1,1,0,0,0,1,0,0,0,1,1,0,0,0,1,0,0,1,0,0,1,0,1,1,0,0,1,1,1,1,0,0,1,0,0,1,0,1,1,0,1,1,0,0,0,1,0,0,1,1,0,1,1,0,1,1,1,0,0,1,0,0,1,1,1,0,0,1,0,0,1,1,1,1,1,1,0,0,0,0,1,1,0,0,0,1,0,0,1,0,1,1,0,1,1,0,1,0,0,1,0,1,1,0,1,1,0,1,0,0,0,1,1,0,0,1,1,0,0,1,1,0,1,1,0,0,0,1,1,1,1,1,0,1,1,0,0,1,1,1,0,0,0,1,1,0,1,1,0,1,1,0,1,0,0,0,0,1,0,1,1,1,0,0,1,1,0,1,0,0,1,0,1,1,1,1,1,1,1,1,1,1,0,1,0,1,1,1,0,0,1,0,0,0,0,0,0,0,0,0,0,0,0,0,0
0,1,0,1,0,1,1,1,0,0,0,0,0,0,0,1,1,1,1,0,0,1,0,1,0,1,1,0,0,0,1,0,0,1,0,0,1,0,1,1,0,0,1,1,1,1,0,0,1,0,0,1,0,1,1,0,1,1,0,0,0,1,0,0,1,1,0,1,1,0,1,1,1,0,0,1,0,0,1,1,1,0,0,1,0,0,1,1,1,1,1,1,0,0,0,0,1,1,0,1,0,1,0,0,1,0,1,1,0,1,1,0,1,0,0,1,1,1,1,0,1,1,0,1,0,0,0,1,1,0,0,1,1,0,0,1,1,0,1,1,0,0,0,1,1,1,1,1,0,1,1,0,0,1,1,1,0,0,0,1,1,0,1,1,0,1,1,0,1,0,0,0,0,1,0,1,1,1,0,0,1,1,0,1,0,0,1,0,1,1,1,1,1,1,1,1,1,1,0,1,0,1,1,1,0,0,1,0,0,0,0,0,0,0,0,0,0,0,0,1,0
0,1,0,1,0,1,1,0,0,0,0,0,0,0,0,1,1,1,1,0,0,1,0,1,0,1,1,0,0,0,1,0,0,1,0,0,1,0,1,1,0,0,1,1,1,1,0,0,1,0,0,1,0,1,1,0,1,1,0,0,0,1,0,0,1,1,0,1,1,0,1,1,1,0,0,1,0,0,1,1,1,0,0,1,0,0,1,1,1,1,1,1,0,0,0,0,1,1,0,0,0,1,0,0,1,0,1,1,0,1,1,0,1,0,0,1,0,1,1,0,1,1,0,1,0,0,0,1,1,0,0,1,1,0,0,1,1,0,1,1,0,0,0,1,1,1,1,1,0,1,1,0,0,1,1,1,0,0,0,1,1,0,1,1,0,1,1,0,1,0,0,0,0,1,0,1,1,1,0,0,1,1,0,1,0,0,1,0,1,1,1,1,1,1,1,1,1,1,0,1,0,1,1,1,0,0,1,0,0,0,0,0,0,1,0,0,0,0,0,1,0
0,1,0,1,0,1,1,0,0,1,0,0,0,0,0,1,1,1,1,0,0,1,0,1,0,1,1,0,0,0,1,0,1,1,0,0,1,0,1,1,1,0,1,1,1,1,1,0,1,0,0,1,0,1,1,0,1,1,0,0,0,1,0,0,1,1,0,1,1,0,1,1,1,0,0,1,0,0,1,1,1,0,0,1,0,0,1,1,1,1,1,1,0,0,0,0,1,1,1,0,1,1,0,0,1,0,1,1,0,1,1,0,1,0,0,1,0,1,1,1,1,1,0,1,0,0,0,1,1,0,0,1,1,0,0,1,1,1,1,1,0,0,1,1,1,1,1,1,0,1,1,0,0,1,1,1,0,0,0,1,1,0,1,1,0,1,1,0,1,0,0,0,0,1,0,1,1,1,0,0,1,1,0,1,0,0,1,0,1,1,1,1,1,1,1,1,1,1,0,1,0,1,1,1,0,0,1,0,0,0,0,0,0,0,0,0,0,0,0,1,0
0,1,0,1,0,1,1,0,0,0,0,0,0,0,0,1,1,1,1,0,0,1,0,1,0,1,1,0,0,0,1,0,0,1,0,0,1,0,1,1,0,0,1,1,1,1,0,0,1,0,0,1,0,1,1,0,1,1,0,0,0,1,0,0,1,1,0,1,1,0,1,1,1,0,0,1,0,0,1,1,1,0,0,1,0,0,1,1,1,1,1,1,0,0,0,0,1,1,0,0,0,1,0,0,1,0,1,1,0,1,1,0,1,0,0,1,0,1,1,0,1,1,0,1,0,0,0,1,1,0,0,1,1,0,0,1,1,0,1,1,0,0,0,1,1,1,1,1,0,1,1,0,0,1,1,1,0,0,0,1,1,0,1,1,0,1,1,0,1,0,0,0,0,1,0,1,1,1,0,0,1,1,0,1,0,0,1,0,1,1,1,1,1,1,1,1,1,1,0,1,0,1,1,1,0,0,1,0,0,0,0,0,0,1,0,0,0,0,0,1,0
0,1,0,1,0,1,1,0,0,0,0,0,0,0,0,1,1,1,1,0,0,1,0,1,0,1,1,0,0,0,1,0,0,1,0,0,1,0,1,1,0,0,1,1,1,1,0,0,1,0,0,1,0,1,1,0,1,1,0,0,0,1,0,0,1,1,0,1,1,0,1,1,1,0,0,1,0,0,1,1,1,0,0,1,0,0,1,1,1,1,1,1,0,0,0,0,1,1,0,0,0,1,0,0,1,0,1,1,0,1,1,0,1,0,0,1,0,1,1,0,1,1,0,1,0,0,0,1,1,0,0,1,1,0,0,1,1,0,1,1,0,0,0,1,1,1,1,1,0,1,1,0,0,1,1,1,0,0,0,1,1,0,1,1,0,1,1,0,1,0,0,0,0,1,0,1,1,1,0,0,1,1,0,1,0,0,1,0,1,1,1,1,1,1,1,1,1,1,0,1,0,1,1,1,0,0,1,0,0,0,0,0,0,0,0,0,0,0,0,1,0
0,1,0,1,0,1,1,1,0,0,0,0,0,0,0,1,1,1,0,0,0,1,0,0,0,1,1,0,0,0,1,0,0,1,0,0,1,0,1,1,0,0,1,1,1,1,0,0,1,0,0,1,0,1,1,0,1,1,1,0,0,1,0,0,1,1,0,1,1,0,1,1,1,0,0,1,0,0,1,1,1,0,0,1,0,0,1,1,1,1,1,1,0,0,0,0,1,1,0,0,0,1,0,0,1,0,1,1,0,1,1,0,1,1,1,1,0,1,1,0,1,1,0,1,0,1,0,1,1,0,0,1,1,0,0,1,1,0,1,1,0,0,0,1,1,1,1,1,0,1,1,0,0,1,1,1,0,0,0,1,1,1,1,1,0,1,1,0,1,0,0,0,0,1,0,1,1,1,0,1,1,1,0,1,0,0,1,0,1,1,1,1,1,1,1,1,1,1,1,1,0,1,1,1,0,0,1,1,1,0,0,0,1,0,1,0,1,0,0,0,1
0,1,0,1,0,1,1,1,0,0,0,0,0,0,0,1,1,1,0,0,0,1,0,0,0,1,1,0,0,0,1,0,0,1,0,0,1,0,1,1,0,0,1,1,1,1,0,0,1,0,0,1,0,1,1,0,1,1,1,0,0,1,0,0,1,1,0,1,1,0,1,1,1,0,0,1,0,0,1,1,1,0,0,1,0,0,1,1,1,1,1,1,0,0,0,0,1,1,0,0,0,1,0,0,1,0,1,1,0,1,1,0,1,1,0,1,0,1,1,0,1,1,0,1,0,0,0,1,1,0,0,1,1,0,0,1,1,0,1,1,0,0,0,1,1,1,1,1,0,1,1,0,0,1,1,1,0,0,0,1,1,0,1,1,0,1,1,0,1,0,0,0,0,1,0,1,1,1,0,0,1,1,0,1,0,0,1,0,1,1,1,1,1,1,1,1,1,1,0,1,1,1,1,1,1,0,1,0,0,0,1,0,0,0,0,0,0,0,1,0,0
0,1,0,1,0,1,1,1,0,0,0,0,0,0,0,1,1,1,1,0,0,1,0,1,0,1,1,0,0,0,1,0,0,1,0,0,1,0,1,1,0,0,1,1,1,1,0,0,1,0,0,1,0,1,1,0,1,1,1,0,0,1,0,0,1,1,0,1,1,0,1,1,1,0,0,1,0,0,1,1,1,0,0,1,0,0,1,1,1,1,1,1,0,0,0,0,1,1,0,0,0,1,0,0,1,0,1,1,0,1,1,0,1,1,1,1,0,1,1,0,1,1,0,1,0,1,0,1,1,0,0,1,1,0,0,1,1,0,1,1,0,0,0,1,1,1,1,1,0,1,1,0,0,1,1,1,0,0,0,1,1,1,1,1,0,1,1,0,1,0,0,0,0,1,0,1,1,1,0,1,1,1,0,1,0,0,1,0,1,1,1,1,1,1,1,1,1,1,1,1,0,1,1,1,0,0,1,1,1,0,0,0,1,0,1,0,1,0,0,1,1
0,1,0,1,0,1,1,1,0,0,0,0,0,0,0,1,1,1,0,0,0,1,0,0,0,1,1,0,0,0,1,0,0,1,0,0,1,0,1,1,0,0,1,1,1,1,0,0,1,0,0,1,0,1,1,0,1,1,1,0,0,1,0,0,1,1,0,1,1,0,1,1,1,0,0,1,0,0,1,1,1,0,0,1,0,0,1,1,1,1,1,1,0,0,0,0,1,1,0,0,0,1,0,0,1,0,1,1,0,1,1,0,1,1,0,1,0,1,1,0,1,1,0,1,0,0,0,1,1,0,0,1,1,0,0,1,1,0,1,1,0,0,0,1,1,1,1,1,0,1,1,0,0,1,1,1,0,0,0,1,1,0,1,1,0,1,1,0,1,0,0,0,0,1,0,1,1,1,0,0,1,1,0,1,0,0,1,0,1,1,1,1,1,1,1,1,1,1,1,1,0,1,1,1,0,0,1,0,1,0,0,0,0,0,0,0,1,0,0,0,0
0,1,0,1,0,1,1,1,0,0,0,0,0,0,0,1,1,1,1,0,0,1,0,1,0,1,1,0,0,0,1,0,0,1,0,0,1,0,1,1,0,0,1,1,1,1,0,0,1,0,0,1,0,1,1,0,1,1,1,0,0,1,0,0,1,1,0,1,1,0,1,1,1,0,0,1,0,0,1,1,1,0,0,1,0,0,1,1,1,1,1,1,0,0,0,0,1,1,0,0,0,1,0,0,1,0,1,1,0,1,1,0,1,1,0,1,0,1,1,0,1,1,0,1,0,0,0,1,1,0,0,1,1,0,0,1,1,0,1,1,0,0,0,1,1,1,1,1,0,1,1,0,0,1,1,1,0,0,0,1,1,0,1,1,0,1,1,0,1,0,0,0,0,1,0,1,1,1,0,0,1,1,0,1,0,0,1,0,1,1,1,1,1,1,1,1,1,1,1,1,0,1,1,1,0,0,1,0,1,0,0,0,0,0,0,0,1,0,0,1,0
0,1,0,1,0,1,1,1,0,0,1,1,0,0,0,1,1,1,0,0,0,1,0,0,0,1,1,0,0,0,1,0,0,1,0,0,1,0,1,1,0,0,1,1,1,1,0,0,1,0,0,1,0,1,1,0,1,1,1,0,0,1,0,0,1,1,0,1,1,0,1,1,1,0,0,1,0,0,1,1,1,0,0,1,0,0,1,1,1,1,1,1,0,0,0,0,1,1,0,0,0,1,0,0,1,0,1,1,0,1,1,0,1,1,1,1,0,1,1,0,1,1,0,1,0,1,0,1,1,0,0,1,1,0,0,1,1,0,1,1,0,0,0,1,1,1,1,1,0,1,1,0,0,1,1,1,0,0,0,1,1,1,1,1,0,1,1,0,1,0,0,0,0,1,0,1,1,1,0,1,1,1,0,1,0,0,1,0,1,1,1,1,1,1,1,1,1,1,1,1,0,1,1,1,0,0,1,1,1,0,0,0,1,0,1,0,1,0,0,0,1
0,1,0,1,0,1,1,0,1,0,1,0,0,1,0,1,1,1,0,0,0,0,0,0,0,1,1,1,0,0,1,1,0,1,0,0,1,0,1,1,0,0,1,1,1,1,0,0,1,0,0,1,0,1,1,0,1,1,0,0,0,1,0,0,1,1,0,1,1,0,1,1,1,0,0,1,0,0,1,1,1,0,0,1,0,0,1,1,1,1,1,1,0,0,0,0,1,1,0,0,0,1,0,0,1,0,1,1,0,1,1,0,1,0,0,1,0,1,1,0,1,1,0,1,0,0,0,1,1,0,0,1,1,0,0,1,1,0,1,1,0,0,0,1,1,1,1,1,0,1,1,0,0,1,1,1,0,0,0,1,1,0,1,1,0,1,1,0,1,0,0,0,0,1,0,1,1,1,0,0,1,1,0,1,0,0,1,0,1,1,1,1,1,1,1,1,1,1,0,1,0,1,1,1,0,0,1,0,0,0,0,0,0,0,0,0,0,0,0,0,0
0,1,0,1,0,1,1,1,0,0,1,1,0,0,0,1,1,1,0,0,0,1,0,0,0,1,1,0,0,0,1,0,0,1,0,0,1,0,1,1,0,0,1,1,1,1,0,0,1,0,0,1,0,1,1,0,1,1,1,0,0,1,0,0,1,1,0,1,1,0,1,1,1,0,0,1,0,0,1,1,1,0,0,1,0,0,1,1,1,1,1,1,0,0,0,0,1,1,0,0,0,1,0,0,1,0,1,1,0,1,1,0,1,1,0,1,0,1,1,0,1,1,0,1,0,0,0,1,1,0,0,1,1,0,0,1,1,0,1,1,0,0,0,1,1,1,1,1,0,1,1,0,0,1,1,1,0,0,0,1,1,0,1,1,0,1,1,0,1,0,0,0,0,1,0,1,1,1,0,0,1,1,0,1,0,0,1,0,1,1,1,1,1,1,1,1,1,1,1,1,0,1,1,1,0,0,1,0,1,0,0,0,0,0,0,0,1,0,0,0,0
0,1,0,1,0,1,1,0,0,0,0,0,0,0,0,1,1,1,0,1,1,1,0,0,0,1,1,1,0,0,1,0,0,1,0,0,1,0,1,1,0,1,1,1,1,1,0,1,1,1,1,1,0,1,1,0,1,1,0,0,0,1,0,0,1,1,0,1,1,0,1,1,1,0,1,1,0,0,1,1,1,1,1,1,0,0,1,1,1,1,1,1,0,0,1,0,1,1,0,1,0,1,0,1,1,0,1,1,0,1,1,1,1,0,0,1,1,1,1,0,1,1,0,1,0,0,0,1,1,0,1,1,1,0,0,1,1,0,1,1,0,0,0,1,1,1,1,1,0,1,1,0,0,1,1,1,0,0,0,1,1,0,1,1,0,1,1,0,1,0,0,0,0,1,0,1,1,1,0,0,1,1,0,1,0,0,1,0,1,1,1,1,1,1,1,1,1,1,0,1,0,1,1,1,0,0,1,0,0,0,0,0,0,0,0,0,0,0,0,0,0
0,1,0,1,0,1,1,0,0,0,0,0,0,0,0,1,1,1,0,1,1,1,0,0,0,1,1,1,0,0,1,0,0,1,0,0,1,0,1,1,0,1,1,1,1,1,0,1,1,1,1,1,0,1,1,0,1,1,0,0,0,1,0,0,1,1,0,1,1,0,1,1,1,0,1,1,0,0,1,1,1,1,1,1,0,0,1,1,1,1,1,1,0,0,1,0,1,1,0,1,0,1,0,1,1,0,1,1,0,1,1,1,1,0,0,1,1,1,1,0,1,1,0,1,0,0,0,1,1,0,1,1,1,0,0,1,1,0,1,1,0,0,0,1,1,1,1,1,0,1,1,0,0,1,1,1,0,0,0,1,1,0,1,1,0,1,1,0,1,0,0,0,0,1,0,1,1,1,0,0,1,1,0,1,0,0,1,0,1,1,1,1,1,1,1,1,1,1,0,1,0,1,1,1,0,0,1,0,0,0,0,0,0,0,0,0,0,0,0,0,0
0,1,0,1,0,1,1,0,1,0,1,0,0,1,0,1,1,1,0,0,0,1,0,0,0,1,1,1,0,0,1,1,0,1,0,0,1,0,1,1,0,0,1,1,1,1,0,0,1,0,0,1,0,1,1,0,1,1,0,0,0,1,0,0,1,1,0,1,1,0,1,1,1,0,0,1,0,0,1,1,1,0,0,1,0,0,1,1,1,1,1,1,0,0,0,0,1,1,0,0,0,1,0,0,1,0,1,1,0,1,1,0,1,0,0,1,0,1,1,0,1,1,0,1,0,0,0,1,1,0,0,1,1,0,0,1,1,0,1,1,0,0,0,1,1,1,1,1,0,1,1,0,0,1,1,1,0,0,0,1,1,0,1,1,0,1,1,0,1,0,0,0,0,1,0,1,1,1,0,0,1,1,0,1,0,0,1,0,1,1,1,1,1,1,1,1,1,1,0,1,0,1,1,1,0,0,1,0,0,0,0,0,0,0,0,0,0,0,0,1,0
0,1,0,1,0,1,1,1,0,0,1,0,0,1,0,1,1,1,0,0,0,1,0,0,0,1,1,1,0,0,1,0,0,1,0,0,1,0,1,1,0,0,1,1,1,1,0,0,1,0,0,1,0,1,1,0,1,1,0,0,0,1,0,0,1,1,0,1,1,0,1,1,1,1,0,1,0,0,1,1,1,0,0,1,0,0,1,1,1,1,1,1,0,0,0,1,1,1,0,0,0,1,0,0,1,0,1,1,0,1,1,0,1,1,0,1,0,1,1,0,1,1,0,1,0,0,0,1,1,0,0,1,1,0,0,1,1,0,1,1,0,1,0,1,1,1,1,1,0,1,1,0,0,1,1,1,0,1,0,1,1,0,1,1,0,1,1,0,1,0,0,0,0,1,0,1,1,1,0,0,1,1,0,1,1,0,1,1,1,1,1,1,1,1,1,1,1,1,1,1,0,1,1,1,0,0,1,0,0,0,0,0,0,0,0,0,0,0,0,1,0
0,1,0,1,0,1,1,0,0,0,0,0,0,0,0,1,1,1,0,1,1,1,0,1,0,1,1,1,0,0,1,0,0,1,0,0,1,0,1,1,0,1,1,1,1,1,0,1,1,1,1,1,0,1,1,0,1,1,0,0,0,1,0,0,1,1,0,1,1,0,1,1,1,0,1,1,0,0,1,1,1,1,1,1,0,0,1,1,1,1,1,1,0,0,1,0,1,1,0,1,0,1,0,1,1,0,1,1,0,1,1,1,1,0,0,1,1,1,1,0,1,1,0,1,0,0,0,1,1,0,1,1,1,0,0,1,1,0,1,1,0,0,0,1,1,1,1,1,0,1,1,0,0,1,1,1,0,0,0,1,1,0,1,1,0,1,1,0,1,0,0,0,0,1,0,1,1,1,0,0,1,1,0,1,0,0,1,0,1,1,1,1,1,1,1,1,1,1,0,1,0,1,1,1,0,0,1,0,0,0,0,0,0,0,0,0,0,0,0,1,0
0,1,0,1,0,1,1,0,0,0,0,0,0,0,0,1,1,1,0,1,1,1,0,1,0,1,1,1,0,0,1,0,0,1,0,0,1,0,1,1,0,1,1,1,1,1,0,1,1,1,1,1,0,1,1,0,1,1,0,0,0,1,0,0,1,1,0,1,1,0,1,1,1,0,1,1,0,0,1,1,1,1,1,1,0,0,1,1,1,1,1,1,0,0,1,0,1,1,0,1,0,1,0,1,1,0,1,1,0,1,1,1,1,0,0,1,1,1,1,0,1,1,0,1,0,0,0,1,1,0,1,1,1,0,0,1,1,0,1,1,0,0,0,1,1,1,1,1,0,1,1,0,0,1,1,1,0,0,0,1,1,0,1,1,0,1,1,0,1,0,0,0,0,1,0,1,1,1,0,0,1,1,0,1,0,0,1,0,1,1,1,1,1,1,1,1,1,1,0,1,0,1,1,1,0,0,1,0,0,0,0,0,0,0,0,0,0,0,0,1,0
0,1,0,1,0,1,1,0,1,0,1,1,0,1,1,1,1,1,0,0,0,0,0,0,0,1,1,1,0,0,1,1,0,1,0,0,1,0,1,1,0,0,1,1,1,1,0,0,1,0,0,1,0,1,1,0,1,1,0,0,0,1,0,0,1,1,0,1,1,0,1,1,1,0,0,1,0,0,1,1,1,0,0,1,0,0,1,1,1,1,1,1,0,0,0,0,1,1,0,0,0,1,0,0,1,0,1,1,0,1,1,0,1,0,0,1,0,1,1,0,1,1,0,1,0,0,0,1,1,0,0,1,1,0,0,1,1,0,1,1,0,0,0,1,1,1,1,1,0,1,1,0,0,1,1,1,0,0,0,1,1,0,1,1,0,1,1,0,1,0,0,0,0,1,0,1,1,1,0,0,1,1,0,1,0,0,1,0,1,1,1,1,1,1,1,1,1,1,0,1,0,1,1,1,0,0,1,0,0,0,0,0,0,0,0,0,0,0,0,0,0
0,1,0,1,0,1,1,1,0,0,0,0,0,0,0,1,1,1,1,0,0,1,0,1,0,1,1,0,0,0,1,0,0,1,0,0,1,0,1,1,0,0,1,1,1,1,0,0,1,0,0,1,0,1,1,0,1,1,1,0,0,1,0,0,1,1,0,1,1,0,1,1,1,0,0,1,0,0,1,1,1,0,0,1,0,0,1,1,1,1,1,1,0,0,0,0,1,1,0,0,0,1,0,0,1,0,1,1,0,1,1,0,1,1,0,1,0,1,1,0,1,1,0,1,0,0,0,1,1,0,0,1,1,0,0,1,1,0,1,1,0,0,0,1,1,1,1,1,0,1,1,0,0,1,1,1,0,0,0,1,1,0,1,1,0,1,1,0,1,0,0,0,0,1,0,1,1,1,0,0,1,1,0,1,0,0,1,0,1,1,1,1,1,1,1,1,1,1,1,1,0,1,1,1,0,0,1,1,0,0,0,0,0,0,1,0,0,0,0,1,0
0,1,0,1,0,1,1,0,0,0,1,1,0,0,0,1,1,1,0,1,1,1,0,0,0,1,1,1,0,0,1,0,0,1,0,0,1,0,1,1,0,1,1,1,1,1,0,1,1,1,1,1,0,1,1,0,1,1,0,0,0,1,0,0,1,1,0,1,1,0,1,1,1,0,1,1,0,0,1,1,1,1,1,1,0,0,1,1,1,1,1,1,0,0,1,0,1,1,0,1,0,1,0,1,1,0,1,1,0,1,1,1,1,0,0,1,1,1,1,0,1,1,0,1,0,0,0,1,1,0,1,1,1,0,0,1,1,0,1,1,0,0,0,1,1,1,1,1,0,1,1,0,0,1,1,1,0,0,0,1,1,0,1,1,0,1,1,0,1,0,0,0,0,1,0,1,1,1,0,0,1,1,0,1,0,0,1,0,1,1,1,1,1,1,1,1,1,1,0,1,0,1,1,1,0,0,1,0,0,0,0,0,0,0,0,0,0,0,0,0,0
0,1,0,1,0,1,1,0,0,0,0,0,0,0,0,1,1,1,0,1,1,1,0,0,0,1,1,1,1,0,1,0,0,1,0,0,0,0,1,1,0,0,1,1,1,1,0,0,1,0,0,1,1,1,1,1,1,1,1,1,0,1,0,0,1,1,0,1,1,0,1,1,1,0,0,1,1,0,1,1,1,0,0,1,1,0,1,1,1,1,1,1,1,1,0,1,1,1,0,0,0,1,1,0,1,0,1,1,0,1,1,0,1,1,0,1,0,1,1,0,1,1,1,1,0,0,0,1,1,0,0,1,1,1,0,1,1,0,1,1,1,1,0,1,1,1,1,1,0,0,1,0,0,1,0,1,0,1,0,1,1,0,0,1,1,1,1,0,1,0,0,0,0,1,1,1,1,1,0,0,1,1,0,1,0,1,1,0,1,1,0,1,1,0,1,1,1,1,1,0,0,1,1,1,0,0,1,1,0,0,0,0,0,0,1,0,0,0,0,0,0
0,1,0,1,0,1,1,0,0,0,0,0,0,0,0,1,1,1,1,1,1,1,0,1,0,1,1,1,1,0,1,0,0,1,0,0,0,0,1,1,0,0,1,1,1,1,0,0,1,0,0,1,1,1,1,1,1,1,1,1,0,1,0,0,1,1,0,1,1,0,1,1,1,0,0,1,1,0,1,1,1,0,0,1,1,0,1,1,1,1,1,1,1,1,0,1,1,1,0,0,0,1,1,0,1,0,1,1,0,1,1,0,1,1,0,1,0,1,1,0,1,1,1,1,0,0,0,1,1,0,0,1,1,1,0,1,1,0,1,1,1,1,0,1,1,1,1,1,0,0,1,0,0,1,0,1,0,1,0,1,1,0,0,1,1,1,1,0,1,0,0,0,0,1,1,1,1,1,0,0,1,1,0,1,0,1,1,0,1,1,0,1,1,0,1,1,1,1,1,0,0,1,1,1,0,0,1,1,0,0,0,0,0,0,1,0,0,0,0,1,0
0,1,0,1,0,1,1,0,0,0,1,1,0,0,0,1,1,1,0,1,1,1,0,0,0,1,1,1,1,0,1,0,0,1,0,0,0,0,1,1,0,0,1,1,1,1,0,0,1,0,0,1,1,1,1,1,1,1,1,1,0,1,0,0,1,1,0,1,1,0,1,1,1,0,0,1,1,0,1,1,1,0,0,1,1,0,1,1,1,1,1,1,1,1,0,1,1,1,0,0,0,1,1,0,1,0,1,1,0,1,1,0,1,1,0,1,0,1,1,0,1,1,1,1,0,0,0,1,1,0,0,1,1,1,0,1,1,0,1,1,1,1,0,1,1,1,1,1,0,0,1,0,0,1,0,1,0,1,0,1,1,0,0,1,1,1,1,0,1,0,0,0,0,1,1,1,1,1,0,0,1,1,0,1,0,1,1,0,1,1,0,1,1,0,1,1,1,1,1,0,0,1,1,1,0,0,1,1,0,0,0,0,0,0,1,0,0,0,0,0,0
0,1,0,1,0,1,1,0,0,0,0,0,0,0,0,1,1,1,0,1,1,1,0,0,0,1,1,1,1,0,1,0,0,1,0,0,0,0,1,0,0,0,1,1,1,1,0,0,1,0,0,1,1,1,1,1,1,0,0,1,0,1,0,0,1,1,0,1,1,0,1,1,1,0,0,1,1,0,1,1,1,0,0,1,1,0,1,1,1,1,0,1,1,1,0,1,1,0,0,0,0,1,1,0,1,0,1,1,0,1,1,0,0,0,0,1,0,1,1,0,1,1,1,0,0,0,0,1,1,0,0,1,1,1,0,1,0,0,1,1,1,1,0,1,1,1,0,1,0,0,1,0,0,1,0,1,0,1,0,0,1,0,0,1,1,1,1,0,1,0,0,0,0,0,1,1,1,1,0,0,1,1,0,1,0,1,1,0,1,1,0,1,1,0,1,1,1,1,0,0,0,1,1,1,0,0,1,0,0,0,0,0,0,0,0,0,0,0,0,0,0
0,1,0,1,0,1,1,0,0,0,1,1,0,0,0,1,1,1,0,1,1,1,0,0,0,1,1,1,1,0,1,0,0,1,0,0,0,0,1,0,0,0,1,1,1,1,0,0,1,0,0,1,1,1,1,1,1,0,0,1,0,1,0,0,1,1,0,1,1,0,1,1,1,0,0,1,1,0,1,1,1,0,0,1,1,0,1,1,1,1,0,1,1,1,0,1,1,0,0,0,0,1,1,0,1,0,1,1,0,1,1,0,0,0,0,1,0,1,1,0,1,1,1,0,0,0,0,1,1,0,0,1,1,1,0,1,0,0,1,1,1,1,0,1,1,1,0,1,0,0,1,0,0,1,0,1,0,1,0,0,1,0,0,1,1,1,1,0,1,0,0,0,0,0,1,1,1,1,0,0,1,1,0,1,0,1,1,0,1,1,0,1,1,0,1,1,1,1,0,0,0,1,1,1,0,0,1,0,0,0,0,0,0,0,0,0,0,0,0,0,0
0,1,0,1,0,1,1,0,0,0,0,0,0,0,0,1,1,1,1,1,1,1,0,1,0,1,1,1,1,0,1,0,0,1,0,0,0,0,1,1,0,0,1,1,1,1,0,0,1,0,0,1,1,1,1,1,1,0,0,1,0,1,0,0,1,1,0,1,1,0,1,1,1,0,0,1,1,0,1,1,1,0,0,1,1,0,1,1,1,1,0,1,1,1,0,1,1,0,0,0,0,1,1,0,1,0,1,1,0,1,1,0,0,0,0,1,0,1,1,0,1,1,1,0,0,0,0,1,1,0,0,1,1,1,0,1,0,0,1,1,1,1,0,1,1,1,0,1,0,0,1,0,0,1,0,1,0,1,0,0,1,0,0,1,1,1,1,0,1,0,0,0,0,0,1,1,1,1,0,0,1,1,0,1,0,1,1,0,1,1,0,1,1,0,1,1,1,1,0,0,0,1,1,1,0,0,1,0,0,0,0,0,0,0,0,0,0,0,0,1,0
0,1,0,1,0,1,1,0,0,0,0,0,0,0,0,1,1,1,0,1,1,1,0,0,0,1,1,1,1,0,1,0,0,1,0,0,0,0,1,1,0,0,1,1,1,1,0,0,1,0,0,1,1,1,1,1,1,1,1,1,0,1,0,0,1,1,0,1,1,0,1,1,1,0,0,1,1,0,1,1,1,0,0,1,1,0,1,1,1,1,1,1,1,1,0,1,1,1,0,0,0,1,1,0,1,0,1,1,0,1,1,0,1,1,0,1,0,1,1,0,1,1,1,1,0,0,0,1,1,0,0,1,1,1,0,1,1,0,1,1,1,1,0,1,1,1,1,1,0,0,1,0,0,1,0,1,0,1,0,1,1,0,0,1,1,1,1,0,1,0,0,0,0,1,1,1,1,1,0,0,1,1,0,1,0,1,1,0,1,1,0,1,1,0,1,1,1,1,1,0,0,1,1,1,0,0,1,1,0,0,0,0,0,0,1,0,0,0,0,0,0
0,1,0,1,0,1,1,0,0,0,0,0,0,0,0,1,1,1,0,1,1,1,0,0,0,1,1,1,1,0,1,0,0,1,0,0,0,0,1,0,0,0,1,1,1,1,0,0,1,0,0,1,1,1,1,1,1,0,0,1,0,1,0,0,1,1,0,1,1,0,1,1,1,0,0,1,1,0,1,1,1,0,0,1,1,0,1,1,1,1,0,1,1,1,0,1,1,0,0,0,0,1,1,0,1,0,1,1,0,1,1,0,0,0,0,1,0,1,1,0,1,1,1,0,0,0,0,1,1,0,0,1,1,1,0,1,0,0,1,1,1,1,0,1,1,1,0,1,0,0,1,0,0,1,0,1,0,1,0,0,1,0,0,1,1,1,1,0,1,0,0,0,0,0,1,1,1,1,0,0,1,1,0,1,0,1,1,0,1,1,0,1,1,0,1,1,1,1,0,0,0,1,1,1,0,0,1,0,0,0,0,0,0,0,0,0,0,0,0,0,0
0,1,0,1,1,1,1,1,0,0,0,0,0,0,0,1,1,1,0,1,1,1,0,0,0,1,1,1,1,0,1,0,0,1,0,0,0,0,1,0,0,0,1,1,1,1,0,0,1,0,0,1,1,1,1,1,1,0,0,1,0,1,0,0,1,1,0,1,1,0,1,1,1,0,0,1,1,0,1,1,1,0,0,1,1,0,1,1,1,1,0,1,1,1,0,1,1,0,0,1,0,1,1,0,1,0,1,1,0,1,1,0,0,0,0,1,1,1,1,0,1,1,1,0,0,0,0,1,1,0,0,1,1,1,0,1,0,0,1,1,1,1,0,1,1,1,0,1,0,0,1,0,0,1,0,1,0,1,0,0,1,0,0,1,1,1,1,0,1,0,0,0,0,0,1,1,1,1,0,0,1,1,0,1,0,1,1,0,1,1,0,1,1,0,1,1,1,1,0,0,0,1,1,1,0,0,1,0,0,0,0,0,0,0,0,0,0,0,0,0,0
0,1,0,1,0,1,1,0,0,1,0,0,0,0,0,1,1,1,0,1,1,1,0,0,0,1,1,1,1,0,1,0,1,1,0,0,0,0,1,0,1,0,1,1,1,1,1,0,1,0,0,1,1,1,1,1,1,0,0,1,0,1,0,0,1,1,0,1,1,0,1,1,1,0,0,1,1,0,1,1,1,0,0,1,1,0,1,1,1,1,0,1,1,1,0,1,1,0,1,0,1,1,1,0,1,0,1,1,0,1,1,0,0,0,0,1,0,1,1,1,1,1,1,0,0,0,0,1,1,0,0,1,1,1,0,1,0,1,1,1,1,1,1,1,1,1,0,1,0,0,1,0,0,1,0,1,0,1,0,0,1,0,0,1,1,1,1,0,1,0,0,0,0,0,1,1,1,1,0,0,1,1,0,1,0,1,1,0,1,1,0,1,1,0,1,1,1,1,0,0,0,1,1,1,0,0,1,0,0,0,0,0,0,0,0,0,0,0,0,0,0
0,1,0,1,0,1,1,0,0,0,0,0,0,0,0,1,1,1,0,1,1,1,0,0,0,1,1,1,1,0,1,0,0,1,0,0,0,0,1,0,0,0,1,1,1,1,0,0,1,0,0,1,1,1,1,1,1,0,0,1,0,1,0,0,1,1,0,1,1,0,1,1,1,0,0,1,1,0,1,1,1,0,0,1,1,0,1,1,1,1,0,1,1,1,0,1,1,0,0,0,0,1,1,0,1,0,1,1,0,1,1,0,0,0,0,1,0,1,1,0,1,1,1,0,0,0,0,1,1,0,0,1,1,1,0,1,0,0,1,1,1,1,0,1,1,1,0,1,0,0,1,0,0,1,0,1,0,1,0,0,1,0,0,1,1,1,1,0,1,0,0,0,0,0,1,1,1,1,0,0,1,1,0,1,0,1,1,0,1,1,0,1,1,0,1,1,1,1,0,0,0,1,1,1,0,0,1,0,0,0,0,0,0,0,0,0,0,0,0,0,0
0,1,0,1,0,1,1,1,0,0,0,0,0,0,0,1,1,1,0,1,1,1,0,0,0,1,1,1,1,0,1,0,0,1,0,0,0,0,1,1,0,0,1,1,1,1,0,0,1,0,0,1,1,1,1,1,1,1,1,1,0,1,0,0,1,1,0,1,1,0,1,1,1,0,0,1,1,0,1,1,1,0,0,1,1,0,1,1,1,1,1,1,1,1,0,1,1,1,0,0,0,1,1,0,1,0,1,1,0,1,1,0,1,1,1,1,0,1,1,0,1,1,1,1,0,1,0,1,1,0,0,1,1,1,0,1,1,0,1,1,1,1,0,1,1,1,1,1,0,0,1,0,0,1,0,1,0,1,0,1,1,1,0,1,1,1,1,0,1,0,0,0,0,1,1,1,1,1,0,1,1,1,0,1,0,1,1,0,1,1,0,1,1,0,1,1,1,1,1,0,0,1,1,1,0,0,1,1,1,0,0,0,1,0,1,0,1,0,0,0,1
0,1,0,1,0,1,1,0,0,0,0,0,0,0,0,1,1,1,0,1,1,1,0,0,0,1,1,1,1,0,1,0,0,1,0,0,0,0,1,1,0,0,1,1,1,1,0,0,1,0,0,1,1,1,1,1,1,1,1,1,0,1,0,0,1,1,0,1,1,0,1,1,1,0,0,1,1,0,1,1,1,0,0,1,1,0,1,1,1,1,1,1,1,1,0,1,1,1,0,0,0,1,1,0,1,0,1,1,0,1,1,0,1,1,0,1,0,1,1,0,1,1,1,1,0,0,0,1,1,0,0,1,1,1,0,1,1,0,1,1,1,1,0,1,1,1,1,1,0,0,1,0,0,1,0,1,0,1,0,1,1,0,0,1,1,1,1,0,1,0,0,0,0,1,1,1,1,1,0,0,1,1,0,1,0,1,1,0,1,1,1,1,1,1,1,1,1,1,0,1,1,1,1,1,1,0,1,0,0,0,1,0,0,0,0,0,0,0,1,0,0
0,1,0,1,0,1,1,0,0,0,0,0,0,0,0,1,1,1,0,1,1,1,0,0,0,1,1,1,1,0,1,0,0,1,0,0,0,0,1,0,0,0,1,1,1,1,0,0,1,0,0,1,1,1,1,1,1,0,0,1,0,1,0,0,1,1,0,1,1,0,1,1,1,0,0,1,1,0,1,1,1,0,0,1,1,0,1,1,1,1,0,1,1,1,0,1,1,0,0,0,0,1,1,0,1,0,1,1,0,1,1,0,0,0,0,1,0,1,1,0,1,1,1,0,0,0,0,1,1,0,0,1,1,1,0,1,0,0,1,1,1,1,0,1,1,1,0,1,0,0,1,0,0,1,0,1,0,1,0,0,1,0,0,1,1,1,1,0,1,0,0,0,0,0,1,1,1,1,0,0,1,1,0,1,0,1,1,0,1,1,0,1,1,0,1,1,1,1,0,0,0,1,1,1,0,0,1,0,0,0,0,0,0,1,0,0,0,0,0,0,0
0,1,0,1,1,1,1,1,0,0,0,0,0,0,0,1,1,1,1,1,1,1,0,1,0,1,1,1,1,0,1,0,0,1,0,0,0,0,1,0,0,0,1,1,1,1,0,0,1,0,0,1,1,1,1,1,1,0,0,1,0,1,0,0,1,1,0,1,1,0,1,1,1,0,0,1,1,0,1,1,1,0,0,1,1,0,1,1,1,1,0,1,1,1,0,1,1,0,0,1,0,1,1,0,1,0,1,1,0,1,1,0,0,0,0,1,1,1,1,0,1,1,1,0,0,0,0,1,1,0,0,1,1,1,0,1,0,0,1,1,1,1,0,1,1,1,0,1,0,0,1,0,0,1,0,1,0,1,0,0,1,0,0,1,1,1,1,0,1,0,0,0,0,0,1,1,1,1,0,0,1,1,0,1,0,1,1,0,1,1,0,1,1,0,1,1,1,1,0,0,0,1,1,1,0,0,1,0,0,0,0,0,0,0,0,0,0,0,0,1,0
0,1,0,1,0,1,1,0,0,1,0,0,0,0,0,1,1,1,1,1,1,1,0,1,0,1,1,1,1,0,1,0,1,1,0,0,0,0,1,0,1,0,1,1,1,1,1,0,1,0,0,1,1,1,1,1,1,0,0,1,0,1,0,0,1,1,0,1,1,0,1,1,1,0,0,1,1,0,1,1,1,0,0,1,1,0,1,1,1,1,0,1,1,1,0,1,1,0,1,0,1,1,1,0,1,0,1,1,0,1,1,0,0,0,0,1,0,1,1,1,1,1,1,0,0,0,0,1,1,0,0,1,1,1,0,1,0,1,1,1,1,1,1,1,1,1,0,1,0,0,1,0,0,1,0,1,0,1,0,0,1,0,0,1,1,1,1,0,1,0,0,0,0,0,1,1,1,1,0,0,1,1,0,1,0,1,1,0,1,1,0,1,1,0,1,1,1,1,0,0,0,1,1,1,0,0,1,0,0,0,0,0,0,0,0,0,0,0,0,1,0
0,1,0,1,0,1,1,0,0,0,0,0,0,0,0,1,1,1,1,1,1,1,0,1,0,1,1,1,1,0,1,0,0,1,0,0,0,0,1,0,0,0,1,1,1,1,0,0,1,0,0,1,1,1,1,1,1,0,0,1,0,1,0,0,1,1,0,1,1,0,1,1,1,0,0,1,1,0,1,1,1,0,0,1,1,0,1,1,1,1,0,1,1,1,0,1,1,0,0,0,0,1,1,0,1,0,1,1,0,1,1,0,0,0,0,1,0,1,1,0,1,1,1,0,0,0,0,1,1,0,0,1,1,1,0,1,0,0,1,1,1,1,0,1,1,1,0,1,0,0,1,0,0,1,0,1,0,1,0,0,1,0,0,1,1,1,1,0,1,0,0,0,0,0,1,1,1,1,0,0,1,1,0,1,0,1,1,0,1,1,0,1,1,0,1,1,1,1,0,0,0,1,1,1,0,0,1,0,0,0,0,0,0,0,0,0,0,0,0,1,0
0,1,0,1,0,1,1,1,0,0,0,0,0,0,0,1,1,1,1,1,1,1,0,1,0,1,1,1,1,0,1,0,0,1,0,0,0,0,1,1,0,0,1,1,1,1,0,0,1,0,0,1,1,1,1,1,1,1,1,1,0,1,0,0,1,1,0,1,1,0,1,1,1,0,0,1,1,0,1,1,1,0,0,1,1,0,1,1,1,1,1,1,1,1,0,1,1,1,0,0,0,1,1,0,1,0,1,1,0,1,1,0,1,1,1,1,0,1,1,0,1,1,1,1,0,1,0,1,1,0,0,1,1,1,0,1,1,0,1,1,1,1,0,1,1,1,1,1,0,0,1,0,0,1,0,1,0,1,0,1,1,1,0,1,1,1,1,0,1,0,0,0,0,1,1,1,1,1,0,1,1,1,0,1,0,1,1,0,1,1,0,1,1,0,1,1,1,1,1,0,0,1,1,1,0,0,1,1,1,0,0,0,1,0,1,0,1,0,0,1,1
0,1,0,1,0,1,1,0,0,0,0,0,0,0,0,1,1,1,1,1,1,1,0,1,0,1,1,1,1,0,1,0,0,1,0,0,0,0,1,1,0,0,1,1,1,1,0,0,1,0,0,1,1,1,1,1,1,1,1,1,0,1,0,0,1,1,0,1,1,0,1,1,1,0,0,1,1,0,1,1,1,0,0,1,1,0,1,1,1,1,1,1,1,1,0,1,1,1,0,0,0,1,1,0,1,0,1,1,0,1,1,0,1,1,0,1,0,1,1,0,1,1,1,1,0,0,0,1,1,0,0,1,1,1,0,1,1,0,1,1,1,1,0,1,1,1,1,1,0,0,1,0,0,1,0,1,0,1,0,1,1,0,0,1,1,1,1,0,1,0,0,0,0,1,1,1,1,1,0,0,1,1,0,1,0,1,1,0,1,1,0,1,1,0,1,1,1,1,1,0,0,1,1,1,0,0,1,0,1,0,0,0,0,0,0,0,1,0,0,1,0
0,1,0,1,1,1,1,0,0,0,0,0,0,0,0,1,1,1,0,1,1,1,0,0,0,1,1,1,1,0,1,0,0,1,0,0,0,0,1,0,0,1,1,1,1,1,0,1,1,1,1,1,1,1,1,1,1,0,0,1,0,1,0,0,1,1,0,1,1,0,1,1,1,0,1,1,1,0,1,1,1,1,1,1,1,0,1,1,1,1,0,1,1,1,1,1,1,0,0,1,0,1,1,1,1,0,1,1,0,1,1,1,0,0,0,1,1,1,1,0,1,1,1,0,0,0,0,1,1,0,1,1,1,1,0,1,0,0,1,1,1,1,0,1,1,1,0,1,0,0,1,0,0,1,0,1,0,1,0,0,1,0,0,1,1,1,1,0,1,0,0,0,0,0,1,1,1,1,0,0,1,1,0,1,0,1,1,0,1,1,0,1,1,0,1,1,1,1,0,0,0,1,1,1,0,0,1,0,0,0,0,0,0,0,0,0,0,0,0,0,0
0,1,0,1,1,1,1,0,0,0,0,0,0,0,0,1,1,1,0,1,1,1,0,1,0,1,1,1,1,0,1,0,0,1,0,0,0,0,1,0,0,1,1,1,1,1,0,1,1,1,1,1,1,1,1,1,1,0,0,1,0,1,0,0,1,1,0,1,1,0,1,1,1,0,1,1,1,0,1,1,1,1,1,1,1,0,1,1,1,1,0,1,1,1,1,1,1,0,0,1,0,1,1,1,1,0,1,1,0,1,1,1,0,0,0,1,1,1,1,0,1,1,1,0,0,0,0,1,1,0,1,1,1,1,0,1,0,0,1,1,1,1,0,1,1,1,0,1,0,0,1,0,0,1,0,1,0,1,0,0,1,0,0,1,1,1,1,0,1,0,0,0,0,0,1,1,1,1,0,0,1,1,0,1,0,1,1,0,1,1,0,1,1,0,1,1,1,1,0,0,0,1,1,1,0,0,1,0,0,0,0,0,0,0,0,0,0,0,0,1,0
0,1,0,1,1,1,1,0,0,0,1,1,0,0,0,1,1,1,0,1,1,1,0,0,0,1,1,1,1,0,1,0,0,1,0,0,0,0,1,0,0,1,1,1,1,1,0,1,1,1,1,1,1,1,1,1,1,0,0,1,0,1,0,0,1,1,0,1,1,0,1,1,1,0,1,1,1,0,1,1,1,1,1,1,1,0,1,1,1,1,0,1,1,1,1,1,1,0,0,1,0,1,1,1,1,0,1,1,0,1,1,1,0,0,0,1,1,1,1,0,1,1,1,0,0,0,0,1,1,0,1,1,1,1,0,1,0,0,1,1,1,1,0,1,1,1,0,1,0,0,1,0,0,1,0,1,0,1,0,0,1,0,0,1,1,1,1,0,1,0,0,0,0,0,1,1,1,1,0,0,1,1,0,1,0,1,1,0,1,1,0,1,1,0,1,1,1,1,0,0,0,1,1,1,0,0,1,0,0,0,0,0,0,0,0,0,0,0,0,0,0
0,1,0,1,0,1,1,0,0,0,0,0,0,0,0,1,1,1,1,1,1,1,0,1,0,1,1,1,1,0,1,0,0,1,0,0,0,0,1,0,0,0,1,1,1,1,0,0,1,0,0,1,1,1,1,1,1,0,0,1,0,1,0,0,1,1,0,1,1,0,1,1,1,0,0,1,1,0,1,1,1,0,0,1,1,0,1,1,1,1,0,1,1,1,0,1,1,0,0,0,0,1,1,0,1,0,1,1,0,1,1,0,0,0,0,1,0,1,1,0,1,1,1,0,0,0,0,1,1,0,0,1,1,1,0,1,0,0,1,1,1,1,0,1,1,1,0,1,0,0,1,0,0,1,0,1,0,1,0,0,1,0,0,1,1,1,1,0,1,0,0,0,0,0,1,1,1,1,0,0,1,1,0,1,0,1,1,0,1,1,0,1,1,0,1,1,1,1,0,0,0,1,1,1,0,0,1,0,0,0,0,0,0,0,0,0,0,0,0,1,0
0,1,0,0,0,1,1,1,0,0,0,0,0,0,0,0,1,1,1,0,0,1,0,0,0,1,1,0,1,0,1,0,0,0,1,0,0,0,0,1,0,0,0,1,0,0,0,0,0,0,0,1,0,0,0,0,0,1,1,0,0,0,0,0,0,0,0,0,1,1,0,1,0,1,0,0,0,0,0,0,1,0,0,0,0,0,0,0,0,0,1,0,0,0,0,1,0,1,0,0,0,0,0,0,0,0,0,1,0,0,0,0,1,1,0,0,0,1,0,0,1,0,0,1,0,0,0,1,1,1,0,0,1,0,1,0,1,0,0,1,0,1,0,0,0,1,1,0,0,0,1,0,1,1,1,0,0,1,1,1,0,0,1,0,0,1,0,1,1,1,0,0,0,1,0,1,0,0,0,0,0,1,1,1,1,0,1,0,1,1,1,0,1,1,0,1,1,1,0,1,1,0,0,1,1,0,0,1,0,0,1,0,0,0,1,1,0,0,1,0,0
0,1,0,0,0,1,1,1,0,0,0,0,0,0,0,0,1,1,1,0,0,1,0,0,0,1,1,0,1,0,1,0,0,0,1,0,0,0,0,1,0,0,0,1,0,0,0,0,1,0,0,1,0,0,0,0,0,1,1,0,0,0,0,0,0,0,0,0,1,1,0,1,0,1,0,0,0,0,0,0,1,0,0,0,0,0,0,0,0,0,1,0,0,0,0,1,0,1,0,0,0,0,0,0,0,0,0,1,0,0,0,0,1,1,0,0,0,1,0,0,1,0,0,1,0,0,0,1,1,1,0,0,1,0,1,0,1,0,0,1,0,1,0,0,0,1,1,0,0,0,1,0,1,1,1,0,0,1,1,1,0,0,1,0,0,1,0,1,1,1,0,0,0,1,0,1,0,0,0,0,0,1,1,1,1,0,1,0,1,1,1,0,1,1,0,1,1,1,0,1,1,0,0,1,1,0,0,1,0,0,1,0,0,0,1,1,0,0,1,0,0
0,0,0,0,0,1,1,1,0,0,0,0,0,0,0,0,1,1,1,0,0,1,0,0,0,1,1,0,1,0,1,0,0,0,1,0,0,0,0,1,0,0,0,1,0,0,0,0,0,0,0,0,0,0,0,0,0,1,1,0,0,0,0,0,0,0,0,0,1,1,0,1,0,1,0,0,0,0,0,0,1,0,0,0,0,0,0,0,0,0,1,0,0,0,0,1,0,1,0,0,0,0,0,0,0,0,0,1,0,0,0,0,1,1,0,0,0,1,0,0,1,0,0,1,0,0,0,1,1,1,0,0,1,0,1,0,1,0,0,1,0,1,0,0,0,1,1,0,0,0,1,0,1,1,1,0,0,1,1,1,0,0,1,0,0,1,0,1,1,1,0,0,0,1,0,1,0,0,0,0,0,1,1,1,1,0,1,0,1,1,1,0,1,1,0,1,1,1,0,1,1,0,0,1,1,0,0,1,0,0,1,0,0,0,1,0,0,0,1,0,0
0,0,0,0,0,1,1,1,0,0,0,0,0,0,0,0,1,1,1,0,0,1,0,0,0,1,1,0,1,0,1,0,0,0,1,0,0,0,0,1,0,0,0,1,0,0,0,0,0,0,0,0,0,0,0,0,0,1,1,0,0,0,0,0,0,0,0,0,1,1,0,1,0,1,0,0,0,0,0,0,1,0,0,0,0,0,0,0,0,0,1,0,0,0,0,1,0,1,0,0,0,0,0,0,0,0,0,1,0,0,0,0,1,1,1,0,0,1,0,0,1,0,0,1,0,1,0,1,1,1,0,0,1,0,1,0,1,0,0,1,0,1,0,0,0,1,1,0,0,0,1,0,1,1,1,0,0,1,1,1,0,1,1,0,0,1,0,1,1,1,0,0,0,1,0,1,0,0,0,1,0,1,1,1,1,0,1,0,1,1,1,0,1,1,0,1,1,1,1,1,1,0,0,1,1,0,0,1,1,0,1,0,1,0,1,0,1,0,1,0,1
0,0,0,0,0,1,1,1,0,0,0,0,0,0,0,0,1,1,1,0,0,1,0,0,0,1,1,0,1,0,1,0,0,0,1,0,0,0,0,1,0,0,0,1,0,0,0,0,0,0,0,0,0,0,0,0,0,1,1,0,0,0,0,0,0,0,0,0,1,1,0,1,0,1,0,0,0,0,0,0,1,0,0,0,0,0,0,0,0,0,1,0,0,0,0,1,0,1,0,0,0,0,0,0,0,0,0,1,0,0,0,0,1,1,1,0,0,1,0,0,1,0,0,1,0,1,0,1,1,1,0,0,1,0,1,0,1,0,0,1,0,1,0,0,0,1,1,0,0,0,1,0,1,1,1,0,0,1,1,1,0,1,1,0,0,1,0,1,1,1,0,0,0,1,0,1,0,0,0,1,0,1,1,1,1,0,1,0,1,1,1,0,1,1,0,1,1,1,1,1,1,0,0,1,1,0,0,1,1,0,1,0,1,0,1,0,1,0,1,0,1
0,0,0,0,0,1,1,1,0,0,0,0,0,0,0,0,1,1,1,0,0,1,0,0,0,1,1,0,1,0,1,0,0,0,1,0,0,0,0,1,0,0,0,1,0,0,0,0,0,0,0,0,0,0,0,0,0,1,1,0,0,0,0,0,0,0,0,0,1,1,0,1,0,1,0,0,0,0,0,0,1,0,0,0,0,0,0,0,0,0,1,0,0,0,0,1,0,1,0,0,0,0,0,0,0,0,0,1,0,0,0,0,1,1,1,0,0,1,0,0,1,0,0,1,0,1,0,1,1,1,0,0,1,0,1,0,1,0,0,1,0,1,0,0,0,1,1,0,0,0,1,0,1,1,1,0,0,1,1,1,0,1,1,0,0,1,0,1,1,1,0,0,0,1,0,1,0,0,0,1,0,1,1,1,1,0,1,0,1,1,1,0,1,1,0,1,1,1,0,1,1,0,0,1,1,0,0,1,0,0,1,0,0,0,1,0,0,0,1,0,0
0,1,0,0,0,1,1,1,0,0,0,0,0,0,0,0,1,1,1,0,1,1,0,1,0,1,1,0,1,0,1,0,0,0,1,0,0,0,0,1,0,0,1,1,0,0,0,0,1,0,0,0,0,0,0,0,1,1,1,0,0,0,0,0,0,0,0,0,1,1,0,1,0,1,0,0,0,0,0,0,1,0,0,0,0,0,0,0,0,0,1,0,0,0,0,1,0,1,0,0,0,0,0,0,0,0,0,1,0,0,0,0,1,1,1,0,0,1,0,0,1,0,0,1,0,1,0,1,1,1,0,0,1,0,1,0,1,0,0,1,0,1,0,0,0,1,1,0,0,0,1,0,1,1,1,0,0,1,1,1,0,1,1,0,0,1,0,1,1,1,0,0,0,1,0,1,0,0,0,1,0,1,1,1,1,0,1,0,1,1,1,0,1,1,0,1,1,1,0,1,1,0,0,1,1,0,0,1,0,0,1,0,0,0,1,0,0,0,1,0,0
0,1,0,0,0,1,1,1,0,0,0,0,0,0,0,0,1,1,1,0,1,1,0,1,1,1,1,0,1,0,1,0,0,0,1,0,0,0,0,1,0,0,1,1,0,0,0,0,1,0,0,1,0,0,0,0,1,1,1,0,0,0,0,0,0,0,0,0,1,1,0,1,0,1,0,0,0,0,0,0,1,0,0,0,0,0,0,0,0,0,1,0,0,0,0,1,0,1,0,0,0,0,0,0,0,0,0,1,0,0,0,0,1,1,1,0,0,1,0,0,1,0,0,1,0,1,0,1,1,1,0,0,1,0,1,0,1,0,0,1,0,1,0,0,0,1,1,0,0,0,1,0,1,1,1,0,0,1,1,1,0,1,1,0,0,1,0,1,1,1,0,0,0,1,0,1,0,0,0,1,0,1,1,1,1,0,1,0,1,1,1,0,1,1,0,1,1,1,1,1,1,0,0,1,1,0,0,1,1,0,1,0,1,0,1,0,1,0,1,0,1
0,1,0,0,0,1,1,1,0,0,1,0,1,1,0,0,1,1,1,0,0,1,0,0,0,1,1,0,1,0,1,0,0,0,0,0,0,0,1,1,0,1,1,1,0,0,0,1,1,0,0,1,0,1,1,0,0,1,1,0,0,0,1,0,0,0,0,0,1,0,0,1,0,1,0,1,0,0,0,0,1,0,0,1,0,0,0,0,1,0,1,0,0,0,0,1,1,1,0,1,0,0,0,0,0,0,0,1,0,0,0,1,1,1,1,1,1,1,1,0,1,0,0,1,0,1,0,1,1,1,0,0,1,0,1,1,1,0,0,1,0,1,0,1,0,1,1,1,0,0,1,0,0,1,1,0,0,1,1,1,1,1,1,1,0,1,0,1,1,1,0,0,0,1,0,1,1,1,0,1,1,1,0,1,1,0,1,0,1,1,1,0,1,1,0,1,1,1,1,1,1,0,0,1,1,0,1,1,1,0,1,0,1,0,1,0,1,0,1,0,1
0,0,0,0,0,1,1,1,0,0,0,0,0,0,0,0,1,1,1,0,0,1,0,0,0,1,1,0,1,0,1,0,0,0,1,0,0,0,0,1,0,0,0,1,0,0,0,0,0,0,0,0,0,0,0,0,0,1,1,0,0,0,0,0,0,0,0,0,1,1,0,1,0,1,0,0,0,0,0,0,1,0,0,0,0,0,0,0,0,0,1,0,0,0,0,1,0,1,0,0,0,0,0,0,0,0,0,1,0,0,0,0,1,1,1,0,0,1,0,0,1,0,0,1,0,1,0,1,1,1,0,0,1,0,1,0,1,0,0,1,0,1,0,0,0,1,1,0,0,0,1,0,1,1,1,0,0,1,1,1,0,1,1,0,0,1,0,1,1,1,0,0,0,1,0,1,0,0,0,1,0,1,1,1,1,0,1,0,1,1,1,0,1,1,0,1,1,1,1,1,1,0,0,1,1,0,0,1,1,0,1,0,1,0,1,0,1,0,1,0,1
0,1,0,0,0,1,1,1,0,0,0,0,0,0,0,1,1,1,1,0,1,1,1,1,1,1,1,0,1,1,1,0,0,0,0,0,0,0,0,1,0,1,1,1,0,0,0,1,1,0,0,1,0,0,0,0,0,1,1,0,0,0,1,0,0,0,0,0,1,0,0,1,0,1,0,0,0,0,0,0,1,0,0,0,0,0,0,0,1,0,1,0,0,0,0,1,0,1,0,0,0,0,0,0,0,0,0,1,0,0,0,1,1,1,1,0,0,1,1,0,1,0,0,1,0,1,0,1,1,1,0,0,1,0,1,0,1,0,0,1,0,1,0,0,0,1,1,1,0,0,1,0,0,1,1,0,0,1,1,1,1,1,1,1,0,1,1,1,1,1,0,0,0,1,0,1,1,0,0,1,0,1,0,1,1,0,1,0,1,1,1,0,1,1,0,1,1,1,1,1,1,0,0,1,1,0,1,1,1,0,1,0,1,0,1,0,1,0,1,0,1
0,1,0,1,0,1,1,1,0,0,0,0,0,0,0,0,1,1,1,0,0,1,1,1,0,1,1,0,1,0,1,0,0,1,0,0,1,1,1,1,0,1,0,1,0,0,0,1,1,0,0,1,0,0,0,0,1,1,1,0,0,0,0,1,1,0,0,0,1,0,0,1,0,1,0,1,0,1,1,0,1,0,0,1,0,1,1,0,1,0,1,0,0,0,0,1,1,1,0,1,0,0,0,0,0,1,0,1,1,0,0,1,1,1,1,1,1,1,1,0,1,0,0,1,1,1,0,1,1,1,0,0,1,0,1,1,1,0,0,1,0,1,0,1,0,1,1,1,0,0,1,1,0,1,1,0,1,1,1,1,1,1,1,1,0,1,0,1,1,1,1,1,0,1,0,1,1,1,1,1,1,1,0,1,1,0,1,1,1,1,1,1,1,1,0,1,0,1,1,1,1,1,1,1,1,0,0,1,1,0,1,0,1,0,1,0,1,0,1,0,1
0,1,0,1,0,1,1,0,0,0,0,0,0,0,0,1,1,1,1,0,0,1,0,0,0,0,1,0,0,0,1,0,0,1,0,0,1,0,0,1,0,1,1,1,0,0,0,1,1,0,0,1,0,0,0,0,0,1,1,0,0,0,1,0,1,0,0,0,1,0,1,1,0,0,1,0,0,1,0,1,1,0,1,0,0,1,0,0,0,0,1,0,0,0,0,0,0,1,0,0,0,0,0,0,0,0,0,0,1,1,0,1,1,1,0,0,0,1,0,0,0,1,0,1,0,0,1,1,1,0,1,0,0,0,0,0,1,0,0,1,0,0,0,0,0,1,1,0,1,0,1,0,0,1,1,0,0,0,0,1,0,0,1,0,0,1,0,0,1,0,1,0,0,1,0,1,1,0,0,0,0,1,0,0,0,0,1,0,0,1,0,0,0,0,0,1,1,0,0,0,0,0,0,0,0,0,0,1,0,0,0,0,0,0,1,0,0,0,0,0,0
0,1,0,1,0,1,1,0,0,0,0,0,0,0,0,1,1,1,1,0,0,1,0,0,0,0,1,0,0,0,1,0,0,1,0,0,1,0,0,1,0,1,0,1,0,0,0,1,1,0,0,1,0,0,0,0,0,1,1,0,0,0,1,0,1,0,0,0,1,0,1,1,0,0,1,0,0,1,0,1,1,0,1,0,0,1,0,0,0,0,1,0,0,0,0,0,0,1,0,0,0,0,0,0,0,0,0,0,1,1,0,1,1,1,0,0,0,1,0,0,0,1,0,1,0,0,1,1,1,0,1,0,0,0,0,0,1,0,0,1,0,0,0,0,0,1,1,0,1,0,0,0,0,1,0,0,0,0,0,1,0,0,0,0,0,1,0,0,1,0,1,0,0,1,0,1,1,0,0,0,0,1,0,0,0,0,1,0,0,1,0,0,0,0,0,1,1,0,0,0,0,0,0,0,0,0,0,1,0,0,0,0,0,0,1,0,0,0,0,0,0
0,1,0,1,1,1,1,0,0,0,0,0,0,0,0,1,1,1,1,0,0,1,0,0,0,0,1,0,0,0,1,0,0,1,0,0,0,0,0,1,0,1,1,1,0,0,0,1,1,0,0,1,0,0,0,0,0,1,1,0,0,0,1,0,1,0,0,0,1,0,1,1,0,0,1,0,0,1,0,1,1,0,1,0,0,1,0,0,1,0,1,0,0,0,0,0,0,1,0,0,0,0,0,0,0,0,0,0,1,1,0,1,1,1,0,0,0,1,1,0,0,1,0,1,0,0,1,1,1,0,1,0,0,0,0,0,1,0,0,1,0,0,0,0,0,1,1,1,1,0,1,0,0,1,1,0,0,0,0,1,1,0,1,1,0,1,0,0,1,0,1,0,0,1,0,1,1,0,0,0,0,1,0,0,0,0,1,0,0,1,0,0,0,0,0,0,0,0,0,0,0,0,0,0,0,0,0,1,0,0,0,0,0,0,1,0,0,0,0,0,0
0,1,0,1,0,1,1,0,0,0,0,0,0,0,0,1,1,1,1,0,0,1,0,0,0,0,1,0,0,0,1,0,0,1,0,0,1,0,0,1,0,1,0,1,0,0,0,1,1,0,0,1,0,0,0,0,0,1,1,0,0,0,1,0,1,0,0,0,1,0,1,1,0,0,1,0,0,1,0,1,1,0,1,0,0,1,0,0,0,0,1,0,0,0,0,0,0,1,0,0,0,0,0,0,0,0,0,0,1,1,0,1,1,1,1,0,0,1,0,0,0,1,0,1,0,1,1,1,1,0,1,0,0,0,0,0,1,0,0,1,0,0,0,0,0,1,1,0,1,0,0,0,0,1,0,0,0,0,0,1,0,1,0,0,0,1,0,0,1,0,1,0,0,1,0,1,1,0,0,1,0,1,0,0,0,0,1,0,0,1,0,0,0,0,0,1,1,0,1,0,0,0,0,0,0,0,0,1,1,0,0,0,1,0,1,0,1,0,0,0,1
0,1,0,1,1,1,1,0,0,0,0,0,0,0,0,1,1,1,1,0,0,1,0,0,0,0,1,0,0,0,1,0,0,1,0,0,0,0,0,1,0,1,0,1,0,0,0,1,1,0,0,1,0,0,0,0,0,1,1,0,0,0,1,0,1,0,0,0,1,0,1,1,0,0,1,0,0,1,0,1,1,0,1,0,0,1,0,0,1,0,1,0,0,0,0,0,0,1,0,0,0,0,0,0,0,0,0,0,1,1,0,1,1,1,0,0,0,1,1,0,0,1,0,1,0,0,1,1,1,0,1,0,0,0,0,0,1,0,0,1,0,0,0,0,0,1,1,1,1,0,0,0,0,1,0,0,0,0,0,1,1,0,0,1,0,1,0,0,1,0,1,0,0,1,0,1,1,0,0,0,0,1,0,0,0,0,1,0,0,1,0,0,0,0,0,0,0,0,0,0,0,0,0,0,0,0,0,1,0,0,0,0,0,0,1,0,0,0,0,0,0
0,1,0,1,1,1,1,0,0,0,0,0,0,0,0,1,1,1,1,0,0,1,0,0,0,0,1,0,0,0,1,0,0,1,0,0,0,0,0,1,0,1,0,1,0,0,0,1,1,0,0,1,0,0,0,0,0,1,1,0,0,0,1,0,1,0,0,0,1,0,1,1,0,0,1,0,0,1,0,1,1,0,1,0,0,1,0,0,1,0,1,0,0,0,0,0,0,1,0,0,0,0,0,0,0,0,0,0,1,1,0,1,1,1,1,0,0,1,1,0,0,1,0,1,0,1,1,1,1,0,1,0,0,0,0,0,1,0,0,1,0,0,0,0,0,1,1,1,1,0,0,0,0,1,0,0,0,0,0,1,1,1,0,1,0,1,0,0,1,0,1,0,0,1,0,1,1,0,0,1,0,1,0,0,0,0,1,0,0,1,0,0,0,0,0,0,0,0,1,0,0,0,0,0,0,0,0,1,1,0,0,0,1,0,1,0,1,0,0,0,1
1,1,1,1,1,1,1,1,0,0,1,0,1,1,1,1,1,1,1,0,0,1,1,1,0,0,1,0,1,0,1,0,0,1,0,1,1,1,1,1,0,1,0,1,0,0,0,1,0,0,0,0,0,1,1,0,0,0,0,0,0,0,1,1,1,0,0,0,0,0,0,1,0,1,0,1,0,1,0,0,1,0,0,1,0,1,0,0,1,0,0,0,0,0,0,0,1,0,0,1,0,0,0,0,0,0,0,1,1,0,0,1,0,0,0,1,1,0,1,0,1,0,0,0,0,0,1,0,0,0,0,0,1,1,0,1,0,0,1,0,0,1,0,1,0,0,0,1,1,0,0,0,0,0,0,0,0,0,0,0,1,0,0,1,0,0,0,0,0,0,1,1,1,0,0,0,1,1,0,0,1,0,0,1,1,0,0,0,1,0,0,0,1,0,1,1,1,0,0,0,0,0,0,1,0,1,1,0,0,0,0,1,0,0,0,0,0,0,0,1,0
1,1,1,1,1,1,1,1,0,0,1,0,1,1,1,1,1,1,1,0,0,1,1,1,1,0,1,0,1,1,1,0,0,1,0,1,1,1,1,1,0,1,0,1,0,0,0,1,0,0,0,0,0,1,1,0,0,0,0,1,0,0,1,1,1,0,0,0,0,0,0,1,0,1,0,1,0,1,0,0,1,0,0,1,0,1,0,0,1,0,0,0,0,0,0,0,1,0,0,1,0,0,0,0,0,0,0,1,1,0,0,1,0,0,0,1,1,0,1,0,1,0,0,0,0,0,1,0,0,0,0,0,1,1,0,1,0,0,1,0,0,1,0,1,0,0,0,1,1,0,0,0,0,0,0,0,0,0,0,0,1,0,0,1,0,0,0,0,0,0,1,1,1,0,0,0,1,1,0,0,1,0,0,1,1,0,0,0,1,0,0,0,1,0,1,1,1,0,0,0,0,0,0,1,0,1,1,0,0,1,0,1,0,0,0,1,0,1,0,1,0
1,1,1,1,1,1,1,1,0,1,1,0,1,1,1,1,1,1,1,0,0,1,1,1,0,0,1,0,1,0,1,0,1,1,0,1,1,1,1,1,1,1,0,1,0,0,1,1,0,0,0,0,0,1,1,0,0,0,0,0,0,0,1,1,1,0,0,0,0,0,0,1,0,1,0,1,0,1,0,0,1,0,0,1,0,1,0,0,1,0,0,0,0,0,0,0,1,0,1,1,1,0,0,0,0,0,0,1,1,0,0,1,0,0,0,1,1,0,1,1,1,0,0,0,0,0,1,0,0,0,0,0,1,1,0,1,0,1,1,0,0,1,1,1,0,0,0,1,1,0,0,0,0,0,0,0,0,0,0,0,1,0,0,1,0,0,0,0,0,0,1,1,1,0,0,0,1,1,0,0,1,0,0,1,1,0,0,0,1,0,0,0,1,0,1,1,1,0,0,0,0,0,0,1,0,1,1,0,0,0,0,1,0,0,0,0,0,0,0,1,0
1,1,1,1,1,1,1,1,0,0,1,0,1,1,1,1,1,1,1,0,0,1,1,1,0,0,1,0,1,0,1,0,0,1,0,1,1,1,1,1,0,1,0,1,0,0,0,1,0,0,0,1,0,1,1,0,0,0,0,0,0,0,1,1,1,0,0,0,0,0,0,1,0,1,0,1,0,1,0,0,1,0,0,1,0,1,0,0,1,0,0,0,0,0,0,0,1,0,0,1,0,0,0,0,0,0,0,1,1,0,0,1,0,0,0,1,1,0,1,0,1,0,0,0,0,0,1,0,0,0,0,0,1,1,0,1,0,0,1,0,0,1,0,1,0,0,0,1,1,0,0,0,0,0,0,0,0,0,0,0,1,0,0,1,0,0,0,0,0,0,1,1,1,0,0,0,1,1,0,0,1,0,0,1,1,0,0,0,1,0,0,0,1,0,1,1,1,0,0,0,0,0,0,1,0,1,1,0,0,0,0,1,0,1,0,0,0,0,0,1,0
1,1,1,1,1,1,1,1,0,1,1,0,1,1,1,1,1,1,1,0,0,1,1,1,0,0,1,0,1,0,1,0,1,1,0,1,1,1,1,1,1,1,0,1,0,0,1,1,0,0,0,0,0,1,1,0,0,0,0,0,0,0,1,1,1,0,0,0,0,0,0,1,0,1,0,1,0,1,0,0,1,0,0,1,0,1,0,0,1,0,0,0,0,0,0,0,1,0,1,1,1,0,0,0,0,0,0,1,1,0,0,1,0,0,0,1,1,0,1,1,1,0,0,0,0,0,1,0,0,0,0,0,1,1,0,1,0,1,1,0,0,1,1,1,0,0,0,1,1,0,0,0,0,0,0,0,0,0,0,0,1,0,0,1,0,0,0,0,0,0,1,1,1,0,0,0,1,1,0,0,1,0,0,1,1,0,0,0,1,0,0,0,1,0,1,1,1,0,0,0,0,0,0,1,0,1,1,0,0,0,0,1,0,0,0,0,0,0,0,1,0
1,1,1,1,1,1,1,1,0,0,1,0,1,1,1,1,1,1,1,0,0,1,1,1,0,0,1,0,1,0,1,0,0,1,0,1,1,1,1,1,0,1,0,1,0,0,0,1,0,0,0,0,0,1,1,0,0,0,0,0,0,0,1,1,1,0,0,0,0,0,0,1,0,1,0,1,0,1,0,0,1,0,0,1,0,1,0,0,1,0,0,0,0,0,0,0,1,0,0,1,0,0,0,0,0,0,0,1,1,0,0,1,0,0,0,1,1,0,1,0,1,0,0,0,0,0,1,0,0,0,0,0,1,1,0,1,0,0,1,0,0,1,0,1,0,0,0,1,1,0,0,0,0,0,0,0,0,0,0,0,1,0,0,1,0,0,0,0,0,0,1,1,1,0,0,0,1,1,0,0,1,0,0,1,1,0,0,0,1,0,0,0,1,0,1,1,1,0,0,0,0,0,0,1,0,1,1,0,0,0,0,1,0,0,0,0,0,0,0,1,0
1,1,1,1,1,1,1,1,0,0,1,0,1,1,1,1,1,1,1,0,0,1,1,1,0,0,1,0,1,0,1,0,0,1,0,1,1,1,1,1,0,1,0,1,0,0,0,1,0,0,0,0,0,1,1,0,0,0,0,0,0,0,1,1,1,0,0,0,0,0,0,1,0,1,0,1,0,1,0,0,1,0,0,1,0,1,0,0,1,0,0,0,0,0,0,0,1,0,0,1,0,0,0,0,0,0,0,1,1,0,0,1,0,0,0,1,1,0,1,0,1,0,0,0,0,0,1,0,0,0,0,0,1,1,0,1,0,0,1,0,0,1,0,1,0,0,0,1,1,0,0,0,0,0,0,0,0,0,0,0,1,0,0,1,0,0,0,0,0,0,1,1,1,0,0,0,1,1,0,0,1,0,0,1,1,0,0,0,1,0,0,0,1,0,1,1,1,0,0,0,0,0,0,1,0,1,1,0,0,0,0,1,0,0,0,0,0,0,0,1,0
1,1,1,1,1,1,1,1,0,1,1,0,1,1,1,1,1,1,1,0,0,1,1,1,0,0,1,0,1,0,1,0,1,1,0,1,1,1,1,1,1,1,0,1,0,0,1,1,0,0,0,0,0,1,1,0,0,0,0,0,0,0,1,1,1,0,0,0,0,0,0,1,0,1,0,1,0,1,0,0,1,0,0,1,0,1,0,0,1,0,0,0,0,0,0,0,1,0,1,1,1,0,0,0,0,0,0,1,1,0,0,1,0,0,0,1,1,0,1,1,1,0,0,0,0,0,1,0,0,0,0,0,1,1,0,1,0,1,1,0,0,1,1,1,0,0,0,1,1,0,0,0,0,0,0,0,0,0,0,0,1,0,0,1,0,0,0,0,0,0,1,1,1,0,0,0,1,1,0,0,1,0,0,1,1,0,0,0,1,0,0,0,1,0,1,1,1,0,0,0,0,0,0,1,0,1,1,0,0,0,0,1,0,0,0,0,0,0,0,1,0
1,1,1,1,1,1,1,1,0,0,1,0,1,1,1,1,1,1,1,0,0,1,1,1,0,0,1,0,1,0,1,0,0,1,0,1,1,1,1,1,0,1,0,1,0,0,0,1,1,0,0,1,0,1,1,0,0,1,1,0,0,0,1,1,1,0,0,0,1,0,0,1,0,1,0,1,0,1,0,0,1,0,0,1,0,1,0,0,1,0,1,0,0,0,0,0,1,1,0,1,0,0,0,0,0,0,0,1,1,0,0,1,1,1,0,1,1,1,1,0,1,0,0,1,0,0,1,1,1,0,0,0,1,1,0,1,1,0,1,1,0,1,0,1,0,1,1,1,1,0,0,0,0,1,0,0,0,0,0,1,1,0,0,1,0,1,0,0,1,0,1,1,1,1,0,1,1,1,0,0,1,1,0,1,1,0,1,0,1,1,0,0,1,0,1,1,1,1,0,0,0,0,0,1,0,1,1,0,0,0,1,1,0,0,0,0,0,0,1,1,0
1,1,1,1,1,1,1,1,0,0,1,0,1,1,1,1,1,1,1,0,0,1,1,1,0,0,1,0,1,0,1,0,0,1,0,1,1,1,1,1,0,1,0,1,0,0,0,1,0,0,0,1,0,1,1,0,0,0,0,0,0,0,1,1,1,0,0,0,0,0,0,1,0,1,0,1,0,1,0,0,1,0,0,1,0,1,0,0,1,0,0,0,0,0,0,0,1,0,0,1,0,0,0,0,0,0,0,1,1,0,0,1,0,0,0,1,1,0,1,0,1,0,0,0,0,0,1,0,0,0,0,0,1,1,0,1,0,0,1,0,0,1,0,1,0,0,0,1,1,0,0,0,0,0,0,0,0,0,0,0,1,0,0,1,0,0,0,0,0,0,1,1,1,0,0,0,1,1,0,0,1,0,0,1,1,0,0,0,1,0,0,0,1,0,1,1,1,0,0,0,0,0,0,1,0,1,1,0,0,1,0,1,0,0,0,0,0,1,0,1,0
1,1,1,1,1,1,1,1,0,0,1,0,1,1,1,1,1,1,1,0,0,1,1,1,0,0,1,0,1,0,1,0,0,1,0,1,1,1,1,1,0,1,0,1,0,0,0,1,0,0,0,0,0,1,1,0,0,0,0,0,0,0,1,1,1,0,0,0,0,0,0,1,0,1,0,1,0,1,0,0,1,0,0,1,0,1,0,0,1,0,0,0,0,0,0,0,1,0,0,1,0,0,0,0,0,0,0,1,1,0,0,1,0,0,0,1,1,0,1,0,1,0,0,0,0,0,1,0,0,0,0,0,1,1,0,1,0,0,1,0,0,1,0,1,0,0,0,1,1,0,0,0,0,0,0,0,0,0,0,0,1,0,0,1,0,0,0,0,0,0,1,1,1,0,0,0,1,1,0,0,1,0,0,1,1,0,0,0,1,0,0,0,1,0,1,1,1,0,0,0,0,0,0,1,0,1,1,0,0,0,0,1,0,0,0,0,0,0,0,1,0
1,1,1,1,0,1,1,0,0,0,1,0,1,1,1,1,1,1,1,0,0,1,1,1,1,0,1,0,1,1,1,0,0,1,0,0,1,1,1,1,0,1,0,1,0,0,0,1,0,0,0,0,0,1,1,0,0,0,0,1,0,0,1,1,1,0,0,0,0,0,0,1,0,1,0,1,0,1,0,0,1,0,0,1,0,1,0,0,1,0,0,0,0,0,0,0,1,0,0,1,0,0,0,0,0,0,0,1,1,0,0,1,0,0,0,1,1,0,1,0,1,0,0,0,0,0,1,0,0,0,0,0,1,1,0,1,0,0,1,0,0,1,0,1,0,0,0,1,1,0,0,0,0,0,0,0,0,0,0,0,1,0,0,1,0,0,0,0,0,0,1,1,1,0,0,0,1,1,0,0,1,0,0,1,1,0,0,0,1,0,0,0,1,0,1,1,1,0,0,0,0,0,0,1,0,0,1,0,0,1,0,1,0,0,0,1,0,1,0,1,0
0,1,1,1,0,1,1,0,0,0,1,0,1,1,1,1,1,1,1,0,0,1,1,1,0,0,1,0,1,0,1,0,0,1,0,0,1,1,1,1,0,1,0,1,0,0,0,1,0,0,0,0,0,1,1,0,0,0,0,0,0,0,1,1,1,0,0,0,0,0,0,1,0,1,0,1,0,1,0,0,1,0,0,1,0,1,0,0,1,0,0,0,0,0,0,0,1,0,0,1,0,0,0,0,0,0,0,1,1,0,0,1,0,0,0,1,1,0,1,0,1,0,0,0,0,0,1,0,0,0,0,0,1,1,0,1,0,0,1,0,0,1,0,1,0,0,0,1,1,0,0,0,0,0,0,0,0,0,0,0,1,0,0,1,0,0,0,0,0,0,1,1,1,0,0,0,1,1,0,0,1,0,0,1,1,0,0,0,1,0,0,0,1,0,1,1,1,0,0,0,0,0,0,1,0,0,1,0,0,0,0,1,0,0,0,0,0,0,0,1,0
0,1,1,1,0,1,1,0,0,1,1,0,1,1,1,1,1,1,1,0,0,1,1,1,0,0,1,0,1,0,1,0,1,1,0,0,1,1,1,1,1,1,0,1,0,0,1,1,0,0,0,0,0,1,1,0,0,0,0,0,0,0,1,1,1,0,0,0,0,0,0,1,0,1,0,1,0,1,0,0,1,0,0,1,0,1,0,0,1,0,0,0,0,0,0,0,1,0,1,1,1,0,0,0,0,0,0,1,1,0,0,1,0,0,0,1,1,0,1,1,1,0,0,0,0,0,1,0,0,0,0,0,1,1,0,1,0,1,1,0,0,1,1,1,0,0,0,1,1,0,0,0,0,0,0,0,0,0,0,0,1,0,0,1,0,0,0,0,0,0,1,1,1,0,0,0,1,1,0,0,1,0,0,1,1,0,0,0,1,0,0,0,1,0,1,1,1,0,0,0,0,0,0,1,0,0,1,0,0,0,0,1,0,0,0,0,0,0,0,1,0
1,1,1,1,0,1,1,0,0,0,1,0,1,1,1,1,1,1,1,0,0,1,1,1,0,0,1,0,1,0,1,0,0,1,0,0,1,1,1,1,0,1,0,1,0,0,0,1,0,0,0,1,0,1,1,0,0,0,0,0,0,0,1,1,1,0,0,0,0,0,0,1,0,1,0,1,0,1,0,0,1,0,0,1,0,1,0,0,1,0,0,0,0,0,0,0,1,0,0,1,0,0,0,0,0,0,0,1,1,0,0,1,0,0,0,1,1,0,1,0,1,0,0,0,0,0,1,0,0,0,0,0,1,1,0,1,0,0,1,0,0,1,0,1,0,0,0,1,1,0,0,0,0,0,0,0,0,0,0,0,1,0,0,1,0,0,0,0,0,0,1,1,1,0,0,0,1,1,0,0,1,0,0,1,1,0,0,0,1,0,0,0,1,0,1,1,1,0,0,0,0,0,0,1,0,0,1,0,0,0,0,1,0,1,0,0,0,0,0,1,0
0,1,1,1,0,1,1,0,0,1,1,0,1,1,1,1,1,1,1,0,0,1,1,1,0,0,1,0,1,0,1,0,1,1,0,0,1,1,1,1,1,1,0,1,0,0,1,1,0,0,0,0,0,1,1,0,0,0,0,0,0,0,1,1,1,0,0,0,0,0,0,1,0,1,0,1,0,1,0,0,1,0,0,1,0,1,0,0,1,0,0,0,0,0,0,0,1,0,1,1,1,0,0,0,0,0,0,1,1,0,0,1,0,0,0,1,1,0,1,1,1,0,0,0,0,0,1,0,0,0,0,0,1,1,0,1,0,1,1,0,0,1,1,1,0,0,0,1,1,0,0,0,0,0,0,0,0,0,0,0,1,0,0,1,0,0,0,0,0,0,1,1,1,0,0,0,1,1,0,0,1,0,0,1,1,0,0,0,1,0,0,0,1,0,1,1,1,0,0,0,0,0,0,1,0,0,1,0,0,0,0,1,0,0,0,0,0,0,0,1,0
0,1,1,1,1,1,1,1,0,0,1,0,1,1,1,1,1,1,1,0,0,1,1,1,0,0,1,0,1,0,1,0,0,1,0,0,1,1,1,1,0,1,0,1,0,0,0,1,0,0,0,0,0,1,1,0,0,0,0,0,0,0,1,1,1,0,0,0,0,0,0,1,0,1,0,1,0,1,0,0,1,0,0,1,0,1,0,0,1,0,0,0,0,0,0,0,1,0,0,1,0,0,0,0,0,0,0,1,1,0,0,1,0,0,0,1,1,0,1,0,1,0,0,0,0,0,1,0,0,0,0,0,1,1,0,1,0,0,1,0,0,1,0,1,0,0,0,1,1,0,0,0,0,0,0,0,0,0,0,0,1,0,0,1,0,0,0,0,0,0,1,1,1,0,0,0,1,1,0,0,1,0,0,1,1,0,0,0,1,0,0,0,1,0,1,1,1,0,0,0,0,0,0,1,0,0,1,0,0,0,0,1,0,0,0,0,0,0,0,1,0
0,1,1,1,0,1,1,0,0,0,1,0,1,1,1,1,1,1,1,0,0,1,1,1,0,0,1,0,1,0,1,0,0,1,0,0,1,1,1,1,0,1,0,1,0,0,0,1,0,0,0,0,0,1,1,0,0,0,0,0,0,0,1,1,1,0,0,0,0,0,0,1,0,1,0,1,0,1,0,0,1,0,0,1,0,1,0,0,1,0,0,0,0,0,0,0,1,0,0,1,0,0,0,0,0,0,0,1,1,0,0,1,0,0,0,1,1,0,1,0,1,0,0,0,0,0,1,0,0,0,0,0,1,1,0,1,0,0,1,0,0,1,0,1,0,0,0,1,1,0,0,0,0,0,0,0,0,0,0,0,1,0,0,1,0,0,0,0,0,0,1,1,1,0,0,0,1,1,0,0,1,0,0,1,1,0,0,0,1,0,0,0,1,0,1,1,1,0,0,0,0,0,0,1,0,0,1,0,0,0,0,1,0,0,0,0,0,0,0,1,0
0,1,1,1,0,1,1,0,0,1,1,0,1,1,1,1,1,1,1,0,0,1,1,1,0,0,1,0,1,0,1,0,1,1,0,0,1,1,1,1,1,1,0,1,0,0,1,1,0,0,0,0,0,1,1,0,0,0,0,0,0,0,1,1,1,0,0,0,0,0,0,1,0,1,0,1,0,1,0,0,1,0,0,1,0,1,0,0,1,0,0,0,0,0,0,0,1,0,1,1,1,0,0,0,0,0,0,1,1,0,0,1,0,0,0,1,1,0,1,1,1,0,0,0,0,0,1,0,0,0,0,0,1,1,0,1,0,1,1,0,0,1,1,1,0,0,0,1,1,0,0,0,0,0,0,0,0,0,0,0,1,0,0,1,0,0,0,0,0,0,1,1,1,0,0,0,1,1,0,0,1,0,0,1,1,0,0,0,1,0,0,0,1,0,1,1,1,0,0,0,0,0,0,1,0,0,1,0,0,0,0,1,0,0,0,0,0,0,0,1,0
1,1,1,1,0,1,1,1,0,0,1,0,1,1,1,1,1,1,1,0,0,1,1,1,0,0,1,0,1,0,1,0,0,1,0,0,1,1,1,1,0,1,0,1,0,0,0,1,1,0,0,1,0,1,1,0,0,1,1,0,0,0,1,1,1,0,0,0,1,0,0,1,0,1,0,1,0,1,0,0,1,0,0,1,0,1,0,0,1,0,1,0,0,0,0,0,1,1,0,1,0,0,0,0,0,0,0,1,1,0,0,1,1,1,0,1,1,1,1,0,1,0,0,1,0,0,1,1,1,0,0,0,1,1,0,1,1,0,1,1,0,1,0,1,0,1,1,1,1,0,0,0,0,1,0,0,0,0,0,1,1,0,0,1,0,1,0,0,1,0,1,1,1,1,0,1,1,1,0,0,1,1,0,1,1,0,1,0,1,1,0,0,1,0,1,1,1,1,0,0,0,0,0,1,0,0,1,0,0,0,1,1,0,0,0,0,0,0,1,1,0
1,1,1,1,0,1,1,0,0,0,1,0,1,1,1,1,1,1,1,0,0,1,1,1,0,0,1,0,1,0,1,0,0,1,0,0,1,1,1,1,0,1,0,1,0,0,0,1,0,0,0,1,0,1,1,0,0,0,0,0,0,0,1,1,1,0,0,0,0,0,0,1,0,1,0,1,0,1,0,0,1,0,0,1,0,1,0,0,1,0,0,0,0,0,0,0,1,0,0,1,0,0,0,0,0,0,0,1,1,0,0,1,0,0,0,1,1,0,1,0,1,0,0,0,0,0,1,0,0,0,0,0,1,1,0,1,0,0,1,0,0,1,0,1,0,0,0,1,1,0,0,0,0,0,0,0,0,0,0,0,1,0,0,1,0,0,0,0,0,0,1,1,1,0,0,0,1,1,0,0,1,0,0,1,1,0,0,0,1,0,0,0,1,0,1,1,1,0,0,0,0,0,0,1,0,0,1,0,0,1,0,1,0,0,0,0,0,1,0,1,0
1,1,1,1,0,1,1,0,0,0,1,0,1,1,1,1,1,1,1,0,0,1,1,1,0,0,1,0,1,0,1,0,0,1,0,0,1,1,1,1,0,1,0,1,0,0,0,1,0,0,0,0,0,1,1,0,0,0,0,0,0,0,1,1,1,0,0,0,0,0,0,1,0,1,0,1,0,1,0,0,1,0,0,1,0,1,0,0,1,0,0,0,0,0,0,0,1,0,0,1,0,0,0,0,0,0,0,1,1,0,0,1,0,0,0,1,1,0,1,0,1,0,0,0,0,0,1,0,0,0,0,0,1,1,0,1,0,0,1,0,0,1,0,1,0,0,0,1,1,0,0,0,0,0,0,0,0,0,0,0,1,0,0,1,0,0,0,0,0,0,1,1,1,0,0,0,1,1,0,0,1,0,0,1,1,0,0,0,1,0,0,0,1,0,1,1,1,0,0,0,0,0,0,1,0,0,1,0,0,0,0,1,0,0,0,0,0,0,0,1,0
0,1,0,0,0,1,1,0,0,0,0,0,0,0,0,1,1,1,1,0,0,1,0,0,0,0,1,0,0,0,1,0,0,0,0,0,0,0,0,1,0,1,0,1,0,0,0,1,0,0,0,0,0,0,0,0,0,0,0,0,0,0,1,0,0,0,0,0,0,0,0,1,0,1,0,0,0,1,0,0,1,0,0,0,0,1,0,0,1,0,0,0,0,0,0,0,0,0,0,0,0,0,0,0,0,0,0,1,0,0,0,1,0,0,0,0,0,0,0,0,1,0,0,0,0,0,0,0,0,0,0,0,0,1,0,0,0,0,0,0,0,0,0,0,0,0,0,0,0,0,0,0,0,0,0,0,0,0,0,0,0,0,0,0,0,0,0,0,0,0,0,1,1,0,0,0,1,0,0,0,0,0,0,1,1,0,0,0,0,0,0,0,0,0,0,0,0,0,0,0,0,0,0,0,0,0,0,0,0,0,0,0,0,0,0,0,0,0,0,0,0
0,1,0,0,0,1,1,0,0,0,0,0,0,0,0,1,1,1,1,0,0,1,1,1,1,0,1,0,1,1,1,0,0,0,0,0,0,0,0,1,0,1,0,1,0,0,0,1,0,0,0,0,0,0,0,0,0,0,0,1,0,0,1,0,0,0,0,0,0,0,0,1,0,1,0,0,0,1,0,0,1,0,0,0,0,1,0,0,1,0,0,0,0,0,0,0,0,0,0,0,0,0,0,0,0,0,0,1,0,0,0,1,0,0,0,0,0,0,0,0,1,0,0,0,0,0,0,0,0,0,0,0,0,1,0,0,0,0,0,0,0,0,0,0,0,0,0,0,0,0,0,0,0,0,0,0,0,0,0,0,0,0,0,0,0,0,0,0,0,0,0,1,1,0,0,0,1,0,0,0,0,0,0,1,1,0,0,0,0,0,0,0,0,0,0,1,1,0,0,0,0,0,0,0,0,0,1,0,0,1,0,0,0,0,0,1,0,1,0,0,0
0,1,0,0,0,1,1,0,0,1,0,0,0,0,0,1,1,1,1,0,0,1,0,0,0,0,1,0,0,0,1,0,1,0,0,0,0,0,0,1,1,1,0,1,0,0,1,1,0,0,0,0,0,0,0,0,0,0,0,0,0,0,1,0,0,0,0,0,0,0,0,1,0,1,0,0,0,1,0,0,1,0,0,0,0,1,0,0,1,0,0,0,0,0,0,0,0,0,1,0,1,0,0,0,0,0,0,1,0,0,0,1,0,0,0,0,0,0,0,1,1,0,0,0,0,0,0,0,0,0,0,0,0,1,0,0,0,1,0,0,0,0,1,0,0,0,0,0,0,0,0,0,0,0,0,0,0,0,0,0,0,0,0,0,0,0,0,0,0,0,0,1,1,0,0,0,1,0,0,0,0,0,0,1,1,0,0,0,0,0,0,0,0,0,0,0,0,0,0,0,0,0,0,0,0,0,0,0,0,0,0,0,0,0,0,0,0,0,0,0,0
0,1,0,0,0,1,1,0,0,0,0,0,0,0,0,1,1,1,1,0,0,1,0,0,0,0,1,0,0,0,1,0,0,0,0,0,0,0,0,1,0,1,0,1,0,0,0,1,0,0,0,1,0,0,0,0,0,0,0,0,0,0,1,0,0,0,0,0,0,0,0,1,0,1,0,0,0,1,0,0,1,0,0,0,0,1,0,0,1,0,0,0,0,0,0,0,0,0,0,0,0,0,0,0,0,0,0,1,0,0,0,1,0,0,0,0,0,0,0,0,1,0,0,0,0,0,0,0,0,0,0,0,0,1,0,0,0,0,0,0,0,0,0,0,0,0,0,0,0,0,0,0,0,0,0,0,0,0,0,0,0,0,0,0,0,0,0,0,0,0,0,1,1,0,0,0,1,0,0,0,0,0,0,1,1,0,0,0,0,0,0,0,0,0,0,0,0,0,0,0,0,0,0,0,0,0,0,0,0,0,0,0,0,1,0,0,0,0,0,0,0
0,1,0,0,0,1,1,0,0,1,0,0,0,0,0,1,1,1,1,0,0,1,0,0,0,0,1,0,0,0,1,0,1,0,0,0,0,0,0,1,1,1,0,1,0,0,1,1,0,0,0,0,0,0,0,0,0,0,0,0,0,0,1,0,0,0,0,0,0,0,0,1,0,1,0,0,0,1,0,0,1,0,0,0,0,1,0,0,1,0,0,0,0,0,0,0,0,0,1,0,1,0,0,0,0,0,0,1,0,0,0,1,0,0,0,0,0,0,0,1,1,0,0,0,0,0,0,0,0,0,0,0,0,1,0,0,0,1,0,0,0,0,1,0,0,0,0,0,0,0,0,0,0,0,0,0,0,0,0,0,0,0,0,0,0,0,0,0,0,0,0,1,1,0,0,0,1,0,0,0,0,0,0,1,1,0,0,0,0,0,0,0,0,0,0,0,0,0,0,0,0,0,0,0,0,0,0,0,0,0,0,0,0,0,0,0,0,0,0,0,0
0,1,0,1,0,1,1,1,0,0,0,0,0,0,0,1,1,1,1,0,0,1,0,0,0,0,1,0,0,0,1,0,0,0,0,0,0,0,1,1,0,1,0,1,0,0,0,1,0,0,0,0,0,1,1,0,0,0,0,0,0,0,1,0,0,0,0,0,0,0,0,1,0,1,0,1,0,1,0,0,1,0,0,1,0,1,0,0,1,0,0,0,0,0,0,0,0,0,0,1,0,0,0,0,0,0,0,1,0,0,0,1,0,0,0,1,1,0,1,0,1,0,0,0,0,0,0,0,0,0,0,0,0,1,0,0,0,0,0,0,0,0,0,1,0,0,0,1,0,0,0,0,0,0,0,0,0,0,0,0,0,0,0,1,0,0,0,0,0,0,0,1,1,0,0,0,1,0,0,0,1,0,0,1,1,0,0,0,0,0,0,0,0,0,0,0,0,0,0,0,0,0,0,0,0,0,0,0,0,0,0,0,0,0,0,0,0,0,0,0,0
0,1,0,0,0,1,1,0,0,0,0,0,0,0,0,1,1,1,1,0,0,1,0,0,0,0,1,0,0,0,1,0,0,0,0,0,0,0,0,1,0,1,0,1,0,0,0,1,0,0,0,0,0,0,0,0,0,0,0,0,0,0,1,0,0,0,0,0,0,0,0,1,0,1,0,0,0,1,0,0,1,0,0,0,0,1,0,0,1,0,0,0,0,0,0,0,0,0,0,0,0,0,0,0,0,0,0,1,0,0,0,1,0,0,0,0,0,0,0,0,1,0,0,0,0,0,0,0,0,0,0,0,0,1,0,0,0,0,0,0,0,0,0,0,0,0,0,0,0,0,0,0,0,0,0,0,0,0,0,0,0,0,0,0,0,0,0,0,0,0,0,1,1,0,0,0,1,0,0,0,0,0,0,1,1,0,0,0,0,0,0,0,0,0,0,0,0,0,0,0,0,0,0,0,0,0,0,0,0,0,0,0,0,0,0,0,0,0,0,0,0
0,1,0,0,0,1,1,0,0,1,0,0,0,0,0,1,1,1,1,0,0,1,0,0,0,0,1,0,0,0,1,0,1,0,0,0,0,0,0,1,1,1,0,1,0,0,1,1,0,0,0,0,0,0,0,0,0,0,0,0,0,0,1,0,0,0,0,0,0,0,0,1,0,1,0,0,0,1,0,0,1,0,0,0,0,1,0,0,1,0,0,0,0,0,0,0,0,0,1,0,1,0,0,0,0,0,0,1,0,0,0,1,0,0,0,0,0,0,0,1,1,0,0,0,0,0,0,0,0,0,0,0,0,1,0,0,0,1,0,0,0,0,1,0,0,0,0,0,0,0,0,0,0,0,0,0,0,0,0,0,0,0,0,0,0,0,0,0,0,0,0,1,1,0,0,0,1,0,0,0,0,0,0,1,1,0,0,0,0,0,0,0,0,0,0,0,0,0,0,0,0,0,0,0,0,0,0,0,0,0,0,0,0,0,0,0,0,0,0,0,0
0,1,0,0,0,1,1,1,0,0,0,0,0,0,0,1,1,1,1,0,0,1,0,0,0,0,1,0,0,0,1,0,0,0,0,0,0,0,0,1,0,1,0,1,0,0,0,1,1,0,0,1,0,0,0,0,0,1,1,0,0,0,1,0,0,0,0,0,1,0,0,1,0,1,0,0,0,1,0,0,1,0,0,0,0,1,0,0,1,0,1,0,0,0,0,0,0,1,0,0,0,0,0,0,0,0,0,1,0,0,0,1,1,1,0,0,0,1,0,0,1,0,0,1,0,0,0,1,1,0,0,0,0,1,0,0,1,0,0,1,0,0,0,0,0,1,1,0,0,0,0,0,0,1,0,0,0,0,0,1,0,0,0,0,0,1,0,0,1,0,0,1,1,1,0,1,1,0,0,0,0,1,0,1,1,0,1,0,0,1,0,0,0,0,0,0,0,1,0,0,0,0,0,0,0,0,0,0,0,0,1,0,0,0,0,0,0,0,1,0,0
0,1,0,0,0,1,1,0,0,0,0,0,0,0,0,1,1,1,1,0,0,1,0,0,0,0,1,0,0,0,1,0,0,0,0,0,0,0,0,1,0,1,0,1,0,0,0,1,0,0,0,1,0,0,0,0,0,0,0,0,0,0,1,0,0,0,0,0,0,0,0,1,0,1,0,0,0,1,0,0,1,0,0,0,0,1,0,0,1,0,0,0,0,0,0,0,0,0,0,0,0,0,0,0,0,0,0,1,0,0,0,1,0,0,0,0,0,0,0,0,1,0,0,0,0,0,0,0,0,0,0,0,0,1,0,0,0,0,0,0,0,0,0,0,0,0,0,0,0,0,0,0,0,0,0,0,0,0,0,0,0,0,0,0,0,0,0,0,0,0,0,1,1,0,0,0,1,0,0,0,0,0,0,1,1,0,0,0,0,0,0,0,0,0,0,1,0,0,0,0,0,0,0,0,0,0,1,0,0,1,0,0,0,0,0,0,0,1,0,0,0
0,1,0,0,0,1,1,0,0,0,0,0,0,0,0,1,1,1,1,0,0,1,0,0,0,0,1,0,0,0,1,0,0,0,0,0,0,0,0,1,0,1,0,1,0,0,0,1,0,0,0,0,0,0,0,0,0,0,0,0,0,0,1,0,0,0,0,0,0,0,0,1,0,1,0,0,0,1,0,0,1,0,0,0,0,1,0,0,1,0,0,0,0,0,0,0,0,0,0,0,0,0,0,0,0,0,0,1,0,0,0,1,0,0,0,0,0,0,0,0,1,0,0,0,0,0,0,0,0,0,0,0,0,1,0,0,0,0,0,0,0,0,0,0,0,0,0,0,0,0,0,0,0,0,0,0,0,0,0,0,0,0,0,0,0,0,0,0,0,0,0,1,1,0,0,0,1,0,0,0,0,0,0,1,1,0,0,0,0,0,0,0,0,0,0,0,0,0,0,0,0,0,0,0,0,0,0,0,0,0,0,0,0,0,0,0,0,0,0,0,0
0,0,0,1,1,1,0,0,1,1,1,0,1,1,1,0,0,0,0,0,0,0,0,0,0,1,1,1,1,1,1,1,1,0,0,0,0,0,0,0,1,0,1,1,0,1,1,0,1,0,0,0,1,1,0,1,0,1,0,1,0,1,0,0,0,1,0,1,1,0,1,1,0,0,0,0,1,0,0,1,1,0,0,1,1,0,0,1,1,1,1,1,1,1,0,1,1,1,1,0,1,1,1,0,1,0,1,1,0,1,0,0,1,1,0,1,0,1,1,1,1,1,1,1,0,0,0,1,1,0,1,0,1,1,0,1,1,1,0,1,1,1,1,1,0,1,1,1,0,0,1,0,0,1,1,0,0,1,0,1,1,0,1,1,0,1,1,0,1,0,0,0,0,1,1,1,0,1,0,0,1,1,0,1,1,1,0,1,0,0,0,0,0,0,0,0,0,0,0,0,0,0,0,0,0,0,0,0,0,0,0,0,0,0,0,0,0,0,0,0,0
0,0,0,1,1,1,1,0,1,0,1,0,1,1,1,0,0,0,0,0,0,0,0,0,0,1,1,1,1,1,1,1,0,0,0,0,0,0,0,1,0,0,1,1,0,1,0,0,1,0,0,1,1,1,0,1,0,1,1,1,0,1,0,0,0,1,0,1,1,0,1,1,0,0,0,0,1,0,0,1,1,0,0,1,1,0,0,1,1,1,1,1,1,1,0,1,1,1,0,0,0,1,1,0,1,0,1,1,0,1,0,0,1,1,0,1,0,1,1,0,1,1,1,1,0,0,0,1,1,0,1,0,1,1,0,1,1,0,0,1,1,1,0,1,0,1,1,1,0,0,1,0,0,1,1,0,0,1,0,1,1,0,1,1,0,1,1,0,1,0,0,0,0,1,1,1,0,1,0,0,1,1,0,1,1,1,1,1,0,1,0,0,0,0,0,0,0,0,1,0,0,0,0,0,0,0,0,0,1,0,0,0,0,0,0,0,1,0,0,0,0
0,0,0,1,1,1,1,0,1,0,1,0,1,1,1,0,0,0,0,0,0,0,0,0,0,1,1,1,1,1,1,1,0,0,0,0,0,0,0,1,0,0,1,1,0,1,0,0,1,0,0,1,1,1,0,1,0,1,1,1,0,1,0,0,0,1,0,1,1,0,1,1,0,0,0,0,1,0,0,1,1,0,0,1,1,0,0,1,1,1,1,1,1,1,0,1,1,1,0,0,0,1,1,0,1,0,1,1,0,1,0,0,1,1,0,1,0,1,1,0,1,1,1,1,0,0,0,1,1,0,1,0,1,1,0,1,1,0,0,1,1,1,0,1,0,1,1,1,0,0,1,0,0,1,1,0,0,1,0,1,1,0,1,1,0,1,1,0,1,0,0,0,0,1,1,1,0,1,0,0,1,1,0,1,1,1,1,1,0,1,0,0,0,0,0,0,0,1,0,0,0,0,0,0,0,0,0,0,0,0,1,0,0,0,0,0,0,0,1,0,0
0,0,0,1,1,1,0,0,1,0,1,0,1,1,1,0,0,0,0,0,0,0,0,0,0,1,1,1,1,1,1,1,0,0,0,0,0,0,0,0,0,0,1,1,0,1,0,0,1,0,0,0,1,1,0,1,0,1,0,1,0,1,0,0,0,1,0,1,1,0,1,1,0,0,0,0,1,0,0,1,1,0,0,1,1,0,0,1,1,1,1,0,1,1,0,1,0,1,0,0,0,1,1,0,1,0,1,1,0,1,1,0,1,1,0,1,0,1,1,0,1,1,1,1,0,0,0,1,1,0,1,0,1,1,0,0,1,0,0,1,1,1,0,1,0,1,1,1,0,0,1,0,0,1,1,0,0,1,0,1,0,0,1,1,0,1,1,0,1,0,0,0,0,1,1,1,0,0,0,0,1,1,0,1,1,0,0,1,0,0,0,0,0,0,0,1,0,0,0,0,0,0,0,0,0,0,0,0,0,0,0,0,0,0,0,0,0,0,0,0,0
0,0,0,1,1,1,0,0,1,0,1,0,1,1,1,0,0,0,0,0,0,0,0,0,0,1,1,1,1,1,1,1,0,0,0,0,0,0,0,0,0,0,1,1,0,1,0,0,1,0,0,0,1,1,0,1,0,1,0,1,0,1,0,0,0,1,0,1,1,0,1,1,0,0,0,0,1,0,0,1,1,0,0,1,1,0,0,1,1,1,1,0,1,1,0,1,0,1,0,0,0,1,1,0,1,0,1,1,0,1,1,0,1,1,0,1,0,1,1,0,1,1,1,1,0,0,0,1,1,0,1,0,1,1,0,0,1,0,0,1,1,1,0,1,0,1,1,1,0,0,1,0,0,1,1,0,0,1,0,1,0,0,1,1,0,1,1,0,1,0,0,0,0,1,1,1,0,0,0,0,1,1,0,1,1,0,0,1,0,0,0,0,0,0,0,1,0,0,0,0,0,0,0,0,0,0,0,0,0,0,0,0,0,0,0,0,0,0,0,0,0
0,0,0,1,1,1,0,0,1,0,1,0,1,1,1,0,0,0,0,0,0,0,0,0,0,1,1,1,1,1,1,1,0,0,0,0,0,0,0,0,0,0,1,1,0,1,0,0,1,0,0,0,1,1,0,1,0,1,0,1,0,1,0,0,0,1,0,1,1,0,1,1,0,0,0,0,1,0,0,1,1,0,0,1,1,0,0,1,1,1,1,0,1,1,0,1,0,1,0,0,0,1,1,0,1,0,1,1,0,1,1,0,1,1,0,1,0,1,1,0,1,1,1,1,0,0,0,1,1,0,1,0,1,1,0,0,1,0,0,1,1,1,0,1,0,1,1,1,0,0,1,0,0,1,1,0,0,1,0,1,0,0,1,1,0,1,1,0,1,0,0,0,0,1,1,1,0,0,0,0,1,1,0,1,1,0,0,1,0,0,0,0,0,0,0,1,0,0,0,0,0,0,0,0,0,0,0,0,0,0,0,0,0,0,0,0,0,0,0,0,0
0,0,0,1,1,1,0,0,1,1,1,0,1,1,1,0,0,0,0,0,0,0,0,0,0,1,1,1,1,1,1,1,1,0,0,0,0,0,0,0,1,0,1,1,0,1,1,0,1,0,0,0,1,1,0,1,0,1,0,1,0,1,0,0,0,1,0,1,1,0,1,1,0,0,0,0,1,0,0,1,1,0,0,1,1,0,0,1,1,1,1,1,1,1,0,1,1,1,1,0,1,1,1,0,1,0,1,1,0,1,0,0,1,1,0,1,0,1,1,1,1,1,1,1,0,0,0,1,1,0,1,0,1,1,0,1,1,1,0,1,1,1,1,1,0,1,1,1,0,0,1,0,0,1,1,0,0,1,0,1,1,0,1,1,0,1,1,0,1,0,0,0,0,1,1,1,0,1,0,0,1,1,0,1,1,1,0,1,0,0,0,0,0,0,0,0,0,0,0,0,0,0,0,0,0,0,0,0,0,0,0,0,0,0,0,0,0,0,0,0,0
0,0,0,1,1,1,0,0,1,0,1,0,1,1,1,0,0,0,0,0,0,0,0,0,0,1,1,1,1,1,1,1,0,0,0,0,0,0,0,0,0,0,1,1,0,1,0,0,1,0,0,0,1,1,0,1,0,1,0,1,0,1,0,0,0,1,0,1,1,0,1,1,0,0,0,0,1,0,0,1,1,0,0,1,1,0,0,1,1,1,1,1,1,1,0,1,1,1,0,0,0,1,1,0,1,0,1,1,0,1,0,0,1,1,0,1,0,1,1,0,1,1,1,1,0,0,0,1,1,0,1,0,1,1,0,1,1,0,0,1,1,1,0,1,0,1,1,1,0,0,1,0,0,1,1,0,0,1,0,1,1,0,1,1,0,1,1,0,1,0,0,0,0,1,1,1,0,1,0,0,1,1,0,1,1,1,0,1,0,0,0,0,0,0,0,0,0,0,0,0,0,0,0,0,0,0,0,0,0,0,0,0,0,0,0,0,0,0,0,0,0
0,0,0,1,1,1,0,0,1,0,1,0,1,1,1,0,0,0,0,0,0,0,0,0,0,1,1,1,1,1,1,1,0,0,0,0,0,0,0,0,0,0,1,1,0,1,0,0,1,0,0,0,1,1,0,1,0,1,0,1,0,1,0,0,0,1,0,1,1,0,1,1,0,0,0,0,1,0,0,1,1,0,0,1,1,0,0,1,1,1,1,1,1,1,0,1,1,1,0,0,0,1,1,0,1,0,1,1,0,1,0,0,1,1,0,1,0,1,1,0,1,1,1,1,0,0,0,1,1,0,1,0,1,1,0,1,1,0,0,1,1,1,0,1,0,1,1,1,0,0,1,0,0,1,1,0,0,1,0,1,1,0,1,1,0,1,1,0,1,0,0,0,0,1,1,1,0,1,0,0,1,1,0,1,1,1,0,1,0,0,0,0,0,0,0,0,0,0,0,0,0,0,0,0,0,0,0,0,0,0,0,0,0,0,0,0,0,0,0,0,0
0,0,0,1,1,1,1,0,1,0,1,0,1,1,1,0,0,0,0,0,0,0,0,0,0,1,1,1,1,1,1,1,0,0,0,0,0,0,0,1,0,0,1,1,0,1,0,0,1,0,0,1,1,1,0,1,0,1,1,1,0,1,0,0,0,1,0,1,1,0,1,1,0,0,0,0,1,0,0,1,1,0,0,1,1,0,0,1,1,1,1,1,1,1,0,1,1,1,0,0,0,1,1,0,1,0,1,1,0,1,0,0,1,1,0,1,0,1,1,0,1,1,1,1,0,0,0,1,1,0,1,0,1,1,0,1,1,0,0,1,1,1,0,1,0,1,1,1,0,0,1,0,0,1,1,0,0,1,0,1,1,0,1,1,0,1,1,0,1,0,0,0,0,1,1,1,0,1,0,0,1,1,0,1,1,1,1,1,0,1,0,1,0,0,0,0,0,0,0,0,0,1,0,0,0,0,0,1,0,0,0,0,0,0,1,0,0,0,0,0,0
0,1,1,1,0,1,1,0,0,1,1,0,1,1,1,1,1,1,1,0,0,1,1,1,0,0,1,0,1,0,1,0,1,1,0,0,1,1,1,1,1,1,0,1,0,0,1,1,0,0,0,0,0,1,1,0,0,0,0,0,0,0,1,1,1,0,0,0,0,0,0,1,0,1,0,1,0,1,0,0,1,0,0,1,0,1,0,0,1,0,0,0,0,0,0,0,1,0,1,1,1,0,0,0,0,0,0,1,1,0,0,1,0,0,0,1,1,0,1,1,1,0,0,0,0,0,1,0,0,0,0,0,1,1,0,1,0,1,1,0,0,1,1,1,0,0,0,1,1,0,0,0,0,0,0,0,0,0,0,0,1,0,0,1,0,0,0,0,0,0,1,1,1,0,0,0,1,1,0,0,1,0,0,1,1,0,0,0,1,0,0,0,1,0,1,1,1,0,0,0,0,0,0,1,0,0,1,0,0,0,0,1,0,0,0,0,0,0,0,1,0
1,1,1,1,0,1,1,0,0,1,1,0,1,1,1,1,1,1,1,0,0,1,1,1,1,0,1,0,1,1,1,0,1,1,0,0,1,1,1,1,1,1,0,1,0,0,1,1,0,0,0,0,0,1,1,0,0,0,0,1,0,0,1,1,1,0,0,0,0,0,0,1,0,1,0,1,0,1,0,0,1,0,0,1,0,1,0,0,1,0,0,0,0,0,0,0,1,0,1,1,1,0,0,0,0,0,0,1,1,0,0,1,0,0,0,1,1,0,1,1,1,0,0,0,0,0,1,0,0,0,0,0,1,1,0,1,0,1,1,0,0,1,1,1,0,0,0,1,1,0,0,0,0,0,0,0,0,0,0,0,1,0,0,1,0,0,0,0,0,0,1,1,1,0,0,0,1,1,0,0,1,0,0,1,1,0,0,0,1,0,0,0,1,0,1,1,1,0,0,0,0,0,0,1,0,0,1,0,0,1,0,1,0,0,0,1,0,1,0,1,0
0,1,1,1,0,1,1,0,0,1,1,0,1,1,1,1,1,1,1,0,0,1,1,1,0,0,1,0,1,0,1,0,1,1,0,0,1,1,1,1,1,1,0,1,0,0,1,1,0,0,0,0,0,1,1,0,0,0,0,0,0,0,1,1,1,0,0,0,0,0,0,1,0,1,0,1,0,1,0,0,1,0,0,1,0,1,0,0,1,0,0,0,0,0,0,0,1,0,1,1,1,0,0,0,0,0,0,1,1,0,0,1,0,0,0,1,1,0,1,1,1,0,0,0,0,0,1,0,0,0,0,0,1,1,0,1,0,1,1,0,0,1,1,1,0,0,0,1,1,0,0,0,0,0,0,0,0,0,0,0,1,0,0,1,0,0,0,0,0,0,1,1,1,0,0,0,1,1,0,0,1,0,0,1,1,0,0,0,1,0,0,0,1,0,1,1,1,0,0,0,0,0,0,1,0,0,1,0,0,0,0,1,0,0,0,0,0,0,0,1,0
1,1,1,1,0,1,1,0,0,1,1,0,1,1,1,1,1,1,1,0,0,1,1,1,0,0,1,0,1,0,1,0,1,1,0,0,1,1,1,1,1,1,0,1,0,0,1,1,0,0,0,1,0,1,1,0,0,0,0,0,0,0,1,1,1,0,0,0,0,0,0,1,0,1,0,1,0,1,0,0,1,0,0,1,0,1,0,0,1,0,0,0,0,0,0,0,1,0,1,1,1,0,0,0,0,0,0,1,1,0,0,1,0,0,0,1,1,0,1,1,1,0,0,0,0,0,1,0,0,0,0,0,1,1,0,1,0,1,1,0,0,1,1,1,0,0,0,1,1,0,0,0,0,0,0,0,0,0,0,0,1,0,0,1,0,0,0,0,0,0,1,1,1,0,0,0,1,1,0,0,1,0,0,1,1,0,0,0,1,0,0,0,1,0,1,1,1,0,0,0,0,0,0,1,0,0,1,0,0,0,0,1,0,1,0,0,0,0,0,1,0
0,1,1,1,0,1,1,0,0,1,1,0,1,1,1,1,1,1,1,0,0,1,1,1,0,0,1,0,1,0,1,0,1,1,0,0,1,1,1,1,1,1,0,1,0,0,1,1,0,0,0,0,0,1,1,0,0,0,0,0,0,0,1,1,1,0,0,0,0,0,0,1,0,1,0,1,0,1,0,0,1,0,0,1,0,1,0,0,1,0,0,0,0,0,0,0,1,0,1,1,1,0,0,0,0,0,0,1,1,0,0,1,0,0,0,1,1,0,1,1,1,0,0,0,0,0,1,0,0,0,0,0,1,1,0,1,0,1,1,0,0,1,1,1,0,0,0,1,1,0,0,0,0,0,0,0,0,0,0,0,1,0,0,1,0,0,0,0,0,0,1,1,1,0,0,0,1,1,0,0,1,0,0,1,1,0,0,0,1,0,0,0,1,0,1,1,1,0,0,0,0,0,0,1,0,0,1,0,0,0,0,1,0,0,0,0,0,0,0,1,0
0,1,1,1,1,1,1,1,0,1,1,0,1,1,1,1,1,1,1,0,0,1,1,1,0,0,1,0,1,0,1,0,1,1,0,0,1,1,1,1,1,1,0,1,0,0,1,1,0,0,0,0,0,1,1,0,0,0,0,0,0,0,1,1,1,0,0,0,0,0,0,1,0,1,0,1,0,1,0,0,1,0,0,1,0,1,0,0,1,0,0,0,0,0,0,0,1,0,1,1,1,0,0,0,0,0,0,1,1,0,0,1,0,0,0,1,1,0,1,1,1,0,0,0,0,0,1,0,0,0,0,0,1,1,0,1,0,1,1,0,0,1,1,1,0,0,0,1,1,0,0,0,0,0,0,0,0,0,0,0,1,0,0,1,0,0,0,0,0,0,1,1,1,0,0,0,1,1,0,0,1,0,0,1,1,0,0,0,1,0,0,0,1,0,1,1,1,0,0,0,0,0,0,1,0,0,1,0,0,0,0,1,0,0,0,0,0,0,0,1,0
0,1,1,1,0,1,1,0,0,1,1,0,1,1,1,1,1,1,1,0,0,1,1,1,0,0,1,0,1,0,1,0,1,1,0,0,1,1,1,1,1,1,0,1,0,0,1,1,0,0,0,0,0,1,1,0,0,0,0,0,0,0,1,1,1,0,0,0,0,0,0,1,0,1,0,1,0,1,0,0,1,0,0,1,0,1,0,0,1,0,0,0,0,0,0,0,1,0,1,1,1,0,0,0,0,0,0,1,1,0,0,1,0,0,0,1,1,0,1,1,1,0,0,0,0,0,1,0,0,0,0,0,1,1,0,1,0,1,1,0,0,1,1,1,0,0,0,1,1,0,0,0,0,0,0,0,0,0,0,0,1,0,0,1,0,0,0,0,0,0,1,1,1,0,0,0,1,1,0,0,1,0,0,1,1,0,0,0,1,0,0,0,1,0,1,1,1,0,0,0,0,0,0,1,0,0,1,0,0,0,0,1,0,0,0,0,0,0,0,1,0
0,1,1,1,0,1,1,0,0,1,1,0,1,1,1,1,1,1,1,0,0,1,1,1,0,0,1,0,1,0,1,0,1,1,0,0,1,1,1,1,1,1,0,1,0,0,1,1,0,0,0,0,0,1,1,0,0,0,0,0,0,0,1,1,1,0,0,0,0,0,0,1,0,1,0,1,0,1,0,0,1,0,0,1,0,1,0,0,1,0,0,0,0,0,0,0,1,0,1,1,1,0,0,0,0,0,0,1,1,0,0,1,0,0,0,1,1,0,1,1,1,0,0,0,0,0,1,0,0,0,0,0,1,1,0,1,0,1,1,0,0,1,1,1,0,0,0,1,1,0,0,0,0,0,0,0,0,0,0,0,1,0,0,1,0,0,0,0,0,0,1,1,1,0,0,0,1,1,0,0,1,0,0,1,1,0,0,0,1,0,0,0,1,0,1,1,1,0,0,0,0,0,0,1,0,0,1,0,0,0,0,1,0,0,0,0,0,0,0,1,0
1,1,1,1,0,1,1,1,0,1,1,0,1,1,1,1,1,1,1,0,0,1,1,1,0,0,1,0,1,0,1,0,1,1,0,0,1,1,1,1,1,1,0,1,0,0,1,1,1,0,0,1,0,1,1,0,0,1,1,0,0,0,1,1,1,0,0,0,1,0,0,1,0,1,0,1,0,1,0,0,1,0,0,1,0,1,0,0,1,0,1,0,0,0,0,0,1,1,1,1,1,0,0,0,0,0,0,1,1,0,0,1,1,1,0,1,1,1,1,1,1,0,0,1,0,0,1,1,1,0,0,0,1,1,0,1,1,1,1,1,0,1,1,1,0,1,1,1,1,0,0,0,0,1,0,0,0,0,0,1,1,0,0,1,0,1,0,0,1,0,1,1,1,1,0,1,1,1,0,0,1,1,0,1,1,0,1,0,1,1,0,0,1,0,1,1,1,1,0,0,0,0,0,1,0,0,1,0,0,0,1,1,0,0,0,0,0,0,1,1,0
1,1,1,1,0,1,1,0,0,1,1,0,1,1,1,1,1,1,1,0,0,1,1,1,0,0,1,0,1,0,1,0,1,1,0,0,1,1,1,1,1,1,0,1,0,0,1,1,0,0,0,1,0,1,1,0,0,0,0,0,0,0,1,1,1,0,0,0,0,0,0,1,0,1,0,1,0,1,0,0,1,0,0,1,0,1,0,0,1,0,0,0,0,0,0,0,1,0,1,1,1,0,0,0,0,0,0,1,1,0,0,1,0,0,0,1,1,0,1,1,1,0,0,0,0,0,1,0,0,0,0,0,1,1,0,1,0,1,1,0,0,1,1,1,0,0,0,1,1,0,0,0,0,0,0,0,0,0,0,0,1,0,0,1,0,0,0,0,0,0,1,1,1,0,0,0,1,1,0,0,1,0,0,1,1,0,0,0,1,0,0,0,1,0,1,1,1,0,0,0,0,0,0,1,0,0,1,0,0,1,0,1,0,0,0,0,0,1,0,1,0
0,1,1,1,0,1,1,0,0,1,1,0,1,1,1,1,1,1,1,0,0,1,1,1,0,0,1,0,1,0,1,0,1,1,0,0,1,1,1,1,1,1,0,1,0,0,1,1,0,0,0,0,0,1,1,0,0,0,0,0,0,0,1,1,1,0,0,0,0,0,0,1,0,1,0,1,0,1,0,0,1,0,0,1,0,1,0,0,1,0,0,0,0,0,0,0,1,0,1,1,1,0,0,0,0,0,0,1,1,0,0,1,0,0,0,1,1,0,1,1,1,0,0,0,0,0,1,0,0,0,0,0,1,1,0,1,0,1,1,0,0,1,1,1,0,0,0,1,1,0,0,0,0,0,0,0,0,0,0,0,1,0,0,1,0,0,0,0,0,0,1,1,1,0,0,0,1,1,0,0,1,0,0,1,1,0,0,0,1,0,0,0,1,0,1,1,1,0,0,0,0,0,0,1,0,0,1,0,0,0,0,1,0,0,0,0,0,0,0,1,0
0,1,0,1,0,1,1,1,0,0,0,0,0,0,0,1,1,1,1,0,1,1,0,1,0,1,1,0,1,0,1,0,0,0,0,0,0,0,0,1,0,1,0,1,0,0,0,1,1,0,0,1,0,0,0,0,1,1,1,0,0,0,1,0,0,0,0,0,1,0,0,1,0,1,0,0,0,0,1,0,1,0,0,0,0,0,1,0,1,0,1,0,0,0,0,1,0,1,0,0,0,0,0,0,0,0,0,1,1,0,0,1,1,1,0,0,0,1,1,0,1,0,0,1,0,0,1,1,1,1,0,0,1,0,1,0,1,0,0,1,0,1,0,0,0,1,1,1,1,0,1,0,0,1,1,0,1,1,1,1,1,0,1,1,0,1,0,1,1,1,0,0,0,1,0,1,1,0,0,0,0,1,0,1,1,0,1,1,1,1,1,0,1,1,0,1,1,1,0,1,1,0,0,1,1,0,0,1,0,0,1,0,0,0,1,0,0,0,1,0,0
0,1,0,1,1,1,0,0,1,1,1,0,1,1,0,1,1,1,0,0,0,0,0,0,0,1,1,1,1,0,1,1,1,0,0,0,1,0,1,0,1,1,0,1,1,1,1,1,0,1,1,1,1,1,1,1,0,0,0,1,1,1,1,0,0,1,1,1,0,0,1,1,1,0,1,1,0,1,0,1,1,1,1,1,1,1,0,1,1,1,0,1,1,1,1,0,1,0,1,1,1,1,1,1,1,0,1,1,0,1,1,1,0,0,0,1,1,0,1,1,0,1,1,0,0,0,1,0,0,0,1,1,1,0,0,1,0,1,0,0,1,0,1,1,0,0,0,1,1,0,0,0,0,0,0,0,0,0,0,0,1,0,0,1,1,0,0,0,0,0,0,0,1,0,1,0,1,1,0,0,1,0,0,0,0,1,0,0,1,0,0,0,1,0,0,1,1,0,0,0,0,0,0,1,0,0,1,0,0,0,0,0,0,1,0,0,0,0,0,0,0
0,1,0,1,0,0,0,0,0,0,1,0,1,1,0,1,1,1,1,0,0,1,0,0,0,1,1,0,1,0,0,0,0,1,0,0,0,0,1,0,0,1,0,0,1,1,0,1,0,0,0,0,1,1,1,1,0,0,0,0,1,1,1,1,1,1,0,1,0,0,1,0,1,0,0,1,0,0,0,1,0,0,0,1,1,0,0,1,1,1,0,1,1,1,0,0,1,0,0,1,0,1,1,0,1,0,1,0,0,1,1,1,0,0,0,1,1,0,1,0,0,1,1,0,0,0,1,0,0,0,1,0,0,0,0,1,0,0,0,0,1,0,0,1,0,0,0,1,1,0,0,0,0,0,0,0,0,0,0,0,1,0,0,1,1,0,0,0,0,0,1,0,0,0,1,0,1,1,0,0,1,0,0,0,0,1,0,0,0,0,0,0,0,0,0,1,0,0,0,0,0,0,0,0,0,0,0,0,0,0,0,1,0,0,0,0,0,0,0,1,0
0,0,0,1,0,0,0,0,0,0,1,0,1,1,0,1,1,1,0,0,0,0,0,0,0,1,1,0,0,0,0,0,0,1,0,0,0,1,1,0,0,1,0,0,1,1,0,1,0,0,0,1,1,1,1,1,0,0,0,0,1,1,1,1,1,1,0,1,0,0,1,0,1,0,0,1,0,0,0,1,0,0,0,1,1,0,0,1,1,1,0,1,1,1,0,0,1,0,0,1,0,1,1,0,1,0,1,0,0,1,1,1,0,0,0,1,1,0,1,0,0,1,1,0,0,0,1,0,0,0,1,0,0,0,0,1,0,0,0,0,1,0,0,1,0,0,0,1,1,0,0,0,0,0,0,0,0,0,0,0,1,0,0,1,1,0,0,0,0,0,1,0,0,0,1,0,1,1,0,0,1,0,0,0,0,1,0,0,0,0,0,0,0,0,0,0,0,0,0,0,0,0,0,0,0,0,0,0,0,0,0,0,0,0,0,0,0,0,0,0,0
0,0,0,1,0,0,0,0,0,0,1,0,1,1,0,1,1,1,0,0,0,0,0,0,0,1,1,0,0,0,0,0,0,1,0,0,0,0,1,0,0,1,0,0,1,1,0,1,0,0,0,0,1,1,1,1,0,0,0,0,1,1,1,1,1,1,0,1,0,0,1,0,1,0,0,1,0,0,0,1,0,0,0,1,1,0,0,1,1,1,0,1,1,1,0,0,1,0,0,1,0,1,1,0,1,0,1,0,0,1,1,1,0,0,0,1,1,0,1,0,0,1,1,0,0,0,1,0,0,0,1,0,0,0,0,1,0,0,0,0,1,0,0,1,0,0,0,1,1,0,0,0,0,0,0,0,0,0,0,0,1,0,0,1,1,0,0,0,0,0,1,0,0,0,1,0,1,1,0,0,1,0,0,0,0,1,0,0,0,0,0,0,0,0,0,0,0,0,0,0,0,0,0,0,0,0,0,0,0,0,0,0,0,0,0,0,0,0,0,0,0
0,0,0,1,1,0,0,0,0,0,1,0,1,1,0,1,1,1,0,0,0,0,0,0,0,1,1,1,1,0,0,0,0,1,0,0,0,0,1,0,0,1,0,0,1,1,0,1,0,1,1,0,1,1,1,1,0,0,0,0,1,1,0,1,1,1,0,1,0,0,1,0,1,0,1,1,1,0,0,1,0,1,1,1,1,0,0,1,1,1,0,1,1,1,1,0,1,0,0,1,0,1,1,1,1,0,1,0,0,1,1,1,0,0,0,1,1,0,1,0,0,1,1,0,0,0,1,0,0,0,1,1,0,0,0,1,0,0,0,0,1,0,0,1,0,0,0,1,1,0,0,0,0,0,0,0,0,0,0,0,1,0,0,1,1,0,0,0,0,0,1,0,0,0,1,0,1,1,0,0,1,0,0,0,0,1,0,0,0,0,0,0,0,0,0,0,0,0,0,0,0,0,0,0,0,0,0,0,0,0,0,0,0,0,0,0,0,0,0,0,0
0,1,0,1,0,0,0,0,0,0,1,0,1,1,0,0,0,1,1,0,0,1,1,1,0,1,1,0,0,0,0,0,0,1,0,0,1,0,1,0,0,0,0,0,1,1,0,0,0,0,0,0,1,1,1,1,0,0,0,0,1,1,0,1,1,1,0,1,0,0,1,0,1,0,0,1,0,0,0,1,0,0,0,1,1,0,0,1,1,1,0,1,1,1,0,0,1,0,0,1,0,1,1,0,1,0,1,0,0,1,1,0,0,0,0,1,1,0,1,0,0,1,1,0,0,0,1,0,0,0,1,0,0,0,0,1,0,0,0,0,1,0,0,1,0,0,0,1,1,0,0,0,0,0,0,0,0,0,0,0,1,0,0,1,1,0,0,0,0,0,1,0,0,0,1,0,0,1,0,0,1,0,0,0,0,1,0,0,0,0,0,0,0,0,0,1,1,0,0,0,0,0,0,0,0,0,0,0,0,0,0,0,0,0,0,1,0,0,0,0,0
0,1,0,1,1,0,0,0,0,0,1,0,1,1,1,0,0,1,1,0,0,0,0,0,0,1,1,1,1,1,0,0,0,1,0,0,0,0,1,0,0,1,0,0,1,1,0,1,0,0,0,1,1,1,1,1,0,0,0,0,1,1,1,1,1,1,0,1,0,0,1,0,1,0,0,1,0,0,0,1,0,0,0,1,1,0,0,1,1,1,0,1,1,1,0,0,1,0,0,1,0,1,1,0,1,0,1,0,0,1,1,1,0,0,0,1,1,0,1,0,0,1,1,0,0,0,1,0,0,0,1,0,0,0,0,1,0,0,1,0,1,0,0,1,0,0,0,1,1,0,0,0,0,0,0,0,0,0,0,0,1,0,0,1,1,0,0,0,0,0,1,0,0,0,1,0,0,1,0,0,1,0,0,0,0,1,0,0,0,0,0,0,0,0,0,0,0,0,0,0,0,0,0,0,0,0,0,0,0,0,0,0,0,0,0,0,0,0,0,0,0
0,0,0,1,1,0,0,0,0,0,1,0,1,1,0,0,0,0,0,0,0,0,0,0,0,1,1,0,0,0,0,0,0,1,0,0,0,0,1,0,0,1,0,0,1,1,0,1,0,0,0,0,1,1,1,1,0,0,0,0,1,1,0,1,1,1,0,1,0,0,1,0,1,0,0,1,0,0,0,1,0,0,0,1,1,0,0,1,1,1,0,1,1,1,0,0,1,0,0,1,0,1,1,0,1,1,1,0,0,1,1,1,0,0,0,1,1,0,1,0,0,1,1,0,0,0,1,0,0,0,1,0,0,0,0,1,0,0,0,0,1,0,0,1,0,0,0,1,1,0,0,0,0,0,0,0,0,0,0,0,1,0,0,1,1,0,0,0,0,0,1,0,0,0,1,0,0,1,0,0,1,0,0,0,0,1,0,0,0,0,0,0,0,0,0,0,0,0,0,0,0,0,0,0,0,0,0,0,0,0,0,0,0,0,0,0,0,0,0,0,0
0,0,0,1,1,1,1,0,0,0,1,0,1,1,0,0,0,0,0,0,0,0,0,0,0,1,1,0,0,0,1,0,0,1,0,0,0,0,1,1,0,1,0,1,1,1,0,1,0,0,0,1,1,1,1,1,1,0,0,0,1,1,0,1,1,1,0,1,1,0,1,1,1,0,0,1,0,0,0,1,0,0,0,1,1,1,1,1,1,1,0,1,1,1,0,0,1,0,0,1,0,1,1,0,1,1,1,0,0,1,1,1,0,0,0,1,1,0,1,0,0,1,1,0,0,0,1,0,0,0,1,0,0,0,0,1,0,0,0,0,1,0,0,1,0,0,0,1,1,1,0,0,0,0,0,0,0,0,0,0,1,0,0,1,1,0,0,0,0,0,1,1,1,0,1,0,0,1,0,0,1,0,0,0,0,1,0,0,0,0,0,0,0,0,0,0,0,0,0,0,0,0,0,0,0,0,0,0,0,0,0,0,0,0,0,0,0,0,0,0,0
0,0,0,1,1,0,0,0,0,0,1,0,1,1,0,0,0,0,0,0,0,0,0,0,0,1,1,0,0,0,0,0,0,1,0,0,0,0,1,0,0,1,0,0,1,1,0,1,0,0,0,1,1,1,1,1,0,0,0,0,1,1,1,1,1,1,0,1,0,0,1,0,1,0,0,1,0,0,0,1,0,0,0,1,1,0,0,1,1,1,0,1,1,1,0,0,1,0,0,1,0,1,1,0,1,1,1,0,0,1,1,1,0,0,0,1,1,0,1,0,0,1,1,0,0,0,1,0,0,0,1,0,0,0,0,1,0,0,1,0,1,0,0,1,0,0,0,1,1,0,0,0,0,0,0,0,0,0,0,0,1,0,0,1,1,0,0,0,0,0,1,0,0,0,1,0,1,1,0,0,1,0,0,0,0,1,0,0,0,0,0,0,0,0,0,0,0,0,0,0,0,0,0,0,0,0,0,0,0,0,0,0,0,0,0,0,0,0,0,0,0
0,0,0,1,0,1,0,0,0,0,1,0,1,1,0,0,0,0,0,0,0,0,0,0,0,1,1,0,0,0,1,0,0,1,0,0,0,0,1,0,0,1,1,1,1,1,0,1,1,0,0,1,1,1,1,1,0,0,0,0,1,1,0,1,1,1,0,1,1,0,1,0,1,0,0,1,0,0,0,1,0,0,0,1,1,0,0,1,1,1,0,1,1,1,0,0,1,0,0,1,0,1,1,0,1,1,1,0,0,1,1,1,0,0,0,1,1,0,1,0,0,1,1,0,1,0,1,0,0,0,1,0,0,0,0,1,0,0,0,0,1,0,0,1,0,0,0,1,1,0,0,1,0,0,0,0,0,0,0,0,1,0,0,1,1,0,0,0,0,0,1,0,0,0,1,0,0,1,1,0,1,0,0,0,0,1,0,0,0,0,0,0,0,0,0,0,0,0,0,0,0,0,0,0,0,0,0,0,0,0,0,0,0,0,0,0,0,0,0,0,0
0,0,0,1,0,0,0,0,0,0,1,0,1,1,0,0,0,0,0,0,0,0,0,0,0,1,1,0,0,0,0,0,0,1,0,0,0,0,1,0,0,1,0,0,1,1,0,1,0,0,0,1,1,1,1,1,0,0,0,0,1,1,1,1,1,1,0,1,0,0,1,0,1,0,0,1,0,0,0,1,0,0,0,1,1,0,0,1,1,1,0,1,1,1,0,0,1,0,0,1,0,1,1,0,1,0,1,0,0,1,1,1,0,0,0,1,1,0,1,0,0,1,1,0,0,0,1,0,0,0,1,0,0,0,0,1,0,0,0,0,1,0,0,1,0,0,0,1,1,0,0,0,0,0,0,0,0,0,0,0,1,0,0,1,1,0,0,0,0,0,1,0,0,0,1,0,0,1,0,0,1,0,0,0,0,1,0,0,0,0,0,0,0,0,0,0,0,0,0,0,0,0,0,0,0,0,0,0,0,0,0,0,0,0,0,0,0,0,0,0,0
0,1,0,1,0,0,0,0,0,0,1,0,1,1,0,0,0,1,1,0,0,0,0,0,0,1,1,0,1,0,0,0,0,1,0,0,0,0,1,0,0,1,0,0,1,1,0,1,0,0,0,0,1,1,1,1,0,0,0,0,1,1,0,1,1,1,0,1,0,0,1,0,1,0,0,1,0,0,0,1,0,0,0,1,1,0,0,1,1,1,0,1,1,1,0,0,1,0,0,1,0,1,1,0,1,1,1,0,0,1,1,1,0,0,0,1,1,0,1,0,0,1,1,0,0,0,1,0,0,0,1,0,0,0,0,1,0,0,0,0,1,0,0,1,0,0,0,1,1,0,0,0,0,0,0,0,0,0,0,0,1,0,0,1,1,0,0,0,0,0,1,0,0,0,1,0,0,1,0,0,1,0,0,0,0,1,0,0,0,0,0,0,0,0,0,1,0,0,0,0,0,0,0,0,0,0,0,0,0,0,0,0,0,0,0,0,0,0,0,0,0
0,0,0,1,0,0,0,0,0,0,1,0,1,1,0,0,0,0,0,0,0,0,0,0,0,1,1,0,0,0,0,0,0,0,0,0,0,0,1,0,0,1,0,0,1,1,0,1,0,0,0,1,1,1,1,1,0,0,0,0,1,1,1,0,0,1,1,1,0,0,1,0,1,0,0,1,0,0,0,1,0,0,0,1,1,0,0,1,1,1,0,1,1,1,0,0,1,0,0,1,0,1,1,1,1,0,1,0,0,1,1,1,0,0,0,1,1,0,1,0,0,1,1,0,0,0,1,0,0,0,1,0,0,0,0,1,0,0,0,0,1,0,0,1,0,0,0,1,1,0,0,0,0,0,0,0,0,0,0,0,1,0,0,1,1,0,0,0,0,0,0,0,0,0,1,0,0,1,0,0,1,0,0,0,0,1,0,0,0,0,0,0,0,0,0,0,0,0,0,0,0,0,0,0,0,0,0,0,0,0,0,0,0,0,0,0,0,0,0,0,0
0,0,0,1,0,0,0,0,0,0,1,0,1,1,0,0,0,0,0,0,0,0,0,0,0,1,1,0,0,0,0,0,0,1,0,0,0,0,1,0,0,1,0,0,1,1,0,1,0,0,0,1,1,1,1,1,0,0,0,0,1,1,1,1,1,1,1,1,0,0,1,0,1,0,0,1,0,0,0,1,0,0,0,1,1,0,0,1,1,1,0,1,1,1,0,0,1,0,0,1,0,1,1,1,1,1,1,0,0,1,1,1,0,0,0,1,1,0,1,0,0,1,1,0,0,0,1,0,0,0,1,0,0,0,0,1,0,0,0,0,1,0,0,1,0,0,0,1,1,0,0,0,0,0,0,0,0,0,0,0,1,0,0,1,1,0,0,0,0,0,1,0,0,0,1,0,0,1,0,0,1,0,0,0,0,1,0,0,0,0,0,0,0,0,0,0,0,0,0,0,0,0,0,0,0,0,0,0,0,0,0,0,0,0,0,0,0,0,0,0,0
0,0,0,0,0,1,1,1,0,0,0,0,0,0,0,0,0,0,0,0,0,0,0,0,0,0,0,0,0,0,1,0,0,0,1,0,0,0,0,1,0,0,0,1,0,0,0,0,0,0,0,0,0,0,0,0,1,1,1,0,0,0,0,0,0,0,0,0,0,1,0,1,0,0,0,0,0,0,1,0,1,0,0,0,0,0,1,0,0,0,0,0,0,0,0,0,0,1,0,0,0,0,0,0,0,0,0,0,0,0,0,0,1,1,1,0,0,1,0,0,1,0,0,0,0,1,0,1,1,0,0,0,0,0,0,0,0,0,0,0,0,0,0,0,0,0,1,0,0,0,0,0,1,1,0,0,0,0,0,0,0,0,0,0,0,1,0,0,1,0,0,0,0,1,0,1,0,0,0,0,0,0,1,1,1,0,1,0,0,1,0,0,0,0,0,0,0,0,1,0,0,0,0,0,0,0,0,1,1,0,0,0,1,0,1,0,1,0,0,0,1
0,0,0,1,0,0,0,0,0,0,1,0,1,1,0,0,0,0,0,0,0,0,0,0,0,1,1,0,0,0,0,0,0,1,0,0,0,0,1,0,0,1,0,0,1,1,0,1,0,0,0,1,1,1,1,1,0,0,0,0,1,1,0,1,1,1,0,1,0,0,1,0,1,0,0,1,0,0,0,1,0,0,0,1,1,0,0,1,1,1,0,1,1,1,0,0,1,0,0,1,0,1,1,0,1,1,1,0,0,1,1,1,0,0,0,1,1,0,1,0,0,1,1,0,0,0,1,0,0,0,1,0,0,0,0,1,0,0,0,0,1,0,0,1,0,0,0,1,1,0,0,0,0,0,0,0,0,0,0,0,1,0,0,1,1,0,0,0,0,0,1,0,0,0,1,0,0,1,0,0,1,0,0,0,0,1,0,0,0,0,0,0,0,0,0,0,0,0,0,0,0,0,0,0,0,0,0,0,0,0,0,0,0,0,0,0,0,0,0,0,0
0,1,0,0,0,1,1,1,0,0,1,0,0,1,0,0,1,1,0,0,0,0,0,0,0,1,1,0,0,0,1,0,0,0,0,0,0,0,0,1,0,0,1,1,0,0,0,0,1,0,0,1,0,0,0,0,1,1,1,0,0,0,0,0,0,0,0,0,1,0,0,1,0,1,0,0,0,0,1,0,1,0,0,0,0,0,1,0,0,0,1,0,0,0,0,1,0,1,0,0,0,0,0,0,0,0,0,1,0,0,0,0,1,1,0,0,0,1,0,0,1,0,0,1,0,1,0,1,1,1,0,0,1,0,1,0,1,0,0,1,0,1,0,0,0,1,1,0,0,0,1,0,0,1,1,0,1,1,1,1,0,0,1,0,0,1,0,1,1,1,0,0,0,1,0,1,0,0,0,1,0,1,0,1,1,0,1,0,1,1,1,0,1,1,0,1,1,1,1,1,1,0,0,1,1,0,0,1,0,0,1,0,0,0,1,1,0,0,1,0,0
0,1,0,0,0,1,1,1,0,0,1,0,0,1,0,0,1,1,0,0,0,0,0,0,0,1,1,0,0,0,1,0,0,0,0,0,0,0,0,1,0,0,1,1,0,0,0,0,1,0,0,1,0,0,0,0,1,1,1,0,0,0,0,0,0,0,0,0,1,0,0,1,0,1,0,0,0,0,1,0,1,0,0,0,0,0,1,0,0,0,1,0,0,0,0,1,0,1,0,0,0,0,0,0,0,0,0,1,0,0,0,0,1,1,0,0,0,1,0,0,1,0,0,1,0,1,0,1,1,1,0,0,1,0,1,0,1,0,0,1,0,1,0,0,0,1,1,0,0,0,1,0,0,1,1,0,1,1,1,1,0,0,1,0,0,1,0,1,1,1,0,0,0,1,0,1,0,0,0,1,0,1,0,1,1,0,1,0,1,1,1,0,1,1,0,1,1,1,1,1,1,0,0,1,1,0,0,1,0,0,1,0,0,0,1,1,0,0,1,0,0
0,0,0,1,1,1,1,0,0,0,1,0,1,1,0,1,1,0,0,0,0,0,0,0,0,1,1,1,0,0,1,0,0,0,0,0,0,0,1,1,0,1,0,1,1,1,0,1,0,0,1,1,1,1,0,1,0,1,0,0,0,1,1,0,0,1,1,1,0,0,1,1,1,1,0,1,1,1,0,1,1,0,1,1,1,1,0,1,1,1,0,1,1,1,1,1,1,0,0,0,0,1,1,1,1,0,1,1,1,1,0,1,0,0,0,1,0,0,1,0,1,1,1,0,0,0,1,0,0,0,0,0,1,1,0,1,0,0,1,0,1,0,0,0,1,0,0,0,1,0,0,0,0,0,0,1,0,0,0,0,1,0,0,0,1,0,0,0,0,0,0,1,1,0,1,0,1,1,0,0,0,0,0,0,0,1,0,0,1,0,0,0,0,0,1,0,0,0,0,0,0,0,0,0,0,0,0,0,0,0,0,0,0,0,0,0,0,0,0,0,0
0,0,0,0,0,1,1,0,0,0,1,0,0,1,0,0,1,1,0,0,0,0,0,0,0,1,1,1,1,0,1,0,0,0,0,0,0,0,0,1,0,0,1,1,0,0,0,0,1,0,0,0,0,0,0,0,1,1,1,1,0,0,0,0,0,0,0,0,1,0,0,1,0,1,0,0,0,0,1,0,1,0,0,0,0,0,1,0,0,0,1,0,0,0,0,1,0,1,0,0,0,0,0,0,0,0,0,1,0,0,0,0,1,1,0,0,0,1,0,0,1,0,0,1,0,0,0,1,1,1,0,0,1,0,1,0,1,0,0,1,0,1,0,0,0,1,1,0,0,0,1,0,0,1,1,0,1,1,1,1,0,0,1,0,0,1,0,1,1,1,0,0,0,1,0,1,0,0,0,0,0,1,0,1,1,0,1,0,1,1,1,0,1,1,0,1,1,1,1,1,1,0,0,1,1,0,0,1,0,0,1,0,0,0,1,1,0,0,1,0,0
0,0,0,1,1,1,1,0,0,0,1,0,1,1,0,1,1,0,0,0,0,0,0,0,0,1,1,1,0,0,1,0,0,0,0,0,0,0,1,0,0,0,0,1,1,1,0,1,0,0,1,1,1,1,0,1,0,1,0,0,0,1,1,0,0,1,1,1,0,0,1,1,1,0,0,1,1,1,0,1,1,0,1,1,1,1,0,1,1,1,0,1,1,1,1,1,1,0,0,0,0,1,1,1,1,0,1,1,1,1,0,1,0,0,0,1,0,0,1,0,1,1,1,0,0,0,1,0,0,0,0,0,0,1,0,1,0,0,1,0,1,0,0,0,1,0,0,0,1,0,0,0,0,0,0,1,0,0,0,0,1,0,0,0,1,0,0,0,0,0,0,1,1,0,1,0,0,1,0,0,0,0,0,0,0,1,0,0,0,0,0,0,0,0,0,0,0,0,0,0,0,0,0,0,0,0,0,0,0,0,0,0,0,0,0,0,0,0,0,0,0
0,0,0,1,1,1,1,0,0,0,1,0,1,1,0,1,1,0,0,0,0,0,0,0,0,1,1,1,0,0,1,0,0,0,0,0,0,0,1,1,0,1,0,1,1,1,0,1,0,0,1,1,1,1,0,1,0,1,0,0,0,1,1,0,0,1,1,1,0,0,1,1,1,1,0,1,1,1,0,1,1,0,1,1,1,1,0,1,1,1,0,1,1,1,1,1,1,0,0,0,0,1,1,1,1,0,1,1,1,1,0,1,0,0,0,1,0,0,1,0,1,1,1,0,0,0,1,0,0,0,0,0,1,1,0,1,0,0,1,0,1,0,0,0,1,0,0,0,1,0,0,0,0,0,0,1,0,0,0,0,1,0,0,0,1,0,0,0,0,0,0,1,1,0,1,0,1,1,0,0,0,0,0,0,0,1,0,0,1,0,0,0,0,0,1,0,0,0,0,0,0,0,0,0,0,0,0,0,0,0,0,0,0,0,0,0,0,0,0,0,0
0,0,0,1,1,1,1,0,0,0,1,0,1,1,0,1,1,0,0,0,0,0,0,0,0,1,1,1,0,0,1,0,0,1,0,0,0,0,1,0,0,0,0,1,1,1,0,1,0,0,1,0,1,1,0,1,0,1,0,0,0,1,0,1,1,1,0,1,0,0,1,1,1,0,0,1,1,1,0,1,1,0,1,1,1,1,0,1,1,1,0,1,1,1,1,1,1,0,0,0,0,1,1,1,1,1,1,1,1,1,0,1,0,0,0,1,0,0,1,0,1,1,1,0,0,0,1,0,0,0,0,0,0,1,0,1,0,0,1,0,1,0,0,0,1,0,0,0,1,0,0,0,0,0,0,1,0,0,0,0,1,0,0,0,1,0,0,0,0,0,0,1,0,0,1,0,0,1,0,0,0,0,0,0,0,1,0,0,0,0,0,0,0,0,0,0,0,0,0,0,0,0,0,0,0,0,0,0,0,0,0,0,0,0,0,0,0,0,0,0,0
0,0,0,1,0,1,0,0,0,0,0,0,0,0,0,1,1,1,0,0,0,1,0,0,0,1,0,0,0,0,1,0,0,1,0,0,1,0,1,0,0,0,0,1,0,0,0,0,0,0,0,1,0,0,0,0,0,0,0,0,0,0,0,1,1,0,0,0,0,0,1,1,1,0,0,1,0,1,0,1,1,0,0,1,0,1,0,1,1,1,0,1,0,0,0,1,1,0,0,1,0,1,0,0,1,0,1,1,0,1,1,0,0,0,0,1,1,0,1,0,1,1,0,0,0,0,0,0,0,0,1,0,1,0,0,1,0,0,1,0,0,0,0,1,0,0,0,0,0,0,0,0,0,0,0,0,0,1,0,0,0,0,0,1,0,0,0,0,0,0,1,1,0,0,0,0,1,1,0,0,1,0,0,1,1,0,0,0,1,0,0,0,1,0,1,1,1,0,0,0,0,0,0,1,0,0,1,0,0,0,0,0,0,1,0,1,0,1,0,1,0
0,1,0,1,0,1,0,0,0,0,0,0,0,0,0,1,1,1,0,0,0,1,0,0,0,1,0,0,0,0,1,0,0,1,0,0,1,0,1,0,0,0,0,1,0,0,0,1,0,0,0,1,0,0,0,0,0,0,0,0,0,0,0,1,1,0,0,0,0,0,1,1,1,0,0,1,0,1,0,1,1,0,0,1,0,1,0,1,1,1,0,1,0,0,0,1,1,0,0,1,0,1,0,0,1,1,1,1,0,1,1,1,0,0,0,1,1,0,1,0,1,1,0,0,0,0,0,0,0,0,1,0,1,0,0,1,0,0,1,0,0,0,0,1,0,0,0,0,0,0,0,0,0,0,0,0,0,1,0,0,0,0,0,1,0,0,0,0,0,0,1,1,0,0,0,0,1,1,0,0,1,0,0,1,1,0,0,0,1,0,0,0,1,0,1,1,1,0,0,0,0,0,0,1,0,0,1,0,0,0,0,0,0,1,0,1,0,1,0,1,0
0,1,0,1,0,1,0,0,0,0,1,0,1,1,0,1,1,1,0,0,0,1,0,0,0,1,0,0,0,0,1,0,0,1,0,0,1,0,1,0,0,1,0,1,0,0,0,1,0,0,0,1,0,0,0,0,0,0,0,0,0,0,1,1,1,0,0,0,0,0,1,1,1,0,0,1,0,1,0,1,1,0,0,1,0,1,0,1,1,1,0,1,0,0,0,1,1,0,0,1,0,1,0,0,1,0,1,1,0,1,1,1,0,0,0,1,1,0,1,0,1,1,0,0,0,0,0,0,0,0,1,0,1,0,0,1,0,0,1,0,0,0,0,1,0,0,0,0,0,0,0,0,0,0,0,0,0,1,0,0,0,0,0,1,0,0,0,0,0,0,1,1,0,0,0,0,1,1,0,0,1,0,0,1,1,0,0,0,1,0,0,0,1,0,1,1,1,0,0,0,0,0,0,1,0,0,1,0,0,0,0,0,0,1,0,1,0,1,0,1,0
0,1,0,1,0,1,0,0,0,1,0,0,0,0,0,1,1,1,0,1,1,1,0,1,0,1,0,0,0,0,1,0,1,1,0,0,1,0,1,0,1,1,0,1,0,0,0,1,0,0,0,1,0,0,0,0,0,0,0,0,0,0,1,1,1,0,0,0,0,0,1,1,1,0,0,1,0,1,0,1,1,0,0,1,0,1,0,1,1,1,0,1,0,0,0,1,1,0,0,1,0,1,0,0,1,0,1,1,0,1,1,1,0,0,0,1,1,0,1,1,1,1,0,0,0,0,0,0,0,0,1,0,1,0,0,1,0,1,1,0,0,0,0,1,0,0,0,0,0,0,0,0,0,0,0,0,0,1,0,0,0,0,0,1,0,0,0,0,0,0,1,1,0,0,0,0,1,1,0,0,1,0,0,1,1,0,0,0,1,0,0,0,1,0,1,1,1,0,0,0,0,0,0,1,0,0,1,0,0,0,0,0,0,1,0,1,0,1,0,1,0
0,1,0,1,0,1,1,0,0,1,1,0,1,1,0,1,1,1,1,0,0,1,0,0,0,1,1,0,1,0,1,0,1,1,0,0,0,0,1,1,1,1,1,1,1,1,1,1,1,0,0,0,1,1,1,1,0,1,1,1,1,1,1,1,1,1,0,1,1,0,1,0,1,0,0,1,1,0,0,1,0,0,0,1,1,0,0,1,1,1,1,1,1,1,0,0,1,1,1,1,1,1,1,0,1,0,1,0,0,1,1,1,1,1,0,1,1,1,1,1,0,1,1,1,1,0,1,1,1,0,1,1,0,0,0,1,1,1,0,1,1,0,1,1,0,1,1,1,1,0,1,1,0,1,1,0,0,0,0,1,1,0,1,1,1,1,0,0,1,0,1,0,0,1,1,1,1,1,1,0,1,1,0,0,0,1,1,0,0,1,0,1,0,0,0,0,0,0,0,0,0,1,0,0,0,0,0,1,0,0,0,0,0,0,1,0,0,0,0,0,0
0,1,0,1,0,1,0,0,0,1,1,0,1,1,0,1,1,1,1,0,0,1,0,0,0,1,1,0,1,0,1,0,1,1,0,0,0,0,1,1,1,1,1,1,1,1,1,1,1,0,0,0,1,1,1,1,0,1,1,1,1,1,1,1,1,1,0,1,1,0,1,0,1,0,0,1,1,0,0,1,0,0,0,1,1,0,0,1,1,1,1,1,1,1,0,0,1,1,1,1,1,1,1,0,1,0,1,0,0,1,1,1,1,1,0,1,1,1,1,1,0,1,1,1,1,0,1,1,1,0,1,1,0,0,0,1,1,1,0,1,1,0,1,1,0,1,1,1,1,0,1,1,0,1,1,0,0,0,0,1,1,0,1,1,1,1,0,0,1,0,1,0,0,1,1,1,1,1,1,0,1,1,0,0,0,1,1,0,0,1,0,1,0,0,0,0,0,0,0,0,0,1,0,0,0,0,0,1,0,0,0,0,0,0,1,0,0,0,0,0,0
0,1,0,1,0,1,0,0,0,1,1,0,1,1,1,0,0,1,1,0,0,0,0,0,0,1,1,0,1,0,1,0,1,1,0,0,0,0,1,1,1,1,1,1,1,1,1,1,1,0,0,0,1,1,1,1,0,1,1,1,1,1,1,1,1,1,0,1,1,0,1,0,1,0,0,1,1,0,0,1,0,0,0,1,1,0,0,1,1,1,1,1,1,1,0,0,1,1,1,1,1,1,1,0,1,0,1,0,0,1,1,1,1,1,0,1,1,1,1,1,0,1,1,1,1,0,1,1,1,0,1,1,0,0,0,1,1,1,0,1,1,0,1,1,0,1,1,1,1,0,1,1,0,1,1,0,0,0,0,1,1,0,1,1,1,1,0,0,1,0,1,0,0,1,1,1,1,1,1,0,1,1,0,0,0,1,1,0,0,1,0,1,0,0,0,0,0,0,0,0,0,1,0,0,0,0,0,1,0,0,0,0,0,0,1,0,0,0,0,0,0
0,1,0,1,0,1,0,0,0,1,1,0,1,1,0,0,0,1,1,0,0,0,0,0,0,1,1,0,1,0,1,0,1,1,0,0,0,1,1,1,1,1,1,1,1,1,1,1,1,0,0,1,1,1,1,1,0,1,1,1,1,1,1,1,1,1,0,1,1,0,1,0,1,0,0,1,1,0,0,1,0,0,0,1,1,0,0,1,1,1,1,1,1,1,0,0,1,1,1,1,1,1,1,0,1,0,1,0,0,1,1,1,1,1,0,1,1,1,1,1,0,1,1,1,1,0,1,1,1,0,1,1,0,0,0,1,1,1,0,1,1,0,1,1,0,1,1,1,1,0,1,1,0,1,1,0,0,0,0,1,1,0,1,1,1,1,0,0,1,0,1,0,0,1,1,1,1,1,1,0,1,1,0,0,0,1,1,0,0,1,0,1,0,0,0,0,0,0,0,0,0,1,0,0,0,0,0,1,0,0,0,0,0,0,1,0,0,0,0,0,0
0,1,0,1,0,1,0,0,0,1,1,0,1,1,0,0,0,1,1,0,0,0,0,0,0,1,1,0,1,0,1,0,1,1,0,0,0,0,1,1,1,1,1,1,1,1,1,1,1,0,0,1,1,1,1,1,0,1,1,1,1,1,1,1,1,1,0,1,1,0,1,0,1,0,0,1,1,0,0,1,0,0,0,1,1,0,0,1,1,1,1,1,1,1,0,0,1,1,1,1,1,1,1,0,1,0,1,0,0,1,1,1,1,1,0,1,1,1,1,1,0,1,1,1,1,0,1,1,1,0,1,1,0,0,0,1,1,1,0,1,1,0,1,1,0,1,1,1,1,0,1,1,0,1,1,0,0,0,0,1,1,0,1,1,1,1,0,0,1,0,1,0,0,1,1,1,1,1,1,0,1,1,0,0,0,1,1,0,0,1,0,1,0,0,0,0,0,0,0,0,0,1,0,0,0,0,0,1,0,0,0,0,0,0,1,0,0,0,0,0,0
0,1,0,1,0,1,0,0,0,1,1,0,1,1,0,0,0,1,1,0,0,0,0,0,0,1,1,0,1,0,1,0,1,1,0,0,0,0,1,1,1,1,1,1,1,1,1,1,1,0,0,1,1,1,1,1,0,1,1,1,1,1,1,1,1,1,0,1,1,0,1,0,1,0,0,1,1,0,0,1,0,0,0,1,1,0,0,1,1,1,1,1,1,1,0,0,1,1,1,1,1,1,1,0,1,0,1,0,0,1,1,1,1,1,0,1,1,1,1,1,0,1,1,1,1,0,1,1,1,0,1,1,0,0,0,1,1,1,0,1,1,0,1,1,0,1,1,1,1,0,1,1,0,1,1,0,0,0,0,1,1,0,1,1,1,1,0,0,1,0,1,0,0,1,1,1,1,1,1,0,1,1,0,0,0,1,1,0,0,1,0,1,0,0,0,0,0,0,0,0,0,1,0,0,0,0,0,1,0,0,0,0,0,0,1,0,0,0,0,0,0
0,0,0,1,0,1,0,0,0,1,1,0,1,1,0,0,0,1,1,0,0,0,0,0,0,1,1,0,1,0,1,0,1,1,1,0,0,0,1,1,1,0,0,1,1,1,1,0,0,0,0,0,1,1,1,1,0,1,1,1,1,1,0,1,1,1,0,1,0,1,1,0,1,0,0,1,1,0,0,1,0,0,0,1,1,0,0,1,1,1,0,1,1,1,0,0,1,1,1,1,1,1,1,0,1,0,1,0,0,1,1,0,1,1,0,1,1,1,1,1,0,1,1,0,0,0,1,1,1,0,1,1,0,0,0,1,0,1,0,0,1,0,1,1,0,0,1,1,1,0,0,0,1,1,0,0,0,0,0,0,1,0,0,1,1,1,0,0,1,0,1,0,0,1,1,1,1,1,0,0,1,0,1,0,0,1,1,0,0,1,0,1,0,0,0,0,0,0,0,0,0,1,0,0,0,0,0,1,0,0,0,0,0,0,1,0,0,0,0,0,0
0,1,0,1,0,1,1,0,0,0,1,0,1,1,0,1,1,1,1,0,0,1,0,0,0,1,1,0,1,0,1,0,0,1,0,0,0,0,1,1,0,1,1,1,1,1,0,1,1,0,0,1,1,1,1,1,0,1,1,1,1,1,1,1,1,1,0,1,1,0,1,0,1,0,0,1,1,0,0,1,0,0,0,1,1,0,0,1,1,1,1,1,1,1,0,0,1,1,0,1,0,1,1,0,1,0,1,0,0,1,1,1,1,1,0,1,1,1,1,0,0,1,1,1,1,0,1,1,1,0,1,1,0,0,0,1,1,0,0,1,1,0,0,1,0,1,1,1,1,0,1,1,0,1,1,0,0,0,0,1,1,0,1,1,1,1,0,0,1,0,1,0,0,1,1,1,1,1,1,0,1,1,0,0,0,1,1,0,0,1,0,1,0,0,0,0,0,0,0,0,0,1,0,0,0,0,0,1,0,0,0,0,0,0,1,0,0,0,0,0,0
0,1,0,1,0,1,0,0,0,0,1,0,1,1,0,1,1,1,1,0,0,1,0,0,0,1,1,0,1,0,1,0,0,1,0,0,0,0,1,1,0,1,1,1,1,1,0,1,1,0,0,1,1,1,1,1,0,1,1,1,1,1,1,1,1,1,0,1,1,0,1,0,1,0,0,1,1,0,0,1,0,0,0,1,1,0,0,1,1,1,1,1,1,1,0,0,1,1,0,1,0,1,1,0,1,0,1,0,0,1,1,1,1,1,0,1,1,1,1,0,0,1,1,1,1,0,1,1,1,0,1,1,0,0,0,1,1,0,0,1,1,0,0,1,0,1,1,1,1,0,1,1,0,1,1,0,0,0,0,1,1,0,1,1,1,1,0,0,1,0,1,0,0,1,1,1,1,1,1,0,1,1,0,0,0,1,1,0,0,1,0,1,0,0,0,0,0,0,0,0,0,1,0,0,0,0,0,1,0,0,0,0,0,0,1,0,0,0,0,0,0
0,1,0,1,0,1,0,0,0,0,1,0,1,1,1,0,0,1,1,0,0,0,0,0,0,1,1,0,1,0,1,0,0,1,0,0,0,0,1,1,0,1,1,1,1,1,0,1,1,0,0,1,1,1,1,1,0,1,1,1,1,1,1,1,1,1,0,1,1,0,1,0,1,0,0,1,1,0,0,1,0,0,0,1,1,0,0,1,1,1,1,1,1,1,0,0,1,1,0,1,0,1,1,0,1,0,1,0,0,1,1,1,1,1,0,1,1,1,1,0,0,1,1,1,1,0,1,1,1,0,1,1,0,0,0,1,1,0,0,1,1,0,0,1,0,1,1,1,1,0,1,1,0,1,1,0,0,0,0,1,1,0,1,1,1,1,0,0,1,0,1,0,0,1,1,1,1,1,1,0,1,1,0,0,0,1,1,0,0,1,0,1,0,0,0,0,0,0,0,0,0,1,0,0,0,0,0,1,0,0,0,0,0,0,1,0,0,0,0,0,0
0,1,0,1,0,1,0,0,0,0,1,0,1,1,0,0,0,1,1,0,0,0,0,0,0,1,1,0,1,0,1,0,0,1,0,0,0,0,1,1,0,1,1,1,1,1,0,1,1,0,0,1,1,1,1,1,0,1,1,1,1,1,1,1,1,1,0,1,1,0,1,0,1,0,0,1,1,0,0,1,0,0,0,1,1,0,0,1,1,1,1,1,1,1,0,0,1,1,0,1,0,1,1,0,1,0,1,0,0,1,1,1,1,1,0,1,1,1,1,0,0,1,1,1,1,0,1,1,1,0,1,1,0,0,0,1,1,0,0,1,1,0,0,1,0,1,1,1,1,0,1,1,0,1,1,0,0,0,0,1,1,0,1,1,1,1,0,0,1,0,1,0,0,1,1,1,1,1,1,0,1,1,0,0,0,1,1,0,0,1,0,1,0,0,0,0,0,0,0,0,0,1,0,0,0,0,0,1,0,0,0,0,0,0,1,0,0,0,0,0,0
0,1,0,1,0,1,0,0,0,0,1,0,1,1,0,0,0,1,1,0,0,0,0,0,0,1,1,0,1,0,1,0,0,1,0,0,0,0,1,1,0,1,1,1,1,1,0,1,1,0,0,1,1,1,1,1,0,1,1,1,1,1,1,1,1,1,0,1,1,0,1,0,1,0,0,1,1,0,0,1,0,0,0,1,1,0,0,1,1,1,1,1,1,1,0,0,1,1,0,1,0,1,1,0,1,0,1,0,0,1,1,1,1,1,0,1,1,1,1,0,0,1,1,1,1,0,1,1,1,0,1,1,0,0,0,1,1,0,0,1,1,0,0,1,0,1,1,1,1,0,1,1,0,1,1,0,0,0,0,1,1,0,1,1,1,1,0,0,1,0,1,0,0,1,1,1,1,1,1,0,1,1,0,0,0,1,1,0,0,1,0,1,0,0,0,0,0,0,0,0,0,1,0,0,0,0,0,1,0,0,0,0,0,0,1,0,0,0,0,0,0
0,0,0,1,0,1,0,0,0,0,1,0,1,1,0,0,0,1,1,0,0,0,0,0,0,1,1,0,1,0,1,0,0,1,1,0,0,0,1,1,0,0,0,1,1,1,0,0,0,0,0,1,1,1,1,1,0,1,1,1,1,1,0,1,1,1,0,1,0,1,1,0,1,0,0,1,1,0,0,1,0,0,0,1,1,0,0,1,1,1,0,1,1,1,0,0,1,1,0,1,0,1,1,0,1,0,1,0,0,1,1,0,1,1,0,1,1,1,1,0,0,1,1,0,0,0,1,1,1,0,1,1,0,0,0,1,0,0,0,0,1,0,0,1,0,0,1,1,1,0,0,0,1,1,0,0,0,0,0,0,1,0,0,1,1,1,0,0,1,0,1,0,0,1,1,1,1,1,0,0,1,0,1,0,0,1,1,0,0,1,0,1,0,0,0,0,0,0,0,0,0,1,0,0,0,0,0,1,0,0,0,0,0,0,1,0,0,0,0,0,0
0,1,0,1,0,1,1,0,0,0,1,0,1,1,0,1,1,1,1,0,0,1,0,0,0,1,1,0,1,0,1,0,0,1,0,0,0,0,1,1,0,1,1,1,1,1,0,1,1,0,0,0,1,1,1,1,0,1,1,1,1,1,1,1,1,1,0,1,1,0,1,0,1,0,0,1,1,0,0,1,0,0,0,1,1,0,0,1,1,1,1,1,1,1,0,0,1,1,0,1,0,1,1,0,1,0,1,0,0,1,1,1,1,1,0,1,1,1,1,0,0,1,1,1,1,0,1,1,1,0,1,1,0,0,0,1,1,0,0,1,1,0,0,1,0,1,1,1,1,0,1,1,0,1,1,0,0,0,0,1,1,0,1,1,1,1,0,0,1,0,1,0,0,1,1,1,1,1,1,0,1,1,0,0,0,1,1,0,0,1,0,1,0,0,0,0,0,0,0,0,0,1,0,0,0,0,0,1,0,0,0,0,0,0,1,0,0,0,0,0,0
0,1,0,1,0,1,0,0,0,0,1,0,1,1,0,1,1,1,1,0,0,1,0,0,0,1,1,0,1,0,1,0,0,1,0,0,0,0,1,1,0,1,1,1,1,1,0,1,1,0,0,0,1,1,1,1,0,1,1,1,1,1,1,1,1,1,0,1,1,0,1,0,1,0,0,1,1,0,0,1,0,0,0,1,1,0,0,1,1,1,1,1,1,1,0,0,1,1,0,1,0,1,1,0,1,0,1,0,0,1,1,1,1,1,0,1,1,1,1,0,0,1,1,1,1,0,1,1,1,0,1,1,0,0,0,1,1,0,0,1,1,0,0,1,0,1,1,1,1,0,1,1,0,1,1,0,0,0,0,1,1,0,1,1,1,1,0,0,1,0,1,0,0,1,1,1,1,1,1,0,1,1,0,0,0,1,1,0,0,1,0,1,0,0,0,0,0,0,0,0,0,1,0,0,0,0,0,1,0,0,0,0,0,0,1,0,0,0,0,0,0
0,1,0,1,0,1,0,0,0,0,1,0,1,1,1,0,0,1,1,0,0,0,0,0,0,1,1,0,1,0,1,0,0,1,0,0,0,0,1,1,0,1,1,1,1,1,0,1,1,0,0,0,1,1,1,1,0,1,1,1,1,1,1,1,1,1,0,1,1,0,1,0,1,0,0,1,1,0,0,1,0,0,0,1,1,0,0,1,1,1,1,1,1,1,0,0,1,1,0,1,0,1,1,0,1,0,1,0,0,1,1,1,1,1,0,1,1,1,1,0,0,1,1,1,1,0,1,1,1,0,1,1,0,0,0,1,1,0,0,1,1,0,0,1,0,1,1,1,1,0,1,1,0,1,1,0,0,0,0,1,1,0,1,1,1,1,0,0,1,0,1,0,0,1,1,1,1,1,1,0,1,1,0,0,0,1,1,0,0,1,0,1,0,0,0,0,0,0,0,0,0,1,0,0,0,0,0,1,0,0,0,0,0,0,1,0,0,0,0,0,0
0,1,0,1,0,1,0,0,0,0,1,0,1,1,0,0,0,1,1,0,0,0,0,0,0,1,1,0,1,0,1,0,0,1,0,0,0,1,1,1,0,1,1,1,1,1,0,1,1,0,0,1,1,1,1,1,0,1,1,1,1,1,1,1,1,1,0,1,1,0,1,0,1,0,0,1,1,0,0,1,0,0,0,1,1,0,0,1,1,1,1,1,1,1,0,0,1,1,0,1,0,1,1,0,1,0,1,0,0,1,1,1,1,1,0,1,1,1,1,0,0,1,1,1,1,0,1,1,1,0,1,1,0,0,0,1,1,0,0,1,1,0,0,1,0,1,1,1,1,0,1,1,0,1,1,0,0,0,0,1,1,0,1,1,1,1,0,0,1,0,1,0,0,1,1,1,1,1,1,0,1,1,0,0,0,1,1,0,0,1,0,1,0,0,0,0,0,0,0,0,0,1,0,0,0,0,0,1,0,0,0,0,0,0,1,0,0,0,0,0,0
0,1,0,1,0,1,0,0,0,0,1,0,1,1,0,0,0,1,1,0,0,0,0,0,0,1,1,0,1,0,1,0,0,1,0,0,0,0,1,1,0,1,1,1,1,1,0,1,1,0,0,1,1,1,1,1,0,1,1,1,1,1,1,1,1,1,0,1,1,0,1,0,1,0,0,1,1,0,0,1,0,0,0,1,1,0,0,1,1,1,1,1,1,1,0,0,1,1,0,1,0,1,1,0,1,0,1,0,0,1,1,1,1,1,0,1,1,1,1,0,0,1,1,1,1,0,1,1,1,0,1,1,0,0,0,1,1,0,0,1,1,0,0,1,0,1,1,1,1,0,1,1,0,1,1,0,0,0,0,1,1,0,1,1,1,1,0,0,1,0,1,0,0,1,1,1,1,1,1,0,1,1,0,0,0,1,1,0,0,1,0,1,0,0,0,0,0,0,0,0,0,1,0,0,0,0,0,1,0,0,0,0,0,0,1,0,0,0,0,0,0
0,1,0,1,0,1,0,0,0,0,1,0,1,1,0,0,0,1,1,0,0,0,0,0,0,1,1,0,1,0,1,0,0,1,0,0,0,0,1,1,0,1,1,1,1,1,0,1,1,0,0,1,1,1,1,1,0,1,1,1,1,1,1,1,1,1,0,1,1,0,1,0,1,0,0,1,1,0,0,1,0,0,0,1,1,0,0,1,1,1,1,1,1,1,0,0,1,1,0,1,0,1,1,0,1,0,1,0,0,1,1,1,1,1,0,1,1,1,1,0,0,1,1,1,1,0,1,1,1,0,1,1,0,0,0,1,1,0,0,1,1,0,0,1,0,1,1,1,1,0,1,1,0,1,1,0,0,0,0,1,1,0,1,1,1,1,0,0,1,0,1,0,0,1,1,1,1,1,1,0,1,1,0,0,0,1,1,0,0,1,0,1,0,0,0,0,0,0,0,0,0,1,0,0,0,0,0,1,0,0,0,0,0,0,1,0,0,0,0,0,0
0,0,0,1,0,1,0,0,0,0,1,0,1,1,0,0,0,1,1,0,0,0,0,0,0,1,1,0,1,0,1,0,0,1,1,0,0,0,1,1,0,0,0,1,1,1,0,0,0,0,0,0,1,1,1,1,0,1,1,1,1,1,0,1,1,1,0,1,0,1,1,0,1,0,0,1,1,0,0,1,0,0,0,1,1,0,0,1,1,1,0,1,1,1,0,0,1,1,0,1,0,1,1,0,1,0,1,0,0,1,1,0,1,1,0,1,1,1,1,0,0,1,1,0,0,0,1,1,1,0,1,1,0,0,0,1,0,0,0,0,1,0,0,1,0,0,1,1,1,0,0,0,1,1,0,0,0,0,0,0,1,0,0,1,1,1,0,0,1,0,1,0,0,1,1,1,1,1,0,0,1,0,1,0,0,1,1,0,0,1,0,1,0,0,0,0,0,0,0,0,0,1,0,0,0,0,0,1,0,0,0,0,0,0,1,0,0,0,0,0,0
1,1,0,1,1,0,0,0,0,0,0,0,0,0,0,1,1,1,1,1,1,1,0,1,1,1,1,0,1,0,0,0,0,1,0,0,0,1,1,0,0,1,0,0,0,1,0,1,0,0,0,0,1,1,0,1,0,0,0,0,0,1,1,1,1,1,0,1,0,0,1,0,0,0,0,0,1,0,0,1,0,0,0,1,1,0,0,1,1,1,0,1,1,1,0,0,1,0,0,0,0,1,1,0,1,1,1,0,0,1,0,1,0,0,0,1,0,0,1,0,0,1,1,0,0,0,0,0,0,0,1,1,0,0,0,1,0,0,1,0,1,0,0,1,0,0,0,1,0,0,0,0,0,0,0,0,0,0,0,0,1,0,0,1,1,0,0,0,0,0,1,0,0,0,1,0,1,1,0,0,1,0,0,0,0,1,0,0,0,0,0,0,0,0,0,0,0,0,0,0,0,0,0,0,0,0,0,0,0,0,0,0,0,0,0,0,0,0,0,0,0
0,1,0,1,1,0,0,0,0,1,0,0,0,0,0,1,1,1,0,1,1,1,0,0,0,1,1,0,0,0,0,0,1,1,0,0,1,0,0,0,1,1,0,0,0,1,1,1,0,0,0,0,1,1,0,1,0,0,0,0,0,1,1,1,1,1,0,1,0,0,1,0,0,0,0,0,1,0,0,1,0,0,0,1,1,0,0,1,1,1,0,1,1,1,0,0,1,0,1,0,0,1,1,0,1,1,1,0,0,1,0,1,0,0,0,1,0,0,1,1,0,1,1,0,0,0,0,0,0,0,1,1,0,0,0,1,0,1,0,0,1,0,1,1,0,0,0,1,0,0,0,0,0,0,0,0,0,0,0,0,1,0,0,1,1,0,0,0,0,0,1,0,0,0,1,0,1,1,0,0,1,0,0,0,0,1,0,0,0,0,0,0,0,0,0,0,0,0,0,0,0,0,0,0,0,0,0,0,0,0,0,0,0,0,0,0,0,0,0,0,0
1,1,1,1,1,0,0,0,0,0,0,0,0,0,0,1,1,1,1,1,1,1,1,1,1,1,1,0,1,1,0,0,0,1,0,0,1,0,0,0,0,1,0,0,0,1,0,1,0,0,0,0,1,1,0,1,0,0,0,1,0,1,1,1,1,1,0,1,0,0,1,0,0,0,0,0,1,0,0,1,0,0,0,1,1,0,0,1,1,1,0,1,1,1,0,0,1,0,0,0,0,1,1,0,1,1,1,0,0,1,0,1,0,0,0,1,0,0,1,0,0,1,1,0,0,0,0,0,0,0,0,1,0,0,0,1,0,0,0,0,1,0,0,1,0,0,0,1,0,0,0,0,0,0,0,0,0,0,0,0,1,0,0,1,1,0,0,0,0,0,1,0,0,0,1,0,1,1,0,0,1,0,0,0,0,1,0,0,0,0,0,0,0,0,0,1,1,0,0,0,0,0,0,0,0,0,1,0,0,0,0,0,0,0,0,0,0,0,0,0,0
0,1,0,1,1,0,0,0,0,1,0,0,0,0,0,1,1,1,0,1,1,1,0,0,0,1,1,0,0,0,0,0,1,1,0,0,1,0,0,0,1,1,0,0,0,1,1,1,0,0,0,0,1,1,0,1,0,0,0,0,0,1,1,1,1,1,0,1,0,0,1,0,0,0,0,0,1,0,0,1,0,0,0,1,1,0,0,1,1,1,0,1,1,1,0,0,1,0,1,0,0,1,1,0,1,1,1,0,0,1,0,1,0,0,0,1,0,0,1,1,0,1,1,0,0,0,0,0,0,0,1,1,0,0,0,1,0,1,0,0,1,0,1,1,0,0,0,1,0,0,0,0,0,0,0,0,0,0,0,0,1,0,0,1,1,0,0,0,0,0,1,0,0,0,1,0,1,1,0,0,1,0,0,0,0,1,0,0,0,0,0,0,0,0,0,0,0,0,0,0,0,0,0,0,0,0,0,0,0,0,0,0,0,0,0,0,0,0,0,0,0
0,1,0,1,1,0,0,0,0,1,0,0,0,0,0,1,1,1,0,1,1,1,0,0,0,1,1,0,0,0,0,0,1,1,0,0,0,1,1,0,1,1,0,0,0,1,1,1,0,0,0,0,1,1,0,1,0,0,0,0,0,1,1,1,1,1,0,1,0,0,1,0,0,0,0,0,1,0,0,1,0,0,0,1,1,0,0,1,1,1,0,1,1,1,0,0,1,0,1,0,0,1,1,0,1,1,1,0,0,1,0,1,0,0,0,1,0,0,1,1,0,1,1,0,0,0,0,0,0,0,1,1,0,0,0,1,0,1,1,0,1,0,1,1,0,0,0,1,0,0,0,0,0,0,0,0,0,0,0,0,1,0,0,1,1,0,0,0,0,0,1,0,0,0,1,0,1,1,0,0,1,0,0,0,0,1,0,0,0,0,0,0,0,0,0,0,0,0,0,0,0,0,0,0,0,0,0,0,0,0,0,0,0,0,0,0,0,0,0,0,0
0,1,0,1,1,0,0,0,0,1,0,0,0,0,0,1,1,1,0,1,1,1,0,0,0,1,1,0,0,0,0,0,1,1,0,0,1,0,0,0,1,1,0,0,0,1,1,1,0,0,0,0,1,1,0,1,0,0,0,0,0,1,1,1,1,1,0,1,0,0,1,0,0,0,0,0,1,0,0,1,0,0,0,1,1,0,0,1,1,1,0,1,1,1,0,0,1,0,1,0,0,1,1,0,1,1,1,0,0,1,0,1,0,0,0,1,0,0,1,1,0,1,1,0,0,0,0,0,0,0,1,1,0,0,0,1,0,1,0,0,1,0,1,1,0,0,0,1,0,0,0,0,0,0,0,0,0,0,0,0,1,0,0,1,1,0,0,0,0,0,1,0,0,0,1,0,1,1,0,0,1,0,0,0,0,1,0,0,0,0,0,0,0,0,0,0,0,0,0,0,0,0,0,0,0,0,0,0,0,0,0,0,0,0,0,0,0,0,0,0,0
0,1,0,1,1,0,0,0,0,1,0,0,0,0,0,1,1,1,1,1,1,1,0,1,0,1,1,0,1,0,0,0,1,1,0,0,1,0,0,0,1,1,0,0,0,1,1,1,0,0,0,0,1,1,0,1,0,0,0,1,0,1,1,1,1,1,0,1,0,0,1,0,0,0,0,0,1,0,0,1,0,0,0,1,1,0,0,1,1,1,0,1,1,1,0,0,1,0,1,0,0,1,1,0,1,1,1,0,0,1,0,1,0,0,0,1,0,0,1,1,0,1,1,0,0,0,0,0,0,0,0,1,0,0,0,1,0,1,0,0,1,0,1,1,0,0,0,1,0,0,0,0,0,0,0,0,0,0,0,0,1,0,0,1,1,0,0,0,0,0,1,0,0,0,1,0,1,1,0,0,1,0,0,0,0,1,0,0,0,0,0,0,0,0,0,1,1,0,0,0,0,0,0,0,0,0,1,0,0,0,0,0,0,0,0,0,0,0,0,0,0
0,1,0,1,1,0,0,0,0,1,0,0,0,0,0,1,1,1,1,1,1,1,0,1,0,1,1,0,1,0,0,0,1,1,0,0,1,0,0,0,1,1,0,0,0,1,1,1,0,0,0,0,1,1,0,1,0,0,0,1,0,1,1,1,1,1,0,1,0,0,1,0,0,0,0,0,1,0,0,1,0,0,0,1,1,0,0,1,1,1,0,1,1,1,0,0,1,0,1,0,0,1,1,0,1,1,1,0,0,1,0,1,0,0,0,1,0,0,1,1,0,1,1,0,0,0,0,0,0,0,0,1,0,0,0,1,0,1,0,0,1,0,1,1,0,0,0,1,0,0,0,0,0,0,0,0,0,0,0,0,1,0,0,1,1,0,0,0,0,0,1,0,0,0,1,0,1,1,0,0,1,0,0,0,0,1,0,0,0,0,0,0,0,0,0,1,1,0,0,0,0,0,0,0,0,0,1,0,0,0,0,0,0,0,0,0,0,0,0,0,0
0,1,0,1,1,0,0,0,0,1,0,0,0,0,0,1,1,1,1,1,1,1,0,1,0,1,1,0,1,0,0,0,1,1,0,0,0,1,1,0,1,1,0,0,0,1,1,1,0,0,0,0,1,1,0,1,0,0,0,1,0,1,1,1,1,1,0,1,0,0,1,0,0,0,0,0,1,0,0,1,0,0,0,1,1,0,0,1,1,1,0,1,1,1,0,0,1,0,1,0,0,1,1,0,1,1,1,0,0,1,0,1,0,0,0,1,0,0,1,1,0,1,1,0,0,0,0,0,0,0,0,1,0,0,0,1,0,1,1,0,1,0,1,1,0,0,0,1,0,0,0,0,0,0,0,0,0,0,0,0,1,0,0,1,1,0,0,0,0,0,1,0,0,0,1,0,1,1,0,0,1,0,0,0,0,1,0,0,0,0,0,0,0,0,0,1,1,0,0,0,0,0,0,0,0,0,1,0,0,0,0,0,0,0,0,0,0,0,0,0,0
0,1,0,1,1,0,0,0,0,1,0,0,0,0,0,1,1,1,1,1,1,1,0,1,0,1,1,0,1,0,0,0,1,1,0,0,1,0,0,0,1,1,0,0,0,1,1,1,0,0,0,0,1,1,0,1,0,0,0,1,0,1,1,1,1,1,0,1,0,0,1,0,0,0,0,0,1,0,0,1,0,0,0,1,1,0,0,1,1,1,0,1,1,1,0,0,1,0,1,0,0,1,1,0,1,1,1,0,0,1,0,1,0,0,0,1,0,0,1,1,0,1,1,0,0,0,0,0,0,0,0,1,0,0,0,1,0,1,0,0,1,0,1,1,0,0,0,1,0,0,0,0,0,0,0,0,0,0,0,0,1,0,0,1,1,0,0,0,0,0,1,0,0,0,1,0,1,1,0,0,1,0,0,0,0,1,0,0,0,0,0,0,0,0,0,1,1,0,0,0,0,0,0,0,0,0,1,0,0,0,0,0,0,0,0,0,0,0,0,0,0
0,0,0,1,1,1,1,0,1,0,0,0,0,0,0,1,1,1,0,0,0,0,0,0,0,0,0,0,0,0,1,1,0,1,0,0,0,0,1,1,0,1,0,1,0,0,0,1,1,0,0,1,1,1,1,0,0,1,1,0,0,0,0,1,1,0,0,0,1,0,0,1,0,0,0,1,0,1,0,0,1,1,0,1,0,1,0,0,1,0,1,0,0,0,0,0,1,1,0,1,0,0,0,0,0,1,0,1,0,0,0,0,1,1,0,1,1,1,1,0,1,0,1,1,0,0,0,1,1,0,0,0,0,1,0,1,1,0,1,1,0,0,0,1,0,1,1,1,0,0,0,0,0,1,0,0,0,0,0,1,1,0,0,1,1,1,0,0,1,0,1,0,0,1,1,1,0,1,0,0,1,1,0,0,1,1,1,1,0,1,0,0,0,0,0,0,0,0,0,0,0,0,0,0,0,0,0,0,0,0,0,0,0,0,0,0,0,0,0,0,0
0,0,0,1,1,1,1,0,1,0,0,0,0,0,0,1,1,1,0,0,0,0,0,0,0,0,0,0,0,0,1,1,0,1,0,0,0,0,1,0,0,1,0,1,0,0,0,1,0,0,0,0,1,1,1,0,0,0,0,0,0,0,0,1,1,0,0,0,0,0,0,1,0,0,0,1,0,1,0,0,1,1,0,1,0,1,0,0,1,0,0,0,0,0,0,0,1,0,0,1,0,0,0,0,0,1,0,1,0,0,0,0,0,0,0,1,1,0,1,0,1,0,1,0,0,0,0,0,0,0,0,0,0,1,0,1,0,0,1,0,0,0,0,1,0,0,0,1,0,0,0,0,0,0,0,0,0,0,0,0,1,0,0,1,1,0,0,0,0,0,1,0,0,0,1,0,0,1,0,0,1,0,0,0,1,1,0,0,0,0,0,0,0,0,0,0,0,0,0,0,0,0,0,0,0,0,0,0,0,0,0,0,0,0,0,0,0,0,0,0,0
0,0,0,1,1,1,1,0,1,0,0,0,0,0,0,1,1,1,0,0,0,0,0,0,0,0,0,0,0,0,1,1,0,1,0,0,0,0,1,0,0,1,0,1,0,0,0,1,0,0,0,0,1,1,1,0,0,0,0,0,0,0,0,1,1,0,0,0,0,0,0,1,0,0,0,1,0,1,0,0,1,1,0,1,0,1,0,0,1,0,0,0,0,0,0,0,1,0,0,1,0,0,0,0,0,1,0,1,0,0,0,0,0,0,0,1,1,0,1,0,1,0,1,0,0,0,0,0,0,0,0,0,0,1,0,1,0,0,1,0,0,0,0,1,0,0,0,1,0,0,0,0,0,0,0,0,0,0,0,0,1,0,0,1,1,0,0,0,0,0,1,1,0,0,1,0,0,1,0,0,1,0,0,0,1,1,0,0,0,0,0,0,0,0,0,0,0,0,0,0,0,0,0,0,0,0,0,0,0,0,0,0,0,0,0,0,0,0,0,0,0
0,0,0,1,1,1,1,0,1,0,0,0,0,0,0,1,1,1,0,0,0,0,0,0,0,0,0,0,0,0,1,1,0,1,0,0,0,0,1,0,0,1,0,1,0,0,0,1,0,0,0,0,1,1,1,0,0,0,0,0,0,0,0,1,1,0,0,0,0,0,0,1,0,0,0,1,0,1,0,0,1,1,0,1,0,1,0,0,1,0,0,0,0,0,0,0,1,0,0,1,0,0,0,0,0,1,0,1,0,0,0,0,0,0,0,1,1,0,1,0,1,0,1,0,0,0,0,0,0,0,0,0,0,1,0,1,0,0,1,0,0,0,0,1,0,0,0,1,0,0,0,0,0,0,0,0,0,0,0,0,1,0,0,1,1,0,0,0,0,0,1,0,0,0,1,0,0,1,0,0,1,0,0,0,1,1,0,0,0,0,0,0,0,0,0,0,0,0,0,0,0,0,0,0,0,0,0,0,0,0,0,0,0,0,0,0,0,0,0,0,0
0,0,0,1,1,1,1,0,1,1,0,0,0,0,0,1,1,1,0,0,0,0,0,0,0,0,0,0,0,0,1,1,1,1,0,0,0,0,1,0,1,1,0,1,0,0,1,1,0,0,0,0,1,1,1,0,0,0,0,0,0,0,0,1,1,0,0,0,0,0,0,1,0,0,0,1,0,1,0,0,1,1,0,1,0,1,0,0,1,0,0,0,0,0,0,0,1,0,1,1,1,0,0,0,0,1,0,1,0,0,0,0,0,0,0,1,1,0,1,1,1,0,1,0,0,0,0,0,0,0,0,0,0,1,0,1,0,1,1,0,0,0,1,1,0,0,0,1,0,0,0,0,0,0,0,0,0,0,0,0,1,0,0,1,1,0,0,0,0,0,1,0,0,0,1,0,0,1,0,0,1,0,0,0,1,1,0,0,0,0,0,0,0,0,0,0,0,0,0,0,0,0,0,0,0,0,0,0,0,0,0,0,0,0,0,0,0,0,0,0,0
0,0,0,1,1,1,1,0,1,0,0,0,0,0,0,1,1,1,0,0,0,0,0,0,0,0,0,0,0,0,1,1,0,1,0,0,0,0,1,0,0,1,0,1,0,0,0,1,0,0,0,0,1,1,1,0,0,0,0,0,0,0,0,1,1,0,0,0,0,0,0,1,0,0,0,1,0,1,0,0,1,1,0,1,0,1,0,0,1,0,0,0,0,0,0,0,1,0,0,1,0,0,0,0,0,1,0,1,0,0,0,0,0,0,0,1,1,0,1,0,1,0,1,0,0,0,0,0,0,0,0,0,0,1,0,1,0,0,1,0,0,0,0,1,0,0,0,1,0,0,0,0,0,0,0,0,0,0,0,0,1,0,0,1,1,0,0,0,0,0,1,0,0,0,1,0,0,1,0,0,1,0,0,0,1,1,0,0,0,0,0,0,0,0,0,0,0,0,0,0,0,0,0,0,0,0,0,0,0,0,0,0,0,0,0,0,0,0,0,0,0
0,0,0,1,1,1,1,0,1,0,0,0,0,0,0,1,1,1,0,0,0,0,0,0,0,0,0,0,0,0,1,1,0,1,0,0,0,0,1,0,0,1,0,1,0,0,0,1,0,0,0,0,1,1,1,0,0,0,0,0,0,0,0,1,1,0,0,0,0,0,0,1,0,0,0,1,0,1,0,0,1,1,0,1,0,1,0,0,1,0,0,0,0,0,0,0,1,0,0,1,0,0,0,0,0,1,0,1,0,0,0,0,0,0,0,1,1,0,1,0,1,0,1,0,0,0,0,0,0,0,0,0,0,1,0,1,0,0,1,0,0,0,0,1,0,0,0,1,0,0,0,0,0,0,0,0,0,0,0,0,1,0,0,1,1,0,0,0,0,0,1,0,0,0,1,0,0,1,0,0,1,0,0,0,1,1,0,0,0,0,0,0,0,0,0,0,0,0,0,0,0,0,0,0,0,0,0,0,0,0,0,0,0,0,0,0,0,0,0,0,0
0,0,0,1,1,1,1,0,1,0,0,0,0,0,0,1,1,0,0,0,0,0,0,0,0,0,0,0,0,0,1,1,0,1,0,0,0,0,0,0,0,1,0,1,0,0,0,1,0,0,0,0,1,0,0,0,0,0,0,0,0,0,0,1,1,0,0,0,0,0,0,1,0,0,0,0,0,1,0,0,1,1,0,1,0,1,0,0,1,0,0,0,0,0,0,0,0,0,0,0,0,0,0,0,0,1,0,1,0,0,0,0,0,0,0,0,0,0,0,0,1,0,1,0,0,0,0,0,0,0,0,0,0,1,0,0,0,0,1,0,0,0,0,0,0,0,0,0,0,0,0,0,0,0,0,0,0,0,0,0,0,0,0,0,1,0,0,0,0,0,0,1,0,0,1,0,0,0,0,0,0,0,0,0,1,0,0,0,0,0,0,0,0,0,0,0,0,0,0,0,0,0,0,0,0,0,0,0,0,0,0,0,0,0,0,0,0,0,0,0,0
0,0,0,1,1,1,1,0,1,0,0,0,0,0,0,1,1,1,0,0,0,0,0,0,0,0,0,0,0,0,1,1,0,1,0,0,0,0,1,0,0,1,0,1,0,0,0,1,0,0,0,0,1,1,1,0,0,0,0,0,0,0,0,1,1,0,0,0,0,0,0,1,0,0,0,1,0,1,0,0,1,1,0,1,0,1,0,0,1,0,0,0,0,0,0,0,1,0,0,1,0,0,0,0,0,1,0,1,0,0,0,0,0,0,0,1,1,0,1,0,1,0,1,0,0,0,0,0,0,0,0,0,0,1,0,1,0,0,1,0,0,0,0,1,0,0,0,1,0,0,0,0,0,0,0,0,0,0,0,0,1,0,0,1,1,0,0,0,0,0,1,1,0,0,1,0,0,1,0,0,1,0,0,0,1,1,0,0,0,0,0,0,0,0,0,0,0,0,0,0,0,0,0,0,0,0,0,0,0,0,0,0,0,0,0,0,0,0,0,0,0
0,0,0,1,0,1,1,1,0,0,0,0,0,0,0,1,1,0,0,0,0,0,0,0,0,0,0,0,0,0,1,0,0,1,0,0,0,0,0,0,0,1,0,1,0,0,0,1,0,0,0,1,1,0,0,0,0,0,0,0,0,0,0,1,1,0,0,0,0,0,0,1,0,0,0,0,0,1,0,0,1,1,0,1,0,1,0,0,1,0,0,0,0,0,0,0,0,0,0,0,0,0,0,0,0,1,0,1,0,0,0,1,0,0,0,0,0,0,0,0,1,0,1,0,0,0,0,0,0,0,0,0,0,1,0,0,0,0,1,0,0,0,0,0,0,0,0,0,0,0,0,0,0,0,0,0,0,0,0,0,0,0,0,0,1,0,0,0,0,0,1,1,1,0,1,0,0,0,0,0,0,0,0,0,1,0,0,0,0,0,0,0,0,0,0,0,0,0,0,0,0,0,0,0,0,0,0,0,0,0,0,0,0,0,0,0,0,0,0,0,0
0,0,0,0,0,1,1,0,1,0,0,0,0,0,0,0,0,0,0,0,0,0,0,0,0,0,0,0,0,0,0,1,0,0,0,0,0,0,0,0,0,0,0,0,0,0,0,0,0,0,0,0,0,0,0,0,0,0,0,0,0,0,0,0,0,0,0,0,0,0,0,0,0,0,0,0,0,0,0,0,0,0,0,0,0,0,0,0,0,0,0,0,0,0,0,0,0,0,0,0,0,0,0,0,0,0,0,0,0,0,0,0,0,0,0,0,0,0,0,0,0,0,0,0,0,0,0,0,0,0,0,0,0,0,0,0,0,0,0,0,0,0,0,0,0,0,0,0,0,0,0,0,0,0,0,0,0,0,0,0,0,0,0,0,0,0,0,0,0,0,0,0,0,0,0,0,0,0,0,0,0,0,0,0,0,0,0,0,0,0,0,0,0,0,0,0,0,0,0,0,0,0,0,0,0,0,0,0,0,0,0,0,0,0,0,0,0,0,0,0,0
0,0,0,1,0,1,0,0,0,0,0,0,0,0,0,1,1,0,0,0,0,0,0,0,0,1,0,0,0,0,1,0,0,0,0,0,0,0,1,0,0,0,0,1,1,1,0,1,1,0,0,1,0,1,0,0,0,1,0,0,0,1,1,0,0,1,1,1,1,0,1,0,1,0,0,1,0,0,0,1,0,0,0,1,0,0,0,1,1,1,1,1,0,0,0,0,1,1,0,1,0,1,0,1,1,0,1,0,0,1,1,1,1,1,0,1,1,1,1,0,0,1,0,1,0,0,0,1,1,0,1,1,0,0,0,1,1,0,0,1,0,0,0,1,0,1,1,1,0,0,0,0,0,1,0,0,0,0,0,1,1,0,0,1,0,1,0,0,1,0,0,0,0,1,0,1,1,1,0,0,1,1,0,0,0,0,1,0,0,1,0,1,0,0,0,0,0,0,0,0,0,1,1,0,0,0,0,0,0,0,0,0,0,0,0,0,0,0,0,0,0
0,0,0,1,0,1,0,0,0,0,0,0,0,0,0,1,1,0,0,0,0,0,0,0,0,1,0,0,0,0,1,0,0,0,0,0,0,0,0,0,0,1,0,1,0,1,0,1,1,1,1,1,0,1,0,0,0,1,0,0,0,1,1,0,0,1,1,1,1,0,1,0,0,0,1,0,0,0,0,1,0,1,1,1,0,0,0,1,1,1,1,1,0,0,1,0,1,1,0,1,0,1,0,1,1,0,1,0,0,1,1,1,1,1,0,1,1,1,1,0,0,1,0,1,0,0,0,1,1,0,1,1,0,0,0,1,1,0,0,1,0,0,0,1,0,1,1,1,0,0,0,0,0,1,0,0,0,0,0,1,1,0,0,1,0,1,0,0,1,0,0,0,0,1,0,1,1,1,0,0,1,1,0,0,0,0,1,0,0,0,0,1,0,0,0,0,0,0,0,0,0,1,0,0,0,0,0,0,0,0,0,0,0,0,0,0,0,0,0,0,0
0,0,0,1,0,1,1,0,0,0,0,0,0,0,0,1,1,1,0,1,1,0,0,0,0,1,1,1,0,0,1,0,0,0,0,0,0,0,0,1,0,1,0,1,0,1,0,1,1,1,1,1,0,1,0,0,0,1,1,0,0,1,1,0,0,1,1,1,1,0,1,0,0,0,1,0,0,0,0,1,0,1,1,1,0,0,0,1,1,1,1,1,0,0,1,0,1,1,0,0,0,1,0,1,1,0,1,0,0,1,0,1,1,0,0,1,0,1,1,0,0,1,0,1,0,0,0,1,0,0,0,1,0,0,0,1,1,0,1,1,0,0,0,1,0,1,0,1,0,0,0,0,0,0,0,0,0,0,0,1,1,0,0,1,0,0,1,0,0,0,0,0,0,0,0,0,1,1,0,0,1,1,0,0,0,0,0,0,0,0,0,0,0,0,0,0,0,0,0,0,0,0,0,0,0,0,0,0,0,0,0,0,0,0,0,0,0,0,0,0,0
0,0,0,1,0,1,1,0,0,0,0,0,0,0,0,1,1,0,0,0,0,0,0,0,0,1,0,0,0,0,1,0,0,0,0,0,0,0,1,0,0,1,0,1,0,1,0,1,1,1,1,1,0,1,1,0,0,1,0,0,0,1,1,0,0,1,1,1,1,0,1,0,0,0,1,1,0,0,0,1,0,1,1,1,0,0,0,1,1,1,1,1,0,0,1,0,1,1,0,1,0,1,0,1,1,0,1,0,0,1,1,1,1,1,0,1,1,1,1,0,0,1,0,1,0,0,1,1,1,0,1,1,0,0,0,1,1,0,0,1,0,0,0,1,0,1,1,1,1,0,0,0,0,1,0,0,0,0,0,1,1,0,0,1,0,1,0,0,1,0,0,0,0,1,0,1,1,1,0,0,1,1,0,0,0,0,1,1,0,0,0,1,0,0,0,0,0,0,0,0,0,1,0,0,0,0,0,0,0,0,0,0,0,0,0,0,0,0,0,0,0
0,0,0,1,0,1,0,0,0,0,0,0,0,0,0,1,1,0,0,0,0,0,0,0,0,1,0,0,0,0,1,0,0,0,0,0,0,0,0,0,0,1,0,1,0,1,0,1,1,1,1,1,0,1,0,0,0,1,0,0,0,1,1,0,0,1,1,1,1,0,1,0,0,0,1,0,0,0,0,1,0,1,1,1,0,0,0,1,1,1,1,1,0,0,1,0,1,1,0,1,0,1,0,1,1,0,1,0,0,1,1,1,1,1,0,1,1,1,1,0,0,1,0,1,0,0,0,1,1,0,1,1,0,0,0,1,1,0,0,1,0,0,0,1,0,1,1,1,0,0,0,0,0,1,0,0,0,0,0,1,1,0,0,1,0,1,0,0,1,0,0,0,0,1,0,1,1,1,0,0,1,1,0,0,0,0,1,0,0,0,0,1,0,0,0,0,0,0,0,0,0,1,0,0,0,0,0,0,0,0,0,0,0,0,0,0,0,0,0,0,0
0,0,0,0,0,1,0,0,0,0,0,0,0,0,0,1,1,0,0,0,0,0,0,0,0,1,0,0,0,0,1,0,0,0,0,0,0,0,1,0,0,0,0,1,1,1,0,1,1,0,0,1,0,1,0,0,0,1,0,0,0,1,1,0,0,1,1,1,1,0,1,0,1,0,0,1,0,0,0,1,0,0,0,1,0,0,0,1,1,1,1,1,0,0,0,0,1,1,0,1,0,1,0,1,1,0,1,0,0,1,1,1,1,1,0,1,1,1,1,0,0,1,0,1,0,0,0,1,1,0,1,1,0,0,0,1,1,0,0,1,0,0,0,1,0,1,1,1,0,0,0,0,0,1,0,0,0,0,0,1,1,0,0,1,0,1,0,0,1,0,0,0,0,1,0,1,1,1,0,0,1,1,0,0,0,0,1,0,0,1,0,1,0,0,0,0,0,0,0,0,0,1,1,0,0,0,0,0,0,0,0,0,0,0,0,0,0,0,0,0,0
0,0,0,0,0,1,0,0,0,0,0,0,0,0,0,1,1,0,0,0,0,0,0,0,0,1,0,0,0,0,1,0,0,0,0,0,0,0,0,0,0,1,0,1,0,1,0,1,1,1,1,1,0,1,0,0,0,1,0,0,0,1,1,0,0,1,1,1,1,0,1,0,0,0,1,0,0,0,0,1,0,1,1,1,0,0,0,1,1,1,1,1,0,0,1,0,1,1,0,1,0,1,0,1,1,0,1,0,0,1,1,1,1,1,0,1,1,1,1,0,0,1,0,1,0,0,0,1,1,0,1,1,0,0,0,1,1,0,0,1,0,0,0,1,0,1,1,1,0,0,0,0,0,1,0,0,0,0,0,1,1,0,0,1,0,1,0,0,1,0,0,0,0,1,0,1,1,1,0,0,1,1,0,0,0,0,1,0,0,0,0,1,0,0,0,0,0,0,0,0,0,1,0,0,0,0,0,0,0,0,0,0,0,0,0,0,0,0,0,0,0
0,0,0,0,0,1,0,0,0,0,0,0,0,0,0,1,1,0,0,0,0,0,0,0,0,1,0,0,0,0,1,0,0,0,0,0,0,0,0,0,0,1,0,1,0,1,0,1,1,1,1,1,0,1,0,0,0,1,0,0,0,1,1,0,0,1,1,1,1,0,1,0,0,0,1,0,0,0,0,1,0,1,1,1,0,0,0,1,1,1,1,1,0,0,1,0,1,1,0,1,0,1,0,1,1,0,1,0,0,1,1,1,1,1,0,1,1,1,1,0,0,1,0,1,0,0,0,1,1,0,1,1,0,0,0,1,1,0,0,1,0,0,0,1,0,1,1,1,0,0,0,0,0,1,0,0,0,0,0,1,1,0,0,1,0,1,0,0,1,0,0,0,0,1,0,1,1,1,0,0,1,1,0,0,0,0,1,0,0,0,0,1,0,0,0,0,0,0,0,0,0,1,0,0,0,0,0,0,0,0,0,0,0,0,0,0,0,0,0,0,0
0,0,0,0,0,1,0,0,0,0,0,0,0,0,0,1,1,0,0,0,0,0,0,0,0,1,0,0,0,0,1,0,0,0,0,0,0,0,0,0,0,1,0,1,0,1,0,1,1,1,1,1,0,1,0,0,0,1,0,0,0,1,1,0,0,1,1,1,1,0,1,0,0,0,1,0,0,0,0,1,0,1,1,1,0,0,0,1,1,1,1,1,0,0,1,0,1,1,0,1,0,1,0,1,1,0,1,0,0,1,1,1,1,0,0,1,1,1,1,0,0,1,0,1,0,0,0,1,1,0,1,1,0,0,0,1,1,0,0,1,0,0,0,1,0,1,1,1,0,0,0,0,0,1,0,0,0,0,0,1,1,0,0,1,0,1,0,0,1,0,0,0,0,1,0,1,1,1,0,0,1,1,0,0,0,0,1,0,0,0,0,1,0,0,0,0,0,0,0,0,0,1,0,0,0,0,0,0,0,0,0,0,0,0,0,0,0,0,0,0,0
0,0,0,0,0,1,0,0,0,0,0,0,0,0,0,1,1,0,0,0,0,0,0,0,0,1,0,0,0,0,1,0,0,0,0,0,0,0,0,0,0,1,0,1,0,1,0,1,1,1,1,1,0,1,0,0,0,1,0,0,0,1,1,0,0,1,1,1,1,0,1,0,0,0,1,0,0,0,0,1,0,1,1,1,0,0,0,1,1,1,1,1,0,0,1,0,1,1,0,1,0,1,0,1,1,0,1,0,0,1,1,1,1,1,0,1,1,1,1,0,0,1,0,1,0,0,0,1,1,0,1,1,0,0,0,1,1,0,0,1,0,0,0,1,0,1,1,1,0,0,0,0,0,1,0,0,0,0,0,1,1,0,0,1,0,1,0,0,1,0,0,0,0,1,0,1,1,1,0,0,1,1,0,0,0,0,1,0,0,0,0,1,0,0,0,0,0,0,0,0,0,1,0,0,0,0,0,0,0,0,0,0,0,0,0,0,0,0,0,0,0
0,1,0,0,0,1,1,1,0,0,0,0,0,0,0,1,1,1,0,0,1,1,0,0,0,1,1,1,1,0,1,0,0,0,0,0,0,0,0,1,0,1,1,1,0,1,0,1,1,1,1,1,0,1,0,0,1,1,1,0,0,1,1,0,0,1,1,1,1,0,1,1,0,1,1,0,0,0,1,1,1,1,1,1,0,0,1,1,1,1,1,1,0,0,1,1,1,1,0,0,0,1,0,1,1,0,1,1,0,1,0,1,1,1,0,1,0,1,1,0,1,1,0,1,0,0,0,1,1,1,0,1,1,0,1,1,1,0,0,1,0,1,0,1,0,1,1,1,0,0,1,0,0,1,1,0,1,1,1,1,1,0,1,1,0,1,1,1,1,1,0,0,0,1,0,1,1,1,0,0,1,1,0,1,1,0,1,1,1,1,1,0,1,1,0,1,1,1,1,1,1,0,0,1,1,0,1,1,0,0,1,0,0,0,1,0,0,0,1,0,0
0,1,0,0,0,1,1,1,0,0,0,0,0,0,0,1,1,1,0,0,1,1,0,0,0,1,1,1,1,0,1,0,0,0,0,0,0,0,0,1,0,1,1,1,0,1,0,1,1,1,1,1,0,1,0,0,1,1,1,0,0,1,1,0,0,1,1,1,1,0,1,1,0,1,1,0,0,0,1,1,1,1,1,1,0,0,1,1,1,1,1,1,0,0,1,1,1,1,0,0,0,1,0,1,1,0,1,1,0,1,0,1,1,1,0,1,0,1,1,0,1,1,0,1,0,0,0,1,1,1,0,1,1,0,1,1,1,0,0,1,0,1,0,1,0,1,1,1,0,0,1,0,0,1,1,0,1,1,1,1,1,0,1,1,0,1,1,1,1,1,0,0,0,1,0,1,1,1,0,0,1,1,0,1,1,0,1,0,1,1,1,1,1,1,0,1,1,1,1,1,1,1,0,1,1,0,1,1,0,0,1,0,0,0,1,0,0,0,1,0,0
0,1,0,0,0,1,1,1,0,0,0,0,0,0,0,1,1,1,0,0,1,1,0,0,0,1,1,1,1,0,1,0,0,0,0,0,0,0,0,1,0,1,1,1,0,1,0,1,1,1,1,1,0,1,0,0,1,1,1,0,0,1,1,0,0,1,1,1,1,0,1,1,0,1,1,0,0,0,1,1,1,1,1,1,0,0,1,1,1,1,1,1,0,0,1,1,1,1,0,0,0,1,0,1,1,0,1,1,0,1,0,1,1,1,0,1,0,1,1,0,1,1,0,1,0,0,0,1,1,1,0,1,1,0,1,1,1,0,0,1,0,1,0,1,0,1,1,1,0,0,1,0,0,1,1,0,1,1,1,1,1,0,1,1,0,1,1,1,1,1,0,0,0,1,0,1,1,1,0,0,1,1,0,1,1,0,1,0,1,1,1,0,1,1,0,1,1,1,1,1,1,0,0,1,1,0,1,1,0,0,1,0,0,0,1,0,0,0,1,0,0
0,1,0,0,0,1,1,1,0,0,0,0,0,0,0,1,1,1,0,0,1,1,0,0,0,1,1,1,1,0,1,0,0,0,0,0,0,0,0,1,0,1,1,1,0,1,0,1,1,1,1,1,0,1,0,0,1,1,1,0,0,1,1,0,0,1,1,1,1,0,1,1,0,1,1,0,0,0,1,1,1,1,1,1,0,0,1,1,1,1,1,1,0,0,1,1,1,1,0,1,0,1,0,1,1,0,1,1,0,1,1,1,1,1,0,1,1,1,1,0,1,1,0,1,0,0,0,1,1,1,1,1,1,0,1,1,1,0,0,1,0,1,0,1,0,1,1,1,0,0,1,0,0,1,1,0,1,1,1,1,1,0,1,1,0,1,0,1,1,1,0,0,0,1,0,1,1,1,0,0,1,1,0,1,1,0,1,0,1,1,1,1,1,1,0,1,1,1,1,1,1,1,0,1,1,0,1,1,0,0,1,0,0,0,1,0,0,0,1,0,0
0,1,0,0,0,1,1,1,0,0,0,0,0,0,0,1,1,1,0,0,1,1,0,0,0,1,1,1,1,0,1,0,0,0,0,0,0,0,0,1,0,1,1,1,0,1,0,1,1,1,1,1,0,1,0,0,1,1,1,0,0,1,1,0,0,1,1,1,1,0,1,1,0,1,1,0,0,0,1,1,1,1,1,1,0,0,1,1,1,1,1,1,0,0,1,1,1,1,0,1,0,1,0,1,1,0,1,1,0,1,1,1,1,1,0,1,1,1,1,0,1,1,0,1,0,0,0,1,1,1,1,1,1,0,1,1,1,0,0,1,0,1,0,1,0,1,1,1,0,0,1,0,0,1,1,0,1,1,1,1,1,0,1,1,0,1,0,1,1,1,0,0,0,1,0,1,1,1,0,0,1,1,0,1,1,0,1,1,1,1,1,1,1,1,0,1,1,1,1,1,1,1,0,1,1,0,1,1,0,0,1,0,0,0,1,0,0,0,1,0,0
0,1,0,0,0,1,1,1,0,0,0,0,0,0,0,1,1,1,0,0,1,1,0,0,0,1,1,1,1,0,1,0,0,0,0,0,0,0,0,1,0,1,1,1,0,1,0,1,1,1,1,1,0,1,0,0,1,1,1,0,0,1,1,0,0,1,1,1,1,0,1,1,0,1,1,0,0,0,1,1,1,1,1,1,0,0,1,1,1,1,1,1,0,0,1,1,1,1,0,1,0,1,0,1,1,0,1,1,0,1,1,1,1,1,0,1,1,1,1,0,1,1,0,1,0,0,0,1,1,1,1,1,1,0,1,1,1,0,0,1,0,1,0,1,0,1,1,1,0,0,1,0,0,1,1,0,1,1,1,1,1,0,1,1,0,1,1,1,1,1,0,0,0,1,0,1,1,1,0,0,1,1,0,1,1,0,1,0,1,1,1,1,1,1,0,1,1,1,1,1,1,1,0,1,1,0,1,1,0,0,1,0,0,0,1,0,0,0,1,0,0
0,1,0,1,0,1,1,0,0,0,0,0,0,0,0,1,1,1,0,1,1,0,0,0,0,1,1,1,0,0,1,0,0,0,0,0,0,0,0,0,0,1,0,1,0,1,0,1,1,1,1,1,0,1,0,0,0,1,0,0,0,1,1,0,0,1,1,1,1,0,1,0,0,0,1,0,0,0,0,1,0,1,1,1,0,0,0,1,1,1,1,1,0,0,1,0,1,1,0,1,0,1,0,1,1,0,1,0,0,1,1,1,1,1,0,1,1,1,1,0,0,1,0,1,0,0,0,1,1,0,1,1,0,0,0,1,1,0,1,1,0,0,0,1,0,1,1,1,0,0,0,0,0,1,0,0,0,0,0,1,1,0,0,1,0,1,0,0,1,0,0,0,0,1,0,1,1,1,0,0,1,1,0,0,0,0,1,0,0,0,0,1,0,0,0,0,0,0,0,0,0,1,0,0,0,0,0,0,0,0,0,0,0,0,0,0,0,0,0,0,0
0,1,0,1,0,1,1,0,0,0,0,0,0,0,0,1,1,1,0,1,1,0,0,0,0,1,1,1,0,0,1,0,0,0,0,0,0,0,0,0,0,1,0,1,0,1,0,1,1,1,1,1,0,1,0,0,0,1,0,0,0,1,1,0,0,1,1,1,1,0,1,0,0,0,1,0,0,0,0,1,0,1,1,1,0,0,0,1,1,1,1,1,0,0,1,0,1,1,0,1,0,1,0,1,1,0,1,0,0,1,1,1,1,1,0,1,1,1,1,0,0,1,0,1,0,0,0,1,1,0,1,1,0,0,0,1,1,0,0,1,0,0,0,1,0,1,1,1,0,0,0,0,0,1,0,0,0,0,0,1,1,0,0,1,0,1,0,0,1,0,0,0,0,1,0,1,1,1,0,0,1,1,0,0,0,0,1,0,0,0,0,1,0,0,0,0,0,0,0,0,0,1,0,0,0,0,0,0,0,0,0,0,0,0,0,0,0,0,0,0,0
0,0,0,0,0,1,1,0,0,0,0,0,0,0,0,1,1,0,0,0,0,0,0,0,0,1,0,0,0,0,1,0,0,0,1,0,0,0,0,0,0,1,1,1,0,1,0,1,1,1,1,1,0,1,0,0,0,1,0,0,0,1,1,0,0,1,1,1,1,1,1,0,0,0,1,0,0,0,0,1,0,1,1,1,0,0,0,1,1,1,1,1,0,0,1,0,1,1,0,1,0,1,0,1,1,0,1,0,0,1,1,1,1,1,0,1,1,1,1,0,0,1,0,1,0,0,0,1,1,0,1,1,0,0,0,1,1,0,0,1,0,0,0,1,0,1,1,1,0,0,0,0,1,1,0,0,0,0,0,1,1,0,0,1,0,1,0,0,1,0,0,0,0,1,0,1,1,1,0,0,1,1,0,0,0,0,1,0,0,0,0,1,0,0,0,0,0,0,0,0,0,1,0,0,0,0,0,0,0,0,0,0,0,0,0,0,0,0,0,0,0
1,1,0,0,0,1,1,1,0,0,1,1,0,0,0,1,1,1,0,0,0,0,0,0,0,1,1,0,0,0,1,0,0,0,0,0,1,0,1,1,0,0,0,1,1,1,0,1,1,0,0,1,0,1,0,0,0,1,1,0,0,1,1,0,0,1,1,1,1,0,1,1,1,1,0,1,0,0,0,1,1,0,0,1,0,0,0,1,1,1,1,1,0,0,0,1,1,1,0,1,0,1,0,1,1,0,1,1,0,1,1,1,1,1,1,1,1,1,1,0,1,1,0,1,0,1,0,1,1,0,1,1,1,0,0,1,1,0,0,1,0,1,0,1,0,1,1,1,0,0,0,0,0,1,0,0,0,1,0,1,1,1,0,1,0,1,0,0,1,0,0,0,0,1,0,1,1,1,0,1,1,1,0,1,1,0,1,0,1,1,0,1,1,1,0,1,1,1,1,0,0,1,1,1,1,0,1,1,1,1,0,0,1,0,1,0,1,1,0,0,1
1,1,0,0,0,1,1,1,0,0,1,1,0,0,0,1,1,1,0,0,0,0,0,0,0,1,1,0,0,0,1,0,0,0,0,0,1,0,1,1,0,0,0,1,1,1,0,1,1,0,0,1,0,1,0,0,0,1,1,0,0,1,1,0,0,1,1,1,1,0,1,1,1,1,0,1,0,0,0,1,1,0,0,1,0,0,0,1,1,1,1,1,0,0,0,1,1,1,0,1,0,1,0,1,1,0,1,1,0,1,1,1,1,1,1,1,1,1,1,0,1,1,0,1,0,1,0,1,1,0,1,1,1,0,0,1,1,0,0,1,0,1,0,1,0,1,1,1,0,0,0,0,0,1,0,0,0,1,0,1,1,1,0,1,0,1,0,0,1,0,0,0,0,1,0,1,1,1,0,1,1,1,0,1,1,0,1,0,1,1,0,1,1,1,0,1,1,1,1,0,0,1,1,1,1,0,1,1,1,1,0,0,1,0,1,0,1,1,0,0,1
0,1,0,0,0,1,1,1,0,0,1,1,0,0,0,1,1,1,0,0,0,0,0,0,0,1,1,0,0,0,1,0,0,0,0,0,1,0,1,1,0,0,0,1,1,1,0,1,1,0,0,1,0,1,0,0,0,1,1,0,0,1,1,0,0,1,1,1,1,0,1,1,1,1,0,1,0,0,0,1,1,0,0,1,0,0,0,1,1,1,1,1,0,0,0,1,1,1,0,1,0,1,0,1,1,0,1,1,0,1,1,1,1,1,1,1,1,1,1,0,1,1,0,1,0,1,0,1,1,0,1,1,1,0,0,1,1,0,0,1,0,1,0,1,0,1,1,1,0,0,0,0,0,1,0,0,0,1,0,1,1,1,0,1,0,1,0,0,1,0,0,0,0,1,0,1,1,1,0,1,1,1,0,1,1,0,1,0,1,1,0,1,1,1,0,1,1,1,1,0,0,1,1,1,1,0,1,1,1,1,0,0,1,0,1,0,1,1,0,0,1
1,1,0,1,0,1,1,0,0,0,0,0,0,0,0,1,1,1,0,1,1,1,0,0,0,1,1,0,0,0,1,0,0,0,0,0,0,0,1,1,0,1,0,1,1,1,0,1,1,0,0,1,0,1,0,0,0,1,1,0,0,1,1,0,0,1,1,1,1,0,1,0,1,0,0,1,0,0,0,1,0,0,0,1,0,0,0,1,1,1,1,1,0,0,0,0,1,1,0,1,0,1,0,1,1,0,1,0,0,1,1,1,1,1,1,1,1,1,1,0,0,1,0,1,0,1,0,1,1,0,1,1,0,0,0,1,1,0,0,1,0,0,0,1,0,1,1,1,0,0,0,0,0,1,0,0,0,0,0,1,1,1,0,1,0,1,0,0,1,0,0,0,0,1,0,1,1,1,0,1,1,1,0,0,0,0,1,1,0,1,0,1,0,0,0,1,0,1,1,0,0,1,1,0,0,0,1,1,1,1,0,0,1,0,1,0,1,1,0,0,1
1,1,0,1,0,1,1,0,0,0,0,0,0,0,0,1,1,1,0,1,1,1,0,0,0,1,1,0,0,0,1,0,0,0,0,0,0,0,1,1,0,1,0,1,1,1,0,1,1,0,0,1,0,1,0,0,0,1,1,0,0,1,1,0,0,1,1,1,1,0,1,0,1,0,0,1,0,0,0,1,0,0,0,1,0,0,0,1,1,1,1,1,0,0,0,0,1,1,0,1,0,1,0,1,1,0,1,0,0,1,1,1,1,1,1,1,1,1,1,0,0,1,0,1,0,1,0,1,1,0,1,1,0,0,0,1,1,0,0,1,0,0,0,1,0,1,1,1,0,0,0,0,0,1,0,0,0,0,0,1,1,1,0,1,0,1,0,0,1,0,0,0,0,1,0,1,1,1,0,1,1,1,0,0,0,0,1,1,0,1,0,1,0,0,0,1,0,1,1,0,0,1,1,0,0,0,1,1,1,1,0,0,1,0,1,0,1,1,0,0,1
1,1,0,1,0,1,1,0,0,0,0,0,0,0,0,1,1,1,0,1,1,1,0,0,0,1,1,0,0,0,1,0,0,0,0,0,0,0,1,1,0,1,0,1,1,1,0,1,1,0,0,1,0,1,0,0,0,1,1,0,0,1,1,0,0,1,1,1,1,0,1,0,1,0,0,1,0,0,0,1,0,0,0,1,0,0,0,1,1,1,1,1,0,0,0,0,1,1,0,1,0,1,0,1,1,0,1,0,0,1,1,1,1,1,1,1,1,1,1,0,0,1,0,1,0,1,0,1,1,0,1,1,0,0,0,1,1,0,0,1,0,0,0,1,0,1,1,1,0,0,0,0,0,1,0,0,0,0,0,1,1,1,0,1,0,1,0,0,1,0,0,0,0,1,0,1,1,1,0,1,1,1,0,0,0,0,1,1,0,1,0,1,0,0,0,1,0,1,1,0,0,1,1,0,0,0,1,1,1,1,0,0,1,0,1,0,1,1,0,0,1
1,1,0,1,0,1,1,0,0,0,0,0,0,0,0,1,1,1,0,1,1,1,0,0,0,1,1,0,0,0,1,0,0,0,0,0,0,0,1,1,0,1,0,1,1,1,0,1,1,0,0,1,0,1,0,0,0,1,1,0,0,1,1,0,0,1,1,1,1,0,1,0,1,0,0,1,0,0,0,1,0,0,0,1,0,0,0,1,1,1,1,1,0,0,0,0,1,1,0,1,0,1,0,1,1,0,1,0,0,1,1,1,1,1,1,1,1,1,1,0,0,1,0,1,0,1,0,1,1,0,1,1,0,0,0,1,1,0,0,1,0,0,0,1,0,1,1,1,0,0,0,0,0,1,0,0,0,0,0,1,1,1,0,1,0,1,0,0,1,0,0,0,0,1,0,1,1,1,0,1,1,1,0,0,0,0,1,1,0,1,0,1,0,0,0,1,0,1,1,0,0,1,1,0,0,0,1,1,1,1,0,0,1,0,1,0,1,1,0,0,1
1,1,0,1,0,1,1,0,0,0,0,0,0,0,0,1,1,1,0,1,1,0,0,0,0,1,1,1,0,0,1,0,0,0,0,0,0,0,1,0,0,0,0,1,1,1,0,1,1,0,0,1,0,1,0,0,0,1,0,0,0,1,1,0,0,1,1,1,1,0,1,0,1,0,0,1,0,0,0,1,0,0,0,1,0,0,0,1,1,1,1,1,0,0,0,0,1,1,0,1,0,1,0,1,1,0,1,0,0,1,1,1,1,1,0,1,1,1,1,0,0,1,0,1,0,0,0,1,1,0,1,1,0,0,0,1,1,0,0,1,0,0,0,1,0,1,1,1,0,0,0,0,0,1,0,0,0,0,0,1,1,0,0,1,0,1,0,0,1,0,0,0,0,1,0,1,1,1,0,0,1,1,0,0,0,0,1,0,0,1,0,1,0,0,0,1,0,1,0,0,0,1,1,0,0,0,0,0,0,0,0,0,0,0,0,0,0,0,0,0,0
1,1,0,1,0,1,1,0,0,0,0,0,0,0,0,1,1,1,0,1,1,0,0,0,0,1,1,1,0,0,1,0,0,0,0,0,0,0,1,0,0,0,0,1,1,1,0,1,1,0,0,1,0,1,0,0,0,1,0,0,0,1,1,0,0,1,1,1,1,0,1,0,1,0,0,1,0,0,0,1,0,0,0,1,0,0,0,1,1,1,1,1,0,0,0,0,1,1,0,1,0,1,0,1,1,0,1,0,0,1,1,1,1,1,0,1,1,1,1,0,0,1,0,1,0,0,0,1,1,0,1,1,0,0,0,1,1,0,0,1,0,0,0,1,0,1,1,1,0,0,0,0,0,1,0,0,0,0,0,1,1,0,0,1,0,1,0,0,1,0,0,0,0,1,0,1,1,1,0,0,1,1,0,0,0,0,1,0,0,1,0,1,0,0,0,1,0,1,0,0,0,1,1,0,0,0,0,0,0,0,0,0,0,0,0,0,0,0,0,0,0
0,1,0,1,0,1,1,0,0,0,0,0,0,0,0,1,1,1,0,1,1,0,0,0,0,1,1,1,0,0,1,0,0,0,0,0,0,0,1,0,0,0,0,1,1,1,0,1,1,0,0,1,0,1,0,0,0,1,0,0,0,1,1,0,0,1,1,1,1,0,1,0,1,0,0,1,0,0,0,1,0,0,0,1,0,0,0,1,1,1,1,1,0,0,0,0,1,1,0,1,0,1,0,1,1,0,1,0,0,1,1,1,1,1,0,1,1,1,1,0,0,1,0,1,0,0,0,1,1,0,1,1,0,0,0,1,1,0,0,1,0,0,0,1,0,1,1,1,0,0,0,0,0,1,0,0,0,0,0,1,1,0,0,1,0,1,0,0,1,0,0,0,0,1,0,1,1,1,0,0,1,1,0,0,0,0,1,0,0,1,0,1,0,0,0,1,0,1,0,0,0,1,1,0,0,0,0,0,0,0,0,0,0,0,0,0,0,0,0,0,0
0,1,0,1,0,1,1,0,0,0,0,0,0,0,0,1,1,1,0,1,1,0,0,0,0,1,1,1,0,0,1,0,0,0,0,0,0,0,1,0,0,0,0,1,1,1,0,1,1,0,0,1,0,1,0,0,0,1,0,0,0,1,1,0,0,1,1,1,1,0,1,0,1,0,0,1,0,0,0,1,0,0,0,1,0,0,0,1,1,1,1,1,0,0,0,0,1,1,0,1,0,1,0,1,1,0,1,0,0,1,1,1,1,1,0,1,1,1,1,0,0,1,0,1,0,0,0,1,1,0,1,1,0,0,0,1,1,0,0,1,0,0,0,1,0,1,1,1,0,0,0,0,0,1,0,0,0,0,0,1,1,0,0,1,0,1,0,0,1,0,0,0,0,1,0,1,1,1,0,0,1,1,0,0,0,0,1,0,0,1,0,1,0,0,0,1,0,1,0,0,0,1,1,0,0,0,0,0,0,0,0,0,0,0,0,0,0,0,0,0,0
0,1,0,1,0,1,1,0,0,0,0,0,0,0,0,1,1,1,0,1,1,0,0,0,0,1,1,1,0,0,1,0,0,0,0,0,0,0,1,0,0,0,0,1,1,1,0,1,1,0,0,1,0,1,0,0,0,1,0,0,0,1,1,0,0,1,1,1,1,0,1,0,1,0,0,1,0,0,0,1,0,0,0,1,0,0,0,1,1,1,1,1,0,0,0,0,1,1,0,1,0,1,0,1,1,0,1,0,0,1,1,1,1,1,0,1,1,1,1,0,0,1,0,1,0,0,0,1,1,0,1,1,0,0,0,1,1,0,0,1,0,0,0,1,0,1,1,1,0,0,0,0,0,1,0,0,0,0,0,1,1,0,0,1,0,1,0,0,1,0,0,0,0,1,0,1,1,1,0,0,1,1,0,0,0,0,1,0,0,1,0,1,0,0,0,1,0,1,0,0,0,1,1,0,0,0,0,0,0,0,0,0,0,0,0,0,0,0,0,0,0
1,1,0,1,0,1,1,0,0,0,0,0,0,0,0,0,0,1,1,0,0,1,1,1,0,0,1,0,1,0,1,0,0,1,0,0,1,0,1,1,0,1,0,1,0,0,0,1,0,0,0,1,0,0,0,0,0,0,0,1,0,0,0,1,1,0,0,0,0,0,0,1,0,1,0,1,0,1,0,0,1,0,0,1,0,1,0,0,0,0,0,0,0,0,0,1,0,0,0,1,0,0,0,0,0,1,0,1,1,0,0,1,0,0,0,0,0,0,0,0,1,0,0,0,0,0,0,0,0,0,0,0,1,0,0,0,0,0,1,0,0,1,0,0,0,0,0,1,0,0,0,0,0,0,0,0,0,1,0,0,0,0,0,0,0,0,0,0,0,0,1,1,1,0,0,0,1,0,0,0,0,0,0,1,1,0,0,0,1,0,0,0,1,0,1,1,1,0,0,0,0,0,0,1,0,0,1,0,0,1,0,0,0,1,0,0,0,1,0,0,0
1,1,1,1,1,1,1,1,0,0,0,0,0,0,0,0,0,1,1,0,0,1,1,1,1,0,1,0,1,1,1,0,0,1,0,0,1,0,1,1,0,1,0,1,0,0,0,1,0,0,0,1,0,0,0,0,0,0,0,1,0,0,0,1,1,0,0,0,0,0,0,1,0,1,0,1,0,1,0,0,1,0,0,1,0,1,0,0,0,0,0,0,0,0,0,0,0,0,0,1,0,0,0,0,0,1,0,1,1,0,0,1,0,0,0,0,0,0,0,0,1,0,0,0,0,0,0,0,0,0,0,0,1,0,0,0,0,0,1,0,0,1,0,0,0,0,0,1,0,0,0,0,0,0,0,0,0,0,0,0,0,0,0,0,0,0,0,0,0,0,1,1,1,0,0,0,1,0,0,0,0,0,0,1,1,0,0,0,1,0,0,0,1,0,0,1,1,0,0,0,0,0,0,1,0,0,1,0,0,0,0,0,0,1,0,0,0,0,0,0,0
1,1,1,1,1,1,1,1,0,0,0,0,0,0,0,0,0,1,1,0,0,1,1,1,1,0,1,0,1,1,1,0,0,1,0,0,1,0,1,1,0,1,0,1,0,0,0,1,0,0,0,1,0,0,0,0,0,0,0,1,0,0,0,1,1,0,0,0,0,0,0,1,0,1,0,1,0,1,0,0,1,0,0,1,0,1,0,0,0,0,0,0,0,0,0,0,0,0,0,1,0,0,0,0,0,1,0,1,1,0,0,1,0,0,0,0,0,0,0,0,1,0,0,0,0,0,0,0,0,0,0,0,1,0,0,0,0,0,0,0,0,1,0,0,0,0,0,1,0,0,0,0,0,0,0,0,0,0,0,0,0,0,0,0,0,0,0,0,0,0,1,1,1,0,0,0,1,0,0,0,0,0,0,1,1,0,0,0,1,0,0,0,1,0,0,1,1,0,0,0,0,0,0,1,0,0,1,0,0,0,0,0,0,1,0,0,0,0,0,0,0
1,1,1,1,1,1,1,1,0,0,0,0,0,0,0,0,0,1,1,0,0,1,1,1,1,0,1,0,1,1,1,0,0,1,0,0,1,0,1,1,0,1,0,1,0,0,0,1,0,0,0,1,0,0,0,0,0,0,0,1,0,0,0,1,1,0,0,0,0,0,0,1,0,1,0,1,0,1,0,0,1,0,0,1,0,1,0,0,0,0,0,0,0,0,0,0,0,0,0,1,0,0,0,0,0,1,0,1,1,0,0,1,0,0,0,0,0,0,0,0,1,0,0,0,0,0,0,0,0,0,0,0,1,0,0,0,0,0,1,0,0,1,0,0,0,0,0,1,0,0,0,0,0,0,0,0,0,0,0,0,0,0,0,0,0,0,0,0,0,0,1,1,1,0,0,0,1,0,0,0,0,0,0,1,1,0,0,0,1,0,0,0,1,0,0,1,1,0,0,0,0,0,0,1,0,0,1,0,0,0,0,0,0,1,0,0,0,0,0,0,0
1,1,1,1,1,1,1,1,0,0,0,0,0,0,0,0,0,1,1,0,0,1,1,1,1,0,1,0,1,1,1,0,0,1,0,0,1,0,1,1,0,1,0,1,0,0,0,1,0,0,0,1,0,0,0,0,0,0,0,1,0,0,0,1,1,0,0,0,0,0,0,1,0,1,0,1,0,1,0,0,1,0,0,1,0,1,0,0,0,0,0,0,0,0,0,0,0,0,0,1,0,0,0,0,0,1,0,1,1,0,0,1,0,0,0,0,0,0,0,0,1,0,0,0,0,0,0,0,0,0,0,0,1,0,0,0,0,0,1,0,0,1,0,0,0,0,0,1,0,0,0,0,0,0,0,0,0,0,0,0,0,0,0,0,0,0,0,0,0,0,1,1,1,0,0,0,1,0,0,0,0,0,0,1,1,0,0,0,1,0,0,0,1,0,0,1,1,0,0,0,0,0,0,1,0,0,1,0,0,0,0,0,0,1,0,0,0,0,0,0,0
1,1,1,1,1,1,1,1,0,1,1,0,1,1,1,0,0,1,1,0,0,1,1,1,1,1,1,1,1,1,1,0,1,1,0,0,0,0,1,1,1,1,0,1,1,1,1,1,1,0,0,1,0,1,1,0,0,1,1,1,1,1,1,1,1,1,1,1,1,0,1,1,1,1,0,1,0,1,0,1,1,0,0,1,0,1,0,1,1,1,1,1,0,0,0,1,1,1,1,1,1,1,0,0,1,1,1,1,1,1,1,1,1,1,0,1,1,1,1,1,1,1,0,1,0,0,0,1,1,0,1,1,1,0,0,1,1,1,1,1,0,1,1,1,0,1,1,1,0,0,0,0,0,1,0,0,0,1,0,1,1,0,0,1,0,1,0,0,1,0,1,1,1,1,0,1,1,1,0,0,1,1,0,1,1,0,1,1,1,1,0,1,1,0,1,1,1,1,1,0,0,1,1,1,0,0,1,0,1,0,0,1,0,0,0,0,1,0,0,1,0
1,1,1,1,1,1,1,1,0,1,0,0,0,0,0,0,0,1,1,0,0,1,1,1,1,0,1,0,1,1,1,0,1,1,0,0,0,0,1,1,1,1,0,1,0,0,1,1,0,0,0,0,0,1,1,0,0,0,0,0,0,0,0,1,1,0,0,0,0,0,0,1,0,1,0,1,0,1,0,0,1,0,0,1,0,1,0,0,1,0,0,0,0,0,0,0,1,0,1,1,1,0,0,0,0,1,0,1,1,0,0,1,0,0,0,1,1,0,1,1,1,0,0,0,0,0,0,0,0,0,0,1,1,0,0,1,0,1,1,0,0,1,1,1,0,0,0,1,0,0,0,0,0,0,0,0,0,0,0,0,1,0,0,1,0,0,0,0,0,0,1,1,1,0,0,0,1,1,0,0,1,0,0,1,1,0,0,0,1,0,0,0,1,0,0,1,0,0,0,0,0,0,0,1,0,0,0,0,0,0,0,1,0,0,0,0,0,0,0,1,0
1,1,1,1,1,1,1,1,0,0,0,0,0,0,0,0,0,1,1,0,0,1,0,0,0,0,1,0,0,0,1,0,0,1,0,0,1,0,1,1,0,1,0,1,0,0,0,1,0,0,0,1,0,0,0,0,0,0,0,0,0,0,0,1,1,0,0,0,0,0,0,1,0,1,0,1,0,1,0,0,1,0,0,1,0,1,0,0,0,0,0,0,0,0,0,0,0,0,0,1,0,0,0,0,0,1,0,1,1,0,0,1,0,0,0,0,0,0,0,0,1,0,0,0,0,0,0,0,0,0,0,0,1,0,0,0,0,0,1,0,0,1,0,0,0,0,0,1,0,0,0,0,0,0,0,0,0,0,0,0,0,0,0,0,0,0,0,0,0,0,1,1,1,0,0,0,1,0,0,0,0,0,0,1,1,0,0,0,1,0,0,0,1,0,0,1,1,0,0,0,0,0,0,1,0,0,1,0,0,0,0,0,0,1,0,0,0,0,0,0,0
0,1,0,1,1,1,0,0,1,0,1,0,1,1,0,1,1,1,0,0,0,0,0,0,0,1,1,0,0,0,1,1,0,0,0,0,1,0,0,0,0,1,0,0,0,0,0,1,0,0,0,1,1,0,0,0,0,0,0,0,0,0,1,0,0,0,0,0,0,0,1,1,0,0,0,0,0,0,0,0,0,0,0,0,1,1,0,1,1,0,0,0,1,1,0,0,0,0,0,0,0,0,1,1,0,0,0,0,0,0,0,1,0,0,0,0,0,0,1,0,0,0,1,0,0,0,0,0,0,0,0,0,0,0,0,0,0,0,0,0,1,0,0,0,0,0,0,1,0,0,0,0,0,0,0,0,0,0,0,0,1,0,0,1,1,0,0,0,0,0,0,1,1,0,1,0,1,0,0,0,0,0,0,0,0,0,0,0,0,0,0,0,0,0,0,0,0,0,0,0,0,0,0,0,0,0,0,0,0,0,0,0,0,0,0,0,0,0,0,0,0
1,1,1,1,1,1,1,1,1,0,1,0,0,0,1,0,0,1,1,0,0,1,1,1,1,0,1,0,1,1,1,1,0,1,0,0,0,0,1,1,0,1,0,1,0,0,0,1,0,0,0,1,0,0,0,0,0,0,0,0,0,0,0,1,1,0,0,0,0,0,0,1,0,1,0,1,0,1,0,0,1,0,0,1,0,1,0,0,0,0,0,0,0,0,0,0,0,0,0,1,0,0,0,0,0,1,0,1,1,0,0,1,0,0,0,0,0,0,0,0,1,0,0,0,0,0,0,0,0,0,0,0,1,0,0,0,0,0,1,0,0,0,0,0,0,0,0,0,0,0,0,0,0,0,0,0,0,0,0,0,0,0,0,0,0,0,0,0,0,0,1,1,1,0,0,0,1,0,0,0,0,0,0,1,1,0,0,0,1,0,0,0,1,0,0,1,0,0,0,0,0,0,0,1,0,0,1,0,0,1,0,0,0,0,0,0,0,1,0,0,0
0,1,0,1,0,1,1,0,0,0,0,0,0,0,0,1,1,1,1,0,0,1,0,1,0,1,1,0,0,0,1,0,0,1,0,0,1,0,1,1,0,0,1,1,1,1,0,0,1,0,0,1,0,1,1,0,1,1,0,0,0,1,0,0,1,1,0,1,1,0,1,1,1,0,0,1,0,0,1,1,1,0,0,1,0,0,1,1,1,1,1,1,0,0,0,0,1,1,0,0,0,1,0,0,1,0,1,1,0,1,1,0,1,0,0,1,0,1,1,0,1,1,0,1,0,0,0,1,1,0,0,1,1,0,0,1,1,0,1,1,0,0,0,1,1,1,1,1,0,1,1,0,0,1,1,1,0,0,0,1,1,0,1,1,0,1,1,0,1,0,0,0,0,1,0,1,1,1,0,0,1,1,0,1,0,0,1,0,1,1,1,1,1,1,1,1,1,1,0,1,0,1,1,1,0,0,1,0,0,0,0,0,0,1,0,0,0,0,0,1,0
0,1,0,1,0,1,1,1,0,0,0,0,0,0,0,1,1,1,1,0,0,1,0,1,0,1,1,0,0,0,1,0,0,1,0,0,1,0,1,1,0,0,1,1,1,1,0,0,1,0,0,1,0,1,1,0,1,1,1,0,0,1,0,0,1,1,0,1,1,0,1,1,1,0,0,1,0,0,1,1,1,0,0,1,0,0,1,1,1,1,1,1,0,0,0,0,1,1,0,0,0,1,0,0,1,0,1,1,0,1,1,0,1,1,0,1,0,1,1,0,1,1,0,1,0,0,0,1,1,0,0,1,1,0,0,1,1,0,1,1,0,0,0,1,1,1,1,1,0,1,1,0,0,1,1,1,0,0,0,1,1,0,1,1,0,1,1,0,1,0,0,0,0,1,0,1,1,1,0,0,1,1,0,1,0,0,1,0,1,1,1,1,1,1,1,1,1,1,1,1,0,1,1,1,0,0,1,1,0,0,0,0,0,0,1,0,0,0,0,1,0
0,1,0,1,0,1,1,1,0,0,1,0,1,1,0,1,1,1,1,0,0,1,0,0,0,0,1,0,0,0,1,0,0,0,0,0,1,0,0,1,0,1,0,1,0,0,0,1,1,0,0,1,0,0,0,0,0,1,1,0,0,0,1,0,0,0,0,0,1,0,0,1,0,0,0,0,0,1,0,0,1,0,0,0,0,1,0,0,1,0,1,0,0,0,0,1,0,1,0,0,0,0,0,0,0,0,0,1,0,0,0,1,1,1,1,0,0,1,1,0,1,0,0,1,0,1,0,1,1,0,0,0,1,0,0,0,1,0,0,1,0,1,0,0,0,1,1,1,0,0,0,0,0,1,0,0,0,1,0,1,1,1,0,1,0,1,0,0,1,0,0,1,1,1,0,1,1,0,0,1,0,1,0,1,1,0,1,1,1,1,0,1,1,1,0,0,0,0,1,0,0,1,0,1,1,0,0,1,1,0,0,0,1,0,1,0,1,0,0,0,1
1,1,0,1,0,1,1,0,0,0,1,0,1,1,0,1,1,1,1,0,0,1,0,0,0,1,1,0,1,0,1,0,0,0,0,0,1,0,0,1,0,1,0,1,0,0,0,1,1,0,0,1,0,1,0,0,0,1,1,0,0,0,1,0,0,0,0,0,1,0,1,1,0,0,0,0,0,1,0,1,1,0,0,1,0,1,0,1,1,0,1,0,0,0,0,1,1,1,0,0,0,0,0,1,1,0,1,1,0,1,0,1,1,1,1,1,0,1,1,0,1,1,0,1,0,1,0,1,1,0,1,0,1,0,0,1,1,0,0,1,0,1,0,1,0,1,1,1,0,0,0,0,0,1,0,0,0,1,0,1,1,1,0,1,0,1,0,0,1,0,0,1,1,1,0,1,1,1,0,1,1,1,0,1,1,0,1,1,1,1,0,1,1,1,0,0,0,0,1,0,0,1,0,1,1,0,0,1,1,0,0,0,1,0,1,0,1,0,0,0,1
0,1,0,1,0,1,1,0,0,0,1,0,1,1,0,1,1,1,1,0,0,1,0,0,0,1,1,0,1,0,1,0,0,0,0,0,1,0,0,1,0,1,0,1,0,0,0,1,1,0,0,1,0,1,0,0,0,1,1,0,0,0,1,0,0,0,0,0,1,0,1,1,0,0,0,0,0,1,0,1,1,0,0,1,0,1,0,1,1,0,1,0,0,0,0,1,1,1,0,0,0,0,0,1,1,0,1,1,0,1,0,1,1,1,1,1,0,1,1,0,1,1,0,1,0,1,0,1,1,0,1,0,1,0,0,1,1,0,0,1,0,1,0,1,0,1,1,1,0,0,0,0,0,1,0,0,0,1,0,1,1,1,0,1,0,1,0,0,1,0,0,1,1,1,0,1,1,1,0,1,1,1,0,1,1,0,1,1,1,1,0,1,1,1,0,0,0,0,1,0,0,1,0,1,1,0,0,1,1,0,0,0,1,0,1,0,1,0,0,0,1
0,1,0,1,0,1,1,0,0,0,1,0,1,1,0,1,1,1,1,0,0,1,0,0,0,1,1,0,1,0,1,0,0,0,0,0,1,0,0,1,0,1,0,1,0,0,0,1,1,0,0,1,0,1,0,0,0,1,1,0,0,0,1,0,0,0,0,0,1,0,1,1,0,0,0,0,0,1,0,1,1,0,0,1,0,1,0,1,1,0,1,0,0,0,0,1,1,1,0,0,0,0,0,1,1,0,1,1,0,1,0,1,1,1,1,1,0,1,1,0,1,1,0,1,0,1,0,1,1,0,1,0,1,0,0,1,1,0,0,1,0,1,0,1,0,1,1,1,0,0,0,0,0,1,0,0,0,1,0,1,1,1,0,1,0,1,0,0,1,0,0,1,1,1,0,1,1,1,0,1,1,1,0,1,1,0,1,1,1,1,0,1,1,1,0,0,0,0,1,0,0,1,0,1,1,0,0,1,1,0,0,0,1,0,1,0,1,0,0,0,1
1,1,1,1,0,1,1,0,0,0,0,0,0,0,0,1,1,1,1,0,1,1,1,1,1,1,1,0,1,1,1,0,0,1,0,0,0,0,1,1,0,1,1,1,1,1,0,1,1,0,0,0,0,1,1,0,0,1,1,1,1,1,0,1,1,1,0,1,1,0,1,1,1,1,0,1,0,0,0,1,1,0,0,1,0,0,0,1,1,1,1,1,0,0,0,1,1,1,0,1,0,1,0,0,1,1,1,1,0,1,1,1,1,1,0,1,1,1,1,0,1,1,0,1,0,0,0,1,1,1,1,1,1,0,1,1,1,0,1,1,0,1,0,1,1,1,1,1,0,0,1,0,0,1,1,1,0,1,1,1,1,0,1,1,0,1,0,1,1,1,1,0,0,1,0,1,1,1,0,0,1,1,0,1,1,0,1,0,1,1,1,0,1,1,0,1,1,1,0,1,1,0,0,1,1,0,0,1,0,0,1,1,0,0,1,0,0,0,1,1,0
1,1,1,1,0,1,1,1,0,0,0,0,0,0,0,1,1,1,1,0,1,1,1,1,1,1,1,0,1,1,1,0,0,1,0,0,0,0,1,1,0,1,1,1,1,1,0,1,1,0,0,1,0,1,1,0,0,1,1,1,1,1,0,1,1,1,0,1,1,0,1,1,1,1,0,1,0,0,0,1,1,0,0,1,0,0,0,1,1,1,1,1,0,0,0,1,1,1,0,1,0,1,0,0,1,1,1,1,0,1,1,1,1,1,0,1,1,1,1,0,1,1,0,1,0,0,0,1,1,1,1,1,1,0,1,1,1,0,1,1,0,1,0,1,1,1,1,1,0,0,1,0,0,1,1,1,0,1,1,1,1,0,1,1,0,1,0,1,1,1,1,0,0,1,0,1,1,1,0,0,1,1,0,1,1,0,1,0,1,1,1,0,1,1,0,1,1,1,0,1,1,0,0,1,1,0,0,1,0,0,1,1,0,0,1,0,0,0,1,1,0
1,1,1,1,0,1,1,1,0,0,0,0,0,0,0,1,1,1,1,0,1,1,1,1,1,1,1,0,1,1,1,0,0,1,0,0,0,0,1,1,0,1,1,1,1,1,0,1,1,0,0,1,0,1,1,0,0,1,1,1,1,1,0,1,1,1,0,1,1,0,1,1,1,1,0,1,0,0,0,1,1,0,0,1,0,0,0,1,1,1,1,1,0,0,0,1,1,1,0,1,0,1,0,0,1,1,1,1,0,1,1,1,1,1,0,1,1,1,1,0,1,1,0,1,0,0,0,1,1,1,1,1,1,0,1,1,1,0,1,1,0,1,0,1,1,1,1,1,0,0,1,0,0,1,1,1,0,1,1,1,1,0,1,1,0,1,0,1,1,1,1,0,0,1,0,1,1,1,0,0,1,1,0,1,1,0,1,0,1,1,1,0,1,1,0,1,1,1,0,1,1,0,0,1,1,0,0,1,0,0,1,1,0,0,1,0,0,0,1,1,0
1,1,1,1,0,1,1,1,0,0,0,0,0,0,0,1,1,1,1,0,1,1,1,1,1,1,1,0,1,1,1,0,0,1,0,0,0,0,1,1,0,1,1,1,1,1,0,1,1,0,0,1,0,1,1,0,0,1,1,1,1,1,0,1,1,1,0,1,1,0,1,1,1,1,0,1,0,0,0,1,1,0,0,1,0,0,0,1,1,1,1,1,0,0,0,1,1,1,0,1,0,1,0,0,1,1,1,1,0,1,1,1,1,1,0,1,1,1,1,0,1,1,0,1,0,0,0,1,1,1,1,1,1,0,1,1,1,0,1,1,0,1,0,1,1,1,1,1,0,0,1,0,0,1,1,1,0,1,1,1,1,0,1,1,0,1,0,1,1,1,1,0,0,1,0,1,1,1,0,0,1,1,0,1,1,0,1,0,1,1,1,1,1,1,0,1,1,1,0,1,1,1,0,1,1,0,0,1,0,0,1,1,0,0,1,0,0,0,1,1,0
1,1,0,1,0,1,1,0,0,0,1,0,1,1,0,1,1,1,1,0,0,1,1,1,0,1,1,1,1,1,1,0,0,1,0,0,0,0,1,1,0,1,0,1,1,1,0,1,1,0,0,1,0,1,1,0,0,1,1,1,1,1,0,1,1,1,0,1,1,0,1,1,1,0,0,1,0,1,0,1,1,0,0,1,0,1,0,1,1,1,1,1,0,0,0,1,1,1,0,1,0,1,0,1,1,1,1,1,0,1,1,1,1,1,1,1,1,1,1,0,1,1,0,1,0,1,0,1,1,0,1,1,1,0,0,1,1,0,1,1,0,1,0,1,1,1,1,1,0,0,0,0,0,1,0,1,0,1,0,1,1,1,0,1,0,1,0,0,1,0,1,1,1,1,0,1,1,1,0,1,1,1,0,1,1,0,1,1,1,1,0,1,1,1,0,1,1,0,1,0,0,1,0,1,1,0,0,1,1,0,0,1,1,0,1,0,1,0,0,1,1
0,1,0,1,0,1,0,0,0,0,1,0,1,1,0,1,1,1,1,0,0,1,1,1,0,1,1,1,1,1,1,0,0,1,0,0,0,0,1,0,0,1,0,1,1,1,0,1,0,0,0,0,0,1,1,0,0,1,0,1,1,1,0,1,1,1,0,1,0,0,1,1,1,0,0,1,0,1,0,1,1,0,0,1,0,1,0,1,1,1,0,1,0,0,0,1,1,0,0,1,0,1,0,1,1,1,1,1,0,1,1,1,0,0,0,1,1,0,1,0,1,1,0,0,0,0,0,0,0,0,1,1,1,0,0,1,0,0,1,0,0,1,0,1,1,0,0,1,0,0,0,0,0,0,0,1,0,1,0,0,1,0,0,1,0,0,0,0,0,0,1,1,1,0,0,0,1,1,0,0,1,0,0,1,1,0,0,0,1,0,0,0,1,0,0,1,1,0,0,0,0,0,0,1,0,0,0,0,0,0,0,1,0,0,0,0,0,0,0,1,0
1,1,0,1,0,0,0,0,0,0,0,0,0,0,0,1,1,1,0,1,1,1,0,0,0,1,1,1,1,0,0,0,0,0,0,0,0,0,1,0,0,1,0,0,1,1,0,1,0,1,1,0,0,1,1,0,0,0,0,1,1,1,1,0,0,1,1,1,0,0,1,0,1,0,1,1,0,0,0,1,0,1,1,1,0,0,0,1,1,1,0,1,0,0,1,0,1,0,0,1,0,1,0,1,1,0,1,0,0,1,1,1,0,0,0,1,1,0,1,0,0,1,0,0,0,0,0,0,0,0,1,1,0,0,0,1,0,0,0,0,0,0,0,1,0,0,0,1,0,0,0,0,0,0,0,0,0,0,0,0,1,0,0,1,0,0,0,0,0,0,0,0,0,0,0,0,1,1,0,0,1,0,0,0,0,0,0,0,0,0,0,0,0,0,0,1,0,0,0,0,0,0,0,0,0,0,0,0,0,0,0,1,0,0,0,0,0,0,0,1,0
1,1,0,1,0,0,0,0,0,0,0,0,0,0,0,1,1,1,0,1,1,1,0,0,0,1,1,1,1,0,0,0,0,0,0,0,0,0,1,0,0,1,0,0,1,1,0,1,0,1,1,0,0,1,1,0,0,0,0,1,1,1,1,0,0,1,1,1,0,0,1,0,1,0,1,1,0,0,0,1,0,1,1,1,0,0,0,1,1,1,0,1,0,0,1,0,1,0,0,1,0,1,0,1,1,0,1,0,0,1,1,1,0,0,0,1,1,0,1,0,0,1,0,0,0,0,0,0,0,0,1,1,0,0,0,1,0,0,0,0,0,0,0,1,0,0,0,1,0,0,0,0,0,0,0,0,0,0,0,0,1,0,0,1,0,0,0,0,0,0,0,0,0,0,0,0,1,1,0,0,1,0,0,0,0,0,0,0,0,0,0,0,0,0,0,1,0,0,0,0,0,0,0,0,0,0,0,0,0,0,0,1,0,0,0,0,0,0,0,1,0
1,1,0,1,0,0,0,0,0,0,0,0,0,0,0,1,1,1,0,1,1,1,0,0,0,1,1,1,1,0,0,0,0,0,0,0,0,0,1,0,0,1,0,0,1,1,0,1,0,1,1,0,0,1,1,0,0,0,0,1,1,1,1,0,0,1,1,1,0,0,1,0,1,0,1,1,0,0,0,1,0,1,1,1,0,0,0,1,1,1,0,1,0,0,1,0,1,0,0,1,0,1,0,1,1,0,1,0,0,1,1,1,0,0,0,1,1,0,1,0,0,1,0,0,0,0,0,0,0,0,1,1,0,0,0,1,0,0,0,0,0,0,0,1,0,0,0,1,0,0,0,0,0,0,0,0,0,0,0,0,1,0,0,1,0,0,0,0,0,0,0,0,0,0,0,0,1,1,0,0,1,0,0,0,0,0,0,0,0,0,0,0,0,0,0,1,0,0,0,0,0,0,0,0,0,0,0,0,0,0,0,1,0,0,0,0,0,0,0,1,0
0,1,0,1,0,0,0,0,0,0,0,0,0,0,0,1,1,1,0,1,1,1,0,0,0,1,1,1,1,0,0,0,0,0,0,0,0,0,1,0,0,1,0,0,1,1,0,1,0,1,1,0,0,1,1,0,0,0,0,1,1,1,1,0,0,1,1,1,0,0,1,0,1,0,1,1,0,0,0,1,0,1,1,1,0,0,0,1,1,1,0,1,0,0,1,0,1,0,0,1,0,1,0,1,1,0,1,0,0,1,1,1,0,0,0,1,1,0,1,0,0,1,0,0,0,0,0,0,0,0,1,1,0,0,0,1,0,0,0,0,0,0,0,1,0,0,0,1,0,0,0,0,0,0,0,0,0,0,0,0,1,0,0,1,0,0,0,0,0,0,0,0,0,0,0,0,1,1,0,0,1,0,0,0,0,0,0,0,0,0,0,0,0,0,0,1,0,0,0,0,0,0,0,0,0,0,0,0,0,0,0,1,0,0,0,0,0,0,0,1,0
0,1,0,1,0,0,0,0,0,0,0,0,0,0,0,1,1,1,0,1,1,1,0,0,0,1,1,1,1,0,0,0,0,0,0,0,0,0,1,0,0,1,0,0,1,1,0,1,0,1,1,0,0,1,1,0,0,0,0,1,1,1,1,0,0,1,1,1,0,0,1,0,1,0,1,1,0,0,0,1,0,1,1,1,0,0,0,1,1,1,0,1,0,0,1,0,1,0,0,1,0,1,0,1,1,0,1,0,0,1,1,1,0,0,0,1,1,0,1,0,0,1,0,0,0,0,0,0,0,0,1,1,0,0,0,1,0,0,0,0,0,0,0,1,0,0,0,1,0,0,0,0,0,0,0,0,0,0,0,0,1,0,0,1,0,0,0,0,0,0,0,0,0,0,0,0,1,1,0,0,1,0,0,0,0,0,0,0,0,0,0,0,0,0,0,1,0,0,0,0,0,0,0,0,0,0,0,0,0,0,0,1,0,0,0,0,0,0,0,1,0
0,1,0,1,0,0,0,0,0,0,0,0,0,0,0,1,1,1,0,1,1,1,0,0,0,1,1,1,1,0,0,0,0,0,0,0,0,0,1,0,0,1,0,0,1,1,0,1,0,1,1,0,0,1,1,0,0,0,0,1,1,1,1,0,0,1,1,1,0,0,1,0,1,0,1,1,0,0,0,1,0,1,1,1,0,0,0,1,1,1,0,1,0,0,1,0,1,0,0,1,0,1,0,1,1,0,1,0,0,1,1,1,0,0,0,1,1,0,1,0,0,1,0,0,0,0,0,0,0,0,1,1,0,0,0,1,0,0,0,0,0,0,0,1,0,0,0,1,0,0,0,0,0,0,0,0,0,0,0,0,1,0,0,1,0,0,0,0,0,0,0,0,0,0,0,0,1,1,0,0,1,0,0,0,0,0,0,0,0,0,0,0,0,0,0,1,0,0,0,0,0,0,0,0,0,0,0,0,0,0,0,1,0,0,0,0,0,0,0,1,0
1,1,0,1,0,0,0,0,0,0,0,0,0,0,0,1,1,1,0,1,1,1,0,0,0,1,1,1,1,0,0,0,0,0,0,0,0,0,0,0,0,1,0,0,0,1,0,1,0,1,1,0,0,1,0,0,0,0,0,1,0,1,1,0,0,1,1,1,0,0,1,0,0,0,1,0,0,0,0,1,0,1,1,1,0,0,0,1,1,1,0,1,0,0,1,0,1,0,0,1,0,1,0,1,1,0,1,0,0,1,1,1,0,0,0,1,1,0,1,0,0,1,0,0,0,0,0,0,0,0,1,1,0,0,0,1,0,0,0,0,0,0,0,1,0,0,0,1,0,0,0,0,0,0,0,0,0,0,0,0,1,0,0,1,0,0,0,0,0,0,0,0,0,0,0,0,1,1,0,0,1,0,0,0,0,0,0,0,0,0,0,0,0,0,0,1,0,0,0,0,0,0,0,0,0,0,1,0,0,1,0,0,0,0,0,0,0,1,0,0,0
1,1,0,1,0,0,0,0,0,0,0,0,0,0,0,1,1,1,0,1,1,1,0,0,0,1,1,1,1,0,0,0,0,0,0,0,0,0,0,0,0,1,0,0,0,1,0,1,0,1,1,0,0,1,0,0,0,0,0,1,0,1,1,0,0,1,1,1,0,0,1,0,0,0,1,0,0,0,0,1,0,1,1,1,0,0,0,1,1,1,0,1,0,0,1,0,1,0,0,1,0,1,0,1,1,0,1,0,0,1,1,1,0,0,0,1,1,0,1,0,0,1,0,0,0,0,0,0,0,0,1,1,0,0,0,1,0,0,0,0,0,0,0,1,0,0,0,1,0,0,0,0,0,0,0,0,0,0,0,0,1,0,0,1,0,0,0,0,0,0,0,0,0,0,0,0,1,1,0,0,1,0,0,0,0,0,0,0,0,0,0,0,0,0,0,1,0,0,0,0,0,0,0,0,0,0,1,0,0,1,0,0,0,0,0,0,0,1,0,0,0
0,1,0,1,0,0,0,0,0,0,0,0,0,0,0,1,1,1,0,1,1,1,0,0,0,1,1,1,1,0,0,0,0,0,0,0,0,0,0,0,0,1,0,0,0,1,0,1,0,1,1,0,0,1,0,0,0,0,0,1,0,1,1,0,0,1,1,1,0,0,1,0,0,0,1,0,0,0,0,1,0,1,1,1,0,0,0,1,1,1,0,1,0,0,1,0,1,0,0,1,0,1,0,1,1,0,1,0,0,1,1,1,0,0,0,1,1,0,1,0,0,1,0,0,0,0,0,0,0,0,1,1,0,0,0,1,0,0,0,0,0,0,0,1,0,0,0,1,0,0,0,0,0,0,0,0,0,0,0,0,1,0,0,1,0,0,0,0,0,0,0,0,0,0,0,0,1,1,0,0,1,0,0,0,0,0,0,0,0,0,0,0,0,0,0,1,0,0,0,0,0,0,0,0,0,0,1,0,0,1,0,0,0,0,0,0,0,1,0,0,0
0,1,0,1,0,0,0,0,0,0,0,0,0,0,0,1,1,1,0,1,1,1,0,0,0,1,1,1,1,0,0,0,0,0,0,0,0,0,0,0,0,1,0,0,0,1,0,1,0,1,1,0,0,1,0,0,0,0,0,1,0,1,1,0,0,1,1,1,0,0,1,0,0,0,1,0,0,0,0,1,0,1,1,1,0,0,0,1,1,1,0,1,0,0,1,0,1,0,0,1,0,1,0,1,1,0,1,0,0,1,1,1,0,0,0,1,1,0,1,0,0,1,0,0,0,0,0,0,0,0,1,1,0,0,0,1,0,0,0,0,0,0,0,1,0,0,0,1,0,0,0,0,0,0,0,0,0,0,0,0,1,0,0,1,0,0,0,0,0,0,0,0,0,0,0,0,1,1,0,0,1,0,0,0,0,0,0,0,0,0,0,0,0,0,0,1,0,0,0,0,0,0,0,0,0,0,1,0,0,1,0,0,0,0,0,0,0,1,0,0,0
0,1,0,1,0,0,0,0,0,0,0,0,0,0,0,1,1,1,0,1,1,1,0,0,0,1,1,1,1,0,0,0,0,0,0,0,0,0,0,0,0,1,0,0,0,1,0,1,0,1,1,0,0,1,0,0,0,0,0,1,0,1,1,0,0,1,1,1,0,0,1,0,0,0,1,0,0,0,0,1,0,1,1,1,0,0,0,1,1,1,0,1,0,0,1,0,1,0,0,1,0,1,0,1,1,0,1,0,0,1,1,1,0,0,0,1,1,0,1,0,0,1,0,0,0,0,0,0,0,0,1,1,0,0,0,1,0,0,0,0,0,0,0,1,0,0,0,1,0,0,0,0,0,0,0,0,0,0,0,0,1,0,0,1,0,0,0,0,0,0,0,0,0,0,0,0,1,1,0,0,1,0,0,0,0,0,0,0,0,0,0,0,0,0,0,1,0,0,0,0,0,0,0,0,0,0,1,0,0,1,0,0,0,0,0,0,0,1,0,0,0
0,1,0,0,0,1,1,0,0,0,1,0,0,1,0,0,0,1,1,0,0,1,1,0,0,1,1,0,0,0,1,0,0,0,0,1,0,0,0,1,0,0,1,1,0,0,0,0,1,0,0,1,0,0,0,0,0,1,1,1,0,0,0,0,0,0,0,0,1,0,0,1,0,1,0,0,0,0,0,0,1,0,0,0,0,0,0,0,0,0,1,0,0,0,0,1,0,1,0,0,0,0,0,0,0,0,0,1,0,0,0,0,1,0,0,0,0,1,0,0,1,0,0,1,0,0,0,1,1,0,0,0,1,0,1,0,1,0,0,1,0,1,0,0,0,1,1,0,0,0,1,0,0,1,1,0,0,1,1,1,0,0,1,0,0,1,0,0,1,1,0,0,0,1,0,1,0,0,0,0,0,1,0,1,1,0,1,0,1,1,0,0,1,1,0,1,1,1,1,0,0,0,0,1,1,1,1,0,0,1,0,0,0,1,0,1,1,1,1,0,0
0,1,0,0,0,1,1,0,0,0,1,0,0,1,0,0,0,1,1,0,0,1,1,0,0,1,1,0,1,0,1,0,0,0,0,0,0,0,0,1,0,0,1,1,0,0,0,0,1,0,0,1,0,0,0,0,0,1,1,1,0,0,0,0,0,0,0,0,1,0,0,1,0,1,0,0,0,0,0,0,1,0,0,0,0,0,0,0,0,0,1,0,0,0,0,1,0,1,0,0,0,0,0,0,0,0,0,1,0,0,0,0,1,0,0,0,0,1,0,0,1,0,0,1,0,0,0,1,1,0,0,0,1,0,1,0,1,0,0,1,0,1,0,0,0,1,1,0,0,0,1,0,0,1,1,0,0,1,1,1,0,0,1,0,0,1,0,0,1,1,0,0,0,1,0,1,0,0,0,0,0,1,0,1,1,0,1,0,1,1,0,0,1,1,0,1,1,1,1,0,0,0,0,1,1,0,1,0,0,1,0,0,0,1,0,1,1,1,1,0,0
0,1,0,0,0,1,1,0,0,0,1,0,0,0,0,0,0,1,1,0,0,1,0,0,0,0,1,0,0,0,1,0,0,0,0,0,1,0,0,1,0,0,1,1,0,0,0,0,1,0,0,1,0,0,0,0,0,0,0,1,0,0,0,0,0,0,0,0,1,0,0,1,0,1,0,0,0,0,0,0,1,0,0,0,0,0,0,0,0,0,1,0,0,0,0,1,0,1,0,0,0,0,0,0,0,0,0,1,0,0,0,0,0,0,0,0,0,1,0,0,1,0,0,0,0,0,0,1,1,0,0,0,1,0,0,0,0,0,0,1,0,1,0,0,0,1,0,0,0,0,1,0,0,1,0,0,0,1,0,0,0,0,0,0,0,1,0,0,1,0,0,0,0,0,0,1,0,0,0,0,0,1,0,1,0,0,1,0,1,1,0,0,1,1,0,1,1,1,1,0,0,0,0,1,0,0,1,0,0,1,0,0,0,1,0,1,0,1,0,0,0
0,0,0,0,0,1,0,0,0,0,1,0,1,1,0,0,0,1,1,0,0,0,0,0,0,1,1,0,1,0,1,0,0,0,0,0,0,0,1,0,0,0,0,1,0,0,0,0,0,0,0,0,0,1,1,0,0,1,0,0,0,0,0,0,0,1,0,0,0,0,1,1,1,0,0,1,0,1,0,1,1,0,0,1,0,1,0,1,1,1,0,1,0,0,0,1,1,0,0,1,0,1,0,0,1,0,1,1,0,1,1,0,0,0,0,1,1,0,1,0,1,1,0,0,0,0,0,0,0,0,1,0,1,0,0,1,0,0,0,0,0,1,0,1,0,0,0,1,0,0,0,0,0,0,0,0,0,1,0,0,1,0,0,1,0,0,0,0,0,0,0,1,0,0,0,0,1,1,0,0,1,0,0,1,1,0,0,0,1,0,0,0,1,0,0,0,0,0,0,0,0,0,0,1,0,0,0,0,0,0,0,0,0,0,0,0,0,0,0,0,0
0,1,0,1,0,1,1,1,0,0,1,0,1,1,0,1,1,1,1,0,0,1,0,0,0,1,1,0,1,0,1,0,0,0,0,0,0,0,1,1,0,1,1,1,0,0,0,1,1,0,0,1,0,1,1,0,0,1,1,0,0,0,1,0,0,1,0,0,1,0,1,1,1,0,0,1,0,1,0,1,1,0,0,1,0,1,0,1,1,1,1,1,0,0,0,1,1,1,0,1,0,1,0,0,1,0,1,1,0,1,1,1,1,1,1,1,1,1,1,0,1,1,0,1,0,1,0,1,1,0,1,0,1,0,0,1,1,0,0,1,0,1,0,1,0,1,1,1,0,0,1,0,0,1,1,0,0,1,0,1,1,1,1,1,0,1,0,0,1,0,0,1,0,1,0,1,1,1,0,1,1,1,0,1,1,0,1,1,1,1,0,1,1,1,0,0,0,0,1,0,0,1,0,1,1,0,0,1,1,0,0,0,1,0,1,0,1,0,0,0,1
0,1,0,1,0,1,1,1,0,0,1,0,1,1,0,1,1,1,1,0,0,1,0,0,0,1,1,0,1,0,1,0,0,0,0,0,0,0,1,1,0,1,1,1,0,0,0,1,1,0,0,1,0,1,1,0,0,1,1,0,0,0,1,0,0,1,0,0,1,0,1,1,1,0,0,1,0,1,0,1,1,0,0,1,0,1,0,1,1,1,1,1,0,0,0,1,1,1,0,1,0,1,0,0,1,0,1,1,0,1,1,1,1,1,1,1,1,1,1,0,1,1,0,1,0,1,0,1,1,0,1,0,1,0,0,1,1,0,0,1,0,1,0,1,0,1,1,1,0,0,1,0,0,1,1,0,0,1,0,1,1,1,1,1,0,1,1,0,1,0,0,1,0,1,0,1,1,1,0,1,1,1,0,1,1,0,1,1,1,1,0,1,1,1,0,0,0,0,1,0,0,1,0,1,1,0,0,1,1,0,0,0,1,0,1,0,1,0,0,0,1
0,1,0,1,0,1,1,1,0,0,1,0,1,1,0,1,1,1,1,0,0,1,0,0,0,1,1,0,1,0,1,0,0,0,0,0,0,0,1,1,0,1,1,1,0,0,0,1,1,0,0,1,0,1,1,0,0,1,1,0,0,0,1,0,0,1,0,0,1,0,1,1,1,0,0,1,0,1,0,1,1,0,0,1,0,1,0,1,1,1,1,1,0,0,0,1,1,1,0,1,0,1,0,0,1,0,1,1,0,1,1,1,1,1,1,1,1,1,1,0,1,1,0,1,1,1,0,1,1,0,1,0,1,0,0,1,1,0,0,1,0,1,0,1,0,1,1,1,0,0,1,1,0,1,1,0,0,1,0,1,1,1,1,1,0,1,0,0,1,0,0,1,0,1,0,1,1,1,1,1,1,1,0,1,1,0,1,1,1,1,0,1,1,1,0,0,0,0,1,0,0,1,0,1,1,0,0,1,1,0,0,0,1,0,1,0,1,0,0,0,1
0,1,0,1,0,1,1,0,0,0,1,0,1,1,0,1,1,1,1,0,0,1,0,0,0,1,1,0,1,0,1,0,0,0,0,0,0,0,1,1,0,1,0,1,0,0,0,1,1,0,0,1,0,1,1,0,0,1,1,0,0,0,1,0,0,1,0,0,1,0,1,1,1,0,0,1,0,1,0,1,1,0,0,1,0,1,0,1,1,1,1,1,0,0,0,1,1,1,0,1,0,1,0,0,1,0,1,1,0,1,1,1,1,1,1,1,1,1,1,0,1,1,0,1,0,1,0,1,1,0,1,0,1,0,0,1,1,0,0,1,0,1,0,1,0,1,1,1,0,0,0,0,0,1,0,0,0,1,0,1,1,1,0,1,0,1,0,0,1,0,0,1,0,1,0,1,1,1,0,1,1,1,0,1,1,0,1,1,1,1,0,1,1,1,0,1,0,0,1,0,0,1,0,1,1,0,0,1,1,0,0,0,1,0,1,0,1,0,0,0,1
0,1,0,1,0,1,1,0,0,0,1,0,1,1,1,0,0,1,1,0,0,0,0,0,0,1,1,0,1,0,1,0,0,0,0,0,0,0,1,1,0,1,0,1,0,0,0,1,1,0,0,1,0,1,1,0,0,1,1,0,0,0,1,0,0,1,0,0,1,0,1,1,1,0,0,1,0,1,0,1,1,0,0,1,0,1,0,1,1,1,1,1,0,0,0,1,1,1,0,1,0,1,0,0,1,0,1,1,0,1,1,1,1,1,1,1,1,1,1,0,1,1,0,1,0,1,0,1,1,0,1,0,1,0,0,1,1,0,0,1,0,1,0,1,0,1,1,1,0,0,0,0,0,1,0,0,0,1,0,1,1,1,0,1,0,1,0,0,1,0,0,1,0,1,0,1,1,1,0,1,1,1,0,1,1,0,1,1,1,1,0,1,1,1,0,1,0,0,1,0,0,1,0,1,1,0,0,1,1,0,0,0,1,0,1,0,1,0,0,0,1
0,1,0,1,0,1,1,0,0,0,1,0,1,1,0,0,0,1,1,0,0,1,1,0,0,1,1,0,1,1,1,0,0,0,0,0,0,0,1,1,0,1,0,1,0,0,0,1,1,0,0,1,0,1,1,0,0,1,1,0,0,0,1,0,0,1,0,0,1,0,1,1,1,0,0,1,0,1,0,1,1,0,0,1,0,1,0,1,1,1,1,1,0,0,0,1,1,1,0,1,0,1,0,0,1,0,1,1,0,1,1,1,1,1,1,1,1,1,1,0,1,1,0,1,0,1,0,1,1,0,1,0,1,0,0,1,1,0,0,1,0,1,0,1,0,1,1,1,0,0,0,0,0,1,0,0,0,1,0,1,1,1,0,1,0,1,0,0,1,0,0,1,0,1,0,1,1,1,0,1,1,1,0,1,1,0,1,1,1,1,0,1,1,1,0,0,0,0,1,0,0,1,0,1,1,0,0,1,1,0,0,0,1,0,1,0,1,0,0,0,1
1,1,1,1,1,1,1,1,0,0,0,0,0,0,0,1,1,1,1,1,1,1,1,1,1,1,1,1,1,1,1,0,0,1,0,0,0,1,1,0,0,1,1,1,1,1,0,1,1,0,0,1,0,1,1,0,1,0,0,1,1,1,1,1,1,1,0,1,1,0,1,1,1,0,0,1,0,1,1,1,1,0,0,1,0,1,1,1,1,1,0,1,0,0,0,0,1,0,0,1,0,1,0,0,1,1,1,1,1,1,1,1,0,0,0,1,1,1,1,0,0,1,0,0,1,0,1,1,1,0,1,1,1,0,0,1,0,0,1,1,0,0,0,1,1,1,0,1,1,1,1,1,0,1,0,1,0,0,0,0,1,0,0,1,0,1,0,0,1,0,1,1,1,0,0,1,1,1,1,0,1,1,0,0,0,0,1,0,1,1,0,0,1,0,1,1,1,1,0,0,0,0,0,1,0,0,0,0,0,0,0,1,0,0,0,0,0,0,0,1,0
0,1,0,1,0,1,1,0,0,0,1,0,1,1,0,1,1,1,1,0,0,1,0,0,0,1,1,0,1,0,1,0,0,0,0,0,0,0,1,1,0,1,0,1,0,0,0,1,1,0,0,1,0,1,1,0,0,1,1,0,0,0,1,0,0,1,0,0,1,0,1,1,1,0,0,1,0,1,0,1,1,0,0,1,0,1,0,1,1,1,1,1,0,0,0,1,1,1,0,1,0,1,0,0,1,0,1,1,0,1,1,1,1,1,1,1,1,1,1,0,1,1,0,1,0,1,0,1,1,0,1,0,1,0,0,1,1,0,0,1,0,1,0,1,0,1,1,1,0,0,0,0,0,1,0,0,0,1,0,1,1,1,0,1,0,1,0,0,1,0,0,1,0,1,0,1,1,1,0,1,1,1,0,1,1,0,1,1,1,1,0,1,1,1,0,0,0,0,1,0,0,1,0,1,1,0,0,1,1,0,0,0,1,0,1,0,1,0,0,0,1
0,1,0,1,0,1,1,0,0,0,1,0,1,1,1,0,0,1,1,0,0,0,0,0,0,1,1,0,1,0,1,0,0,0,0,0,0,0,1,1,0,1,0,1,0,0,0,1,1,0,0,1,0,1,1,0,0,1,1,0,0,0,1,0,0,1,0,0,1,0,1,1,1,0,0,1,0,1,0,1,1,0,0,1,0,1,0,1,1,1,1,1,0,0,0,1,1,1,0,1,0,1,0,0,1,0,1,1,0,1,1,1,1,1,1,1,1,1,1,0,1,1,0,1,0,1,0,1,1,0,1,0,1,0,0,1,1,0,0,1,0,1,0,1,0,1,1,1,0,0,0,0,0,1,0,0,0,1,0,1,1,1,0,1,0,1,0,0,1,0,0,1,0,1,0,1,1,1,0,1,1,1,0,1,1,0,1,1,1,1,0,1,1,1,0,0,0,0,1,0,0,1,0,1,1,0,0,1,1,0,0,0,1,0,1,0,1,0,0,0,1
0,1,0,1,0,1,1,0,0,0,1,0,1,1,0,1,1,1,1,0,0,1,0,0,0,1,1,0,1,0,1,0,0,0,0,0,0,0,1,1,0,1,1,1,0,0,0,1,1,0,0,0,0,1,1,0,0,1,1,0,0,0,1,0,0,1,0,0,1,0,1,1,1,0,0,1,0,1,0,1,1,0,0,1,0,1,0,1,1,1,1,1,0,0,0,1,1,1,0,1,0,1,0,0,1,0,1,1,0,1,1,1,1,1,0,1,1,1,1,0,1,1,0,1,1,0,0,1,1,0,1,0,1,0,0,1,1,0,0,1,0,1,0,1,0,1,1,1,0,0,1,1,0,1,1,0,0,1,0,1,1,0,1,1,0,1,0,0,1,0,0,1,0,1,0,1,1,1,1,0,1,1,0,1,1,0,1,1,1,1,0,0,1,0,0,0,0,0,0,0,0,0,0,1,0,0,0,0,0,0,0,0,0,0,0,0,0,0,0,0,0
0,1,0,1,0,1,0,0,0,0,1,0,1,1,1,0,0,1,1,0,0,0,0,0,0,1,1,0,1,0,1,0,0,0,0,0,0,0,1,0,0,1,0,1,0,0,0,1,0,0,0,0,0,1,1,0,0,1,0,0,0,0,1,0,0,1,0,0,0,0,1,1,1,0,0,1,0,1,0,1,1,0,0,1,0,1,0,1,1,1,0,1,0,0,0,1,1,0,0,1,0,1,0,0,1,0,1,1,0,1,1,1,0,0,0,1,1,0,1,0,1,1,0,0,0,0,0,0,0,0,1,0,1,0,0,1,0,0,0,0,0,1,0,1,0,0,0,1,0,0,0,0,0,0,0,0,0,1,0,0,1,0,0,1,0,0,0,0,0,0,0,1,0,0,0,0,1,1,0,0,1,0,0,1,1,0,0,0,1,0,0,0,1,0,0,1,0,0,0,0,0,0,0,1,0,0,0,0,0,0,0,0,0,0,0,0,0,0,0,0,0
0,1,0,1,0,1,0,0,0,0,1,0,1,1,0,1,1,1,1,0,0,1,0,0,0,1,1,0,1,0,1,0,0,0,0,0,0,0,1,0,0,1,0,1,0,0,0,1,0,0,0,0,0,1,1,0,0,1,0,0,0,0,1,0,0,1,0,0,0,0,1,1,1,0,0,1,0,1,0,1,1,0,0,1,0,1,0,1,1,1,0,1,0,0,0,1,1,0,0,1,0,1,0,0,1,0,1,1,0,1,1,1,0,0,0,1,1,0,1,0,1,1,0,0,0,0,0,0,0,0,1,0,1,0,0,1,0,0,0,0,0,1,0,1,0,0,0,1,0,0,0,0,0,0,0,0,0,1,0,0,1,0,0,1,0,0,0,0,0,0,0,1,0,0,0,0,1,1,0,0,1,0,0,1,1,0,0,0,1,0,0,0,1,0,0,0,0,0,0,0,0,0,0,1,0,0,0,0,0,0,0,0,0,0,0,0,0,0,0,0,0
1,1,1,1,1,1,1,1,0,0,1,0,1,1,1,1,1,1,1,0,0,1,1,1,1,0,1,0,1,1,1,0,0,1,0,1,1,0,1,1,0,1,0,1,0,0,0,1,0,0,0,1,0,1,1,0,0,0,0,0,0,0,1,1,1,0,0,0,0,0,0,1,0,1,0,1,0,1,0,0,1,0,0,1,0,1,0,0,1,0,0,0,0,0,0,0,1,0,0,1,0,0,0,0,0,0,0,1,1,0,0,1,0,0,0,1,1,0,1,0,1,0,0,0,0,0,1,0,0,0,0,0,1,1,0,1,0,0,1,0,0,1,0,1,0,0,0,1,1,0,0,0,0,0,0,0,0,0,0,0,1,0,0,1,0,0,0,0,0,0,1,1,1,0,0,0,1,1,0,0,1,0,0,1,1,0,0,0,1,0,0,0,1,0,1,1,1,0,0,0,0,0,0,1,0,1,1,0,0,0,0,1,0,0,0,0,0,0,0,1,0
1,1,1,1,1,1,1,1,0,0,1,0,1,1,1,1,1,1,1,0,0,1,1,1,1,0,1,0,1,1,1,0,0,1,0,1,1,0,1,1,0,1,0,1,0,0,0,1,0,0,0,1,0,1,1,0,0,0,0,1,0,0,1,1,1,0,0,0,0,0,0,1,0,1,0,1,0,1,0,0,1,0,0,1,0,1,0,0,1,0,0,0,0,0,0,0,1,0,0,1,0,0,0,0,0,0,0,1,1,0,0,1,0,0,0,1,1,0,1,0,1,0,0,0,0,0,1,0,0,0,0,0,1,1,0,1,0,0,1,0,0,1,0,1,0,0,0,1,1,0,0,0,0,0,0,0,0,0,0,0,1,0,0,1,0,0,0,0,0,0,1,1,1,0,0,0,1,1,0,0,1,0,0,1,1,0,0,0,1,0,0,0,1,0,1,1,1,0,0,0,0,0,0,1,0,1,1,0,0,1,0,1,0,0,0,1,0,1,0,1,0
1,1,1,1,1,1,1,1,0,1,1,0,1,1,1,1,1,1,1,0,0,1,1,1,1,0,1,0,1,1,1,0,1,1,0,1,1,0,1,1,1,1,0,1,0,0,1,1,0,0,0,1,0,1,1,0,0,0,0,0,0,0,1,1,1,0,0,0,0,0,0,1,0,1,0,1,0,1,0,0,1,0,0,1,0,1,0,0,1,0,0,0,0,0,0,0,1,0,1,1,1,0,0,0,0,0,0,1,1,0,0,1,0,0,0,1,1,0,1,1,1,0,0,0,0,0,1,0,0,0,0,0,1,1,0,1,0,1,1,0,0,1,1,1,0,0,0,1,1,0,0,0,0,0,0,0,0,0,0,0,1,0,0,1,0,0,0,0,0,0,1,1,1,0,0,0,1,1,0,0,1,0,0,1,1,0,0,0,1,0,0,0,1,0,1,1,1,0,0,0,0,0,0,1,0,1,1,0,0,0,0,1,0,0,0,0,0,0,0,1,0
1,1,1,1,1,1,1,1,0,0,1,0,1,1,1,1,1,1,1,0,0,1,1,1,1,0,1,0,1,1,1,0,0,1,0,1,1,0,1,1,0,1,0,1,0,0,0,1,0,0,0,1,0,1,1,0,0,0,0,0,0,0,1,1,1,0,0,0,0,0,0,1,0,1,0,1,0,1,0,0,1,0,0,1,0,1,0,0,1,0,0,0,0,0,0,0,1,0,0,1,0,0,0,0,0,0,0,1,1,0,0,1,0,0,0,1,1,0,1,0,1,0,0,0,0,0,1,0,0,0,0,0,1,1,0,1,0,0,1,0,0,1,0,1,0,0,0,1,1,0,0,0,0,0,0,0,0,0,0,0,1,0,0,1,0,0,0,0,0,0,1,1,1,0,0,0,1,1,0,0,1,0,0,1,1,0,0,0,1,0,0,0,1,0,1,1,1,0,0,0,0,0,0,1,0,1,1,0,0,0,0,1,0,1,0,0,0,0,0,1,0
1,1,1,1,1,1,1,1,0,1,1,0,1,1,1,1,1,1,1,0,0,1,1,1,1,0,1,0,1,1,1,0,1,1,0,1,1,0,1,1,1,1,0,1,0,0,1,1,0,0,0,1,0,1,1,0,0,0,0,0,0,0,1,1,1,0,0,0,0,0,0,1,0,1,0,1,0,1,0,0,1,0,0,1,0,1,0,0,1,0,0,0,0,0,0,0,1,0,1,1,1,0,0,0,0,0,0,1,1,0,0,1,0,0,0,1,1,0,1,1,1,0,0,0,0,0,1,0,0,0,0,0,1,1,0,1,0,1,1,0,0,1,1,1,0,0,0,1,1,0,0,0,0,0,0,0,0,0,0,0,1,0,0,1,0,0,0,0,0,0,1,1,1,0,0,0,1,1,0,0,1,0,0,1,1,0,0,0,1,0,0,0,1,0,1,1,1,0,0,0,0,0,0,1,0,1,1,0,0,0,0,1,0,0,0,0,0,0,0,1,0
1,1,1,1,1,1,1,1,0,0,1,0,1,1,1,1,1,1,1,0,0,1,1,1,1,0,1,0,1,1,1,0,0,1,0,1,1,0,1,1,0,1,0,1,0,0,0,1,0,0,0,1,0,1,1,0,0,0,0,0,0,0,1,1,1,0,0,0,0,0,0,1,0,1,0,1,0,1,0,0,1,0,0,1,0,1,0,0,1,0,0,0,0,0,0,0,1,0,0,1,0,0,0,0,0,0,0,1,1,0,0,1,0,0,0,1,1,0,1,0,1,0,0,0,0,0,1,0,0,0,0,0,1,1,0,1,0,0,1,0,0,1,0,1,0,0,0,1,1,0,0,0,0,0,0,0,0,0,0,0,1,0,0,1,0,0,0,0,0,0,1,1,1,0,0,0,1,1,0,0,1,0,0,1,1,0,0,0,1,0,0,0,1,0,1,1,1,0,0,0,0,0,0,1,0,1,1,0,0,0,0,1,0,0,0,0,0,0,0,1,0
1,1,1,1,1,1,1,1,0,0,1,0,1,1,1,1,1,1,1,0,0,1,1,1,1,0,1,0,1,1,1,0,0,1,0,1,1,0,1,1,0,1,0,1,0,0,0,1,0,0,0,1,0,1,1,0,0,0,0,0,0,0,1,1,1,0,0,0,0,0,0,1,0,1,0,1,0,1,0,0,1,0,0,1,0,1,0,0,1,0,0,0,0,0,0,0,1,0,0,1,0,0,0,0,0,0,0,1,1,0,0,1,0,0,0,1,1,0,1,0,1,0,0,0,0,0,1,0,0,0,0,0,1,1,0,1,0,0,1,0,0,1,0,1,0,0,0,1,1,0,0,0,0,0,0,0,0,0,0,0,1,0,0,1,0,0,0,0,0,0,1,1,1,0,0,0,1,1,0,0,1,0,0,1,1,0,0,0,1,0,0,0,1,0,1,1,1,0,0,0,0,0,0,1,0,1,1,0,0,0,0,1,0,0,0,0,0,0,0,1,0
1,1,1,1,1,1,1,1,0,1,1,0,1,1,1,1,1,1,1,0,0,1,1,1,1,0,1,0,1,1,1,0,1,1,0,1,1,0,1,1,1,1,0,1,0,0,1,1,0,0,0,1,0,1,1,0,0,0,0,0,0,0,1,1,1,0,0,0,0,0,0,1,0,1,0,1,0,1,0,0,1,0,0,1,0,1,0,0,1,0,0,0,0,0,0,0,1,0,1,1,1,0,0,0,0,0,0,1,1,0,0,1,0,0,0,1,1,0,1,1,1,0,0,0,0,0,1,0,0,0,0,0,1,1,0,1,0,1,1,0,0,1,1,1,0,0,0,1,1,0,0,0,0,0,0,0,0,0,0,0,1,0,0,1,0,0,0,0,0,0,1,1,1,0,0,0,1,1,0,0,1,0,0,1,1,0,0,0,1,0,0,0,1,0,1,1,1,0,0,0,0,0,0,1,0,1,1,0,0,0,0,1,0,0,0,0,0,0,0,1,0
1,1,1,1,1,1,1,1,0,0,1,0,1,1,1,1,1,1,1,0,0,1,1,1,1,0,1,0,1,1,1,0,0,1,0,1,1,0,1,1,0,1,0,1,0,0,0,1,1,0,0,1,0,1,1,0,0,1,1,0,0,0,1,1,1,0,0,0,1,0,0,1,0,1,0,1,0,1,0,0,1,0,0,1,0,1,0,0,1,0,1,0,0,0,0,0,1,1,0,1,0,0,0,0,0,0,0,1,1,0,0,1,1,1,0,1,1,1,1,0,1,0,0,1,0,0,1,1,1,0,0,0,1,1,0,1,1,0,1,1,0,1,0,1,0,1,1,1,1,0,0,0,0,1,0,0,0,0,0,1,1,0,0,1,0,1,0,0,1,0,1,1,1,1,0,1,1,1,0,0,1,1,0,1,1,0,1,1,1,1,0,1,1,1,1,1,1,1,1,0,0,1,1,1,1,1,1,0,0,0,1,1,0,0,0,0,0,0,1,1,0
1,1,1,1,1,1,1,1,0,0,1,0,1,1,1,1,1,1,1,0,0,1,1,1,1,0,1,0,1,1,1,0,0,1,0,1,1,0,1,1,0,1,0,1,0,0,0,1,0,0,0,1,0,1,1,0,0,0,0,0,0,0,1,1,1,0,0,0,0,0,0,1,0,1,0,1,0,1,0,0,1,0,0,1,0,1,0,0,1,0,0,0,0,0,0,0,1,0,0,1,0,0,0,0,0,0,0,1,1,0,0,1,0,0,0,1,1,0,1,0,1,0,0,0,0,0,1,0,0,0,0,0,1,1,0,1,0,0,1,0,0,1,0,1,0,0,0,1,1,0,0,0,0,0,0,0,0,0,0,0,1,0,0,1,0,0,0,0,0,0,1,1,1,0,0,0,1,1,0,0,1,0,0,1,1,0,0,0,1,0,0,0,1,0,1,1,1,0,0,0,0,0,0,1,0,1,1,0,0,1,0,1,0,0,0,0,0,1,0,1,0
1,1,1,1,1,1,1,1,0,0,1,0,1,1,1,1,1,1,1,0,0,1,1,1,1,0,1,0,1,1,1,0,0,1,0,1,1,0,1,1,0,1,0,1,0,0,0,1,0,0,0,1,0,1,1,0,0,0,0,0,0,0,1,1,1,0,0,0,0,0,0,1,0,1,0,1,0,1,0,0,1,0,0,1,0,1,0,0,1,0,0,0,0,0,0,0,1,0,0,1,0,0,0,0,0,0,0,1,1,0,0,1,0,0,0,1,1,0,1,0,1,0,0,0,0,0,1,0,0,0,0,0,1,1,0,1,0,0,1,0,0,1,0,1,0,0,0,1,1,0,0,0,0,0,0,0,0,0,0,0,1,0,0,1,0,0,0,0,0,0,1,1,1,0,0,0,1,1,0,0,1,0,0,1,1,0,0,0,1,0,0,0,1,0,1,1,1,0,0,0,0,0,0,1,0,1,1,0,0,0,0,1,0,0,0,0,0,0,0,1,0
0,1,1,1,0,1,1,0,0,0,1,0,1,1,1,1,1,1,1,0,0,1,1,1,0,0,1,0,1,0,1,0,0,1,0,1,1,0,1,1,0,1,0,1,0,0,0,1,0,0,0,1,0,1,1,0,0,0,0,0,0,0,1,1,1,0,0,0,0,0,0,1,0,1,0,1,0,1,0,0,1,0,0,1,0,1,0,0,1,0,0,0,0,0,0,0,1,0,0,1,0,0,0,0,0,0,0,1,1,0,0,1,0,0,0,1,1,0,1,0,1,0,0,0,0,0,1,0,0,0,0,0,1,1,0,1,0,0,1,0,0,1,0,1,0,0,0,1,1,0,0,0,0,0,0,0,0,0,0,0,1,0,0,1,0,0,0,0,0,0,1,1,1,0,0,0,1,1,0,0,1,0,0,1,1,0,0,0,1,0,0,0,1,0,1,1,1,0,0,0,0,0,0,1,0,1,1,0,0,0,0,1,0,0,0,0,0,0,0,1,0
1,1,1,1,0,1,1,0,0,0,1,0,1,1,1,1,1,1,1,0,0,1,1,1,1,0,1,0,1,1,1,0,0,1,0,1,1,0,1,1,0,1,0,1,0,0,0,1,0,0,0,1,0,1,1,0,0,0,0,1,0,0,1,1,1,0,0,0,0,0,0,1,0,1,0,1,0,1,0,0,1,0,0,1,0,1,0,0,1,0,0,0,0,0,0,0,1,0,0,1,0,0,0,0,0,0,0,1,1,0,0,1,0,0,0,1,1,0,1,0,1,0,0,0,0,0,1,0,0,0,0,0,1,1,0,1,0,0,1,0,0,1,0,1,0,0,0,1,1,0,0,0,0,0,0,0,0,0,0,0,1,0,0,1,0,0,0,0,0,0,1,1,1,0,0,0,1,1,0,0,1,0,0,1,1,0,0,0,1,0,0,0,1,0,1,1,1,0,0,0,0,0,0,1,0,1,1,0,0,1,0,1,0,0,0,1,0,1,0,1,0
0,1,1,1,0,1,1,0,0,1,1,0,1,1,1,1,1,1,1,0,0,1,1,1,0,0,1,0,1,0,1,0,1,1,0,1,1,0,1,1,1,1,0,1,0,0,1,1,0,0,0,1,0,1,1,0,0,0,0,0,0,0,1,1,1,0,0,0,0,0,0,1,0,1,0,1,0,1,0,0,1,0,0,1,0,1,0,0,1,0,0,0,0,0,0,0,1,0,1,1,1,0,0,0,0,0,0,1,1,0,0,1,0,0,0,1,1,0,1,1,1,0,0,0,0,0,1,0,0,0,0,0,1,1,0,1,0,1,1,0,0,1,1,1,0,0,0,1,1,0,0,0,0,0,0,0,0,0,0,0,1,0,0,1,0,0,0,0,0,0,1,1,1,0,0,0,1,1,0,0,1,0,0,1,1,0,0,0,1,0,0,0,1,0,1,1,1,0,0,0,0,0,0,1,0,1,1,0,0,0,0,1,0,0,0,0,0,0,0,1,0
1,1,1,1,0,1,1,0,0,0,1,0,1,1,1,1,1,1,1,0,0,1,1,1,0,0,1,0,1,0,1,0,0,1,0,1,1,0,1,1,0,1,0,1,0,0,0,1,0,0,0,1,0,1,1,0,0,0,0,0,0,0,1,1,1,0,0,0,0,0,0,1,0,1,0,1,0,1,0,0,1,0,0,1,0,1,0,0,1,0,0,0,0,0,0,0,1,0,0,1,0,0,0,0,0,0,0,1,1,0,0,1,0,0,0,1,1,0,1,0,1,0,0,0,0,0,1,0,0,0,0,0,1,1,0,1,0,0,1,0,0,1,0,1,0,0,0,1,1,0,0,0,0,0,0,0,0,0,0,0,1,0,0,1,0,0,0,0,0,0,1,1,1,0,0,0,1,1,0,0,1,0,0,1,1,0,0,0,1,0,0,0,1,0,1,1,1,0,0,0,0,0,0,1,0,1,1,0,0,0,0,1,0,1,0,0,0,0,0,1,0
0,1,1,1,0,1,1,0,0,1,1,0,1,1,1,1,1,1,1,0,0,1,1,1,0,0,1,0,1,0,1,0,1,1,0,1,1,0,1,1,1,1,0,1,0,0,1,1,0,0,0,1,0,1,1,0,0,0,0,0,0,0,1,1,1,0,0,0,0,0,0,1,0,1,0,1,0,1,0,0,1,0,0,1,0,1,0,0,1,0,0,0,0,0,0,0,1,0,1,1,1,0,0,0,0,0,0,1,1,0,0,1,0,0,0,1,1,0,1,1,1,0,0,0,0,0,1,0,0,0,0,0,1,1,0,1,0,1,1,0,0,1,1,1,0,0,0,1,1,0,0,0,0,0,0,0,0,0,0,0,1,0,0,1,0,0,0,0,0,0,1,1,1,0,0,0,1,1,0,0,1,0,0,1,1,0,0,0,1,0,0,0,1,0,1,1,1,0,0,0,0,0,0,1,0,1,1,0,0,0,0,1,0,0,0,0,0,0,0,1,0
0,1,1,1,1,1,1,1,0,0,1,0,1,1,1,1,1,1,1,0,0,1,1,1,0,0,1,0,1,0,1,0,0,1,0,1,1,0,1,1,0,1,0,1,0,0,0,1,0,0,0,1,0,1,1,0,0,0,0,0,0,0,1,1,1,0,0,0,0,0,0,1,0,1,0,1,0,1,0,0,1,0,0,1,0,1,0,0,1,0,0,0,0,0,0,0,1,0,0,1,0,0,0,0,0,0,0,1,1,0,0,1,0,0,0,1,1,0,1,0,1,0,0,0,0,0,1,0,0,0,0,0,1,1,0,1,0,0,1,0,0,1,0,1,0,0,0,1,1,0,0,0,0,0,0,0,0,0,0,0,1,0,0,1,0,0,0,0,0,0,1,1,1,0,0,0,1,1,0,0,1,0,0,1,1,0,0,0,1,0,0,0,1,0,1,1,1,0,0,0,0,0,0,1,0,1,1,0,0,0,0,1,0,0,0,0,0,0,0,1,0
0,1,1,1,0,1,1,0,0,0,1,0,1,1,1,1,1,1,1,0,0,1,1,1,0,0,1,0,1,0,1,0,0,1,0,1,1,0,1,1,0,1,0,1,0,0,0,1,0,0,0,1,0,1,1,0,0,0,0,0,0,0,1,1,1,0,0,0,0,0,0,1,0,1,0,1,0,1,0,0,1,0,0,1,0,1,0,0,1,0,0,0,0,0,0,0,1,0,0,1,0,0,0,0,0,0,0,1,1,0,0,1,0,0,0,1,1,0,1,0,1,0,0,0,0,0,1,0,0,0,0,0,1,1,0,1,0,0,1,0,0,1,0,1,0,0,0,1,1,0,0,0,0,0,0,0,0,0,0,0,1,0,0,1,0,0,0,0,0,0,1,1,1,0,0,0,1,1,0,0,1,0,0,1,1,0,0,0,1,0,0,0,1,0,1,1,1,0,0,0,0,0,0,1,0,1,1,0,0,0,0,1,0,0,0,0,0,0,0,1,0
0,1,1,1,0,1,1,0,0,1,1,0,1,1,1,1,1,1,1,0,0,1,1,1,0,0,1,0,1,0,1,0,1,1,0,1,1,0,1,1,1,1,0,1,0,0,1,1,0,0,0,1,0,1,1,0,0,0,0,0,0,0,1,1,1,0,0,0,0,0,0,1,0,1,0,1,0,1,0,0,1,0,0,1,0,1,0,0,1,0,0,0,0,0,0,0,1,0,1,1,1,0,0,0,0,0,0,1,1,0,0,1,0,0,0,1,1,0,1,1,1,0,0,0,0,0,1,0,0,0,0,0,1,1,0,1,0,1,1,0,0,1,1,1,0,0,0,1,1,0,0,0,0,0,0,0,0,0,0,0,1,0,0,1,0,0,0,0,0,0,1,1,1,0,0,0,1,1,0,0,1,0,0,1,1,0,0,0,1,0,0,0,1,0,1,1,1,0,0,0,0,0,0,1,0,1,1,0,0,0,0,1,0,0,0,0,0,0,0,1,0
1,1,1,1,0,1,1,1,0,0,1,0,1,1,1,1,1,1,1,0,0,1,1,1,0,0,1,0,1,0,1,0,0,1,0,1,1,0,1,1,0,1,0,1,0,0,0,1,1,0,0,1,0,1,1,0,0,1,1,0,0,0,1,1,1,0,0,0,1,0,0,1,0,1,0,1,0,1,0,0,1,0,0,1,0,1,0,0,1,0,1,0,0,0,0,0,1,1,0,1,0,0,0,0,0,0,0,1,1,0,0,1,1,1,0,1,1,1,1,0,1,0,0,1,0,0,1,1,1,0,0,0,1,1,0,1,1,0,1,1,0,1,0,1,0,1,1,1,1,0,0,0,0,1,0,0,0,0,0,1,1,0,0,1,0,1,0,0,1,0,1,1,1,1,0,1,1,1,0,0,1,1,0,1,1,0,1,1,1,1,0,1,1,1,1,1,1,1,1,0,0,1,1,1,1,1,1,0,0,0,1,1,0,0,0,0,0,0,1,1,0
1,1,1,1,0,1,1,0,0,0,1,0,1,1,1,1,1,1,1,0,0,1,1,1,0,0,1,0,1,0,1,0,0,1,0,1,1,0,1,1,0,1,0,1,0,0,0,1,0,0,0,1,0,1,1,0,0,0,0,0,0,0,1,1,1,0,0,0,0,0,0,1,0,1,0,1,0,1,0,0,1,0,0,1,0,1,0,0,1,0,0,0,0,0,0,0,1,0,0,1,0,0,0,0,0,0,0,1,1,0,0,1,0,0,0,1,1,0,1,0,1,0,0,0,0,0,1,0,0,0,0,0,1,1,0,1,0,0,1,0,0,1,0,1,0,0,0,1,1,0,0,0,0,0,0,0,0,0,0,0,1,0,0,1,0,0,0,0,0,0,1,1,1,0,0,0,1,1,0,0,1,0,0,1,1,0,0,0,1,0,0,0,1,0,1,1,1,0,0,0,0,0,0,1,0,1,1,0,0,1,0,1,0,0,0,0,0,1,0,1,0
0,1,1,1,0,1,1,0,0,0,1,0,1,1,1,1,1,1,1,0,0,1,1,1,0,0,1,0,1,0,1,0,0,1,0,1,1,0,1,1,0,1,0,1,0,0,0,1,0,0,0,1,0,1,1,0,0,0,0,0,0,0,1,1,1,0,0,0,0,0,0,1,0,1,0,1,0,1,0,0,1,0,0,1,0,1,0,0,1,0,0,0,0,0,0,0,1,0,0,1,0,0,0,0,0,0,0,1,1,0,0,1,0,0,0,1,1,0,1,0,1,0,0,0,0,0,1,0,0,0,0,0,1,1,0,1,0,0,1,0,0,1,0,1,0,0,0,1,1,0,0,0,0,0,0,0,0,0,0,0,1,0,0,1,0,0,0,0,0,0,1,1,1,0,0,0,1,1,0,0,1,0,0,1,1,0,0,0,1,0,0,0,1,0,1,1,1,0,0,0,0,0,0,1,0,1,1,0,0,0,0,1,0,0,0,0,0,0,0,1,0
0,1,0,1,1,1,0,0,0,0,1,0,1,1,0,1,1,1,1,0,0,1,1,1,0,1,1,0,1,1,1,0,0,1,0,0,0,0,1,0,0,1,1,1,1,1,0,1,1,0,0,0,0,1,1,0,0,1,0,1,1,1,1,0,1,1,0,0,1,0,1,0,1,0,0,1,0,0,0,1,0,0,0,1,0,0,0,1,1,0,1,0,0,0,0,0,1,1,0,1,0,0,0,1,1,0,1,0,0,1,1,1,1,0,0,1,1,1,1,0,0,1,0,1,0,0,1,1,1,0,1,0,0,0,0,1,1,0,1,1,0,0,0,1,1,1,1,1,1,1,1,0,0,1,1,1,0,0,0,1,1,0,1,1,0,1,1,0,1,0,1,0,0,1,0,1,1,1,0,0,1,1,0,0,0,0,1,1,0,1,0,0,0,0,0,1,1,1,1,0,0,0,0,0,0,0,1,0,0,1,0,1,0,1,0,1,0,1,0,1,0
0,1,0,1,0,1,0,0,0,0,1,0,1,1,0,1,1,1,1,0,0,1,1,1,0,1,1,0,1,1,1,0,0,0,0,0,0,0,1,0,0,1,1,1,1,1,0,1,1,0,0,0,0,1,1,0,0,1,0,1,1,1,1,0,0,1,0,0,1,0,1,0,1,0,0,1,0,0,0,1,0,0,0,1,0,0,0,1,1,0,1,0,0,0,0,0,1,1,0,1,0,0,0,1,1,0,1,0,0,1,1,1,1,0,0,1,1,1,1,0,0,1,0,1,0,0,1,1,1,0,1,0,0,0,0,1,1,0,1,1,0,0,0,1,1,1,1,1,1,1,1,0,0,1,1,1,0,0,0,1,1,0,1,1,0,1,1,0,1,0,0,0,0,1,0,1,1,1,0,0,1,1,0,0,0,0,1,0,0,1,0,0,0,0,0,1,1,1,1,0,0,0,0,0,0,0,1,0,0,1,0,1,0,1,0,1,0,1,0,1,0
0,1,0,1,0,1,0,0,0,0,1,0,1,1,0,0,0,1,1,0,0,1,1,0,0,1,1,0,1,1,1,0,0,1,0,0,0,0,1,0,0,1,1,1,1,1,0,1,1,0,0,0,0,1,1,0,0,1,0,1,1,1,0,0,1,1,0,0,1,0,1,0,1,0,0,1,0,0,0,1,0,0,0,1,0,0,0,1,1,0,1,0,0,0,0,0,1,1,0,1,0,0,0,1,1,0,1,0,0,1,1,1,1,0,0,1,1,1,1,0,0,1,0,1,0,0,0,1,1,0,1,0,0,0,0,1,1,0,1,1,0,0,0,1,1,1,1,1,0,1,1,0,0,1,1,1,0,0,0,1,1,0,1,1,0,1,1,0,1,0,1,0,0,1,0,1,1,1,0,0,1,1,0,0,0,0,1,1,0,1,0,0,0,0,0,0,0,1,0,0,0,0,0,0,0,0,0,0,0,0,0,1,0,0,0,0,0,0,0,1,0
0,1,0,1,1,1,0,0,0,0,1,0,1,1,1,0,0,1,1,0,0,1,1,0,0,1,1,0,1,1,1,0,0,1,0,0,0,0,1,0,0,1,1,1,1,1,0,1,1,0,0,0,0,1,1,0,0,1,0,1,1,1,1,0,1,1,0,0,1,0,1,0,1,0,0,1,0,0,0,1,0,0,0,1,0,0,0,1,1,0,1,0,0,0,0,0,1,1,0,1,0,0,0,1,1,0,1,0,0,1,1,1,1,0,0,1,1,1,1,0,0,1,0,1,0,0,1,1,1,0,1,0,0,0,0,1,1,0,1,1,0,0,0,1,1,1,1,1,1,1,1,0,0,1,1,1,0,0,0,1,1,0,1,1,0,1,1,0,1,0,1,0,0,1,0,1,1,1,0,0,1,1,0,0,0,0,1,1,0,1,0,0,0,0,0,1,1,1,0,0,0,0,0,0,0,0,1,0,0,1,0,1,0,0,0,1,0,1,0,1,0
0,1,0,1,0,1,1,0,0,0,1,0,1,1,0,0,0,1,1,0,0,1,1,1,0,1,1,0,1,1,1,0,0,0,0,0,0,0,1,0,0,1,1,1,1,1,0,1,1,0,0,0,0,1,1,0,0,1,0,1,1,1,0,0,0,1,0,0,1,0,1,0,1,0,0,1,0,0,0,1,0,0,0,1,0,0,0,1,1,0,1,0,0,0,0,0,1,1,0,1,0,0,0,1,1,0,1,0,0,1,1,1,1,0,0,1,1,1,1,0,0,1,0,1,0,0,0,1,1,0,1,0,0,0,0,1,1,0,1,1,0,0,0,1,1,1,1,1,0,1,1,0,0,1,1,1,0,0,0,1,1,0,1,1,0,1,1,0,1,0,0,0,0,1,0,1,1,1,0,0,1,1,0,0,0,0,1,1,0,1,0,0,0,0,0,1,1,1,1,0,0,0,0,0,0,0,1,0,0,1,0,1,0,1,0,1,0,1,0,1,0
0,1,0,1,0,1,1,0,0,0,1,0,1,1,0,0,0,1,1,0,0,1,1,1,1,1,1,0,1,1,1,0,0,0,0,0,0,0,1,0,0,1,1,1,1,1,0,1,1,0,0,0,0,1,1,0,0,1,0,1,1,1,0,0,0,1,0,0,1,0,1,0,1,0,0,1,0,0,0,1,0,0,0,1,0,0,0,1,1,0,1,0,0,0,0,0,1,1,0,1,0,0,0,1,1,0,1,0,0,1,1,1,1,0,0,1,1,1,1,0,0,1,0,1,0,0,0,1,1,0,1,0,0,0,0,1,1,0,1,1,0,0,0,1,1,1,1,1,0,1,1,0,0,1,1,1,0,0,0,1,1,0,1,1,0,1,1,0,1,0,0,0,0,1,0,1,1,1,0,0,1,1,0,0,0,0,1,1,0,1,0,0,0,0,0,1,1,1,1,0,0,0,0,0,0,0,1,0,0,1,0,1,0,1,0,1,0,1,0,1,0
0,1,0,1,1,1,1,1,0,0,1,0,1,1,0,1,1,1,1,0,0,1,1,1,0,1,1,0,1,1,1,0,0,0,0,0,0,0,1,0,0,1,1,1,1,1,0,1,1,0,0,0,0,1,1,0,0,1,0,1,1,1,1,0,0,1,0,0,1,0,1,0,1,0,0,1,0,0,0,1,0,0,0,1,0,0,0,1,1,0,1,0,0,0,0,0,1,1,0,1,0,0,0,1,1,0,1,0,0,1,1,1,1,0,0,1,1,1,1,0,0,1,0,1,1,0,1,1,1,0,1,0,0,0,0,1,1,0,1,1,0,0,0,1,1,1,1,1,1,1,1,1,0,1,1,1,0,0,0,1,1,0,1,1,0,1,1,0,1,0,0,0,0,1,0,1,1,1,1,0,1,1,0,0,0,0,1,1,0,1,0,0,0,0,0,1,1,1,1,0,0,0,0,0,0,0,1,0,0,1,0,1,0,1,0,1,0,1,0,1,0
0,1,0,1,1,1,1,0,0,0,1,0,1,1,0,1,1,1,1,0,0,1,1,1,0,1,1,0,1,1,1,0,0,0,0,0,0,0,1,0,0,1,1,1,1,1,0,1,1,0,0,0,0,1,1,0,0,1,0,1,1,1,1,0,0,1,0,0,1,0,1,0,1,0,0,1,0,0,0,1,0,0,0,1,0,0,0,1,1,0,1,0,0,0,0,0,1,1,0,1,0,0,0,1,1,0,1,0,0,1,1,1,1,0,0,1,1,1,1,0,0,1,0,1,0,0,1,1,1,0,1,0,0,0,0,1,1,0,1,1,0,0,0,1,1,1,1,1,1,1,1,0,0,1,1,1,0,0,0,1,1,0,1,1,0,1,1,0,1,0,0,0,0,1,0,1,1,1,0,0,1,1,0,0,0,0,1,1,0,1,0,0,0,0,0,1,1,1,1,0,0,0,0,0,0,0,1,0,0,1,0,1,0,1,0,1,0,1,0,1,0
0,1,0,1,0,1,1,0,0,0,1,0,1,1,0,0,0,1,1,0,0,1,1,0,0,1,1,0,1,1,1,0,0,0,0,0,0,0,1,0,0,1,1,1,1,1,0,1,1,0,0,1,0,1,1,0,0,1,0,1,1,1,0,0,0,1,0,0,1,0,1,0,1,0,0,1,0,0,0,1,0,0,0,1,0,0,0,1,1,0,1,0,0,0,0,0,1,1,0,1,0,0,0,1,1,0,1,0,0,1,1,1,1,0,0,1,1,1,1,0,0,1,0,1,0,0,0,1,1,0,1,0,0,0,0,1,1,0,1,1,0,0,0,1,1,1,1,1,0,1,1,0,0,1,1,1,0,0,0,1,1,0,1,1,0,1,1,0,1,0,0,0,0,1,0,1,1,1,0,0,1,1,0,0,0,0,1,1,0,1,0,0,0,0,0,1,1,1,1,0,0,0,0,0,0,0,1,0,0,1,0,1,0,1,0,1,0,1,0,1,0
0,1,0,1,1,1,1,0,0,0,1,0,1,1,1,0,0,1,1,0,0,1,1,0,0,1,1,0,1,1,1,0,0,0,0,0,0,0,1,0,0,1,1,1,1,1,0,1,1,0,0,0,0,1,1,0,0,1,0,1,1,1,1,0,0,1,0,0,1,0,1,0,1,0,0,1,0,0,0,1,0,0,0,1,0,0,0,1,1,0,1,0,0,0,0,0,1,1,0,1,0,0,0,1,1,0,1,0,0,1,1,1,1,0,0,1,1,1,1,0,0,1,0,1,0,0,1,1,1,0,1,0,0,0,0,1,1,0,1,1,0,0,0,1,1,1,1,1,1,1,1,0,0,1,1,1,0,0,0,1,1,0,1,1,0,1,1,0,1,0,0,0,0,1,0,1,1,1,0,0,1,1,0,0,0,0,1,1,0,1,0,0,0,0,0,1,1,1,0,0,0,0,0,0,0,0,1,0,0,1,0,1,0,0,0,1,0,1,0,1,0
0,1,0,1,0,1,1,0,0,0,1,0,1,1,0,0,0,1,1,0,0,1,1,1,1,1,1,0,1,1,1,0,0,0,0,0,0,0,1,0,0,1,1,1,1,1,0,1,1,0,0,0,0,1,1,0,0,1,0,1,1,1,0,0,0,1,0,0,1,0,1,0,1,0,0,1,0,0,0,1,0,0,0,1,0,0,0,1,1,0,1,0,0,0,0,0,1,1,0,1,0,0,0,1,1,0,1,0,0,1,1,1,1,0,0,1,1,1,1,0,0,1,0,1,0,0,0,1,1,0,1,0,0,0,0,1,1,0,1,1,0,0,0,1,1,1,1,1,0,1,1,0,0,1,1,1,0,0,0,1,1,0,1,1,0,1,1,0,1,0,0,0,0,1,0,1,1,1,0,0,1,1,0,0,0,0,1,1,0,1,0,0,0,0,0,1,1,1,0,0,0,0,0,0,0,0,1,0,0,1,0,1,0,0,0,1,0,1,0,1,0
0,1,0,1,1,1,1,1,0,0,1,0,1,1,0,0,0,1,1,0,0,0,0,0,0,1,1,0,1,0,1,0,0,0,0,0,0,1,1,1,0,1,1,1,1,1,0,1,1,0,0,1,0,1,1,0,0,1,1,1,1,1,1,0,0,1,0,0,1,0,1,0,1,0,0,1,0,0,0,1,0,0,0,1,0,0,0,1,1,0,1,0,0,0,0,0,1,1,0,1,0,0,0,1,1,0,1,0,0,1,1,1,1,1,0,1,1,1,1,0,0,1,0,1,0,0,1,1,1,0,1,0,0,0,0,1,1,0,1,1,0,0,0,1,1,1,1,1,1,1,1,0,0,1,1,1,0,0,0,1,1,0,1,1,0,1,1,0,1,0,0,0,0,1,0,1,1,1,0,0,1,1,0,0,0,0,1,1,0,1,1,0,0,0,0,0,0,1,0,1,1,0,0,0,0,0,0,1,0,0,0,1,0,0,1,0,0,0,0,1,0
0,1,0,1,0,1,1,1,0,0,1,0,1,1,0,0,0,1,1,0,0,0,0,0,0,1,1,0,1,0,1,0,0,0,0,0,0,0,1,1,0,1,1,1,1,1,0,1,1,0,0,1,0,1,1,0,0,1,1,1,1,1,0,0,0,1,0,0,1,0,1,0,1,0,0,1,0,0,0,1,0,0,0,1,0,0,0,1,1,0,1,0,0,0,0,0,1,1,0,1,0,0,0,1,1,0,1,0,0,1,1,1,1,1,0,1,1,1,1,0,0,1,0,1,0,0,0,1,1,0,1,0,0,0,0,1,1,0,1,1,0,0,0,1,1,1,1,1,0,1,1,0,0,1,1,1,0,0,0,1,1,0,1,1,0,1,1,0,1,0,0,0,0,1,0,1,1,1,0,0,1,1,0,0,0,0,1,1,0,1,1,0,0,0,0,0,0,1,0,1,1,0,0,0,0,0,0,1,0,0,0,1,0,0,1,0,0,0,0,1,0
0,1,0,1,0,1,1,0,0,0,1,0,1,1,0,0,0,1,1,0,0,1,1,0,0,1,1,0,1,1,1,0,0,0,0,0,0,0,1,0,0,1,1,1,1,1,0,1,1,0,0,0,0,1,1,0,0,1,0,1,1,1,0,0,0,1,0,0,1,0,1,0,1,0,0,1,0,0,0,1,0,0,0,1,0,0,0,1,1,0,1,0,0,0,0,0,1,1,0,1,0,0,0,1,1,0,1,0,0,1,1,1,1,0,0,1,1,1,1,0,0,1,0,1,0,0,0,1,1,0,1,0,0,0,0,1,1,0,1,1,0,0,0,1,1,1,1,1,0,1,1,0,0,1,1,1,0,0,0,1,1,0,1,1,0,1,1,0,1,0,0,0,0,1,0,1,1,1,0,0,1,1,0,0,0,0,1,1,0,1,0,0,0,0,0,0,0,1,0,0,0,0,0,0,0,0,0,0,0,0,0,1,0,0,0,0,0,0,0,1,0
0,1,0,1,0,1,1,0,0,0,1,0,1,1,0,0,0,1,1,0,0,1,1,0,0,1,1,0,1,0,1,0,0,0,0,0,1,0,1,0,0,1,1,1,1,1,0,1,1,0,0,0,0,1,1,0,0,1,0,1,1,1,0,0,0,1,0,0,1,0,1,0,1,0,0,1,0,0,0,1,0,0,0,1,0,0,0,1,1,0,1,0,0,0,0,0,1,1,0,1,0,0,0,1,1,0,1,0,0,1,1,1,1,0,0,1,1,1,1,0,0,1,0,1,0,0,0,1,1,0,1,0,0,0,0,1,1,0,1,1,0,0,0,1,1,1,1,1,0,1,1,0,0,1,1,1,0,0,0,1,1,0,1,1,0,1,1,0,1,0,0,0,0,1,0,1,1,1,0,0,1,1,0,0,0,0,1,1,0,1,0,0,0,0,0,0,0,1,0,0,0,0,0,0,0,0,0,0,0,0,0,1,0,0,0,0,0,0,0,1,0
0,1,0,1,0,1,1,0,0,0,1,0,1,1,0,0,0,0,0,0,0,0,0,0,0,1,1,0,0,0,1,0,0,0,0,0,0,0,1,0,0,1,1,1,1,1,0,1,1,0,0,1,0,1,1,0,0,1,0,1,1,1,0,0,0,1,0,0,1,0,1,0,1,0,0,1,0,0,0,1,0,0,0,1,0,0,0,1,1,0,1,0,0,0,0,0,1,1,0,1,0,0,0,1,1,0,1,0,0,1,1,1,1,0,0,1,1,1,1,0,0,1,0,1,0,0,0,1,1,0,1,0,0,0,0,1,1,0,1,1,0,0,0,1,1,1,1,1,0,1,1,0,0,1,1,1,0,0,0,1,1,0,1,1,0,1,1,0,1,0,0,0,0,1,0,1,1,1,0,0,1,1,0,0,0,0,1,1,0,1,0,0,0,0,0,0,0,1,0,0,0,0,0,0,0,0,0,0,0,0,0,1,0,0,0,0,0,0,0,1,0
0,1,0,1,0,1,0,0,0,0,1,0,1,1,0,1,1,1,1,0,0,1,1,1,0,1,1,0,1,1,1,0,0,0,0,0,0,0,1,0,0,1,1,1,1,1,0,1,1,0,0,0,0,1,1,0,0,1,0,1,1,1,1,0,0,1,0,0,1,0,1,0,1,0,0,1,0,0,0,1,0,0,0,1,0,0,0,1,1,0,1,0,0,0,0,0,1,1,0,1,0,0,0,1,1,0,1,0,0,1,1,1,1,0,0,1,1,1,1,0,0,1,0,1,0,0,1,1,1,0,1,0,0,0,0,1,1,0,1,1,0,0,0,1,1,1,1,1,1,1,1,0,0,1,1,1,0,0,0,1,1,0,1,1,0,1,1,0,1,0,0,0,0,1,0,1,1,1,0,0,1,1,0,0,0,0,1,0,0,1,0,0,0,0,0,1,1,1,1,0,0,0,0,0,0,0,1,0,0,1,0,1,0,1,0,1,0,1,0,1,0
0,1,0,1,0,1,0,0,0,0,1,0,1,1,0,1,1,1,1,0,0,1,1,1,0,1,1,0,1,1,1,0,0,0,0,0,0,0,1,0,0,1,1,1,1,1,0,1,1,0,0,0,0,1,1,0,0,1,0,1,1,1,1,0,0,1,0,0,1,0,1,0,1,0,0,1,0,0,0,1,0,0,0,1,0,0,0,1,1,0,1,0,0,0,0,0,1,1,0,1,0,0,0,1,1,0,1,0,0,1,1,1,1,0,0,1,1,1,1,0,0,1,0,1,0,0,1,1,1,0,1,0,0,0,0,1,1,0,1,1,0,0,0,1,1,1,1,1,1,1,1,0,0,1,1,1,0,0,0,1,1,0,1,1,0,1,1,0,1,0,0,0,0,1,0,1,1,1,0,0,1,1,0,0,0,0,1,0,0,1,0,0,0,0,0,1,1,1,0,0,0,0,0,0,0,0,1,0,0,1,0,1,0,0,0,1,0,1,0,1,0
0,1,0,1,0,1,0,0,0,0,1,0,1,1,0,0,0,1,1,0,0,1,1,1,1,1,1,0,1,1,1,0,0,0,0,0,0,0,1,0,0,1,1,1,1,1,0,1,1,0,0,0,0,1,1,0,0,1,0,1,1,1,0,0,0,1,0,0,1,0,1,0,1,0,0,1,0,0,0,1,0,0,0,1,0,0,0,1,1,0,1,0,0,0,0,0,1,1,0,1,0,0,0,1,1,0,1,0,0,1,1,1,1,0,0,1,1,1,1,0,0,1,0,1,0,0,0,1,1,0,1,0,0,0,0,1,1,0,1,1,0,0,0,1,1,1,1,1,0,1,1,0,0,1,1,1,0,0,0,1,1,0,1,1,0,1,1,0,1,0,0,0,0,1,0,1,1,1,0,0,1,1,0,0,0,0,1,0,0,1,0,0,0,0,0,1,1,1,0,0,0,0,0,0,0,0,1,0,0,1,0,1,0,0,0,1,0,1,0,1,0
0,1,0,1,0,1,0,0,0,0,1,0,1,1,1,0,0,1,1,0,0,1,1,0,0,1,1,0,1,1,1,0,0,0,0,0,0,0,1,0,0,1,1,1,1,1,0,1,1,0,0,0,0,1,1,0,0,1,0,1,1,1,1,0,0,1,0,0,1,0,1,0,1,0,0,1,0,0,0,1,0,0,0,1,0,0,0,1,1,0,1,0,0,0,0,0,1,1,0,1,0,0,0,1,1,0,1,0,0,1,1,1,1,0,0,1,1,1,1,0,0,1,0,1,0,0,1,1,1,0,1,0,0,0,0,1,1,0,1,1,0,0,0,1,1,1,1,1,1,1,1,0,0,1,1,1,0,0,0,1,1,0,1,1,0,1,1,0,1,0,0,0,0,1,0,1,1,1,0,0,1,1,0,0,0,0,1,0,0,1,0,0,0,0,0,1,1,1,0,0,0,0,0,0,0,0,1,0,0,1,0,1,0,0,0,1,0,1,0,1,0
0,1,0,1,0,1,0,0,0,0,1,0,1,1,0,0,0,1,1,0,0,1,1,0,0,1,1,0,1,1,1,0,0,0,0,0,0,1,1,0,0,1,1,1,1,1,0,1,1,0,0,1,0,1,1,0,0,1,0,1,1,1,1,0,0,1,0,0,1,0,1,0,1,0,0,1,0,0,0,1,0,0,0,1,0,0,0,1,1,0,1,0,0,0,0,0,1,1,0,1,0,0,0,1,1,0,1,0,0,1,1,1,1,0,0,1,1,1,1,0,0,1,0,1,0,0,1,1,1,0,1,0,0,0,0,1,1,0,1,1,0,0,0,1,1,1,1,1,1,1,1,0,0,1,1,1,0,0,0,1,1,0,1,1,0,1,1,0,1,0,0,0,0,1,0,1,1,1,0,0,1,1,0,0,0,0,1,0,0,1,0,0,0,0,0,1,1,1,0,0,0,0,0,0,0,0,1,0,0,1,0,1,0,0,0,1,0,1,0,1,0
0,1,0,1,0,1,1,0,0,0,1,0,1,1,0,0,0,1,1,0,0,1,1,0,0,1,1,0,1,1,1,0,0,0,0,0,0,0,1,1,0,1,1,1,1,1,0,1,1,0,0,1,0,1,1,0,0,1,1,1,1,1,0,0,0,1,0,0,1,0,1,0,1,0,0,1,0,0,0,1,0,0,0,1,0,0,0,1,1,0,1,0,0,0,0,0,1,1,0,1,0,0,0,1,1,0,1,0,0,1,1,1,1,1,0,1,1,1,1,0,0,1,0,1,0,0,0,1,1,0,1,0,0,0,0,1,1,0,1,1,0,0,0,1,1,1,1,1,0,1,1,0,0,1,1,1,0,0,0,1,1,0,1,1,0,1,1,0,1,0,0,0,0,1,0,1,1,1,0,0,1,1,0,0,0,0,1,0,0,1,1,1,0,0,0,0,0,1,0,1,1,1,0,0,0,0,0,1,0,0,0,1,0,0,1,0,0,0,0,1,0
0,1,0,1,0,1,1,0,0,0,1,0,1,1,0,0,0,1,1,0,0,0,0,0,0,1,1,0,1,0,1,0,0,0,0,0,0,1,1,1,0,1,1,1,1,1,0,1,1,0,0,1,0,1,1,0,0,1,1,1,1,1,1,0,0,1,0,0,1,0,1,0,1,0,0,1,0,0,0,1,0,0,0,1,0,0,0,1,1,0,1,0,0,0,0,0,1,1,0,1,0,0,0,1,1,0,1,0,0,1,1,1,1,1,0,1,1,1,1,0,0,1,0,1,0,0,1,1,1,0,1,0,0,0,0,1,1,0,1,1,0,0,0,1,1,1,1,1,1,1,1,0,0,1,1,1,0,0,0,1,1,0,1,1,0,1,1,0,1,0,0,0,0,1,0,1,1,1,0,0,1,1,0,0,0,0,1,0,0,1,1,0,0,0,0,0,0,1,0,1,1,0,0,0,0,0,0,1,0,0,0,1,0,0,1,0,0,0,0,1,0
0,1,0,1,0,1,0,0,0,0,1,0,1,1,0,0,0,1,1,0,0,1,1,0,0,1,1,0,0,0,1,0,0,0,0,0,1,0,1,0,0,1,1,1,1,1,0,1,1,0,0,0,0,1,1,0,0,1,0,1,1,1,0,0,0,1,0,0,1,0,1,0,1,0,0,1,0,0,0,1,0,0,0,1,0,0,0,1,1,0,1,0,0,0,0,0,1,1,0,1,0,0,0,1,1,0,1,0,0,1,1,1,1,0,0,1,1,1,1,0,0,1,0,1,0,0,0,1,1,0,1,0,0,0,0,1,1,0,1,1,0,0,0,1,1,1,1,1,0,1,1,0,0,1,1,1,0,0,0,1,1,0,1,1,0,1,1,0,1,0,0,0,0,1,0,1,1,1,0,0,1,1,0,0,0,0,1,0,0,1,0,0,0,0,0,0,0,1,0,0,0,0,0,0,0,0,0,0,0,0,0,1,0,0,0,0,0,0,0,1,0
0,1,0,1,0,1,0,0,0,0,1,0,1,1,0,0,0,1,1,0,0,1,1,0,0,1,1,0,1,1,1,0,0,0,0,0,0,0,1,0,0,1,1,1,1,1,0,1,1,0,0,0,0,1,1,0,0,1,0,1,1,1,0,0,0,1,0,0,1,0,1,0,1,0,0,1,0,0,0,1,0,0,0,1,0,0,0,1,1,0,1,0,0,0,0,0,1,1,0,1,0,0,0,1,1,0,1,0,0,1,1,1,1,0,0,1,1,1,1,0,0,1,0,1,0,0,0,1,1,0,1,0,0,0,0,1,1,0,1,1,0,0,0,1,1,1,1,1,0,1,1,0,0,1,1,1,0,0,0,1,1,0,1,1,0,1,1,0,1,0,0,0,0,1,0,1,1,1,0,0,1,1,0,0,0,0,1,0,0,1,0,0,0,0,0,0,0,1,0,0,0,0,0,0,0,0,0,0,0,0,0,1,0,0,0,0,0,0,0,1,0
0,1,0,1,1,0,0,0,0,0,0,0,0,0,0,1,1,1,0,1,1,1,0,1,0,1,1,1,1,0,0,0,0,1,0,0,0,0,1,0,0,1,0,0,1,1,0,1,0,1,1,1,0,1,1,0,0,0,0,1,1,1,0,1,1,1,0,1,0,0,1,0,1,0,1,1,0,0,0,1,0,1,1,1,0,0,0,1,1,1,0,1,0,0,1,0,1,0,0,1,0,1,0,1,1,1,1,0,0,1,1,1,0,0,0,1,1,0,1,0,0,1,0,0,0,0,0,0,0,0,1,1,0,0,0,1,0,0,1,0,0,0,0,1,1,0,0,1,0,0,0,0,0,0,0,1,0,0,0,0,1,0,0,1,0,0,0,0,0,0,1,0,0,0,0,0,1,1,0,0,1,0,0,0,0,0,0,0,0,0,0,0,0,0,0,1,1,0,0,0,0,0,0,0,0,0,0,0,0,0,0,1,0,0,0,1,0,0,0,1,0
0,1,0,1,0,0,0,0,0,1,0,0,0,0,0,1,1,1,1,1,1,1,0,1,0,1,1,0,1,0,0,0,1,1,0,0,0,0,1,0,1,1,0,0,1,1,1,1,0,0,0,1,0,1,1,0,0,0,0,1,1,1,0,1,1,1,0,1,0,0,1,0,1,0,0,1,0,0,0,1,0,0,0,1,0,0,0,1,1,1,0,1,0,0,0,0,1,0,1,1,1,1,0,0,1,1,1,0,0,1,1,1,0,0,0,1,1,0,1,1,0,1,0,0,0,0,0,0,0,0,1,1,0,0,0,1,0,1,1,0,0,0,1,1,1,0,0,1,0,0,0,0,0,0,0,1,0,0,0,0,1,0,0,1,0,0,0,0,0,0,1,0,0,0,0,0,1,1,0,0,1,0,0,0,0,0,0,0,0,0,0,0,0,0,0,1,1,0,0,0,0,0,0,0,0,0,0,0,0,0,0,1,0,0,0,1,0,0,0,1,0
0,1,0,1,0,1,1,0,0,0,0,0,0,0,0,1,1,1,0,1,1,1,0,1,0,1,1,1,1,0,1,0,0,1,0,0,0,0,1,0,0,1,1,1,1,1,0,1,1,1,1,1,0,1,1,0,1,0,0,1,1,1,0,1,1,1,0,1,1,0,1,1,1,0,1,1,0,0,1,1,1,1,1,1,0,0,1,1,1,1,0,1,0,0,1,1,1,0,0,1,0,1,0,1,1,1,1,1,0,1,1,1,0,0,0,1,1,1,1,0,1,1,0,0,0,0,0,1,1,0,1,1,1,0,0,1,0,0,1,1,0,1,0,1,1,1,0,1,0,0,1,0,0,1,0,1,0,1,0,0,1,0,0,1,0,1,0,0,1,0,1,0,0,0,0,1,1,1,0,0,1,1,0,1,1,0,1,0,1,1,0,1,1,0,1,1,1,1,0,0,0,1,1,1,0,0,0,0,0,0,0,1,0,0,0,1,0,0,0,1,0
0,1,0,1,0,1,0,0,0,1,0,0,0,0,0,1,1,1,1,1,1,1,0,1,0,1,1,0,1,0,1,0,1,1,0,0,0,0,1,0,1,1,0,1,1,1,1,1,0,0,0,1,0,1,1,0,0,0,0,1,1,1,0,1,1,1,0,1,0,0,1,1,1,0,0,1,0,1,0,1,1,0,0,1,0,1,0,1,1,1,0,1,0,0,0,1,1,0,1,1,1,1,0,0,1,1,1,1,0,1,1,1,0,0,0,1,1,0,1,1,1,1,0,0,0,0,0,0,0,0,1,1,1,0,0,1,0,1,1,0,0,1,1,1,1,0,0,1,0,0,0,0,0,0,0,1,0,1,0,0,1,0,0,1,0,0,0,0,0,0,1,1,1,0,0,0,1,1,0,0,1,0,0,1,1,0,0,0,1,0,0,0,1,0,1,1,1,0,0,0,0,0,0,1,0,0,0,0,0,0,0,1,0,0,0,1,0,0,0,1,0
0,1,0,1,0,0,0,0,0,1,0,0,0,0,0,1,1,1,1,1,1,1,1,1,1,1,1,0,1,1,0,0,1,1,0,0,0,0,1,0,1,1,0,0,1,1,1,1,0,0,0,1,0,1,1,0,0,0,0,1,1,1,1,1,1,1,0,1,0,0,1,0,1,0,0,1,0,0,0,1,0,0,0,1,0,0,0,1,1,1,0,1,0,0,0,0,1,0,1,1,1,1,0,0,1,1,1,0,0,1,1,1,0,0,0,1,1,0,1,1,0,1,0,0,0,0,0,0,0,0,1,1,0,0,0,1,0,1,1,0,0,0,1,1,1,0,0,1,0,0,0,0,0,0,0,1,0,0,0,0,1,0,0,1,0,0,0,0,0,0,1,0,0,0,0,0,1,1,0,0,1,0,0,0,0,0,0,0,0,0,0,0,0,0,0,1,1,0,0,0,0,0,0,0,0,0,0,0,0,0,0,1,0,0,0,1,0,0,0,1,0
0,1,0,1,0,1,0,0,0,1,0,0,0,0,0,1,1,1,1,1,1,1,1,1,1,1,1,0,1,1,1,0,1,1,0,0,0,0,1,0,1,1,0,1,1,1,1,1,0,0,0,1,0,1,1,0,0,0,0,1,1,1,1,1,1,1,0,1,0,0,1,1,1,0,0,1,0,1,0,1,1,0,0,1,0,1,0,1,1,1,0,1,0,0,0,1,1,0,1,1,1,1,0,0,1,1,1,1,0,1,1,1,0,0,0,1,1,0,1,1,1,1,0,0,0,0,0,0,0,0,1,1,1,0,0,1,0,1,1,0,0,1,1,1,1,0,0,1,0,0,0,0,0,0,0,1,0,1,0,0,1,0,0,1,0,0,0,0,0,0,1,1,1,0,0,0,1,1,0,0,1,0,0,1,1,0,0,0,1,0,0,0,1,0,1,1,1,0,0,0,0,0,0,1,0,0,0,0,0,0,0,1,0,0,0,1,0,0,0,1,0
0,1,0,1,0,1,1,0,0,1,0,0,0,0,0,1,1,1,1,1,1,1,0,1,0,1,1,0,1,0,1,0,1,1,0,0,0,0,1,0,1,1,1,1,1,1,1,1,1,0,0,1,0,1,1,0,1,0,0,1,1,1,0,1,1,1,0,1,1,0,1,1,1,0,0,1,0,0,1,1,1,0,0,1,0,0,1,1,1,1,0,1,0,0,0,1,1,0,1,1,1,1,0,0,1,1,1,1,0,1,1,1,0,0,0,1,1,1,1,1,1,1,0,0,0,0,0,1,1,0,1,1,1,0,0,1,0,1,1,1,0,1,1,1,1,1,0,1,0,0,1,0,0,1,0,1,0,1,0,0,1,0,0,1,0,1,0,0,1,0,1,0,0,0,0,1,1,1,0,0,1,1,0,1,1,0,1,0,1,1,0,1,1,0,1,1,1,1,0,0,0,1,1,1,0,0,0,0,0,0,0,1,0,0,0,1,0,0,0,1,0
0,1,0,1,0,1,1,0,0,1,0,0,0,0,0,1,1,1,1,1,1,1,1,1,1,1,1,0,1,1,1,0,1,0,0,0,0,0,1,1,1,1,1,1,1,1,1,1,1,0,0,1,0,1,1,0,1,1,1,1,1,1,1,0,0,1,0,1,1,0,1,1,1,0,0,1,0,0,1,1,1,0,0,1,0,0,1,1,1,1,1,1,0,0,0,1,1,1,1,1,1,1,0,0,1,0,1,1,0,1,1,1,1,1,0,1,1,1,1,1,1,1,0,1,0,0,0,1,1,0,1,1,1,0,0,1,1,1,1,1,0,1,1,1,1,1,1,1,0,0,1,0,0,1,0,1,0,1,0,1,1,0,0,1,0,1,0,0,1,0,0,0,0,1,0,1,1,1,0,0,1,1,0,1,1,0,1,0,1,1,0,1,1,0,1,1,1,1,0,0,0,1,1,1,0,0,0,1,0,0,0,1,0,0,1,1,0,0,0,1,0
0,1,0,1,0,1,1,1,0,0,0,0,0,0,0,1,1,1,1,1,1,1,1,1,1,1,1,0,1,1,1,0,0,0,0,0,0,0,1,0,0,1,1,1,1,1,0,1,1,0,0,1,0,1,1,0,1,0,0,1,1,1,1,0,0,1,0,1,1,0,1,1,1,0,0,1,0,0,1,1,1,0,0,1,0,0,1,1,1,1,0,1,0,0,0,1,1,0,0,1,0,1,0,0,1,0,1,1,0,1,1,1,0,0,0,1,1,1,1,0,1,1,0,0,0,0,0,1,1,0,1,1,1,0,0,1,0,0,1,1,0,1,0,1,1,1,0,1,0,0,1,0,0,1,0,1,0,1,0,0,1,0,0,1,0,1,0,0,1,0,0,0,0,0,0,1,1,1,0,0,1,1,0,1,1,0,1,0,1,1,0,1,1,0,1,1,1,1,1,0,0,1,1,1,0,0,0,0,0,0,0,1,0,1,0,1,0,0,0,1,0
0,1,0,1,0,1,1,0,0,0,0,0,0,0,0,1,1,1,1,1,1,1,0,1,1,1,1,1,1,1,1,0,0,0,0,0,0,0,1,0,0,1,1,1,1,1,0,1,1,1,1,1,0,1,1,0,1,0,0,1,1,1,1,0,0,1,0,1,1,0,1,1,1,0,1,1,0,0,1,1,1,1,1,1,0,0,1,1,1,1,0,1,0,0,1,1,1,0,0,1,0,1,0,1,1,0,1,1,0,1,1,1,0,0,0,1,1,1,1,0,1,1,0,0,0,0,0,1,1,0,1,1,1,0,0,1,0,0,1,1,0,1,0,1,1,1,0,1,0,0,1,0,0,1,0,1,0,1,0,0,1,0,0,1,0,1,0,0,1,0,0,0,0,0,0,1,1,1,0,0,1,1,0,1,1,0,1,0,1,1,0,1,1,0,1,1,1,1,0,0,0,1,1,1,0,0,0,0,0,0,0,1,0,0,0,1,0,0,0,1,0
0,1,0,1,0,1,1,0,0,1,0,0,0,0,0,1,1,1,1,1,1,1,1,1,1,1,1,0,1,1,1,0,1,0,0,0,0,0,1,0,1,1,1,1,1,1,1,1,1,0,0,1,0,1,1,0,1,0,0,1,1,1,1,0,0,1,0,1,1,0,1,1,1,0,0,1,0,0,1,1,1,0,0,1,0,0,1,1,1,1,0,1,0,0,0,1,1,0,1,1,1,1,0,0,1,0,1,1,0,1,1,1,0,0,0,1,1,1,1,1,1,1,0,0,0,0,0,1,1,0,1,1,1,0,0,1,0,1,1,1,0,1,1,1,1,1,0,1,0,0,1,0,0,1,0,1,0,1,0,0,1,0,0,1,0,1,0,0,1,0,0,0,0,0,0,1,1,1,0,0,1,1,0,1,1,0,1,0,1,1,0,1,1,0,1,1,1,1,0,0,0,1,1,1,0,0,0,0,0,0,0,1,0,0,0,1,0,0,0,1,0
0,1,0,1,0,1,1,1,0,0,0,0,0,0,0,1,1,1,1,1,1,1,1,1,1,1,1,0,1,1,1,0,0,0,0,0,0,0,1,0,0,1,1,1,1,1,0,1,1,0,0,1,0,1,1,0,1,0,0,1,1,1,1,0,0,1,0,1,1,0,1,1,1,0,0,1,0,1,1,1,1,0,0,1,0,1,1,1,1,1,0,1,0,0,0,1,1,0,0,1,0,1,0,0,1,0,1,1,0,1,1,1,0,0,0,1,1,1,1,0,1,1,0,0,0,0,0,1,1,0,1,1,1,0,0,1,0,0,1,1,0,1,0,1,1,1,0,1,0,0,1,0,0,1,0,1,0,1,0,0,1,0,0,1,0,1,0,0,1,0,0,1,1,0,0,1,1,1,0,0,1,1,0,1,1,0,1,0,1,1,0,1,1,0,1,1,1,1,1,0,0,1,1,1,0,0,0,0,0,0,0,1,0,1,0,1,0,0,0,1,0
0,1,0,1,0,1,1,0,0,0,0,0,0,0,0,1,1,1,1,1,1,1,0,1,1,1,1,1,1,1,1,0,0,0,0,0,0,0,1,0,0,1,1,1,1,1,0,1,1,1,1,1,0,1,1,0,1,0,0,1,1,1,1,0,0,1,0,1,1,0,1,1,1,0,1,1,0,1,1,1,1,1,1,1,0,1,1,1,1,1,0,1,0,0,1,1,1,0,0,1,0,1,0,1,1,0,1,1,0,1,1,1,0,0,0,1,1,1,1,0,1,1,0,0,0,0,0,1,1,0,1,1,1,0,0,1,0,0,1,1,0,1,0,1,1,1,0,1,0,0,1,0,0,1,0,1,0,1,0,0,1,0,0,1,0,1,0,0,1,0,0,1,1,0,0,1,1,1,0,0,1,1,0,1,1,0,1,0,1,1,0,1,1,0,1,1,1,1,0,0,0,1,1,1,0,0,0,0,0,0,0,1,0,0,0,1,0,0,0,1,0
0,1,0,1,0,1,1,0,0,1,0,0,0,0,0,1,1,1,1,1,1,1,1,1,1,1,1,0,1,1,1,0,1,0,0,0,0,0,1,0,1,1,1,1,1,1,1,1,1,0,0,1,0,1,1,0,1,0,0,1,1,1,1,0,0,1,0,1,1,0,1,1,1,0,0,1,0,1,1,1,1,0,0,1,0,1,1,1,1,1,0,1,0,0,0,1,1,0,1,1,1,1,0,0,1,0,1,1,0,1,1,1,0,0,0,1,1,1,1,1,1,1,0,0,0,0,0,1,1,0,1,1,1,0,0,1,0,1,1,1,0,1,1,1,1,1,0,1,0,0,1,0,0,1,0,1,0,1,0,0,1,0,0,1,0,1,0,0,1,0,0,1,1,0,0,1,1,1,0,0,1,1,0,1,1,0,1,0,1,1,0,1,1,0,1,1,1,1,0,0,0,1,1,1,0,0,0,0,0,0,0,1,0,0,0,1,0,0,0,1,0
0,1,0,0,0,1,1,1,0,0,0,0,0,0,0,0,1,1,1,0,0,1,1,1,0,1,1,0,1,1,1,0,0,0,1,0,0,0,0,1,0,1,1,1,0,0,0,1,1,0,0,1,0,0,0,0,0,1,1,0,0,0,1,0,0,0,0,0,1,1,0,1,0,1,0,0,0,0,0,0,1,0,0,0,0,0,0,0,1,0,1,0,0,0,0,1,0,1,0,0,0,0,0,0,0,0,0,1,0,0,0,1,1,1,0,0,0,1,1,0,1,0,0,1,0,0,0,1,1,1,0,0,1,0,1,0,1,0,0,1,0,1,0,0,0,1,1,1,0,0,1,0,1,1,1,0,0,1,1,1,1,0,1,1,0,1,1,1,1,1,0,0,0,1,0,1,1,0,0,0,0,1,1,1,1,0,1,1,1,1,1,0,1,1,0,1,1,1,1,1,1,0,0,1,1,0,1,1,0,0,1,0,0,0,1,0,0,0,1,0,0
1,1,1,1,0,1,1,1,0,0,0,0,0,0,0,0,1,1,1,0,0,1,1,1,1,1,1,0,1,1,1,0,0,0,1,0,0,0,0,1,0,1,1,1,0,0,0,1,1,0,0,1,0,0,0,0,0,1,1,0,0,0,1,0,0,0,0,0,1,1,0,1,0,1,0,0,0,0,0,0,1,0,0,0,0,0,0,0,1,0,1,0,0,0,0,1,0,1,0,0,0,0,0,0,0,0,0,1,0,0,0,1,1,1,0,0,0,1,1,0,1,0,0,1,0,0,0,1,1,1,0,0,1,0,1,0,1,0,0,1,0,1,0,0,0,1,1,1,0,0,1,0,1,1,1,0,0,1,1,1,1,0,1,1,0,1,1,1,1,1,0,0,0,1,0,1,1,0,0,0,0,1,1,1,1,0,1,1,1,1,1,0,1,1,0,1,1,1,1,1,1,0,0,1,1,0,1,1,0,0,1,0,0,0,1,0,0,0,1,0,0
0,1,0,1,1,1,0,0,1,0,1,1,1,1,1,1,1,1,0,0,0,0,0,0,0,1,1,1,1,0,1,1,0,1,0,0,0,1,1,0,0,1,0,1,1,1,0,1,0,1,1,1,0,1,1,0,0,0,0,1,1,1,1,1,1,1,0,0,0,0,1,1,1,0,1,1,0,1,0,1,1,1,1,1,0,1,0,1,1,0,0,0,0,0,0,0,1,0,0,0,0,0,0,1,1,1,1,0,1,1,0,1,0,0,0,1,0,0,1,0,0,1,0,0,0,0,1,0,0,0,1,0,0,0,0,1,0,0,1,0,0,0,0,1,1,0,0,1,1,0,0,0,0,0,0,1,0,0,0,0,1,0,0,1,0,0,0,0,0,0,1,1,1,0,0,0,1,1,0,0,1,0,0,0,0,0,0,0,0,0,0,0,0,0,0,0,0,0,0,0,0,0,0,0,0,0,1,0,0,0,0,0,0,0,0,0,0,0,0,0,0
1,1,0,0,0,1,1,1,0,0,0,0,0,0,0,0,1,1,1,0,0,1,1,1,0,1,1,0,1,1,1,0,0,0,1,0,0,0,0,1,0,1,1,1,0,0,0,1,1,0,0,1,0,0,0,0,0,1,1,0,0,0,1,0,0,0,0,0,1,1,0,1,0,1,0,0,0,0,0,0,1,0,0,0,0,0,0,0,1,0,1,0,0,0,0,1,0,1,0,0,0,0,0,0,0,0,0,1,0,0,0,1,1,1,0,0,0,1,1,0,1,0,0,1,0,0,0,1,1,1,0,0,1,0,1,0,1,0,0,1,0,1,0,0,0,1,1,1,0,0,1,0,1,1,1,0,0,1,1,1,1,0,1,1,0,1,0,1,1,1,0,0,0,1,0,1,1,0,0,0,0,1,1,1,1,0,1,0,1,1,1,0,1,1,0,1,1,1,1,1,1,0,0,1,1,0,1,1,0,0,1,0,0,0,1,0,0,0,1,0,0
0,1,0,1,1,1,0,0,1,0,1,1,1,1,1,1,1,1,0,0,0,0,0,0,0,1,1,1,1,0,1,1,0,1,0,0,0,1,1,0,0,1,0,1,1,1,0,1,0,1,1,1,0,1,1,0,0,0,0,1,1,1,1,1,1,1,0,0,0,0,1,1,1,0,1,1,0,1,0,1,1,1,1,1,0,1,0,1,1,0,0,0,0,0,0,0,1,0,0,0,0,0,0,1,1,1,1,0,1,1,0,1,0,0,0,1,0,0,1,0,0,1,0,0,0,0,1,0,0,0,1,0,0,0,0,1,0,0,1,0,0,0,0,1,1,0,0,1,1,0,0,0,0,0,0,1,0,0,0,0,1,0,0,1,0,0,0,0,0,0,1,1,1,0,0,0,1,1,0,0,1,0,0,0,0,0,0,0,0,0,0,0,0,0,0,0,0,0,0,0,0,0,0,0,0,0,1,0,0,0,0,0,0,0,0,0,0,0,0,0,0
0,1,0,1,1,1,0,0,1,0,1,1,1,1,1,1,1,1,1,0,0,1,0,0,0,1,1,1,1,1,1,1,0,1,0,0,0,1,1,0,0,1,0,1,1,1,0,1,0,1,1,0,0,1,1,0,0,0,0,1,1,1,1,1,1,1,0,1,0,0,1,1,1,0,1,1,0,1,0,1,1,1,1,1,0,1,0,1,1,1,0,1,0,0,0,0,1,0,0,1,0,1,0,0,1,1,1,0,1,1,1,1,0,0,0,1,1,0,1,0,0,1,0,0,0,0,1,0,0,0,1,1,0,0,0,1,0,0,1,0,0,0,0,1,1,0,0,1,1,0,0,0,0,0,0,1,0,0,0,0,1,0,0,1,0,0,0,0,0,0,1,1,1,0,0,0,1,1,0,0,1,0,0,0,0,0,0,0,0,0,0,0,0,0,0,0,0,0,0,0,0,0,0,0,0,0,1,0,0,0,0,0,0,0,0,0,0,0,0,0,0
0,1,0,1,1,1,0,0,1,0,1,1,1,1,1,1,1,1,0,0,0,0,0,0,0,1,1,1,1,0,1,1,0,1,0,0,0,1,1,0,0,1,0,1,1,1,0,1,0,1,1,0,0,1,1,0,0,0,0,1,1,1,1,1,1,0,0,0,0,0,1,1,1,0,1,1,0,1,0,1,1,1,1,1,0,1,0,0,1,0,0,0,0,0,0,0,0,0,0,0,0,0,0,0,1,1,1,0,1,1,0,1,0,0,0,1,0,0,1,0,0,1,0,0,0,0,1,0,0,0,1,0,0,0,0,0,0,0,1,0,0,0,0,1,1,0,0,1,1,0,0,0,0,0,0,1,0,0,0,0,1,0,0,1,0,0,0,0,0,0,1,1,1,0,0,0,1,0,0,0,1,0,0,0,0,0,0,0,0,0,0,0,0,0,0,0,0,0,0,0,0,0,0,0,0,0,1,0,0,0,0,0,0,0,0,0,0,0,0,0,0
0,1,0,1,1,1,0,0,1,0,1,1,1,1,1,1,1,1,0,0,0,0,0,0,0,1,1,1,1,0,1,1,0,1,0,0,0,1,1,0,0,1,0,1,1,1,0,1,0,1,1,1,0,1,1,0,0,0,0,0,1,1,1,1,1,1,0,0,0,0,1,1,1,0,1,1,0,1,0,1,1,1,1,1,0,1,0,1,1,0,0,0,0,0,0,0,1,0,0,0,0,0,0,1,1,1,1,0,1,1,0,1,0,0,0,1,0,0,1,0,0,1,0,0,0,0,1,0,0,0,1,0,0,0,0,1,0,0,1,0,0,0,0,1,1,0,0,1,1,0,0,0,0,0,0,1,0,0,0,0,1,0,0,1,0,0,0,0,0,0,1,1,1,0,0,0,1,1,0,0,1,0,0,0,0,0,0,0,0,0,0,0,0,0,0,0,1,0,0,0,0,0,0,0,0,0,0,0,0,0,0,0,0,0,0,0,0,0,0,0,0
0,1,0,1,1,1,0,0,1,0,1,1,1,1,1,1,1,1,0,0,0,0,0,0,0,1,1,1,1,0,1,1,0,1,0,0,0,1,1,0,0,1,0,1,1,1,0,1,0,1,1,1,0,1,1,0,0,0,0,0,1,1,1,1,1,1,0,0,0,0,1,1,1,0,1,1,0,1,0,1,1,1,1,1,0,1,0,1,1,0,0,0,0,0,0,0,1,0,0,0,0,0,0,1,1,1,1,0,1,1,0,1,0,0,0,1,0,0,1,0,0,1,0,0,0,0,1,0,0,0,1,0,0,0,0,1,0,0,1,0,0,0,0,1,1,0,0,1,1,0,0,0,0,0,0,1,0,0,0,0,1,0,0,1,0,0,0,0,0,0,1,1,1,0,0,0,1,1,0,0,1,0,0,0,0,0,0,0,0,0,0,0,0,0,0,0,1,0,0,0,0,0,0,0,0,0,0,0,0,0,0,0,0,0,0,0,0,0,0,0,0
0,1,0,1,1,1,0,0,1,0,1,1,1,1,1,1,1,1,0,0,0,0,0,0,0,1,1,1,1,0,1,1,0,1,0,0,0,1,1,0,0,1,0,1,1,1,0,1,0,1,1,0,0,1,1,0,0,0,0,0,1,1,1,1,1,0,0,0,0,0,1,1,1,0,1,1,0,1,0,1,1,1,1,1,0,1,0,0,1,0,0,0,0,0,0,0,0,0,0,0,0,0,0,0,1,1,1,0,1,1,0,1,0,0,0,1,0,0,1,0,0,1,0,0,0,0,1,0,0,0,1,0,0,0,0,0,0,0,1,0,0,0,0,1,1,0,0,1,1,0,0,0,0,0,0,1,0,0,0,0,1,0,0,1,0,0,0,0,0,0,1,1,1,0,0,0,1,0,0,0,1,0,0,0,0,0,0,0,0,0,0,0,0,0,0,0,1,0,0,0,0,0,0,0,0,0,0,0,0,0,0,0,0,0,0,0,0,0,0,0,0
0,1,0,1,1,1,1,0,0,0,1,1,1,1,1,1,1,1,1,0,0,1,0,0,0,1,1,0,1,0,1,0,0,1,0,0,0,1,1,1,0,1,0,1,1,1,0,1,1,1,1,1,0,1,1,0,0,1,1,1,1,1,1,1,1,1,0,0,1,0,1,1,1,0,1,1,0,1,0,1,1,1,1,1,0,1,0,1,1,0,1,0,0,0,0,0,1,1,0,0,0,0,0,1,1,1,1,0,1,1,0,1,1,1,1,1,0,1,1,0,0,1,0,1,0,1,1,1,1,0,1,0,0,0,0,1,1,0,1,1,0,0,0,1,1,1,1,1,1,0,0,0,0,1,0,1,0,0,0,1,1,1,0,1,0,1,0,0,1,0,1,1,1,1,0,1,1,1,0,1,1,1,0,0,0,0,1,1,0,1,0,1,0,0,0,1,1,1,1,0,0,1,1,0,0,0,1,1,1,1,0,0,1,0,1,0,1,1,0,0,1
1,1,0,1,1,1,1,0,0,0,1,1,1,1,1,1,1,1,1,0,0,1,1,1,0,1,1,0,1,1,1,0,0,1,0,0,0,1,1,1,0,1,0,1,1,1,0,1,1,1,1,1,0,1,1,0,0,1,1,1,1,1,1,1,1,1,0,1,1,0,1,1,1,0,1,1,0,1,0,1,1,1,1,1,0,1,0,1,1,1,1,1,0,0,0,0,1,1,0,1,0,1,0,0,1,1,1,0,1,1,1,1,1,1,1,1,1,1,1,0,0,1,0,1,0,1,1,1,1,0,1,1,0,0,0,1,1,0,1,1,0,0,0,1,1,1,1,1,1,0,0,0,0,1,0,1,0,0,0,1,1,1,0,1,0,1,0,0,1,0,1,1,1,1,0,1,1,1,0,1,1,1,0,0,0,0,1,1,0,1,0,1,0,0,0,1,1,1,1,0,0,1,1,0,0,0,1,1,1,1,0,0,1,0,1,0,1,1,0,0,1
0,1,0,1,1,1,1,0,0,0,1,1,1,1,1,1,1,1,1,0,0,1,0,0,0,1,1,0,1,0,1,0,0,1,0,0,0,1,1,1,0,1,0,1,1,1,0,1,1,1,1,1,0,1,1,0,0,1,1,1,1,1,1,1,1,1,0,0,1,0,1,1,1,0,1,1,0,1,0,1,1,1,1,1,0,1,0,1,1,0,1,0,0,0,0,0,1,1,0,0,0,0,0,1,1,1,1,0,1,1,0,1,1,1,1,1,0,1,1,0,0,1,0,1,0,1,1,1,1,0,1,0,0,0,0,1,1,0,1,1,0,0,0,1,1,1,1,1,1,0,0,0,0,1,0,1,0,0,0,1,1,1,0,1,0,1,0,0,1,0,1,1,1,1,0,1,1,1,0,1,1,1,0,0,0,0,1,1,0,1,0,1,0,0,0,1,1,1,1,0,0,1,1,0,0,0,1,1,1,1,0,0,1,0,1,0,1,1,0,0,1
1,1,0,1,1,1,1,0,0,0,1,1,1,1,1,1,1,1,1,0,0,1,1,1,0,1,1,0,1,1,1,0,0,1,0,0,0,1,1,1,0,1,0,1,1,1,0,1,1,1,1,1,0,1,1,0,0,1,1,1,1,1,1,1,1,1,0,1,1,0,1,1,1,0,1,1,0,1,0,1,1,1,1,1,0,1,0,1,1,1,1,1,0,0,0,0,1,1,0,1,0,1,0,0,1,1,1,0,1,1,1,1,1,1,1,1,1,1,1,0,0,1,0,1,0,1,1,1,1,0,1,1,0,0,0,1,1,0,1,1,0,0,0,1,1,1,1,1,1,0,0,0,0,1,0,1,0,0,0,1,1,1,0,1,0,1,0,0,1,0,1,1,1,1,0,1,1,1,0,1,1,1,0,0,0,0,1,1,0,1,0,1,0,0,0,1,1,1,1,0,0,1,1,0,0,0,1,1,1,1,0,0,1,0,1,0,1,1,0,0,1
0,1,0,0,0,1,1,0,0,0,0,0,0,0,0,0,1,1,1,0,0,1,0,0,0,1,1,0,1,0,1,0,0,1,0,0,0,0,1,1,0,0,0,1,0,0,0,0,0,0,0,1,0,0,0,0,1,1,1,0,0,0,0,1,1,0,0,0,1,0,0,1,0,1,0,1,0,1,1,0,1,0,0,1,0,1,1,0,1,0,1,0,0,0,0,1,1,1,0,1,0,0,0,0,0,0,0,1,1,0,0,0,1,1,0,1,1,1,1,0,1,0,0,1,1,0,0,1,1,0,0,0,1,0,0,1,1,0,0,1,0,1,0,1,0,1,1,1,0,0,1,1,0,1,1,0,1,1,0,1,1,0,1,1,0,1,0,0,1,0,1,1,0,1,0,1,1,1,1,0,1,1,0,1,1,0,1,1,1,1,0,0,1,1,0,1,0,1,0,0,0,0,0,1,1,0,0,0,0,0,1,0,0,1,0,0,0,0,1,0,0
0,1,0,0,0,1,1,0,0,0,0,0,0,0,0,0,1,1,1,0,0,1,0,0,0,1,1,0,1,0,1,0,0,1,0,0,0,0,1,1,0,0,0,1,0,0,0,0,0,0,0,1,0,0,0,0,1,1,1,0,0,0,0,1,1,0,0,0,1,0,0,1,0,1,0,1,0,1,1,0,1,0,0,1,0,1,1,0,1,0,1,0,0,0,0,1,1,1,0,1,0,0,0,0,0,0,0,1,1,0,0,0,1,1,0,1,1,1,1,0,1,0,0,1,1,0,0,1,1,0,0,0,1,0,0,1,1,0,0,1,0,1,0,1,0,1,1,1,0,0,1,1,0,1,1,0,1,1,0,1,1,0,1,1,0,1,0,0,1,0,1,1,0,1,0,1,1,1,1,0,1,1,0,1,1,0,1,1,1,1,0,0,1,1,0,1,1,1,0,0,0,0,0,1,1,0,0,1,0,0,1,0,0,1,1,1,0,0,1,0,0
0,1,0,0,0,1,1,0,0,1,0,0,0,0,0,0,1,1,1,0,0,1,0,0,0,1,1,0,1,0,1,0,1,1,0,0,0,0,1,1,1,0,0,1,0,0,1,0,0,0,0,0,0,0,0,0,1,1,1,0,0,0,0,1,1,0,0,0,1,0,0,1,0,1,0,1,0,1,1,0,1,0,0,1,0,1,1,0,1,0,1,0,0,0,0,1,1,1,1,1,1,0,0,0,0,0,0,1,1,0,0,0,1,1,0,1,1,1,1,1,1,0,0,1,1,0,0,1,1,0,0,0,1,0,0,1,1,1,0,1,0,1,1,1,0,1,1,1,0,0,1,1,0,1,1,0,1,1,0,1,1,0,1,1,0,1,0,0,1,0,1,1,0,1,0,1,1,1,1,0,1,1,0,1,1,0,1,1,1,1,0,0,1,1,0,1,0,1,0,0,0,0,0,1,1,0,0,0,0,0,1,0,0,0,0,0,0,0,1,0,0
0,1,0,0,0,1,1,1,0,0,0,0,0,0,0,0,1,1,1,0,0,1,0,0,0,1,1,0,1,0,1,0,0,1,0,0,0,0,1,1,0,0,0,1,0,0,0,0,1,0,0,1,0,0,0,0,1,1,1,0,0,0,0,1,1,0,0,0,1,0,0,1,0,1,0,1,0,1,1,0,1,0,0,1,0,1,1,0,1,0,1,0,0,0,0,1,1,1,0,1,0,0,0,0,0,0,0,1,1,0,0,0,1,1,0,1,1,1,1,0,1,0,0,1,1,0,0,1,1,0,0,0,1,0,0,1,1,0,0,1,0,1,0,1,0,1,1,1,0,0,1,1,0,1,1,0,1,1,0,1,1,0,1,1,0,1,0,0,1,0,1,1,0,1,0,1,1,1,1,0,1,1,0,1,1,0,1,1,1,1,0,1,1,1,0,1,0,1,0,0,0,1,0,1,1,0,0,1,0,0,1,0,0,0,1,0,0,0,1,0,0
0,1,0,1,0,1,1,1,0,0,0,0,0,0,0,0,1,1,1,0,0,1,0,0,0,1,1,0,1,0,1,0,0,1,0,0,0,0,1,1,0,0,0,1,0,0,0,0,0,0,0,0,0,1,1,0,1,1,1,0,0,0,0,1,1,0,0,0,1,0,0,1,0,1,0,1,0,1,1,0,1,0,0,1,0,1,1,0,1,0,1,0,0,0,0,1,1,1,0,1,0,0,0,0,0,0,0,1,1,0,0,0,1,1,0,1,1,1,1,0,1,0,0,1,1,0,0,1,1,0,0,0,1,0,0,1,1,0,0,1,0,1,0,1,0,1,1,1,0,0,1,1,0,1,1,0,1,1,0,1,1,0,1,1,0,1,0,0,1,0,1,1,0,1,0,1,1,1,1,0,1,1,0,1,1,0,1,1,1,1,0,0,1,1,1,1,0,1,0,0,0,0,0,1,1,0,0,0,0,0,1,0,0,0,0,0,0,0,1,0,0
0,1,0,0,0,1,1,0,0,1,0,0,0,0,0,0,1,1,1,0,0,1,0,0,0,1,1,0,1,0,1,0,1,1,0,0,0,0,1,1,1,0,0,1,0,0,1,0,0,0,0,0,0,0,0,0,1,1,1,0,0,0,0,1,1,0,0,0,1,0,0,1,0,1,0,1,0,1,1,0,1,0,0,1,0,1,1,0,1,0,1,0,0,0,0,1,1,1,1,1,1,0,0,0,0,0,0,1,1,0,0,0,1,1,0,1,1,1,1,1,1,0,0,1,1,0,0,1,1,0,0,0,1,0,0,1,1,1,0,1,0,1,1,1,0,1,1,1,0,0,1,1,0,1,1,0,1,1,0,1,1,0,1,1,0,1,0,0,1,0,1,1,0,1,0,1,1,1,1,0,1,1,0,1,1,0,1,1,1,1,0,0,1,1,0,1,0,1,0,0,0,0,0,1,1,0,0,0,0,0,1,0,0,0,0,0,0,0,1,0,0
1,1,0,0,0,1,1,0,0,0,1,1,0,0,0,0,0,1,1,0,0,1,1,0,0,0,0,0,0,0,1,0,0,0,0,1,1,0,0,1,0,1,1,1,0,0,0,1,1,0,0,1,0,0,0,0,1,0,0,0,0,0,1,0,0,0,0,0,1,0,0,1,0,1,0,0,0,0,1,0,1,0,0,0,0,0,1,0,0,0,0,0,0,0,0,0,0,0,0,0,0,0,0,0,0,0,0,1,0,0,0,1,0,0,0,0,0,0,0,0,0,0,0,0,1,0,0,0,0,0,0,0,1,0,0,0,0,0,0,0,0,0,0,0,0,0,0,0,0,0,1,1,0,0,0,0,0,0,0,0,0,0,0,0,0,1,0,0,0,0,0,0,0,0,0,0,0,0,1,0,0,0,0,0,0,0,1,0,1,1,0,0,1,0,0,1,1,1,1,0,0,0,0,1,0,1,1,0,0,0,0,0,0,1,0,1,0,1,0,0,0
1,1,0,0,0,1,1,0,0,0,1,1,0,0,0,0,0,1,1,0,0,1,1,1,0,0,0,0,0,0,1,0,0,0,0,1,1,0,0,1,0,1,1,1,0,0,0,1,1,0,0,1,0,0,0,0,1,0,0,0,0,0,1,0,0,0,0,0,1,0,0,1,0,1,0,0,0,0,1,0,1,0,0,0,0,0,1,0,1,0,0,0,0,0,0,0,0,0,0,0,0,0,0,0,0,0,0,1,0,0,0,1,0,0,0,0,0,0,1,0,0,0,0,0,1,0,0,0,0,0,0,0,1,0,0,0,0,0,0,0,0,0,0,0,0,0,0,1,0,0,1,1,0,0,0,0,0,0,0,0,1,0,0,1,0,1,0,0,0,0,0,0,0,0,0,0,1,0,1,0,0,0,0,0,0,0,1,0,1,1,0,0,1,0,0,1,1,1,1,0,0,0,0,1,0,1,1,0,0,0,0,0,0,1,0,1,0,1,0,0,0
0,1,1,1,0,1,1,1,0,0,1,1,0,0,1,0,0,1,1,0,0,1,1,1,1,0,0,0,0,0,1,0,0,0,0,1,1,0,0,1,0,1,1,1,0,0,0,1,1,0,0,1,0,0,0,0,1,0,0,0,0,0,1,0,0,0,0,0,1,0,0,1,0,1,0,0,0,0,1,0,1,0,0,0,0,0,1,0,0,0,0,0,0,0,0,0,0,0,0,0,0,0,0,0,0,0,0,1,0,0,0,1,0,0,0,0,0,0,0,0,0,0,0,0,1,0,0,0,0,0,0,0,1,0,0,0,0,0,0,0,0,0,0,0,0,0,0,0,0,0,1,1,0,0,0,0,0,0,0,0,0,0,0,0,0,1,0,0,0,0,0,0,0,0,0,0,1,0,1,0,0,0,0,0,0,0,1,0,1,1,0,0,1,0,0,1,1,1,1,0,0,0,0,1,0,1,1,0,0,0,0,0,0,1,0,1,0,1,0,0,0
1,1,1,1,0,1,1,1,0,0,1,1,0,0,1,0,0,1,1,0,0,1,1,1,1,0,0,0,0,0,1,0,0,0,0,1,1,0,0,1,0,1,1,1,0,0,0,1,1,0,0,1,0,0,0,0,1,0,0,0,0,0,1,0,0,0,0,0,1,0,0,1,0,1,0,0,0,0,1,0,1,0,0,0,0,0,1,0,0,0,0,0,0,0,0,0,0,0,0,0,0,0,0,0,0,0,0,1,0,0,0,1,0,0,0,0,0,0,0,0,0,0,0,0,1,0,0,0,0,0,0,0,1,0,0,0,0,0,0,0,0,0,0,0,0,0,0,0,0,0,1,1,0,0,0,0,0,0,0,0,0,0,0,0,0,1,0,0,0,0,0,0,0,0,0,0,1,0,1,0,0,0,0,0,0,0,1,0,1,1,0,0,1,0,0,1,1,1,1,0,0,0,0,1,0,1,1,0,0,0,0,0,0,1,0,1,0,1,0,0,0
1,1,1,0,0,1,1,1,0,0,1,1,0,0,0,0,0,1,1,0,0,1,1,0,0,0,0,0,0,0,1,0,0,0,0,1,1,0,0,1,0,1,1,1,0,0,0,1,1,0,0,1,0,0,0,0,1,0,0,0,0,0,1,0,0,0,0,0,1,0,0,1,0,1,0,0,0,0,1,0,1,0,0,0,0,0,1,0,0,0,0,0,0,0,0,0,0,0,0,0,0,0,0,0,0,0,0,1,0,0,0,1,0,0,0,0,0,0,0,0,0,0,0,0,1,1,0,0,0,0,0,0,1,0,0,0,0,0,0,0,0,0,0,0,0,0,0,0,0,0,1,1,0,0,0,0,0,0,0,0,0,0,0,0,0,1,0,0,0,0,0,0,0,0,0,0,1,0,1,1,0,0,0,0,0,0,1,0,1,1,0,0,1,0,0,1,1,1,1,0,0,0,0,1,0,1,1,0,0,0,0,0,0,1,0,1,0,1,0,0,0
1,1,0,0,0,1,1,0,0,1,1,1,0,0,0,0,0,1,1,0,0,1,1,0,0,0,0,0,0,0,1,0,1,0,0,1,1,0,0,0,1,1,1,1,0,0,0,1,1,0,0,1,0,0,0,0,1,0,0,0,0,0,1,0,0,0,0,0,1,0,0,1,0,0,0,0,0,0,1,0,1,0,0,0,0,0,1,0,0,0,0,0,0,0,0,0,0,0,0,0,0,0,0,0,0,0,0,1,0,0,0,1,0,0,0,0,0,0,0,1,0,0,0,0,1,0,0,0,0,0,0,0,1,0,0,0,0,1,0,0,0,0,0,0,0,0,0,0,0,0,1,1,0,0,0,0,0,0,0,0,0,0,0,0,0,1,0,0,0,0,0,0,0,0,0,0,0,0,1,0,0,0,0,0,0,0,1,0,1,1,0,0,1,0,0,1,1,1,1,0,0,0,0,1,0,1,1,0,0,0,0,0,0,1,0,1,0,1,0,0,0
1,1,0,0,0,1,1,0,0,1,1,1,0,0,0,0,0,1,1,0,0,1,1,1,0,0,0,0,0,0,1,0,1,0,0,1,1,0,0,0,1,1,1,1,0,0,0,1,1,0,0,1,0,0,0,0,1,0,0,0,0,0,1,0,0,0,0,0,1,0,0,1,0,0,0,0,0,0,1,0,1,0,0,0,0,0,1,0,1,0,0,0,0,0,0,0,0,0,0,0,0,0,0,0,0,0,0,1,0,0,0,1,0,0,0,0,0,0,1,1,0,0,0,0,1,0,0,0,0,0,0,0,1,0,0,0,0,1,0,0,0,0,0,0,0,0,0,1,0,0,1,1,0,0,0,0,0,0,0,0,1,0,0,1,0,1,0,0,0,0,0,0,0,0,0,0,1,0,1,0,0,0,0,0,0,0,1,0,1,1,0,0,1,0,0,1,1,1,1,0,0,0,0,1,0,1,1,0,0,0,0,0,0,1,0,1,0,1,0,0,0
1,1,0,0,0,1,1,1,0,0,1,0,1,1,1,0,0,0,0,0,0,0,0,0,0,0,0,0,0,0,1,0,0,0,0,0,1,1,1,1,0,1,1,1,0,0,0,1,1,0,0,1,0,0,0,0,1,0,0,0,0,0,1,0,0,0,0,0,1,0,0,1,0,0,0,0,0,0,1,0,1,0,0,0,0,0,1,0,0,0,0,0,0,0,0,0,0,0,0,0,0,0,0,0,0,0,0,1,0,0,0,1,0,0,0,0,0,0,0,0,0,0,0,0,1,0,0,0,0,0,0,0,1,0,0,0,0,0,0,0,0,0,0,0,0,0,0,0,0,1,1,1,0,0,0,0,0,0,0,0,0,0,0,0,0,1,0,0,0,0,0,0,0,0,0,0,1,0,1,0,0,0,0,0,0,0,1,1,1,1,1,1,1,0,1,1,1,1,1,1,1,1,1,1,0,0,1,0,0,0,0,0,0,0,0,0,0,0,0,0,0
1,1,0,0,0,1,1,1,0,0,1,0,1,1,1,0,0,0,0,0,0,0,0,0,0,0,0,0,0,0,1,0,0,0,1,0,1,1,1,1,0,1,1,1,0,0,0,1,1,0,0,1,0,0,0,0,1,0,0,0,0,0,1,0,0,0,0,0,1,1,0,1,0,0,0,0,0,0,1,0,1,0,0,0,0,0,1,0,0,0,0,0,0,0,0,0,0,0,0,0,0,0,0,0,0,0,0,1,0,0,0,1,0,0,0,0,0,0,0,0,0,0,0,0,1,1,0,0,0,0,0,0,1,0,0,0,0,0,0,0,0,0,0,0,0,0,0,0,0,1,1,1,1,0,0,0,0,0,0,0,0,0,0,0,0,1,0,1,0,0,0,0,0,0,0,0,1,0,1,1,0,0,0,0,0,0,1,1,1,1,1,1,1,0,1,1,1,1,1,1,1,1,1,1,0,0,1,0,0,0,0,0,0,0,0,0,0,0,0,0,0
1,1,0,0,0,1,1,1,0,0,1,1,1,1,1,0,0,0,0,0,0,0,0,0,0,0,0,0,0,0,1,0,0,0,1,0,1,1,1,1,0,1,1,1,0,0,0,1,1,0,0,1,0,0,0,0,1,0,0,0,0,0,1,0,0,0,0,0,1,1,0,1,0,0,0,0,0,0,1,0,1,0,0,0,0,0,1,0,0,0,0,0,0,0,0,0,0,0,0,0,0,0,0,0,0,0,0,1,0,0,0,1,0,0,0,0,0,0,0,0,0,0,0,0,1,1,0,0,0,0,0,0,1,0,0,0,0,0,0,0,0,0,0,0,0,0,0,0,0,0,1,1,1,0,0,0,0,0,0,0,0,0,0,0,0,1,1,1,0,0,0,0,0,0,0,0,1,0,1,1,0,0,0,0,0,0,1,1,1,1,0,1,1,0,1,1,1,1,1,0,0,1,1,1,0,0,1,0,0,0,0,0,0,0,0,0,0,0,0,0,0
1,1,0,0,0,1,1,1,0,0,1,1,1,1,1,0,0,0,0,0,0,0,0,0,0,0,0,0,0,0,1,0,0,0,1,0,1,1,1,1,0,1,1,1,0,0,0,1,1,0,0,1,0,0,0,0,1,0,0,0,0,0,1,0,0,0,0,0,1,1,0,1,0,0,0,0,0,0,1,0,1,0,0,0,0,0,1,0,0,0,0,0,0,0,0,0,0,0,0,0,0,0,0,0,0,0,0,1,0,0,0,1,0,0,0,0,0,0,0,0,0,0,0,0,1,1,0,0,0,0,0,0,1,0,0,0,0,0,0,0,0,0,0,0,0,0,0,0,0,0,1,1,1,0,0,0,0,0,0,0,0,0,0,0,0,1,1,1,0,0,0,0,0,0,0,0,1,0,1,1,0,0,0,0,0,0,1,1,1,1,0,1,1,0,1,1,1,1,1,0,0,1,1,1,0,0,1,0,0,0,0,0,0,0,0,0,0,0,0,0,0
1,1,0,0,0,1,1,1,0,0,1,1,1,1,1,0,0,0,0,0,0,0,0,0,0,0,0,0,0,0,1,0,0,0,1,0,1,1,1,1,0,1,1,1,0,0,0,1,1,0,0,1,0,0,0,0,1,0,0,0,0,0,1,0,0,0,0,0,1,1,0,1,0,0,0,0,0,0,1,0,1,0,0,0,0,0,1,0,0,0,0,0,0,0,0,0,0,0,0,0,0,0,0,0,0,0,0,1,0,0,0,1,0,0,0,0,0,0,0,0,0,0,0,0,1,1,0,0,0,0,0,0,1,0,0,0,0,0,0,0,0,0,0,0,0,0,0,0,0,0,1,1,1,0,0,0,0,0,0,0,0,0,0,0,0,1,1,1,0,0,0,0,0,0,0,0,1,0,1,1,0,0,0,0,0,0,1,1,1,1,0,1,1,0,1,1,1,1,1,0,0,1,1,1,0,0,1,0,0,0,0,0,0,0,0,0,0,0,0,0,0
1,1,0,0,0,1,1,1,0,0,1,1,1,1,1,0,0,0,0,0,0,0,0,0,0,0,0,0,0,0,1,0,0,0,1,0,1,1,1,1,0,1,1,1,0,0,0,1,1,0,0,1,0,0,0,0,1,0,0,0,0,0,1,0,0,0,0,0,1,1,0,1,0,0,0,0,0,0,1,0,1,0,0,0,0,0,1,0,0,0,0,0,0,0,0,0,0,0,0,0,0,0,0,0,0,0,0,1,0,0,0,1,0,0,0,0,0,0,0,0,0,0,0,0,1,1,0,0,0,0,0,0,1,0,0,0,0,0,0,0,0,0,0,0,0,0,0,0,0,0,1,1,1,0,0,0,0,0,0,0,0,0,0,0,0,1,1,1,0,0,0,0,0,0,0,0,1,0,1,1,0,0,0,0,0,0,1,1,1,1,0,1,1,0,1,1,1,1,1,0,0,1,1,1,0,0,1,0,0,0,0,0,0,0,0,0,0,0,0,0,0
1,1,1,1,0,1,1,1,0,0,1,1,0,0,1,0,0,1,1,0,0,1,1,1,1,0,0,0,0,0,1,0,0,0,0,1,1,0,0,1,0,1,1,1,0,0,0,1,1,0,0,1,0,0,0,0,1,0,0,0,0,0,1,0,0,0,0,0,1,0,0,1,0,0,0,0,0,0,1,0,1,0,0,0,0,0,1,0,0,0,0,0,0,0,0,0,0,0,0,0,0,0,0,0,0,0,0,1,0,0,0,1,0,0,0,0,0,0,0,0,0,0,0,0,1,0,0,0,0,0,0,0,1,0,0,0,0,0,0,0,0,0,0,0,0,0,0,0,0,0,1,1,0,0,0,0,0,0,0,0,0,0,0,0,0,1,0,0,0,0,0,0,0,0,0,0,1,0,1,0,0,0,0,0,0,0,1,0,1,1,0,0,1,0,0,1,1,1,1,0,0,0,0,1,0,1,1,0,0,0,0,0,0,1,0,1,0,1,0,0,0
1,1,0,0,0,1,1,1,0,0,1,1,1,1,1,0,0,0,0,0,0,0,0,0,0,0,0,0,0,0,1,0,0,0,1,0,1,1,1,1,0,1,1,1,0,0,0,1,1,0,0,1,0,0,0,0,1,0,0,0,0,0,1,0,0,0,0,0,1,1,0,1,0,0,0,0,0,0,1,0,1,0,0,0,0,0,1,0,0,0,0,0,0,0,0,0,0,0,0,0,0,0,0,0,0,0,0,1,0,0,0,1,0,0,0,0,0,0,0,0,0,0,0,0,1,1,0,0,0,0,0,0,1,0,0,0,0,0,0,0,0,0,0,0,0,0,0,0,0,0,1,1,1,0,0,0,0,0,0,0,0,0,0,0,0,1,1,1,0,0,0,0,0,0,0,0,1,0,1,1,0,0,0,0,0,0,1,1,1,1,0,1,1,0,1,1,1,1,1,0,0,1,1,1,0,0,1,0,0,0,0,0,0,0,0,0,0,0,0,0,0
0,1,0,0,0,1,1,0,0,0,0,0,0,0,0,0,0,1,1,0,0,1,1,0,0,0,1,0,1,0,1,0,0,0,1,0,0,0,0,1,0,1,0,1,0,0,0,1,0,0,0,1,0,0,0,0,0,1,1,0,0,0,1,0,0,0,0,0,0,1,0,1,0,1,0,0,0,0,0,0,1,0,0,0,0,0,0,0,1,0,0,0,0,0,0,1,0,1,0,0,0,0,0,0,0,0,0,1,0,0,0,1,1,1,0,0,0,1,1,0,1,0,0,0,0,0,0,1,1,0,0,0,1,0,0,0,0,0,0,0,0,1,0,0,0,0,1,1,0,0,0,0,1,1,0,0,0,1,0,0,1,0,0,1,0,1,0,0,1,0,0,0,0,1,0,1,1,0,0,0,0,0,1,1,1,0,1,0,1,1,0,0,1,1,0,1,1,1,0,0,0,0,0,1,1,0,0,1,0,0,0,0,0,1,1,0,0,0,0,0,0
0,0,0,1,0,1,0,0,0,0,0,0,0,0,0,1,1,1,0,0,0,0,0,0,0,0,0,0,0,0,1,0,0,0,1,0,0,1,1,1,0,1,0,1,0,0,0,1,0,0,0,0,0,0,0,0,0,1,1,0,0,0,1,0,0,0,0,0,0,1,0,0,0,0,0,0,0,0,0,0,0,0,0,0,0,0,0,0,1,0,0,0,0,0,0,0,0,1,0,0,0,0,0,0,0,0,0,0,0,0,0,1,1,1,0,0,0,1,1,0,0,0,0,0,0,0,0,1,1,0,0,0,0,0,0,0,0,0,0,0,0,0,0,0,0,0,1,1,0,0,0,0,1,1,0,0,0,0,0,0,1,0,0,1,0,1,0,0,1,0,0,0,0,1,0,1,1,0,0,0,0,0,1,0,0,0,1,0,0,1,0,1,0,0,0,1,0,0,0,0,0,1,1,0,0,0,0,1,0,0,0,0,0,0,1,0,0,0,0,0,0
0,1,0,0,0,1,1,0,0,0,0,0,0,0,0,1,1,1,1,0,0,1,0,0,0,0,1,0,0,0,1,0,0,0,1,0,1,0,0,1,0,1,1,1,0,0,0,1,1,0,0,0,0,0,0,0,0,1,1,0,0,0,1,0,0,0,0,0,0,1,0,1,0,1,0,0,0,0,0,0,1,0,0,0,0,0,0,0,1,0,0,0,0,0,0,1,0,1,0,0,0,0,0,0,0,0,0,1,0,0,0,1,1,1,0,0,0,1,1,0,1,0,0,0,0,0,0,1,1,0,0,0,1,0,0,0,0,0,0,0,0,1,0,0,0,0,1,1,0,0,0,0,1,1,0,0,0,1,0,0,1,0,0,1,0,1,0,0,1,0,0,0,0,1,0,1,1,0,0,0,0,0,1,1,1,0,1,0,1,1,0,1,1,1,0,1,1,1,0,0,0,1,0,1,1,0,0,1,0,0,0,0,0,1,1,0,0,0,0,0,0
0,0,0,1,0,1,1,0,0,0,0,0,0,0,0,1,1,1,0,0,0,0,0,0,0,0,0,0,0,0,1,0,0,0,0,0,0,1,1,1,0,1,0,1,0,0,0,1,1,0,0,1,0,0,0,0,0,1,1,0,0,0,1,0,0,0,0,0,1,0,0,0,0,0,0,0,0,0,0,0,0,0,0,0,0,0,0,0,1,0,1,0,0,0,0,0,0,1,0,0,0,0,0,0,0,0,0,0,0,0,0,1,1,1,1,0,0,1,1,0,0,0,0,1,0,1,0,1,1,0,0,0,0,0,0,0,1,0,0,1,0,0,0,0,0,1,1,1,0,0,0,0,0,1,0,0,0,0,0,1,1,1,0,1,0,1,0,0,1,0,0,0,0,1,0,1,1,0,0,1,0,1,0,0,0,0,1,1,0,1,0,1,0,0,0,1,0,1,1,0,0,1,1,0,0,0,0,1,1,0,0,0,1,0,1,0,1,0,0,0,1
0,0,0,1,0,1,1,0,0,0,1,0,1,1,0,0,0,0,0,0,0,0,0,0,0,0,0,0,0,0,1,0,0,0,0,0,0,1,1,1,0,1,0,1,0,0,0,1,1,0,0,1,0,0,0,0,0,1,1,0,0,0,1,0,0,0,0,0,1,0,0,0,0,0,0,0,0,0,0,0,0,0,0,0,0,0,0,0,1,0,1,0,0,0,0,0,0,1,0,0,0,0,0,0,0,0,0,0,0,0,0,1,1,1,1,0,0,1,1,0,0,0,0,1,0,1,0,1,1,0,0,0,0,0,0,0,1,0,0,1,0,0,0,0,0,1,1,1,0,0,0,0,0,1,0,0,0,0,0,1,1,1,0,1,0,1,0,0,1,0,0,0,0,1,0,1,1,0,0,1,0,1,0,0,0,0,1,1,0,1,0,1,0,0,0,1,0,1,1,0,0,1,1,0,0,0,0,1,1,0,0,0,1,0,1,0,1,0,0,0,1
0,0,0,1,0,1,1,0,0,0,0,0,0,0,0,1,1,1,0,0,0,0,0,0,0,0,0,0,0,0,1,0,0,0,0,0,0,1,1,1,0,1,1,1,0,0,0,1,1,0,0,1,0,0,0,0,0,1,1,0,0,0,1,0,0,0,0,0,1,0,0,0,0,0,0,0,0,0,0,0,0,0,0,0,0,0,0,0,1,0,1,0,0,0,0,0,0,1,0,0,0,0,0,0,0,0,0,0,0,0,0,1,1,1,1,0,0,1,1,0,0,0,0,1,1,1,0,1,1,0,0,0,0,0,0,0,1,0,0,1,0,0,0,0,0,1,1,1,0,0,1,1,0,1,0,0,0,0,0,1,1,1,0,1,0,1,0,0,1,0,0,0,0,1,0,1,1,0,1,1,0,1,0,0,0,0,1,1,0,1,0,1,0,0,0,1,0,1,1,0,0,1,1,0,0,0,0,1,1,0,0,0,1,0,1,0,1,0,0,0,1
0,0,0,1,0,1,1,0,0,0,0,0,0,0,0,1,1,1,0,0,0,0,0,0,0,0,0,0,0,0,1,0,0,0,0,0,0,1,1,1,0,1,0,1,0,0,0,1,1,0,0,1,0,0,0,0,0,1,1,0,0,0,1,0,0,0,0,0,1,0,0,0,0,0,0,0,0,0,0,0,0,0,0,0,0,0,0,0,1,0,1,0,0,0,0,0,0,1,0,0,0,0,0,0,0,0,0,0,0,0,0,1,1,1,1,0,0,1,1,0,0,0,0,1,0,1,1,1,1,0,0,0,0,0,0,0,1,0,0,1,0,0,0,0,0,1,1,1,1,0,0,0,0,1,0,0,0,0,0,1,1,1,0,1,0,1,0,0,1,0,0,0,0,1,0,1,1,0,0,1,0,1,0,0,0,0,1,1,0,1,0,1,0,0,0,1,0,1,1,0,0,1,1,0,0,0,0,1,1,0,0,0,1,0,1,0,1,0,0,0,1
0,0,0,1,0,1,1,0,0,0,1,0,0,1,0,1,1,1,0,0,0,0,0,0,0,0,0,0,0,0,1,0,0,0,0,0,0,1,1,1,0,1,0,1,0,0,0,1,1,0,0,0,0,0,0,0,1,1,1,0,0,0,1,0,0,0,0,0,1,0,0,0,0,0,0,0,0,0,0,0,0,0,0,0,0,0,0,0,1,0,1,0,0,0,0,0,0,1,0,0,0,0,0,0,0,0,0,0,0,0,0,1,1,1,1,0,0,1,1,0,0,0,0,1,0,1,0,1,1,0,0,0,0,0,0,0,1,0,0,1,0,0,0,0,0,1,1,1,0,0,0,0,0,1,0,0,0,0,0,1,1,1,0,1,0,1,0,0,1,0,0,0,0,1,0,1,1,0,0,1,0,1,0,0,0,0,1,1,0,1,0,1,0,0,0,1,0,1,1,0,0,1,1,0,0,0,0,1,1,0,0,0,1,0,1,0,1,0,0,0,1
0,0,0,1,0,1,1,0,0,0,1,0,1,1,1,0,0,0,0,0,0,0,0,0,0,0,0,0,0,0,1,0,0,0,0,0,0,1,1,1,0,1,0,1,0,0,0,1,1,0,0,0,0,0,0,0,1,1,1,0,0,0,1,0,0,0,0,0,1,0,0,0,0,0,0,0,0,0,0,0,0,0,0,0,0,0,0,0,1,0,1,0,0,0,0,0,0,1,0,0,0,0,0,0,0,0,0,0,0,0,0,1,1,1,1,0,0,1,1,0,0,0,0,1,0,1,0,1,1,0,0,0,0,0,0,0,1,0,0,1,0,0,0,0,0,1,1,1,0,0,0,0,0,1,0,0,0,0,0,1,1,1,0,1,0,1,0,0,1,0,0,0,0,1,0,1,1,0,0,1,0,1,0,0,0,0,1,1,0,1,0,1,0,0,0,1,0,1,1,0,0,1,1,0,0,0,0,1,1,0,0,0,1,0,1,0,1,0,0,0,1
0,0,0,1,0,1,1,0,0,0,1,0,0,1,0,1,1,1,0,0,0,0,0,0,0,0,0,0,0,0,1,0,0,0,0,0,0,1,1,1,0,1,1,1,0,0,0,1,1,0,0,0,0,0,0,0,1,1,1,0,0,0,1,0,0,0,0,0,1,0,0,0,0,0,0,0,0,0,0,0,0,0,0,0,0,0,0,0,1,0,1,0,0,0,0,0,0,1,0,0,0,0,0,0,0,0,0,0,0,0,0,1,1,1,1,0,0,1,1,0,0,0,0,1,1,1,0,1,1,0,0,0,0,0,0,0,1,0,0,1,0,0,0,0,0,1,1,1,0,0,1,1,0,1,0,0,0,0,0,1,1,1,0,1,0,1,0,0,1,0,0,0,0,1,0,1,1,0,1,1,0,1,0,0,0,0,1,1,0,1,0,1,0,0,0,1,0,1,1,0,0,1,1,0,0,0,0,1,1,0,0,0,1,0,1,0,1,0,0,0,1
0,0,0,1,0,1,1,0,0,0,1,0,0,1,0,1,1,1,0,0,0,0,0,0,0,0,0,0,0,0,1,0,0,0,0,0,0,1,1,1,0,1,0,1,0,0,0,1,1,0,0,1,0,0,0,0,1,1,1,0,0,0,1,0,0,0,0,0,1,0,0,0,0,0,0,0,0,0,0,0,0,0,0,0,0,0,0,0,1,0,1,0,0,0,0,0,0,1,0,0,0,0,0,0,0,0,0,0,0,0,0,1,1,1,1,0,0,1,1,0,0,0,0,1,0,1,1,1,1,0,0,0,0,0,0,0,1,0,0,1,0,0,0,0,0,1,1,1,1,0,0,0,0,1,0,0,0,0,0,1,1,1,0,1,0,1,0,0,1,0,0,0,0,1,0,1,1,0,0,1,0,1,0,0,0,0,1,1,0,1,0,1,0,0,0,1,0,1,1,0,0,1,1,0,0,0,0,1,1,0,0,0,1,0,1,0,1,0,0,0,1
0,0,0,1,0,1,1,0,0,0,1,0,1,1,0,0,0,0,0,0,0,0,0,0,0,0,0,0,0,0,1,0,0,0,0,0,0,1,1,1,0,1,0,1,0,0,0,1,1,0,0,1,0,0,0,0,0,1,1,0,0,0,1,0,0,0,0,0,1,0,0,0,0,0,0,0,0,0,0,0,0,0,0,0,0,0,0,0,1,0,1,0,0,0,0,0,0,1,0,0,0,0,0,0,0,0,0,0,0,0,0,1,1,1,1,0,0,1,1,0,0,0,0,1,0,1,0,1,1,1,0,0,0,0,0,0,1,0,0,1,0,0,0,0,0,1,1,1,0,0,0,0,0,1,0,0,0,0,0,1,1,1,0,1,0,1,0,1,1,0,0,0,0,1,0,1,1,0,0,1,0,1,0,0,0,0,1,1,0,1,1,1,0,0,0,1,0,1,1,1,1,1,1,0,0,0,0,1,1,0,0,0,1,0,1,0,1,0,0,0,1
0,1,0,1,0,1,1,0,0,0,0,0,0,0,0,1,1,1,0,0,0,0,0,0,0,0,0,0,0,0,1,0,0,0,0,0,0,1,1,1,0,1,0,1,0,0,0,1,1,0,0,1,0,0,0,0,0,1,1,0,0,0,1,0,0,0,0,0,1,0,0,0,0,0,0,0,0,0,0,0,0,0,0,0,0,0,0,0,1,0,1,0,0,0,0,0,0,1,0,0,0,0,0,0,0,0,0,0,0,0,0,1,1,1,1,0,0,1,1,0,0,0,0,1,0,1,0,1,1,1,0,0,0,0,0,0,1,0,0,1,0,0,0,0,0,1,1,1,0,0,0,0,0,1,0,0,0,0,0,1,1,1,0,1,0,1,0,1,1,0,0,0,0,1,0,1,1,0,0,1,0,1,0,0,0,0,1,1,0,1,1,1,0,0,0,1,0,1,1,1,1,1,1,0,0,0,0,1,1,0,0,0,1,0,1,0,1,0,0,0,1
0,0,0,1,0,1,1,1,0,0,0,0,0,0,0,1,1,1,0,0,0,0,0,0,0,0,0,0,0,0,1,0,0,0,0,0,0,1,1,1,0,1,1,1,0,0,0,1,1,0,0,1,0,0,0,0,0,1,1,0,0,0,1,0,0,0,0,0,1,0,0,0,0,0,0,0,0,0,0,0,0,0,0,0,0,0,0,0,1,0,1,0,0,0,0,0,0,1,0,0,0,0,0,0,0,0,0,0,0,0,0,1,1,1,1,0,0,1,1,0,0,0,0,1,1,1,0,1,1,1,0,0,0,0,0,0,1,0,0,1,0,0,0,0,0,1,1,1,0,0,1,1,0,1,0,0,0,0,0,1,1,1,0,1,0,1,0,1,1,0,0,0,0,1,0,1,1,0,1,1,0,1,0,0,0,0,1,1,0,1,1,1,0,0,0,1,0,1,1,1,1,1,1,0,0,0,0,1,1,0,0,0,1,0,1,0,1,0,0,0,1
0,1,0,1,0,1,1,0,0,0,0,0,0,0,0,1,1,1,0,0,0,0,0,0,0,0,0,0,0,0,1,0,0,0,0,0,0,1,1,1,0,1,0,1,0,0,0,1,1,0,0,1,0,0,0,0,0,1,1,0,0,0,1,0,0,0,0,0,1,0,0,0,0,0,0,0,0,0,0,0,0,0,0,0,0,0,0,0,1,0,1,0,0,0,0,0,0,1,0,0,0,0,0,0,0,0,0,0,0,0,0,1,1,1,1,0,0,1,1,0,0,0,0,1,0,1,1,1,1,1,0,0,0,0,0,0,1,0,0,1,0,0,0,0,0,1,1,1,1,0,0,0,0,1,0,0,0,0,0,1,1,1,0,1,0,1,0,1,1,0,0,0,0,1,0,1,1,0,0,1,0,1,0,0,0,0,1,1,0,1,1,1,0,0,0,1,0,1,1,1,1,1,1,0,0,0,0,1,1,0,0,0,1,0,1,0,1,0,0,0,1
0,0,0,1,0,1,1,0,0,0,0,0,0,0,0,1,1,1,0,0,0,0,0,0,0,0,0,0,0,0,1,0,0,0,1,0,0,1,1,1,0,1,0,1,0,0,0,1,1,0,0,1,0,0,0,0,0,1,1,0,0,0,1,0,0,0,0,0,1,1,0,0,0,0,0,0,0,0,0,0,0,0,0,0,0,0,0,0,1,0,1,0,0,0,0,0,0,1,0,0,0,0,0,0,0,0,0,0,0,0,0,1,1,1,1,0,0,1,1,0,0,0,0,1,0,1,0,1,1,0,0,0,0,0,0,0,1,0,0,1,0,0,0,0,0,1,1,1,0,0,0,0,1,1,0,0,0,0,0,1,1,1,0,1,0,1,0,0,1,0,0,0,0,1,0,1,1,0,0,1,0,1,1,0,0,0,1,1,0,1,0,1,0,0,0,1,0,1,1,0,0,1,1,0,0,0,0,1,1,0,0,0,1,0,1,0,1,0,0,0,1
0,0,0,1,0,1,1,0,0,0,1,0,1,1,0,0,0,0,0,0,0,0,0,0,0,0,0,0,0,0,1,0,0,0,1,0,0,1,1,1,0,1,0,1,0,0,0,1,1,0,0,1,0,0,0,0,0,1,1,0,0,0,1,0,0,0,0,0,1,1,0,0,0,0,0,0,0,0,0,0,0,0,0,0,0,0,0,0,1,0,1,0,0,0,0,0,0,1,0,0,0,0,0,0,0,0,0,0,0,0,0,1,1,1,1,0,0,1,1,0,0,0,0,1,0,1,0,1,1,0,0,0,0,0,0,0,1,0,0,1,0,0,0,0,0,1,1,1,0,0,0,0,1,1,0,0,0,0,0,1,1,1,0,1,0,1,0,0,1,0,0,0,0,1,0,1,1,0,0,1,0,1,1,0,0,0,1,1,0,1,0,1,0,0,0,1,0,1,1,0,0,1,1,0,0,0,0,1,1,0,0,0,1,0,1,0,1,0,0,0,1
0,0,0,1,0,1,1,0,0,0,0,0,0,0,0,1,1,1,0,0,0,0,0,0,0,0,0,0,0,0,1,0,0,0,1,0,0,1,1,1,0,1,1,1,0,0,0,1,1,0,0,1,0,0,0,0,0,1,1,0,0,0,1,0,0,0,0,0,1,1,0,0,0,0,0,0,0,0,0,0,0,0,0,0,0,0,0,0,1,0,1,0,0,0,0,0,0,1,0,0,0,0,0,0,0,0,0,0,0,0,0,1,1,1,1,0,0,1,1,0,0,0,0,1,1,1,0,1,1,0,0,0,0,0,0,0,1,0,0,1,0,0,0,0,0,1,1,1,0,0,1,1,1,1,0,0,0,0,0,1,1,1,0,1,0,1,0,0,1,0,0,0,0,1,0,1,1,0,1,1,0,1,1,0,0,0,1,1,0,1,0,1,0,0,0,1,0,1,1,0,0,1,1,0,0,0,0,1,1,0,0,0,1,0,1,0,1,0,0,0,1
0,0,0,1,0,1,1,0,0,0,0,0,0,0,0,1,1,1,0,0,0,0,0,0,0,0,0,0,0,0,1,0,0,0,1,0,0,1,1,1,0,1,0,1,0,0,0,1,1,0,0,1,0,0,0,0,0,1,1,0,0,0,1,0,0,0,0,0,1,1,0,0,0,0,0,0,0,0,0,0,0,0,0,0,0,0,0,0,1,0,1,0,0,0,0,0,0,1,0,0,0,0,0,0,0,0,0,0,0,0,0,1,1,1,1,0,0,1,1,0,0,0,0,1,0,1,1,1,1,0,0,0,0,0,0,0,1,0,0,1,0,0,0,0,0,1,1,1,1,0,0,0,1,1,0,0,0,0,0,1,1,1,0,1,0,1,0,0,1,0,0,0,0,1,0,1,1,0,0,1,0,1,1,0,0,0,1,1,0,1,0,1,0,0,0,1,0,1,1,0,0,1,1,0,0,0,0,1,1,0,0,0,1,0,1,0,1,0,0,0,1
0,0,0,1,0,1,1,0,0,0,0,0,0,0,0,1,1,1,0,0,0,0,0,0,0,0,0,0,0,0,1,0,0,0,1,0,0,1,1,1,0,1,0,1,0,0,0,1,1,0,0,1,0,0,0,0,0,1,1,0,0,0,1,0,0,0,0,0,1,1,0,0,0,0,0,0,0,0,0,0,0,0,0,0,0,0,0,0,1,0,1,0,0,0,0,0,0,1,0,0,0,0,0,0,0,0,0,0,0,0,0,1,1,1,1,0,0,1,1,0,0,0,0,1,0,1,0,1,1,0,0,0,0,0,0,0,1,0,0,1,0,0,0,0,0,1,1,1,0,0,0,0,1,1,0,0,0,0,0,1,1,1,0,1,0,1,0,0,1,0,0,0,0,1,0,1,1,0,0,1,0,1,1,0,0,0,1,1,0,1,0,1,0,0,0,1,0,1,1,0,0,1,1,0,0,0,0,1,1,0,0,0,1,0,1,0,1,0,0,0,1
0,0,0,1,0,1,1,0,0,0,1,0,1,1,0,0,0,0,0,0,0,0,0,0,0,0,0,0,0,0,1,0,0,0,1,0,0,1,1,1,0,1,0,1,0,0,0,1,1,0,0,1,0,0,0,0,0,1,1,0,0,0,1,0,0,0,0,0,1,1,0,0,0,0,0,0,0,0,0,0,0,0,0,0,0,0,0,0,1,0,1,0,0,0,0,0,0,1,0,0,0,0,0,0,0,0,0,0,0,0,0,1,1,1,1,0,0,1,1,0,0,0,0,1,0,1,0,1,1,0,0,0,0,0,0,0,1,0,0,1,0,0,0,0,0,1,1,1,0,0,0,0,1,1,0,0,0,0,0,1,1,1,0,1,0,1,0,0,1,0,0,0,0,1,0,1,1,0,0,1,0,1,1,0,0,0,1,1,0,1,0,1,0,0,0,1,0,1,1,0,0,1,1,0,0,0,0,1,1,0,0,0,1,0,1,0,1,0,0,0,1
0,0,0,1,0,1,1,0,0,0,0,0,0,0,0,1,1,1,0,0,0,0,0,0,0,0,0,0,0,0,1,0,0,0,1,0,0,1,1,1,0,1,1,1,0,0,0,1,1,0,0,1,0,0,0,0,0,1,1,0,0,0,1,0,0,0,0,0,1,1,0,0,0,0,0,0,0,0,0,0,0,0,0,0,0,0,0,0,1,0,1,0,0,0,0,0,0,1,0,0,0,0,0,0,0,0,0,0,0,0,0,1,1,1,1,0,0,1,1,0,0,0,0,1,1,1,0,1,1,0,0,0,0,0,0,0,1,0,0,1,0,0,0,0,0,1,1,1,0,0,1,1,1,1,0,0,0,0,0,1,1,1,0,1,0,1,0,0,1,0,0,0,0,1,0,1,1,0,1,1,0,1,1,0,0,0,1,1,0,1,0,1,0,0,0,1,0,1,1,0,0,1,1,0,0,0,0,1,1,0,0,0,1,0,1,0,1,0,0,0,1
0,0,0,1,0,1,1,0,0,0,0,0,0,0,0,1,1,1,0,0,0,0,0,0,0,0,0,0,0,0,1,0,0,0,1,0,0,1,1,1,0,1,0,1,0,0,0,1,1,0,0,1,0,0,0,0,0,1,1,0,0,0,1,0,0,0,0,0,1,1,0,0,0,0,0,0,0,0,0,0,0,0,0,0,0,0,0,0,1,0,1,0,0,0,0,0,0,1,0,0,0,0,0,0,0,0,0,0,0,0,0,1,1,1,1,0,0,1,1,0,0,0,0,1,0,1,1,1,1,0,0,0,0,0,0,0,1,0,0,1,0,0,0,0,0,1,1,1,1,0,0,0,1,1,0,0,0,0,0,1,1,1,0,1,0,1,0,0,1,0,0,0,0,1,0,1,1,0,0,1,0,1,1,0,0,0,1,1,0,1,0,1,0,0,0,1,0,1,1,0,0,1,1,0,0,0,0,1,1,0,0,0,1,0,1,0,1,0,0,0,1
0,0,0,1,0,1,1,0,1,0,0,0,0,0,0,1,1,0,0,0,0,0,0,0,0,1,0,0,0,0,1,0,0,0,0,0,1,0,1,0,0,0,1,1,1,1,0,0,1,0,0,1,1,1,0,1,0,1,0,0,0,1,0,0,0,1,0,1,0,0,1,0,1,0,0,1,1,0,0,1,0,0,0,1,1,0,0,1,1,1,0,1,1,1,0,0,1,1,0,1,0,1,1,0,1,0,1,0,0,1,1,0,1,1,0,1,1,1,1,0,0,1,1,0,0,0,0,1,1,0,0,0,0,0,0,1,0,0,1,0,1,0,0,1,1,0,1,0,0,0,0,0,0,1,0,1,0,0,0,0,1,0,0,1,1,1,1,0,0,0,0,0,0,1,1,0,1,1,0,0,1,0,0,0,0,1,0,0,0,0,0,0,0,0,0,0,0,0,0,0,0,0,0,0,0,0,0,0,0,0,0,0,0,0,0,0,0,0,0,0,0
1,1,0,1,1,0,0,0,1,0,0,0,0,0,0,1,1,1,1,1,1,1,1,1,1,1,1,1,1,1,0,1,0,1,0,0,0,0,1,0,0,1,0,0,1,1,0,1,0,0,0,0,0,1,1,0,0,0,0,1,1,1,0,1,1,1,0,1,0,0,1,0,1,0,0,1,0,0,0,1,0,0,0,1,0,0,0,1,1,1,0,1,0,0,0,0,1,0,0,1,0,1,0,0,1,1,1,0,0,1,1,1,0,0,0,1,1,0,1,0,0,1,0,0,0,0,0,0,0,0,1,1,0,0,0,1,0,0,1,0,0,0,0,1,1,0,0,1,0,0,0,0,0,0,0,1,0,0,0,0,1,0,0,1,0,0,0,0,0,0,1,0,0,0,0,0,1,1,0,0,1,0,0,0,0,0,0,0,0,0,0,0,0,0,0,1,1,0,0,0,0,0,0,0,0,0,0,0,0,0,0,1,0,0,0,0,0,0,0,1,0
1,1,1,1,1,1,1,0,0,0,1,0,1,1,0,1,1,1,1,0,0,1,1,1,1,1,1,1,1,1,1,0,0,1,0,0,0,0,1,1,0,1,1,1,1,1,0,1,1,0,0,0,0,1,1,0,0,1,1,1,1,1,0,1,1,1,0,1,1,0,1,1,1,0,0,1,0,1,0,1,1,0,0,1,0,1,0,1,1,1,1,1,0,0,0,0,1,1,0,1,0,1,0,0,1,1,1,1,0,1,1,1,1,1,0,1,1,1,1,0,0,1,0,1,0,0,0,1,1,0,1,1,1,0,0,1,1,0,1,1,0,0,0,1,1,1,1,1,0,0,1,0,0,1,1,1,0,0,0,1,1,0,1,1,0,1,1,0,1,0,1,1,1,1,0,1,1,1,0,0,1,1,0,0,0,0,1,1,0,1,0,1,0,0,0,1,1,1,0,0,0,1,1,0,0,0,1,0,0,0,1,1,0,0,0,0,0,0,1,1,0
0,1,0,1,1,1,1,0,0,0,0,0,0,0,0,1,1,1,1,1,1,1,0,1,0,1,1,1,1,0,1,0,0,1,1,0,0,0,1,1,0,1,0,1,1,1,0,1,0,0,0,0,1,1,1,0,0,1,1,1,1,1,0,1,1,1,0,1,0,1,1,0,1,0,0,1,1,0,0,1,0,0,0,1,1,0,0,1,1,1,0,1,0,0,0,0,1,1,0,1,0,1,0,0,1,1,1,0,0,1,1,1,1,1,0,1,1,1,1,0,0,1,0,0,1,0,1,1,1,0,1,1,0,0,0,1,0,0,1,0,0,0,0,1,1,0,1,1,1,0,0,0,1,1,0,1,0,0,0,0,1,0,0,1,0,1,1,0,1,0,1,0,0,1,0,1,1,1,1,0,1,0,1,0,0,0,1,1,0,1,0,0,0,0,0,1,1,1,0,0,0,0,0,0,0,0,0,0,0,0,0,1,0,0,0,0,0,0,0,1,0
1,1,0,1,0,1,1,0,0,0,0,0,0,0,0,1,1,1,1,0,0,1,1,1,0,1,1,0,1,0,1,0,0,1,1,0,0,0,1,1,0,1,0,1,1,1,0,1,1,0,0,1,0,1,1,0,0,1,1,1,1,1,0,1,1,1,0,1,1,1,1,1,1,0,0,1,0,1,0,1,1,0,0,1,0,1,0,1,1,1,1,1,0,0,0,0,1,1,0,1,0,1,0,0,1,1,1,0,0,1,1,1,1,1,1,1,1,1,1,0,1,1,0,1,0,1,0,1,1,0,1,1,0,0,0,1,1,0,1,1,0,0,0,1,1,1,1,1,0,0,0,0,1,1,0,1,0,0,0,1,1,1,0,1,0,1,0,0,1,0,1,1,1,1,0,1,1,1,0,1,1,1,1,1,1,0,1,0,0,1,0,0,0,0,0,1,1,0,1,0,0,0,0,0,0,0,0,1,1,0,0,1,1,0,1,0,1,0,0,1,1
0,1,0,1,1,1,1,0,0,0,0,0,0,0,0,1,1,1,1,1,1,1,0,1,0,1,1,1,1,0,1,0,0,1,1,0,0,0,1,1,0,1,0,1,1,1,0,1,0,1,1,0,0,1,1,0,0,1,1,1,1,1,0,1,1,1,0,1,0,1,1,0,1,0,1,1,0,0,0,1,0,1,1,1,0,0,0,1,1,1,0,1,0,0,1,0,1,1,0,1,0,1,0,1,1,1,1,0,0,1,1,1,1,0,0,1,1,1,1,0,0,1,0,0,1,0,0,1,1,0,1,1,0,0,0,1,0,0,1,0,0,0,0,1,1,0,1,1,0,0,0,0,1,1,0,1,0,0,0,0,1,0,0,1,0,1,0,0,1,0,1,0,0,1,0,1,1,1,1,0,1,0,1,0,0,0,1,1,0,1,0,0,0,0,0,1,1,1,0,0,0,0,0,0,0,0,0,0,0,0,0,1,0,0,0,0,0,0,0,1,0
0,1,0,1,1,1,1,0,0,0,0,0,0,0,0,1,1,1,1,1,1,1,0,1,0,1,1,1,1,0,1,0,0,1,1,0,0,0,1,1,0,1,0,1,1,1,0,1,0,0,0,0,0,1,1,0,0,1,1,1,1,1,0,1,1,1,0,1,0,1,1,0,1,0,1,1,0,0,0,1,0,0,1,1,0,0,0,1,1,1,0,1,0,0,0,0,1,1,0,1,0,1,0,0,1,1,1,0,0,1,1,1,1,1,0,1,1,1,1,0,0,1,0,0,1,0,0,1,1,0,1,1,0,0,0,1,0,0,1,0,0,0,0,1,1,0,1,1,0,0,0,0,1,1,0,1,0,0,0,0,1,0,0,1,0,1,0,0,1,0,1,0,0,1,0,1,1,1,1,0,1,0,1,0,0,0,1,1,0,1,0,0,0,0,0,1,1,1,0,0,0,0,0,0,0,0,0,0,0,0,0,1,0,0,0,0,0,0,0,1,0
0,1,0,1,1,1,1,0,0,0,0,0,0,0,0,1,1,1,1,1,1,1,0,1,0,1,1,1,1,0,1,0,0,1,1,0,0,0,1,1,0,1,0,1,1,1,0,1,0,0,0,0,0,1,1,0,0,1,1,1,1,1,0,1,1,1,0,1,0,1,1,0,1,0,1,1,0,0,0,1,0,0,1,1,0,0,0,1,1,1,0,1,0,0,0,0,1,1,0,1,0,1,0,0,1,1,1,0,0,1,1,1,1,1,0,1,1,1,1,0,0,1,0,0,1,0,0,1,1,0,1,1,0,0,0,1,0,0,1,0,0,0,0,1,1,0,1,1,0,0,0,0,1,1,0,1,0,0,0,0,1,0,0,1,0,1,0,0,1,0,1,0,0,1,0,1,1,1,1,0,1,0,1,0,0,0,1,1,0,1,0,0,0,0,0,1,1,1,0,0,0,0,0,0,0,0,0,0,0,0,0,1,0,0,0,0,0,0,0,1,0
0,1,0,1,1,1,1,0,0,0,0,0,0,0,0,1,1,1,1,1,1,1,0,1,0,1,1,1,1,0,1,0,0,1,1,0,0,0,1,1,0,1,0,1,1,1,0,1,0,1,1,0,0,1,1,0,0,1,1,1,1,1,0,1,1,1,0,1,0,1,1,0,1,0,1,1,0,0,0,1,0,1,1,1,0,0,0,1,1,1,0,1,0,0,1,0,1,1,0,1,0,1,0,1,1,1,1,0,0,1,1,1,1,1,0,1,1,1,1,0,0,1,0,0,1,0,0,1,1,0,1,1,0,0,0,1,0,0,1,0,0,0,0,1,1,0,1,1,0,0,0,0,1,1,0,1,0,0,0,0,1,0,0,1,0,1,0,0,1,0,1,0,0,1,0,1,1,1,1,0,1,0,1,0,0,0,1,1,0,1,0,0,0,0,0,1,1,1,0,0,0,0,0,0,0,0,0,0,0,0,0,1,0,0,0,0,0,0,0,1,0
0,1,0,1,0,0,0,0,0,0,0,0,0,0,0,1,1,1,1,1,1,1,0,1,0,1,1,1,1,0,0,0,0,1,0,0,0,0,1,0,0,1,0,0,1,1,0,1,0,1,1,0,0,1,1,0,0,0,0,1,1,1,0,1,1,1,0,1,0,0,1,0,1,0,1,1,0,0,0,1,0,1,1,1,0,0,0,1,1,1,0,1,0,0,1,0,1,0,0,1,0,1,0,1,1,1,1,0,0,1,1,1,0,0,0,1,1,0,1,0,0,1,0,0,0,0,0,0,0,0,1,1,0,0,0,1,0,0,1,0,0,0,0,1,1,0,0,1,0,0,0,0,0,0,0,1,0,0,0,0,1,0,0,1,0,0,0,0,0,0,1,0,0,0,0,0,1,1,0,0,1,0,0,0,0,0,0,0,0,0,0,0,0,0,0,1,1,0,0,0,0,0,0,0,0,0,0,0,0,0,0,1,0,0,0,0,0,0,0,1,0
0,1,0,1,0,1,1,0,1,0,0,0,0,0,0,1,1,1,1,1,1,1,0,1,0,1,1,1,1,0,1,1,0,0,1,0,0,0,1,1,0,1,0,1,1,1,0,1,0,0,0,0,0,1,1,0,0,1,1,1,1,1,0,0,0,1,0,1,0,1,1,0,1,0,1,1,0,0,0,1,0,0,1,1,0,0,0,1,1,1,0,1,0,0,0,0,1,1,0,1,0,1,0,0,1,0,1,0,0,1,1,0,1,1,0,1,1,1,1,0,0,1,0,0,1,0,0,1,1,0,1,1,0,0,0,1,0,0,0,0,0,0,0,1,0,0,1,1,0,0,0,0,1,1,0,0,0,0,0,0,1,0,0,1,0,1,0,0,1,0,0,0,0,1,0,1,1,1,1,0,1,0,1,0,0,0,1,1,0,1,0,0,0,0,0,1,1,1,0,0,0,0,0,0,0,0,0,0,0,0,0,1,0,0,0,0,0,0,0,1,0
0,1,0,1,0,0,0,0,1,0,0,0,0,0,0,1,1,1,1,1,1,1,0,1,0,1,1,1,1,0,0,1,0,0,0,0,0,0,1,0,0,1,0,0,1,1,0,1,0,1,1,0,0,1,1,0,0,0,0,1,1,1,0,0,0,1,0,1,0,0,1,0,1,0,1,1,0,0,0,1,0,1,1,1,0,0,0,1,1,1,0,1,0,0,1,0,1,0,0,1,0,1,0,1,1,0,1,0,0,1,1,1,0,0,0,1,1,0,1,0,0,1,0,0,0,0,0,0,0,0,1,1,0,0,0,1,0,0,0,0,0,0,0,1,0,0,0,1,0,0,0,0,0,0,0,0,0,0,0,0,1,0,0,1,0,0,0,0,0,0,0,0,0,0,0,0,1,1,0,0,1,0,0,0,0,0,0,0,0,0,0,0,0,0,0,1,1,0,0,0,0,0,0,0,0,0,0,0,0,0,0,1,0,0,0,0,0,0,0,1,0
1,1,1,1,0,1,1,1,0,1,0,0,0,0,0,1,1,1,1,0,0,1,1,1,1,1,1,0,1,1,1,0,1,1,1,0,1,0,1,1,1,1,0,1,1,1,1,1,0,0,0,1,0,1,1,0,0,1,1,1,1,1,0,1,1,1,0,1,0,1,1,1,1,1,0,1,0,1,0,1,1,0,0,1,0,1,0,1,1,1,0,1,0,0,0,1,1,1,1,1,1,1,0,0,1,1,1,1,0,1,1,1,1,1,0,1,1,1,1,1,1,1,0,0,0,0,0,1,1,0,1,1,1,0,1,1,0,1,1,0,0,1,1,1,1,0,1,1,0,0,0,0,1,1,0,1,0,1,1,0,1,0,0,1,0,1,0,0,1,1,1,1,1,1,0,1,1,1,0,0,1,0,1,1,1,0,1,1,1,1,1,0,1,0,1,1,1,1,1,0,1,0,0,1,0,0,1,0,1,1,1,1,0,1,0,1,1,1,1,1,0
1,1,1,1,0,1,1,1,0,1,0,0,0,0,0,1,1,1,1,0,0,1,1,1,1,1,1,0,1,1,1,0,1,1,1,0,1,0,1,1,1,1,0,1,1,1,1,1,0,0,0,1,0,1,1,0,0,1,1,1,1,1,0,1,1,1,0,1,0,1,1,1,1,1,0,1,0,1,0,1,1,0,0,1,0,1,0,1,1,1,0,1,0,0,0,1,1,1,1,1,1,1,0,0,1,1,1,1,0,1,1,1,1,1,0,1,1,1,1,1,1,1,0,0,0,0,0,1,1,0,1,1,1,0,1,1,0,1,1,0,0,1,1,1,1,0,1,1,0,0,0,0,1,1,0,1,0,1,1,0,1,0,0,1,0,1,0,0,1,1,1,1,1,1,0,1,1,1,0,0,1,0,1,1,1,0,1,1,1,1,1,0,1,0,1,1,1,1,1,0,1,0,0,1,0,0,1,0,1,1,1,1,0,1,0,1,1,1,1,1,0
1,1,1,1,0,1,1,1,0,1,0,0,0,0,0,1,1,1,1,0,0,1,1,1,1,1,1,0,1,1,1,0,1,1,1,0,1,0,1,1,1,1,0,1,1,1,1,1,0,0,0,1,0,1,1,0,0,1,1,1,1,1,0,1,1,1,0,1,0,1,1,1,1,1,0,1,0,1,0,1,1,0,0,1,0,1,0,1,1,1,0,1,0,0,0,1,1,1,1,1,1,1,0,0,1,1,1,1,0,1,1,1,1,1,0,1,1,1,1,1,1,1,0,0,0,0,0,1,1,0,1,1,1,0,1,1,0,1,1,0,0,1,1,1,1,0,1,1,0,0,0,0,1,1,0,1,0,1,1,0,1,0,0,1,0,1,0,0,1,1,1,1,1,1,0,1,1,1,0,0,1,0,1,1,1,0,1,1,1,1,1,0,1,0,1,1,1,1,1,0,1,0,0,1,0,0,1,0,1,1,1,1,0,1,0,1,1,1,1,1,0
1,1,1,1,0,1,1,1,0,1,0,0,0,0,0,1,1,1,1,0,0,1,1,1,1,1,1,0,1,1,1,0,1,1,1,0,1,0,1,1,1,1,0,1,1,1,1,1,0,0,0,1,0,1,1,0,0,1,1,1,1,1,0,1,1,1,0,1,0,1,1,1,1,1,0,1,0,1,0,1,1,0,0,1,0,1,0,1,1,1,0,1,0,0,0,1,1,1,1,1,1,1,0,0,1,1,1,1,0,1,1,1,1,1,0,1,1,1,1,1,1,1,0,0,0,0,0,1,1,0,1,1,1,0,1,1,0,1,1,0,0,1,1,1,1,0,1,1,0,0,0,0,1,1,0,1,0,1,1,0,1,0,0,1,0,1,0,0,1,1,1,1,1,1,0,1,1,1,0,0,1,0,1,1,1,0,1,1,1,1,1,0,1,0,1,1,1,1,1,0,1,0,0,1,0,0,1,0,1,1,1,1,0,1,0,1,1,1,1,1,0
1,1,1,1,0,1,1,1,0,1,0,0,0,0,0,1,1,1,1,0,0,1,1,1,1,1,1,0,1,1,1,0,1,1,1,0,1,0,1,1,1,1,0,1,1,1,1,1,0,0,0,1,0,1,1,0,0,1,1,1,1,1,0,1,1,1,0,1,0,1,1,1,1,1,0,1,0,1,0,1,1,0,0,1,0,1,0,1,1,1,0,1,0,0,0,1,1,1,1,1,1,1,0,0,1,1,1,1,0,1,1,1,1,1,0,1,1,1,1,1,1,1,0,0,0,0,0,1,1,0,1,1,1,0,1,1,0,1,1,0,0,1,1,1,1,0,1,1,0,0,0,0,1,1,0,1,0,1,1,0,1,0,0,1,0,1,0,0,1,1,1,1,1,1,0,1,1,1,0,0,1,0,1,1,1,0,1,1,1,1,1,0,1,0,1,1,1,1,1,0,1,0,0,1,0,0,1,0,1,1,1,1,0,1,0,1,1,1,1,1,0
1,1,1,1,0,1,1,1,0,1,0,0,0,0,0,1,1,1,1,0,0,1,1,1,1,1,1,0,1,1,1,0,1,1,1,0,1,0,1,1,1,1,0,1,1,1,1,1,0,0,0,1,0,1,1,0,0,1,1,1,1,1,0,1,1,1,0,1,0,1,1,1,1,1,0,1,0,1,0,1,1,0,0,1,0,1,0,1,1,1,0,1,0,0,0,1,1,1,1,1,1,1,0,0,1,1,1,1,0,1,1,1,1,1,0,1,1,1,1,1,1,1,0,0,0,0,0,1,1,0,1,1,1,0,1,1,0,1,1,0,0,1,1,1,1,0,1,1,0,0,0,0,1,1,0,1,0,1,1,0,1,0,0,1,0,1,0,0,1,1,1,1,1,1,0,1,1,1,0,0,1,0,1,1,1,0,1,1,1,1,1,0,1,0,1,1,1,1,1,0,1,0,0,1,0,0,1,0,1,1,1,1,0,1,0,1,1,1,1,1,0
1,1,1,1,0,1,1,1,0,1,0,0,0,0,0,1,1,1,1,0,0,1,1,1,1,1,1,0,1,1,1,0,1,1,1,0,1,0,1,1,1,1,0,1,1,1,1,1,0,0,0,1,0,1,1,0,0,1,1,1,1,1,0,1,1,1,0,1,0,1,1,1,1,1,0,1,0,1,0,1,1,0,0,1,0,1,0,1,1,1,0,1,0,0,0,1,1,1,1,1,1,1,0,0,1,1,1,1,0,1,1,1,1,1,0,1,1,1,1,1,1,1,0,0,0,0,0,1,1,0,1,1,1,0,1,1,0,1,1,0,0,1,1,1,1,0,1,1,0,0,0,0,1,1,0,1,0,1,1,0,1,0,0,1,0,1,0,0,1,1,1,1,1,1,0,1,1,1,0,0,1,0,1,1,1,0,1,1,1,1,1,0,1,0,1,1,1,1,1,0,1,0,0,1,0,0,1,0,1,1,1,1,0,1,0,1,1,1,1,1,0
1,1,1,1,0,1,1,1,0,1,0,0,0,0,0,1,1,1,1,0,0,1,1,1,1,1,1,0,1,1,1,0,1,1,1,0,1,0,1,1,1,1,0,1,1,1,1,1,0,0,0,1,0,1,1,0,0,1,1,1,1,1,0,1,1,1,0,1,0,1,1,1,1,1,0,1,0,1,0,1,1,0,0,1,0,1,0,1,1,1,0,1,0,0,0,1,1,1,1,1,1,1,0,0,1,1,1,1,0,1,1,1,1,1,0,1,1,1,1,1,1,1,0,0,0,0,0,1,1,0,1,1,1,0,1,1,0,1,1,0,0,1,1,1,1,0,1,1,0,0,0,0,1,1,0,1,0,1,1,0,1,0,0,1,0,1,0,0,1,1,1,1,1,1,0,1,1,1,0,0,1,0,1,1,1,0,1,1,1,1,1,0,1,0,1,1,1,1,1,0,1,0,0,1,0,0,1,0,1,1,1,1,0,1,0,1,1,1,1,1,0
1,1,1,1,0,1,1,1,0,1,0,0,0,0,0,1,1,1,1,0,0,1,1,1,1,1,1,0,1,1,1,0,1,1,1,0,1,0,1,1,1,1,0,1,1,1,1,1,0,0,0,1,0,1,1,0,0,1,1,1,1,1,0,1,1,1,0,1,0,1,1,1,1,1,0,1,0,1,0,1,1,0,0,1,0,1,0,1,1,1,0,1,0,0,0,1,1,1,1,1,1,1,0,0,1,1,1,1,0,1,1,1,1,1,0,1,1,1,1,1,1,1,0,0,0,0,0,1,1,0,1,1,1,0,1,1,0,1,1,0,0,1,1,1,1,0,1,1,0,0,0,0,1,1,0,1,0,1,1,0,1,0,0,1,0,1,0,0,1,1,1,1,1,1,0,1,1,1,0,0,1,0,1,1,1,0,1,1,1,1,1,0,1,0,1,1,1,1,1,0,1,0,0,1,0,0,1,0,1,1,1,1,0,1,0,1,1,1,1,1,0
0,0,0,0,0,1,1,1,0,0,0,0,0,0,0,0,0,1,1,0,0,1,1,0,0,0,1,0,0,0,1,0,0,0,1,0,0,0,0,1,0,0,0,1,0,0,0,0,0,0,0,0,0,0,0,0,1,1,1,0,0,0,0,0,0,0,0,0,0,1,0,1,0,1,0,0,0,0,1,0,1,0,0,0,0,0,1,0,0,0,0,0,0,0,0,1,0,1,0,0,0,0,0,0,0,0,0,1,0,0,0,0,1,1,0,0,0,1,0,0,1,0,0,0,0,0,0,1,1,0,0,0,1,0,1,0,0,0,0,0,0,1,0,0,0,0,1,0,0,0,0,0,1,1,0,0,0,1,1,0,0,0,0,0,0,1,0,0,1,1,0,0,0,1,0,1,0,0,0,0,0,0,1,1,1,0,1,0,1,1,1,0,1,1,0,1,1,1,1,0,1,0,0,1,0,0,1,0,1,1,1,0,0,1,0,1,1,1,1,0,0
0,1,0,1,0,0,0,0,0,1,0,0,0,0,0,1,1,1,1,0,0,1,0,1,0,1,1,0,0,0,0,0,1,1,0,0,1,0,1,0,1,0,0,0,1,1,1,0,0,0,0,1,0,1,1,0,0,0,0,1,1,1,0,0,1,1,0,1,0,0,1,0,1,0,0,1,0,0,0,1,0,0,0,1,0,0,0,1,1,1,0,1,0,0,0,0,1,0,1,1,1,1,0,0,1,0,1,0,0,1,1,0,0,0,0,1,1,0,1,1,0,1,0,0,0,0,0,0,0,0,1,1,0,0,0,1,0,1,1,0,0,0,1,1,1,0,0,1,0,0,0,0,0,0,0,1,0,0,0,0,1,0,0,1,0,0,0,0,0,0,0,0,0,0,0,0,1,1,0,0,1,0,0,0,0,0,0,0,0,0,0,0,0,0,0,1,1,0,0,0,0,0,0,0,0,0,1,0,0,0,0,1,0,1,0,1,0,1,0,1,0
1,1,1,1,0,1,1,1,0,1,0,0,0,0,0,1,1,1,1,0,0,1,1,1,1,1,1,0,1,1,1,0,1,1,1,0,1,0,1,1,1,1,0,1,1,1,1,1,0,0,0,1,0,1,1,0,0,1,1,1,1,1,0,1,1,1,0,1,0,1,1,1,1,1,0,1,0,1,0,1,1,0,0,1,0,1,0,1,1,1,0,1,0,0,0,1,1,1,1,1,1,1,0,0,1,1,1,1,0,1,1,1,1,1,0,1,1,1,1,1,1,1,0,0,0,0,0,1,1,0,1,1,1,0,1,1,0,1,1,0,0,1,1,1,1,0,1,1,0,0,0,0,1,1,0,1,0,1,1,0,1,0,0,1,0,1,0,0,1,1,0,1,1,1,0,1,1,1,0,0,1,0,1,1,1,0,1,1,1,1,1,0,1,0,1,1,1,1,1,0,1,0,0,1,0,0,1,0,1,1,1,1,0,1,0,1,1,1,1,1,0
0,1,0,1,0,1,1,1,0,0,0,0,0,0,0,1,1,1,1,1,1,1,0,1,0,1,1,0,1,0,1,0,0,1,1,0,1,0,1,1,0,1,0,1,0,0,0,1,1,0,0,1,0,1,1,0,0,1,1,0,0,0,1,1,1,1,0,0,1,1,1,1,1,0,0,1,0,1,0,1,1,0,0,1,0,1,0,1,1,1,1,1,0,0,0,1,1,1,0,1,0,1,0,0,1,1,1,1,0,1,1,1,1,1,1,1,1,1,1,0,1,1,0,1,0,1,0,1,1,0,1,0,1,1,1,1,1,0,1,1,0,0,0,1,0,1,1,1,0,0,0,0,1,1,0,0,0,1,1,1,1,1,0,1,0,1,1,0,1,1,1,1,1,1,0,1,1,1,0,1,1,1,1,1,0,0,1,1,1,1,1,1,1,0,1,1,1,1,1,1,1,1,1,1,0,0,0,1,1,0,0,1,1,0,1,0,1,0,0,1,1
0,1,0,1,1,1,1,1,0,0,0,0,0,0,0,1,1,1,0,1,1,0,0,0,0,1,1,1,0,0,1,0,0,1,1,0,0,0,1,0,0,1,0,1,0,1,0,1,0,1,1,0,0,1,1,0,0,0,0,0,0,1,1,1,1,1,1,1,0,0,1,1,0,0,1,1,0,1,0,1,1,1,1,1,0,1,0,1,1,1,0,1,0,0,1,0,1,0,0,1,0,1,0,1,1,0,1,0,0,1,1,1,0,0,0,1,1,0,1,0,0,1,0,0,0,0,1,0,0,0,1,1,0,0,0,1,0,0,0,0,0,0,0,1,0,0,0,1,1,0,0,0,0,0,0,0,0,0,0,0,1,0,0,1,0,0,0,0,0,0,1,1,0,0,0,0,1,1,0,0,1,0,0,0,0,0,0,0,0,0,0,0,0,0,0,0,0,0,0,0,0,0,0,0,0,0,0,0,0,0,0,0,0,0,0,0,0,0,0,0,0
0,1,0,1,0,1,1,1,0,0,0,0,0,0,0,1,1,1,1,1,1,1,0,1,0,1,1,0,1,0,1,0,0,1,1,0,1,0,1,1,0,1,0,1,0,0,0,1,0,0,0,0,0,1,1,0,0,1,1,0,0,0,1,1,1,1,0,0,0,1,1,1,1,0,0,1,0,1,0,1,1,0,0,1,0,1,0,1,1,1,0,1,0,0,0,1,1,1,0,1,0,1,0,0,1,1,1,1,0,1,1,1,1,1,1,1,1,1,1,0,1,1,0,0,0,1,0,1,1,0,1,0,1,1,1,1,0,0,1,0,0,0,0,1,0,0,1,1,0,0,0,0,1,1,0,0,0,1,1,0,1,0,0,1,0,1,1,0,1,1,1,1,1,1,0,1,1,1,0,0,1,0,1,1,0,0,1,1,1,1,1,1,1,0,1,1,1,1,1,0,1,1,1,1,0,0,0,1,1,0,0,1,1,0,1,0,1,0,0,1,1
0,1,0,1,1,1,1,1,0,0,0,0,0,0,0,1,1,1,0,1,1,0,0,0,0,1,1,1,0,0,1,0,0,1,1,0,0,0,1,0,0,1,0,1,0,1,0,1,0,1,1,0,0,1,1,0,0,0,0,0,0,1,1,1,1,1,1,1,0,0,1,1,0,0,1,1,0,1,0,1,1,1,1,1,0,1,0,1,1,1,0,1,0,0,1,0,1,0,0,1,0,1,0,1,1,0,1,0,0,1,1,1,0,0,0,1,1,0,1,0,0,1,0,0,0,0,1,0,0,0,1,1,0,0,0,1,0,0,1,0,0,0,0,1,0,0,0,1,1,0,0,0,0,0,0,0,0,0,0,0,1,0,0,1,0,0,0,0,0,0,1,1,0,0,0,0,1,1,0,0,1,0,0,0,0,0,0,0,0,0,0,0,0,0,0,0,0,0,0,0,0,0,0,0,0,0,0,0,0,0,0,0,0,0,0,0,0,0,0,0,0
0,1,0,1,1,1,1,1,0,0,0,0,0,0,0,1,1,1,0,1,1,0,0,0,0,1,1,1,0,0,1,0,0,1,1,0,0,0,1,0,0,1,0,1,0,1,0,1,0,1,1,0,0,1,1,0,0,0,0,0,0,1,1,1,1,1,1,1,0,0,1,1,0,0,1,1,0,1,0,1,1,1,1,1,0,1,0,1,1,1,0,1,0,0,1,0,1,0,0,1,0,1,0,1,1,0,1,0,0,1,1,1,0,0,0,1,1,0,1,0,0,1,0,0,0,0,1,0,0,0,1,1,0,0,0,1,0,0,0,0,0,0,0,1,0,0,0,1,1,0,0,0,0,0,0,0,0,0,0,0,1,0,0,1,0,0,0,0,0,0,1,1,0,0,0,0,1,1,0,0,1,0,0,0,0,0,0,0,0,0,0,0,0,0,0,0,0,0,0,0,0,0,0,0,0,0,0,0,0,0,0,0,0,0,0,0,0,0,0,0,0
0,1,0,1,1,1,1,1,0,0,0,0,0,0,0,1,1,1,0,1,1,0,0,0,0,1,1,1,0,0,1,0,0,1,1,0,0,0,1,0,0,1,0,1,0,1,0,1,0,1,1,0,0,1,1,0,0,0,0,0,0,1,1,1,1,1,1,1,0,0,1,1,0,0,1,1,0,1,0,1,1,1,1,1,0,1,0,1,1,1,0,1,0,0,1,0,1,0,0,1,0,1,0,1,1,0,1,0,0,1,1,1,0,0,0,1,1,0,1,0,0,1,0,0,0,0,1,0,0,0,1,1,0,0,0,1,0,0,0,0,0,0,0,1,0,0,0,1,1,0,0,0,0,0,0,0,0,0,0,0,1,0,0,1,0,0,0,0,0,0,1,1,0,0,0,0,1,1,0,0,1,0,0,0,0,0,0,0,0,0,0,0,0,0,0,0,0,0,0,0,0,0,0,0,0,0,0,0,0,0,0,0,0,0,0,0,0,0,0,0,0
0,1,0,1,1,1,1,1,0,0,0,0,0,0,0,1,1,1,0,1,1,0,0,0,0,1,1,1,0,0,1,0,0,1,1,0,0,0,1,0,0,1,0,1,0,1,0,1,0,1,1,0,0,1,1,0,0,0,0,0,0,1,1,1,1,1,1,1,0,0,1,1,0,0,1,1,0,1,0,1,1,1,1,1,0,1,0,1,1,1,0,1,0,0,1,0,1,0,0,1,0,1,0,1,1,0,1,0,0,1,1,1,0,0,0,1,1,0,1,0,0,1,0,0,0,0,1,0,0,0,1,1,0,0,0,1,0,0,0,0,0,0,0,1,0,0,0,1,1,0,0,0,0,0,0,0,0,0,0,0,1,0,0,1,0,0,0,0,0,0,1,1,0,0,0,0,1,1,0,0,1,0,0,0,0,0,0,0,0,0,0,0,0,0,0,0,0,0,0,0,0,0,0,0,0,0,0,0,0,0,0,0,0,0,0,0,0,0,0,0,0
0,1,0,1,1,1,1,1,0,0,0,0,0,0,0,1,1,1,0,1,1,0,0,0,0,1,1,1,0,0,1,0,0,1,1,0,0,0,1,0,0,1,0,1,0,1,0,1,0,1,1,0,0,1,1,0,0,0,0,0,0,1,1,1,1,1,1,1,0,0,1,1,0,0,1,1,0,1,0,1,1,1,1,1,0,1,0,1,1,1,0,1,0,0,1,0,1,0,0,1,0,1,0,1,1,0,1,0,0,1,1,1,0,0,0,1,1,0,1,0,0,1,0,0,0,0,1,0,0,0,1,1,0,0,0,1,0,0,0,0,0,0,0,1,0,0,0,1,1,0,0,0,0,0,0,0,0,0,0,0,1,0,0,1,0,0,0,0,0,0,1,1,0,0,0,0,1,1,0,0,1,0,0,0,0,0,0,0,0,0,0,0,0,0,0,0,0,0,0,0,0,0,0,0,0,0,0,0,0,0,0,0,0,0,0,0,0,0,0,0,0
0,1,0,1,1,1,1,1,0,0,0,0,0,0,0,1,1,1,0,1,1,1,0,0,0,1,1,1,1,0,1,0,0,1,1,0,0,0,1,0,0,1,0,1,0,1,0,1,0,1,1,0,0,1,1,0,0,0,0,0,0,1,1,1,1,1,1,1,0,0,1,1,0,0,1,1,0,1,0,1,1,1,1,1,0,1,0,1,1,1,0,1,0,0,1,0,1,0,0,1,0,1,0,1,1,0,1,0,0,1,1,1,0,0,0,1,1,0,1,0,0,1,0,0,0,0,1,0,0,0,1,1,0,0,0,1,0,0,0,0,0,0,0,1,0,0,0,1,1,0,0,0,0,0,0,0,0,0,0,0,1,0,0,1,0,0,0,0,0,0,1,1,0,0,0,0,1,1,0,0,1,0,0,0,0,0,0,0,0,0,0,0,0,0,0,1,0,0,0,0,0,0,0,0,0,0,1,0,0,1,0,0,0,0,0,0,0,1,0,0,0
0,1,0,1,1,1,1,1,0,0,0,0,0,0,0,1,1,1,0,1,1,1,0,0,0,1,1,1,1,0,1,0,0,1,1,0,0,0,1,0,0,1,0,1,0,1,0,1,0,1,1,0,0,1,1,0,0,0,0,0,0,1,1,1,1,1,1,1,0,0,1,1,0,0,1,1,0,1,0,1,1,1,1,1,0,1,0,1,1,1,0,1,0,0,1,0,1,0,0,1,0,1,0,1,1,0,1,0,0,1,1,1,0,0,0,1,1,0,1,0,0,1,0,0,0,0,1,0,0,0,1,1,0,0,0,1,0,0,0,0,0,0,0,1,0,0,0,1,1,0,0,0,0,0,0,0,0,0,0,0,1,0,0,1,0,0,0,0,0,0,1,1,0,0,0,0,1,1,0,0,1,0,0,0,0,0,0,0,0,0,0,0,0,0,0,0,1,0,0,0,0,0,0,0,0,0,0,0,0,0,0,0,0,0,0,1,0,0,0,0,0
0,1,0,1,1,1,1,1,0,0,0,0,0,0,0,1,1,1,0,1,1,1,0,0,0,1,1,1,1,0,1,0,0,1,1,0,0,0,1,0,0,1,0,1,0,1,0,1,0,1,1,0,0,1,1,0,0,0,0,0,0,1,1,1,1,1,1,1,0,0,1,1,0,0,1,1,0,1,0,1,1,1,1,1,0,1,0,1,1,1,0,1,0,0,1,0,1,0,0,1,0,1,0,1,1,0,1,0,0,1,1,1,0,0,0,1,1,0,1,0,0,1,0,0,0,0,1,0,0,0,1,1,0,0,0,1,0,0,0,0,0,0,0,1,0,0,0,1,1,0,0,0,0,0,0,0,0,0,0,0,1,0,0,1,0,0,0,0,0,0,1,1,0,0,0,0,1,1,0,0,1,0,0,0,0,0,0,0,0,0,0,0,0,0,0,0,0,0,0,0,0,0,0,0,0,0,0,0,0,0,0,0,0,1,0,0,0,0,0,0,0
1,1,0,1,0,1,1,0,0,0,0,0,0,0,0,1,1,1,1,0,0,1,0,0,0,0,1,0,0,0,1,0,0,1,0,0,0,1,1,1,0,1,1,1,0,0,0,1,1,0,0,1,0,0,0,0,0,1,1,0,0,0,1,1,1,0,0,0,1,0,0,0,0,0,0,0,0,0,0,0,0,0,0,0,0,0,0,0,1,0,1,0,0,0,0,0,0,1,0,0,0,0,0,0,0,1,0,0,0,0,0,1,1,1,1,0,0,1,1,0,0,0,0,1,0,1,0,1,1,0,0,0,0,0,0,0,1,0,0,1,0,0,0,0,0,1,1,1,0,0,1,0,0,1,1,0,0,0,0,1,1,1,1,1,0,1,0,0,1,0,1,0,0,1,0,1,1,0,0,1,0,1,0,0,0,0,1,1,0,1,0,1,0,0,0,1,1,1,1,0,0,1,1,0,0,0,1,1,1,1,0,0,1,0,1,0,1,1,0,0,1
1,1,0,1,0,1,1,0,0,0,0,0,0,0,0,1,1,1,1,0,0,1,0,0,0,0,1,0,0,0,1,0,0,1,0,0,0,1,1,1,0,1,1,1,0,0,0,1,1,0,0,1,0,0,0,0,0,1,1,0,0,0,1,1,1,0,0,0,1,0,0,0,0,0,0,0,0,0,0,0,0,0,0,0,0,0,0,0,1,0,1,0,0,0,0,0,0,1,0,0,0,0,0,0,0,1,0,0,0,0,0,1,1,1,1,0,0,1,1,0,0,0,0,1,0,1,0,1,1,0,0,0,0,0,0,0,1,0,0,1,0,0,0,0,0,1,1,1,0,0,1,0,0,1,1,0,0,0,0,1,1,1,1,1,0,1,0,0,1,0,1,0,0,1,0,1,1,0,0,1,0,1,0,0,0,0,1,1,0,1,0,1,0,0,0,1,1,1,1,0,0,1,1,0,0,0,1,1,1,1,0,0,1,0,1,0,1,1,0,0,1
1,1,0,1,0,1,1,0,0,0,0,0,0,0,0,1,1,1,1,0,0,1,0,0,0,0,1,0,0,0,1,0,0,1,0,0,0,1,1,1,0,1,1,1,0,0,0,1,1,0,0,1,0,0,0,0,0,1,1,0,0,0,1,1,1,0,0,0,1,0,0,0,0,0,0,0,0,0,0,0,0,0,0,0,0,0,0,0,1,0,1,0,0,0,0,0,0,1,0,0,0,0,0,0,0,1,0,0,0,0,0,1,1,1,1,0,0,1,1,0,0,0,0,1,0,1,0,1,1,0,0,0,0,0,0,0,1,0,0,1,0,0,0,0,0,1,1,1,0,0,1,0,0,1,1,0,0,0,0,1,1,1,1,1,0,1,0,0,1,0,1,0,0,1,0,1,1,0,0,1,0,1,0,0,0,0,1,1,0,1,0,1,0,0,0,1,1,1,1,0,0,1,1,0,0,0,1,1,1,1,0,0,1,0,1,0,1,1,0,0,1
1,1,1,1,0,1,1,0,0,0,0,0,0,0,0,1,1,1,1,0,0,1,0,0,0,0,1,0,0,0,1,0,0,1,0,0,0,1,1,1,0,1,1,1,0,0,0,1,1,0,0,1,0,0,0,0,0,1,1,0,0,0,1,1,1,0,0,0,1,0,0,0,0,0,0,0,0,0,0,0,0,0,0,0,0,0,0,0,1,0,1,0,0,0,0,0,0,1,0,0,0,0,0,0,0,1,0,0,0,0,0,1,1,1,1,0,0,1,1,0,0,0,0,1,0,1,0,1,1,0,0,0,0,0,0,0,1,0,0,1,0,0,0,0,0,1,1,1,0,0,1,0,0,1,1,0,0,0,0,1,1,1,1,1,0,1,0,0,1,0,1,0,0,1,0,1,1,0,0,1,0,1,0,0,0,0,1,1,0,1,0,1,0,0,0,1,1,1,1,0,0,1,1,0,0,0,1,1,1,1,0,0,1,0,1,0,1,1,0,0,1
1,1,0,1,0,1,1,0,0,0,1,0,1,1,0,1,1,1,1,0,0,1,0,0,0,0,1,0,0,0,1,0,0,1,0,0,0,1,1,1,0,1,1,1,0,0,0,1,1,0,0,1,0,0,0,0,0,1,1,0,0,0,1,1,1,0,0,0,1,0,0,0,0,0,0,0,0,0,0,0,0,0,0,0,0,0,0,0,1,0,1,0,0,0,0,0,0,1,0,0,0,0,0,0,0,1,0,0,0,0,0,1,1,1,1,0,0,1,1,0,0,0,0,1,0,1,0,1,1,0,0,0,0,0,0,0,1,0,0,1,0,0,0,0,0,1,1,1,0,0,1,0,0,1,1,0,0,0,0,1,1,1,1,1,0,1,0,0,1,0,1,0,0,1,0,1,1,0,0,1,0,1,0,0,0,0,1,1,0,1,0,1,0,0,0,1,1,1,1,0,0,1,1,0,0,0,1,1,1,1,0,0,1,0,1,0,1,1,0,0,1
1,1,0,1,0,1,1,0,0,0,0,0,0,0,0,1,1,1,1,1,1,1,0,1,0,0,1,0,0,0,1,0,0,1,0,0,0,1,1,1,0,1,1,1,0,0,0,1,1,0,0,1,0,0,0,0,0,1,1,0,0,0,1,1,1,0,0,0,1,0,0,0,0,0,0,0,0,0,0,0,0,0,0,0,0,0,0,0,1,0,1,0,0,0,0,0,0,1,0,0,0,0,0,0,0,1,0,0,0,0,0,1,1,1,1,0,0,1,1,0,0,0,0,1,0,1,0,1,1,0,0,0,0,0,0,0,1,0,0,1,0,0,0,0,0,1,1,1,0,0,1,0,0,1,1,0,0,0,0,1,1,1,1,1,0,1,0,0,1,0,1,0,0,1,0,1,1,0,0,1,0,1,0,0,0,0,1,1,0,1,0,1,0,0,0,1,1,1,1,0,0,1,1,0,0,0,1,1,1,1,0,0,1,0,1,0,1,1,0,0,1
1,1,0,1,0,1,1,0,0,0,0,0,0,0,0,1,1,1,1,1,1,1,0,1,0,0,1,0,0,0,1,0,0,1,0,0,0,1,1,1,0,1,1,1,0,0,0,1,1,0,0,1,0,0,0,0,0,1,1,0,0,0,1,1,1,0,0,0,1,0,0,0,0,0,0,0,0,0,0,0,0,0,0,0,0,0,0,0,1,0,1,0,0,0,0,0,0,1,0,0,0,0,0,0,0,1,0,0,0,0,0,1,1,1,1,0,0,1,1,0,0,0,0,1,0,1,0,1,1,0,0,0,0,0,0,0,1,0,0,1,0,0,0,0,0,1,1,1,0,0,1,0,0,1,1,0,0,0,0,1,1,1,1,1,0,1,0,0,1,0,1,0,0,1,0,1,1,0,0,1,0,1,0,0,0,0,1,1,0,1,0,1,0,0,0,1,1,1,1,0,0,1,1,0,0,0,1,1,1,1,0,0,1,0,1,0,1,1,0,0,1
1,1,0,1,0,1,1,0,0,0,1,0,1,1,0,1,1,1,1,0,0,1,0,0,0,0,1,0,0,0,1,0,0,1,0,0,0,1,1,1,0,1,1,1,0,0,0,1,1,0,0,1,0,0,0,0,0,1,1,0,0,0,1,1,1,0,0,0,1,0,0,0,0,0,0,0,0,0,0,0,0,0,0,0,0,0,0,0,1,0,1,0,0,0,0,0,0,1,0,0,0,0,0,0,0,1,0,0,0,0,0,1,1,1,1,0,0,1,1,0,0,0,0,1,0,1,0,1,1,0,0,0,0,0,0,0,1,0,0,1,0,0,0,0,0,1,1,1,0,0,1,0,0,1,1,0,0,0,0,1,1,1,1,1,0,1,0,0,1,0,1,0,0,1,0,1,1,0,0,1,0,1,0,0,0,0,1,1,0,1,0,1,0,0,0,1,1,1,1,0,0,1,1,0,0,0,1,1,1,1,0,0,1,0,1,0,1,1,0,0,1
1,1,0,1,0,1,1,1,0,0,0,0,0,0,0,1,1,1,1,1,1,1,0,1,0,0,1,0,0,0,1,0,0,1,1,0,0,1,1,1,0,1,1,1,0,0,0,1,1,0,0,1,0,0,0,0,0,1,1,0,0,0,1,1,1,0,0,0,1,1,0,0,0,0,0,0,0,0,0,0,0,0,0,0,0,0,0,0,1,0,1,0,0,0,0,0,0,1,0,0,0,0,0,0,0,1,0,0,0,0,0,1,1,1,1,0,0,1,1,0,0,0,0,1,0,1,0,1,1,0,0,0,0,0,0,0,1,0,0,1,0,0,0,0,0,1,1,1,0,0,1,0,1,1,1,0,0,0,0,1,1,1,1,1,0,1,1,0,1,0,1,0,0,1,0,1,1,0,0,1,0,1,0,0,0,0,1,1,0,1,0,1,0,0,0,1,1,1,1,0,0,1,1,0,0,0,1,1,1,1,0,0,1,0,1,0,1,1,0,0,1
1,1,0,1,0,1,1,1,0,0,0,0,0,0,0,1,1,1,1,1,1,1,0,1,0,0,1,0,0,0,1,0,0,1,0,0,0,1,1,1,0,1,1,1,0,0,0,1,1,0,0,1,0,0,0,0,0,1,1,0,0,0,1,1,1,0,0,0,1,0,0,0,0,0,0,0,0,0,0,0,0,0,0,0,0,0,0,0,1,0,1,0,0,0,0,0,0,1,0,0,0,0,0,0,0,1,0,0,0,0,0,1,1,1,1,0,0,1,1,0,0,0,0,1,1,1,0,1,1,0,0,0,0,0,0,0,1,0,0,1,0,0,0,0,0,1,1,1,0,0,1,1,0,1,1,0,0,0,0,1,1,1,1,1,0,1,0,0,1,0,1,0,0,1,0,1,1,0,1,1,0,1,0,0,0,0,1,1,0,1,0,1,0,0,0,1,1,1,1,0,0,1,1,0,0,0,1,1,1,1,0,0,1,0,1,0,1,1,0,0,1
1,1,1,1,0,1,1,0,0,0,0,0,0,0,0,1,1,1,1,1,1,1,1,1,1,0,1,0,1,0,1,0,0,1,0,0,0,1,1,1,0,1,1,1,0,0,0,1,1,0,0,1,0,1,1,0,0,1,1,0,0,0,1,1,1,0,0,0,1,0,0,0,0,0,0,1,0,0,0,0,0,0,0,1,0,0,0,0,1,0,1,0,0,0,0,0,1,1,0,1,0,0,0,0,0,1,0,0,0,0,0,1,1,1,1,1,1,1,1,0,0,0,0,1,0,1,1,1,1,0,0,0,0,0,0,1,1,0,0,1,0,0,0,1,0,1,1,1,1,0,1,0,0,1,1,0,0,0,0,1,1,1,1,1,0,1,0,0,1,0,1,0,0,1,0,1,1,1,0,1,1,1,0,0,0,0,1,1,0,1,0,1,0,0,0,1,1,1,1,0,0,1,1,0,0,0,1,1,1,1,0,0,1,0,1,0,1,1,0,0,1
1,1,1,1,0,1,1,1,0,0,0,0,0,0,0,1,1,1,1,1,1,1,1,1,1,0,1,0,1,0,1,0,0,1,1,0,0,1,1,1,0,1,1,1,0,0,0,1,1,0,0,1,0,0,0,0,0,1,1,0,0,0,1,1,1,0,0,0,1,1,0,0,0,0,0,0,0,0,0,0,0,0,0,0,0,0,0,0,1,0,1,0,0,0,0,0,0,1,0,0,0,0,0,0,0,1,0,0,0,0,0,1,1,1,1,0,0,1,1,0,0,0,0,1,0,1,0,1,1,0,0,0,0,0,0,0,1,0,0,1,0,0,0,0,0,1,1,1,0,0,1,0,1,1,1,0,0,0,0,1,1,1,1,1,0,1,1,0,1,0,1,0,0,1,0,1,1,0,0,1,0,1,0,0,0,0,1,1,0,1,0,1,0,0,0,1,1,1,1,0,0,1,1,0,0,0,1,1,1,1,0,0,1,0,1,0,1,1,0,0,1
1,1,1,1,0,1,1,0,0,0,0,0,0,0,0,1,1,1,1,1,1,1,1,1,1,0,1,0,1,0,1,0,0,1,0,0,0,1,1,1,0,1,1,1,0,0,0,1,1,0,0,1,0,0,0,0,0,1,1,0,0,0,1,1,1,0,0,0,1,0,0,0,0,0,0,0,0,0,0,0,0,0,0,0,0,0,0,0,1,0,1,0,0,0,0,0,0,1,0,0,0,0,0,0,0,1,0,0,0,0,0,1,1,1,1,0,0,1,1,0,0,0,0,1,0,1,1,1,1,0,0,0,0,0,0,0,1,0,0,1,0,0,0,0,0,1,1,1,1,0,1,0,0,1,1,0,0,0,0,1,1,1,1,1,0,1,0,0,1,0,1,0,0,1,0,1,1,0,0,1,0,1,0,0,0,0,1,1,0,1,0,1,0,0,0,1,1,1,1,0,0,1,1,0,0,0,1,1,1,1,0,0,1,0,1,0,1,1,0,0,1
1,1,1,1,0,1,1,0,0,0,0,0,0,0,0,1,1,1,1,1,1,1,1,1,1,0,1,0,1,0,1,0,0,1,0,0,1,1,1,1,0,1,1,1,0,0,0,1,1,0,0,1,0,0,0,0,0,1,1,0,0,0,1,1,1,0,0,0,1,0,0,0,0,0,0,0,0,0,0,0,0,0,0,0,0,0,0,0,1,0,1,0,0,0,0,0,0,1,0,0,0,0,0,0,0,1,0,0,0,0,0,1,1,1,1,0,0,1,1,0,0,0,0,1,0,1,0,1,1,0,0,0,0,0,0,0,1,0,0,1,0,0,0,0,0,1,1,1,0,0,1,0,0,1,1,0,0,0,0,1,1,1,1,1,0,1,0,0,1,0,1,0,0,1,0,1,1,0,0,1,0,1,0,0,0,0,1,1,0,1,0,1,0,0,0,1,1,1,1,0,0,1,1,0,0,0,1,1,1,1,0,0,1,0,1,0,1,1,0,0,1
0,1,0,0,0,1,1,0,0,0,0,0,0,0,0,1,1,1,1,0,0,1,0,0,0,0,1,0,0,0,1,0,0,1,1,0,0,1,1,1,0,1,0,1,0,0,0,1,1,0,0,1,0,0,0,0,0,1,1,0,0,0,0,1,1,0,0,0,1,1,0,0,0,0,0,0,0,0,0,0,0,0,0,0,0,0,0,0,1,0,1,0,0,0,0,0,0,1,0,0,0,0,0,0,0,1,0,0,0,0,0,1,1,1,1,0,0,1,1,0,0,0,0,1,0,1,0,1,1,0,0,0,0,0,0,0,1,0,0,1,0,0,0,0,0,1,1,1,0,0,0,0,1,1,0,0,0,0,0,1,1,1,0,1,0,1,0,0,1,0,1,0,0,1,0,1,1,0,0,1,0,1,1,0,0,0,1,1,0,1,0,1,0,0,0,1,1,1,1,0,0,1,1,0,0,0,1,1,1,1,0,0,1,0,1,0,1,1,0,0,1
0,1,0,1,0,1,1,0,0,0,1,0,1,1,0,0,0,1,1,0,0,1,1,0,0,1,1,0,1,1,1,0,0,1,1,0,0,0,1,1,0,1,0,1,1,1,0,1,0,1,1,1,0,1,1,0,0,1,1,1,1,1,1,1,1,1,0,1,0,1,1,1,1,0,1,1,0,1,0,1,1,1,1,1,0,1,0,1,1,1,0,1,0,0,1,1,1,1,0,1,0,1,0,1,1,1,1,1,0,1,1,1,1,1,0,1,1,1,1,0,1,1,0,0,0,0,0,1,1,0,1,1,1,0,0,1,0,0,0,0,0,1,0,1,0,0,1,1,0,0,0,0,1,1,0,0,0,1,0,0,1,0,0,1,0,1,0,0,1,0,1,1,1,1,0,1,1,1,0,0,1,0,1,1,1,0,1,1,1,1,0,1,1,0,0,1,1,1,1,0,0,1,0,1,0,0,1,0,1,0,0,1,0,1,0,0,1,0,0,1,0
0,1,0,1,0,1,0,0,0,0,1,0,1,1,0,0,0,1,1,0,0,1,1,0,0,1,1,0,1,1,1,0,0,1,0,0,0,0,1,0,0,1,0,1,1,1,0,1,0,1,1,1,0,1,1,0,0,0,0,1,1,1,1,1,1,1,0,1,0,0,1,1,1,0,1,1,0,1,0,1,1,1,1,1,0,1,0,1,1,1,0,1,0,0,1,1,1,0,0,1,0,1,0,1,1,1,1,1,0,1,1,1,0,0,0,1,1,0,1,0,1,1,0,0,0,0,0,0,0,0,1,1,1,0,0,1,0,0,0,0,0,1,0,1,0,0,0,1,0,0,0,0,0,0,0,0,0,1,0,0,1,0,0,1,0,0,0,0,0,0,1,1,1,0,0,0,1,1,0,0,1,0,0,1,1,0,0,0,1,0,0,0,1,0,0,1,1,0,0,0,0,0,0,1,0,0,1,0,0,0,0,1,0,1,0,0,0,0,0,1,0
0,1,0,1,0,1,1,0,0,0,1,0,1,1,0,0,0,1,1,0,0,1,1,0,0,1,1,0,1,1,1,0,0,1,0,0,0,0,1,1,0,1,0,1,1,1,0,1,1,1,1,1,0,1,1,0,0,1,1,1,1,1,1,1,1,1,0,1,1,0,1,1,1,0,1,1,0,1,0,1,1,1,1,1,0,1,0,1,1,1,1,1,0,0,1,1,1,1,0,1,0,1,0,1,1,1,1,1,0,1,1,1,1,1,0,1,1,1,1,0,1,1,0,1,0,0,0,1,1,0,1,1,1,0,0,1,1,0,0,1,0,1,0,1,0,1,1,1,0,0,0,0,0,1,0,0,0,1,0,1,1,0,0,1,0,1,0,0,1,0,1,1,1,1,0,1,1,1,0,0,1,1,0,1,1,0,1,1,1,1,0,1,1,0,0,1,1,1,1,0,0,1,0,1,0,0,1,0,1,0,0,1,0,1,0,0,1,0,0,1,0
0,1,0,1,0,1,1,0,0,0,1,0,1,1,0,0,0,1,1,0,0,1,1,0,0,1,1,0,1,1,1,0,0,1,0,0,0,0,1,1,0,1,0,1,1,1,0,1,1,1,1,1,0,1,1,0,0,1,1,1,1,1,1,1,1,1,0,1,1,0,1,1,1,0,1,1,0,1,0,1,1,1,1,1,0,1,0,1,1,1,1,1,0,0,1,1,1,1,0,1,0,1,0,1,1,1,1,1,0,1,1,1,1,1,0,1,1,1,1,0,1,1,0,1,0,0,0,1,1,0,1,1,1,0,0,1,1,0,0,1,0,1,0,1,0,1,1,1,0,0,0,0,0,1,0,0,0,1,0,1,1,0,0,1,0,1,1,0,1,0,1,1,1,1,0,1,1,1,0,0,1,1,0,1,1,0,1,0,1,1,0,1,1,0,0,1,1,1,1,0,0,1,1,1,0,0,1,1,0,0,0,1,0,1,1,0,0,0,0,1,0
0,1,0,1,0,1,0,0,0,0,1,0,1,1,0,0,0,1,1,0,0,1,1,0,0,1,1,0,1,1,1,0,0,1,0,0,0,0,1,0,0,1,0,1,1,1,0,1,0,1,1,1,0,1,1,0,0,0,0,1,1,1,1,1,1,1,0,1,0,0,1,1,1,0,1,1,0,1,0,1,1,1,1,1,0,1,0,1,1,1,0,1,0,0,1,1,1,0,0,1,0,1,0,1,1,1,1,1,0,1,1,1,0,0,0,1,1,0,1,0,1,1,0,0,0,0,0,0,0,0,1,1,1,0,0,1,0,0,0,0,0,1,0,1,0,0,0,1,0,0,0,0,0,0,0,0,0,1,0,0,1,0,0,1,0,0,0,0,0,0,1,1,1,0,0,0,1,1,0,0,1,0,0,1,1,0,0,0,1,0,0,0,1,0,0,1,1,0,0,0,0,0,0,1,0,0,1,0,0,0,0,1,0,1,0,0,0,0,0,1,0
0,1,0,1,0,1,0,0,0,1,1,0,1,1,0,0,0,1,1,0,0,1,1,0,0,1,1,0,1,1,1,0,1,1,0,0,0,0,1,0,1,1,0,1,1,1,1,1,0,1,1,1,0,1,1,0,0,0,0,1,1,1,1,1,1,1,0,1,0,0,1,1,1,0,1,1,0,1,0,1,1,1,1,1,0,1,0,1,1,1,0,1,0,0,1,1,1,0,1,1,1,1,0,1,1,1,1,1,0,1,1,1,0,0,0,1,1,0,1,1,1,1,0,0,0,0,0,0,0,0,1,1,1,0,0,1,0,1,0,0,0,1,1,1,0,0,0,1,0,0,0,0,0,0,0,0,0,1,0,0,1,0,0,1,0,0,0,0,0,0,1,1,1,0,0,0,1,1,0,0,1,0,0,1,1,0,0,0,1,0,0,0,1,0,0,1,1,0,0,0,0,0,0,1,0,0,1,0,0,0,0,1,0,1,0,0,0,0,0,1,0
0,1,0,1,0,1,1,0,0,1,1,0,1,1,0,0,0,1,1,0,0,1,1,0,0,1,1,0,1,1,1,0,1,1,0,0,0,0,1,1,1,1,0,1,1,1,1,1,1,1,1,1,0,1,1,0,0,1,1,1,1,1,1,1,1,1,0,1,1,0,1,1,1,0,1,1,0,1,0,1,1,1,1,1,0,1,0,1,1,1,1,1,0,0,1,1,1,1,1,1,1,1,0,1,1,1,1,1,0,1,1,1,1,1,0,1,1,1,1,1,1,1,0,1,0,0,0,1,1,0,1,1,1,0,0,1,1,1,0,1,0,1,1,1,0,1,1,1,0,0,0,0,0,1,0,0,0,1,0,1,1,0,0,1,0,1,0,0,1,0,1,1,1,1,0,1,1,1,0,0,1,1,0,1,1,0,1,1,1,1,0,1,1,0,0,1,1,1,1,0,0,1,0,1,0,0,1,0,1,0,0,1,0,1,0,0,1,0,0,1,0
0,1,0,1,0,1,0,0,0,1,1,0,1,1,0,0,0,1,1,0,0,1,1,0,0,1,1,0,1,1,1,0,1,1,0,0,0,0,1,0,1,1,0,1,1,1,1,1,0,1,1,1,0,1,1,0,0,0,0,1,1,1,1,1,1,1,0,1,0,0,1,1,1,0,1,1,0,1,0,1,1,1,1,1,0,1,0,1,1,1,0,1,0,0,1,1,1,0,1,1,1,1,0,1,1,1,1,1,0,1,1,1,0,0,0,1,1,0,1,1,1,1,0,0,0,0,0,0,0,0,1,1,1,0,0,1,0,1,0,0,0,1,1,1,0,0,0,1,0,0,0,0,0,0,0,0,0,1,0,0,1,0,0,1,0,0,0,0,0,0,1,1,1,0,0,0,1,1,0,0,1,0,0,1,1,0,0,0,1,0,0,0,1,0,0,1,1,0,0,0,0,0,0,1,0,0,1,0,0,0,0,1,0,1,0,0,0,0,0,1,0
0,1,0,1,0,1,1,0,0,1,1,0,1,1,0,0,0,1,1,0,0,1,1,0,0,1,1,0,1,1,1,0,1,1,0,0,0,0,1,1,1,1,0,1,1,1,1,1,1,1,1,1,0,1,1,0,0,1,1,1,1,1,1,1,1,1,0,1,1,0,1,1,1,0,1,1,0,1,0,1,1,1,1,1,0,1,0,1,1,1,1,1,0,0,1,1,1,1,1,1,1,1,0,1,1,1,1,1,0,1,1,1,1,1,0,1,1,1,1,1,1,1,0,1,0,0,0,1,1,0,1,1,1,0,0,1,1,1,0,1,0,1,1,1,0,1,1,1,0,0,0,0,0,1,0,0,0,1,0,1,1,0,0,1,0,1,0,0,1,0,1,1,1,1,0,1,1,1,0,0,1,1,0,1,1,0,1,1,1,1,0,1,1,0,0,1,1,1,1,0,0,1,0,1,0,0,1,0,1,0,0,1,0,1,0,0,1,0,0,1,0
0,1,0,1,0,1,1,0,0,1,1,0,1,1,0,0,0,1,1,0,0,1,1,0,0,1,1,0,1,1,1,0,1,1,0,0,0,0,1,1,1,1,0,1,1,1,1,1,1,1,1,1,0,1,1,0,0,1,1,1,1,1,1,1,1,1,0,1,1,0,1,1,1,0,1,1,0,1,0,1,1,1,1,1,0,1,0,1,1,1,1,1,0,0,1,1,1,1,1,1,1,1,0,1,1,1,1,1,0,1,1,1,1,1,0,1,1,1,1,1,1,1,0,1,0,0,0,1,1,0,1,1,1,0,0,1,1,1,0,1,0,1,1,1,0,1,1,1,0,0,0,0,0,1,0,0,0,1,0,1,1,0,0,1,0,1,1,0,1,0,1,1,1,1,0,1,1,1,0,0,1,1,0,1,1,0,1,0,1,1,0,1,1,0,0,1,1,1,1,0,0,1,1,1,0,0,1,1,0,0,0,1,0,1,1,0,0,0,0,1,0
0,1,0,1,0,1,1,0,0,0,1,0,1,1,0,0,0,1,1,0,0,1,1,0,0,1,1,0,1,1,1,0,0,1,0,0,0,0,1,1,0,1,0,1,1,1,0,1,1,1,1,1,0,1,1,0,0,1,1,1,1,1,1,1,1,1,0,1,1,0,1,1,1,0,1,1,0,1,0,1,1,1,1,1,0,1,0,1,1,1,1,1,0,0,1,1,1,1,0,1,0,1,0,1,1,1,1,1,0,1,1,1,1,1,0,1,1,1,1,0,1,1,0,1,0,0,0,1,1,0,1,1,1,0,0,1,1,0,0,1,0,1,0,1,0,1,1,1,0,0,0,0,0,1,0,0,0,1,0,1,1,0,0,1,0,1,1,0,1,0,1,1,1,1,0,1,1,1,0,0,1,1,0,1,1,0,1,0,1,1,0,0,1,0,0,1,1,1,0,0,0,0,0,1,0,0,1,0,0,0,1,1,0,1,0,0,0,0,1,1,0
0,1,0,1,0,1,1,0,0,0,1,0,1,1,0,0,0,1,1,0,0,1,1,0,0,1,1,0,1,1,1,0,0,1,0,0,0,0,1,1,0,1,0,1,1,1,0,1,1,1,1,1,0,1,1,0,0,1,1,1,1,1,1,1,1,1,0,1,1,0,1,1,1,0,1,1,0,1,0,1,1,1,1,1,0,1,0,1,1,1,1,1,0,0,1,1,1,1,0,1,0,1,0,1,1,1,1,1,0,1,1,1,1,1,0,1,1,1,1,0,1,1,0,1,0,0,0,1,1,0,1,1,1,0,0,1,1,0,0,1,0,1,0,1,0,1,1,1,0,0,0,0,0,1,0,0,0,1,0,1,1,0,0,1,0,1,1,0,1,0,1,1,1,1,0,1,1,1,0,0,1,1,0,1,1,0,1,1,1,1,0,1,1,0,0,1,1,1,1,0,0,1,0,1,0,0,1,0,1,0,1,1,0,1,0,0,1,0,1,1,0
0,1,0,1,0,1,1,0,0,0,1,0,1,1,0,0,0,1,1,0,0,1,1,0,0,1,1,0,1,1,1,0,0,1,0,0,0,0,1,1,0,1,0,1,1,1,0,1,1,1,1,1,0,1,1,0,0,1,1,1,1,1,1,1,1,1,0,1,1,0,1,1,1,0,1,1,0,1,0,1,1,1,1,1,0,1,0,1,1,1,1,1,0,0,1,1,1,1,0,1,0,1,0,1,1,1,1,1,0,1,1,1,1,1,0,1,1,1,1,0,1,1,0,1,0,0,0,1,1,0,1,1,1,0,0,1,1,0,0,1,0,1,0,1,0,1,1,1,0,0,0,0,0,1,0,0,0,1,0,1,1,0,0,1,0,1,0,0,1,0,1,1,1,1,0,1,1,1,0,0,1,1,0,1,1,0,1,1,1,1,0,0,1,0,0,1,1,0,1,0,0,0,0,1,0,0,1,0,1,0,0,1,0,1,0,0,1,0,0,1,0
0,1,0,1,0,1,1,0,0,0,1,0,1,1,0,0,0,1,1,0,0,1,1,0,0,1,1,0,1,1,1,0,0,1,0,0,0,0,1,1,0,1,0,1,1,1,0,1,1,1,1,1,0,1,1,0,0,1,1,1,1,1,1,1,1,1,0,1,1,0,1,1,1,0,1,1,0,1,0,1,1,1,1,1,0,1,0,1,1,1,1,1,0,0,1,1,1,1,0,1,0,1,0,1,1,1,1,1,0,1,1,1,1,1,0,1,1,1,1,0,1,1,0,1,0,0,0,1,1,0,1,1,1,0,0,1,1,0,0,1,0,1,0,1,0,1,1,1,0,0,0,0,0,1,0,0,0,1,0,1,1,0,0,1,0,1,0,0,1,0,1,1,1,1,0,1,1,1,0,0,1,1,0,1,1,0,1,1,1,1,0,1,1,0,0,1,1,1,1,0,0,1,0,1,0,0,1,0,1,0,0,1,0,1,0,0,1,0,0,1,0
1,1,0,0,0,1,1,1,0,0,0,0,0,0,0,0,0,1,1,0,0,1,1,0,0,0,1,0,0,0,1,0,0,0,0,0,0,0,0,1,0,0,1,1,0,0,0,0,1,0,0,1,0,0,0,0,1,0,0,0,0,0,0,0,0,0,0,0,1,0,0,1,0,1,0,0,0,0,0,0,1,0,0,0,0,0,0,0,0,0,0,0,0,0,0,0,0,0,0,0,0,0,0,0,0,0,0,1,0,0,0,0,0,0,0,0,0,1,0,0,1,0,0,0,0,0,0,1,1,0,0,0,1,0,0,0,0,0,0,1,0,0,0,0,0,1,0,0,0,0,1,0,0,1,0,0,0,0,0,0,0,0,0,0,0,1,0,0,1,0,0,0,0,0,0,1,0,0,0,0,0,1,0,1,1,0,1,0,1,1,0,0,1,0,0,0,0,1,1,0,0,0,0,0,0,0,0,0,0,0,0,0,0,1,0,0,0,0,0,0,0
1,1,0,0,0,1,1,1,0,0,0,0,0,0,0,0,1,1,1,0,0,1,0,0,0,0,1,0,0,0,1,0,0,0,0,0,0,0,0,1,0,0,1,1,0,0,0,0,1,0,0,1,0,0,0,0,1,0,0,0,0,0,0,0,0,0,0,0,1,0,0,1,0,1,0,0,0,0,0,0,1,0,0,0,0,0,0,0,0,0,0,0,0,0,0,0,0,0,0,0,0,0,0,0,0,0,0,1,0,0,0,0,0,0,0,0,0,1,0,0,1,0,0,0,0,0,0,1,1,0,0,0,0,0,1,0,0,0,0,1,0,0,0,0,0,1,0,0,0,0,1,0,0,1,0,0,0,0,0,0,0,0,0,0,0,1,0,0,1,1,0,0,0,0,0,1,0,0,0,0,0,1,0,1,1,0,1,0,0,1,0,0,0,0,0,0,0,1,1,0,0,0,0,0,0,0,0,0,0,0,0,0,0,1,0,0,0,0,0,0,0
1,1,0,0,0,1,1,1,0,0,0,0,0,0,0,1,1,1,1,0,0,1,0,0,0,0,1,0,0,0,1,0,0,1,0,0,0,0,0,1,0,1,1,1,0,0,0,1,1,0,0,1,0,0,0,0,1,0,0,0,0,0,0,1,1,0,0,0,1,0,0,1,0,1,0,0,0,0,0,0,1,0,0,0,0,0,0,0,1,0,0,0,0,0,0,0,0,0,0,0,0,0,0,0,0,1,0,1,0,0,0,1,0,0,0,0,0,1,0,0,1,0,0,0,0,0,0,1,1,0,0,0,0,1,0,0,0,0,0,1,0,0,0,0,0,1,0,0,0,0,1,0,0,1,0,0,0,0,0,0,0,0,0,0,0,1,0,0,1,0,0,0,0,0,0,1,1,0,0,0,0,1,0,1,1,0,1,0,0,1,0,0,0,0,0,0,0,1,1,0,0,0,0,0,0,0,0,0,0,0,0,0,0,1,0,0,0,0,0,0,0
1,1,0,0,0,1,1,1,0,0,0,0,0,0,0,1,1,1,1,0,0,1,0,0,0,0,1,0,0,0,1,0,0,0,0,0,0,0,0,1,0,1,1,1,0,0,0,1,1,0,0,1,0,0,0,0,1,0,0,0,0,0,1,0,0,0,0,0,1,0,0,1,0,1,0,0,0,0,0,0,1,0,0,0,0,0,0,0,1,0,0,0,0,0,0,0,0,0,0,0,0,0,0,0,0,0,0,1,0,0,0,1,0,0,0,0,0,1,0,0,1,0,0,0,0,0,0,1,1,0,0,0,0,1,0,0,0,0,0,1,0,0,0,0,0,1,0,0,0,0,1,0,0,1,0,0,0,0,0,0,0,0,0,0,0,1,0,0,1,0,0,0,0,0,0,1,1,0,0,0,0,1,0,1,1,0,1,0,0,1,0,0,0,0,0,0,0,1,1,0,0,0,0,0,0,0,0,0,0,0,0,0,0,1,0,0,0,0,0,0,0
1,1,0,0,0,1,1,1,0,0,0,0,0,0,0,0,0,1,1,0,0,0,0,0,0,0,1,0,0,0,1,0,0,0,0,0,0,0,0,1,0,0,1,1,0,0,0,0,1,0,0,1,0,0,0,0,1,0,0,0,0,0,0,0,0,0,0,0,1,0,0,1,0,1,0,0,0,0,0,0,1,0,0,0,0,0,0,0,0,0,0,0,0,0,0,0,0,0,0,0,0,0,0,0,0,0,0,0,0,0,0,0,0,0,0,0,0,1,0,0,1,0,0,0,0,0,0,1,1,0,0,0,0,0,0,0,0,0,0,1,0,0,0,0,0,1,0,0,0,0,1,0,0,1,0,0,0,0,0,0,0,0,0,0,0,1,0,0,1,0,0,0,0,0,0,1,0,0,0,0,0,1,0,1,1,0,1,0,0,1,0,0,0,0,0,0,0,1,1,0,0,0,0,0,0,0,0,0,0,0,0,0,0,1,0,0,0,0,0,0,0
1,1,1,0,0,1,1,1,0,0,0,0,0,0,0,1,1,1,1,0,0,1,1,1,0,0,1,0,1,0,1,0,0,0,0,0,0,0,0,1,0,1,1,1,0,0,0,1,1,0,0,1,0,0,0,0,1,0,0,0,0,0,1,0,0,0,0,0,1,0,0,1,0,1,0,0,0,0,0,0,1,0,0,0,0,0,0,0,1,0,0,0,0,0,0,0,0,0,0,0,0,0,0,0,0,0,0,1,0,0,0,1,0,0,0,0,0,1,1,0,1,0,0,0,0,0,0,1,1,0,0,0,0,1,0,0,0,0,0,1,0,0,0,0,0,1,0,1,0,0,1,0,0,1,0,0,0,0,0,0,1,0,0,1,0,1,0,0,1,0,0,0,0,0,0,1,1,0,0,0,0,1,0,1,1,0,1,0,0,1,0,0,0,0,0,0,0,1,1,0,0,0,0,0,0,0,0,0,0,0,0,0,0,1,0,0,0,0,0,0,0
1,1,0,0,0,1,1,1,0,0,1,1,0,0,0,0,0,1,1,0,0,0,0,0,0,0,1,0,0,0,1,0,0,0,0,0,0,0,0,1,0,0,1,1,0,0,0,0,1,0,0,1,0,0,0,0,1,0,0,0,0,0,0,0,0,0,0,0,1,0,0,1,0,1,0,0,0,0,0,0,1,0,0,0,0,0,0,0,0,0,0,0,0,0,0,0,0,0,0,0,0,0,0,0,0,0,0,1,0,0,0,0,0,0,0,0,0,1,0,0,1,0,0,0,0,0,0,1,1,0,0,0,1,0,0,0,0,0,0,1,0,0,0,0,0,1,0,0,0,0,1,0,0,1,0,0,0,0,0,0,0,0,0,0,0,1,0,0,1,0,0,0,0,0,0,1,0,0,0,0,0,1,0,1,1,0,1,0,1,1,0,0,0,0,0,0,0,1,1,0,0,0,0,0,0,0,0,0,0,0,0,0,0,1,0,0,0,0,0,0,0
0,1,0,0,0,1,1,0,0,0,1,1,0,0,0,0,0,1,1,0,0,0,0,0,0,0,1,0,0,0,1,0,0,0,0,0,0,0,0,1,0,0,1,1,0,0,0,0,1,0,0,1,0,0,0,0,1,0,0,0,0,0,0,0,0,0,0,0,1,0,0,1,0,1,0,0,0,0,0,0,1,0,0,0,0,0,0,0,0,0,0,0,0,0,0,1,0,0,0,0,0,0,0,0,0,0,0,1,0,0,0,0,0,0,0,0,0,1,0,0,1,0,0,0,0,0,0,1,1,0,0,0,1,0,0,0,0,0,0,1,0,1,0,0,0,1,0,0,0,0,1,0,0,1,0,0,0,1,0,0,0,0,0,0,0,1,0,0,1,0,0,0,0,0,0,1,0,0,0,0,0,1,0,1,1,0,1,0,1,1,0,0,1,0,0,1,0,1,1,0,0,0,0,1,0,0,1,0,0,1,0,0,0,1,0,0,0,1,0,0,0
0,1,0,0,0,1,1,0,0,0,0,0,0,0,0,0,0,1,1,0,0,1,1,0,0,0,1,0,0,0,1,0,0,0,0,0,0,0,0,1,0,0,1,1,0,0,0,0,1,0,0,1,0,0,0,0,1,0,0,0,0,0,0,0,0,0,0,0,1,0,0,1,0,1,0,0,0,0,0,0,1,0,0,0,0,0,0,0,0,0,0,0,0,0,0,1,0,0,0,0,0,0,0,0,0,0,0,1,0,0,0,0,0,0,0,0,0,1,0,0,1,0,0,0,0,0,0,1,1,0,0,0,1,0,0,0,0,0,0,1,0,1,0,0,0,1,0,0,0,0,1,0,0,1,0,0,0,1,0,0,0,0,0,0,0,1,0,0,1,0,0,0,0,0,0,1,0,0,0,0,0,1,0,1,1,0,1,0,1,1,0,0,1,0,0,1,0,1,1,0,0,0,0,1,0,0,1,0,0,1,0,0,0,1,0,0,0,1,0,0,0
0,1,0,0,0,1,1,1,0,0,0,0,0,0,0,0,0,1,1,0,0,1,1,0,0,0,1,0,0,0,1,0,0,0,0,0,1,0,0,1,0,0,1,1,0,0,0,0,1,0,0,1,0,0,0,0,1,0,0,0,0,0,0,0,0,0,0,0,1,0,0,1,0,1,0,0,0,0,0,0,1,0,0,0,0,0,0,0,0,0,0,0,0,0,0,1,0,0,0,0,0,0,0,0,0,0,0,1,0,0,0,0,0,0,0,0,0,1,0,0,1,0,0,0,0,0,0,1,1,0,0,0,1,0,0,0,0,0,0,1,0,1,0,0,0,1,0,0,0,0,1,0,0,1,0,0,0,1,0,0,0,0,0,0,0,1,0,0,1,0,0,0,0,0,0,1,0,0,0,0,0,1,0,1,1,0,1,0,1,1,0,0,1,0,0,1,1,1,1,0,0,0,0,1,0,0,1,0,0,1,0,0,0,1,0,1,0,1,0,0,0
0,1,0,1,1,1,1,1,0,0,0,0,0,0,0,0,0,1,1,0,0,1,1,0,0,0,1,0,0,0,1,0,0,0,0,0,0,0,1,1,0,0,0,1,0,0,0,1,0,0,0,1,0,1,1,0,0,0,0,0,0,0,1,0,0,0,0,0,0,0,0,1,0,1,0,1,0,0,0,0,1,0,0,1,0,0,0,0,1,0,0,0,0,0,0,0,1,0,0,1,0,0,0,0,0,0,0,1,0,0,0,1,0,0,0,1,1,0,1,0,1,0,0,0,0,0,0,0,0,0,0,0,1,0,0,1,0,0,1,0,0,0,0,1,1,0,0,1,0,0,0,0,0,0,0,0,0,0,0,0,1,0,0,1,0,0,0,0,0,0,0,0,0,0,0,0,0,1,0,0,1,0,0,1,1,0,0,0,1,0,0,0,1,0,0,0,0,0,0,0,0,0,0,0,0,0,0,0,0,0,0,1,0,0,0,0,0,0,0,1,0
0,1,0,1,1,1,1,1,0,0,0,0,0,0,0,0,1,1,1,0,0,1,0,0,0,0,1,0,0,0,1,0,0,0,0,0,0,0,1,1,0,0,1,1,0,0,0,1,1,0,0,1,0,1,1,0,0,0,0,0,0,0,1,0,0,0,0,0,1,0,0,1,0,1,0,1,0,0,0,0,1,0,0,1,0,0,0,0,1,0,0,0,0,0,0,0,1,0,0,1,0,0,0,0,0,0,0,1,0,0,0,1,0,0,0,1,1,0,1,0,1,0,0,0,0,0,0,1,0,0,0,0,0,0,1,1,0,0,1,1,0,0,0,1,1,0,0,1,0,0,1,0,0,1,0,0,0,0,0,0,1,0,0,1,0,1,0,0,0,1,0,0,0,0,0,0,0,1,0,0,1,1,0,1,1,0,1,0,0,0,0,0,0,0,0,0,0,0,0,0,0,0,0,0,0,0,0,0,0,0,0,1,0,0,0,0,0,0,0,1,0
0,1,0,1,1,1,1,1,0,0,0,0,0,0,0,1,1,1,1,0,0,1,0,0,0,0,1,0,0,0,1,0,0,1,0,0,0,0,1,1,0,1,0,1,0,0,0,1,0,0,0,1,0,1,1,0,0,0,0,0,0,0,1,1,1,0,0,0,0,0,0,1,0,1,0,1,0,0,0,0,1,0,0,1,0,0,0,0,1,0,0,0,0,0,0,0,1,0,0,1,0,0,0,0,0,1,0,1,0,0,0,1,0,0,0,1,1,0,1,0,1,0,0,0,0,0,0,0,0,0,0,0,0,1,0,1,0,0,1,0,0,0,0,1,1,0,0,1,0,0,0,0,0,0,0,0,0,0,0,0,1,0,0,1,0,0,0,0,0,0,0,0,0,0,0,0,1,1,0,0,1,0,0,1,1,0,0,0,0,0,0,0,0,0,0,0,0,0,0,0,0,0,0,0,0,0,0,0,0,0,0,1,0,0,0,0,0,0,0,1,0
0,1,0,1,1,1,1,1,0,0,0,0,0,0,0,1,1,1,1,0,0,1,0,0,0,0,1,0,0,0,1,0,0,0,0,0,0,0,1,1,0,1,0,1,0,0,0,1,0,0,0,1,0,1,1,0,0,0,0,0,0,0,1,0,0,0,0,0,0,0,0,1,0,1,0,1,0,0,0,0,1,0,0,1,0,0,0,0,1,0,0,0,0,0,0,0,1,0,0,1,0,0,0,0,0,0,0,1,0,0,0,1,0,0,0,1,1,0,1,0,1,0,0,0,0,0,0,0,0,0,0,0,0,1,0,1,0,0,1,0,0,0,0,1,1,0,0,1,0,0,0,0,0,0,0,0,0,0,0,0,1,0,0,1,0,0,0,0,0,0,0,0,0,0,0,0,1,1,0,0,1,0,0,1,1,0,0,0,0,0,0,0,0,0,0,0,0,0,0,0,0,0,0,0,0,0,0,0,0,0,0,1,0,0,0,0,0,0,0,1,0
0,1,0,1,1,1,1,1,0,0,0,0,0,0,0,0,0,1,1,0,0,0,0,0,0,0,1,0,0,0,1,0,0,0,0,0,0,0,1,1,0,0,0,1,0,0,0,1,0,0,0,1,0,1,1,0,0,0,0,0,0,0,1,0,0,0,0,0,0,0,0,1,0,1,0,1,0,0,0,0,1,0,0,1,0,0,0,0,1,0,0,0,0,0,0,0,1,0,0,1,0,0,0,0,0,0,0,0,0,0,0,1,0,0,0,1,1,0,1,0,1,0,0,0,0,0,0,0,0,0,0,0,0,0,0,1,0,0,1,0,0,0,0,1,1,0,0,1,0,0,0,0,0,0,0,0,0,0,0,0,1,0,0,1,0,0,0,0,0,0,0,0,0,0,0,0,0,1,0,0,1,0,0,1,1,0,0,0,0,0,0,0,0,0,0,0,0,0,0,0,0,0,0,0,0,0,0,0,0,0,0,1,0,0,0,0,0,0,0,1,0
0,1,0,1,1,1,1,1,0,0,0,0,0,0,0,1,1,1,1,0,0,1,1,1,0,0,1,0,1,0,1,0,0,0,0,0,0,0,1,1,0,1,0,1,0,0,0,1,0,0,0,1,0,1,1,0,0,0,0,0,0,0,1,0,0,0,0,0,0,0,0,1,0,1,0,1,0,0,0,0,1,0,0,1,0,0,0,0,1,0,0,0,0,0,0,0,1,0,0,1,0,0,0,0,0,0,0,1,0,0,0,1,0,0,0,1,1,0,1,0,1,0,0,0,0,0,0,0,0,0,0,0,0,1,0,1,0,0,1,0,0,0,0,1,1,0,0,1,0,0,0,0,0,0,0,0,0,0,0,0,1,0,0,1,0,0,0,0,0,0,0,0,0,0,0,0,1,1,0,0,1,0,0,1,1,0,0,0,0,0,0,0,0,0,0,0,0,0,0,0,0,0,0,0,0,0,0,0,0,0,0,1,0,0,0,0,0,0,0,1,0
0,1,0,1,1,1,1,1,0,0,1,1,0,0,0,0,0,1,1,0,0,0,0,0,0,0,1,0,0,0,1,0,0,0,0,0,0,0,1,1,0,0,0,1,0,0,0,1,0,0,0,1,0,1,1,0,0,0,0,0,0,0,1,0,0,0,0,0,0,0,0,1,0,1,0,1,0,0,0,0,1,0,0,1,0,0,0,0,1,0,0,0,0,0,0,0,1,0,0,1,0,0,0,0,0,0,0,1,0,0,0,1,0,0,0,1,1,0,1,0,1,0,0,0,0,0,0,0,0,0,0,0,1,0,0,1,0,0,1,0,0,0,0,1,1,0,0,1,0,0,0,0,0,0,0,0,0,0,0,0,1,0,0,1,0,0,0,0,0,0,0,0,0,0,0,0,0,1,0,0,1,0,0,1,1,0,0,0,1,0,0,0,0,0,0,0,0,0,0,0,0,0,0,0,0,0,0,0,0,0,0,1,0,0,0,0,0,0,0,1,0
0,1,0,1,0,1,1,0,0,0,1,1,0,0,0,0,0,1,1,0,0,0,0,0,0,0,1,0,0,0,1,0,0,0,0,0,0,0,1,1,0,0,0,1,0,0,0,1,0,0,0,1,0,1,1,0,0,0,0,0,0,0,1,0,0,0,0,0,0,0,0,1,0,1,0,1,0,0,0,0,1,0,0,1,0,0,0,0,1,0,0,0,0,0,0,1,1,0,0,1,0,0,0,0,0,0,0,1,0,0,0,1,0,0,0,1,1,0,1,0,1,0,0,0,0,0,0,0,0,0,0,0,1,0,0,1,0,0,1,0,0,1,0,1,1,0,0,1,0,0,0,0,0,0,0,0,0,1,0,0,1,0,0,1,0,0,0,0,0,0,0,0,0,0,0,0,0,1,0,0,1,0,0,1,1,0,0,0,1,0,0,0,1,0,0,1,0,0,0,0,0,0,0,1,0,0,1,0,0,1,0,1,0,0,0,0,0,1,0,1,0
0,1,0,1,0,1,1,0,0,0,0,0,0,0,0,0,0,1,1,0,0,1,1,0,0,0,1,0,0,0,1,0,0,0,0,0,0,0,1,1,0,0,0,1,0,0,0,1,0,0,0,1,0,1,1,0,0,0,0,0,0,0,1,0,0,0,0,0,0,0,0,1,0,1,0,1,0,0,0,0,1,0,0,1,0,0,0,0,1,0,0,0,0,0,0,1,1,0,0,1,0,0,0,0,0,0,0,1,0,0,0,1,0,0,0,1,1,0,1,0,1,0,0,0,0,0,0,0,0,0,0,0,1,0,0,1,0,0,1,0,0,1,0,1,1,0,0,1,0,0,0,0,0,0,0,0,0,1,0,0,1,0,0,1,0,0,0,0,0,0,0,0,0,0,0,0,0,1,0,0,1,0,0,1,1,0,0,0,1,0,0,0,1,0,0,1,0,0,0,0,0,0,0,1,0,0,1,0,0,1,0,1,0,0,0,0,0,1,0,1,0
0,1,0,0,0,1,1,0,0,0,0,0,0,0,0,0,0,1,1,0,0,1,1,0,0,0,1,0,0,0,1,0,0,0,0,0,1,0,1,1,0,0,0,1,0,0,0,1,0,0,0,1,0,1,1,0,0,0,0,0,0,0,1,0,0,0,0,0,0,0,0,1,0,1,0,1,0,0,0,0,1,0,0,1,0,0,0,0,1,0,0,0,0,0,0,1,1,0,0,1,0,0,0,0,0,0,0,1,0,0,0,1,0,0,0,1,1,0,1,0,1,0,0,0,0,0,0,0,0,0,0,0,1,0,0,1,0,0,0,0,0,1,0,1,0,0,0,1,0,0,0,0,0,0,0,0,0,1,0,0,1,0,0,1,0,0,0,0,0,0,0,0,0,0,0,0,0,1,0,0,1,0,0,1,1,0,0,0,1,0,0,0,1,0,0,1,1,0,0,0,0,0,0,1,0,0,1,0,0,1,0,0,0,1,0,1,0,1,0,0,0
1,1,0,1,0,1,0,0,0,0,1,0,1,1,1,0,0,1,1,0,0,1,1,0,0,0,1,0,0,0,1,0,0,0,0,0,0,0,1,1,0,1,0,1,0,0,0,1,0,0,0,0,0,1,1,0,0,0,0,0,0,0,1,0,0,0,0,0,0,0,0,1,0,1,0,1,0,0,0,0,1,0,0,1,0,0,0,0,1,0,0,0,0,0,0,0,1,0,0,1,0,0,0,0,0,0,0,1,0,0,0,1,0,0,0,1,1,0,1,0,1,0,0,0,0,0,0,0,0,0,0,0,1,0,0,1,0,0,0,0,0,0,0,1,0,0,0,1,0,0,0,0,0,0,0,0,0,0,0,0,1,0,0,1,0,0,0,0,0,0,0,0,0,0,0,0,1,1,0,0,1,0,0,1,1,0,0,0,1,0,0,0,1,0,0,0,0,0,0,0,0,0,0,0,0,0,0,0,0,0,0,0,0,0,0,0,0,0,0,0,0
0,1,0,1,0,1,1,0,0,0,1,0,1,1,1,0,1,1,1,0,0,1,0,0,0,0,1,0,0,0,1,0,0,0,0,0,0,0,1,1,0,1,1,1,0,0,0,1,1,0,0,0,0,1,1,0,0,0,0,0,0,0,1,0,0,0,0,0,1,0,0,1,0,1,0,1,0,0,0,0,1,0,0,1,0,0,0,0,1,0,0,0,0,0,0,0,1,0,0,1,0,0,0,0,0,0,0,1,0,0,0,1,0,0,0,1,1,0,1,0,1,0,0,0,0,0,0,1,0,0,0,0,0,0,1,1,0,0,0,1,0,0,0,1,0,0,0,1,0,0,1,0,0,1,0,0,0,0,0,0,1,0,0,1,0,1,0,0,0,1,0,0,0,0,0,0,1,1,0,0,1,1,0,1,1,0,1,0,0,0,0,0,0,0,0,0,0,0,0,0,0,0,0,0,0,0,0,0,0,0,0,0,0,0,0,0,0,0,0,0,0
0,1,0,1,0,1,0,0,0,0,1,0,1,1,1,1,1,1,1,0,0,1,0,0,0,0,1,0,0,0,1,0,0,1,0,0,0,0,1,1,0,1,0,1,0,0,0,1,0,0,0,0,0,1,1,0,0,0,0,0,0,0,1,1,1,0,0,0,0,0,0,1,0,1,0,1,0,0,0,0,1,0,0,1,0,0,0,0,1,0,0,0,0,0,0,0,1,0,0,1,0,0,0,0,0,1,0,1,0,0,0,1,0,0,0,1,1,0,1,0,1,0,0,0,0,0,0,0,0,0,0,0,0,1,0,1,0,0,0,0,0,0,0,1,0,0,0,1,0,0,0,0,0,0,0,0,0,0,0,0,1,0,0,1,0,0,0,0,0,0,0,0,0,0,0,0,1,1,0,0,1,0,0,1,1,0,0,0,0,0,0,0,0,0,0,0,0,0,0,0,0,0,0,0,0,0,0,0,0,0,0,0,0,0,0,0,0,0,0,0,0
1,1,0,1,0,1,0,0,0,0,1,0,1,1,1,1,1,1,1,0,0,1,0,0,0,0,1,0,0,0,1,0,0,0,0,0,0,0,1,1,0,1,0,1,0,0,0,1,0,0,0,1,0,1,1,0,0,0,0,0,0,0,1,0,0,0,0,0,0,0,0,1,0,1,0,1,0,0,0,0,1,0,0,1,0,0,0,0,1,0,0,0,0,0,0,0,1,0,0,1,0,0,0,0,0,0,0,1,0,0,0,1,0,0,0,1,1,0,1,0,1,0,0,0,0,0,0,0,0,0,0,0,0,1,0,1,0,0,0,0,0,0,0,1,0,0,0,1,0,0,0,0,0,0,0,0,0,0,0,0,1,0,0,1,0,0,0,0,0,0,0,0,0,0,0,0,1,1,0,0,1,0,0,1,1,0,0,0,0,0,0,0,0,0,0,0,0,0,0,0,0,0,0,0,0,0,0,0,0,0,0,0,0,0,0,0,0,0,0,0,0
0,1,0,1,0,1,0,0,0,0,1,0,1,1,1,0,0,1,1,0,0,0,0,0,0,0,1,0,0,0,1,0,0,0,0,0,0,0,1,1,0,1,0,1,0,0,0,1,0,0,0,0,0,1,1,0,0,0,0,0,0,0,1,0,0,0,0,0,0,0,0,1,0,1,0,1,0,0,0,0,1,0,0,1,0,0,0,0,1,0,0,0,0,0,0,0,1,0,0,1,0,0,0,0,0,0,0,0,0,0,0,1,0,0,0,1,1,0,1,0,1,0,0,0,0,0,0,0,0,0,0,0,0,0,0,1,0,0,0,0,0,0,0,1,0,0,0,1,0,0,0,0,0,0,0,0,0,0,0,0,1,0,0,1,0,0,0,0,0,0,0,0,0,0,0,0,1,1,0,0,1,0,0,1,1,0,0,0,0,0,0,0,0,0,0,0,0,0,0,0,0,0,0,0,0,0,0,0,0,0,0,0,0,0,0,0,0,0,0,0,0
1,1,1,1,0,1,0,0,0,0,1,0,1,1,1,1,1,1,1,0,0,1,1,1,0,0,1,0,1,0,1,0,0,0,0,0,0,0,1,1,0,1,0,1,0,0,0,1,0,0,0,0,0,1,1,0,0,0,0,0,0,0,1,0,0,0,0,0,0,0,0,1,0,1,0,1,0,0,0,0,1,0,0,1,0,0,0,0,1,0,0,0,0,0,0,0,1,0,0,1,0,0,0,0,0,0,0,1,0,0,0,1,0,0,0,1,1,0,1,0,1,0,0,0,0,0,0,0,0,0,0,0,0,1,0,1,0,0,0,0,0,0,0,1,0,0,0,1,0,0,0,0,0,0,0,0,0,0,0,0,1,0,0,1,0,0,0,0,0,0,0,0,0,0,0,0,1,1,0,0,1,0,0,1,1,0,0,0,0,0,0,0,0,0,0,0,0,0,0,0,0,0,0,0,0,0,0,0,0,0,0,0,0,0,0,0,0,0,0,0,0
0,1,0,0,0,1,0,0,0,0,1,1,1,1,1,0,0,1,1,0,0,0,0,0,0,0,1,0,0,0,1,0,0,0,0,0,0,0,1,1,0,1,0,1,0,0,0,1,0,0,0,0,0,1,1,0,0,0,0,0,0,0,1,0,0,0,0,0,0,0,0,1,0,1,0,1,0,0,0,0,1,0,0,1,0,0,0,0,1,0,0,0,0,0,0,1,1,0,0,1,0,0,0,0,0,0,0,1,0,0,0,1,0,0,0,1,1,0,1,0,1,0,0,0,0,0,0,0,0,0,0,0,1,0,0,1,0,0,0,0,0,1,0,1,0,0,0,1,0,0,0,0,0,0,0,0,0,1,0,0,1,0,0,1,0,0,0,0,0,0,0,0,0,0,0,0,1,1,0,0,1,0,0,1,1,0,0,0,1,0,0,0,1,0,0,1,0,0,0,0,0,0,0,1,0,0,1,0,0,1,0,0,0,0,0,0,0,1,0,0,0
0,1,0,1,0,1,0,0,0,0,1,1,1,1,1,0,0,1,1,0,0,0,0,0,0,0,1,0,0,0,1,0,0,0,0,0,0,0,1,1,0,1,0,1,0,0,0,1,0,0,0,0,0,1,1,0,0,0,0,0,0,0,1,0,0,0,0,0,0,0,0,1,0,1,0,1,0,0,0,0,1,0,0,1,0,0,0,0,1,0,0,0,0,0,0,0,1,0,0,1,0,0,0,0,0,0,0,1,0,0,0,1,0,0,0,1,1,0,1,0,1,0,0,0,0,0,0,0,0,0,0,0,1,0,0,1,0,0,0,0,0,0,0,1,0,0,0,1,0,0,0,0,0,0,0,0,0,0,0,0,1,0,0,1,0,0,0,0,0,0,0,0,0,0,0,0,1,1,0,0,1,0,0,1,1,0,0,0,1,0,0,0,0,0,0,0,0,0,0,0,0,0,0,0,0,0,0,0,0,0,0,0,0,0,0,0,0,0,0,0,0
0,1,0,0,0,1,0,0,0,0,1,0,1,1,0,0,0,1,1,0,0,1,1,0,0,0,1,0,0,0,1,0,0,0,0,0,0,0,1,1,0,1,0,1,0,0,0,1,0,0,0,0,0,1,1,0,0,0,0,0,0,0,1,0,0,0,0,0,0,0,0,1,0,1,0,1,0,0,0,0,1,0,0,1,0,0,0,0,1,0,0,0,0,0,0,1,1,0,0,1,0,0,0,0,0,0,0,1,0,0,0,1,0,0,0,1,1,0,1,0,1,0,0,0,0,0,0,0,0,0,0,0,1,0,0,1,0,0,0,0,0,1,0,1,0,0,0,1,0,0,0,0,0,0,0,0,0,1,0,0,1,0,0,1,0,0,0,0,0,0,0,0,0,0,0,0,1,1,0,0,1,0,0,1,1,0,0,0,1,0,0,0,1,0,0,1,0,0,0,0,0,0,0,1,0,0,1,0,0,1,0,0,0,0,0,0,0,1,0,0,0
0,1,0,0,0,1,1,0,0,0,1,0,1,1,0,0,0,1,1,0,0,1,1,0,0,0,1,0,0,0,1,0,0,0,0,0,1,0,1,1,0,1,0,1,0,0,0,1,0,0,0,0,0,1,1,0,0,0,0,0,0,0,1,0,0,0,0,0,0,0,0,1,0,1,0,1,0,0,0,0,1,0,0,1,0,0,0,0,1,0,0,0,0,0,0,1,1,0,0,1,0,0,0,0,0,0,0,1,0,0,0,1,0,0,0,1,1,0,1,0,1,0,0,0,0,0,0,0,0,0,0,0,1,0,0,1,0,0,0,0,0,1,0,1,0,0,0,1,0,0,0,0,0,0,0,0,0,1,0,0,1,0,0,1,0,0,0,0,0,0,0,0,0,0,0,0,1,1,0,0,1,0,0,1,1,0,0,0,1,0,0,0,1,0,0,1,1,0,0,0,0,0,0,1,0,0,1,0,0,1,0,0,0,1,0,1,0,1,0,0,0
0,0,0,0,0,1,1,1,0,0,0,0,0,0,0,0,0,1,1,0,0,1,1,0,0,0,1,0,0,0,1,0,0,0,1,0,0,0,0,1,0,0,1,1,0,0,0,0,1,0,0,0,0,0,0,0,0,1,1,0,0,0,0,0,0,0,0,0,0,1,0,1,0,1,0,0,0,0,0,0,1,0,0,0,0,0,0,0,0,0,0,0,0,0,0,1,0,1,0,0,0,0,0,0,0,0,0,1,0,0,0,0,1,1,0,0,0,1,0,0,1,0,0,0,0,0,0,1,1,0,0,0,1,0,1,0,0,0,0,0,0,1,0,0,0,0,1,0,0,0,0,0,1,1,0,0,0,1,1,0,0,0,0,0,0,1,0,0,1,1,0,0,0,1,0,1,0,0,0,0,0,0,1,1,1,0,1,0,1,1,1,0,1,1,0,1,1,1,1,0,1,0,0,1,0,0,1,0,1,1,1,0,0,1,0,1,1,1,1,0,0
0,0,0,1,1,1,1,0,0,0,0,0,0,0,0,1,1,1,0,1,1,0,0,0,0,1,1,1,0,0,1,0,0,1,1,0,0,0,1,0,0,1,0,1,1,1,0,1,1,1,1,0,0,1,0,0,0,0,0,0,0,1,1,0,1,1,1,1,1,0,1,1,1,0,1,1,0,1,0,1,1,1,1,1,0,1,0,1,1,1,0,1,0,0,1,1,1,0,0,1,0,1,0,1,1,0,1,1,0,1,1,1,0,0,0,1,1,0,1,0,1,1,0,0,0,0,0,0,0,0,1,1,1,0,0,1,0,0,0,0,0,1,0,1,0,0,0,1,0,0,0,0,0,0,0,0,0,1,0,0,1,0,0,1,0,0,0,0,0,0,0,0,0,0,0,0,1,1,0,0,1,0,0,1,1,0,0,0,0,0,0,0,0,0,0,0,0,0,0,0,0,0,0,0,0,0,0,0,0,0,0,0,0,0,0,0,0,0,0,0,0
0,0,0,1,1,1,1,0,0,0,0,0,0,0,0,1,1,1,0,1,1,0,0,0,0,1,1,1,0,0,0,0,0,0,1,0,0,0,0,0,0,1,0,0,0,1,0,1,0,1,1,0,0,1,0,0,0,0,0,0,0,1,1,0,0,1,1,1,0,0,1,0,0,0,1,0,0,0,0,1,0,1,1,1,0,0,0,1,1,1,0,1,0,0,1,0,1,0,0,1,0,1,0,1,1,0,1,0,0,1,1,1,0,0,0,1,1,0,1,0,0,1,0,0,0,0,0,0,0,0,1,1,0,0,0,1,0,0,1,0,0,0,0,1,0,0,0,1,0,0,0,0,0,0,0,0,0,0,0,0,1,0,0,1,0,0,0,0,0,0,0,0,0,0,0,0,1,1,0,0,1,0,0,0,0,0,0,0,0,0,0,0,0,0,0,0,0,0,0,0,0,0,0,0,0,0,0,0,0,0,0,0,0,0,0,0,0,0,0,0,0
1,1,0,1,1,1,1,0,0,0,1,0,1,1,0,1,1,1,1,0,0,1,0,0,0,1,1,0,1,0,1,0,0,0,1,0,0,1,1,1,0,1,0,1,0,1,0,1,1,1,1,1,1,1,0,1,0,1,1,0,0,1,1,0,0,1,1,1,1,0,1,0,0,0,1,0,1,0,0,1,0,1,1,1,1,0,0,1,1,1,1,1,1,1,1,0,1,1,0,1,0,1,1,1,0,0,0,0,0,0,1,1,1,1,1,0,1,1,1,0,0,0,1,1,0,1,1,1,1,0,0,0,0,0,0,0,1,0,0,1,1,0,0,0,0,1,1,1,1,0,0,0,0,1,0,0,0,0,0,1,1,1,0,1,1,1,0,0,1,0,0,0,0,1,1,1,1,0,0,1,0,1,0,0,0,1,1,1,0,1,0,1,0,0,0,1,1,1,1,0,0,1,1,0,0,0,1,1,1,1,0,0,1,0,1,0,1,1,0,0,1
1,1,0,1,1,1,1,0,0,0,1,0,1,1,0,1,1,1,1,0,0,1,0,0,0,1,1,0,1,0,1,0,0,0,1,0,0,1,1,1,0,1,0,1,0,1,0,1,1,1,1,1,1,1,0,1,0,1,1,0,0,1,1,0,0,1,1,1,1,0,1,0,0,0,1,0,1,0,0,1,0,1,1,1,1,0,0,1,1,1,1,1,1,1,1,0,1,1,0,1,0,1,1,1,0,0,0,0,0,0,1,1,1,1,1,0,1,1,1,0,0,0,1,1,0,1,1,1,1,0,0,0,0,0,0,0,1,0,0,1,1,0,0,0,0,1,1,1,1,0,0,0,0,1,0,0,0,0,0,1,1,1,0,1,1,1,0,0,1,0,0,0,0,1,1,1,1,0,0,1,0,1,0,0,0,1,1,1,0,1,0,1,0,0,0,1,1,1,1,0,0,1,1,0,0,0,1,1,1,1,0,0,1,0,1,0,1,1,0,0,1
1,1,1,1,1,0,0,0,0,1,0,0,0,0,0,1,1,1,1,1,1,1,1,1,1,1,1,1,1,1,0,0,1,1,0,0,1,0,1,0,1,1,0,0,1,1,1,1,0,0,0,1,0,1,1,0,0,0,0,1,1,1,0,1,1,1,0,1,0,0,1,0,1,0,0,1,0,0,0,1,0,0,0,1,0,0,0,1,1,1,0,1,0,0,0,0,1,0,1,1,1,1,0,0,1,1,1,0,0,1,1,1,0,0,0,1,1,0,1,1,0,1,0,0,0,0,0,0,0,0,1,1,0,0,0,1,0,1,1,0,0,0,1,1,1,0,0,1,0,0,0,0,0,0,0,1,0,0,0,0,1,0,0,1,0,0,0,0,0,0,1,0,0,0,0,0,1,1,0,0,1,0,0,0,0,0,0,0,0,0,0,0,0,0,0,1,1,0,0,0,0,0,0,0,0,0,1,0,0,0,0,1,0,1,0,1,0,1,0,1,0
1,1,1,1,1,0,0,0,0,1,0,0,0,0,0,1,1,1,1,1,1,1,1,1,1,1,1,1,1,1,0,0,1,1,0,0,1,0,1,0,1,1,0,0,1,1,1,1,0,0,0,1,0,1,1,0,0,0,0,1,1,1,0,1,1,1,0,1,0,0,1,0,1,0,0,1,0,0,0,1,0,0,0,1,0,0,0,1,1,1,0,1,0,0,0,0,1,0,1,1,1,1,0,0,1,1,1,0,0,1,1,1,0,0,0,1,1,0,1,1,0,1,0,0,0,0,0,0,0,0,1,1,0,0,0,1,0,1,1,0,0,0,1,1,1,0,0,1,0,0,0,0,0,0,0,1,0,0,0,0,1,0,0,1,0,0,0,0,0,0,1,0,0,0,0,0,1,1,0,0,1,0,0,0,0,0,0,0,0,0,0,0,0,0,0,1,1,0,0,0,0,0,0,0,0,0,1,0,0,0,0,1,0,1,0,1,0,1,0,1,0
1,1,1,1,1,0,0,0,0,1,0,0,0,0,0,1,1,1,1,1,1,1,1,1,1,1,1,1,1,1,0,0,1,1,0,0,1,0,1,0,1,1,0,0,1,1,1,1,0,0,0,1,0,1,1,0,0,0,0,1,1,1,0,1,1,1,0,1,0,0,1,0,1,0,0,1,0,0,0,1,0,0,0,1,0,0,0,1,1,1,0,1,0,0,0,0,1,0,1,1,1,1,0,0,1,1,1,0,0,1,1,1,0,0,0,1,1,0,1,1,0,1,0,0,0,0,0,0,0,0,1,1,0,0,0,1,0,1,1,0,0,0,1,1,1,0,0,1,0,0,0,0,0,0,0,1,0,0,0,0,1,0,0,1,0,0,0,0,0,0,1,0,0,0,0,0,1,1,0,0,1,0,0,0,0,0,0,0,0,0,0,0,0,0,0,1,1,0,0,0,0,0,0,0,0,0,1,0,0,0,0,1,0,1,0,1,0,1,0,1,0
0,0,0,1,0,1,1,0,1,0,1,0,1,1,0,0,0,0,0,0,0,0,0,0,0,1,1,0,0,0,1,1,0,1,0,0,0,0,1,0,0,0,0,1,1,1,0,1,1,0,0,1,0,1,1,0,1,0,0,1,0,1,0,1,1,1,0,1,1,0,1,1,1,0,0,1,0,0,1,1,1,0,0,1,0,0,1,1,1,1,0,1,0,0,0,1,1,0,0,1,0,1,0,0,1,1,1,1,1,1,1,1,0,0,0,1,1,1,1,0,1,1,0,0,1,0,0,1,0,0,1,1,0,0,0,1,0,0,1,1,0,0,0,1,1,1,0,1,0,0,0,1,0,0,0,1,0,0,0,0,1,0,0,1,0,0,0,0,0,0,1,0,0,0,0,0,1,1,1,0,1,1,0,0,1,0,0,0,0,0,0,0,0,0,0,0,0,0,0,0,0,0,0,0,0,0,0,0,0,0,0,1,0,0,0,0,0,0,0,1,0
0,0,0,1,0,1,0,0,1,0,1,0,1,1,0,0,0,0,0,0,0,0,0,0,0,1,1,0,0,0,1,1,0,1,0,0,0,0,1,0,0,0,0,1,1,1,0,1,0,0,0,1,0,1,1,0,0,0,0,1,0,1,0,1,1,1,0,1,0,0,1,1,1,0,0,1,0,1,0,1,1,0,0,1,0,1,0,1,1,1,0,1,0,0,0,1,1,0,0,1,0,1,0,0,1,1,1,1,1,1,1,1,0,0,0,1,1,0,1,0,1,1,0,0,0,0,1,0,0,0,1,1,0,0,0,1,0,0,1,0,0,0,0,1,1,0,0,1,1,0,0,0,0,0,0,1,0,0,0,0,1,0,0,1,0,0,0,0,0,0,1,0,0,0,0,0,1,1,0,0,1,0,0,0,1,0,0,0,0,0,0,0,0,0,0,0,0,0,0,0,0,0,0,0,0,0,0,0,0,0,0,1,0,0,0,0,0,0,0,1,0
0,0,0,1,0,1,1,0,1,0,1,0,1,1,0,0,0,0,0,0,0,0,0,0,0,1,1,0,0,0,1,1,0,1,1,0,0,0,1,0,0,0,0,1,1,1,0,1,0,0,0,1,0,1,1,0,1,0,0,1,0,1,0,1,1,1,0,1,0,1,1,1,1,0,0,1,0,0,1,1,1,0,0,1,0,0,1,1,1,1,0,1,0,0,0,1,1,0,0,1,0,1,0,0,1,1,1,1,1,1,1,1,0,0,0,1,1,1,1,0,1,1,0,0,1,0,0,1,0,0,1,1,0,0,0,1,0,0,1,0,0,0,0,1,1,0,0,1,0,0,0,0,1,0,0,1,0,0,0,0,1,0,0,1,0,0,0,0,0,0,1,0,0,0,0,0,1,1,1,0,1,0,1,0,1,0,0,0,0,0,0,0,0,0,0,0,0,0,0,0,0,0,0,0,0,0,0,0,0,0,0,1,0,0,0,0,0,0,0,1,0
1,1,1,1,1,0,0,0,0,1,0,0,0,0,0,1,1,1,1,1,1,1,1,1,1,1,1,1,1,1,0,0,1,1,0,0,1,0,1,0,1,1,0,0,1,1,1,1,0,0,0,1,0,1,1,0,0,0,0,1,1,1,0,1,1,1,0,1,0,0,1,0,1,0,0,1,0,0,0,1,0,0,0,1,0,0,0,1,1,1,0,1,0,0,0,0,1,0,1,1,1,1,0,0,1,1,1,0,0,1,1,1,0,0,0,1,1,0,1,1,0,1,0,0,0,0,0,0,0,0,1,1,0,0,0,1,0,1,1,0,0,0,1,1,1,0,0,1,0,0,0,0,0,0,0,1,0,0,0,0,1,0,0,1,0,0,0,0,0,0,1,0,0,0,0,0,1,1,0,0,1,0,0,0,0,0,0,0,0,0,0,0,0,0,0,1,1,0,0,0,0,0,0,0,0,0,1,0,0,0,0,1,0,1,0,1,0,1,0,1,0
0,1,0,1,0,1,1,0,0,0,0,0,0,0,0,1,1,1,0,0,0,0,0,0,0,1,1,0,0,0,1,0,0,0,0,0,0,0,1,1,0,1,1,1,0,0,0,1,1,0,0,1,1,1,1,0,0,1,1,0,0,0,1,0,0,1,0,0,1,0,1,1,1,0,0,1,1,1,0,1,1,0,0,1,1,1,0,1,1,1,1,1,1,1,0,1,1,1,0,1,0,1,1,1,1,0,1,1,0,1,1,1,1,1,0,1,1,1,1,0,1,1,1,1,0,0,0,1,1,0,1,0,1,1,0,1,1,0,1,1,1,1,0,1,1,1,1,1,0,0,1,0,0,1,1,0,0,1,0,1,1,0,1,1,1,1,1,0,1,0,0,1,1,1,1,1,1,1,0,0,1,1,0,1,1,1,1,1,1,1,0,0,1,0,0,0,0,0,1,0,0,0,0,1,0,0,0,0,1,0,0,1,0,0,0,0,1,0,0,1,0
1,1,0,1,1,1,1,0,1,0,0,0,0,0,0,1,1,1,1,0,0,1,1,1,0,0,1,0,1,0,0,1,0,1,0,0,0,0,1,0,0,1,0,0,0,0,0,1,0,0,0,0,0,1,1,0,0,0,0,1,0,0,1,1,1,0,0,0,0,0,0,0,0,0,0,1,0,0,0,0,0,0,0,1,0,0,0,0,1,0,0,0,0,0,0,0,1,0,0,1,0,0,0,0,0,1,0,0,0,0,0,1,0,0,0,1,1,0,1,0,0,0,0,0,0,0,1,0,0,0,0,0,0,0,0,1,0,0,0,0,0,0,0,1,0,0,0,1,1,0,0,0,0,0,0,0,0,0,0,0,1,0,0,1,0,0,0,0,0,0,1,0,0,0,0,0,1,1,0,0,1,0,0,0,0,0,0,0,0,0,0,0,0,0,0,1,0,0,0,0,0,0,0,0,0,0,1,0,0,1,0,1,0,0,0,0,0,1,0,1,0
0,1,0,1,0,1,1,0,0,0,0,0,0,0,0,1,1,1,0,1,1,1,0,0,0,1,1,0,0,0,1,0,0,0,0,0,0,0,1,1,0,1,1,1,0,0,0,1,1,0,0,0,1,1,1,0,0,1,1,0,0,0,1,0,0,1,0,0,1,0,1,1,1,0,0,1,1,1,0,1,1,0,0,1,1,1,0,1,1,1,1,1,1,1,0,1,1,1,0,1,0,1,1,1,1,0,1,1,0,1,1,1,1,1,0,1,1,1,1,0,1,1,1,1,0,0,0,1,1,0,1,0,1,1,0,1,1,0,1,1,1,1,0,1,1,1,1,1,0,0,1,0,0,1,1,0,0,1,0,1,1,0,1,1,1,1,1,0,1,0,0,1,1,1,1,1,1,1,0,0,1,1,0,1,1,1,1,1,1,1,0,0,1,0,0,0,0,0,1,0,0,0,0,1,0,0,0,0,1,0,0,1,0,0,0,0,1,0,0,1,0
0,1,0,1,0,1,1,0,0,0,0,0,0,0,0,1,1,1,0,1,1,1,0,0,0,1,1,0,0,0,1,0,0,0,0,0,0,0,1,1,0,1,1,1,0,0,0,1,1,0,0,1,1,1,1,0,0,1,1,0,0,0,1,0,0,1,0,0,1,0,1,1,1,0,0,1,1,1,0,1,1,0,0,1,1,1,0,1,1,1,1,1,1,1,0,1,1,1,0,1,0,1,1,1,1,0,1,1,0,1,1,1,1,1,0,1,1,1,1,0,1,1,1,1,0,0,0,1,1,0,1,0,1,1,0,1,1,0,1,1,1,1,0,1,1,1,1,1,0,0,1,0,0,1,1,0,0,1,0,1,1,0,1,1,1,1,1,0,1,0,0,1,1,1,1,1,1,1,0,0,1,1,0,1,1,1,1,1,1,1,0,0,1,0,0,0,0,0,1,0,0,0,0,1,0,0,0,0,1,0,0,1,0,0,0,0,1,0,0,1,0
0,1,0,1,0,1,1,0,0,0,0,0,0,0,0,1,1,1,0,1,1,1,0,1,0,1,1,0,0,0,1,0,0,0,0,0,0,0,1,1,0,1,1,1,0,0,0,1,1,0,0,0,1,1,1,0,0,1,1,0,0,0,1,0,0,1,0,0,1,0,1,1,1,0,0,1,1,1,0,1,1,0,0,1,1,1,0,1,1,1,1,1,1,1,0,1,1,1,0,1,0,1,1,1,1,0,1,1,0,1,1,1,1,1,0,1,1,1,1,0,1,1,1,1,0,0,0,1,1,0,1,0,1,1,0,1,1,0,1,1,1,1,0,1,1,1,1,1,0,0,1,0,0,1,1,0,0,1,0,1,1,0,1,1,1,1,1,0,1,0,0,1,1,1,1,1,1,1,0,0,1,1,0,1,1,1,1,1,1,1,0,0,1,0,0,0,0,0,1,0,0,0,0,1,0,0,0,0,1,0,0,1,0,0,0,0,1,0,0,1,0
0,1,0,1,0,1,1,0,0,0,1,0,1,1,0,1,1,1,0,0,0,0,0,0,0,1,1,0,0,0,1,0,0,0,0,0,0,0,1,1,0,1,1,1,0,0,0,1,1,0,0,1,1,1,1,0,0,1,1,0,0,0,1,0,0,1,0,0,1,0,1,1,1,0,0,1,1,1,0,1,1,0,0,1,1,1,0,1,1,1,1,1,1,1,0,1,1,1,0,1,0,1,1,1,1,0,1,1,0,1,1,1,1,1,0,1,1,1,1,0,1,1,1,1,0,0,0,1,1,0,1,0,1,1,0,1,1,0,1,1,1,1,0,1,1,1,1,1,0,0,1,0,0,1,1,0,0,1,0,1,1,0,1,1,1,1,1,0,1,0,0,1,1,1,1,1,1,1,0,0,1,1,0,1,1,1,1,1,1,1,0,0,1,0,0,0,0,0,1,0,0,0,0,1,0,0,0,0,1,0,0,1,0,0,0,0,1,0,0,1,0
0,1,0,1,0,1,1,0,0,0,1,0,1,1,0,1,1,1,0,1,1,1,0,0,0,1,1,0,0,0,1,0,0,0,0,0,0,0,1,1,0,1,1,1,0,0,0,1,1,0,0,0,1,1,1,0,0,1,1,0,0,0,1,0,0,1,0,0,1,0,1,1,1,0,0,1,1,1,0,1,1,0,0,1,1,1,0,1,1,1,1,1,1,1,0,1,1,1,0,1,0,1,1,1,1,0,1,1,0,1,1,1,1,1,0,1,1,1,1,0,1,1,1,1,0,0,0,1,1,0,1,0,1,1,0,1,1,0,1,1,1,1,0,1,1,1,1,1,0,0,1,0,0,1,1,0,0,1,0,1,1,0,1,1,1,1,1,0,1,0,0,1,1,1,1,1,1,1,0,0,1,1,0,1,1,1,1,1,1,1,0,0,1,0,0,0,0,0,1,0,0,0,0,1,0,0,0,0,1,0,0,1,0,0,0,0,1,0,0,1,0
0,1,0,1,1,1,1,0,0,0,1,0,1,1,0,1,1,1,1,0,0,1,0,0,0,1,1,1,1,1,1,0,0,0,0,0,0,0,1,1,0,1,1,1,0,1,0,1,1,1,1,0,1,1,1,1,0,1,1,0,0,1,1,0,0,1,1,1,1,0,1,1,1,0,1,1,1,1,0,1,1,1,1,1,1,1,0,1,1,1,1,1,1,1,1,1,1,1,0,1,0,1,1,1,1,0,1,1,0,1,1,1,1,1,0,1,1,1,1,0,1,1,1,1,0,0,1,1,1,0,1,0,1,1,0,1,1,0,1,1,1,1,0,1,1,1,1,1,1,0,1,0,0,1,1,0,0,1,0,1,1,0,1,1,1,1,1,0,1,0,0,1,1,1,1,1,1,1,0,0,1,1,0,1,1,1,1,1,1,1,0,0,1,0,0,1,0,0,1,0,0,0,0,1,0,0,1,0,1,1,0,1,0,0,0,0,1,1,0,1,0
0,1,0,1,0,1,1,0,0,0,0,0,0,0,0,1,1,1,1,0,0,1,0,0,0,1,1,0,1,0,1,0,0,0,0,0,0,0,1,1,0,1,1,1,0,0,0,1,1,0,0,1,1,1,1,0,0,1,1,0,0,0,1,0,0,1,0,0,1,0,1,1,1,0,0,1,1,1,0,1,1,0,0,1,1,1,0,1,1,1,1,1,1,1,0,1,1,1,0,1,0,1,1,1,1,0,1,1,0,1,1,1,1,1,0,1,1,1,1,0,1,1,1,1,0,0,0,1,1,0,1,0,1,1,0,1,1,0,1,1,1,1,0,1,1,1,1,1,0,0,1,0,0,1,1,0,0,1,0,1,1,0,1,1,1,1,1,0,1,0,0,1,1,1,1,1,1,1,0,0,1,1,0,1,1,1,1,1,1,1,0,0,1,0,0,1,0,0,1,0,0,0,0,1,0,0,1,0,1,1,0,1,0,0,0,0,1,1,0,1,0
0,1,0,1,0,1,1,0,0,0,0,0,0,0,0,1,1,1,1,1,1,1,0,1,0,1,1,0,1,0,1,0,0,0,0,0,0,0,1,1,0,1,1,1,0,0,0,1,1,0,0,1,1,1,1,0,0,1,1,0,0,0,1,0,0,1,0,0,1,0,1,1,1,0,0,1,1,1,0,1,1,0,0,1,1,1,0,1,1,1,1,1,1,1,0,1,1,1,0,1,0,1,1,1,1,0,1,1,0,1,1,1,1,1,0,1,1,1,1,0,1,1,1,1,0,0,0,1,1,0,1,0,1,1,0,1,1,0,1,1,1,1,0,1,1,1,1,1,0,0,1,0,0,1,1,0,0,1,0,1,1,0,1,1,1,1,1,0,1,0,0,1,1,1,1,1,1,1,0,0,1,1,0,1,1,1,1,1,1,1,0,0,1,0,0,1,0,0,1,0,0,0,0,1,0,0,1,0,1,1,0,1,0,0,0,0,1,1,0,1,0
0,1,0,1,0,1,1,0,0,0,0,0,0,0,0,1,1,1,1,1,1,1,0,1,0,1,1,0,1,0,1,0,0,0,0,0,0,0,1,1,0,1,1,1,0,0,0,1,1,0,0,0,1,1,1,0,0,1,1,0,0,0,1,0,0,1,0,0,1,0,1,1,1,0,0,1,1,1,0,1,1,0,0,1,1,1,0,1,1,1,1,1,1,1,0,1,1,1,0,1,0,1,1,1,1,0,1,1,0,1,1,1,1,1,0,1,1,1,1,0,1,1,1,1,0,0,0,1,1,0,1,0,1,1,0,1,1,0,1,1,1,1,0,1,1,1,1,1,0,0,1,0,0,1,1,0,0,1,0,1,1,0,1,1,1,1,1,0,1,0,0,1,1,1,1,1,1,1,0,0,1,1,0,1,1,1,1,1,1,1,0,0,1,0,0,1,0,0,1,0,0,0,0,1,0,0,1,0,1,1,0,1,0,0,0,0,1,1,0,1,0
0,1,0,1,0,1,1,0,0,0,1,0,1,1,0,1,1,1,1,0,0,1,0,0,0,1,1,0,1,0,1,0,0,0,0,0,0,0,1,1,0,1,1,1,0,0,0,1,1,0,0,1,1,1,1,0,0,1,1,0,0,0,1,0,0,1,0,0,1,0,1,1,1,0,0,1,1,1,0,1,1,0,0,1,1,1,0,1,1,1,1,1,1,1,0,1,1,1,0,1,0,1,1,1,1,0,1,1,0,1,1,1,1,1,0,1,1,1,1,0,1,1,1,1,0,0,0,1,1,0,1,0,1,1,0,1,1,0,1,1,1,1,0,1,1,1,1,1,0,0,1,0,0,1,1,0,0,1,0,1,1,0,1,1,1,1,1,0,1,0,0,1,1,1,1,1,1,1,0,0,1,1,0,1,1,1,1,1,1,1,0,0,1,0,0,1,0,0,1,0,0,0,0,1,0,0,1,0,1,1,0,1,0,0,0,0,1,1,0,1,0
0,1,0,1,0,1,1,0,0,0,0,0,0,0,0,1,1,1,1,1,1,1,0,1,1,1,1,0,1,0,1,0,0,0,0,0,0,0,1,1,0,1,1,1,0,0,0,1,1,0,0,0,1,1,1,0,0,1,1,0,0,0,1,0,0,1,0,0,1,0,1,1,1,0,0,1,1,1,0,1,1,0,0,1,1,1,0,1,1,1,1,1,1,1,0,1,1,1,0,1,0,1,1,1,1,0,1,1,0,1,1,1,1,1,0,1,1,1,1,0,1,1,1,1,0,0,0,1,1,0,1,0,1,1,0,1,1,0,1,1,1,1,0,1,1,1,1,1,0,0,1,0,0,1,1,0,0,1,0,1,1,0,1,1,1,1,1,0,1,0,0,1,1,1,1,1,1,1,0,0,1,1,0,1,1,1,1,1,1,1,0,0,1,0,0,1,0,0,1,0,0,0,0,1,0,0,1,0,1,1,0,1,0,0,0,0,1,1,0,1,0
0,1,0,1,0,1,0,0,0,0,1,0,1,1,0,1,1,1,0,0,0,1,0,0,0,0,0,0,0,0,1,0,0,0,0,0,0,0,1,1,0,1,1,1,0,0,0,1,1,0,0,0,1,1,1,0,0,1,1,0,0,0,1,0,0,0,0,0,1,0,1,0,0,0,0,1,1,0,0,1,0,0,0,1,1,0,0,1,1,0,1,0,0,1,0,0,0,1,0,1,0,0,1,0,0,0,0,0,0,1,1,1,1,1,0,1,1,1,1,0,0,0,0,1,0,0,0,1,1,0,0,0,0,0,0,0,1,0,1,1,1,0,0,1,0,1,1,1,0,0,1,0,0,1,1,0,0,0,0,1,1,0,1,1,0,1,1,0,1,0,0,0,0,1,0,1,1,0,0,0,1,1,0,0,0,0,1,1,0,1,0,0,0,0,0,0,0,0,1,0,0,0,0,0,0,0,0,0,1,0,0,1,0,0,0,0,1,0,0,1,0
0,1,0,1,0,1,1,0,0,0,1,0,1,1,0,1,1,1,1,1,1,1,0,1,0,1,1,0,1,0,1,0,0,0,0,0,0,0,1,1,0,1,1,1,0,0,0,1,1,0,0,0,1,1,1,0,0,1,1,0,0,0,1,0,0,1,0,0,1,0,1,1,1,0,0,1,1,1,0,1,1,0,0,1,1,1,0,1,1,1,1,1,1,1,0,1,1,1,0,1,0,1,1,1,1,0,1,1,0,1,1,1,1,1,0,1,1,1,1,0,1,1,1,1,0,0,0,1,1,0,1,0,1,1,0,1,1,0,1,1,1,1,0,1,1,1,1,1,0,0,1,0,0,1,1,0,0,1,0,1,1,0,1,1,1,1,1,0,1,0,0,1,1,1,1,1,1,1,0,0,1,1,0,1,1,1,1,1,1,1,0,0,1,0,0,1,0,0,1,0,0,0,0,1,0,0,1,0,1,1,0,1,0,0,0,0,1,1,0,1,0
1,1,0,1,1,1,0,0,0,0,0,0,0,0,0,1,1,1,1,0,0,1,1,1,0,1,1,0,0,0,1,0,0,1,0,0,0,1,1,0,0,1,0,1,1,1,0,1,0,0,0,1,0,1,1,0,0,0,0,1,1,1,1,1,1,1,0,1,0,0,1,1,1,0,0,1,0,1,0,1,1,0,0,1,0,1,0,1,1,1,0,1,0,0,0,0,1,0,0,1,0,1,0,0,1,1,1,1,0,1,1,1,0,0,0,1,1,0,1,0,0,1,0,0,0,0,0,0,0,0,1,1,0,1,0,1,0,0,1,0,0,0,0,1,1,0,0,1,0,0,0,0,0,0,0,1,0,0,0,0,1,0,0,1,0,0,0,0,0,0,1,1,1,0,0,0,1,1,0,0,1,0,0,0,0,0,0,0,0,0,0,0,0,0,0,1,1,0,0,0,0,0,0,0,0,0,0,0,0,0,0,1,0,0,0,0,0,0,0,1,0
1,1,0,1,1,1,0,0,0,0,0,0,0,0,0,1,1,1,1,0,0,1,1,1,0,1,1,0,0,0,1,0,0,1,0,0,0,1,1,0,0,1,0,1,1,1,0,1,0,0,0,1,0,1,1,0,0,0,0,1,1,1,1,1,1,1,0,1,0,0,1,1,1,0,0,1,0,1,0,1,1,0,0,1,0,1,0,1,1,1,0,1,0,0,0,0,1,0,0,1,0,1,0,0,1,1,1,1,0,1,1,1,0,0,0,1,1,0,1,0,0,1,0,0,0,0,1,0,0,0,1,1,0,1,0,1,0,0,1,0,0,0,0,1,1,0,0,1,1,0,0,0,0,0,0,1,0,0,0,0,1,0,0,1,0,0,0,0,0,0,1,1,1,0,0,0,1,1,0,0,1,0,0,0,0,0,0,0,0,0,0,0,0,0,0,1,1,0,0,0,0,0,0,0,0,0,0,0,0,0,0,1,0,0,0,0,0,0,0,1,0
1,1,0,1,1,1,0,0,0,0,0,0,0,0,0,1,1,1,1,0,0,1,1,1,0,1,1,0,0,0,1,0,0,1,0,0,0,1,1,0,0,1,0,1,1,1,0,1,0,0,0,1,0,1,1,0,0,0,0,1,1,1,1,1,1,1,0,1,0,0,1,1,1,0,0,1,0,1,0,1,1,0,0,1,0,1,0,1,1,1,0,1,0,0,0,0,1,0,0,1,0,1,0,0,1,1,1,1,0,1,1,1,0,0,0,1,1,0,1,0,0,1,0,0,0,0,0,0,0,0,1,1,0,1,0,1,0,0,1,0,0,0,0,1,1,0,0,1,0,0,0,0,0,0,0,1,0,0,0,0,1,0,0,1,0,0,0,0,0,0,1,1,1,0,0,0,1,1,0,0,1,0,0,0,0,0,0,0,0,0,0,0,0,0,0,1,1,0,0,0,0,0,0,0,0,0,0,0,0,0,0,1,0,0,0,0,0,0,0,1,0
1,1,0,1,1,1,0,0,0,0,0,0,0,0,0,1,1,1,1,0,0,1,1,1,0,1,1,0,0,0,1,0,0,1,0,0,0,1,1,0,0,1,0,1,1,1,0,1,0,0,0,1,0,1,1,0,0,0,0,1,1,1,1,1,1,1,0,1,0,0,1,1,1,0,0,1,0,1,0,1,1,0,0,1,0,1,0,1,1,1,0,1,0,0,0,0,1,0,0,1,0,1,0,0,1,1,1,1,0,1,1,1,0,0,0,1,1,0,1,0,0,1,0,0,0,0,0,0,0,0,1,1,0,1,0,1,0,0,1,0,0,0,0,1,1,0,0,1,0,0,0,0,0,0,0,1,0,0,0,0,1,0,0,1,0,0,0,0,0,0,1,1,1,0,0,0,1,1,0,0,1,0,0,0,0,0,0,0,0,0,0,0,0,0,0,1,1,0,0,0,0,0,0,0,0,0,0,0,0,0,0,1,0,0,0,0,0,0,0,1,0
0,1,0,1,0,1,1,1,0,0,0,0,0,0,0,1,1,1,1,0,1,1,1,1,1,1,1,1,1,1,1,0,0,1,1,0,0,0,1,1,0,1,0,1,1,1,0,1,0,0,0,0,0,1,1,0,1,1,1,1,1,1,0,1,1,1,0,1,1,1,1,1,1,1,0,1,0,1,1,1,1,0,0,1,0,1,1,1,1,1,1,1,0,0,0,1,1,1,0,1,0,1,0,0,1,1,1,1,0,1,1,1,1,1,0,1,1,1,1,0,1,1,0,1,0,0,1,1,1,1,1,1,1,0,1,1,1,0,1,1,0,1,0,1,1,1,1,1,1,0,1,0,1,1,1,1,1,1,1,1,1,0,1,1,0,1,0,1,1,1,1,1,1,1,0,1,1,1,0,0,1,1,1,1,1,0,1,0,1,1,1,1,1,1,1,1,1,1,1,1,1,1,0,1,1,0,1,1,0,0,1,1,0,0,1,0,0,0,1,1,0
0,1,0,1,0,1,1,1,0,0,0,0,0,0,0,1,1,1,1,0,1,1,1,1,1,1,1,1,1,1,1,0,0,1,1,0,0,0,1,1,0,1,0,1,1,1,0,1,0,0,0,0,0,1,1,0,1,1,1,1,1,1,0,1,1,1,0,1,1,1,1,1,1,1,0,1,0,1,1,1,1,0,0,1,0,1,1,1,1,1,1,1,0,0,0,1,1,1,0,1,0,1,0,0,1,1,1,1,0,1,1,1,1,1,0,1,1,1,1,0,1,1,0,1,0,0,0,1,1,1,1,1,1,0,1,1,1,0,1,1,0,1,0,1,1,1,1,1,0,0,1,0,1,1,1,1,1,1,1,1,1,0,1,1,0,1,0,1,1,1,1,1,1,1,0,1,1,1,0,0,1,1,1,1,1,0,1,0,1,1,1,1,1,1,1,1,1,1,1,1,1,1,0,1,1,0,1,1,0,0,1,1,0,0,1,0,0,0,1,1,0
0,1,0,1,0,1,1,1,0,0,0,0,0,0,0,1,1,1,1,0,1,1,1,1,1,1,1,1,1,1,1,0,0,1,1,0,0,0,1,1,0,1,0,1,1,1,0,1,0,0,0,0,0,1,1,0,1,1,1,1,1,1,0,1,1,1,0,1,1,1,1,1,1,1,0,1,0,1,1,1,1,0,0,1,0,1,1,1,1,1,1,1,0,0,0,1,1,1,0,1,0,1,0,0,1,1,1,1,0,1,1,1,1,1,0,1,1,1,1,0,1,1,0,1,0,0,0,1,1,1,1,1,1,0,1,1,1,0,1,1,0,1,0,1,1,1,1,1,0,0,1,0,1,1,1,1,1,1,1,1,1,0,1,1,0,1,0,1,1,1,1,1,1,1,0,1,1,1,0,0,1,1,1,1,1,0,1,0,1,1,1,1,1,1,1,1,1,1,1,1,1,1,0,1,1,0,1,1,0,0,1,1,0,0,1,0,0,0,1,1,0
0,1,0,1,1,1,1,1,1,0,0,0,0,0,0,1,1,1,1,0,1,1,1,1,1,1,1,1,1,1,1,1,0,1,1,0,0,0,1,1,0,0,0,1,1,1,0,0,0,0,0,0,1,1,1,0,1,1,1,1,1,1,0,1,1,1,0,1,1,1,1,1,1,1,0,1,0,1,1,1,1,0,0,1,0,1,1,1,1,1,1,1,0,0,0,1,1,1,0,1,0,1,0,0,1,0,1,1,0,1,1,0,1,1,0,1,1,1,1,0,1,1,1,1,0,0,0,1,1,1,1,1,1,0,1,1,1,0,1,1,0,1,0,1,1,1,1,1,0,0,1,0,1,1,1,1,1,1,1,1,1,0,1,1,0,1,0,1,1,1,1,0,0,1,1,1,1,1,0,0,1,1,1,1,1,1,1,0,1,1,1,1,1,1,1,1,1,1,1,1,1,0,0,1,1,0,1,1,0,0,1,1,0,0,1,0,0,0,1,1,0
1,1,0,1,1,1,0,0,0,0,0,0,0,0,0,1,1,1,1,0,0,1,1,1,0,1,1,0,0,0,1,0,0,1,0,0,0,1,1,0,0,1,0,1,1,1,0,1,0,0,0,1,0,1,1,0,0,0,0,1,1,1,1,1,1,1,0,1,0,0,1,1,1,0,0,1,0,1,0,1,1,0,0,1,0,1,0,1,1,1,0,1,0,0,0,0,1,0,0,1,0,1,0,0,1,1,1,1,0,1,1,1,0,0,0,1,1,0,1,0,0,1,0,0,0,0,1,0,0,0,1,1,0,1,0,1,0,0,1,0,0,0,0,1,1,0,0,1,1,0,0,0,0,0,0,1,0,0,0,0,1,0,0,1,0,0,0,0,0,0,1,1,1,0,0,0,1,1,0,0,1,0,0,0,0,0,0,0,0,0,0,0,0,0,0,1,1,0,0,0,0,0,0,0,0,0,0,0,0,0,0,1,0,0,0,0,0,0,0,1,0
0,1,0,1,1,1,1,1,1,0,1,0,1,1,0,1,1,1,1,0,1,1,1,1,1,1,1,1,1,1,1,1,0,1,1,0,0,0,1,1,0,0,0,1,1,1,0,0,0,0,0,0,1,1,1,0,1,1,1,1,1,1,1,0,1,1,0,1,1,1,1,1,1,1,0,1,0,1,1,1,1,0,0,1,1,1,1,1,1,1,1,1,0,0,0,1,1,1,0,1,0,1,1,0,1,0,1,1,0,1,1,0,1,1,0,1,1,1,1,0,1,1,0,1,0,0,0,1,1,1,1,1,1,0,1,1,1,0,1,1,1,1,0,1,1,1,1,1,0,0,1,0,1,1,1,1,1,1,1,1,1,0,1,1,0,1,0,1,1,1,1,1,0,1,0,1,1,1,0,0,1,1,1,1,1,0,1,0,1,1,1,1,1,1,1,1,1,1,1,1,1,0,0,1,1,0,1,1,0,0,1,1,0,0,1,0,0,0,1,1,0
0,1,0,1,1,1,1,0,0,0,0,0,0,0,0,1,1,1,0,1,1,1,0,0,0,1,1,1,1,0,1,0,0,1,0,0,0,0,0,0,0,1,0,1,0,1,0,1,0,1,1,0,0,1,0,0,0,0,0,0,0,1,1,0,1,1,1,1,0,0,1,1,0,0,1,0,0,1,0,1,1,1,1,1,0,1,0,1,1,1,0,1,0,0,1,0,1,0,0,1,0,1,0,1,1,0,1,0,1,1,1,1,0,0,0,1,1,0,1,0,0,1,0,0,0,0,1,0,0,0,1,1,0,0,0,1,0,0,0,0,0,0,0,1,0,0,0,1,1,0,0,0,0,0,0,0,0,0,0,0,1,0,0,1,0,0,0,0,0,0,1,0,0,0,0,0,1,1,0,0,1,0,0,0,0,0,0,0,0,0,0,0,0,0,0,0,0,0,0,0,0,0,0,0,0,0,0,0,0,0,0,0,0,1,0,0,0,0,0,0,0
1,1,0,1,1,1,0,0,0,0,0,0,0,0,0,1,1,1,1,0,0,1,1,1,0,1,1,0,0,0,1,0,0,1,0,0,0,1,1,0,0,1,0,1,1,1,0,1,0,0,0,1,0,1,1,0,0,0,0,1,1,1,1,1,1,1,0,1,0,0,1,1,1,0,0,1,0,1,0,1,1,0,0,1,0,1,0,1,1,1,0,1,0,0,0,0,1,0,0,1,0,1,0,0,1,1,1,1,0,1,1,1,0,0,0,1,1,0,1,0,0,1,0,0,0,0,0,0,0,0,1,1,0,1,0,1,0,0,1,0,0,0,0,1,1,0,0,1,0,0,0,0,0,0,0,1,0,0,0,0,1,0,0,1,0,0,0,0,0,0,1,1,1,0,0,0,1,1,0,0,1,0,0,0,0,0,0,0,0,0,0,0,0,0,0,1,1,0,0,0,0,0,0,0,0,0,0,0,0,0,0,1,0,0,0,0,0,0,0,1,0
1,1,0,1,0,0,0,0,0,0,0,0,0,0,0,0,0,0,0,0,0,0,0,0,0,0,0,0,0,0,0,0,0,0,0,0,0,0,0,0,0,1,0,0,0,0,0,1,0,0,0,1,0,0,0,0,0,0,0,0,0,0,1,0,0,0,0,0,0,0,0,0,0,0,0,0,0,0,0,0,0,0,0,0,0,0,0,0,0,0,0,0,0,0,0,0,0,0,0,0,0,0,0,0,0,0,0,0,0,0,0,1,0,0,0,0,0,0,0,0,0,0,0,0,0,0,0,0,0,0,0,0,0,0,0,0,0,0,0,0,0,0,0,0,0,0,0,0,0,0,0,0,0,0,0,0,0,0,0,0,0,0,0,0,0,0,0,0,0,0,0,0,0,0,0,0,0,0,0,0,0,0,0,0,0,0,0,0,0,0,0,0,0,0,0,1,0,0,0,0,0,0,0,0,0,0,0,0,0,0,0,0,0,0,0,0,0,0,0,0,0
1,1,1,1,1,1,0,0,0,1,0,0,0,0,0,1,1,1,1,1,1,1,1,1,1,1,1,1,1,1,1,0,1,1,0,0,0,0,1,0,1,1,0,1,1,1,1,1,0,0,0,0,0,1,1,0,0,0,0,1,1,1,0,1,1,1,0,1,0,0,1,1,1,0,0,1,0,1,0,1,1,0,0,1,0,1,0,1,1,1,0,1,0,0,0,1,1,0,1,1,1,1,0,0,1,1,1,1,0,1,1,1,0,0,0,1,1,0,1,1,1,1,0,0,0,0,0,0,0,0,1,1,1,0,0,1,0,1,1,0,0,1,1,1,1,0,0,1,0,0,0,0,0,0,0,1,0,1,0,0,1,0,0,1,0,0,0,0,0,0,1,1,1,0,0,0,1,1,0,0,1,0,0,1,1,0,0,0,1,0,0,0,1,0,1,1,1,0,0,0,0,0,0,1,0,0,0,0,0,0,0,1,0,0,0,1,0,0,0,1,0
1,1,1,1,1,1,1,0,0,1,0,0,0,0,0,1,1,1,1,1,1,1,1,1,1,1,1,1,1,1,1,0,1,1,0,0,0,0,1,1,1,1,1,1,1,1,1,1,1,0,0,0,0,1,1,0,0,1,1,1,1,1,0,1,1,1,0,1,1,0,1,1,1,0,0,1,0,1,0,1,1,0,0,1,0,1,0,1,1,1,1,1,0,0,0,1,1,1,1,1,1,1,0,0,1,1,1,1,0,1,1,1,1,0,0,1,1,1,1,1,1,1,0,1,0,0,0,1,1,0,1,1,1,0,0,1,1,1,1,1,0,1,1,1,1,1,1,1,0,0,1,0,0,1,1,1,0,1,0,1,1,0,1,1,0,1,1,0,1,0,1,1,1,1,0,1,1,1,0,0,1,1,0,1,1,0,1,0,1,1,0,1,1,1,1,1,1,1,0,0,0,1,1,1,1,0,0,0,0,0,0,1,0,0,0,1,0,0,0,1,0
1,1,1,1,1,1,0,0,0,1,0,0,0,0,0,1,1,1,1,1,1,1,1,1,1,1,1,1,1,1,1,0,1,1,0,0,0,0,1,0,1,1,0,1,1,1,1,1,0,0,0,0,0,1,1,0,0,0,0,1,1,1,0,1,1,1,0,1,0,0,1,1,1,0,0,1,0,1,0,1,1,0,0,1,0,1,0,1,1,1,0,1,0,0,0,1,1,0,1,1,1,1,0,0,1,1,1,1,0,1,1,1,0,0,0,1,1,0,1,1,1,1,0,0,0,0,0,0,0,0,1,1,1,0,0,1,0,1,1,0,0,1,1,1,1,0,0,1,0,0,0,0,0,0,0,1,0,1,0,0,1,0,0,1,0,0,0,0,0,0,1,1,1,0,0,0,1,1,0,0,1,0,0,1,1,0,0,0,1,0,0,0,1,0,1,1,1,0,0,0,0,0,0,1,0,0,0,0,0,0,0,1,0,0,0,1,0,0,0,1,0
1,1,1,1,1,1,0,0,0,1,0,0,0,0,0,1,1,1,1,1,1,1,1,1,1,1,1,1,1,1,1,0,1,1,0,0,0,0,1,0,1,1,0,1,1,1,1,1,0,0,0,0,0,1,1,0,0,0,0,1,1,1,0,1,1,1,0,1,0,0,1,1,1,0,0,1,0,1,0,1,1,0,0,1,0,1,0,1,1,1,0,1,0,0,0,1,1,0,1,1,1,1,0,0,1,1,1,1,0,1,1,1,0,0,0,1,1,0,1,1,1,1,0,0,0,0,0,0,0,0,1,1,1,0,0,1,0,1,1,0,0,1,1,1,1,0,0,1,0,0,0,0,0,0,0,1,0,1,0,0,1,0,0,1,0,0,0,0,0,0,1,1,1,0,0,0,1,1,0,0,1,0,0,1,1,0,0,0,1,0,0,0,1,0,1,1,1,0,0,0,0,0,0,1,0,0,0,0,0,0,0,1,0,0,0,1,0,0,0,1,0
0,0,0,1,0,1,1,0,0,0,0,0,0,0,0,0,0,0,0,0,0,0,0,0,0,0,0,0,0,0,1,0,0,0,0,0,0,0,1,1,0,0,0,1,0,0,0,1,0,0,0,1,0,1,1,0,1,1,1,0,0,0,1,0,0,0,0,0,1,0,0,1,0,0,0,1,0,0,0,0,0,0,0,1,0,1,1,0,1,0,1,0,0,0,0,0,1,1,0,1,0,0,0,0,0,0,0,0,0,0,0,1,1,1,0,1,1,1,1,0,0,0,0,1,0,0,0,1,1,0,0,0,0,0,0,1,1,0,0,1,0,0,0,1,0,1,1,1,0,1,0,0,0,1,0,0,1,0,0,1,1,0,0,1,0,1,1,0,1,0,0,0,1,1,0,1,0,1,0,0,1,1,0,0,0,0,1,0,0,1,0,1,0,0,0,0,0,0,0,0,0,1,1,0,0,0,0,0,0,0,0,0,0,0,0,0,0,0,0,0,0
0,1,0,1,0,1,1,1,0,0,1,0,1,1,0,0,0,1,1,0,0,1,0,0,0,0,1,0,0,0,1,0,0,0,0,0,0,0,1,1,0,1,0,1,0,0,0,1,0,0,0,1,0,0,0,0,0,0,0,0,0,0,1,0,0,0,0,0,0,0,0,1,0,0,0,1,0,1,0,0,1,0,0,1,0,1,0,0,1,0,0,0,0,0,0,1,0,0,0,0,0,0,0,0,0,0,0,1,0,0,0,1,0,0,0,0,0,0,1,0,1,0,0,0,0,0,1,0,0,0,0,0,1,0,0,0,0,0,0,0,0,1,0,0,0,0,0,1,1,0,0,0,0,0,0,0,0,1,0,0,1,0,0,1,0,1,0,0,1,0,0,1,1,0,0,0,1,0,0,0,0,0,0,1,1,0,1,0,1,1,0,0,1,0,0,1,1,1,0,0,0,0,0,1,0,0,1,0,0,1,0,0,0,0,0,0,0,1,0,0,0
0,1,0,0,0,1,1,0,0,0,1,1,0,0,1,0,0,1,0,0,0,0,0,0,0,0,0,0,0,0,1,0,0,0,0,0,1,0,1,1,0,0,1,1,0,0,0,0,1,0,0,1,0,0,0,0,1,0,0,0,0,0,0,0,0,0,0,0,1,0,1,1,1,0,0,0,0,0,1,1,1,0,0,0,0,0,1,0,0,0,0,0,0,0,0,0,0,0,0,0,0,0,0,0,0,0,0,1,0,1,1,0,0,0,0,0,0,0,0,0,0,0,0,0,0,0,0,0,0,0,0,0,1,0,0,0,0,0,0,0,0,0,0,0,0,0,0,0,0,0,0,0,0,0,0,0,0,0,0,0,0,0,0,0,0,1,0,0,0,0,0,0,0,0,0,0,0,0,0,0,0,0,0,0,0,0,1,0,1,1,0,0,1,0,0,1,1,1,1,0,0,0,0,1,0,0,1,0,0,0,0,0,0,0,0,1,1,1,1,0,0
0,1,0,0,0,1,1,1,0,0,0,0,0,0,0,0,0,1,0,0,0,0,0,0,0,0,0,0,0,0,1,0,0,0,0,0,1,0,1,1,0,0,0,1,0,0,0,0,1,0,0,1,0,0,0,0,1,0,0,0,0,0,0,0,0,0,0,0,1,0,0,1,0,0,0,1,0,1,1,0,1,0,0,1,0,1,1,0,0,0,0,0,0,0,0,0,0,0,0,0,0,0,0,0,0,0,0,1,0,0,0,0,0,0,0,0,0,0,0,0,0,0,0,0,0,0,0,0,0,0,0,0,1,0,1,0,0,0,0,0,0,0,0,0,0,0,0,0,0,0,0,0,0,0,0,0,0,0,0,0,0,0,0,0,0,1,0,1,1,1,0,1,0,0,0,0,1,0,0,0,0,0,0,0,0,0,1,1,0,1,0,0,0,0,0,1,1,1,0,0,0,0,0,0,0,0,0,0,0,0,0,0,0,0,0,0,0,0,0,0,0
1,1,1,1,1,1,0,0,0,1,0,0,0,0,0,1,1,1,1,1,1,1,1,1,1,1,1,1,1,1,1,0,1,1,0,0,0,0,1,0,1,1,0,1,1,1,1,1,0,0,0,0,0,1,1,0,0,0,0,1,1,1,0,1,1,1,0,1,0,0,1,1,1,0,0,1,0,1,0,1,1,0,0,1,0,1,0,1,1,1,0,1,0,0,0,1,1,0,1,1,1,1,0,0,1,1,1,1,0,1,1,1,0,0,0,1,1,0,1,1,1,1,0,0,0,0,0,0,0,0,1,1,1,0,0,1,0,1,1,0,0,1,1,1,1,0,0,1,0,0,0,0,0,0,0,1,0,1,0,0,1,0,0,1,0,0,0,0,0,0,1,1,1,0,0,0,1,1,0,0,1,0,0,1,1,0,0,0,1,0,0,0,1,0,1,1,1,0,0,0,0,0,0,1,0,0,0,0,0,0,0,1,0,0,0,1,0,0,0,1,0
0,1,0,0,0,1,1,1,0,0,0,0,0,0,0,0,0,1,0,0,0,0,0,0,0,0,0,0,0,0,1,0,0,0,0,0,1,0,1,1,0,0,0,1,0,0,0,0,1,0,0,1,0,0,0,0,1,1,1,0,0,0,0,0,0,0,0,0,1,0,0,1,0,0,0,1,0,1,1,0,1,0,0,1,0,1,1,0,0,0,1,0,0,0,0,0,0,1,0,0,0,0,0,0,0,0,0,1,0,0,0,0,1,1,0,0,0,1,0,0,0,0,0,1,0,0,0,1,1,0,0,0,1,0,1,0,1,0,0,1,0,0,0,0,0,1,1,0,0,0,0,0,0,1,0,0,0,0,0,1,0,0,0,0,0,1,0,1,1,1,0,1,0,1,0,1,1,0,0,0,0,1,0,0,0,0,1,1,0,1,0,0,0,0,0,1,1,1,0,0,0,0,0,0,0,0,0,1,0,0,0,0,0,0,1,0,0,0,0,0,0
0,1,0,0,0,1,1,0,0,0,0,0,0,0,0,0,0,1,1,0,0,1,0,0,0,0,0,0,0,0,1,0,0,0,0,0,1,0,1,1,0,0,1,1,0,0,0,0,1,0,0,1,0,0,0,0,1,0,0,0,0,0,0,0,0,0,0,0,1,0,1,1,1,0,0,0,0,0,1,1,1,0,0,0,0,0,1,0,0,0,0,0,0,0,0,0,0,0,0,0,0,0,0,0,0,0,0,1,0,1,1,0,0,0,0,0,0,0,0,0,0,0,0,0,0,0,0,0,0,0,0,0,1,0,0,0,0,0,0,0,0,0,0,0,0,0,0,0,0,0,0,0,0,0,0,0,0,0,0,0,0,0,0,0,0,1,0,0,0,0,0,0,0,0,0,0,0,0,0,0,0,0,0,0,0,0,1,0,1,1,0,0,1,0,0,1,1,1,1,0,0,0,0,1,0,0,1,0,0,0,0,0,0,0,0,0,0,0,1,0,0
0,1,0,0,0,1,1,1,0,1,0,0,0,0,0,0,0,1,0,0,0,0,0,0,0,0,0,0,0,0,1,0,1,0,0,0,1,0,1,1,1,0,0,1,0,0,1,0,1,0,0,1,0,0,0,0,1,0,0,0,0,0,0,0,0,0,0,0,1,0,0,1,0,0,0,1,0,1,1,0,1,0,0,1,0,1,1,0,0,0,0,0,0,0,0,0,0,0,1,0,1,0,0,0,0,0,0,1,0,0,0,0,0,0,0,0,0,0,0,1,0,0,0,0,0,0,0,0,0,0,0,0,1,0,1,0,0,1,0,0,0,0,1,0,0,0,0,0,0,0,0,0,0,0,0,0,0,0,0,0,0,0,0,0,0,1,0,1,1,1,0,1,0,0,0,0,1,0,0,0,0,0,0,0,0,0,1,1,0,1,0,0,0,0,0,1,1,1,0,0,0,0,0,0,0,0,0,0,0,0,0,0,0,0,0,0,0,0,0,0,0
0,1,0,1,0,1,1,0,0,0,1,0,1,1,0,0,0,1,1,0,0,1,0,0,0,0,1,0,0,0,1,0,0,0,0,0,1,0,1,1,0,1,0,1,0,0,0,1,0,0,0,1,0,0,0,0,0,0,0,0,0,0,1,0,0,0,0,0,0,0,1,1,1,0,0,0,0,1,0,1,1,0,0,0,0,1,0,0,1,0,0,0,0,0,0,1,0,0,0,0,0,0,0,0,0,0,0,1,0,1,1,1,0,0,0,0,0,0,1,0,1,0,0,0,0,0,0,0,0,0,0,0,1,0,0,0,0,0,0,0,0,1,0,0,0,0,0,1,0,0,0,0,0,0,0,0,0,1,0,0,1,0,0,1,0,1,0,0,0,0,0,1,1,0,0,0,1,0,0,0,0,0,0,1,1,0,1,0,1,1,0,1,1,0,0,1,1,1,0,0,0,1,0,1,0,0,1,0,0,1,0,0,0,0,0,0,0,1,0,0,0
0,1,0,0,0,1,1,1,0,0,1,1,0,0,0,0,0,1,0,0,0,0,0,0,0,0,0,0,0,0,1,0,0,0,0,0,1,0,1,1,0,0,1,1,0,0,0,0,1,0,0,1,0,0,0,0,1,0,0,0,0,0,0,0,0,0,0,0,1,0,1,1,1,0,0,0,0,0,1,1,1,0,0,0,0,0,1,0,0,0,0,0,0,0,0,0,0,0,0,0,0,0,0,0,0,0,0,1,0,1,1,0,0,0,0,0,0,0,0,0,0,0,0,0,0,0,0,0,0,0,0,0,1,0,1,0,0,0,0,0,0,0,0,0,0,0,0,0,0,0,0,0,0,0,0,0,0,0,0,0,0,0,0,0,0,1,0,1,0,1,0,0,0,0,0,0,0,0,0,0,0,0,0,0,0,0,1,0,1,1,0,0,1,0,0,1,1,1,1,0,0,0,0,1,0,0,1,0,0,0,0,0,0,0,0,0,0,0,0,0,0
0,1,0,0,0,1,1,0,0,0,0,0,0,0,0,1,1,1,1,0,1,1,0,1,0,1,1,0,1,0,1,0,0,0,0,0,0,0,0,1,0,1,0,1,0,0,0,1,0,0,0,0,0,0,0,0,0,1,1,0,0,0,1,0,0,0,0,0,1,0,0,1,0,1,0,0,0,0,0,0,1,0,0,0,0,0,0,0,1,0,1,0,0,0,0,1,0,1,0,0,0,0,0,0,0,0,0,1,0,0,0,1,1,1,0,0,0,1,1,0,1,0,0,1,0,0,0,1,1,0,0,0,1,0,1,0,1,0,0,1,0,1,0,0,0,1,1,1,0,0,1,0,0,1,1,0,0,1,1,1,1,0,1,1,0,1,0,0,1,1,0,0,0,1,0,1,1,0,0,0,0,1,0,1,1,0,1,0,1,1,0,0,1,0,0,1,1,1,1,0,0,0,0,1,0,0,0,0,0,0,1,0,0,1,0,0,0,0,1,0,0
0,1,0,0,0,1,1,1,0,0,1,0,1,1,0,0,1,1,1,0,0,1,0,0,0,1,1,0,1,0,1,0,0,0,0,0,0,0,0,1,0,1,0,1,0,0,0,1,1,0,0,1,0,0,0,0,0,1,1,0,0,0,1,0,0,0,0,0,1,0,0,1,0,1,0,0,0,0,0,0,1,0,0,0,0,0,0,0,1,0,1,0,0,0,0,1,0,1,0,0,0,0,0,0,0,0,0,1,0,0,0,1,1,1,1,0,0,1,1,0,1,0,0,1,0,1,0,1,1,1,0,0,1,0,1,0,1,0,0,1,0,1,0,0,0,1,1,1,0,0,1,0,0,1,1,0,0,1,1,1,1,1,1,1,0,1,0,1,1,1,0,0,0,1,0,1,1,0,0,1,0,1,0,1,1,0,1,0,1,1,1,0,1,1,0,1,1,1,1,1,1,0,0,1,1,0,0,1,1,0,1,0,1,1,1,0,1,0,1,0,1
0,0,0,0,0,1,1,0,0,0,0,0,0,0,0,0,0,1,1,0,0,0,0,0,0,0,1,0,0,0,1,0,0,0,1,0,0,0,0,1,0,0,0,1,0,0,0,0,0,0,0,0,0,0,0,0,0,1,1,0,0,0,0,0,0,0,0,0,0,1,0,1,0,1,0,0,0,0,0,0,1,0,0,0,0,0,0,0,0,0,0,0,0,0,0,1,0,1,0,0,0,0,0,0,0,0,0,1,0,0,0,0,1,1,0,0,0,1,0,0,1,0,0,0,0,0,0,1,1,0,0,0,1,0,0,0,0,0,0,0,0,1,0,0,0,0,1,0,0,0,0,0,1,1,0,0,0,1,0,0,0,0,0,0,0,1,0,0,1,0,0,0,0,1,0,1,0,0,0,0,0,0,1,1,1,0,1,0,1,1,0,0,1,1,0,1,0,0,0,0,0,0,0,1,1,0,0,1,0,0,0,0,0,0,1,0,0,0,0,0,0
0,1,0,0,0,1,1,0,0,0,0,0,0,0,0,0,0,1,1,0,0,0,0,0,0,0,1,0,0,0,1,0,0,0,0,0,0,0,0,1,0,1,1,1,0,0,0,1,1,0,0,1,0,0,0,0,0,1,1,0,0,0,1,0,0,0,0,0,1,0,0,1,0,1,0,0,0,0,0,0,1,0,0,0,0,0,0,0,0,0,1,0,0,0,0,1,0,1,0,0,0,0,0,0,0,0,0,1,0,0,0,1,1,1,0,0,0,1,0,0,1,0,0,1,1,0,0,1,1,0,0,0,1,0,0,0,1,0,0,1,0,1,0,0,0,1,1,0,0,0,1,1,0,1,1,0,0,1,0,1,0,0,1,0,0,1,0,0,1,0,0,0,0,1,0,1,0,0,1,0,0,1,0,1,1,0,1,0,1,1,0,0,1,1,0,1,0,0,0,0,0,0,0,1,1,0,0,1,0,0,0,0,0,0,1,0,0,0,0,0,0
1,1,0,1,1,1,1,1,0,0,0,0,0,0,0,1,1,1,1,1,1,1,1,1,1,1,1,1,1,1,1,0,0,1,0,0,0,0,1,1,0,1,1,1,1,1,0,1,1,0,0,1,0,1,1,0,1,1,1,1,1,1,1,1,1,1,0,1,1,0,1,1,1,1,0,1,0,1,1,1,1,0,0,1,0,1,1,1,1,1,1,1,0,0,0,1,1,1,0,1,0,1,0,0,1,0,1,1,1,1,1,1,1,1,0,1,1,1,1,0,1,1,0,1,1,0,1,1,1,1,1,1,1,0,1,1,1,0,1,1,0,1,0,1,1,1,1,1,1,0,1,1,0,1,1,1,1,1,1,1,1,0,1,1,0,1,0,1,1,1,1,1,0,1,0,1,1,1,1,0,1,1,0,1,1,0,1,0,1,1,1,0,1,1,0,1,1,1,1,1,1,0,0,1,1,0,1,1,0,0,1,1,0,0,1,0,0,0,1,1,0
0,1,0,0,0,1,1,0,0,0,0,0,0,0,0,0,0,1,1,0,0,0,0,0,0,0,1,0,0,0,1,0,0,0,0,0,0,0,0,1,0,1,1,1,0,0,0,1,1,0,0,1,0,0,0,0,0,1,1,0,0,0,1,0,0,0,0,0,1,0,0,1,0,1,0,0,0,0,0,0,1,0,0,0,0,0,0,0,0,0,1,0,0,0,0,1,0,1,0,0,0,0,0,0,0,0,0,1,0,0,0,1,1,1,0,0,0,1,0,0,1,0,0,1,0,0,0,1,1,0,0,0,1,0,0,0,1,0,0,1,0,1,0,0,0,1,1,0,0,0,1,0,0,1,1,0,0,1,0,1,0,0,1,0,0,1,1,0,1,0,0,0,0,1,0,1,0,0,0,0,0,1,0,1,1,0,1,0,1,1,0,0,1,1,0,1,0,0,0,0,0,0,0,1,1,0,0,1,0,0,0,0,0,0,1,0,0,0,0,0,0
0,1,0,0,0,1,1,0,0,0,0,0,0,0,0,0,0,1,1,0,0,0,0,0,0,0,1,0,0,0,1,0,0,0,0,0,0,0,0,1,0,1,1,1,0,0,0,1,1,0,0,1,0,0,0,0,0,1,1,0,0,0,1,0,0,0,0,0,1,0,0,1,0,1,0,0,0,0,0,0,1,0,0,0,0,0,0,0,0,0,1,0,0,0,0,1,0,1,0,0,0,0,0,0,0,0,0,1,0,0,0,1,1,1,0,0,0,1,0,0,1,0,0,1,0,0,0,1,1,0,0,0,1,0,0,0,1,0,0,1,0,1,0,0,0,1,1,0,0,0,1,0,0,1,1,0,0,1,0,1,0,0,1,0,0,1,0,0,1,0,0,0,0,1,0,1,0,0,0,0,0,1,0,1,1,0,1,1,1,1,0,0,1,1,0,1,0,0,0,0,0,0,0,1,1,0,0,1,0,0,0,0,0,0,1,0,0,0,0,0,0
0,1,0,0,0,1,1,0,0,0,0,0,0,0,0,0,0,1,1,0,0,0,0,0,0,0,1,0,0,0,1,0,0,0,0,0,0,0,0,1,0,1,1,1,0,0,0,1,1,0,0,1,0,0,0,0,0,1,1,0,0,0,1,0,0,0,0,0,1,0,0,1,0,1,0,0,0,0,0,0,1,0,0,0,0,0,0,0,0,0,1,0,0,0,0,1,0,1,0,0,0,0,0,0,0,0,0,1,0,0,0,1,1,1,0,0,0,1,0,0,1,0,0,1,0,0,0,1,1,0,0,0,1,0,0,0,1,0,0,1,0,1,0,0,0,1,1,0,0,0,1,0,0,1,1,0,0,1,0,1,0,0,1,0,0,1,0,0,1,0,0,0,0,1,0,1,0,0,0,0,0,1,0,1,1,0,1,0,1,1,0,1,1,1,0,1,0,0,0,0,0,1,0,1,1,0,0,1,0,0,0,0,0,0,1,0,0,0,0,0,0
0,1,0,0,0,1,1,0,0,0,0,0,0,0,0,0,0,1,1,0,0,0,0,0,0,0,1,0,0,0,1,0,0,0,0,0,0,0,0,1,0,1,1,1,0,0,0,1,1,0,0,1,0,0,0,0,0,1,1,0,0,0,1,0,0,0,0,0,1,0,0,1,0,1,0,0,0,0,0,0,1,0,0,0,0,0,0,0,0,0,1,0,0,0,0,1,0,1,0,0,0,0,0,0,0,0,0,1,0,0,0,1,1,1,0,0,0,1,0,0,1,0,0,1,0,0,0,1,1,0,0,0,1,0,0,0,1,0,0,1,0,1,0,0,0,1,1,0,0,0,1,0,0,1,1,0,0,1,0,1,0,0,1,0,0,1,0,0,1,0,0,0,0,1,0,1,0,0,0,0,0,1,0,1,1,0,1,0,1,1,0,0,1,1,0,1,0,0,0,0,0,0,0,1,1,0,0,1,0,0,0,0,0,0,1,0,0,0,0,0,0
0,1,0,0,0,1,1,0,0,0,0,0,0,0,0,0,0,1,1,0,0,0,0,0,0,0,1,0,0,0,1,0,0,0,0,0,0,0,0,1,0,1,1,1,0,0,0,1,1,0,0,1,0,0,0,0,0,1,1,0,0,0,1,0,0,0,0,0,1,0,0,1,0,1,0,0,0,0,0,0,1,0,0,0,0,0,0,0,0,0,1,0,0,0,0,1,0,1,0,0,0,0,0,0,0,0,0,1,0,0,0,1,1,1,0,0,0,1,0,0,1,0,0,1,1,0,0,1,1,0,0,0,1,0,0,0,1,0,0,1,0,1,0,0,0,1,1,0,0,0,1,1,0,1,1,0,0,1,0,1,0,0,1,0,0,1,0,0,1,0,0,0,0,1,0,1,1,0,1,0,0,1,0,1,1,0,1,0,1,1,0,0,1,1,0,1,0,0,0,0,0,0,0,1,1,0,0,1,0,0,0,0,0,0,1,0,0,0,0,0,0
0,1,0,0,0,1,1,0,0,0,0,0,0,0,0,0,0,1,1,0,0,0,0,0,0,0,1,0,0,0,1,0,0,0,0,0,0,0,0,1,0,1,1,1,0,0,0,1,1,0,0,1,0,0,0,0,0,1,1,0,0,0,1,0,0,0,0,0,1,0,0,1,0,1,0,0,0,0,0,0,1,0,0,0,0,0,0,0,0,0,1,0,0,0,0,1,0,1,0,0,0,0,0,0,0,0,0,1,0,0,0,1,1,1,0,0,0,1,0,0,1,0,0,1,0,0,0,1,1,0,0,0,1,0,0,0,1,0,0,1,0,1,0,0,0,1,1,0,0,0,1,0,0,1,1,0,0,1,0,1,0,0,1,0,0,1,1,0,1,0,0,0,0,1,0,1,1,0,0,0,0,1,0,1,1,0,1,0,1,1,0,0,1,1,0,1,0,0,0,0,0,0,0,1,1,0,0,1,0,0,0,0,0,0,1,0,0,0,0,0,0
0,1,0,0,0,1,1,0,0,0,0,0,0,0,0,0,0,1,1,0,0,0,0,0,0,0,1,0,0,0,1,0,0,0,0,0,0,0,0,1,0,1,1,1,0,0,0,1,1,0,0,1,0,0,0,0,0,1,1,0,0,0,1,0,0,0,0,0,1,0,0,1,0,1,0,0,0,0,0,0,1,0,0,0,0,0,0,0,0,0,1,0,0,0,0,1,0,1,0,0,0,0,0,0,0,0,0,1,0,0,0,1,1,1,0,0,0,1,0,0,1,0,0,1,0,0,0,1,1,0,0,0,1,0,0,0,1,0,0,1,0,1,0,0,0,1,1,0,0,0,1,0,0,1,1,0,0,1,0,1,0,0,1,0,0,1,0,0,1,0,0,0,0,1,0,1,1,0,0,0,0,1,0,1,1,0,1,1,1,1,0,0,1,1,0,1,0,0,0,0,0,0,0,1,1,0,0,1,0,0,0,0,0,0,1,0,0,0,0,0,0
0,1,0,0,0,1,1,0,0,0,0,0,0,0,0,0,0,1,1,0,0,0,0,0,0,0,1,0,0,0,1,0,0,0,0,0,0,0,0,1,0,1,1,1,0,0,0,1,1,0,0,1,0,0,0,0,0,1,1,0,0,0,1,0,0,0,0,0,1,0,0,1,0,1,0,0,0,0,0,0,1,0,0,0,0,0,0,0,0,0,1,0,0,0,0,1,0,1,0,0,0,0,0,0,0,0,0,1,0,0,0,1,1,1,0,0,0,1,0,0,1,0,0,1,0,0,0,1,1,0,0,0,1,0,0,0,1,0,0,1,0,1,0,0,0,1,1,0,0,0,1,0,0,1,1,0,0,1,0,1,0,0,1,0,0,1,0,0,1,0,0,0,0,1,0,1,1,0,0,0,0,1,0,1,1,0,1,0,1,1,0,1,1,1,0,1,0,0,0,0,0,1,0,1,1,0,0,1,0,0,0,0,0,0,1,0,0,0,0,0,0
1,1,0,0,0,1,1,0,0,0,0,0,0,0,0,0,0,1,1,0,0,0,0,0,0,0,1,0,0,0,1,0,0,0,0,0,0,0,0,1,0,1,1,1,0,0,0,1,1,0,0,1,0,0,0,0,0,1,1,0,0,0,1,0,0,0,0,0,1,0,0,1,0,1,0,0,0,0,0,0,1,0,0,0,0,0,0,0,0,0,1,0,0,0,0,1,0,1,0,0,0,0,0,0,0,0,0,1,0,0,0,1,1,1,0,0,0,1,0,0,1,0,0,1,0,0,0,1,1,0,0,0,1,0,0,0,1,0,0,1,0,1,0,0,0,1,1,0,0,0,1,0,0,1,1,0,0,1,0,1,0,0,1,0,0,1,0,0,1,0,0,0,0,1,0,1,1,0,0,0,0,1,0,1,1,0,1,0,1,1,0,0,1,1,0,1,0,0,0,0,0,0,0,1,1,0,0,1,0,0,0,0,0,0,1,0,0,0,0,0,0
0,1,0,0,0,1,1,0,0,0,0,0,0,0,0,0,0,1,1,0,0,0,0,0,0,0,1,0,0,0,1,0,0,0,0,0,0,0,0,1,0,1,1,1,0,0,0,1,1,0,0,1,0,0,0,0,0,1,1,0,0,0,1,0,0,0,0,0,1,0,0,1,0,1,0,0,0,0,0,0,1,0,0,0,0,0,0,0,0,0,1,0,0,0,0,1,0,1,0,0,0,0,0,0,0,0,0,1,0,0,0,1,1,1,0,0,0,1,0,0,1,0,0,1,1,0,0,1,1,0,0,0,1,0,0,0,1,0,0,1,0,1,0,0,0,1,1,0,0,0,1,1,0,1,1,0,0,1,0,1,0,0,1,0,0,1,0,0,1,0,0,0,0,1,0,1,1,0,1,0,0,1,0,1,1,0,1,0,1,1,0,0,1,1,0,1,0,0,0,0,0,0,0,1,1,0,0,1,0,0,0,0,0,0,1,0,0,0,0,0,0
0,1,0,0,0,1,1,0,0,0,0,0,0,0,0,0,0,1,1,0,0,0,0,0,0,0,1,0,0,0,1,0,0,0,0,0,0,0,0,1,0,1,1,1,0,0,0,1,1,0,0,1,0,0,0,0,0,1,1,0,0,0,1,0,0,0,0,0,1,0,0,1,0,1,0,0,0,0,0,0,1,0,0,0,0,0,0,0,0,0,1,0,0,0,0,1,0,1,0,0,0,0,0,0,0,0,0,1,0,0,0,1,1,1,0,0,0,1,0,0,1,0,0,1,0,0,0,1,1,0,0,0,1,0,0,0,1,0,0,1,0,1,0,0,0,1,1,0,0,0,1,0,0,1,1,0,0,1,0,1,0,0,1,0,0,1,1,0,1,0,0,0,0,1,0,1,1,0,0,0,0,1,0,1,1,0,1,0,1,1,0,0,1,1,0,1,0,0,0,0,0,0,0,1,1,0,0,1,0,0,0,0,0,0,1,0,0,0,0,0,0
1,1,0,0,0,1,1,0,0,0,0,0,0,0,0,0,0,1,1,0,0,0,0,0,0,0,1,0,0,0,1,0,0,0,0,0,0,0,0,1,0,1,1,1,0,0,0,1,1,0,0,1,0,0,0,0,0,1,1,0,0,0,1,0,0,0,0,0,1,0,0,1,0,1,0,0,0,0,0,0,1,0,0,0,0,0,0,0,0,0,1,0,0,0,0,1,0,1,0,0,0,0,0,0,0,0,0,1,0,0,0,1,1,1,0,0,0,1,0,0,1,0,0,1,0,0,0,1,1,0,0,0,1,0,0,0,1,0,0,1,0,1,0,0,0,1,1,0,0,0,1,0,0,1,1,0,0,1,0,1,0,0,1,0,0,1,0,0,1,0,0,0,0,1,0,1,1,0,0,0,0,1,0,1,1,0,1,1,1,1,0,0,1,1,0,1,0,0,0,0,0,0,0,1,1,0,0,1,0,0,0,0,0,0,1,0,0,0,0,0,0
1,1,0,0,0,1,1,0,0,0,0,0,0,0,0,0,0,1,1,0,0,0,0,0,0,0,1,0,0,0,1,0,0,0,0,0,0,0,0,1,0,1,1,1,0,0,0,1,1,0,0,1,0,0,0,0,0,1,1,0,0,0,1,0,0,0,0,0,1,0,0,1,0,1,0,0,0,0,0,0,1,0,0,0,0,0,0,0,0,0,1,0,0,0,0,1,0,1,0,0,0,0,0,0,0,0,0,1,0,0,0,1,1,1,0,0,0,1,0,0,1,0,0,1,0,0,0,1,1,0,0,0,1,0,0,0,1,0,0,1,0,1,0,0,0,1,1,0,0,0,1,0,0,1,1,0,0,1,0,1,0,0,1,0,0,1,0,0,1,0,0,0,0,1,0,1,1,0,0,0,0,1,0,1,1,0,1,0,1,1,0,1,1,1,0,1,0,0,0,0,0,1,0,1,1,0,0,1,0,0,0,0,0,0,1,0,0,0,0,0,0
1,1,0,0,0,1,1,0,0,0,0,0,0,0,0,0,0,1,1,0,0,0,0,0,0,0,1,0,0,0,1,0,0,0,0,0,0,0,0,1,0,1,1,1,0,0,0,1,1,0,0,1,0,0,0,0,0,1,1,0,0,0,1,0,0,0,0,0,1,0,0,1,0,1,0,0,0,0,0,0,1,0,0,0,0,0,0,0,0,0,1,0,0,0,0,1,0,1,0,0,0,0,0,0,0,0,0,1,0,0,0,1,1,1,0,0,0,1,0,0,1,0,0,1,0,0,0,1,1,0,0,0,1,0,0,0,1,0,0,1,0,1,0,0,0,1,1,0,0,0,1,0,0,1,1,0,0,1,0,1,0,0,1,0,0,1,0,0,1,0,0,0,0,1,0,1,1,0,0,0,0,1,0,1,1,0,1,0,1,1,0,0,1,1,0,1,0,0,0,0,0,0,0,1,1,0,0,1,0,0,0,0,0,0,1,0,0,0,0,0,0
1,1,0,0,0,1,1,0,0,0,0,0,0,0,0,0,0,1,1,0,0,0,0,0,0,0,1,0,0,0,1,0,0,0,0,0,0,0,0,1,0,1,1,1,0,0,0,1,1,0,0,1,0,0,0,0,0,1,1,0,0,0,1,0,0,0,0,0,1,0,0,1,0,1,0,0,0,0,0,0,1,0,0,0,0,0,0,0,0,0,1,0,0,0,0,1,0,1,0,0,0,0,0,0,0,0,0,1,0,0,0,1,1,1,0,0,0,1,0,0,1,0,0,1,1,0,0,1,1,0,0,0,1,0,0,0,1,0,0,1,0,1,0,0,0,1,1,0,0,0,1,1,0,1,1,0,0,1,0,1,0,0,1,0,0,1,0,0,1,0,0,0,0,1,0,1,1,0,1,0,0,1,0,1,1,0,1,0,1,1,0,0,1,1,0,1,0,0,0,0,0,0,0,1,1,0,0,1,0,0,0,0,0,0,1,0,0,0,0,0,0
1,1,0,0,0,1,1,0,0,0,0,0,0,0,0,0,0,1,1,0,0,0,0,0,0,0,1,0,0,0,1,0,0,0,0,0,0,0,0,1,0,1,1,1,0,0,0,1,1,0,0,1,0,0,0,0,0,1,1,0,0,0,1,0,0,0,0,0,1,0,0,1,0,1,0,0,0,0,0,0,1,0,0,0,0,0,0,0,0,0,1,0,0,0,0,1,0,1,0,0,0,0,0,0,0,0,0,1,0,0,0,1,1,1,0,0,0,1,0,0,1,0,0,1,0,0,0,1,1,0,0,0,1,0,0,0,1,0,0,1,0,1,0,0,0,1,1,0,0,0,1,0,0,1,1,0,0,1,0,1,0,0,1,0,0,1,1,0,1,0,0,0,0,1,0,1,1,0,0,0,0,1,0,1,1,0,1,0,1,1,0,0,1,1,0,1,0,0,0,0,0,0,0,1,1,0,0,1,0,0,0,0,0,0,1,0,0,0,0,0,0
1,1,0,0,0,1,1,0,0,0,0,0,0,0,0,0,0,1,1,0,0,0,0,0,0,0,1,0,0,0,1,0,0,0,0,0,0,0,0,1,0,1,1,1,0,0,0,1,1,0,0,1,0,0,0,0,0,1,1,0,0,0,1,0,0,0,0,0,1,0,0,1,0,1,0,0,0,0,0,0,1,0,0,0,0,0,0,0,0,0,1,0,0,0,0,1,0,1,0,0,0,0,0,0,0,0,0,1,0,0,0,1,1,1,0,0,0,1,0,0,1,0,0,1,0,0,0,1,1,0,0,0,1,0,0,0,1,0,0,1,0,1,0,0,0,1,1,0,0,0,1,0,0,1,1,0,0,1,0,1,0,0,1,0,0,1,0,0,1,0,0,0,0,1,0,1,1,0,0,0,0,1,0,1,1,0,1,1,1,1,0,0,1,1,0,1,0,0,0,0,0,0,0,1,1,0,0,1,0,0,0,0,0,0,1,0,0,0,0,0,0
1,1,0,0,0,1,1,0,0,0,0,0,0,0,0,0,0,1,1,0,0,0,0,0,0,0,1,0,0,0,1,0,0,0,0,0,0,0,0,1,0,1,1,1,0,0,0,1,1,0,0,1,0,0,0,0,0,1,1,0,0,0,1,0,0,0,0,0,1,0,0,1,0,1,0,0,0,0,0,0,1,0,0,0,0,0,0,0,0,0,1,0,0,0,0,1,0,1,0,0,0,0,0,0,0,0,0,1,0,0,0,1,1,1,0,0,0,1,0,0,1,0,0,1,0,0,0,1,1,0,0,0,1,0,0,0,1,0,0,1,0,1,0,0,0,1,1,0,0,0,1,0,0,1,1,0,0,1,0,1,0,0,1,0,0,1,0,0,1,0,0,0,0,1,0,1,1,0,0,0,0,1,0,1,1,0,1,0,1,1,0,1,1,1,0,1,0,0,0,0,0,1,0,1,1,0,0,1,0,0,0,0,0,0,1,0,0,0,0,0,0
1,1,0,0,0,1,1,0,0,0,0,0,0,0,0,0,0,1,1,0,0,0,0,0,0,0,1,0,0,0,1,0,0,0,0,0,0,0,0,1,0,1,1,1,0,0,0,1,1,0,0,1,0,0,0,0,0,1,1,0,0,0,1,0,0,0,0,0,1,0,0,1,0,1,0,0,0,0,0,0,1,0,0,0,0,0,0,0,0,0,1,0,0,0,0,1,0,1,0,0,0,0,0,0,0,0,0,1,0,0,0,1,1,1,0,0,0,1,0,0,1,0,0,1,0,0,0,1,1,0,0,0,1,0,0,0,1,0,0,1,0,1,0,0,0,1,1,0,0,0,1,0,0,1,1,0,0,1,0,1,0,0,1,0,0,1,0,0,1,0,0,0,0,1,0,1,1,0,0,0,0,1,0,1,1,0,1,0,1,1,0,0,1,1,0,1,0,0,0,0,0,0,0,1,1,0,0,1,0,0,0,0,0,0,1,0,0,0,0,0,0
1,1,1,1,0,1,1,0,0,1,0,0,0,0,0,1,1,1,1,0,0,1,1,1,1,1,1,0,1,1,1,0,1,1,1,0,1,0,1,1,1,1,0,1,1,1,1,1,1,0,0,1,0,1,1,0,0,1,1,1,1,1,1,1,1,1,0,1,1,1,1,1,1,1,0,1,0,0,0,1,1,0,0,1,0,0,0,1,1,1,1,1,0,0,0,0,1,1,1,1,1,1,0,0,1,1,1,1,0,1,1,1,1,1,1,1,1,1,1,1,1,1,0,1,0,1,0,1,1,0,1,1,1,0,0,1,1,1,1,1,0,0,1,1,1,1,1,1,0,0,0,0,1,1,0,1,0,0,0,1,1,1,0,1,0,1,1,0,1,0,0,0,0,1,0,1,1,1,0,1,1,1,1,1,1,0,1,1,1,1,0,0,1,0,0,1,1,1,1,0,0,0,0,1,0,0,1,1,1,0,1,1,1,1,1,1,1,1,1,1,1
1,1,1,1,0,1,1,0,0,1,0,0,0,0,0,1,1,1,1,0,0,1,1,1,1,1,1,0,1,1,1,0,1,1,1,0,1,0,1,1,1,1,0,1,1,1,1,1,1,0,0,1,0,1,1,0,0,1,1,1,1,1,0,1,1,1,0,1,1,1,1,1,1,1,0,1,0,0,0,1,1,0,0,1,0,0,0,1,1,1,1,1,0,0,0,0,1,1,1,1,1,1,0,0,1,1,1,1,0,1,1,1,1,1,1,1,1,1,1,1,1,1,0,1,0,1,0,1,1,0,1,1,1,0,0,1,1,1,1,1,0,0,1,1,1,1,1,1,0,0,0,0,1,1,0,1,0,0,0,1,1,1,0,1,0,1,0,0,1,0,0,0,0,1,0,1,1,1,0,1,1,1,1,1,1,0,1,0,1,1,0,0,1,0,0,1,1,1,1,0,0,0,0,1,0,0,1,1,1,0,0,1,1,1,1,1,1,1,0,1,1
0,0,0,1,0,1,1,0,0,0,0,0,0,0,0,0,0,0,0,0,0,0,0,0,0,0,0,0,0,0,1,0,0,0,0,0,0,1,1,1,0,1,0,1,0,0,0,1,0,0,0,1,0,0,0,0,1,1,1,0,0,0,1,0,0,0,0,0,1,0,0,1,0,0,0,0,0,0,0,0,0,0,0,0,0,1,1,0,1,0,1,0,0,0,0,0,0,1,0,0,0,0,0,0,0,0,0,0,0,0,0,1,1,1,0,0,0,1,1,0,0,0,0,1,0,0,0,1,1,0,0,0,0,0,0,0,1,0,0,1,0,0,0,0,0,1,1,1,0,1,0,0,0,1,0,0,1,0,0,1,1,0,0,1,0,1,0,0,1,0,0,1,1,1,0,1,0,0,0,0,0,1,0,0,0,0,1,1,0,1,0,0,0,0,0,1,0,1,1,0,0,0,0,0,0,0,0,0,1,0,0,0,0,0,0,0,1,0,0,0,0
1,1,0,1,0,1,1,1,0,0,0,0,0,0,0,1,1,1,1,0,1,1,1,1,1,1,1,0,1,1,1,0,0,0,0,0,0,0,0,1,0,1,1,1,0,0,0,1,1,0,0,1,0,0,0,0,1,1,1,1,0,0,1,0,0,0,0,0,1,0,0,1,0,1,0,0,0,0,1,0,1,0,0,0,0,0,1,0,1,0,1,0,0,0,0,1,0,1,0,0,0,0,0,0,0,0,0,1,0,0,0,1,1,1,0,0,0,1,1,0,1,0,0,1,0,0,1,1,1,1,0,0,1,0,1,0,1,0,0,1,0,1,0,0,0,1,1,1,1,0,1,0,0,1,1,0,1,1,1,1,1,0,1,1,0,1,0,1,1,1,0,0,0,1,0,1,1,0,0,0,0,1,0,1,1,0,1,1,1,1,1,0,1,1,0,1,1,1,1,1,1,0,0,1,1,0,1,1,1,1,1,0,0,0,1,0,1,1,1,0,0
1,1,1,1,0,1,1,0,0,1,0,0,0,0,0,1,1,1,1,0,0,1,1,1,1,1,1,0,1,0,1,0,1,1,1,0,1,0,1,1,1,1,0,1,1,1,1,1,1,0,0,1,0,1,1,0,0,1,1,1,1,1,0,1,1,1,0,1,1,1,1,1,1,1,0,1,0,0,0,1,1,0,0,1,0,0,0,1,1,1,1,1,0,0,0,0,1,1,1,1,1,1,0,0,1,1,1,1,0,1,1,1,1,1,1,1,1,1,1,1,1,1,0,1,0,1,0,1,1,0,1,1,1,0,0,1,1,1,1,1,0,0,1,1,1,1,1,1,0,0,0,0,1,1,0,1,0,0,0,1,1,1,0,1,0,1,0,0,1,0,1,0,0,1,0,1,1,1,0,1,1,1,1,1,1,0,1,0,1,1,0,0,1,0,0,1,1,1,1,0,0,0,0,1,0,0,1,1,1,0,0,1,1,1,1,1,1,1,0,1,1
0,1,0,1,0,1,1,0,0,0,0,0,0,0,0,1,1,1,1,0,1,1,1,1,1,1,1,0,1,1,1,0,0,0,0,0,0,0,0,1,0,1,1,1,0,0,0,1,1,0,0,0,0,0,0,0,1,1,1,1,0,0,1,0,0,0,0,0,1,0,0,1,0,1,0,0,0,0,1,0,1,0,0,0,0,0,1,0,1,0,1,0,0,0,0,1,0,1,0,0,0,0,0,0,0,0,0,1,0,0,0,1,1,1,0,0,0,1,1,0,1,0,0,1,0,0,1,1,1,1,0,0,1,0,1,0,1,0,0,1,0,1,0,0,0,1,1,1,1,0,1,0,0,1,1,0,1,1,1,1,1,0,1,1,0,1,0,1,1,1,0,0,0,1,0,1,1,0,0,0,0,1,0,1,1,0,1,1,1,1,1,0,1,1,0,1,1,1,1,1,1,0,0,1,1,0,1,1,0,1,1,0,0,0,1,0,0,1,1,0,0
1,1,0,0,0,1,1,1,0,0,0,0,0,0,0,1,1,1,1,0,1,1,1,1,1,1,1,0,1,1,1,0,0,0,0,0,1,0,0,1,0,1,1,1,0,0,0,1,1,0,0,1,0,0,0,0,1,1,1,1,0,0,1,0,0,0,0,0,1,0,0,1,0,1,0,0,0,0,1,0,1,0,0,0,0,0,1,0,0,0,1,0,0,0,0,1,0,1,0,0,0,0,0,0,0,0,0,1,0,0,0,1,1,1,0,0,0,1,0,0,1,0,0,1,0,0,0,1,1,1,0,0,1,0,1,0,1,0,0,1,0,1,0,0,0,1,1,0,0,0,1,0,0,1,1,0,1,1,1,1,0,0,1,0,0,1,0,1,1,1,0,0,0,1,0,1,1,0,0,0,0,1,0,1,1,0,1,1,1,1,1,0,1,1,0,1,1,1,1,1,1,0,0,1,1,0,1,1,1,1,1,0,0,0,1,0,1,1,1,0,0
0,1,0,0,0,1,1,1,0,0,0,0,0,0,0,0,1,1,1,0,0,1,1,1,0,1,1,0,1,1,1,0,0,0,0,0,0,0,0,1,0,1,1,1,0,0,0,1,1,0,0,1,0,0,0,0,1,1,1,1,0,0,1,0,0,0,0,0,1,0,0,1,0,1,0,0,0,0,1,0,1,0,0,0,0,0,1,0,1,0,1,0,0,0,0,1,0,1,0,0,0,0,0,0,0,0,0,1,0,0,0,1,1,1,0,0,0,1,1,0,1,0,0,1,0,0,0,1,1,1,0,0,1,0,1,0,1,0,0,1,0,1,0,0,0,1,1,1,0,0,1,0,0,1,1,0,1,1,1,1,1,0,1,1,0,1,0,1,1,1,0,0,0,1,0,1,1,0,0,0,0,1,0,1,1,0,1,1,1,1,1,0,1,1,0,1,1,1,1,1,1,0,0,1,1,0,1,1,1,1,1,0,0,0,1,0,1,1,1,0,0
0,1,0,0,0,1,1,0,0,0,0,0,0,0,0,1,1,1,1,0,1,1,1,1,1,1,1,0,1,1,1,0,0,0,0,0,1,0,0,1,0,1,1,1,0,0,0,1,1,0,0,0,0,0,0,0,1,1,1,1,0,0,1,0,0,0,0,0,1,0,0,1,0,1,0,0,0,0,1,0,1,0,0,0,0,0,1,0,0,0,1,0,0,0,0,1,0,1,0,0,0,0,0,0,0,0,0,1,0,0,0,1,1,1,0,0,0,1,0,0,1,0,0,1,0,0,0,1,1,1,0,0,1,0,1,0,1,0,0,1,0,1,0,0,0,1,1,0,0,0,1,0,0,1,1,0,1,1,1,1,0,0,1,0,0,1,0,1,1,1,0,0,0,1,0,1,1,0,0,0,0,1,0,1,1,0,1,1,1,1,1,0,1,1,0,1,1,1,1,1,1,0,0,1,1,0,1,1,0,1,1,0,0,0,1,0,0,1,1,0,0
0,1,0,0,0,1,1,0,0,0,0,0,0,0,0,0,1,1,1,0,0,1,1,1,0,1,1,0,1,1,1,0,0,0,0,0,0,0,0,1,0,1,1,1,0,0,0,1,1,0,0,1,0,0,0,0,1,1,1,1,0,0,1,0,0,0,0,0,1,0,0,1,0,1,0,0,0,0,1,0,1,0,0,0,0,0,1,0,1,0,1,0,0,0,0,1,0,1,0,0,0,0,0,0,0,0,0,1,0,0,0,1,1,1,0,0,0,1,1,0,1,0,0,1,0,0,0,1,1,1,0,0,1,0,1,0,1,0,0,1,0,1,0,0,0,1,1,1,0,0,1,0,0,1,1,0,1,1,1,1,1,0,1,1,0,1,0,1,1,1,0,0,0,1,0,1,1,0,0,0,0,1,0,1,1,0,1,1,1,1,1,0,1,1,0,1,1,1,1,1,1,0,0,1,1,0,1,1,0,1,1,0,0,0,1,0,0,1,1,0,0
0,1,0,1,0,1,1,1,0,0,0,0,0,0,0,1,1,1,1,0,1,1,1,1,1,1,1,0,1,1,1,0,0,0,0,0,0,0,0,1,0,1,1,1,0,0,0,1,1,0,0,1,0,0,0,0,1,1,1,1,0,0,1,0,0,0,0,0,1,0,0,1,0,1,0,0,0,0,1,0,1,0,0,0,0,0,1,0,1,0,1,0,0,0,0,1,0,1,0,0,0,0,0,0,0,0,0,1,0,0,0,1,1,1,0,0,0,1,1,0,1,0,0,1,0,0,1,1,1,1,0,0,1,0,1,0,1,0,0,1,0,1,0,0,0,1,1,1,1,0,1,0,0,1,1,0,1,1,1,1,1,0,1,1,0,1,1,1,1,1,0,0,0,1,0,1,1,0,0,0,0,1,0,1,1,0,1,1,1,1,1,0,1,1,0,1,1,1,1,1,1,0,0,1,1,0,1,1,1,1,1,0,0,0,1,0,1,1,1,0,0
0,1,0,1,0,1,1,0,0,0,0,0,0,0,0,1,1,1,1,0,1,1,1,1,1,1,1,0,1,1,1,0,0,0,0,0,0,0,0,1,0,1,1,1,0,0,0,1,1,0,0,0,0,0,0,0,1,1,1,1,0,0,1,0,0,0,0,0,1,0,0,1,0,1,0,0,0,0,1,0,1,0,0,0,0,0,1,0,1,0,1,0,0,0,0,1,0,1,0,0,0,0,0,0,0,0,0,1,0,0,0,1,1,1,0,0,0,1,1,0,1,0,0,1,0,0,1,1,1,1,0,0,1,0,1,0,1,0,0,1,0,1,0,0,0,1,1,1,1,0,1,0,0,1,1,0,1,1,1,1,1,0,1,1,0,1,1,1,1,1,0,0,0,1,0,1,1,0,0,0,0,1,0,1,1,0,1,0,1,1,1,0,1,1,0,1,1,1,1,1,1,0,0,1,1,0,1,1,0,1,1,0,0,0,1,0,0,1,1,0,0
0,1,0,0,0,1,1,1,0,0,0,0,0,0,0,1,1,1,1,0,1,1,1,1,1,1,1,0,1,1,1,0,0,0,0,0,1,0,0,1,0,1,1,1,0,0,0,1,1,0,0,1,0,0,0,0,1,1,1,1,0,0,1,0,0,0,0,0,1,0,0,1,0,1,0,0,0,0,1,0,1,0,0,0,0,0,1,0,0,0,1,0,0,0,0,1,0,1,0,0,0,0,0,0,0,0,0,1,0,0,0,1,1,1,0,0,0,1,0,0,1,0,0,1,0,0,0,1,1,1,0,0,1,0,1,0,1,0,0,1,0,1,0,0,0,1,1,0,0,0,1,0,0,1,1,0,1,1,1,1,0,0,1,0,0,1,1,1,1,1,0,0,0,1,0,1,1,0,0,0,0,1,0,1,1,0,1,0,1,1,1,0,1,1,0,1,1,1,1,1,1,0,0,1,1,0,1,1,1,1,1,0,0,0,1,0,1,1,1,0,0
0,1,0,0,0,1,1,1,0,0,0,0,0,0,0,0,1,1,1,0,0,1,1,1,0,1,1,0,1,1,1,0,0,0,0,0,0,0,0,1,0,1,1,1,0,0,0,1,1,0,0,1,0,0,0,0,1,1,1,1,0,0,1,0,0,0,0,0,1,0,0,1,0,1,0,0,0,0,1,0,1,0,0,0,0,0,1,0,1,0,1,0,0,0,0,1,0,1,0,0,0,0,0,0,0,0,0,1,0,0,0,1,1,1,0,0,0,1,1,0,1,0,0,1,0,0,0,1,1,1,0,0,1,0,1,0,1,0,0,1,0,1,0,0,0,1,1,1,0,0,1,0,0,1,1,0,1,1,1,1,1,0,1,1,0,1,1,1,1,1,0,0,0,1,0,1,1,0,0,0,0,1,0,1,1,0,1,1,1,1,1,0,1,1,0,1,1,1,1,1,1,0,0,1,1,0,1,1,1,1,1,0,0,0,1,0,1,1,1,0,0
0,1,0,0,0,1,1,0,0,0,0,0,0,0,0,1,1,1,1,0,1,1,1,1,1,1,1,0,1,1,1,0,0,0,0,0,1,0,0,1,0,1,1,1,0,0,0,1,1,0,0,0,0,0,0,0,1,1,1,1,0,0,1,0,0,0,0,0,1,0,0,1,0,1,0,0,0,0,1,0,1,0,0,0,0,0,1,0,0,0,1,0,0,0,0,1,0,1,0,0,0,0,0,0,0,0,0,1,0,0,0,1,1,1,0,0,0,1,0,0,1,0,0,1,0,0,0,1,1,1,0,0,1,0,1,0,1,0,0,1,0,1,0,0,0,1,1,0,0,0,1,0,0,1,1,0,1,1,1,1,0,0,1,0,0,1,1,1,1,1,0,0,0,1,0,1,1,0,0,0,0,1,0,1,1,0,1,0,1,1,1,0,1,1,0,1,1,1,1,1,1,0,0,1,1,0,1,1,0,1,1,0,0,0,1,0,0,1,1,0,0
0,1,0,0,0,1,1,0,0,0,0,0,0,0,0,0,1,1,1,0,0,1,1,1,0,1,1,0,1,1,1,0,0,0,0,0,0,0,0,1,0,1,1,1,0,0,0,1,1,0,0,1,0,0,0,0,1,1,1,1,0,0,1,0,0,0,0,0,1,0,0,1,0,1,0,0,0,0,1,0,1,0,0,0,0,0,1,0,1,0,1,0,0,0,0,1,0,1,0,0,0,0,0,0,0,0,0,1,0,0,0,1,1,1,0,0,0,1,1,0,1,0,0,1,0,0,0,1,1,1,0,0,1,0,1,0,1,0,0,1,0,1,0,0,0,1,1,1,0,0,1,0,0,1,1,0,1,1,1,1,1,0,1,1,0,1,1,1,1,1,0,0,0,1,0,1,1,0,0,0,0,1,0,1,1,0,1,0,1,1,1,0,1,1,0,1,1,1,1,1,1,0,0,1,1,0,1,1,0,1,1,0,0,0,1,0,0,1,1,0,0
0,1,0,1,0,1,1,1,0,0,0,0,0,0,0,1,1,1,1,0,1,1,1,1,1,1,1,0,1,1,1,0,0,0,0,0,0,0,0,1,0,1,1,1,0,0,0,1,1,0,0,1,0,0,0,0,1,1,1,1,0,0,1,0,0,0,0,0,1,0,0,1,0,1,0,0,0,0,1,0,1,0,0,0,0,0,1,0,1,0,1,0,0,0,0,1,0,1,0,0,0,0,0,0,0,0,0,1,0,0,0,1,1,1,0,0,0,1,1,0,1,0,0,1,1,0,1,1,1,1,0,0,1,0,1,0,1,0,0,1,0,1,0,0,0,1,1,1,1,0,1,1,0,1,1,0,1,1,1,1,1,0,1,1,0,1,0,1,1,1,0,0,0,1,0,1,1,0,1,0,0,1,0,1,1,0,1,1,1,1,1,0,1,1,0,1,1,1,1,1,1,0,0,1,1,0,1,1,1,1,1,0,0,0,1,0,1,1,1,0,0
0,1,0,1,0,1,1,0,0,0,0,0,0,0,0,1,1,1,1,0,1,1,1,1,1,1,1,0,1,1,1,0,0,0,0,0,0,0,0,1,0,1,1,1,0,0,0,1,1,0,0,0,0,0,0,0,1,1,1,1,0,0,1,0,0,0,0,0,1,0,0,1,0,1,0,0,0,0,1,0,1,0,0,0,0,0,1,0,1,0,1,0,0,0,0,1,0,1,0,0,0,0,0,0,0,0,0,1,0,0,0,1,1,1,0,0,0,1,1,0,1,0,0,1,1,0,1,1,1,1,0,0,1,0,1,0,1,0,0,1,0,1,0,0,0,1,1,1,1,0,1,1,0,1,1,0,1,1,1,1,1,0,1,1,0,1,0,1,1,1,0,0,0,1,0,1,1,0,1,0,0,1,0,1,1,0,1,0,1,1,1,0,1,1,0,1,1,1,1,1,1,0,0,1,1,0,1,1,0,1,1,0,0,0,1,0,0,1,1,0,0
0,1,0,0,0,1,1,1,0,0,0,0,0,0,0,1,1,1,1,0,1,1,1,1,1,1,1,0,1,1,1,0,0,0,0,0,1,0,0,1,0,1,1,1,0,0,0,1,1,0,0,1,0,0,0,0,1,1,1,1,0,0,1,0,0,0,0,0,1,0,0,1,0,1,0,0,0,0,1,0,1,0,0,0,0,0,1,0,0,0,1,0,0,0,0,1,0,1,0,0,0,0,0,0,0,0,0,1,0,0,0,1,1,1,0,0,0,1,0,0,1,0,0,1,1,0,0,1,1,1,0,0,1,0,1,0,1,0,0,1,0,1,0,0,0,1,1,0,0,0,1,1,0,1,1,0,1,1,1,1,0,0,1,0,0,1,0,1,1,1,0,0,0,1,0,1,1,0,1,0,0,1,0,1,1,0,1,0,1,1,1,0,1,1,0,1,1,1,1,1,1,0,0,1,1,0,1,1,1,1,1,0,0,0,1,0,1,1,1,0,0
0,1,0,0,0,1,1,0,0,0,0,0,0,0,0,1,1,1,1,0,1,1,1,1,1,1,1,0,1,1,1,0,0,0,0,0,1,0,0,1,0,1,1,1,0,0,0,1,1,0,0,0,0,0,0,0,1,1,1,1,0,0,1,0,0,0,0,0,1,0,0,1,0,1,0,0,0,0,1,0,1,0,0,0,0,0,1,0,0,0,1,0,0,0,0,1,0,1,0,0,0,0,0,0,0,0,0,1,0,0,0,1,1,1,0,0,0,1,0,0,1,0,0,1,1,0,0,1,1,1,0,0,1,0,1,0,1,0,0,1,0,1,0,0,0,1,1,0,0,0,1,1,0,1,1,0,1,1,1,1,0,0,1,0,0,1,0,1,1,1,0,0,0,1,0,1,1,0,1,0,0,1,0,1,1,0,1,0,1,1,1,0,1,1,0,1,1,1,1,1,1,0,0,1,1,0,1,1,0,1,1,0,0,0,1,0,0,1,1,0,0
0,1,0,0,0,1,1,1,0,0,0,0,0,0,0,0,1,1,1,0,0,1,1,1,0,1,1,0,1,1,1,0,0,0,0,0,0,0,0,1,0,1,1,1,0,0,0,1,1,0,0,1,0,0,0,0,1,1,1,1,0,0,1,0,0,0,0,0,1,0,0,1,0,1,0,0,0,0,1,0,1,0,0,0,0,0,1,0,1,0,1,0,0,0,0,1,0,1,0,0,0,0,0,0,0,0,0,1,0,0,0,1,1,1,0,0,0,1,1,0,1,0,0,1,1,0,0,1,1,1,0,0,1,0,1,0,1,0,0,1,0,1,0,0,0,1,1,1,0,0,1,1,0,1,1,0,1,1,1,1,1,0,1,1,0,1,0,1,1,1,0,0,0,1,0,1,1,0,1,0,0,1,0,1,1,0,1,1,1,1,1,0,1,1,0,1,1,1,1,1,1,0,0,1,1,0,1,1,1,1,1,0,0,0,1,0,1,1,1,0,0
0,1,0,0,0,1,1,0,0,0,0,0,0,0,0,0,1,1,1,0,0,1,1,1,0,1,1,0,1,1,1,0,0,0,0,0,0,0,0,1,0,1,1,1,0,0,0,1,1,0,0,1,0,0,0,0,1,1,1,1,0,0,1,0,0,0,0,0,1,0,0,1,0,1,0,0,0,0,1,0,1,0,0,0,0,0,1,0,1,0,1,0,0,0,0,1,0,1,0,0,0,0,0,0,0,0,0,1,0,0,0,1,1,1,0,0,0,1,1,0,1,0,0,1,1,0,0,1,1,1,0,0,1,0,1,0,1,0,0,1,0,1,0,0,0,1,1,1,0,0,1,1,0,1,1,0,1,1,1,1,1,0,1,1,0,1,0,1,1,1,0,0,0,1,0,1,1,0,1,0,0,1,0,1,1,0,1,0,1,1,1,0,1,1,0,1,1,1,1,1,1,0,0,1,1,0,1,1,0,1,1,0,0,0,1,0,0,1,1,0,0
1,1,0,1,0,1,1,1,0,0,0,0,0,0,0,1,1,1,1,0,1,1,1,1,1,1,1,0,1,0,1,0,0,0,0,0,0,0,0,1,0,1,1,1,0,0,0,1,1,0,0,1,0,0,0,0,1,1,1,0,0,0,1,0,0,0,0,0,1,0,0,1,0,1,0,0,0,0,1,0,1,0,0,0,0,0,1,0,1,0,1,0,0,0,0,1,0,1,0,0,0,0,0,0,0,0,0,1,0,0,0,1,1,1,0,0,0,1,1,0,1,0,0,1,0,0,1,1,1,1,0,0,1,0,1,0,1,0,0,1,0,1,0,0,0,1,1,1,1,0,1,0,0,1,1,0,1,1,1,1,1,0,1,1,0,1,0,1,1,1,0,0,0,1,0,1,1,0,0,0,0,1,0,1,1,0,1,1,1,1,1,0,1,1,0,1,1,1,1,1,1,0,0,1,1,0,1,1,1,0,1,0,0,0,1,0,1,1,1,0,0
1,1,0,1,0,1,1,0,0,0,0,0,0,0,0,1,1,1,1,0,1,1,1,1,1,1,1,0,1,0,1,0,0,0,0,0,0,0,0,1,0,1,1,1,0,0,0,1,1,0,0,0,0,0,0,0,1,1,1,0,0,0,1,0,0,0,0,0,1,0,0,1,0,1,0,0,0,0,1,0,1,0,0,0,0,0,1,0,1,0,1,0,0,0,0,1,0,1,0,0,0,0,0,0,0,0,0,1,0,0,0,1,1,1,0,0,0,1,1,0,1,0,0,1,0,0,1,1,1,1,0,0,1,0,1,0,1,0,0,1,0,1,0,0,0,1,1,1,1,0,1,0,0,1,1,0,1,1,1,1,1,0,1,1,0,1,0,1,1,1,0,0,0,1,0,1,1,0,0,0,0,1,0,1,1,0,1,1,1,1,1,0,1,1,0,1,1,1,1,1,1,0,0,1,1,0,1,1,0,0,1,0,0,0,1,0,0,1,1,0,0
1,1,0,0,0,1,1,1,0,0,0,0,0,0,0,1,1,1,1,0,1,1,1,1,1,1,1,0,1,0,1,0,0,0,0,0,1,0,0,1,0,1,1,1,0,0,0,1,1,0,0,1,0,0,0,0,1,1,1,0,0,0,1,0,0,0,0,0,1,0,0,1,0,1,0,0,0,0,1,0,1,0,0,0,0,0,1,0,0,0,1,0,0,0,0,1,0,1,0,0,0,0,0,0,0,0,0,1,0,0,0,1,1,1,0,0,0,1,0,0,1,0,0,1,0,0,0,1,1,1,0,0,1,0,1,0,1,0,0,1,0,1,0,0,0,1,1,0,0,0,1,0,0,1,1,0,1,1,1,1,0,0,1,0,0,1,0,1,1,1,0,0,0,1,0,1,1,0,0,0,0,1,0,1,1,0,1,1,1,1,1,0,1,1,0,1,1,1,1,1,1,0,0,1,1,0,1,1,1,0,1,0,0,0,1,0,1,1,1,0,0
1,1,0,0,0,1,1,0,0,0,0,0,0,0,0,1,1,1,1,0,1,1,1,1,1,1,1,0,1,0,1,0,0,0,0,0,1,0,0,1,0,1,1,1,0,0,0,1,1,0,0,0,0,0,0,0,1,1,1,0,0,0,1,0,0,0,0,0,1,0,0,1,0,1,0,0,0,0,1,0,1,0,0,0,0,0,1,0,0,0,1,0,0,0,0,1,0,1,0,0,0,0,0,0,0,0,0,1,0,0,0,1,1,1,0,0,0,1,0,0,1,0,0,1,0,0,0,1,1,1,0,0,1,0,1,0,1,0,0,1,0,1,0,0,0,1,1,0,0,0,1,0,0,1,1,0,1,1,1,1,0,0,1,0,0,1,0,1,1,1,0,0,0,1,0,1,1,0,0,0,0,1,0,1,1,0,1,1,1,1,1,0,1,1,0,1,1,1,1,1,1,0,0,1,1,0,1,1,0,0,1,0,0,0,1,0,0,1,1,0,0
0,1,0,0,0,1,1,1,0,0,0,0,0,0,0,0,1,1,1,0,0,1,1,1,0,1,1,0,1,0,1,0,0,0,0,0,0,0,0,1,0,1,1,1,0,0,0,1,1,0,0,1,0,0,0,0,1,1,1,0,0,0,1,0,0,0,0,0,1,0,0,1,0,1,0,0,0,0,1,0,1,0,0,0,0,0,1,0,1,0,1,0,0,0,0,1,0,1,0,0,0,0,0,0,0,0,0,1,0,0,0,1,1,1,0,0,0,1,1,0,1,0,0,1,0,0,0,1,1,1,0,0,1,0,1,0,1,0,0,1,0,1,0,0,0,1,1,1,0,0,1,0,0,1,1,0,1,1,1,1,1,0,1,1,0,1,0,1,1,1,0,0,0,1,0,1,1,0,0,0,0,1,0,1,1,0,1,1,1,1,1,0,1,1,0,1,1,1,1,1,1,0,0,1,1,0,1,1,1,0,1,0,0,0,1,0,1,1,1,0,0
0,1,0,0,0,1,1,0,0,0,0,0,0,0,0,0,1,1,1,0,0,1,1,1,0,1,1,0,1,0,1,0,0,0,0,0,0,0,0,1,0,1,1,1,0,0,0,1,1,0,0,1,0,0,0,0,1,1,1,0,0,0,1,0,0,0,0,0,1,0,0,1,0,1,0,0,0,0,1,0,1,0,0,0,0,0,1,0,1,0,1,0,0,0,0,1,0,1,0,0,0,0,0,0,0,0,0,1,0,0,0,1,1,1,0,0,0,1,1,0,1,0,0,1,0,0,0,1,1,1,0,0,1,0,1,0,1,0,0,1,0,1,0,0,0,1,1,1,0,0,1,0,0,1,1,0,1,1,1,1,1,0,1,1,0,1,0,1,1,1,0,0,0,1,0,1,1,0,0,0,0,1,0,1,1,0,1,1,1,1,1,0,1,1,0,1,1,1,1,1,1,0,0,1,1,0,1,1,0,0,1,0,0,0,1,0,0,1,1,0,0
1,1,0,1,0,1,1,1,0,0,0,0,0,0,0,1,1,1,1,0,1,1,1,1,1,1,1,0,1,0,1,0,0,0,0,0,0,0,0,1,0,1,1,1,0,0,0,1,1,0,0,1,0,0,0,0,1,1,1,0,0,0,1,0,0,0,0,0,1,0,0,1,0,1,0,0,0,0,1,0,1,0,0,0,0,0,1,0,1,0,1,0,0,0,0,1,0,1,0,0,0,0,0,0,0,0,0,1,0,0,0,1,1,1,0,0,0,1,1,0,1,0,0,1,0,0,1,1,1,1,0,0,1,0,1,0,1,0,0,1,0,1,0,0,0,1,1,1,1,0,1,0,0,1,1,0,1,1,1,1,1,0,1,1,0,1,1,1,1,1,0,0,0,1,0,1,1,0,0,0,0,1,0,1,1,0,1,1,1,1,1,0,1,1,0,1,1,1,1,1,1,0,0,1,1,0,1,1,1,0,1,0,0,0,1,0,1,1,1,0,0
1,1,0,1,0,1,1,0,0,0,0,0,0,0,0,1,1,1,1,0,1,1,1,1,1,1,1,0,1,0,1,0,0,0,0,0,0,0,0,1,0,1,1,1,0,0,0,1,1,0,0,0,0,0,0,0,1,1,1,0,0,0,1,0,0,0,0,0,1,0,0,1,0,1,0,0,0,0,1,0,1,0,0,0,0,0,1,0,1,0,1,0,0,0,0,1,0,1,0,0,0,0,0,0,0,0,0,1,0,0,0,1,1,1,0,0,0,1,1,0,1,0,0,1,0,0,1,1,1,1,0,0,1,0,1,0,1,0,0,1,0,1,0,0,0,1,1,1,1,0,1,0,0,1,1,0,1,1,1,1,1,0,1,1,0,1,1,1,1,1,0,0,0,1,0,1,1,0,0,0,0,1,0,1,1,0,1,0,1,1,1,0,1,1,0,1,1,1,1,1,1,0,0,1,1,0,1,1,0,0,1,0,0,0,1,0,0,1,1,0,0
1,1,0,0,0,1,1,1,0,0,0,0,0,0,0,1,1,1,1,0,1,1,1,1,1,1,1,0,1,0,1,0,0,0,0,0,1,0,0,1,0,1,1,1,0,0,0,1,1,0,0,1,0,0,0,0,1,1,1,0,0,0,1,0,0,0,0,0,1,0,0,1,0,1,0,0,0,0,1,0,1,0,0,0,0,0,1,0,0,0,1,0,0,0,0,1,0,1,0,0,0,0,0,0,0,0,0,1,0,0,0,1,1,1,0,0,0,1,0,0,1,0,0,1,0,0,0,1,1,1,0,0,1,0,1,0,1,0,0,1,0,1,0,0,0,1,1,0,0,0,1,0,0,1,1,0,1,1,1,1,0,0,1,0,0,1,1,1,1,1,0,0,0,1,0,1,1,0,0,0,0,1,0,1,1,0,1,0,1,1,1,0,1,1,0,1,1,1,1,1,1,0,0,1,1,0,1,1,1,0,1,0,0,0,1,0,1,1,1,0,0
1,1,0,0,0,1,1,0,0,0,0,0,0,0,0,1,1,1,1,0,1,1,1,1,1,1,1,0,1,0,1,0,0,0,0,0,1,0,0,1,0,1,1,1,0,0,0,1,1,0,0,0,0,0,0,0,1,1,1,0,0,0,1,0,0,0,0,0,1,0,0,1,0,1,0,0,0,0,1,0,1,0,0,0,0,0,1,0,0,0,1,0,0,0,0,1,0,1,0,0,0,0,0,0,0,0,0,1,0,0,0,1,1,1,0,0,0,1,0,0,1,0,0,1,0,0,0,1,1,1,0,0,1,0,1,0,1,0,0,1,0,1,0,0,0,1,1,0,0,0,1,0,0,1,1,0,1,1,1,1,0,0,1,0,0,1,1,1,1,1,0,0,0,1,0,1,1,0,0,0,0,1,0,1,1,0,1,0,1,1,1,0,1,1,0,1,1,1,1,1,1,0,0,1,1,0,1,1,0,0,1,0,0,0,1,0,0,1,1,0,0
0,1,0,0,0,1,1,1,0,0,0,0,0,0,0,0,1,1,1,0,0,1,1,1,0,1,1,0,1,0,1,0,0,0,0,0,0,0,0,1,0,1,1,1,0,0,0,1,1,0,0,1,0,0,0,0,1,1,1,0,0,0,1,0,0,0,0,0,1,0,0,1,0,1,0,0,0,0,1,0,1,0,0,0,0,0,1,0,1,0,1,0,0,0,0,1,0,1,0,0,0,0,0,0,0,0,0,1,0,0,0,1,1,1,0,0,0,1,1,0,1,0,0,1,0,0,0,1,1,1,0,0,1,0,1,0,1,0,0,1,0,1,0,0,0,1,1,1,0,0,1,0,0,1,1,0,1,1,1,1,1,0,1,1,0,1,1,1,1,1,0,0,0,1,0,1,1,0,0,0,0,1,0,1,1,0,1,1,1,1,1,0,1,1,0,1,1,1,1,1,1,0,0,1,1,0,1,1,1,0,1,0,0,0,1,0,1,1,1,0,0
0,1,0,0,0,1,1,0,0,0,0,0,0,0,0,0,1,1,1,0,0,1,1,1,0,1,1,0,1,0,1,0,0,0,0,0,0,0,0,1,0,1,1,1,0,0,0,1,1,0,0,1,0,0,0,0,1,1,1,0,0,0,1,0,0,0,0,0,1,0,0,1,0,1,0,0,0,0,1,0,1,0,0,0,0,0,1,0,1,0,1,0,0,0,0,1,0,1,0,0,0,0,0,0,0,0,0,1,0,0,0,1,1,1,0,0,0,1,1,0,1,0,0,1,0,0,0,1,1,1,0,0,1,0,1,0,1,0,0,1,0,1,0,0,0,1,1,1,0,0,1,0,0,1,1,0,1,1,1,1,1,0,1,1,0,1,1,1,1,1,0,0,0,1,0,1,1,0,0,0,0,1,0,1,1,0,1,0,1,1,1,0,1,1,0,1,1,1,1,1,1,0,0,1,1,0,1,1,0,0,1,0,0,0,1,0,0,1,1,0,0
1,1,0,1,0,1,1,1,0,0,0,0,0,0,0,1,1,1,1,0,1,1,1,1,1,1,1,0,1,0,1,0,0,0,0,0,0,0,0,1,0,1,1,1,0,0,0,1,1,0,0,1,0,0,0,0,1,1,1,0,0,0,1,0,0,0,0,0,1,0,0,1,0,1,0,0,0,0,1,0,1,0,0,0,0,0,1,0,1,0,1,0,0,0,0,1,0,1,0,0,0,0,0,0,0,0,0,1,0,0,0,1,1,1,0,0,0,1,1,0,1,0,0,1,1,0,1,1,1,1,0,0,1,0,1,0,1,0,0,1,0,1,0,0,0,1,1,1,1,0,1,1,0,1,1,0,1,1,1,1,1,0,1,1,0,1,0,1,1,1,0,0,0,1,0,1,1,0,1,0,0,1,0,1,1,0,1,1,1,1,1,0,1,1,0,1,1,1,1,1,1,0,0,1,1,0,1,1,1,0,1,0,0,0,1,0,1,1,1,0,0
0,1,0,1,0,1,1,0,0,0,0,0,0,0,0,1,1,1,1,0,1,1,1,1,1,1,1,0,1,0,1,0,0,0,0,0,0,0,0,1,0,1,1,1,0,0,0,1,1,0,0,0,0,0,0,0,1,1,1,0,0,0,1,0,0,0,0,0,1,0,0,1,0,1,0,0,0,0,1,0,1,0,0,0,0,0,1,0,1,0,1,0,0,0,0,1,0,1,0,0,0,0,0,0,0,0,0,1,0,0,0,1,1,1,0,0,0,1,1,0,1,0,0,1,1,0,1,1,1,1,0,0,1,0,1,0,1,0,0,1,0,1,0,0,0,1,1,1,1,0,1,1,0,1,1,0,1,1,1,1,1,0,1,1,0,1,0,1,1,1,0,0,0,1,0,1,1,0,1,0,0,1,0,1,1,0,1,0,1,1,1,0,1,1,0,1,1,1,1,1,1,0,0,1,1,0,1,1,0,0,1,0,0,0,1,0,0,1,1,0,0
1,1,0,0,0,1,1,1,0,0,0,0,0,0,0,1,1,1,1,0,1,1,1,1,1,1,1,0,1,0,1,0,0,0,0,0,1,0,0,1,0,1,1,1,0,0,0,1,1,0,0,1,0,0,0,0,1,1,1,0,0,0,1,0,0,0,0,0,1,0,0,1,0,1,0,0,0,0,1,0,1,0,0,0,0,0,1,0,0,0,1,0,0,0,0,1,0,1,0,0,0,0,0,0,0,0,0,1,0,0,0,1,1,1,0,0,0,1,0,0,1,0,0,1,1,0,0,1,1,1,0,0,1,0,1,0,1,0,0,1,0,1,0,0,0,1,1,0,0,0,1,1,0,1,1,0,1,1,1,1,0,0,1,0,0,1,0,1,1,1,0,0,0,1,0,1,1,0,1,0,0,1,0,1,1,0,1,0,1,1,1,0,1,1,0,1,1,1,1,1,1,0,0,1,1,0,1,1,1,0,1,0,0,0,1,0,1,1,1,0,0
0,1,0,0,0,1,1,0,0,0,0,0,0,0,0,1,1,1,1,0,1,1,1,1,1,1,1,0,1,0,1,0,0,0,0,0,1,0,0,1,0,1,1,1,0,0,0,1,1,0,0,0,0,0,0,0,1,1,1,0,0,0,1,0,0,0,0,0,1,0,0,1,0,1,0,0,0,0,1,0,1,0,0,0,0,0,1,0,0,0,1,0,0,0,0,1,0,1,0,0,0,0,0,0,0,0,0,1,0,0,0,1,1,1,0,0,0,1,0,0,1,0,0,1,1,0,0,1,1,1,0,0,1,0,1,0,1,0,0,1,0,1,0,0,0,1,1,0,0,0,1,1,0,1,1,0,1,1,1,1,0,0,1,0,0,1,0,1,1,1,0,0,0,1,0,1,1,0,1,0,0,1,0,1,1,0,1,0,1,1,1,0,1,1,0,1,1,1,1,1,1,0,0,1,1,0,1,1,0,0,1,0,0,0,1,0,0,1,1,0,0
0,1,0,0,0,1,1,1,0,0,0,0,0,0,0,0,1,1,1,0,0,1,1,1,0,1,1,0,1,0,1,0,0,0,0,0,0,0,0,1,0,1,1,1,0,0,0,1,1,0,0,1,0,0,0,0,1,1,1,0,0,0,1,0,0,0,0,0,1,0,0,1,0,1,0,0,0,0,1,0,1,0,0,0,0,0,1,0,1,0,1,0,0,0,0,1,0,1,0,0,0,0,0,0,0,0,0,1,0,0,0,1,1,1,0,0,0,1,1,0,1,0,0,1,1,0,0,1,1,1,0,0,1,0,1,0,1,0,0,1,0,1,0,0,0,1,1,1,0,0,1,1,0,1,1,0,1,1,1,1,1,0,1,1,0,1,0,1,1,1,0,0,0,1,0,1,1,0,1,0,0,1,0,1,1,0,1,1,1,1,1,0,1,1,0,1,1,1,1,1,1,0,0,1,1,0,1,1,1,0,1,0,0,0,1,0,1,1,1,0,0
0,1,0,0,0,1,1,0,0,0,0,0,0,0,0,0,1,1,1,0,0,1,1,1,0,1,1,0,1,0,1,0,0,0,0,0,0,0,0,1,0,1,1,1,0,0,0,1,1,0,0,1,0,0,0,0,1,1,1,0,0,0,1,0,0,0,0,0,1,0,0,1,0,1,0,0,0,0,1,0,1,0,0,0,0,0,1,0,1,0,1,0,0,0,0,1,0,1,0,0,0,0,0,0,0,0,0,1,0,0,0,1,1,1,0,0,0,1,1,0,1,0,0,1,1,0,0,1,1,1,0,0,1,0,1,0,1,0,0,1,0,1,0,0,0,1,1,1,0,0,1,1,0,1,1,0,1,1,1,1,1,0,1,1,0,1,0,1,1,1,0,0,0,1,0,1,1,0,1,0,0,1,0,1,1,0,1,0,1,1,1,0,1,1,0,1,1,1,1,1,1,0,0,1,1,0,1,1,0,0,1,0,0,0,1,0,0,1,1,0,0
0,1,0,1,0,1,1,1,0,0,0,0,0,0,0,0,1,1,1,0,0,1,0,0,0,1,1,0,1,0,1,0,0,0,0,0,0,1,1,1,0,1,0,1,0,0,0,1,0,0,0,1,0,0,0,0,1,1,1,1,0,0,1,0,0,0,0,0,1,0,0,1,0,1,0,0,0,0,1,0,1,0,0,0,0,1,1,0,1,0,1,0,0,0,0,1,0,1,0,0,0,0,0,0,0,0,0,1,0,0,0,1,1,1,0,0,0,1,1,0,1,0,0,1,0,0,0,1,1,1,0,0,1,0,1,0,1,0,0,1,0,1,0,0,0,1,1,1,0,1,1,0,0,1,1,0,1,1,1,1,1,0,1,1,0,1,0,1,1,1,0,1,1,1,0,1,0,0,0,0,0,1,0,1,1,0,1,1,1,1,1,0,1,1,0,1,1,1,1,1,1,0,0,1,1,0,1,1,1,1,1,0,0,0,1,0,1,1,1,0,0
0,1,0,0,0,1,1,0,0,0,0,0,0,0,0,0,1,1,1,0,0,1,0,0,0,1,1,0,1,0,1,0,0,0,1,0,0,1,1,1,0,1,0,1,0,0,0,1,0,0,0,1,0,0,0,0,1,1,1,1,0,0,1,0,0,0,0,0,1,1,0,1,0,1,0,0,0,0,1,0,1,0,0,0,0,0,1,0,1,0,1,0,0,0,0,1,0,1,0,0,0,0,0,0,0,0,0,1,0,0,0,1,1,1,0,0,0,1,1,0,1,0,0,1,0,0,0,1,1,1,0,0,1,0,1,0,1,0,0,1,0,1,0,0,0,1,1,1,0,0,1,0,1,1,1,0,1,1,1,1,1,0,1,1,0,1,0,1,1,1,0,0,0,1,0,1,0,0,0,0,0,1,1,1,1,0,1,1,1,1,1,0,1,1,0,1,1,1,1,1,1,0,0,1,1,0,1,1,1,1,1,0,0,0,1,0,1,1,1,0,0
0,1,0,1,0,1,1,1,0,0,0,0,0,0,0,0,1,1,1,0,0,1,0,0,0,1,1,0,1,0,1,0,0,0,0,0,0,1,1,1,0,1,0,1,0,0,0,1,0,0,0,1,0,0,0,0,1,1,1,1,0,0,1,0,0,0,0,0,1,0,0,1,0,1,0,0,0,0,1,0,1,0,0,0,0,1,1,0,1,0,1,0,0,0,0,1,0,1,0,0,0,0,0,0,0,0,0,1,0,0,0,1,1,1,0,0,0,1,1,0,1,0,0,1,0,0,0,1,1,1,0,0,1,0,1,0,1,0,0,1,0,1,0,0,0,1,1,1,0,1,1,0,0,1,1,0,1,1,1,1,1,0,1,1,0,1,0,1,1,1,0,1,1,1,0,1,0,0,0,0,0,1,0,1,1,0,1,1,1,1,1,0,1,1,0,1,1,1,1,1,1,0,0,1,1,0,1,0,1,1,1,0,0,1,0,0,1,1,1,0,0
0,1,0,0,0,1,1,0,0,0,0,0,0,0,0,0,1,1,1,0,0,1,0,0,0,1,1,0,1,0,1,0,0,0,1,0,0,1,1,1,0,1,0,1,0,0,0,1,0,0,0,1,0,0,0,0,1,1,1,1,0,0,1,0,0,0,0,0,1,1,0,1,0,1,0,0,0,0,1,0,1,0,0,0,0,0,1,0,1,0,1,0,0,0,0,1,0,1,0,0,0,0,0,0,0,0,0,1,0,0,0,1,1,1,0,0,0,1,1,0,1,0,0,1,0,0,0,1,1,1,0,0,1,0,1,0,1,0,0,1,0,1,0,0,0,1,1,1,0,0,1,0,1,1,1,0,1,1,1,1,1,0,1,1,0,1,0,1,1,1,0,0,0,1,0,1,0,0,0,0,0,1,1,1,1,0,1,1,1,1,1,0,1,1,0,1,1,1,1,1,1,0,0,1,1,0,1,0,1,1,1,0,0,1,0,0,1,1,1,0,0
0,1,0,0,0,1,1,0,0,0,0,0,0,0,0,0,1,1,1,0,0,1,0,0,0,1,1,0,1,0,1,0,0,0,0,0,0,1,1,1,0,1,0,1,0,0,0,1,1,0,0,1,0,0,0,0,1,1,1,1,0,0,1,0,0,0,0,0,1,0,0,1,0,1,0,0,0,0,1,0,1,0,0,0,0,0,1,0,1,0,1,0,0,0,0,1,0,1,0,0,0,0,0,0,0,0,0,1,0,0,0,1,1,1,0,0,0,1,1,0,1,0,0,1,0,0,0,1,1,1,0,0,1,0,1,0,1,0,0,1,0,1,0,0,0,1,1,1,0,0,1,0,0,1,1,0,1,1,1,1,1,0,1,1,0,1,0,1,1,1,0,0,0,1,0,1,0,0,0,0,0,1,0,1,1,0,1,1,1,1,1,0,1,1,0,1,1,1,1,1,1,0,0,1,1,0,1,1,1,1,1,0,0,0,1,0,1,1,1,0,0
0,1,0,0,0,1,1,0,0,0,0,0,0,0,0,0,1,1,1,0,0,1,0,0,0,1,1,0,1,0,1,0,0,0,0,0,0,1,1,1,0,1,0,1,0,0,0,1,1,0,0,1,0,0,0,0,1,1,1,1,0,0,1,0,0,0,0,0,1,0,0,1,0,1,0,0,0,0,1,0,1,0,0,0,0,0,1,0,1,0,1,0,0,0,0,1,0,1,0,0,0,0,0,0,0,0,0,1,0,0,0,1,1,1,0,0,0,1,1,0,1,0,0,1,0,0,0,1,1,1,0,0,1,0,1,0,1,0,0,1,0,1,0,0,0,1,1,1,0,0,1,0,0,1,1,0,1,1,1,1,1,0,1,1,0,1,0,1,1,1,0,0,0,1,0,1,0,0,0,0,0,1,0,1,1,0,1,1,1,1,1,0,1,1,0,1,1,1,1,1,1,0,0,1,1,0,1,0,1,1,1,0,0,1,0,0,1,1,1,0,0
0,1,0,0,0,1,1,0,0,0,0,0,0,0,0,0,1,1,1,0,0,1,0,0,0,1,1,0,1,0,1,0,0,0,0,0,0,1,1,1,0,1,0,1,0,0,0,1,0,0,0,1,0,0,0,0,1,1,1,1,0,0,1,0,0,0,0,0,1,0,0,1,0,1,0,0,0,0,1,0,1,0,0,0,0,0,1,0,1,0,1,0,0,0,0,1,0,1,0,0,0,0,0,0,0,0,0,1,0,0,0,1,1,1,0,0,0,1,1,0,1,0,0,1,0,0,0,1,1,0,0,0,1,0,0,0,1,0,0,1,0,1,0,0,0,1,1,1,0,0,1,0,0,1,1,0,1,1,0,1,1,0,1,1,0,1,0,0,1,0,0,0,0,1,0,1,0,0,0,0,0,1,0,1,1,0,1,1,1,1,0,0,1,1,0,1,1,1,1,0,0,0,0,1,1,0,1,0,1,1,1,0,0,1,0,0,1,1,1,0,0
0,1,0,0,0,1,1,0,0,0,0,0,0,0,0,0,1,1,1,0,0,1,0,0,0,1,1,0,1,0,1,0,0,0,0,0,0,1,1,1,0,1,0,1,0,0,0,1,0,0,0,1,0,0,0,0,1,1,1,1,0,0,1,0,0,0,0,0,1,0,0,1,0,1,0,0,0,0,1,0,1,0,0,0,0,0,1,0,1,0,1,0,0,0,0,1,0,1,0,0,0,0,0,0,0,0,0,1,0,0,0,1,1,1,0,0,0,1,1,0,1,0,0,1,0,0,0,1,1,0,0,0,1,0,0,0,1,0,0,1,0,1,0,0,0,1,1,1,0,0,1,0,0,1,1,0,1,1,0,1,1,0,1,1,0,1,0,0,1,0,0,0,0,1,0,1,0,0,0,0,0,1,0,1,1,0,1,1,1,1,0,0,1,1,0,1,1,1,1,0,0,0,0,1,1,0,1,0,1,1,1,0,0,1,0,0,1,1,1,0,0
1,1,0,1,0,1,1,0,0,0,1,1,0,0,0,1,1,1,1,0,0,1,0,0,0,0,1,0,0,0,1,0,0,0,0,0,0,0,1,1,0,1,1,1,0,0,0,1,1,0,0,1,0,1,1,0,0,1,1,0,0,0,1,0,0,0,0,0,1,0,0,1,0,1,0,1,0,0,0,0,1,0,0,1,0,0,0,0,1,0,1,0,0,0,0,1,1,1,0,1,0,0,0,0,0,0,0,1,0,0,0,1,1,1,1,1,1,1,1,0,1,0,0,1,1,1,0,1,1,0,0,0,1,0,0,1,1,0,0,1,0,1,0,1,0,1,1,1,0,0,1,1,0,1,1,0,0,1,0,1,1,1,1,1,0,1,0,0,1,0,0,0,0,1,0,1,1,1,1,1,1,1,0,1,1,0,1,0,1,1,0,0,1,1,0,1,0,1,1,0,0,0,0,1,1,0,1,1,1,1,0,0,1,0,1,0,1,1,0,0,1
1,1,0,1,0,1,1,0,0,0,1,1,0,0,0,1,1,1,1,0,0,1,0,0,0,0,1,0,0,0,1,0,0,0,0,0,0,0,1,1,0,1,1,1,0,0,0,1,1,0,0,1,0,1,1,0,0,1,1,0,0,0,1,0,0,0,0,0,1,0,0,1,0,1,0,1,0,0,0,0,1,0,0,1,0,0,0,0,1,0,1,0,0,0,0,1,1,1,0,1,0,0,0,0,0,0,0,1,0,0,0,1,1,1,1,1,1,1,1,0,1,0,0,1,1,1,0,1,1,0,0,0,1,0,0,1,1,0,0,1,0,1,0,1,0,1,1,1,0,0,1,1,0,1,1,0,0,1,0,1,1,1,1,1,0,1,0,0,1,0,0,0,0,1,0,1,1,1,1,1,1,1,0,1,1,0,1,0,1,1,0,0,1,1,0,1,0,1,1,0,0,0,0,1,1,0,1,1,1,1,0,0,1,0,1,0,1,1,0,0,1
0,1,0,1,0,1,1,0,0,0,1,1,0,0,0,1,1,1,1,0,0,1,0,0,0,0,1,0,0,0,1,0,0,1,0,0,0,0,1,1,0,1,1,1,0,0,0,1,1,0,0,1,0,1,1,0,0,1,1,0,0,0,1,1,1,0,0,0,1,0,0,1,0,1,0,1,0,0,0,0,1,0,0,1,0,0,0,0,1,0,1,0,0,0,0,1,1,1,0,1,0,0,0,0,0,1,0,1,0,0,0,1,1,1,1,1,1,1,1,0,1,0,0,1,1,1,0,1,1,0,0,0,1,0,0,1,1,0,0,1,0,1,0,1,0,1,1,1,0,0,1,1,0,1,1,0,0,1,0,1,1,1,1,1,0,1,0,0,1,0,1,0,0,1,0,1,1,1,1,1,1,1,0,1,1,0,1,0,1,1,0,0,1,1,0,1,0,1,1,0,0,0,0,1,1,0,1,1,1,1,0,0,1,0,1,0,1,1,0,0,1
1,1,0,1,0,1,1,0,0,0,1,1,0,0,0,1,1,1,1,0,0,1,0,0,0,0,1,0,0,0,1,0,0,0,0,0,0,0,1,1,0,1,1,1,0,0,0,1,1,0,0,1,0,1,1,0,0,1,1,0,0,0,1,0,0,0,0,0,1,0,0,1,0,1,0,1,0,0,0,0,1,0,0,1,0,0,0,0,1,0,1,0,0,0,0,1,1,1,0,1,0,0,0,0,0,0,0,1,0,0,0,1,1,1,1,1,1,1,1,0,1,0,0,1,1,1,0,1,1,0,0,0,1,0,0,1,1,0,0,1,0,1,0,1,0,1,1,1,0,0,1,1,0,1,1,0,0,1,0,1,1,1,1,1,0,1,0,0,1,0,0,0,0,1,0,1,1,1,1,1,1,1,0,1,1,0,1,0,1,1,0,0,1,1,0,1,0,1,1,0,0,0,0,1,1,0,1,1,1,1,0,0,1,0,1,0,1,1,0,0,1
1,1,0,1,0,1,1,0,0,0,1,1,0,0,0,1,1,1,1,0,0,1,0,0,0,0,1,0,0,0,1,0,0,0,0,0,0,0,1,1,0,1,1,1,0,0,0,1,1,0,0,1,0,1,1,0,0,1,1,0,0,0,1,0,0,0,0,0,1,0,0,1,0,1,0,1,0,0,0,0,1,0,0,1,0,0,0,0,1,0,1,0,0,0,0,1,1,1,0,1,0,0,0,0,0,0,0,1,0,0,0,1,1,1,1,1,1,1,1,0,1,0,0,1,1,1,0,1,1,0,0,0,1,0,0,1,1,0,0,1,0,1,0,1,0,1,1,1,0,0,1,1,0,1,1,0,0,1,0,1,1,1,1,1,0,1,0,0,1,0,0,0,0,1,0,1,1,1,1,1,1,1,0,1,1,0,1,0,1,1,0,0,1,1,0,1,0,1,1,0,0,0,0,1,1,0,1,1,1,1,0,0,1,0,1,0,1,1,0,0,1
0,0,0,1,0,1,1,0,0,0,0,0,0,0,0,1,1,1,1,0,0,1,0,0,0,1,0,0,0,0,1,0,0,1,0,0,1,0,1,1,0,0,1,1,0,0,0,0,1,0,0,1,0,0,0,0,0,0,0,0,0,0,0,1,1,0,0,0,1,0,1,1,1,0,0,1,0,1,0,1,1,0,0,1,0,1,0,1,1,1,0,1,0,0,0,1,1,0,0,1,0,1,0,0,1,0,1,1,0,1,1,0,0,0,0,1,1,0,1,0,1,1,0,0,0,0,0,0,0,0,1,0,1,0,0,1,0,0,1,0,0,0,0,1,0,0,0,0,0,0,1,0,0,0,0,0,0,1,0,0,0,0,0,1,0,1,1,0,1,0,1,1,0,0,0,0,1,1,0,0,1,0,0,1,1,0,1,1,1,1,0,1,1,0,1,1,1,1,1,0,0,1,1,1,0,0,1,0,0,0,0,0,0,1,1,1,1,1,1,1,0
1,1,0,1,0,1,1,0,0,0,1,1,0,0,0,1,1,1,1,0,0,1,0,0,0,0,1,0,0,0,1,0,0,0,0,0,0,0,1,1,0,1,1,1,0,0,0,1,1,0,0,1,0,1,1,0,0,1,1,0,0,0,1,0,0,0,0,0,1,0,0,1,0,1,0,1,0,0,0,0,1,0,0,1,0,0,0,0,1,0,1,0,0,0,0,1,1,1,0,1,0,0,0,0,0,0,0,1,0,0,0,1,1,1,1,1,1,1,1,0,1,0,0,1,1,1,0,1,1,0,0,0,1,0,0,1,1,0,0,1,0,1,0,1,0,1,1,1,0,0,1,1,0,1,1,0,0,1,0,1,1,1,1,1,0,1,0,0,1,0,0,0,0,1,0,1,1,1,1,1,1,1,0,1,1,0,1,0,1,1,0,0,1,1,0,1,0,1,1,0,0,0,0,1,1,0,1,1,1,1,0,0,1,0,1,0,1,1,0,0,1
1,1,0,1,0,1,1,1,0,0,1,1,0,1,1,1,1,1,0,0,0,1,0,0,0,1,0,0,0,0,1,0,0,1,1,1,1,0,1,1,0,1,1,1,0,0,0,1,1,0,0,1,0,0,0,0,0,0,0,0,0,0,0,1,1,0,0,0,1,1,1,1,1,0,0,1,0,1,0,1,1,0,0,1,0,1,0,1,1,1,0,1,0,0,0,1,1,0,0,1,0,1,0,0,1,1,1,1,0,1,1,1,0,0,0,1,1,0,1,0,1,1,0,0,1,1,0,1,0,0,1,0,1,0,0,1,0,0,1,1,0,0,0,1,0,0,0,0,0,1,1,0,1,1,0,0,0,1,0,0,0,0,0,1,0,1,0,1,1,0,1,1,0,0,0,0,1,1,1,1,1,1,1,1,1,0,1,1,1,1,0,0,1,0,1,1,1,1,1,0,0,0,0,1,0,1,1,0,0,0,0,0,0,1,0,1,0,1,0,1,0
1,1,0,1,0,1,1,1,0,0,1,1,0,1,1,1,1,1,0,0,0,1,0,0,0,1,0,0,0,0,1,0,0,1,1,1,1,0,1,1,0,1,1,1,0,0,0,1,1,0,0,1,0,0,0,0,0,0,0,0,0,0,0,1,1,0,0,0,1,1,1,1,1,0,0,1,0,1,0,1,1,0,0,1,0,1,0,1,1,1,0,1,0,0,0,1,1,0,0,1,0,1,0,0,1,1,1,1,0,1,1,1,0,0,0,1,1,0,1,0,1,1,0,0,1,1,0,1,0,0,1,0,1,0,0,1,0,0,1,1,0,0,0,1,0,0,0,0,0,1,1,0,1,1,0,0,0,1,0,0,0,0,0,1,0,1,0,1,1,0,1,1,0,0,0,0,1,1,1,1,1,1,1,1,1,0,1,1,1,1,1,0,1,0,1,1,1,1,1,1,1,0,0,1,0,1,1,0,0,0,0,0,0,1,0,1,0,1,0,1,0
1,1,0,1,0,1,1,1,0,0,1,1,0,1,1,1,1,1,0,0,0,1,0,0,0,1,0,0,0,0,1,0,0,1,1,1,1,0,1,1,0,1,1,1,0,0,0,1,1,0,0,1,0,0,0,0,1,0,0,0,0,0,0,1,1,0,0,0,1,1,1,1,1,0,0,1,0,1,1,1,1,0,0,1,0,1,1,1,1,1,0,1,0,0,0,1,1,0,0,1,0,1,0,0,1,1,1,1,0,1,1,1,0,0,0,1,1,0,1,0,1,1,0,0,1,1,0,1,0,0,1,0,1,0,1,1,0,0,1,1,0,0,0,1,0,0,0,0,0,1,1,0,1,1,0,0,0,1,0,0,0,0,0,1,0,1,0,1,1,1,1,1,0,0,0,0,1,1,1,1,1,1,1,1,1,0,1,1,1,1,1,0,1,1,1,1,1,1,1,1,1,0,0,1,1,1,1,0,0,0,0,0,0,1,0,1,0,1,0,1,0
1,1,0,1,0,1,1,1,0,0,1,1,0,1,1,1,1,1,0,0,0,1,0,0,0,1,0,0,0,0,1,0,0,1,1,1,1,0,1,1,0,1,1,1,0,0,0,1,1,0,0,1,0,0,0,0,1,0,0,0,0,0,0,1,1,0,0,0,1,1,1,1,1,0,0,1,0,1,1,1,1,0,0,1,0,1,1,1,1,1,0,1,0,0,0,1,1,0,0,1,0,1,0,0,1,1,1,1,0,1,1,1,0,0,0,1,1,0,1,0,1,1,0,0,1,1,0,1,0,0,1,0,1,0,1,1,0,0,1,1,0,0,0,1,0,0,0,0,0,1,1,1,1,1,0,0,0,1,0,0,0,0,0,1,0,1,0,1,1,1,1,1,0,0,0,0,1,1,1,1,1,1,0,1,1,0,1,1,1,1,1,0,1,1,1,1,1,1,1,1,1,0,0,1,1,1,1,0,0,0,0,0,0,1,0,1,0,1,0,1,0
0,1,0,1,1,1,0,0,0,0,1,0,1,1,0,1,1,1,1,1,1,1,1,1,1,1,1,1,1,1,1,0,0,1,0,0,0,0,1,0,0,1,0,1,1,1,0,1,0,0,0,1,0,1,1,0,0,0,0,1,1,1,0,1,1,1,0,1,0,0,1,1,1,0,0,1,0,1,0,1,1,0,0,1,0,1,0,1,1,1,0,1,0,0,0,1,1,0,0,1,0,1,0,0,1,1,1,1,1,1,1,1,0,0,0,1,1,0,1,0,1,1,0,0,0,0,1,0,0,0,1,1,1,0,0,1,0,0,1,0,0,1,0,1,1,0,0,1,1,0,0,0,0,0,0,1,0,1,0,0,1,0,0,1,0,0,0,0,0,0,1,1,1,0,0,0,1,1,0,0,1,0,0,1,1,0,0,0,1,0,0,0,1,0,1,1,1,0,0,0,0,0,0,1,0,0,1,0,0,0,0,1,0,0,0,0,0,0,0,1,0
1,1,1,1,1,1,0,0,0,0,1,0,1,1,0,1,1,1,1,1,1,1,1,1,1,1,1,1,1,1,1,0,0,1,0,0,0,0,1,0,0,1,0,1,1,1,0,1,0,0,0,1,0,1,1,0,0,0,0,1,1,1,0,1,1,1,0,1,0,0,1,1,1,0,0,1,0,1,0,1,1,0,0,1,0,1,0,1,1,1,0,1,0,0,0,1,1,0,0,1,0,1,0,0,1,1,1,1,1,1,1,1,0,0,0,1,1,0,1,0,1,1,0,0,0,0,1,0,0,0,1,1,1,0,0,1,0,0,1,0,0,1,0,1,1,0,0,1,1,0,0,0,0,0,0,1,0,1,0,0,1,0,0,1,0,0,0,0,0,0,1,1,1,0,0,0,1,1,0,0,1,0,0,1,1,0,0,0,1,0,0,0,1,0,1,1,1,0,0,0,0,0,0,1,0,0,1,0,0,0,0,1,0,0,0,0,0,0,0,1,0
1,1,1,1,1,1,0,0,0,0,1,0,1,1,0,1,1,1,1,1,1,1,1,1,1,1,1,1,1,1,1,0,0,1,0,0,0,0,1,0,0,1,0,1,1,1,0,1,0,0,0,1,0,1,1,0,0,0,0,1,1,1,0,1,1,1,0,1,0,0,1,1,1,0,0,1,0,1,0,1,1,0,0,1,0,1,0,1,1,1,0,1,0,0,0,1,1,0,0,1,0,1,0,0,1,1,1,1,1,1,1,1,0,0,0,1,1,0,1,0,1,1,0,0,0,0,1,0,0,0,1,1,1,0,0,1,0,0,1,0,0,1,0,1,1,0,0,1,1,0,0,0,0,0,0,1,0,1,0,0,1,0,0,1,0,0,0,0,0,0,1,1,1,0,0,0,1,1,0,0,1,0,0,1,1,0,0,0,1,0,0,0,1,0,1,1,1,0,0,0,0,0,0,1,0,0,1,0,0,0,0,1,0,0,0,0,0,0,0,1,0
1,1,0,1,1,1,0,0,0,0,1,0,1,1,0,1,1,1,1,1,1,1,1,1,1,1,1,1,1,1,1,0,0,1,0,0,0,0,1,0,0,1,0,1,1,1,0,1,0,1,1,0,0,1,1,0,0,0,0,1,1,1,0,1,1,1,0,1,0,0,1,1,1,0,1,1,0,1,0,1,1,1,1,1,0,1,0,1,1,1,0,1,0,0,1,1,1,0,0,1,0,1,0,1,1,1,1,1,1,1,1,1,0,0,0,1,1,0,1,0,1,1,0,0,0,0,1,0,0,0,1,1,1,0,0,1,0,0,1,0,0,1,0,1,1,0,0,1,1,0,0,0,0,0,0,1,0,1,0,0,1,0,0,1,0,0,0,0,0,0,1,1,1,0,0,0,1,1,0,0,1,0,0,1,1,0,0,0,1,0,0,0,1,0,1,1,1,0,0,0,0,0,0,1,0,0,1,0,0,0,0,1,0,0,0,0,0,0,0,1,0
1,1,1,1,1,1,0,0,0,0,1,0,1,1,0,1,1,1,1,1,1,1,1,1,1,1,1,1,1,1,1,0,0,1,0,0,0,0,1,0,0,1,0,1,1,1,0,1,0,0,0,1,0,1,1,0,0,0,0,1,1,1,0,1,1,1,0,1,0,0,1,1,1,0,0,1,0,1,0,1,1,0,0,1,0,1,0,1,1,1,0,1,0,0,0,1,1,0,0,1,0,1,0,0,1,1,1,1,1,1,1,1,0,0,0,1,1,0,1,0,1,1,0,0,0,0,1,0,0,0,1,1,1,0,0,1,0,0,1,0,0,1,0,1,1,0,0,1,1,0,0,0,0,0,0,1,0,1,0,0,1,0,0,1,0,0,0,0,0,0,1,1,1,0,0,0,1,1,0,0,1,0,0,1,1,0,0,0,1,0,0,0,1,0,1,1,1,0,0,0,0,0,0,1,0,0,1,0,0,0,0,1,0,0,0,0,0,0,0,1,0
1,1,1,1,1,1,0,0,0,0,1,0,1,1,0,1,1,1,1,1,1,1,1,1,1,1,1,1,1,1,1,0,0,1,0,0,0,0,1,0,0,1,0,1,1,1,0,1,0,0,0,0,0,1,1,0,0,0,0,1,1,1,0,1,1,1,0,1,0,0,1,1,1,0,0,1,0,1,0,1,1,0,0,1,0,1,0,1,1,1,0,1,0,0,0,1,1,0,0,1,0,1,0,0,1,1,1,1,1,1,1,1,0,0,0,1,1,0,1,0,1,1,0,0,0,0,1,0,0,0,1,1,1,0,0,1,0,0,1,0,0,1,0,1,1,0,0,1,1,0,0,0,0,0,0,1,0,1,0,0,1,0,0,1,0,0,0,0,0,0,1,1,1,0,0,0,1,1,0,0,1,0,0,1,1,0,0,0,1,0,0,0,1,0,1,1,1,0,0,0,0,0,0,1,0,0,1,0,0,0,0,1,0,0,0,0,0,0,0,1,0
1,1,1,1,1,1,0,0,0,0,1,0,1,1,0,1,1,1,1,1,1,1,1,1,1,1,1,1,1,1,1,0,0,1,0,0,0,0,1,0,0,1,0,1,1,1,0,1,0,0,0,0,0,1,1,0,0,0,0,1,1,1,0,1,1,1,0,1,0,0,1,1,1,0,0,1,0,1,0,1,1,0,0,1,0,1,0,1,1,1,0,1,0,0,0,1,1,0,0,1,0,1,0,0,1,1,1,1,1,1,1,1,0,0,0,1,1,0,1,0,1,1,0,0,0,0,1,0,0,0,1,1,1,0,0,1,0,0,1,0,0,1,0,1,1,0,0,1,1,0,0,0,0,0,0,1,0,1,0,0,1,0,0,1,0,0,0,0,0,0,1,1,1,0,0,0,1,1,0,0,1,0,0,1,1,0,0,0,1,0,0,0,1,0,1,1,1,0,0,0,0,0,0,1,0,0,1,0,0,0,0,1,0,0,0,0,0,0,0,1,0
1,1,1,1,1,1,1,0,0,0,1,0,1,1,0,1,1,1,1,1,1,1,1,1,1,1,1,1,1,1,1,0,0,1,0,0,0,0,1,1,0,1,0,1,1,1,0,1,1,0,0,1,0,1,1,0,0,1,1,1,1,1,0,1,1,1,0,1,1,0,1,1,1,0,0,1,0,1,0,1,1,0,0,1,0,1,0,1,1,1,1,1,0,0,0,1,1,1,0,1,0,1,0,0,1,1,1,1,1,1,1,1,1,1,0,1,1,1,1,0,1,1,0,1,0,0,1,1,1,0,1,1,1,0,0,1,1,0,1,1,0,1,0,1,1,1,1,1,1,0,0,0,0,1,0,1,0,1,0,1,1,0,0,1,0,1,0,0,1,0,1,1,1,1,0,1,1,1,0,0,1,1,0,1,1,0,1,0,1,1,0,1,1,0,1,1,1,1,0,0,0,1,1,1,0,0,1,1,0,0,0,1,0,0,1,0,0,0,0,1,0
1,1,1,1,1,1,1,0,0,0,1,0,1,1,0,1,1,1,1,1,1,1,1,1,1,1,1,1,1,1,1,0,0,1,0,0,0,1,1,1,0,1,0,1,1,1,0,1,0,0,0,1,0,1,1,0,1,0,0,1,1,1,1,1,1,1,0,1,1,0,1,1,1,0,0,1,0,1,0,1,1,0,0,1,0,1,1,1,1,1,0,1,0,0,0,0,1,0,0,1,0,1,0,0,1,1,1,1,1,1,1,1,0,0,0,1,1,0,1,0,0,1,0,0,0,0,1,0,0,0,1,1,1,0,0,1,0,0,1,0,0,0,0,1,1,0,0,1,1,1,0,0,0,0,0,1,0,0,0,0,1,0,0,1,0,0,0,0,0,0,1,1,1,0,0,0,1,1,0,0,1,0,0,0,0,0,0,0,1,0,0,0,1,0,1,1,1,0,0,0,0,0,0,1,0,0,1,0,0,0,0,1,0,0,0,0,0,0,0,1,0
1,1,0,1,1,1,0,0,0,0,1,0,1,1,0,1,1,1,1,1,1,1,1,1,1,1,1,1,1,1,1,0,0,1,0,0,0,1,1,0,0,1,0,1,1,1,0,1,0,0,0,0,0,1,1,0,0,0,0,1,1,1,0,1,1,1,0,1,0,0,1,1,1,0,0,1,0,1,0,1,1,0,0,1,0,1,0,1,1,1,0,1,0,0,0,0,1,0,0,1,0,1,0,0,1,1,1,1,1,1,1,1,0,0,0,1,1,0,1,0,0,1,0,0,0,0,1,0,0,0,1,1,1,0,0,1,0,0,1,0,0,0,0,1,1,0,0,1,1,0,0,0,0,0,0,1,0,0,0,0,1,0,0,1,0,0,0,0,0,0,1,1,1,0,0,0,1,1,0,0,1,0,0,0,0,0,0,0,1,0,0,0,1,0,1,1,1,0,0,0,0,0,0,1,0,0,1,0,0,0,0,1,0,0,0,0,0,0,0,1,0
1,1,1,1,1,1,1,0,0,0,1,0,1,1,0,1,1,1,1,1,1,1,1,1,1,1,1,1,1,1,1,0,0,1,0,0,0,1,1,1,0,1,0,1,1,1,0,1,0,0,0,1,0,1,1,0,1,0,0,1,1,1,1,1,1,1,0,1,1,0,1,1,1,0,0,1,0,1,0,1,1,0,0,1,0,1,1,1,1,1,0,1,0,0,0,0,1,0,0,1,0,1,0,0,1,1,1,1,1,1,1,1,0,0,0,1,1,0,1,0,0,1,0,0,0,0,1,0,0,0,1,1,1,0,0,1,0,0,1,0,0,0,0,1,1,0,0,1,1,1,0,0,0,0,0,1,0,0,0,0,1,0,0,1,0,0,0,0,0,0,1,1,1,0,0,0,1,1,0,0,1,0,0,0,0,0,0,0,1,0,0,0,1,0,1,1,1,0,0,0,0,0,0,1,0,0,1,0,0,0,0,1,0,0,0,0,0,0,0,1,0
1,1,1,1,1,1,0,0,0,0,1,0,1,1,0,1,1,1,1,1,1,1,1,1,1,1,1,1,1,1,1,0,0,1,0,0,0,1,1,0,0,1,0,1,1,1,0,1,0,0,0,1,0,1,1,0,0,0,0,1,1,1,0,1,1,1,0,1,0,0,1,1,1,0,0,1,0,1,0,1,1,0,0,1,0,1,0,1,1,1,0,1,0,0,0,0,1,0,0,1,0,1,0,0,1,1,1,1,1,1,1,1,0,0,0,1,1,0,1,0,0,1,0,0,0,0,1,0,0,0,1,1,1,0,0,1,0,0,1,0,0,0,0,1,1,0,0,1,1,0,0,0,0,0,0,1,0,0,0,0,1,0,0,1,0,0,0,0,0,0,1,1,1,0,0,0,1,1,0,0,1,0,0,0,0,0,0,0,1,0,0,0,1,0,1,1,1,0,0,0,0,0,0,1,0,0,1,0,0,0,0,1,0,0,0,0,0,0,0,1,0
1,1,1,1,1,1,1,0,0,0,1,0,1,1,0,1,1,1,1,0,0,1,1,1,0,1,1,1,1,1,1,0,0,1,0,0,0,1,1,1,0,1,0,1,1,1,0,1,0,1,1,1,0,1,1,0,1,0,0,1,1,1,0,1,1,1,0,1,1,0,1,1,1,0,1,1,0,1,0,1,1,1,1,1,0,1,1,1,1,1,0,1,0,0,1,0,1,0,0,1,0,1,0,1,1,1,1,1,1,1,1,1,0,0,0,1,1,0,1,0,0,1,0,0,0,0,1,0,0,0,1,1,1,0,0,1,0,0,1,0,0,0,0,1,1,0,0,1,1,1,0,0,0,0,0,1,0,0,0,0,1,0,0,1,0,0,0,0,0,0,1,1,1,0,0,0,1,1,0,0,1,0,0,0,0,0,0,0,1,0,0,0,1,0,1,1,1,0,0,0,0,0,0,1,0,0,1,0,0,0,0,1,0,0,0,0,0,0,0,1,0
1,1,0,1,1,1,0,0,0,0,1,0,1,1,0,1,1,1,1,0,0,1,1,1,0,1,1,1,1,1,1,0,0,1,0,0,0,1,1,0,0,1,0,1,1,1,0,1,0,1,1,0,0,1,1,0,0,0,0,1,1,1,0,1,1,1,0,1,0,0,1,1,1,0,1,1,0,1,0,1,1,1,1,1,0,1,0,1,1,1,0,1,0,0,1,0,1,0,0,1,0,1,0,1,1,1,1,1,1,1,1,1,0,0,0,1,1,0,1,0,0,1,0,0,0,0,1,0,0,0,1,1,1,0,0,1,0,0,1,0,0,0,0,1,1,0,0,1,1,0,0,0,0,0,0,1,0,0,0,0,1,0,0,1,0,0,0,0,0,0,1,1,1,0,0,0,1,1,0,0,1,0,0,0,0,0,0,0,1,0,0,0,1,0,1,1,1,0,0,0,0,0,0,1,0,0,1,0,0,0,0,1,0,0,0,0,0,0,0,1,0
0,1,0,1,0,1,1,0,0,0,0,0,0,0,0,1,1,1,1,0,0,1,1,1,1,1,1,0,1,0,1,0,0,1,0,0,0,0,1,1,0,1,0,1,1,1,0,1,1,0,0,1,0,1,1,0,0,1,1,1,1,1,0,1,1,1,0,1,1,0,1,1,1,1,0,1,0,0,0,1,1,0,0,1,0,0,0,1,1,1,1,1,0,0,0,1,1,1,0,1,0,1,0,0,1,1,1,1,1,1,1,1,1,1,0,1,1,1,1,0,1,1,0,1,0,0,1,1,1,0,1,1,1,0,0,1,1,0,1,1,0,1,0,1,1,1,1,1,1,0,0,0,0,1,0,1,0,1,0,1,1,0,0,1,0,1,0,0,1,0,1,0,0,1,0,1,1,1,0,0,1,1,0,1,1,0,1,1,1,1,0,0,1,0,1,1,1,1,1,0,0,0,0,1,0,0,1,0,1,1,0,1,0,0,0,0,1,1,0,1,0
1,1,1,1,1,1,1,0,0,0,1,0,1,1,0,1,1,1,1,0,0,1,1,1,0,1,1,1,1,1,1,0,0,1,0,0,0,1,1,0,0,1,0,1,1,1,0,1,0,1,1,1,0,1,1,0,0,0,0,1,1,1,0,1,1,1,0,1,0,0,1,1,1,0,1,1,0,1,0,1,1,1,1,1,0,1,0,1,1,1,0,1,0,0,1,0,1,0,0,1,0,1,0,1,1,1,1,1,1,1,1,1,0,0,0,1,1,0,1,0,0,1,0,0,0,0,1,0,0,0,1,1,1,0,0,1,0,0,1,0,0,0,0,1,1,0,0,1,1,0,0,0,0,0,0,1,0,0,0,0,1,0,0,1,0,0,0,0,0,0,1,1,1,0,0,0,1,1,0,0,1,0,0,0,0,0,0,0,1,0,0,0,1,0,1,1,1,0,0,0,0,0,0,1,0,0,1,0,0,0,0,1,0,0,0,0,0,0,0,1,0
0,1,0,1,0,1,1,0,0,0,0,0,0,0,0,1,1,1,1,0,0,1,1,1,1,1,1,0,1,0,1,0,0,1,0,0,0,0,1,1,0,1,0,1,1,1,0,1,0,0,0,0,0,1,1,0,0,0,0,1,1,1,0,1,1,1,0,1,0,0,1,1,1,1,0,1,0,0,0,1,1,0,0,1,0,0,0,1,1,1,0,1,0,0,0,1,1,0,0,1,0,1,0,0,1,1,1,1,1,1,1,1,0,0,0,1,1,0,1,0,1,1,0,0,0,0,1,0,0,0,1,1,1,0,0,1,0,0,1,0,0,1,0,1,1,0,0,1,1,0,0,0,0,0,0,1,0,1,0,0,1,0,0,1,0,0,0,0,0,0,1,0,0,0,0,0,1,1,0,0,1,0,0,1,1,0,0,0,1,0,0,0,1,0,1,1,1,0,0,0,0,0,0,1,0,0,1,0,0,1,0,1,0,0,0,0,0,1,0,1,0
0,1,0,1,0,1,1,0,0,0,0,0,0,0,0,1,1,1,1,0,0,1,1,1,1,1,1,0,1,0,1,0,0,1,0,0,0,0,1,1,0,1,0,1,1,1,0,1,1,0,0,1,0,1,1,0,0,1,1,1,1,1,0,1,1,1,0,1,1,0,1,1,1,1,0,1,0,0,0,1,1,0,0,1,0,0,0,1,1,1,1,1,0,0,0,1,1,1,0,1,0,1,0,0,1,1,1,1,1,1,1,1,1,1,0,1,1,1,1,0,1,1,0,1,0,0,0,1,1,0,1,1,1,0,0,1,1,0,1,1,0,1,0,1,1,1,1,1,0,0,0,0,0,1,0,1,0,1,0,1,1,0,0,1,0,1,0,0,1,0,1,0,0,1,0,1,1,1,0,0,1,1,0,1,1,0,1,1,1,1,0,0,1,0,1,1,1,1,1,0,0,0,0,1,0,0,1,0,1,1,0,1,0,0,0,0,1,1,0,1,0
0,1,0,1,0,1,1,0,0,1,0,0,0,0,0,1,1,1,1,0,0,1,1,1,1,1,1,0,1,0,1,0,1,1,0,0,0,0,1,1,1,1,0,1,1,1,1,1,0,0,0,0,0,1,1,0,0,0,0,1,1,1,0,1,1,1,0,1,0,0,1,1,1,1,0,1,0,0,0,1,1,0,0,1,0,0,0,1,1,1,0,1,0,0,0,1,1,0,1,1,1,1,0,0,1,1,1,1,1,1,1,1,0,0,0,1,1,0,1,1,1,1,0,0,0,0,1,0,0,0,1,1,1,0,0,1,0,1,1,0,0,1,1,1,1,0,0,1,1,0,0,0,0,0,0,1,0,1,0,0,1,0,0,1,0,0,0,0,0,0,1,0,0,0,0,0,1,1,0,0,1,0,0,1,1,0,0,0,1,0,0,0,1,0,1,1,1,0,0,0,0,0,0,1,0,0,1,0,0,1,0,1,0,0,0,0,0,1,0,1,0
0,1,0,1,0,1,1,0,0,0,0,0,0,0,0,1,1,1,1,0,0,1,1,1,1,1,1,0,1,0,1,0,0,1,0,0,0,0,1,1,0,1,0,1,1,1,0,1,0,0,0,0,0,1,1,0,0,0,0,1,1,1,0,1,1,1,0,1,0,0,1,1,1,1,0,1,0,0,0,1,1,0,0,1,0,0,0,1,1,1,0,1,0,0,0,1,1,0,0,1,0,1,0,0,1,1,1,1,1,1,1,1,0,0,0,1,1,0,1,0,1,1,0,0,0,0,0,0,0,0,1,1,1,0,0,1,0,0,1,0,0,1,0,1,1,0,0,1,0,0,0,0,0,0,0,1,0,1,0,0,1,0,0,1,0,0,0,0,0,0,1,0,0,0,0,0,1,1,0,0,1,0,0,1,1,0,0,0,1,0,0,0,1,0,1,1,1,0,0,0,0,0,0,1,0,0,1,0,0,1,0,1,0,0,0,0,0,1,0,1,0
0,1,0,1,0,1,1,0,0,1,0,0,0,0,0,1,1,1,1,0,0,1,1,1,1,1,1,0,1,0,1,0,1,1,0,0,0,0,1,1,1,1,0,1,1,1,1,1,0,0,0,0,0,1,1,0,0,0,0,1,1,1,0,1,1,1,0,1,0,0,1,1,1,1,0,1,0,0,0,1,1,0,0,1,0,0,0,1,1,1,0,1,0,0,0,1,1,0,1,1,1,1,0,0,1,1,1,1,1,1,1,1,0,0,0,1,1,0,1,1,1,1,0,0,0,0,0,0,0,0,1,1,1,0,0,1,0,1,1,0,0,1,1,1,1,0,0,1,0,0,0,0,0,0,0,1,0,1,0,0,1,0,0,1,0,0,0,0,0,0,1,0,0,0,0,0,1,1,0,0,1,0,0,1,1,0,0,0,1,0,0,0,1,0,1,1,1,0,0,0,0,0,0,1,0,0,1,0,0,1,0,1,0,0,0,0,0,1,0,1,0
0,1,0,1,0,1,1,0,0,0,0,0,0,0,0,1,1,1,1,0,0,1,1,1,1,1,1,0,1,0,1,0,0,1,1,0,0,0,1,1,0,1,0,1,1,1,0,1,0,0,0,0,0,1,1,0,0,1,1,1,1,1,0,1,1,1,0,1,0,1,1,1,1,1,0,1,0,0,0,1,1,0,0,1,0,0,0,1,1,1,0,1,0,0,0,1,1,1,0,1,0,1,0,0,1,1,1,1,1,1,1,1,1,1,0,1,1,1,1,0,1,1,0,0,0,0,1,1,1,0,1,1,1,0,1,1,0,0,1,0,0,1,0,1,1,0,1,1,1,0,0,0,1,1,0,1,0,1,1,0,1,0,0,1,0,1,0,0,1,1,1,0,0,1,0,1,1,1,0,0,1,0,1,1,1,0,1,0,1,1,0,1,1,0,1,1,1,1,1,0,0,1,0,1,0,0,1,0,1,1,1,1,0,0,0,0,1,1,1,1,0
0,1,0,1,0,1,1,0,0,1,0,0,0,0,0,1,1,1,1,0,0,1,1,1,1,1,1,0,1,0,1,0,1,1,1,0,0,0,1,1,1,1,0,1,1,1,1,1,0,0,0,0,0,1,1,0,0,1,1,1,1,1,0,1,1,1,0,1,0,1,1,1,1,1,0,1,0,0,0,1,1,0,0,1,0,0,0,1,1,1,0,1,0,0,0,1,1,1,1,1,1,1,0,0,1,1,1,1,1,1,1,1,1,1,0,1,1,1,1,1,1,1,0,0,0,0,1,1,1,0,1,1,1,0,1,1,0,1,1,0,0,1,1,1,1,0,1,1,1,0,0,0,1,1,0,1,0,1,1,0,1,0,0,1,0,1,0,0,1,1,1,0,0,1,0,1,1,1,0,0,1,0,1,1,1,0,1,0,1,1,0,1,1,0,1,1,1,1,1,0,0,1,0,1,0,0,1,0,1,1,1,1,0,0,0,0,1,1,1,1,0
0,1,0,1,0,1,1,0,0,0,0,0,0,0,0,1,1,1,1,0,0,1,1,1,1,1,1,0,1,0,1,0,0,1,1,0,0,0,1,1,0,1,0,1,1,1,0,1,0,0,0,0,0,1,1,0,0,1,1,1,1,1,0,1,1,1,0,1,0,1,1,1,1,1,0,1,0,0,0,1,1,0,0,1,0,0,0,1,1,1,0,1,0,0,0,1,1,1,0,1,0,1,0,0,1,1,1,1,1,1,1,1,1,1,0,1,1,1,1,0,1,1,0,0,0,0,0,1,1,0,1,1,1,0,1,1,0,0,1,0,0,1,0,1,1,0,1,1,0,0,0,0,1,1,0,1,0,1,1,0,1,0,0,1,0,1,0,0,1,1,1,0,0,1,0,1,1,1,0,0,1,0,1,1,1,0,1,0,1,1,0,1,1,0,1,1,1,1,1,0,0,1,0,1,0,0,1,0,1,1,1,1,0,0,0,0,1,1,1,1,0
0,1,0,1,0,1,1,1,0,0,0,0,0,0,0,1,1,1,1,0,0,1,1,1,1,1,1,0,1,0,1,0,0,1,1,0,0,0,1,1,0,1,0,1,1,1,0,1,1,0,0,1,0,1,1,0,0,1,1,1,1,1,0,1,1,1,0,1,1,1,1,1,1,1,0,1,0,0,0,1,1,0,0,1,0,0,0,1,1,1,1,1,0,0,0,1,1,1,0,1,0,1,0,0,1,1,1,1,1,1,1,1,1,1,0,1,1,1,1,0,1,1,0,1,0,0,1,1,1,0,1,1,1,0,1,1,1,0,1,1,0,1,0,1,1,1,1,1,1,0,0,0,1,1,0,1,0,1,1,1,1,0,0,1,0,1,0,0,1,1,1,0,0,1,0,1,1,1,0,0,1,1,1,1,1,0,1,1,1,1,0,1,1,0,1,1,1,1,1,0,0,1,0,1,0,0,1,0,1,1,1,1,0,0,0,0,1,1,1,1,0
0,1,0,1,0,1,1,0,0,1,0,0,0,0,0,1,1,1,1,0,0,1,1,1,1,1,1,0,1,0,1,0,1,1,1,0,0,0,1,1,1,1,0,1,1,1,1,1,0,0,0,0,0,1,1,0,0,1,1,1,1,1,0,1,1,1,0,1,0,1,1,1,1,1,0,1,0,0,0,1,1,0,0,1,0,0,0,1,1,1,0,1,0,0,0,1,1,1,1,1,1,1,0,0,1,1,1,1,1,1,1,1,1,1,0,1,1,1,1,1,1,1,0,0,0,0,0,1,1,0,1,1,1,0,1,1,0,1,1,0,0,1,1,1,1,0,1,1,0,0,0,0,1,1,0,1,0,1,1,0,1,0,0,1,0,1,0,0,1,1,1,0,0,1,0,1,1,1,0,0,1,0,1,1,1,0,1,0,1,1,0,1,1,0,1,1,1,1,1,0,0,1,0,1,0,0,1,0,1,1,1,1,0,0,0,0,1,1,1,1,0
0,1,0,1,0,1,1,0,0,1,0,0,0,0,0,1,1,1,1,0,0,1,1,1,1,1,1,0,1,0,1,0,1,1,0,0,0,0,1,1,1,1,0,1,1,1,0,1,1,0,0,1,0,1,1,0,0,1,1,1,1,1,0,1,1,1,0,1,1,0,1,1,1,1,0,1,0,0,0,1,1,0,0,1,0,0,0,1,1,1,1,1,0,0,0,1,1,1,0,1,0,1,0,0,1,1,1,1,1,1,1,1,1,1,0,1,1,1,1,1,1,1,0,1,0,0,1,1,1,0,1,1,1,0,0,1,1,1,1,1,0,1,0,1,1,1,1,1,1,0,0,0,0,1,0,1,0,1,0,1,1,0,0,1,0,1,0,0,1,0,1,0,0,1,0,1,1,1,0,0,1,1,0,1,1,0,1,1,1,1,0,0,1,0,1,1,1,1,1,0,0,0,0,1,0,0,1,0,1,1,0,1,0,0,0,0,1,1,0,1,0
0,1,0,1,0,1,1,1,0,0,0,0,0,0,0,1,1,1,1,0,0,1,1,1,1,1,1,0,1,0,1,0,0,1,1,0,0,0,1,1,0,1,0,1,1,1,0,1,1,0,0,1,0,1,1,0,0,1,1,1,1,1,0,1,1,1,0,1,1,1,1,1,1,1,0,1,0,0,0,1,1,0,0,1,0,0,0,1,1,1,1,1,0,0,0,1,1,1,0,1,0,1,0,0,1,1,1,1,1,1,1,1,1,1,0,1,1,1,1,0,1,1,0,1,0,0,0,1,1,0,1,1,1,0,1,1,1,0,1,1,0,1,0,1,1,1,1,1,0,0,0,0,1,1,0,1,0,1,1,1,1,0,0,1,0,1,0,0,1,1,1,0,0,1,0,1,1,1,0,0,1,1,1,1,1,0,1,1,1,1,0,1,1,0,1,1,1,1,1,0,0,1,0,1,0,0,1,0,1,1,1,1,0,0,0,0,1,1,1,1,0
0,1,0,1,0,1,1,0,0,1,0,0,0,0,0,1,1,1,1,0,0,1,1,1,1,1,1,0,1,0,1,0,1,1,0,0,0,0,1,1,1,1,0,1,1,1,1,1,0,0,0,0,0,1,1,0,0,0,0,1,1,1,0,1,1,1,0,1,0,0,1,1,1,1,0,1,0,0,0,1,1,0,0,1,0,0,0,1,1,1,0,1,0,0,0,1,1,0,1,1,1,1,0,0,1,1,1,1,1,1,1,1,0,0,0,1,1,0,1,1,1,1,0,0,0,0,1,0,0,0,1,1,1,0,0,1,0,1,1,0,0,1,1,1,1,0,0,1,1,0,0,0,0,0,0,1,0,1,0,0,1,0,0,1,0,0,0,0,0,0,1,0,0,0,0,0,1,1,0,0,1,0,0,1,1,0,0,0,1,0,0,0,1,0,1,1,1,0,0,0,0,0,0,1,0,0,1,0,0,1,0,1,0,0,0,0,0,1,0,1,0
0,1,0,1,0,1,1,0,0,1,0,0,0,0,0,1,1,1,1,0,0,1,1,1,1,1,1,0,1,0,1,0,1,1,0,0,0,0,1,1,1,1,0,1,1,1,0,1,1,0,0,1,0,1,1,0,0,1,1,1,1,1,0,1,1,1,0,1,1,0,1,1,1,1,0,1,0,0,0,1,1,0,0,1,0,0,0,1,1,1,1,1,0,0,0,1,1,1,0,1,0,1,0,0,1,1,1,1,1,1,1,1,1,1,0,1,1,1,1,1,1,1,0,1,0,0,0,1,1,0,1,1,1,0,0,1,1,1,1,1,0,1,0,1,1,1,1,1,0,0,0,0,0,1,0,1,0,1,0,1,1,0,0,1,0,1,0,0,1,0,1,0,0,1,0,1,1,1,0,0,1,1,0,1,1,0,1,1,1,1,0,0,1,0,1,1,1,1,1,0,0,0,0,1,0,0,1,0,1,1,0,1,0,0,0,0,1,1,0,1,0
0,1,0,1,0,1,1,0,0,1,0,0,0,0,0,1,1,1,1,0,0,1,1,1,1,1,1,0,1,0,1,0,1,1,0,0,0,0,1,1,1,1,0,1,1,1,0,1,0,0,0,0,0,1,1,0,0,0,0,1,1,1,0,1,1,1,0,1,0,0,1,1,1,1,0,1,0,0,0,1,1,0,0,1,0,0,0,1,1,1,0,1,0,0,0,1,1,0,0,1,0,1,0,0,1,1,1,1,1,1,1,1,0,0,0,1,1,0,1,1,1,1,0,0,0,0,1,0,0,0,1,1,1,0,0,1,0,1,1,0,0,1,0,1,1,0,0,1,1,0,0,0,0,0,0,1,0,1,0,0,1,0,0,1,0,0,0,0,0,0,1,0,0,0,0,0,1,1,0,0,1,0,0,1,1,0,0,0,1,0,0,0,1,0,1,1,1,0,0,0,0,0,0,1,0,0,1,0,0,1,0,1,0,0,0,0,0,1,0,1,0
0,1,0,1,0,1,1,0,0,1,0,0,0,0,0,1,1,1,1,0,0,1,1,1,1,1,1,0,1,0,1,0,1,1,0,0,0,0,1,1,1,1,0,1,1,1,1,1,0,0,0,0,0,1,1,0,0,0,0,1,1,1,0,1,1,1,0,1,0,0,1,1,1,1,0,1,0,0,0,1,1,0,0,1,0,0,0,1,1,1,0,1,0,0,0,1,1,0,1,1,1,1,0,0,1,1,1,1,1,1,1,1,0,0,0,1,1,0,1,1,1,1,0,0,0,0,0,0,0,0,1,1,1,0,0,1,0,1,1,0,0,1,1,1,1,0,0,1,0,0,0,0,0,0,0,1,0,1,0,0,1,0,0,1,0,0,0,0,0,0,1,0,0,0,0,0,1,1,0,0,1,0,0,1,1,0,0,0,1,0,0,0,1,0,1,1,1,0,0,0,0,0,0,1,0,0,1,0,0,1,0,1,0,0,0,0,0,1,0,1,0
0,1,0,1,0,1,1,0,0,1,0,0,0,0,0,1,1,1,1,0,0,1,1,1,1,1,1,0,1,0,1,0,1,1,0,0,0,0,1,1,1,1,0,1,1,1,0,1,0,0,0,0,0,1,1,0,0,0,0,1,1,1,0,1,1,1,0,1,0,0,1,1,1,1,0,1,0,0,0,1,1,0,0,1,0,0,0,1,1,1,0,1,0,0,0,1,1,0,0,1,0,1,0,0,1,1,1,1,1,1,1,1,0,0,0,1,1,0,1,1,1,1,0,0,0,0,0,0,0,0,1,1,1,0,0,1,0,1,1,0,0,1,0,1,1,0,0,1,0,0,0,0,0,0,0,1,0,1,0,0,1,0,0,1,0,0,0,0,0,0,1,0,0,0,0,0,1,1,0,0,1,0,0,1,1,0,0,0,1,0,0,0,1,0,1,1,1,0,0,0,0,0,0,1,0,0,1,0,0,1,0,1,0,0,0,0,0,1,0,1,0
1,1,0,0,0,1,1,0,0,0,0,0,0,0,0,1,1,1,0,0,0,0,0,0,0,0,0,0,0,0,1,0,0,0,1,0,0,1,1,1,0,1,1,1,0,0,0,1,1,0,0,1,0,0,0,0,0,0,0,0,0,0,1,0,0,0,0,0,1,1,0,0,0,0,0,0,0,0,0,0,0,0,0,0,0,0,0,0,0,0,0,0,0,0,0,0,0,0,0,0,0,0,0,0,0,0,0,0,0,0,0,1,0,0,0,0,0,1,0,0,0,0,0,0,1,1,0,1,1,0,0,0,0,0,0,0,0,0,0,1,0,0,0,0,0,1,0,0,0,0,1,0,1,1,0,0,0,0,0,0,0,0,0,0,0,1,1,1,1,0,0,0,0,0,0,1,1,0,1,1,0,1,0,0,0,0,1,1,0,1,0,0,0,0,0,1,0,1,0,0,0,0,0,0,0,0,0,0,0,0,0,0,0,0,0,0,0,0,0,0,0
1,1,1,0,0,1,1,1,0,0,0,0,0,0,0,1,1,1,1,0,0,1,1,1,1,0,1,0,1,1,1,0,0,1,0,0,0,1,1,1,0,1,1,1,0,0,0,1,1,0,0,0,0,0,0,0,0,0,0,0,0,0,0,1,1,0,0,0,1,0,0,1,0,0,0,0,0,1,0,0,1,0,0,0,0,1,0,0,0,0,0,0,0,0,0,0,0,0,0,0,0,0,0,0,0,1,0,1,0,0,0,1,0,0,0,0,0,1,0,0,0,0,0,0,1,1,0,1,1,0,0,0,1,0,1,0,0,0,0,1,0,0,0,0,0,1,0,0,0,0,1,1,0,1,0,0,0,0,0,0,0,0,0,0,0,1,1,1,1,1,1,1,1,0,0,1,1,0,1,1,0,1,0,0,0,0,1,1,1,1,1,0,1,0,1,0,0,1,0,1,1,0,0,0,0,0,0,0,0,0,0,0,0,0,0,0,0,0,0,0,0
1,1,1,0,0,1,1,1,0,0,0,0,0,0,0,1,1,1,1,0,0,1,1,1,1,0,1,0,1,1,1,0,0,1,0,0,0,1,1,1,0,1,1,1,0,0,0,1,1,0,0,0,0,0,0,0,0,0,0,0,0,0,0,1,1,0,0,0,1,0,0,0,0,0,0,0,0,0,0,0,0,0,0,0,0,0,0,0,0,0,0,0,0,0,0,0,0,0,0,0,0,0,0,0,0,1,0,0,0,0,0,1,0,0,0,0,0,1,0,0,0,0,0,0,1,1,0,1,1,0,0,0,0,0,0,0,0,0,0,1,0,0,0,0,0,1,0,0,0,0,1,1,0,1,0,0,0,0,0,0,0,0,0,0,0,1,1,1,1,0,1,0,0,0,0,1,1,0,1,1,0,1,0,0,0,0,1,1,0,1,1,0,0,0,0,0,0,1,0,1,1,0,0,0,0,0,0,0,0,0,0,0,0,0,0,0,0,0,0,0,0
1,1,1,1,0,1,1,1,0,1,0,0,0,0,0,1,1,1,1,0,1,1,1,1,1,1,1,1,1,1,1,0,1,1,0,0,0,0,1,1,1,1,1,1,1,1,1,1,1,0,0,1,0,1,1,0,0,1,1,1,1,1,0,1,1,1,0,1,1,0,1,1,1,1,0,1,0,1,0,1,1,0,0,1,0,1,0,1,1,1,1,1,0,0,0,1,1,1,1,1,1,1,0,0,1,1,1,1,0,1,1,1,1,1,1,1,1,1,1,1,1,1,0,1,1,1,0,1,1,1,1,1,1,0,1,1,1,1,1,1,0,1,1,1,1,1,1,1,0,0,1,1,0,1,1,1,0,1,1,1,1,1,1,1,0,1,0,1,1,1,1,1,1,1,0,1,1,1,1,1,1,1,0,1,1,0,1,0,1,1,1,0,1,1,0,1,1,1,1,1,1,0,0,1,1,0,0,1,1,0,1,1,1,0,1,0,1,0,1,1,1
1,1,1,1,0,1,1,1,0,1,0,0,0,0,0,1,1,1,1,0,1,1,1,1,1,1,1,1,1,1,1,0,1,1,0,0,0,0,1,1,1,1,1,1,1,1,1,1,1,0,0,1,0,1,1,0,0,1,1,1,1,1,0,1,1,1,0,1,1,0,1,1,1,1,0,1,0,1,0,1,1,0,0,1,0,1,0,1,1,1,1,1,0,0,0,1,1,1,1,1,1,1,0,0,1,1,1,1,0,1,1,1,1,1,1,1,1,1,1,1,1,1,0,1,1,1,0,1,1,1,1,1,1,0,1,1,1,1,1,1,0,1,1,1,1,1,1,1,0,0,1,1,0,1,1,1,0,1,1,1,1,1,1,1,0,1,0,1,1,1,1,1,1,1,0,1,1,1,1,1,1,1,0,1,1,0,1,0,1,1,1,0,1,1,0,1,1,1,1,1,1,0,0,1,1,0,0,1,1,0,1,1,1,0,1,0,1,0,1,1,1
1,1,1,1,0,1,1,1,0,1,0,0,0,0,0,1,1,1,1,0,1,1,1,1,1,1,1,1,1,1,1,0,1,1,0,0,0,0,1,1,1,1,1,1,1,1,1,1,1,0,0,1,0,1,1,0,0,1,1,1,1,1,0,1,1,1,0,1,1,0,1,1,1,1,0,1,0,1,0,1,1,0,0,1,0,1,0,1,1,1,1,1,0,0,0,1,1,1,1,1,1,1,0,0,1,1,1,1,0,1,1,1,1,1,1,1,1,1,1,1,1,1,0,1,1,1,0,1,1,1,1,1,1,0,1,1,1,1,1,1,0,1,1,1,1,1,1,1,0,0,1,1,0,1,1,1,0,1,1,1,1,1,1,1,0,1,0,1,1,1,1,1,1,1,0,1,1,1,1,1,1,1,0,1,1,0,1,0,1,1,1,0,1,1,0,1,1,1,1,1,1,0,0,1,1,0,0,1,1,0,1,1,1,0,1,0,1,0,1,1,1
0,1,0,1,0,1,1,0,0,0,1,0,1,1,0,0,0,1,1,0,0,0,0,0,0,0,1,0,0,0,1,0,0,0,0,0,0,0,0,0,0,1,0,1,0,0,0,1,0,0,0,1,0,0,0,0,0,0,0,0,0,0,1,0,0,0,0,0,0,0,0,1,0,0,0,0,0,1,0,0,1,0,0,0,0,1,0,0,1,0,0,0,0,0,0,1,0,0,0,0,0,0,0,0,0,0,0,1,0,0,0,1,0,0,0,0,0,0,1,0,1,0,0,0,0,0,0,0,0,0,0,0,1,0,0,0,0,0,0,0,0,1,0,0,0,0,0,1,0,0,0,0,0,0,0,0,0,1,0,0,1,0,0,1,0,0,0,0,0,0,0,1,1,0,0,0,1,0,0,0,0,0,0,1,1,0,0,0,1,0,0,0,1,0,0,1,0,0,0,0,0,0,0,1,0,0,1,0,0,1,0,0,0,0,0,0,0,1,0,0,0
0,1,0,1,0,1,1,0,0,0,1,0,1,1,0,0,0,1,1,0,0,0,0,0,0,0,1,0,0,0,1,0,0,0,0,0,0,0,0,0,0,1,0,1,0,0,0,1,0,0,0,1,0,0,0,0,0,0,0,0,0,0,1,0,0,0,0,0,0,0,0,1,0,0,0,0,0,1,0,0,1,0,0,0,0,1,0,0,1,0,0,0,0,0,0,1,0,0,0,0,0,0,0,0,0,0,0,1,0,0,0,1,0,0,0,0,0,0,1,0,1,0,0,0,0,0,0,0,0,0,0,0,1,0,0,0,0,0,0,0,0,1,0,0,0,0,0,1,0,0,0,0,0,0,0,0,0,1,0,0,1,0,0,1,0,0,0,0,0,0,0,1,1,0,0,0,1,0,0,0,0,0,0,1,1,0,0,0,1,0,0,0,1,0,0,1,0,0,0,0,0,0,0,1,0,0,1,0,0,1,0,0,0,0,0,0,0,1,0,0,0
1,1,1,1,0,1,1,1,0,1,0,0,0,0,0,1,1,1,1,0,1,1,1,1,1,1,1,1,1,1,1,0,1,1,0,0,0,0,1,1,1,1,1,1,1,1,1,1,1,0,0,1,0,1,1,0,0,1,1,1,1,1,0,1,1,1,0,1,1,0,1,1,1,1,0,1,0,1,0,1,1,0,0,1,0,1,0,1,1,1,1,1,0,0,0,1,1,1,1,1,1,1,0,0,1,1,1,1,0,1,1,1,1,1,1,1,1,1,1,1,1,1,0,1,1,1,0,1,1,1,1,1,1,0,1,1,1,1,1,1,0,1,1,1,1,1,1,1,0,0,1,1,0,1,1,1,0,1,1,1,1,1,1,1,0,1,0,1,1,1,1,1,1,1,0,1,1,1,1,1,1,1,0,1,1,0,1,0,1,1,1,0,1,1,0,1,1,1,1,1,1,0,0,1,1,0,0,1,1,0,1,1,1,0,1,0,1,0,1,1,1
0,1,0,1,0,1,1,0,0,0,1,0,1,1,0,0,0,1,1,0,0,0,0,0,0,0,1,0,0,0,1,0,0,0,0,0,0,0,0,0,0,1,0,1,0,0,0,1,0,0,0,1,0,0,0,0,0,0,0,0,0,0,1,0,0,0,0,0,0,0,0,1,0,0,0,0,0,1,0,0,1,0,0,0,0,1,0,0,1,0,0,0,0,0,0,1,0,0,0,0,0,0,0,0,0,0,0,1,0,0,0,1,0,0,0,0,0,0,1,0,1,0,0,0,0,0,0,0,0,0,0,0,1,0,0,0,0,0,0,0,0,1,0,0,0,0,0,1,0,0,0,0,0,0,0,0,0,1,0,0,1,0,0,1,0,0,0,0,0,0,0,1,1,0,0,0,1,0,0,0,0,0,0,1,1,0,0,0,1,0,0,0,1,0,0,1,0,0,0,0,0,0,0,1,0,0,1,0,0,1,0,0,0,0,0,0,0,1,0,0,0
0,1,0,1,0,1,1,0,0,0,1,0,1,1,0,0,0,1,1,0,0,0,0,0,0,0,1,0,0,0,1,0,0,0,0,0,0,0,0,0,0,1,0,1,0,0,0,1,0,0,0,1,0,0,0,0,0,0,0,0,0,0,1,0,0,0,0,0,0,0,0,1,0,0,0,0,0,1,0,0,1,0,0,0,0,1,0,0,1,0,0,0,0,0,0,1,0,0,0,0,0,0,0,0,0,0,0,1,0,0,0,1,0,0,0,0,0,0,1,0,1,0,0,0,0,0,0,0,0,0,0,0,1,0,0,0,0,0,0,0,0,1,0,0,0,0,0,1,0,0,0,0,0,0,0,0,0,1,0,0,1,0,0,1,0,0,0,0,0,0,0,1,1,0,0,0,1,0,0,0,0,0,0,1,1,0,0,0,1,0,0,0,1,0,0,1,0,0,0,0,0,0,0,1,0,0,1,0,0,1,0,0,0,0,0,0,0,1,0,0,0
0,1,0,1,0,1,1,0,0,0,1,0,1,1,0,0,0,1,1,0,0,0,0,0,0,0,1,0,0,0,1,0,0,0,0,0,0,0,0,0,0,1,0,1,0,0,0,1,0,0,0,1,0,0,0,0,0,0,0,0,0,0,1,0,0,0,0,0,0,0,0,1,0,0,0,0,0,1,0,0,1,0,0,0,0,1,0,0,1,0,0,0,0,0,0,1,0,0,0,0,0,0,0,0,0,0,0,1,0,0,0,1,0,0,0,0,0,0,1,0,1,0,0,0,0,0,0,0,0,0,0,0,1,0,0,0,0,0,0,0,0,1,0,0,0,0,0,1,0,0,0,0,0,0,0,0,0,1,0,0,1,0,0,1,0,0,0,0,0,0,0,1,1,0,0,0,1,0,0,0,0,0,0,1,1,0,0,0,1,0,0,0,1,0,0,1,0,0,0,0,0,0,0,1,0,0,1,0,0,1,0,0,0,0,0,0,0,1,0,0,0
0,1,0,1,0,1,1,0,0,0,1,0,1,1,0,0,0,1,1,0,0,0,0,0,0,0,1,0,0,0,1,0,0,0,0,0,0,0,0,0,0,1,0,1,0,0,0,1,0,0,0,1,0,0,0,0,0,0,0,0,0,0,1,0,0,0,0,0,0,0,0,1,0,0,0,0,0,1,0,0,1,0,0,0,0,1,0,0,1,0,0,0,0,0,0,1,0,0,0,0,0,0,0,0,0,0,0,1,0,0,0,1,0,0,0,0,0,0,1,0,1,0,0,0,0,0,0,0,0,0,0,0,1,0,0,0,0,0,0,0,0,1,0,0,0,0,0,1,0,0,0,0,0,0,0,0,0,1,0,0,1,0,0,1,0,0,0,0,0,0,0,1,1,0,0,0,1,0,0,0,0,0,0,1,1,0,0,0,1,0,0,0,1,0,0,1,0,0,0,0,0,0,0,1,0,0,1,0,0,1,0,0,0,0,0,0,0,1,0,0,0
0,1,0,1,0,1,1,0,0,0,1,0,1,1,0,0,0,1,1,0,0,0,0,0,0,0,1,0,0,0,1,0,0,0,0,0,0,0,0,0,0,1,0,1,0,0,0,1,0,0,0,1,0,0,0,0,0,0,0,0,0,0,1,0,0,0,0,0,0,0,0,1,0,0,0,0,0,1,0,0,1,0,0,0,0,1,0,0,1,0,0,0,0,0,0,1,0,0,0,0,0,0,0,0,0,0,0,1,0,0,0,1,0,0,0,0,0,0,1,0,1,0,0,0,0,0,0,0,0,0,0,0,1,0,0,0,0,0,0,0,0,1,0,0,0,0,0,1,0,0,0,0,0,0,0,0,0,1,0,0,1,0,0,1,0,0,0,0,0,0,0,1,1,0,0,0,1,0,0,0,0,0,0,1,1,0,0,0,1,0,0,0,1,0,0,1,0,0,0,0,0,0,0,1,0,0,1,0,0,1,0,0,0,0,0,0,0,1,0,0,0
0,1,0,1,0,1,1,0,0,0,1,0,1,1,0,0,0,1,1,0,0,0,0,0,0,0,1,0,0,0,1,0,0,0,0,0,0,0,0,0,0,1,0,1,0,0,0,1,0,0,0,1,0,0,0,0,0,0,0,0,0,0,1,0,0,0,0,0,0,0,0,1,0,0,0,0,0,1,0,0,1,0,0,0,0,1,0,0,1,0,0,0,0,0,0,1,0,0,0,0,0,0,0,0,0,0,0,1,0,0,0,1,0,0,0,0,0,0,1,0,1,0,0,0,0,0,0,0,0,0,0,0,1,0,0,0,0,0,0,0,0,1,0,0,0,0,0,1,0,0,0,0,0,0,0,0,0,1,0,0,1,0,0,1,0,0,0,0,0,0,0,1,1,0,0,0,1,0,0,0,0,0,0,1,1,0,0,0,1,0,0,0,1,0,0,1,0,0,0,0,0,0,0,1,0,0,1,0,0,1,0,0,0,0,0,0,0,1,0,0,0
0,1,0,1,0,1,1,0,0,1,1,0,1,1,0,0,0,1,1,0,0,0,0,0,0,0,1,0,0,0,1,0,1,0,0,0,0,0,0,0,1,1,0,1,0,0,1,1,0,0,0,1,0,0,0,0,0,0,0,0,0,0,1,0,0,0,0,0,0,0,0,1,0,0,0,0,0,1,0,0,1,0,0,0,0,1,0,0,1,0,0,0,0,0,0,1,0,0,1,0,1,0,0,0,0,0,0,1,0,0,0,1,0,0,0,0,0,0,1,1,1,0,0,0,0,0,0,0,0,0,0,0,1,0,0,0,0,1,0,0,0,1,1,0,0,0,0,1,0,0,0,0,0,0,0,0,0,1,0,0,1,0,0,1,0,0,0,0,0,0,0,1,1,0,0,0,1,0,0,0,0,0,0,1,1,0,0,0,1,0,0,0,1,0,0,1,0,0,0,0,0,0,0,1,0,0,1,0,0,1,0,0,0,0,0,0,0,1,0,0,0
0,1,0,1,0,1,1,0,0,1,1,0,1,1,0,0,0,1,1,0,0,0,0,0,0,0,1,0,0,0,1,0,1,0,0,0,0,0,0,0,1,1,0,1,0,0,1,1,0,0,0,1,0,0,0,0,0,0,0,0,0,0,1,0,0,0,0,0,0,0,0,1,0,0,0,0,0,1,0,0,1,0,0,0,0,1,0,0,1,0,0,0,0,0,0,1,0,0,1,0,1,0,0,0,0,0,0,1,0,0,0,1,0,0,0,0,0,0,1,1,1,0,0,0,0,0,0,0,0,0,0,0,1,0,0,0,0,1,0,0,0,1,1,0,0,0,0,1,0,0,0,0,0,0,0,0,0,1,0,0,1,0,0,1,0,0,0,0,0,0,0,1,1,0,0,0,1,0,0,0,0,0,0,1,1,0,0,0,1,0,0,0,1,0,0,1,0,0,0,0,0,0,0,1,0,0,1,0,0,1,0,0,0,0,0,0,0,1,0,0,0
0,1,0,1,0,1,1,0,0,1,1,0,1,1,0,0,0,1,1,0,0,0,0,0,0,0,1,0,0,0,1,0,1,0,0,0,0,0,0,0,1,1,0,1,0,0,1,1,0,0,0,1,0,0,0,0,0,0,0,0,0,0,1,0,0,0,0,0,0,0,0,1,0,0,0,0,0,1,0,0,1,0,0,0,0,1,0,0,1,0,0,0,0,0,0,1,0,0,1,0,1,0,0,0,0,0,0,1,0,0,0,1,0,0,0,0,0,0,1,1,1,0,0,0,0,0,0,0,0,0,0,0,1,0,0,0,0,1,0,0,0,1,1,0,0,0,0,1,0,0,0,0,0,0,0,0,0,1,0,0,1,0,0,1,0,0,0,0,0,0,0,1,1,0,0,0,1,0,0,0,0,0,0,1,1,0,0,0,1,0,0,0,1,0,0,1,0,0,0,0,0,0,0,1,0,0,1,0,0,1,0,0,0,0,0,0,0,1,0,0,0
0,1,0,1,0,1,1,0,0,1,1,0,1,1,0,0,0,1,1,0,0,0,0,0,0,0,1,0,0,0,1,0,1,0,0,0,0,0,0,0,1,1,0,1,0,0,1,1,0,0,0,1,0,0,0,0,0,0,0,0,0,0,1,0,0,0,0,0,0,0,0,1,0,0,0,0,0,1,0,0,1,0,0,0,0,1,0,0,1,0,0,0,0,0,0,1,0,0,1,0,1,0,0,0,0,0,0,1,0,0,0,1,0,0,0,0,0,0,1,1,1,0,0,0,0,0,0,0,0,0,0,0,1,0,0,0,0,1,0,0,0,1,1,0,0,0,0,1,0,0,0,0,0,0,0,0,0,1,0,0,1,0,0,1,0,0,0,0,0,0,0,1,1,0,0,0,1,0,0,0,0,0,0,1,1,0,0,0,1,0,0,0,1,0,0,1,0,0,0,0,0,0,0,1,0,0,1,0,0,1,0,0,0,0,0,0,0,1,0,0,0
1,1,1,1,1,1,1,1,0,0,0,0,0,0,0,0,0,0,0,0,0,0,0,0,0,0,0,0,0,0,1,0,0,1,0,0,1,1,1,0,0,1,1,1,0,0,0,1,1,0,0,1,0,0,0,0,1,0,0,0,0,0,1,1,1,0,0,0,1,0,0,1,0,0,0,0,0,1,1,0,1,0,0,0,0,1,1,0,0,0,0,0,0,0,0,0,0,0,0,0,0,0,0,0,0,1,0,1,1,0,0,1,0,0,0,0,0,0,0,0,0,0,0,0,1,0,1,0,0,0,0,0,1,0,1,0,0,0,0,0,0,0,0,0,0,0,0,1,1,0,1,1,0,0,0,0,0,0,0,0,0,0,0,0,0,1,1,0,0,1,1,1,1,0,0,0,1,0,1,0,0,0,0,0,0,0,1,0,1,0,0,0,1,0,0,1,0,0,0,0,0,0,0,1,0,0,0,0,0,0,0,0,0,0,0,0,0,0,0,0,0
1,1,1,1,1,1,1,1,0,0,0,0,0,0,0,0,0,0,0,0,0,0,0,0,0,0,0,0,0,0,1,0,0,1,0,0,1,1,1,0,0,1,1,1,0,0,0,1,1,0,0,1,0,0,0,0,1,0,0,0,0,0,1,1,1,0,0,0,1,0,0,1,0,0,0,0,0,1,1,0,1,0,0,0,0,1,1,0,0,0,0,0,0,0,0,0,0,0,0,0,0,0,0,0,0,1,0,1,1,0,0,1,0,0,0,0,0,0,0,0,0,0,0,0,1,0,1,0,0,0,0,0,1,0,1,0,0,0,0,0,0,0,0,0,0,0,0,1,1,0,1,1,0,0,0,0,0,0,0,0,0,0,0,0,0,1,1,0,0,1,1,1,1,0,0,0,1,0,1,0,0,0,0,0,0,0,1,0,1,0,0,0,1,0,0,1,0,0,0,0,0,0,0,1,0,0,0,0,0,0,0,0,0,0,0,0,0,0,0,0,0
1,1,1,1,1,1,1,1,0,1,0,0,0,0,0,0,0,0,0,0,0,0,0,0,0,0,0,0,0,0,1,0,1,1,0,0,1,1,1,0,1,1,1,1,0,0,1,1,1,0,0,1,0,0,0,0,1,0,0,0,0,0,1,1,1,0,0,0,1,0,0,1,0,0,0,0,0,1,1,0,1,0,0,0,0,1,1,0,0,0,0,0,0,0,0,0,0,0,1,0,1,0,0,0,0,1,0,1,1,0,0,1,0,0,0,0,0,0,0,1,0,0,0,0,1,0,1,0,0,0,0,0,1,0,1,0,0,1,0,0,0,0,1,0,0,0,0,1,1,0,1,1,0,0,0,0,0,0,0,0,0,0,0,0,0,1,1,0,0,1,1,1,1,0,0,0,1,0,1,0,0,0,0,0,0,0,1,0,1,0,0,0,1,0,0,1,0,0,0,0,0,0,0,1,0,0,0,0,0,0,0,0,0,0,0,0,0,0,0,0,0
1,1,1,1,1,1,1,1,0,0,0,0,0,0,0,0,0,0,0,0,0,0,0,0,0,0,0,0,0,0,1,0,0,1,0,0,1,1,1,0,0,1,1,1,0,0,0,1,1,0,0,1,0,0,0,0,1,0,0,0,0,0,1,1,1,0,0,0,1,0,0,1,0,0,0,0,0,1,1,0,1,0,0,0,0,1,1,0,0,0,0,0,0,0,0,0,0,0,0,0,0,0,0,0,0,1,0,1,1,0,0,1,0,0,0,0,0,0,0,0,0,0,0,0,1,0,1,0,0,0,0,0,1,0,1,0,0,0,0,0,0,0,0,0,0,0,0,1,1,0,1,1,0,0,0,0,0,0,0,0,0,0,0,0,0,1,1,0,0,1,1,1,1,0,0,0,1,0,1,0,0,0,0,0,0,0,1,0,1,0,0,0,1,0,0,1,0,0,0,0,0,0,0,1,0,0,0,0,0,0,0,0,0,0,0,0,0,0,0,0,0
1,1,1,1,1,1,1,1,0,0,0,0,0,0,0,0,0,0,0,0,0,0,0,0,0,0,0,0,0,0,1,0,0,1,0,0,1,1,1,1,0,1,1,1,0,0,0,1,1,0,0,1,0,0,0,0,1,1,1,0,0,0,1,1,1,0,0,0,1,0,0,1,0,0,0,0,0,1,1,0,1,0,0,0,0,1,1,0,0,0,1,0,0,0,0,0,0,1,0,0,0,0,0,0,0,1,0,1,1,0,0,1,1,1,0,0,0,1,0,0,0,0,0,1,1,0,1,1,1,0,0,0,1,0,1,0,1,0,0,1,0,0,0,0,0,1,1,1,1,0,1,1,0,1,0,0,0,0,0,1,0,0,0,0,0,1,1,0,1,1,1,1,1,1,0,1,1,0,1,0,0,1,0,0,0,0,1,0,1,1,0,0,1,0,0,1,0,1,0,0,0,0,0,1,0,0,0,1,0,0,0,0,0,0,1,0,0,0,0,0,0
1,1,1,1,1,1,1,1,0,0,0,0,0,0,0,0,0,1,1,0,0,0,0,0,0,0,1,0,0,0,1,0,0,1,0,0,1,1,1,0,0,1,1,1,0,0,0,1,1,0,0,1,0,0,0,0,1,0,0,1,0,0,1,1,1,0,0,0,1,0,0,1,0,0,0,0,0,1,1,0,1,0,0,0,0,1,1,0,0,0,0,0,0,0,0,0,0,0,0,0,0,0,0,0,0,1,0,1,1,0,0,1,0,0,0,0,0,0,0,0,0,0,0,0,1,0,1,0,0,0,0,0,1,0,1,0,0,0,0,0,0,0,0,0,0,0,0,1,1,0,1,1,0,0,0,0,0,0,0,0,0,0,0,0,0,1,1,0,0,1,1,1,1,0,0,0,1,0,1,0,0,0,0,0,0,0,1,0,1,0,0,0,1,0,0,1,1,0,0,0,0,0,0,1,0,0,1,0,0,1,0,0,0,1,0,1,0,1,0,0,0
1,1,1,1,1,1,1,1,0,0,1,0,1,1,0,0,0,0,0,0,0,0,0,0,0,0,0,0,0,0,1,0,0,1,0,0,1,1,1,0,0,1,1,1,0,0,0,1,1,0,0,1,0,0,0,0,1,0,0,0,0,0,1,1,1,0,0,0,1,0,0,1,0,0,0,0,0,1,1,0,1,0,0,0,0,1,1,0,0,0,0,0,0,0,0,0,0,0,0,0,0,0,0,0,0,1,0,1,1,0,0,1,0,0,0,0,0,0,0,0,0,0,0,0,1,0,1,0,0,0,0,0,1,0,1,0,0,0,0,0,0,0,0,0,0,0,0,1,1,0,1,1,0,0,0,0,0,0,0,0,0,0,0,0,0,1,1,0,0,1,1,1,1,0,0,0,1,0,1,0,0,0,0,0,0,0,1,0,1,0,0,1,1,0,1,1,0,0,0,0,0,1,0,1,0,0,0,0,0,0,0,0,0,0,0,0,0,0,0,0,0
1,1,1,1,1,1,1,1,0,0,1,0,1,1,0,0,0,0,0,0,0,0,0,0,0,0,0,0,0,0,1,0,0,1,0,0,1,1,1,0,0,1,1,1,0,0,0,1,1,0,0,1,0,0,0,0,1,0,0,0,0,0,1,1,1,0,0,0,1,0,0,1,0,0,0,0,0,1,1,0,1,0,0,0,0,1,1,0,0,0,0,0,0,0,0,0,0,0,0,0,0,0,0,0,0,1,0,1,1,0,0,1,0,0,0,0,0,0,0,0,0,0,0,0,1,0,1,0,0,0,0,0,1,0,1,0,0,0,0,0,0,0,0,0,0,0,0,1,1,0,1,1,0,0,0,0,0,0,0,0,0,0,0,0,0,1,1,0,0,1,1,1,1,0,0,0,1,0,1,0,0,0,0,0,0,0,1,0,1,0,0,1,1,0,1,1,0,0,0,0,0,1,0,1,0,0,0,0,0,0,0,0,0,0,0,0,0,0,0,0,0
1,1,1,1,1,1,1,1,0,1,1,0,1,1,0,0,0,0,0,0,0,0,0,0,0,0,0,0,0,0,1,0,1,1,0,0,1,1,1,0,1,1,1,1,0,0,1,1,1,0,0,1,0,0,0,0,1,0,0,0,0,0,1,1,1,0,0,0,1,0,0,1,0,0,0,0,0,1,1,0,1,0,0,0,0,1,1,0,0,0,0,0,0,0,0,0,0,0,1,0,1,0,0,0,0,1,0,1,1,0,0,1,0,0,0,0,0,0,0,1,0,0,0,0,1,0,1,0,0,0,0,0,1,0,1,0,0,1,0,0,0,0,1,0,0,0,0,1,1,0,1,1,0,0,0,0,0,0,0,0,0,0,0,0,0,1,1,0,0,1,1,1,1,0,0,0,1,0,1,0,0,0,0,0,0,0,1,0,1,0,0,1,1,0,1,1,0,0,0,0,0,1,0,1,0,0,0,0,0,0,0,0,0,0,0,0,0,0,0,0,0
1,1,1,1,1,1,1,1,0,0,1,0,1,1,0,0,0,0,0,0,0,0,0,0,0,0,0,0,0,0,1,0,0,1,0,0,1,1,1,0,0,1,1,1,0,0,0,1,1,0,0,1,0,0,0,0,1,0,0,0,0,0,1,1,1,0,0,0,1,0,0,1,0,0,0,0,0,1,1,0,1,0,0,0,0,1,1,0,0,0,0,0,0,0,0,0,0,0,0,0,0,0,0,0,0,1,0,1,1,0,0,1,0,0,0,0,0,0,0,0,0,0,0,0,1,0,1,0,0,0,0,0,1,0,1,0,0,0,0,0,0,0,0,0,0,0,0,1,1,0,1,1,0,0,0,0,0,0,0,0,0,0,0,0,0,1,1,0,0,1,1,1,1,0,0,0,1,0,1,0,0,0,0,0,0,0,1,0,1,0,0,1,1,0,1,1,0,0,0,0,0,1,0,1,0,0,0,0,0,0,0,0,0,0,0,0,0,0,0,0,0
1,1,1,1,1,1,1,1,0,0,1,0,1,1,0,0,0,0,0,0,0,0,0,0,0,0,0,0,0,0,1,0,0,1,0,0,1,1,1,1,0,1,1,1,0,0,0,1,1,0,0,1,0,0,0,0,1,1,1,0,0,0,1,1,1,0,0,0,1,0,0,1,0,0,0,0,0,1,1,0,1,0,0,0,0,1,1,0,0,0,1,0,0,0,0,0,0,1,0,0,0,0,0,0,0,1,0,1,1,0,0,1,1,1,0,0,0,1,0,0,0,0,0,1,1,0,1,1,1,0,0,0,1,0,1,0,1,0,0,1,0,0,0,0,0,1,1,1,1,0,1,1,0,1,0,0,0,0,0,1,0,0,0,0,0,1,1,0,1,1,1,1,1,1,0,1,1,0,1,0,0,1,0,0,0,0,1,0,1,1,0,1,1,0,1,1,0,1,0,0,0,1,0,1,0,0,0,1,0,0,0,0,0,0,1,0,0,0,0,0,0
0,1,0,1,0,1,1,0,0,0,1,0,1,1,0,1,1,1,1,0,0,1,0,0,0,1,1,0,1,0,1,0,0,1,1,0,1,0,1,1,0,1,1,1,1,1,0,1,1,0,0,0,0,1,1,0,0,1,1,1,1,1,1,1,1,1,0,1,1,1,1,0,1,0,0,1,0,0,0,1,0,0,0,1,0,0,0,1,1,1,1,1,0,0,0,0,1,1,0,1,0,1,0,0,1,0,1,0,0,1,1,1,1,1,0,1,1,1,1,0,0,1,0,1,1,0,0,1,1,0,1,1,0,0,0,1,1,0,0,1,0,0,0,1,0,1,1,1,0,0,1,0,1,1,1,0,0,0,0,1,1,0,1,1,0,1,0,0,1,0,1,0,0,1,0,1,1,1,1,0,1,1,1,0,0,0,1,1,0,1,0,1,0,0,0,1,0,1,1,0,0,1,1,0,0,0,0,0,1,0,0,1,0,0,0,0,1,0,0,1,0
1,1,1,1,1,1,1,1,0,0,1,0,1,1,0,0,0,1,1,0,0,0,0,0,0,0,1,0,0,0,1,0,0,1,0,0,1,1,1,0,0,1,1,1,0,0,0,1,1,0,0,1,0,0,0,0,1,0,0,1,0,0,1,1,1,0,0,0,1,0,0,1,0,0,0,0,0,1,1,0,1,0,0,0,0,1,1,0,0,0,0,0,0,0,0,0,0,0,0,0,0,0,0,0,0,1,0,1,1,0,0,1,0,0,0,0,0,0,0,0,0,0,0,0,1,0,1,0,0,0,0,0,1,0,1,0,0,0,0,0,0,0,0,0,0,0,0,1,1,0,1,1,0,0,0,0,0,0,0,0,0,0,0,0,0,1,1,0,0,1,1,1,1,0,0,0,1,0,1,0,0,0,0,0,0,0,1,0,1,0,0,1,1,0,1,1,1,0,0,0,0,1,0,1,0,0,1,0,0,1,0,0,0,1,0,1,0,1,0,0,0
1,1,0,1,0,1,1,0,0,0,1,0,1,1,0,1,1,1,1,0,0,1,0,0,0,1,1,0,1,0,1,0,0,1,0,0,1,0,1,1,0,1,1,1,1,1,0,1,1,0,0,1,0,1,1,0,1,1,1,1,1,1,1,1,1,1,0,1,1,0,1,1,1,0,0,1,0,0,1,1,1,0,0,1,0,0,1,1,1,1,1,1,0,0,0,1,1,1,0,1,0,1,0,0,1,0,1,1,1,1,1,1,1,1,0,1,1,1,1,0,1,1,0,1,1,0,0,1,1,0,1,1,1,0,0,1,1,0,0,1,0,1,0,1,0,1,1,1,0,0,1,1,0,1,1,0,0,1,0,1,1,0,1,1,0,1,0,0,1,0,1,0,0,1,0,1,1,1,1,0,1,1,0,1,1,0,1,1,1,1,0,1,1,0,1,1,0,1,1,0,0,1,1,1,0,0,0,0,1,0,0,1,0,0,0,0,1,0,0,1,0
1,1,0,1,0,1,0,0,0,0,1,0,1,1,0,1,1,1,1,0,0,1,0,0,0,1,1,0,1,0,1,0,0,1,0,0,1,0,1,1,0,1,1,1,1,1,0,1,1,0,0,0,0,1,1,0,0,1,1,1,1,1,1,1,1,1,0,1,1,0,1,0,1,0,0,1,0,0,0,1,0,0,0,1,0,0,0,1,1,1,1,1,0,0,0,0,1,1,0,1,0,1,0,0,1,1,1,0,0,1,1,1,1,1,0,1,1,1,1,0,0,1,0,1,0,0,1,1,1,0,1,1,0,0,0,1,1,0,0,1,0,0,0,1,0,1,1,1,1,0,1,0,0,1,1,0,0,0,0,1,1,0,1,1,0,1,0,0,1,0,1,0,0,1,0,1,1,1,0,0,1,1,0,0,0,0,1,1,0,1,0,1,0,0,0,1,0,1,1,0,0,1,1,0,0,0,0,0,1,0,0,1,0,0,0,0,1,0,0,1,0
1,1,0,1,0,1,0,0,0,0,1,0,1,1,0,1,1,1,1,0,0,1,0,0,0,1,1,0,1,0,1,0,0,1,0,0,1,0,1,1,0,1,1,1,1,1,0,1,1,0,0,0,0,1,1,0,0,1,1,1,1,1,1,1,1,1,0,1,1,0,1,0,1,0,0,1,0,0,0,1,0,0,0,1,0,0,0,1,1,1,1,1,0,0,0,0,1,1,0,1,0,1,0,0,1,1,1,0,0,1,1,1,1,1,0,1,1,1,1,0,0,1,0,1,0,0,1,1,1,0,1,1,0,0,0,1,1,0,0,1,0,0,0,1,0,1,1,1,1,0,1,0,0,1,1,0,0,0,0,1,1,0,1,1,0,1,0,0,1,0,1,0,0,1,0,1,1,1,0,0,1,1,0,0,0,0,1,1,0,1,0,1,0,0,0,1,0,1,1,0,0,1,1,0,0,0,0,0,1,0,0,1,0,0,0,0,1,0,0,1,0
1,1,0,1,0,1,0,0,0,0,1,0,1,1,0,1,1,1,1,0,0,1,0,0,0,1,1,0,1,0,1,0,0,1,0,0,1,0,1,1,0,1,1,1,1,1,0,1,1,0,0,1,0,1,1,0,0,1,1,1,1,1,1,1,1,1,0,1,1,0,1,0,1,0,0,1,0,0,0,1,0,0,0,1,0,0,0,1,1,1,1,1,0,0,0,0,1,1,0,1,0,1,0,0,1,0,1,0,0,1,1,1,1,1,0,1,1,1,1,0,0,1,0,1,0,0,1,1,1,0,1,1,0,0,0,1,1,0,0,1,0,0,0,1,0,1,1,1,1,0,1,0,0,1,1,0,0,0,0,1,1,0,1,1,0,1,0,0,1,0,1,0,0,1,0,1,1,1,0,0,1,1,0,0,0,0,1,1,0,1,0,1,0,0,0,1,0,1,1,0,0,1,1,0,0,0,0,0,1,0,0,1,0,0,0,0,1,0,0,1,0
1,1,1,1,1,1,1,0,0,0,1,0,1,1,0,1,1,1,1,1,1,1,0,1,0,1,1,1,1,1,1,0,0,0,0,0,1,0,1,1,0,1,1,1,1,1,0,1,1,1,1,1,0,1,1,0,1,1,1,1,1,1,1,0,0,1,1,1,1,0,1,1,1,0,1,1,0,0,0,1,0,1,1,1,0,1,1,1,1,1,1,1,0,0,1,0,1,1,0,1,0,1,0,1,1,0,1,0,0,1,1,1,1,1,0,1,1,1,1,0,0,1,0,1,1,0,1,1,1,0,1,1,0,0,0,1,1,0,0,1,0,0,0,1,0,1,1,1,1,1,1,1,0,1,1,0,1,0,0,1,1,0,1,1,0,1,0,0,1,0,0,0,1,1,0,1,1,1,1,0,1,1,0,0,0,0,1,1,0,1,0,1,0,0,0,1,0,1,1,0,0,1,1,0,0,0,1,1,1,1,0,1,0,0,1,0,1,1,0,1,0
1,1,0,1,0,1,0,0,0,0,1,0,1,1,0,1,1,1,1,0,0,1,0,0,0,1,1,0,1,0,1,0,0,0,0,0,1,0,1,1,0,1,1,1,1,1,0,1,1,0,0,1,0,1,1,0,0,1,1,1,1,1,1,0,0,1,1,1,1,0,1,0,1,0,0,1,0,0,0,1,0,0,0,1,0,0,0,1,1,1,1,1,0,0,0,0,1,1,0,1,0,1,0,1,1,0,1,0,0,1,1,1,1,1,0,1,1,1,1,0,0,1,0,1,0,0,1,1,1,0,1,1,0,0,0,1,1,0,0,1,0,0,0,1,0,1,1,1,1,0,1,0,0,1,1,0,0,0,0,1,1,0,1,1,0,1,0,0,1,0,0,0,0,1,0,1,1,1,0,0,1,1,0,0,0,0,1,1,0,1,0,1,0,0,0,1,0,1,1,0,0,1,1,0,0,0,1,0,1,1,0,1,0,0,0,0,1,1,0,1,0
0,1,0,1,0,1,1,0,0,0,0,0,0,0,0,1,1,1,0,0,0,0,0,0,0,1,1,0,0,0,1,0,0,0,0,0,0,0,1,1,0,1,0,1,1,1,0,1,0,1,1,1,0,1,1,0,1,1,1,1,1,1,1,0,0,1,0,1,1,0,1,1,1,0,1,1,0,0,0,1,0,1,1,1,0,1,1,1,1,1,1,1,0,0,1,0,1,1,0,1,0,1,0,1,1,0,1,0,0,1,1,1,1,1,0,1,1,1,1,0,0,1,0,1,1,0,0,1,1,0,1,1,0,0,0,1,1,0,0,1,0,0,0,1,0,1,1,1,0,1,0,1,0,1,0,0,1,0,0,1,1,0,0,1,0,1,0,0,1,0,0,0,1,1,0,1,1,1,1,0,1,1,0,0,0,0,1,0,0,1,0,1,0,0,0,1,0,1,1,0,0,1,0,0,0,0,1,1,1,1,0,1,0,0,1,0,1,1,0,1,0
1,1,1,1,0,1,1,0,0,0,0,0,0,0,0,1,1,1,1,0,1,1,1,1,1,1,1,0,1,0,1,0,0,1,1,0,0,0,1,1,0,1,0,1,1,1,0,1,0,0,0,1,0,1,1,0,0,1,1,1,1,1,0,1,1,1,0,1,1,1,1,1,1,0,0,1,0,1,0,1,1,0,0,1,0,1,0,1,1,1,1,1,0,0,0,0,1,1,0,1,0,1,0,0,1,1,1,1,0,1,1,1,1,0,0,1,1,1,1,0,0,1,0,1,1,0,0,1,1,0,1,1,1,0,0,1,1,0,1,1,0,0,0,1,1,1,1,1,0,0,1,1,1,1,1,1,0,0,0,1,1,0,1,1,0,1,0,0,1,0,1,1,1,1,0,1,1,1,1,0,1,1,1,0,0,0,1,0,1,1,0,0,1,0,0,1,1,1,1,0,0,0,0,1,0,0,1,0,1,1,1,1,0,1,0,1,1,1,1,1,0
1,1,1,1,0,1,1,0,0,0,0,0,0,0,0,1,1,1,1,0,1,1,1,1,1,1,1,0,1,0,1,0,0,1,1,0,0,0,1,1,0,1,0,1,1,1,0,1,0,0,0,1,0,1,1,0,0,1,1,1,1,1,0,1,1,1,0,1,1,1,1,1,1,0,0,1,0,1,0,1,1,0,0,1,0,1,0,1,1,1,1,1,0,0,0,0,1,1,0,1,0,1,0,0,1,1,1,1,0,1,1,1,1,0,0,1,1,1,1,0,0,1,0,1,1,0,0,1,1,0,1,1,1,0,0,1,1,0,1,1,0,0,0,1,1,1,1,1,0,0,1,1,1,1,1,1,0,0,0,1,1,0,1,1,0,1,0,0,1,0,1,1,1,1,0,1,1,1,1,0,1,1,1,0,0,0,1,0,1,1,0,0,1,0,0,1,1,1,1,0,0,0,0,1,0,0,1,0,1,1,1,1,0,1,0,1,1,1,1,1,0
1,1,1,1,0,1,1,0,0,0,0,0,0,0,0,1,1,1,1,0,1,1,1,1,1,1,1,0,1,0,1,0,0,1,1,0,0,0,1,1,0,1,0,1,1,1,0,1,0,0,0,1,0,1,1,0,0,1,1,1,1,1,0,1,1,1,0,1,1,1,1,1,1,0,0,1,0,1,0,1,1,0,0,1,0,1,0,1,1,1,1,1,0,0,0,0,1,1,0,1,0,1,0,0,1,1,1,1,0,1,1,1,1,0,0,1,1,1,1,0,0,1,0,1,1,0,0,1,1,0,1,1,1,0,0,1,1,0,1,1,0,0,0,1,1,1,1,1,0,0,1,1,1,1,1,1,0,0,0,1,1,0,1,1,0,1,0,0,1,0,1,1,1,1,0,1,1,1,1,0,1,1,1,0,0,0,1,0,1,1,0,0,1,0,0,1,1,1,1,0,0,0,0,1,0,0,1,0,1,1,1,1,0,1,0,1,1,1,1,1,0
1,1,1,1,0,1,1,0,0,0,0,0,0,0,0,1,1,1,1,0,1,1,1,1,1,1,1,0,1,0,1,0,0,1,1,0,0,0,1,1,0,1,0,1,1,1,0,1,0,0,0,1,0,1,1,0,0,1,1,1,1,1,0,1,1,1,0,1,1,1,1,1,1,0,0,1,0,1,0,1,1,0,0,1,0,1,0,1,1,1,1,1,0,0,0,0,1,1,0,1,0,1,0,0,1,1,1,1,0,1,1,1,1,0,0,1,1,1,1,0,0,1,0,1,1,0,0,1,1,0,1,1,1,0,0,1,1,0,1,1,0,0,0,1,1,1,1,1,0,0,1,1,1,1,1,1,0,0,0,1,1,0,1,1,0,1,0,0,1,0,1,1,1,1,0,1,1,1,1,0,1,1,1,0,0,0,1,0,1,1,0,0,1,0,0,1,1,1,1,0,0,0,0,1,0,0,1,0,1,1,1,1,0,1,0,1,1,1,1,1,0
1,1,0,1,0,1,1,0,0,0,0,0,0,0,0,1,1,1,1,0,1,1,1,1,1,1,1,0,1,0,1,0,0,1,1,0,0,0,1,1,0,1,0,1,1,1,0,1,0,0,0,1,0,1,1,0,0,1,1,1,1,1,0,1,1,1,0,1,1,1,1,1,1,0,0,1,0,1,0,1,1,0,0,1,0,1,0,1,1,1,1,1,0,0,0,0,1,1,0,1,0,1,0,0,1,1,1,1,0,1,1,1,1,0,0,1,1,1,1,0,0,1,0,1,1,0,0,1,1,0,1,1,1,0,0,1,1,0,1,1,0,0,0,1,1,1,1,1,0,0,1,1,1,1,1,1,0,0,0,1,1,0,1,1,0,1,0,0,1,0,1,1,1,1,0,1,1,1,1,0,1,1,1,0,0,0,1,0,1,1,0,0,1,0,0,1,1,1,1,0,0,0,0,1,0,0,1,0,1,1,1,1,0,1,0,1,1,1,1,1,0
1,1,1,1,0,1,1,0,0,0,0,0,0,0,0,1,1,1,1,0,1,1,1,1,1,1,1,0,1,0,1,0,0,1,1,0,0,0,1,1,0,1,0,1,1,1,0,1,0,0,0,1,0,1,1,0,0,1,1,1,1,1,0,1,1,1,0,1,1,1,1,1,1,0,0,1,0,1,0,1,1,0,0,1,0,1,0,1,1,1,1,1,0,0,0,0,1,1,0,1,0,1,0,0,1,1,1,1,0,1,1,1,1,0,0,1,1,1,1,0,0,1,0,1,1,0,0,1,1,0,1,1,1,0,0,1,1,0,1,1,0,0,0,1,1,1,1,1,0,0,1,1,1,1,1,1,0,0,0,1,1,0,1,1,0,1,0,0,1,0,1,1,1,1,0,1,1,1,1,0,1,1,1,0,0,0,1,0,1,1,0,0,1,0,0,1,1,1,1,0,0,0,0,1,0,0,1,0,1,1,1,1,0,1,0,1,1,1,1,1,0
1,1,0,1,0,1,1,0,0,1,0,0,0,0,0,1,1,1,1,0,0,1,0,0,0,0,0,0,0,0,1,0,1,1,0,0,1,0,1,1,1,1,0,1,0,0,1,1,1,0,0,1,0,1,1,0,0,1,1,0,0,0,1,0,1,0,0,0,1,0,0,1,0,1,0,1,0,0,0,0,1,0,0,1,0,0,0,0,1,0,1,0,0,0,0,1,0,1,1,1,1,0,0,0,0,0,0,1,0,0,0,1,1,1,0,1,1,1,1,1,1,0,0,1,0,0,0,1,1,0,0,0,1,0,1,0,1,1,0,1,0,1,1,1,0,1,1,1,0,0,0,0,0,1,0,0,0,1,1,1,0,0,0,1,0,1,1,0,1,1,1,0,0,1,0,1,1,0,0,0,1,1,0,1,1,0,1,0,1,1,0,1,1,0,1,1,1,1,0,0,0,0,1,1,0,0,0,0,0,0,1,0,0,0,0,0,0,0,1,0,0
0,1,0,1,0,1,1,0,0,1,0,0,0,0,0,1,1,1,0,0,0,0,0,0,0,0,0,0,0,0,1,0,1,1,0,0,1,0,1,1,1,1,0,1,0,0,1,1,1,0,0,1,0,1,1,0,0,1,1,0,0,0,1,0,1,0,0,0,1,0,0,1,0,1,0,1,0,0,0,0,1,0,0,1,0,0,0,0,1,0,1,0,0,0,0,1,0,1,1,1,1,0,0,0,0,0,0,1,0,0,0,1,1,1,0,1,1,1,1,1,1,0,0,1,0,0,0,1,1,0,0,0,1,0,1,0,1,1,0,1,0,1,1,1,0,1,1,1,0,0,0,0,0,1,0,0,0,1,1,1,0,0,0,1,0,1,1,0,1,1,1,0,0,1,0,1,1,0,0,0,1,1,0,1,1,0,1,0,1,1,0,1,1,0,1,1,1,1,0,0,0,0,1,1,0,0,0,0,0,0,1,0,0,0,0,0,0,0,1,0,0
1,1,0,1,0,1,1,0,0,0,0,0,0,0,0,1,1,1,1,0,1,1,1,1,1,1,1,0,1,0,1,0,0,1,1,0,0,0,1,1,0,1,0,1,1,1,0,1,0,0,0,1,0,1,1,0,0,1,1,1,1,1,0,1,1,1,0,1,1,1,1,1,1,0,0,1,0,1,0,1,1,0,0,1,0,1,0,1,1,1,1,1,0,0,0,0,1,1,0,1,0,1,0,0,1,1,1,1,0,1,1,1,1,0,0,1,1,1,1,0,0,1,0,1,1,0,1,1,1,0,1,1,1,0,0,1,1,0,1,1,0,0,0,1,1,1,1,1,1,0,1,1,1,1,1,1,0,0,0,1,1,0,1,1,0,1,0,0,1,0,1,1,1,1,0,1,1,1,1,0,1,1,1,0,0,0,1,0,1,1,0,0,1,0,0,1,1,1,1,0,0,0,0,1,0,0,1,0,1,1,1,1,0,1,0,1,1,1,1,1,0
0,1,0,1,0,1,1,0,0,1,0,0,0,0,0,1,1,1,0,0,0,0,0,0,0,0,0,0,0,0,1,0,1,1,0,0,1,0,1,1,1,1,0,1,0,0,1,1,1,0,0,1,0,1,1,0,0,1,1,0,0,0,1,0,1,0,0,0,1,0,0,1,0,1,0,1,0,0,0,0,1,0,0,1,0,0,0,0,1,0,1,0,0,0,0,1,0,1,1,1,1,0,0,0,0,0,0,1,0,0,0,1,1,1,0,1,1,1,1,1,1,0,0,1,0,0,0,1,1,0,0,0,1,0,1,0,1,1,0,1,0,1,1,1,0,1,1,1,0,0,0,0,0,1,0,0,0,1,1,1,0,0,0,1,0,1,1,0,1,1,1,0,0,1,0,1,1,0,0,0,1,1,0,1,1,0,1,0,1,1,0,1,1,0,1,1,1,1,0,0,0,0,1,1,0,0,0,0,0,0,1,0,0,0,0,0,0,0,1,0,0
0,1,0,1,0,1,1,0,0,1,0,0,0,0,0,1,1,1,0,0,0,0,0,0,0,0,0,0,0,0,1,0,1,1,0,0,1,0,1,1,1,1,0,1,0,0,1,1,1,0,0,1,0,1,1,0,0,1,1,0,0,0,1,0,1,0,0,0,1,0,0,1,0,1,0,1,0,0,0,0,1,0,0,1,0,0,0,0,1,0,1,0,0,0,0,1,0,1,1,1,1,0,0,0,0,0,0,1,0,0,0,1,1,1,0,1,1,1,1,1,1,0,0,1,0,0,0,1,1,0,0,0,1,0,1,0,1,1,0,1,0,1,1,1,0,1,1,1,0,0,0,0,0,1,0,0,0,1,1,1,0,0,0,1,0,1,1,0,1,1,1,0,0,1,0,1,1,0,0,0,1,1,0,1,1,0,1,0,1,1,0,1,1,0,1,1,1,1,0,0,0,0,1,1,0,0,0,0,0,0,1,0,0,0,0,0,0,0,1,0,0
0,1,0,1,0,1,1,0,0,1,1,1,0,0,0,1,1,1,0,0,0,0,0,0,0,0,0,0,0,0,1,0,1,1,0,0,1,0,1,1,1,1,0,1,0,0,1,1,1,0,0,1,0,1,1,0,0,1,1,0,0,0,1,0,1,0,0,0,1,0,0,1,0,1,0,1,0,0,0,0,1,0,0,1,0,0,0,0,1,0,1,0,0,0,0,1,0,1,1,1,1,0,0,0,0,0,0,1,0,0,0,1,1,1,0,1,1,1,1,1,1,0,0,1,0,0,0,1,1,0,0,0,1,0,1,0,1,1,0,1,0,1,1,1,0,1,1,1,0,0,0,0,0,1,0,0,0,1,1,1,0,0,0,1,0,1,1,0,1,1,1,0,0,1,0,1,1,0,0,0,1,1,0,1,1,0,1,0,1,1,0,1,1,0,1,1,1,1,0,0,0,0,1,1,0,0,0,0,0,0,1,0,0,0,0,0,0,0,1,0,0
1,1,0,1,0,1,1,0,0,1,0,0,0,0,0,1,1,1,0,0,0,0,0,0,0,0,0,0,0,0,1,0,1,1,0,0,1,0,1,1,1,1,0,1,0,0,1,1,1,0,0,1,0,1,1,0,0,1,1,0,0,0,1,0,1,0,0,0,1,0,0,1,0,1,0,1,0,0,0,0,1,0,0,1,0,0,0,0,1,0,1,0,0,0,0,1,0,1,1,1,1,0,0,0,0,0,0,1,0,0,0,1,1,1,0,1,1,1,1,1,1,0,0,1,0,0,0,1,1,0,0,0,1,0,1,0,1,1,0,1,0,1,1,1,0,1,1,1,0,0,0,0,0,1,0,0,0,1,1,1,0,0,0,1,0,1,1,0,1,1,1,0,0,1,0,1,1,0,0,0,1,1,0,1,1,0,1,0,1,1,0,1,1,0,1,1,1,1,0,0,0,0,1,1,0,0,0,0,0,0,1,0,0,0,0,0,0,0,1,0,0
1,1,0,1,0,1,1,0,0,1,0,0,0,0,0,1,1,1,0,1,1,1,0,0,0,0,0,0,0,0,1,0,1,1,0,0,1,0,1,1,1,1,0,1,0,0,1,1,1,0,0,1,0,1,1,0,0,1,1,0,0,0,1,1,1,0,0,0,1,0,0,1,0,1,0,1,0,0,0,0,1,0,0,1,0,0,0,0,1,0,1,0,0,0,0,1,0,1,1,1,1,0,0,0,0,1,0,1,0,0,0,1,1,1,0,1,1,1,1,1,1,0,0,1,0,0,0,1,1,0,0,0,1,0,1,0,1,1,0,1,0,1,1,1,0,1,1,1,0,0,0,0,0,1,0,0,0,1,1,1,0,0,0,1,0,1,1,0,1,1,1,0,0,1,0,1,1,0,0,0,1,1,0,1,1,0,1,0,1,1,0,1,1,0,1,1,1,1,0,0,0,0,1,1,0,0,0,0,0,0,1,0,0,0,0,0,0,0,1,0,0
1,1,0,1,0,1,1,0,0,1,0,0,0,0,0,1,1,1,1,0,0,1,0,0,0,0,0,0,0,0,1,0,1,1,0,0,1,0,1,1,1,1,0,1,0,0,1,1,1,0,0,1,0,1,1,0,0,1,1,0,0,0,1,0,1,0,0,0,1,0,0,1,0,1,0,1,0,0,0,0,1,0,0,1,0,0,0,0,1,0,1,0,0,0,0,1,0,1,1,1,1,0,0,0,0,0,0,1,0,0,0,1,1,1,0,1,1,1,1,1,1,0,0,1,0,0,0,1,1,0,0,0,1,0,1,0,1,1,0,1,0,1,1,1,0,1,1,1,0,0,0,0,0,1,0,0,0,1,1,1,0,0,0,1,0,1,1,0,1,1,1,0,0,1,0,1,1,0,0,0,1,1,0,1,1,0,1,0,1,1,0,1,1,0,1,1,1,1,0,0,0,0,1,1,0,0,0,0,0,0,1,0,0,0,0,0,0,0,1,0,0
1,1,0,1,0,1,1,0,0,1,0,0,0,0,0,1,1,1,1,0,0,1,0,0,0,0,0,0,0,0,1,0,1,1,0,0,1,0,1,1,1,1,0,1,0,0,1,1,1,0,0,1,0,1,1,0,0,1,1,0,0,0,1,0,1,0,0,0,1,0,0,1,0,1,0,1,0,0,0,0,1,0,0,1,0,0,0,0,1,0,1,0,0,0,0,1,0,1,1,1,1,0,0,0,0,0,0,1,0,0,0,1,1,1,0,1,1,1,1,1,1,0,0,1,0,0,0,1,1,0,0,0,1,0,1,0,1,1,0,1,0,1,1,1,0,1,1,1,0,0,0,0,0,1,0,0,0,1,1,1,0,0,0,1,0,1,1,0,1,1,1,0,0,1,0,1,1,0,0,0,1,1,0,1,1,0,1,0,1,1,0,1,1,0,1,1,1,1,0,0,0,0,1,1,0,0,1,0,0,0,1,0,0,0,0,0,0,1,1,0,0
0,1,0,1,0,1,1,0,0,1,0,0,0,0,0,1,1,1,1,0,0,1,0,0,0,0,1,0,0,0,1,0,1,1,0,0,1,0,1,1,1,1,0,1,0,0,1,1,1,0,0,1,0,1,1,0,0,1,1,0,0,0,1,0,1,0,0,0,1,0,0,1,0,1,0,1,0,0,0,0,1,0,0,1,0,0,0,0,1,0,1,0,0,0,0,1,0,1,1,1,1,0,0,0,0,0,0,1,0,0,0,1,1,1,0,1,1,1,1,1,1,0,0,1,0,0,0,1,1,0,0,0,1,0,1,0,1,1,0,1,0,1,1,1,0,1,1,1,0,0,0,0,0,1,0,0,0,1,1,1,1,0,0,1,0,1,1,0,1,1,1,0,0,1,0,1,1,0,0,0,1,1,0,1,1,0,1,0,1,1,0,1,1,0,1,1,1,1,0,0,0,0,1,1,0,0,0,0,0,0,1,0,0,0,0,0,0,0,1,0,0
0,1,0,1,0,1,1,0,0,1,0,0,0,0,0,1,1,1,0,1,1,1,0,0,0,1,1,0,0,0,1,0,1,1,0,0,1,0,1,1,1,1,0,1,0,1,1,1,1,1,1,1,0,1,1,0,0,1,1,0,0,1,1,0,1,1,0,1,1,0,1,1,0,1,1,1,0,0,0,1,1,1,1,1,0,0,0,1,1,1,1,1,0,0,1,1,1,1,1,1,1,1,0,1,1,0,1,1,0,1,1,1,1,1,0,1,1,1,1,1,1,1,0,1,0,0,0,1,1,0,1,1,1,0,1,1,1,1,1,1,0,1,1,1,0,1,1,1,0,0,0,0,0,1,0,0,0,1,1,1,1,0,0,1,0,1,1,0,1,1,1,0,0,1,0,1,1,1,0,0,1,1,0,1,1,0,1,0,1,1,0,1,1,0,1,1,1,1,0,0,0,0,1,1,0,0,0,0,0,0,1,0,0,0,0,0,0,0,1,0,0
0,1,0,1,0,1,1,0,0,1,0,0,0,0,0,1,1,1,0,1,1,1,0,0,0,1,1,0,0,0,1,0,1,1,0,0,1,0,1,1,1,1,0,1,0,1,1,1,1,1,1,1,0,1,1,0,0,1,1,0,0,1,1,0,1,1,0,1,1,0,1,1,0,1,1,1,0,0,0,1,1,1,1,1,0,0,0,1,1,1,1,1,0,0,1,1,1,1,1,1,1,1,0,1,1,0,1,1,0,1,1,1,1,1,0,1,1,1,1,1,1,1,0,1,0,0,0,1,1,0,1,1,1,0,1,1,1,1,0,1,0,1,1,1,0,1,1,1,0,0,0,0,0,1,0,0,0,1,1,1,1,0,0,1,0,1,1,0,1,1,1,0,0,1,0,1,1,1,0,0,1,1,0,1,1,0,1,0,1,1,0,1,1,0,1,1,1,1,0,0,0,0,1,1,0,0,0,0,0,0,1,0,0,0,0,0,0,0,1,0,0
1,1,0,1,0,1,1,0,0,1,0,0,0,0,0,1,1,1,1,0,0,1,0,0,0,0,0,0,0,0,1,0,1,1,1,0,1,0,1,1,1,1,0,1,0,0,1,1,1,0,0,1,0,1,1,0,0,1,1,0,0,0,1,0,1,0,0,0,1,0,1,0,1,0,0,1,0,0,0,1,0,0,0,1,0,0,0,0,1,0,1,0,0,0,0,0,0,1,1,1,1,0,0,0,0,0,0,0,0,1,1,1,1,1,0,1,1,1,1,1,0,1,0,1,0,0,0,1,1,0,1,0,0,0,0,0,1,1,0,1,0,0,1,1,0,1,1,1,0,0,0,0,0,1,0,0,0,0,0,1,0,0,0,1,0,1,1,0,1,0,1,0,0,1,0,1,1,0,0,0,1,1,0,0,0,0,1,0,0,1,0,1,0,0,0,1,1,1,0,0,0,0,1,0,0,0,0,0,0,0,1,0,0,0,0,0,0,0,1,0,0
1,1,0,1,0,1,1,0,0,1,0,0,0,0,0,1,1,1,1,0,0,1,0,0,0,0,0,0,0,0,1,0,1,1,1,0,1,0,1,1,1,1,1,1,0,0,1,1,1,0,0,1,0,1,1,0,0,1,1,0,0,0,1,0,1,0,0,0,1,1,0,0,0,0,0,1,0,0,0,0,0,0,0,1,0,0,0,0,1,0,1,0,0,0,0,0,0,1,1,1,1,0,0,0,0,0,0,0,0,0,0,1,1,1,0,1,1,1,1,1,0,0,0,1,0,0,0,1,1,1,0,0,0,0,0,0,1,1,0,1,0,0,1,1,0,1,1,1,0,0,0,0,1,1,0,0,0,0,0,1,0,0,0,1,0,1,1,1,1,0,1,0,0,1,0,1,1,0,0,0,1,1,1,0,0,0,1,0,0,1,0,1,0,0,0,1,1,1,0,0,0,0,1,0,0,0,0,0,0,0,1,0,0,0,0,0,0,0,1,0,0
0,1,0,1,0,1,1,0,0,1,0,0,0,0,0,1,1,1,1,0,0,1,0,0,0,0,0,0,0,0,1,0,1,1,0,0,1,0,1,1,1,1,1,1,0,0,1,1,1,0,0,1,0,1,1,0,1,1,1,0,0,0,1,0,1,0,0,0,1,0,0,1,0,0,0,1,0,0,1,0,1,0,0,1,0,0,1,0,1,0,1,0,0,0,0,1,0,1,1,1,1,0,0,0,0,0,0,1,0,0,0,1,1,1,0,1,1,1,1,1,1,0,0,1,0,0,0,1,1,1,0,0,1,0,1,0,1,1,0,1,0,1,1,1,0,1,1,1,0,0,1,0,0,1,0,0,0,1,1,1,0,0,0,1,0,1,1,1,1,1,1,0,0,1,0,1,1,0,0,0,1,1,0,1,1,0,1,1,1,1,0,1,1,0,1,0,0,1,0,0,0,0,1,1,0,0,0,0,0,0,1,0,0,0,0,0,0,0,1,0,0
0,1,0,0,0,1,1,1,0,0,0,0,0,0,0,0,1,1,1,0,1,1,0,1,0,1,1,0,1,0,1,0,0,1,0,0,0,0,0,1,0,0,1,1,0,0,0,0,1,0,0,0,0,0,0,0,0,1,1,0,0,0,0,0,1,0,0,0,1,0,0,1,0,1,0,0,0,1,0,0,1,0,0,1,0,1,0,0,1,0,1,0,0,0,0,1,0,1,0,0,0,0,0,0,0,0,0,1,0,0,0,0,1,1,0,1,0,1,1,0,1,0,0,1,0,0,0,1,1,0,0,0,1,1,1,0,1,0,0,1,0,1,0,1,0,1,1,1,0,1,1,0,0,1,1,0,0,1,1,1,0,0,1,1,0,1,0,0,1,1,0,0,0,1,0,1,0,0,0,0,1,1,0,1,1,0,1,0,1,1,0,1,1,0,1,1,1,1,0,0,0,0,0,1,0,0,0,0,0,0,1,0,0,0,0,0,0,0,1,0,0
0,1,0,1,0,1,1,0,0,0,1,0,1,1,0,0,0,1,1,0,0,0,0,0,0,0,1,0,0,0,1,0,0,1,0,0,0,0,0,0,0,1,0,1,0,0,0,1,0,0,0,0,0,0,0,0,0,0,0,0,0,0,1,1,1,0,0,0,0,0,0,1,0,0,0,0,0,1,0,0,1,0,0,0,0,1,0,0,1,0,0,0,0,0,0,1,0,0,0,0,0,0,0,0,0,1,0,1,0,0,0,1,0,0,0,0,0,0,1,0,1,0,0,0,0,0,0,0,0,0,0,0,1,0,0,0,0,0,0,0,0,1,0,0,0,0,0,1,0,0,0,0,0,0,0,0,0,1,0,0,1,0,0,1,0,0,0,0,0,0,1,1,1,0,0,0,1,0,0,0,0,0,0,1,1,0,0,0,1,0,0,0,1,0,0,1,0,0,0,0,0,0,0,1,0,0,1,0,0,1,0,0,0,0,0,0,0,1,0,0,0
0,1,0,1,0,1,1,0,0,0,1,0,1,1,0,0,0,1,1,0,0,0,0,0,0,0,1,0,0,0,1,0,0,1,0,0,0,0,0,0,0,1,0,1,0,0,0,1,0,0,0,0,0,0,0,0,0,0,0,0,0,0,1,1,1,0,0,0,0,0,0,1,0,0,0,0,0,1,0,0,1,0,0,0,0,1,0,0,1,0,0,0,0,0,0,1,0,0,0,0,0,0,0,0,0,1,0,1,0,0,0,1,0,0,0,0,0,0,1,0,1,0,0,0,0,0,0,0,0,0,0,0,1,0,0,0,0,0,0,0,0,1,0,0,0,0,0,1,0,0,0,0,0,0,0,0,0,1,0,0,1,0,0,1,0,0,0,0,0,0,1,1,1,0,0,0,1,0,0,0,0,0,0,1,1,0,0,0,1,0,0,0,1,0,0,1,0,0,0,0,0,0,0,1,0,0,1,0,0,1,0,0,0,0,0,0,0,1,0,0,0
0,1,0,1,0,1,1,0,0,0,1,0,1,1,0,0,0,1,1,0,0,0,0,0,0,0,1,0,0,0,1,0,0,1,0,0,0,0,0,0,0,1,0,1,0,0,0,1,0,0,0,0,0,0,0,0,0,0,0,0,0,0,1,1,1,0,0,0,0,0,0,1,0,0,0,0,0,1,0,0,1,0,0,0,0,1,0,0,1,0,0,0,0,0,0,1,0,0,0,0,0,0,0,0,0,1,0,1,0,0,0,1,0,0,0,0,0,0,1,0,1,0,0,0,0,0,0,0,0,0,0,0,1,0,0,0,0,0,0,0,0,1,0,0,0,0,0,1,0,0,0,0,0,0,0,0,0,1,0,0,1,0,0,1,0,0,0,0,0,0,1,1,1,0,0,0,1,0,0,0,0,0,0,1,1,0,0,0,1,0,0,0,1,0,0,1,0,0,0,0,0,0,0,1,0,0,1,0,0,1,0,0,0,0,0,0,0,1,0,0,0
0,1,0,1,0,1,1,0,0,0,1,0,1,1,0,0,0,1,1,0,0,0,0,0,0,0,1,0,0,0,1,0,0,1,0,0,0,0,0,0,0,1,0,1,0,0,0,1,0,0,0,0,0,0,0,0,0,0,0,0,0,0,1,1,1,0,0,0,0,0,0,1,0,0,0,0,0,1,0,0,1,0,0,0,0,1,0,0,1,0,0,0,0,0,0,1,0,0,0,0,0,0,0,0,0,1,0,1,0,0,0,1,0,0,0,0,0,0,1,0,1,0,0,0,0,0,0,0,0,0,0,0,1,0,0,0,0,0,0,0,0,1,0,0,0,0,0,1,0,0,0,0,0,0,0,0,0,1,0,0,1,0,0,1,0,0,0,0,0,0,1,1,1,0,0,0,1,0,0,0,0,0,0,1,1,0,0,0,1,0,0,0,1,0,0,1,0,0,0,0,0,0,0,1,0,0,1,0,0,1,0,0,0,0,0,0,0,1,0,0,0
0,1,0,1,0,1,1,0,0,0,1,0,1,1,0,0,0,1,1,0,0,0,0,0,0,0,1,0,0,0,1,0,0,1,0,0,0,0,0,0,0,1,0,1,0,0,0,1,0,0,0,0,0,0,0,0,0,0,0,0,0,0,1,1,1,0,0,0,0,0,0,1,0,0,0,0,0,1,0,0,1,0,0,0,0,1,0,0,1,0,0,0,0,0,0,1,0,0,0,0,0,0,0,0,0,1,0,1,0,0,0,1,0,0,0,0,0,0,1,0,1,0,0,0,0,0,0,0,0,0,0,0,1,0,0,0,0,0,0,0,0,1,0,0,0,0,0,1,0,0,0,0,0,0,0,0,0,1,0,0,1,0,0,1,0,0,0,0,0,0,1,1,1,0,0,0,1,0,0,0,0,0,0,1,1,0,0,0,1,0,0,0,1,0,0,1,0,0,0,0,0,0,0,1,0,0,1,0,0,1,0,0,0,0,0,0,0,1,0,0,0
0,1,0,1,0,1,1,0,0,0,1,0,1,1,0,0,0,1,1,0,0,0,0,0,0,0,1,0,0,0,1,0,0,1,0,0,0,0,0,0,0,1,0,1,0,0,0,1,0,0,0,0,0,0,0,0,0,0,0,0,0,0,1,1,1,0,0,0,0,0,0,1,0,0,0,0,0,1,0,0,1,0,0,0,0,1,0,0,1,0,0,0,0,0,0,1,0,0,0,0,0,0,0,0,0,1,0,1,0,0,0,1,0,0,0,0,0,0,1,0,1,0,0,0,0,0,0,0,0,0,0,0,1,0,0,0,0,0,0,0,0,1,0,0,0,0,0,1,0,0,0,0,0,0,0,0,0,1,0,0,1,0,0,1,0,0,0,0,0,0,1,1,1,0,0,0,1,0,0,0,0,0,0,1,1,0,0,0,1,0,0,0,1,0,0,1,0,0,0,0,0,0,0,1,0,0,1,0,0,1,0,0,0,0,0,0,0,1,0,0,0
0,1,0,1,0,1,1,0,0,0,1,0,1,1,0,0,0,1,1,0,0,0,0,0,0,0,1,0,0,0,1,0,0,1,0,0,0,0,0,0,0,1,0,1,0,0,0,1,0,0,0,0,0,0,0,0,0,0,0,0,0,0,1,1,1,0,0,0,0,0,0,1,0,0,0,0,0,1,0,0,1,0,0,0,0,1,0,0,1,0,0,0,0,0,0,1,0,0,0,0,0,0,0,0,0,1,0,1,0,0,0,1,0,0,0,0,0,0,1,0,1,0,0,0,0,0,0,0,0,0,0,0,1,0,0,0,0,0,0,0,0,1,0,0,0,0,0,1,0,0,0,0,0,0,0,0,0,1,0,0,1,0,0,1,0,0,0,0,0,0,1,1,1,0,0,0,1,0,0,0,0,0,0,1,1,0,0,0,1,0,0,0,1,0,0,1,0,0,0,0,0,0,0,1,0,0,1,0,0,1,0,0,0,0,0,0,0,1,0,0,0
0,1,0,1,0,1,1,0,0,0,1,0,1,1,0,0,0,1,1,0,0,0,0,0,0,0,1,0,0,0,1,0,0,1,0,0,0,0,0,0,0,1,0,1,0,0,0,1,0,0,0,0,0,0,0,0,0,0,0,0,0,0,1,1,1,0,0,0,0,0,0,1,0,0,0,0,0,1,0,0,1,0,0,0,0,1,0,0,1,0,0,0,0,0,0,1,0,0,0,0,0,0,0,0,0,1,0,1,0,0,0,1,0,0,0,0,0,0,1,0,1,0,0,0,0,0,0,0,0,0,0,0,1,0,0,0,0,0,0,0,0,1,0,0,0,0,0,1,0,0,0,0,0,0,0,0,0,1,0,0,1,0,0,1,0,0,0,0,0,0,1,1,1,0,0,0,1,0,0,0,0,0,0,1,1,0,0,0,1,0,0,0,1,0,0,1,0,0,0,0,0,0,0,1,0,0,1,0,0,1,0,0,0,0,0,0,0,1,0,0,0
0,1,0,1,0,1,1,0,0,0,1,0,1,1,0,0,0,1,1,0,0,0,0,0,0,0,1,0,0,0,1,0,0,1,0,0,0,0,0,0,0,1,0,1,0,0,0,1,0,0,0,0,0,0,0,0,0,0,0,0,0,0,1,1,1,0,0,0,0,0,0,1,0,0,0,0,0,1,0,0,1,0,0,0,0,1,0,0,1,0,0,0,0,0,0,1,0,0,0,0,0,0,0,0,0,1,0,1,0,0,0,1,0,0,0,0,0,0,1,0,1,0,0,0,0,0,0,0,0,0,0,0,1,0,0,0,0,0,0,0,0,1,0,0,0,0,0,1,0,0,0,0,0,0,0,0,0,1,0,0,1,0,0,1,0,0,0,0,0,0,1,1,1,0,0,0,1,0,0,0,0,0,0,1,1,0,0,0,1,0,0,0,1,0,0,1,0,0,0,0,0,0,0,1,0,0,1,0,0,1,0,0,0,0,0,0,0,1,0,0,0
0,1,0,1,0,1,1,0,0,0,1,0,1,1,0,0,0,1,1,0,0,0,0,0,0,0,1,0,0,0,1,0,0,1,0,0,0,0,0,0,0,1,0,1,0,0,0,1,0,0,0,0,0,0,0,0,0,0,0,0,0,0,1,1,1,0,0,0,0,0,0,1,0,0,0,0,0,1,0,0,1,0,0,0,0,1,0,0,1,0,0,0,0,0,0,1,0,0,0,0,0,0,0,0,0,1,0,1,0,0,0,1,0,0,0,0,0,0,1,0,1,0,0,0,0,0,0,0,0,0,0,0,1,0,0,0,0,0,0,0,0,1,0,0,0,0,0,1,0,0,0,0,0,0,0,0,0,1,0,0,1,0,0,1,0,0,0,0,0,0,1,1,1,0,0,0,1,0,0,0,0,0,0,1,1,0,0,0,1,0,0,0,1,0,0,1,0,0,0,0,0,0,0,1,0,0,1,0,0,1,0,0,0,0,0,0,0,1,0,0,0
0,1,0,1,0,1,1,0,0,0,1,0,1,1,0,0,0,1,1,0,0,0,0,0,0,0,1,0,0,0,1,0,0,1,0,0,0,0,0,0,0,1,0,1,0,0,0,1,0,0,0,0,0,0,0,0,0,0,0,0,0,0,1,1,1,0,0,0,0,0,0,1,0,0,0,0,0,1,0,0,1,0,0,0,0,1,0,0,1,0,0,0,0,0,0,1,0,0,0,0,0,0,0,0,0,1,0,1,0,0,0,1,0,0,0,0,0,0,1,0,1,0,0,0,0,0,0,0,0,0,0,0,1,0,0,0,0,0,0,0,0,1,0,0,0,0,0,1,0,0,0,0,0,0,0,0,0,1,0,0,1,0,0,1,0,0,0,0,0,0,1,1,1,0,0,0,1,0,0,0,0,0,0,1,1,0,0,0,1,0,0,0,1,0,0,1,0,0,0,0,0,0,0,1,0,0,1,0,0,1,0,0,0,0,0,0,0,1,0,0,0
0,1,0,1,0,1,1,0,0,0,1,0,1,1,0,0,0,1,1,0,0,0,0,0,0,0,1,0,0,0,1,0,0,1,0,0,0,0,0,0,0,1,0,1,0,0,0,1,0,0,0,0,0,0,0,0,0,0,0,0,0,0,1,1,1,0,0,0,0,0,0,1,0,0,0,0,0,1,0,0,1,0,0,0,0,1,0,0,1,0,0,0,0,0,0,1,0,0,0,0,0,0,0,0,0,1,0,1,0,0,0,1,0,0,0,0,0,0,1,0,1,0,0,0,0,0,0,0,0,0,0,0,1,0,0,0,0,0,0,0,0,1,0,0,0,0,0,1,0,0,0,0,0,0,0,0,0,1,0,0,1,0,0,1,0,0,0,0,0,0,1,1,1,0,0,0,1,0,0,0,0,0,0,1,1,0,0,0,1,0,0,0,1,0,0,1,0,0,0,0,0,0,0,1,0,0,1,0,0,1,0,0,0,0,0,0,0,1,0,0,0
0,1,0,1,0,1,1,0,0,0,1,0,1,1,0,0,0,1,1,0,0,0,0,0,0,0,1,0,0,0,1,0,0,1,0,0,0,0,0,0,0,1,0,1,0,0,0,1,0,0,0,0,0,0,0,0,0,0,0,0,0,0,1,1,1,0,0,0,0,0,0,1,0,0,0,0,0,1,0,0,1,0,0,0,0,1,0,0,1,0,0,0,0,0,0,1,0,0,0,0,0,0,0,0,0,1,0,1,0,0,0,1,0,0,0,0,0,0,1,0,1,0,0,0,0,0,0,0,0,0,0,0,1,0,0,0,0,0,0,0,0,1,0,0,0,0,0,1,0,0,0,0,0,0,0,0,0,1,0,0,1,0,0,1,0,0,0,0,0,0,1,1,1,0,0,0,1,0,0,0,0,0,0,1,1,0,0,0,1,0,0,0,1,0,0,1,0,0,0,0,0,0,0,1,0,0,1,0,0,1,0,0,0,0,0,0,0,1,0,0,0
0,1,0,1,0,1,1,0,0,0,1,0,1,1,0,0,0,1,1,0,0,0,0,0,0,0,1,0,0,0,1,0,0,1,0,0,0,0,0,0,0,1,0,1,0,0,0,1,0,0,0,0,0,0,0,0,0,0,0,0,0,0,1,1,1,0,0,0,0,0,0,1,0,0,0,0,0,1,0,0,1,0,0,0,0,1,0,0,1,0,0,0,0,0,0,1,0,0,0,0,0,0,0,0,0,1,0,1,0,0,0,1,0,0,0,0,0,0,1,0,1,0,0,0,0,0,0,0,0,0,0,0,1,0,0,0,0,0,0,0,0,1,0,0,0,0,0,1,0,0,0,0,0,0,0,0,0,1,0,0,1,0,0,1,0,0,0,0,0,0,1,1,1,0,0,0,1,0,0,0,0,0,0,1,1,0,0,0,1,0,0,0,1,0,0,1,0,0,0,0,0,0,0,1,0,0,1,0,0,1,0,0,0,0,0,0,0,1,0,0,0
0,1,0,1,0,1,1,0,0,0,1,0,1,1,0,0,0,1,1,0,0,0,0,0,0,0,1,0,0,0,1,0,0,1,0,0,0,0,0,0,0,1,0,1,0,0,0,1,0,0,0,0,0,0,0,0,0,0,0,0,0,0,1,1,1,0,0,0,0,0,0,1,0,0,0,0,0,1,0,0,1,0,0,0,0,1,0,0,1,0,0,0,0,0,0,1,0,0,0,0,0,0,0,0,0,1,0,1,0,0,0,1,0,0,0,0,0,0,1,0,1,0,0,0,0,0,0,0,0,0,0,0,1,0,0,0,0,0,0,0,0,1,0,0,0,0,0,1,0,0,0,0,0,0,0,0,0,1,0,0,1,0,0,1,0,0,0,0,0,0,1,1,1,0,0,0,1,0,0,0,0,0,0,1,1,0,0,0,1,0,0,0,1,0,0,1,0,0,0,0,0,0,0,1,0,0,1,0,0,1,0,0,0,0,0,0,0,1,0,0,0
0,1,0,1,0,1,1,0,0,1,1,0,1,1,0,0,0,1,1,0,0,0,0,0,0,0,1,0,0,0,1,0,1,1,0,0,0,0,0,0,1,1,0,1,0,0,1,1,0,0,0,0,0,0,0,0,0,0,0,0,0,0,1,1,1,0,0,0,0,0,0,1,0,0,0,0,0,1,0,0,1,0,0,0,0,1,0,0,1,0,0,0,0,0,0,1,0,0,1,0,1,0,0,0,0,1,0,1,0,0,0,1,0,0,0,0,0,0,1,1,1,0,0,0,0,0,0,0,0,0,0,0,1,0,0,0,0,1,0,0,0,1,1,0,0,0,0,1,0,0,0,0,0,0,0,0,0,1,0,0,1,0,0,1,0,0,0,0,0,0,1,1,1,0,0,0,1,0,0,0,0,0,0,1,1,0,0,0,1,0,0,0,1,0,0,1,0,0,0,0,0,0,0,1,0,0,1,0,0,1,0,0,0,0,0,0,0,1,0,0,0
0,1,0,1,0,1,1,0,0,1,1,0,1,1,0,0,0,1,1,0,0,0,0,0,0,0,1,0,0,0,1,0,1,1,0,0,0,0,0,0,1,1,0,1,0,0,1,1,0,0,0,0,0,0,0,0,0,0,0,0,0,0,1,1,1,0,0,0,0,0,0,1,0,0,0,0,0,1,0,0,1,0,0,0,0,1,0,0,1,0,0,0,0,0,0,1,0,0,1,0,1,0,0,0,0,1,0,1,0,0,0,1,0,0,0,0,0,0,1,1,1,0,0,0,0,0,0,0,0,0,0,0,1,0,0,0,0,1,0,0,0,1,1,0,0,0,0,1,0,0,0,0,0,0,0,0,0,1,0,0,1,0,0,1,0,0,0,0,0,0,1,1,1,0,0,0,1,0,0,0,0,0,0,1,1,0,0,0,1,0,0,0,1,0,0,1,0,0,0,0,0,0,0,1,0,0,1,0,0,1,0,0,0,0,0,0,0,1,0,0,0
0,1,0,1,0,1,1,0,0,1,1,0,1,1,0,0,0,1,1,0,0,0,0,0,0,0,1,0,0,0,1,0,1,1,0,0,0,0,0,0,1,1,0,1,0,0,1,1,0,0,0,0,0,0,0,0,0,0,0,0,0,0,1,1,1,0,0,0,0,0,0,1,0,0,0,0,0,1,0,0,1,0,0,0,0,1,0,0,1,0,0,0,0,0,0,1,0,0,1,0,1,0,0,0,0,1,0,1,0,0,0,1,0,0,0,0,0,0,1,1,1,0,0,0,0,0,0,0,0,0,0,0,1,0,0,0,0,1,0,0,0,1,1,0,0,0,0,1,0,0,0,0,0,0,0,0,0,1,0,0,1,0,0,1,0,0,0,0,0,0,1,1,1,0,0,0,1,0,0,0,0,0,0,1,1,0,0,0,1,0,0,0,1,0,0,1,0,0,0,0,0,0,0,1,0,0,1,0,0,1,0,0,0,0,0,0,0,1,0,0,0
0,1,0,1,0,1,1,0,0,1,1,0,1,1,0,0,0,1,1,0,0,0,0,0,0,0,1,0,0,0,1,0,1,1,0,0,0,0,0,0,1,1,0,1,0,0,1,1,0,0,0,0,0,0,0,0,0,0,0,0,0,0,1,1,1,0,0,0,0,0,0,1,0,0,0,0,0,1,0,0,1,0,0,0,0,1,0,0,1,0,0,0,0,0,0,1,0,0,1,0,1,0,0,0,0,1,0,1,0,0,0,1,0,0,0,0,0,0,1,1,1,0,0,0,0,0,0,0,0,0,0,0,1,0,0,0,0,1,0,0,0,1,1,0,0,0,0,1,0,0,0,0,0,0,0,0,0,1,0,0,1,0,0,1,0,0,0,0,0,0,1,1,1,0,0,0,1,0,0,0,0,0,0,1,1,0,0,0,1,0,0,0,1,0,0,1,0,0,0,0,0,0,0,1,0,0,1,0,0,1,0,0,0,0,0,0,0,1,0,0,0
1,1,1,1,1,1,1,0,0,0,0,0,0,0,0,1,1,1,1,1,1,1,1,1,1,1,1,1,1,1,1,0,0,1,0,0,0,0,1,1,0,1,1,1,1,1,0,1,1,0,0,1,0,1,1,0,1,1,1,1,1,1,1,1,1,1,0,1,1,0,1,1,1,1,0,1,0,0,1,1,1,0,0,1,0,0,1,1,1,1,1,1,0,0,0,1,1,1,0,1,0,1,0,0,1,1,1,1,0,1,1,1,1,1,0,1,1,1,1,0,1,1,0,1,1,0,1,1,1,1,1,1,1,0,1,1,1,0,1,1,0,1,0,1,1,1,1,1,1,0,1,1,0,1,1,1,1,1,1,1,1,0,1,1,0,1,0,1,1,1,1,0,0,1,0,1,1,1,1,0,1,1,0,1,1,0,1,0,1,1,1,0,1,1,0,1,1,1,1,1,1,0,0,1,1,0,1,1,0,0,1,1,0,0,1,0,0,0,1,1,0
1,1,1,1,1,1,1,0,0,1,0,0,0,0,0,1,1,1,1,1,1,1,1,1,1,1,1,1,1,1,1,0,1,1,0,0,0,0,1,1,1,1,1,1,1,1,0,1,1,0,0,1,0,1,1,0,1,1,1,1,1,1,1,1,1,1,0,1,1,0,1,1,1,1,0,1,0,0,1,1,1,0,0,1,0,0,1,1,1,1,1,1,0,0,0,1,1,1,1,1,0,1,0,0,1,1,1,1,0,1,1,1,1,1,0,1,1,1,1,1,1,1,0,1,1,0,1,1,1,1,1,1,1,0,1,1,1,1,1,1,0,1,1,1,1,1,1,1,1,0,1,1,0,1,1,1,1,1,1,1,1,0,1,1,0,1,0,1,1,1,1,0,0,1,0,1,1,1,1,0,1,1,0,1,1,0,1,0,1,1,1,0,1,1,0,1,1,1,1,1,1,0,0,1,1,0,1,1,0,0,1,1,0,0,1,0,0,0,1,1,0
1,1,0,0,0,1,1,1,0,0,0,0,0,0,0,0,1,1,1,0,0,1,1,1,0,1,1,0,1,1,1,0,0,0,0,0,0,0,0,1,0,1,1,1,0,0,0,1,1,0,0,1,0,0,0,0,0,1,1,0,0,0,1,0,0,0,0,0,1,0,0,1,0,1,0,0,0,0,0,0,1,0,0,0,0,0,0,0,1,0,1,0,0,0,0,1,0,1,0,0,0,0,0,0,0,0,0,1,0,0,0,1,1,1,1,0,0,1,1,0,1,0,0,1,0,1,0,1,1,1,0,0,1,0,1,0,1,0,0,1,0,1,0,0,0,1,1,1,0,0,1,0,0,1,1,0,0,1,1,1,1,1,1,1,0,1,1,1,1,1,0,0,0,1,0,1,1,0,0,1,0,1,0,1,1,0,1,0,1,1,1,0,1,1,0,1,1,1,1,1,1,0,0,1,1,0,0,1,1,0,1,0,1,0,1,0,1,0,1,0,1
1,1,0,0,0,1,1,1,0,0,0,0,0,0,0,0,1,1,1,0,0,1,1,1,0,1,1,0,1,1,1,0,0,0,0,0,0,0,0,1,0,1,1,1,0,0,0,1,1,0,0,1,0,0,0,0,0,1,1,0,0,0,1,0,0,0,0,0,1,0,0,1,0,1,0,0,0,0,0,0,1,0,0,0,0,0,0,0,1,0,1,0,0,0,0,1,0,1,0,0,0,0,0,0,0,0,0,1,0,0,0,1,1,1,1,0,0,1,1,0,1,0,0,1,0,1,0,1,1,1,0,0,1,0,1,0,1,0,0,1,0,1,0,0,0,1,1,1,0,0,1,0,0,1,1,0,0,1,1,1,1,1,1,1,0,1,0,1,1,1,0,0,0,1,0,1,1,0,0,1,0,1,0,1,1,0,1,1,1,1,1,0,1,1,0,1,1,1,1,1,1,0,0,1,1,0,0,1,1,0,1,0,1,0,1,0,1,0,1,0,1
1,1,0,0,0,1,1,1,0,0,0,0,0,0,0,0,1,1,1,0,0,1,1,1,0,1,1,0,1,1,1,0,0,0,0,0,0,0,0,1,0,1,1,1,0,0,0,1,1,0,0,1,0,0,0,0,0,1,1,0,0,0,1,0,0,0,0,0,1,0,0,1,0,1,0,0,0,0,0,0,1,0,0,0,0,0,0,0,1,0,1,0,0,0,0,1,0,1,0,0,0,0,0,0,0,0,0,1,0,0,0,1,1,1,1,0,0,1,1,0,1,0,0,1,0,1,0,1,1,1,0,0,1,0,1,0,1,0,0,1,0,1,0,0,0,1,1,1,0,0,1,0,0,1,1,0,0,1,1,1,1,1,1,1,0,1,0,1,1,1,0,0,0,1,0,1,1,0,0,1,0,1,0,1,1,0,1,1,1,1,1,0,1,1,0,1,1,1,1,1,1,0,0,1,1,0,0,1,1,0,1,0,1,0,1,0,1,0,1,0,1
1,1,0,0,0,1,1,1,0,0,0,0,0,0,0,0,1,1,1,0,0,1,1,1,0,1,1,0,1,1,1,0,0,0,0,0,0,0,0,1,0,1,1,1,0,0,0,1,1,0,0,1,0,0,0,0,0,1,1,0,0,0,1,0,0,0,0,0,1,0,0,1,0,1,0,0,0,0,0,0,1,0,0,0,0,0,0,0,1,0,1,0,0,0,0,1,0,1,0,0,0,0,0,0,0,0,0,1,0,0,0,1,1,1,1,0,0,1,1,0,1,0,0,1,0,1,0,1,1,1,0,0,1,0,1,0,1,0,0,1,0,1,0,0,0,1,1,1,0,0,1,0,0,1,1,0,0,1,1,1,1,1,1,1,0,1,1,1,1,1,0,0,0,1,0,1,1,0,0,1,0,1,0,1,1,0,1,1,1,1,1,0,1,1,0,1,1,1,1,1,1,0,0,1,1,0,0,1,1,0,1,0,1,0,1,0,1,0,1,0,1
1,1,1,0,0,1,1,1,0,0,0,0,0,0,0,0,1,1,1,0,0,1,1,1,0,1,1,0,1,1,1,0,0,0,0,0,0,0,0,1,0,1,1,1,0,0,0,1,1,0,0,1,0,0,0,0,0,1,1,0,0,0,1,0,0,0,0,0,1,0,0,1,0,1,0,0,0,0,0,0,1,0,0,0,0,0,0,0,1,0,1,0,0,0,0,1,0,1,0,0,0,0,0,0,0,0,0,1,0,0,0,1,1,1,1,0,0,1,1,0,1,0,0,1,0,1,0,1,1,1,0,0,1,0,1,0,1,0,0,1,0,1,0,0,0,1,1,1,0,0,1,0,0,1,1,0,0,1,1,1,1,1,1,1,0,1,1,1,1,1,0,0,0,1,0,1,1,0,0,1,0,1,0,1,1,0,1,1,1,1,1,0,1,1,0,1,1,1,1,1,1,0,0,1,1,0,0,1,1,0,1,0,1,0,1,0,1,0,1,0,1
1,1,1,0,0,1,1,1,0,0,0,0,0,0,0,0,1,1,1,0,0,1,1,1,0,1,1,0,1,1,1,0,0,0,0,0,0,0,0,1,0,1,1,1,0,0,0,1,1,0,0,1,0,0,0,0,0,1,1,0,0,0,1,0,0,0,0,0,1,0,0,1,0,1,0,0,0,0,0,0,1,0,0,0,0,0,0,0,1,0,1,0,0,0,0,1,0,1,0,0,0,0,0,0,0,0,0,1,0,0,0,1,1,1,1,0,0,1,1,0,1,0,0,1,0,1,0,1,1,1,0,0,1,0,1,0,1,0,0,1,0,1,0,0,0,1,1,1,0,0,1,0,0,1,1,0,0,1,1,1,1,1,1,1,0,1,1,1,1,1,0,0,0,1,0,1,1,0,0,1,0,1,0,1,1,0,1,0,1,1,1,0,1,1,0,1,1,1,1,1,1,0,0,1,1,0,0,1,1,0,1,0,1,0,1,0,1,0,1,0,1
1,1,0,0,0,1,1,1,0,0,0,0,0,0,0,0,1,1,1,0,0,1,1,1,0,1,1,0,1,1,1,0,0,0,1,0,0,0,0,1,0,1,1,1,0,0,0,1,1,0,0,1,0,0,0,0,0,1,1,0,0,0,1,0,0,0,0,0,1,1,0,1,0,1,0,0,0,0,0,0,1,0,0,0,0,0,0,0,1,0,1,0,0,0,0,1,0,1,0,0,0,0,0,0,0,0,0,1,0,0,0,1,1,1,1,0,0,1,1,0,1,0,0,1,0,1,0,1,1,1,0,0,1,0,1,0,1,0,0,1,0,1,0,0,0,1,1,1,0,0,1,0,1,1,1,0,0,1,1,1,1,1,1,1,0,1,1,1,1,1,0,0,0,1,0,1,1,0,0,1,0,1,1,1,1,0,1,0,1,1,1,0,1,1,0,1,1,1,1,1,1,0,0,1,1,0,0,1,1,0,1,0,1,0,1,0,1,0,1,0,1
1,1,0,0,0,1,1,1,0,0,0,0,0,0,0,0,1,1,1,0,0,1,1,1,0,1,1,0,1,1,1,0,0,0,1,0,0,0,0,1,0,1,1,1,0,0,0,1,1,0,0,1,0,0,0,0,0,1,1,0,0,0,1,0,0,0,0,0,1,1,0,1,0,1,0,0,0,0,0,0,1,0,0,0,0,0,0,0,1,0,1,0,0,0,0,1,0,1,0,0,0,0,0,0,0,0,0,1,0,0,0,1,1,1,1,0,0,1,1,0,1,0,0,1,0,1,0,1,1,1,0,0,1,0,1,0,1,0,0,1,0,1,0,0,0,1,1,1,0,0,1,0,1,1,1,0,0,1,1,1,1,1,1,1,0,1,1,1,1,1,0,0,0,1,0,1,1,0,0,1,0,1,1,1,1,0,1,1,1,1,1,0,1,1,0,1,1,1,1,1,1,0,0,1,1,0,0,1,1,0,1,0,1,0,1,0,1,0,1,0,1
1,1,1,0,0,1,1,1,0,0,0,0,0,0,0,0,1,1,1,0,0,1,1,1,0,1,1,0,1,1,1,0,0,0,1,0,0,0,0,1,0,1,1,1,0,0,0,1,1,0,0,1,0,0,0,0,0,1,1,0,0,0,1,0,0,0,0,0,1,1,0,1,0,1,0,0,0,0,0,0,1,0,0,0,0,0,0,0,1,0,1,0,0,0,0,1,0,1,0,0,0,0,0,0,0,0,0,1,0,0,0,1,1,1,1,0,0,1,1,0,1,0,0,1,0,1,0,1,1,1,0,0,1,0,1,0,1,0,0,1,0,1,0,0,0,1,1,1,0,0,1,0,1,1,1,0,0,1,1,1,1,1,1,1,0,1,1,1,1,1,0,0,0,1,0,1,1,0,0,1,0,1,1,1,1,0,1,0,1,1,1,0,1,1,0,1,1,1,1,1,1,0,0,1,1,0,0,1,1,0,1,0,1,0,1,0,1,0,1,0,1
0,1,0,1,1,0,0,0,0,0,1,0,1,1,0,1,1,1,0,1,1,1,0,1,0,1,1,1,1,1,0,0,0,1,0,0,0,0,1,0,0,1,0,0,1,1,0,1,0,1,1,1,1,1,1,1,0,0,0,1,1,1,1,1,1,1,0,1,0,0,1,0,1,0,1,1,1,0,0,1,0,1,1,1,1,0,0,1,1,1,0,1,1,1,1,0,1,0,0,1,0,1,1,1,1,0,1,0,0,1,1,1,0,0,0,1,1,0,1,0,0,1,1,0,0,0,1,0,0,0,1,1,0,0,0,1,0,0,0,0,1,0,0,1,0,0,0,1,1,0,0,0,0,0,0,0,0,0,0,0,1,0,0,1,1,0,0,0,0,0,1,0,0,0,1,0,1,1,0,0,1,0,0,0,0,1,0,0,0,0,0,0,0,0,0,1,1,0,0,0,0,0,0,0,0,0,1,0,0,0,0,0,0,0,0,0,0,0,0,0,0
0,1,0,1,1,0,0,0,0,0,1,0,1,1,0,1,1,1,0,1,1,1,0,1,0,1,1,1,1,1,0,0,0,1,0,0,0,0,1,0,0,1,0,0,1,1,0,1,0,1,1,1,1,1,1,1,0,0,0,1,1,1,1,1,1,1,0,1,0,0,1,0,1,0,1,1,1,0,0,1,0,1,1,1,1,0,0,1,1,1,0,1,1,1,1,0,1,0,0,1,0,1,1,1,1,0,1,0,0,1,1,1,0,0,0,1,1,0,1,0,0,1,1,0,0,0,1,0,0,0,1,1,0,0,0,1,0,0,0,0,1,0,0,1,0,0,0,1,1,0,0,0,0,0,0,0,0,0,0,0,1,0,0,1,1,0,0,0,0,0,1,0,0,0,1,0,1,1,0,0,1,0,0,0,0,1,0,0,0,0,0,0,0,0,0,1,1,0,0,0,0,0,0,0,0,0,1,0,0,0,0,0,0,0,0,0,0,0,0,0,0
0,1,0,1,1,0,0,0,0,0,1,0,1,1,0,1,1,1,0,1,1,1,0,1,0,1,1,1,1,1,0,0,0,1,0,0,0,0,1,0,0,1,0,0,1,1,0,1,0,1,1,0,1,1,1,1,0,0,0,1,1,1,1,1,1,1,0,1,0,0,1,0,1,0,1,1,1,0,0,1,0,1,1,1,1,0,0,1,1,1,0,1,1,1,1,0,1,0,0,1,0,1,1,1,1,0,1,0,0,1,1,1,0,0,0,1,1,0,1,0,0,1,1,0,0,0,1,0,0,0,1,1,0,0,0,1,0,0,0,0,1,0,0,1,0,0,0,1,1,0,0,0,0,0,0,0,0,0,0,0,1,0,0,1,1,0,0,0,0,0,1,0,0,0,1,0,1,1,0,0,1,0,0,0,0,1,0,0,0,0,0,0,0,0,0,1,1,0,0,0,0,0,0,0,0,0,1,0,0,0,0,0,0,1,0,0,0,0,0,0,0
0,1,0,1,1,0,0,0,0,0,1,0,1,1,0,1,1,1,0,1,1,1,0,1,0,1,1,1,1,1,0,0,0,1,0,0,0,1,1,0,0,1,0,0,1,1,0,1,0,1,1,1,1,1,1,1,0,0,0,1,1,1,1,1,1,1,0,1,0,0,1,0,1,0,1,1,1,0,0,1,0,1,1,1,1,0,0,1,1,1,0,1,1,1,1,0,1,0,0,1,0,1,1,1,1,0,1,0,0,1,1,1,0,0,0,1,1,0,1,0,0,1,1,0,0,0,1,0,0,0,1,1,0,0,0,1,0,0,0,0,1,0,0,1,0,0,0,1,1,0,0,0,0,0,0,0,0,0,0,0,1,0,0,1,1,0,0,0,0,0,1,0,0,0,1,0,1,1,0,0,1,0,0,0,0,1,0,0,0,0,0,0,0,0,0,1,1,0,0,0,0,0,0,0,0,0,1,0,0,0,0,0,0,1,0,0,0,0,0,0,0
0,1,0,1,1,0,0,0,0,0,1,0,1,1,0,1,1,1,0,1,1,1,0,1,0,1,1,1,1,1,0,0,0,1,0,0,1,0,1,0,0,1,0,0,1,1,0,1,0,1,1,1,1,1,1,1,0,0,0,1,1,1,1,1,1,1,0,1,0,0,1,0,1,0,1,1,1,0,0,1,0,1,1,1,1,0,0,1,1,1,0,1,1,1,1,0,1,0,0,1,0,1,1,1,1,0,1,0,0,1,1,1,0,0,0,1,1,0,1,0,0,1,1,0,0,0,1,0,0,0,1,1,0,0,0,1,0,0,0,0,1,0,0,1,0,0,0,1,1,0,0,0,0,0,0,0,0,0,0,0,1,0,0,1,1,0,0,0,0,0,1,0,0,0,1,0,1,1,0,0,1,0,0,0,0,1,0,0,0,0,0,0,0,0,0,1,1,0,0,0,0,0,0,0,0,0,1,0,0,0,0,0,0,1,0,0,0,0,0,0,0
0,1,0,1,1,0,0,0,0,0,1,0,1,1,0,1,1,1,0,1,1,1,0,1,0,1,1,1,1,1,0,0,0,1,0,1,0,0,1,0,0,1,0,0,1,1,0,1,0,1,1,1,1,1,1,1,0,0,0,1,1,1,1,1,1,1,0,1,0,0,1,0,1,0,1,1,1,0,0,1,0,1,1,1,1,0,0,1,1,1,0,1,1,1,1,0,1,0,0,1,0,1,1,1,1,0,1,0,0,1,1,1,0,0,0,1,1,0,1,0,0,1,1,0,0,0,1,0,0,0,1,1,0,0,0,1,0,0,0,0,1,0,0,1,0,0,0,1,1,0,0,0,0,0,0,0,0,0,0,0,1,0,0,1,1,0,0,0,0,0,1,0,0,0,1,0,1,1,0,0,1,0,0,0,0,1,0,0,0,0,0,0,0,0,0,1,1,0,0,0,0,0,0,0,0,1,1,0,0,0,0,0,0,1,0,0,0,0,0,0,0
0,1,0,1,1,0,0,0,0,0,1,0,1,1,0,1,1,1,0,1,1,1,0,1,0,1,1,1,1,1,0,0,0,1,0,1,0,0,1,0,0,1,0,0,1,1,0,1,0,1,1,1,1,1,1,1,0,0,0,1,1,1,1,1,1,1,0,1,0,0,1,0,1,0,1,1,1,0,0,1,0,1,1,1,1,0,0,1,1,1,0,1,1,1,1,0,1,0,0,1,0,1,1,1,1,0,1,0,0,1,1,1,0,0,0,1,1,0,1,0,0,1,1,0,0,0,1,0,0,0,1,1,0,0,0,1,0,0,0,0,1,0,0,1,0,0,0,1,1,0,0,0,0,0,0,0,0,0,0,0,1,0,0,1,1,0,0,0,0,0,1,0,0,0,1,0,1,1,0,0,1,0,0,0,0,1,0,0,0,0,0,0,0,0,0,1,1,0,0,0,0,0,0,0,0,1,1,0,0,0,0,0,0,1,0,0,0,0,0,0,0
0,1,0,1,1,0,0,0,0,0,1,0,1,1,0,1,1,1,0,1,1,1,0,1,0,1,1,1,1,1,0,0,0,1,0,0,0,0,1,0,0,1,0,0,1,1,0,1,0,1,1,1,1,1,1,1,0,0,0,1,1,1,1,1,1,1,0,1,0,0,1,0,1,0,1,1,1,0,0,1,0,1,1,1,1,0,0,1,1,1,0,1,1,1,1,0,1,0,0,1,0,1,1,1,1,0,1,0,0,1,1,1,0,0,0,1,1,0,1,0,0,1,1,0,0,0,1,0,0,0,1,1,0,0,0,1,0,0,0,0,1,0,0,1,0,0,0,1,1,0,0,0,0,0,0,0,0,0,0,0,1,0,0,1,1,0,0,0,0,0,1,0,0,0,1,0,1,1,0,0,1,0,0,0,0,1,0,0,0,0,0,0,0,0,0,1,1,0,0,0,0,0,0,0,0,0,1,0,0,0,0,0,0,1,0,0,0,0,0,0,0
0,1,0,1,1,1,0,0,0,0,1,0,1,1,0,1,1,1,0,1,1,1,0,1,0,1,1,1,1,1,1,0,0,1,1,0,0,0,1,1,0,1,1,1,1,1,0,1,1,1,1,0,1,1,1,1,0,0,0,1,1,1,1,1,1,1,0,1,0,1,1,0,1,0,1,1,1,0,0,1,0,1,1,1,1,0,0,1,1,1,0,1,1,1,1,0,1,0,0,1,0,1,1,1,1,0,1,0,0,1,1,1,0,0,0,1,1,0,1,0,0,1,1,0,0,0,1,0,0,0,1,1,0,0,0,1,0,0,0,0,1,0,0,1,0,0,0,1,1,0,0,0,1,0,0,0,0,0,0,0,1,0,0,1,1,0,1,0,0,0,1,0,0,0,1,0,1,1,0,0,1,0,0,0,0,1,0,0,0,0,0,0,0,0,0,1,1,0,0,0,0,0,0,0,0,0,1,0,0,0,0,0,0,1,0,0,0,0,0,0,0
0,1,0,1,1,1,0,0,0,0,1,0,1,1,0,1,1,1,0,1,1,1,0,1,0,1,1,1,1,1,1,0,0,1,1,0,0,0,1,1,0,1,1,1,1,1,0,1,1,1,1,0,1,1,1,1,0,0,0,1,1,1,1,1,1,1,0,1,0,1,1,0,1,0,1,1,1,0,0,1,0,1,1,1,1,0,0,1,1,1,0,1,1,1,1,0,1,0,0,1,0,1,1,1,1,0,1,0,0,1,1,1,0,0,0,1,1,0,1,0,0,1,1,0,1,0,1,0,0,0,1,1,0,0,0,1,0,0,0,0,1,0,0,1,0,0,0,1,1,0,0,0,1,0,0,0,0,0,0,0,1,0,0,1,1,1,0,0,0,0,1,0,0,0,1,0,1,1,1,0,1,0,0,0,0,1,0,1,0,0,0,0,0,0,0,1,1,0,0,0,0,0,0,0,0,0,1,0,0,0,0,0,0,1,0,0,0,0,0,0,0
0,1,0,1,1,0,0,0,0,0,1,0,1,1,0,1,1,1,0,1,1,1,0,1,0,1,1,1,1,1,0,0,0,1,0,0,0,0,1,0,0,1,0,0,1,1,0,1,0,1,1,0,1,1,1,1,0,0,0,1,1,1,1,1,1,1,0,1,0,0,1,0,1,0,1,1,1,0,0,1,0,1,1,1,1,0,0,1,1,1,0,1,1,1,1,0,1,0,0,1,0,1,1,1,1,0,1,0,0,1,1,1,0,0,0,1,1,0,1,0,0,1,1,0,0,0,1,0,0,0,1,1,0,0,0,1,0,0,0,0,1,0,0,1,0,0,0,1,1,0,0,0,0,0,0,0,0,0,0,0,1,0,0,1,1,0,0,0,0,0,1,0,0,0,1,0,1,1,0,0,1,0,0,0,0,1,0,0,0,0,0,0,0,0,0,1,1,0,0,0,0,0,0,0,0,0,1,0,0,0,0,0,0,1,0,0,0,0,0,0,0
0,1,0,1,1,0,0,0,0,0,1,0,1,1,0,1,1,1,0,1,1,1,0,1,0,1,1,1,1,1,0,0,0,1,0,0,1,0,1,0,0,1,0,0,1,1,0,1,0,1,1,0,1,1,1,1,0,0,0,1,1,1,1,1,1,1,0,1,0,0,1,0,1,0,1,1,1,0,0,1,0,1,1,1,1,0,0,1,1,1,0,1,1,1,1,0,1,0,0,1,0,1,1,1,1,0,1,0,0,1,1,1,0,0,0,1,1,0,1,0,0,1,1,0,0,0,1,0,0,0,1,1,0,0,0,1,0,0,0,0,1,0,0,1,0,0,0,1,1,0,0,0,0,0,0,0,0,0,0,0,1,0,0,1,1,0,0,0,0,0,1,0,0,0,1,0,1,1,0,0,1,0,0,0,0,1,0,0,0,0,0,0,0,0,0,1,1,0,0,0,0,0,0,0,0,0,1,0,0,0,0,0,0,1,0,0,0,0,0,0,0
0,1,0,1,1,1,0,0,0,0,1,0,1,1,0,1,1,1,0,1,1,1,0,1,0,1,1,1,1,1,1,0,0,1,0,0,0,0,1,0,0,1,1,1,1,1,0,1,1,1,1,0,1,1,1,1,0,0,0,1,1,1,1,1,1,1,0,1,1,0,1,0,1,0,1,1,1,0,0,1,0,1,1,1,1,0,0,1,1,1,0,1,1,1,1,0,1,0,0,1,0,1,1,1,1,0,1,0,0,1,1,1,0,0,0,1,1,0,1,0,0,1,1,0,1,0,1,0,0,0,1,1,0,0,0,1,0,0,0,0,1,0,0,1,0,0,0,1,1,0,1,1,0,0,0,0,0,0,0,0,1,0,0,1,1,0,0,0,0,0,1,0,0,0,1,0,1,1,1,0,1,0,0,0,0,1,0,0,0,0,0,0,0,0,0,1,1,0,0,0,0,0,0,0,0,0,1,0,0,0,0,0,0,1,0,0,0,0,0,0,0
0,1,0,1,1,1,0,0,0,0,1,0,1,1,0,1,1,1,0,1,1,1,0,1,0,1,1,1,1,1,1,0,0,1,0,1,0,0,1,0,0,1,1,1,1,1,0,1,1,1,1,0,1,1,1,1,0,0,0,1,1,1,1,1,1,1,0,1,1,0,1,0,1,0,1,1,1,0,0,1,0,1,1,1,1,0,0,1,1,1,0,1,1,1,1,0,1,0,0,1,0,1,1,1,1,0,1,0,0,1,1,1,0,0,0,1,1,0,1,0,0,1,1,0,0,0,1,0,0,0,1,1,0,0,0,1,0,0,0,0,1,0,0,1,0,0,0,1,1,0,0,0,0,0,0,0,0,0,0,0,1,0,0,1,1,1,0,0,0,0,1,0,0,0,1,0,1,1,0,0,1,0,0,0,0,1,0,1,0,0,0,0,0,0,0,1,1,0,0,0,0,0,0,0,0,1,1,0,0,0,0,0,0,1,0,0,0,0,0,0,0
0,1,0,1,1,0,0,0,0,0,1,0,1,1,0,1,1,1,0,1,1,1,0,1,0,1,1,1,1,1,0,0,0,1,0,0,0,0,1,0,0,1,0,0,1,1,0,1,0,1,1,0,1,1,1,1,0,0,0,1,1,1,1,1,1,1,0,1,0,0,1,0,1,0,1,1,1,0,0,1,0,1,1,1,1,0,0,1,1,1,0,1,1,1,1,0,1,0,0,1,0,1,1,1,1,0,1,0,0,1,1,1,0,0,0,1,1,0,1,0,0,1,1,0,0,0,1,0,0,0,1,1,0,0,0,1,0,0,0,0,1,0,0,1,0,0,0,1,1,0,0,0,0,0,0,0,0,0,0,0,1,0,0,1,1,0,0,0,0,0,1,0,0,0,1,0,1,1,0,0,1,0,0,0,0,1,0,0,0,0,0,0,0,0,0,1,1,0,0,0,0,0,0,0,0,0,1,0,0,0,0,0,0,0,0,0,0,0,0,0,0
0,1,0,1,1,0,0,0,1,0,1,0,1,1,1,1,1,1,0,1,1,1,0,0,0,1,1,1,1,1,0,1,0,1,0,0,0,0,1,0,0,1,0,0,1,1,0,1,0,1,1,0,1,1,1,1,0,0,0,1,1,1,1,1,1,1,0,1,0,0,1,0,1,0,1,1,1,0,0,1,0,1,1,1,1,0,0,1,1,1,0,1,1,1,1,0,1,0,0,1,0,1,1,1,1,0,1,0,0,1,1,1,0,0,0,1,1,0,1,0,0,1,1,0,0,0,1,0,0,0,1,1,0,0,0,1,0,0,1,0,1,0,0,1,1,0,0,1,1,0,0,0,0,0,0,1,0,0,0,0,1,0,0,1,1,0,0,0,0,0,1,0,0,0,1,0,1,1,0,0,1,0,0,0,0,1,0,0,0,0,0,0,0,0,0,1,1,0,0,0,0,0,0,0,0,0,1,0,0,0,0,0,0,0,0,0,0,0,0,0,0
0,1,0,1,1,0,0,0,0,0,1,0,1,1,0,1,1,1,0,1,1,1,0,1,0,1,1,1,1,1,0,0,0,1,0,0,0,0,1,0,0,1,0,0,1,1,0,1,0,1,1,1,1,1,1,1,0,0,0,1,1,1,1,1,1,1,0,1,0,0,1,0,1,0,1,1,1,0,0,1,0,1,1,1,1,0,0,1,1,1,0,1,1,1,1,0,1,0,0,1,0,1,1,1,1,0,1,0,0,1,1,1,0,0,0,1,1,0,1,0,0,1,1,0,0,0,1,0,0,0,1,1,0,0,0,1,0,0,0,0,1,0,0,1,0,0,0,1,1,0,0,0,0,0,0,0,0,0,0,0,1,0,0,1,1,0,0,0,0,0,1,0,0,0,1,0,1,1,0,0,1,0,0,0,0,1,0,0,0,0,0,0,0,0,0,1,1,0,0,0,0,0,0,0,0,0,1,0,0,1,0,0,0,1,0,1,0,1,0,0,0
0,1,0,1,1,0,0,0,1,0,1,0,1,1,1,1,1,1,0,1,1,1,0,0,0,1,1,1,1,1,0,1,0,1,0,0,0,0,1,0,0,1,0,0,1,1,0,1,0,1,1,1,1,1,1,1,0,0,0,1,1,1,1,1,1,1,0,1,0,0,1,0,1,0,1,1,1,0,0,1,0,1,1,1,1,0,0,1,1,1,0,1,1,1,1,0,1,0,0,1,0,1,1,1,1,0,1,0,0,1,1,1,0,0,0,1,1,0,1,0,0,1,1,0,0,0,1,0,0,0,1,1,0,0,0,1,0,0,0,0,1,0,0,1,0,0,0,1,1,0,0,0,0,0,0,0,0,0,0,0,1,0,0,1,1,0,0,0,0,0,1,0,0,0,1,0,1,1,0,0,1,0,0,0,0,1,0,0,0,0,0,0,0,0,0,1,1,0,0,0,0,0,0,0,0,0,1,0,0,0,0,0,0,0,0,0,0,0,0,0,0
0,1,0,1,1,1,0,0,0,0,1,0,1,1,0,1,1,1,0,1,1,1,0,1,0,1,1,1,1,1,1,0,0,1,0,0,0,0,1,0,0,1,0,1,1,1,0,1,0,1,1,0,1,1,1,1,0,0,0,1,1,1,1,1,1,1,0,1,0,0,1,1,1,0,1,1,1,1,0,1,1,1,1,1,1,1,0,1,1,1,0,1,1,1,1,1,1,0,0,1,0,1,1,1,1,0,1,1,1,1,1,1,0,0,0,1,1,0,1,0,1,1,1,0,0,0,1,0,0,0,1,1,1,0,0,1,0,0,0,0,1,1,0,1,0,0,0,1,1,0,0,0,0,0,0,0,0,1,0,0,1,0,0,1,1,0,0,0,0,0,1,0,0,0,1,0,1,1,0,0,1,0,0,1,1,1,0,0,1,0,0,0,1,0,1,1,1,0,0,0,0,0,0,1,0,0,1,0,0,0,0,0,0,1,0,0,0,0,0,0,0
0,1,0,1,1,1,0,0,0,0,1,0,1,1,1,1,1,1,0,1,1,1,0,1,0,1,1,1,1,1,1,0,0,1,0,0,0,0,1,1,0,1,0,1,1,1,0,1,1,1,1,0,1,1,1,1,0,1,1,1,1,1,1,1,1,1,0,1,1,0,1,1,1,1,1,1,1,0,0,1,1,1,1,1,1,1,0,1,1,1,1,1,1,1,1,1,1,1,0,1,0,1,1,1,1,0,1,1,1,1,1,1,1,1,0,1,1,1,1,0,1,1,1,1,1,0,1,1,1,0,1,1,1,0,0,1,1,0,1,1,1,1,0,1,1,1,1,1,1,1,0,1,0,1,0,1,0,1,0,1,1,0,0,1,1,1,0,0,1,0,1,1,1,1,1,1,1,1,1,0,1,1,0,1,1,1,1,0,1,1,0,1,1,0,1,1,1,1,1,0,0,1,1,1,0,0,1,0,0,0,0,0,0,1,0,0,0,0,0,0,0
0,1,0,1,1,0,0,0,1,0,1,0,1,1,1,1,1,1,0,1,1,1,0,1,0,1,1,1,1,1,0,1,0,1,0,0,0,0,1,0,0,1,0,0,1,1,0,1,0,1,1,0,1,1,1,1,0,0,0,1,1,1,1,1,1,1,0,1,0,0,1,0,1,0,1,1,1,0,0,1,0,1,1,1,1,0,0,1,1,1,0,1,1,1,1,0,1,0,0,1,0,1,1,1,1,0,1,0,0,1,1,1,0,0,0,1,1,0,1,0,0,1,1,0,0,0,1,0,0,0,1,1,0,0,0,1,0,0,1,0,1,0,0,1,1,0,0,1,1,0,0,0,0,0,0,1,0,0,0,0,1,0,0,1,1,0,0,0,0,0,1,0,0,0,1,0,1,1,0,0,1,0,0,0,0,1,0,0,0,0,0,0,0,0,0,1,1,0,0,0,0,0,0,0,0,0,1,0,0,0,0,0,0,1,0,0,0,0,0,0,0
0,1,0,1,1,1,0,0,0,0,1,0,1,1,1,1,1,1,0,1,1,1,0,1,0,1,1,1,1,1,1,0,0,1,0,0,0,0,1,0,0,1,0,1,1,1,0,1,1,1,1,0,1,1,1,1,0,1,0,1,1,1,1,1,1,1,0,1,1,0,1,1,1,0,1,1,1,1,0,1,1,1,1,1,1,1,0,1,1,1,1,1,1,1,1,1,1,1,0,1,0,1,1,1,1,0,1,1,1,1,1,1,1,0,0,1,1,1,1,0,1,1,1,1,1,0,1,1,1,0,1,1,1,0,0,1,1,0,0,1,1,1,0,1,0,1,1,1,1,1,0,1,0,1,0,0,0,1,0,1,1,0,0,1,1,1,0,0,1,0,1,0,0,1,1,1,1,1,1,0,1,1,0,1,1,1,1,0,1,1,0,1,1,0,1,1,1,1,1,0,0,1,1,1,0,0,1,0,0,0,0,0,0,1,0,0,0,0,0,0,0
0,1,0,1,1,1,0,0,0,0,1,0,1,1,1,1,1,1,0,1,1,1,0,1,0,1,1,1,1,1,1,0,0,1,0,0,0,0,1,0,0,1,1,1,1,1,0,1,1,1,1,0,1,1,1,1,0,1,0,1,1,1,1,1,1,1,0,1,0,0,1,1,1,0,1,1,1,0,0,1,1,1,1,1,1,0,0,1,1,1,0,1,1,1,1,1,1,1,0,1,0,1,1,1,1,0,1,1,0,1,1,1,1,0,0,1,1,1,1,0,1,1,1,0,0,0,1,1,1,0,1,1,1,1,0,1,0,0,1,0,1,1,0,1,1,0,1,1,1,0,0,0,0,1,0,1,0,1,0,0,1,0,0,1,1,1,1,0,1,0,1,0,0,1,1,1,1,1,0,0,1,0,0,1,1,1,1,0,1,1,0,0,1,0,0,1,1,1,1,0,0,0,0,1,0,0,1,0,0,0,0,0,0,1,0,0,0,0,0,0,0
0,1,0,1,1,0,0,0,0,0,1,0,1,1,1,1,1,1,0,1,1,1,0,1,0,1,1,1,1,1,0,0,0,1,0,0,0,0,1,0,0,1,0,0,1,1,0,1,0,1,1,1,1,1,1,1,0,0,0,1,1,1,1,1,1,1,0,1,0,0,1,0,1,0,1,1,1,0,0,1,0,1,1,1,1,0,0,1,1,1,0,1,1,1,1,0,1,0,0,1,0,1,1,1,1,0,1,0,0,1,1,1,0,0,0,1,1,0,1,0,0,1,1,0,0,0,1,0,0,0,1,1,0,0,0,1,0,0,1,0,1,0,0,1,1,0,0,1,1,0,0,0,0,0,0,1,0,0,0,0,1,0,0,1,1,0,0,0,0,0,1,0,0,0,1,0,1,1,0,0,1,0,0,0,0,1,0,0,0,0,0,0,0,0,0,1,1,0,0,0,0,0,0,0,0,0,1,0,0,0,0,0,0,1,0,0,0,0,0,0,0
0,1,0,1,1,0,0,0,0,0,1,0,1,1,0,1,1,1,0,1,1,1,0,1,1,1,1,1,1,1,0,0,0,1,0,0,0,0,1,0,0,1,0,0,1,1,0,1,0,1,1,0,1,1,1,1,0,0,0,1,1,1,1,1,1,1,0,1,0,0,1,0,1,0,1,1,1,0,0,1,0,1,1,1,1,0,0,1,1,1,0,1,1,1,1,0,1,0,0,1,0,1,1,1,1,0,1,0,0,1,1,1,0,0,0,1,1,0,1,0,0,1,1,0,0,0,1,0,0,0,1,1,0,0,0,1,0,0,1,0,1,0,0,1,1,0,0,1,1,0,0,0,0,0,0,1,0,0,0,0,1,0,0,1,1,0,0,0,0,0,1,0,0,0,1,0,1,1,0,0,1,0,0,0,0,1,0,0,0,0,0,0,0,0,0,1,1,0,0,0,0,0,0,0,0,0,1,0,0,0,0,0,0,1,0,0,0,0,0,0,0
0,1,0,1,1,0,0,0,0,0,1,0,1,1,0,1,1,1,0,1,1,1,0,1,1,1,1,1,1,1,0,0,0,1,0,0,0,0,1,0,0,1,0,0,1,1,0,1,0,1,1,0,1,1,1,1,0,0,0,1,1,1,1,1,1,1,0,1,0,0,1,0,1,0,1,1,1,0,0,1,0,1,1,1,1,0,0,1,1,1,0,1,1,1,1,0,1,0,0,1,0,1,1,1,1,0,1,0,0,1,1,1,0,0,0,1,1,0,1,0,0,1,1,0,0,0,1,0,0,0,1,1,0,0,0,1,0,0,0,0,1,0,0,1,0,0,0,1,1,0,0,0,0,0,0,0,0,0,0,0,1,0,0,1,1,0,0,0,0,0,1,0,0,0,1,0,1,1,0,0,1,0,0,0,0,1,0,0,0,0,0,0,0,0,0,1,1,0,0,0,0,0,0,0,0,0,1,0,0,0,0,0,0,1,0,0,0,0,0,0,0
0,1,0,1,1,0,0,0,0,0,1,0,1,1,0,1,1,1,0,1,1,1,0,1,1,1,1,1,1,1,0,0,0,1,0,0,0,0,1,0,0,1,0,0,1,1,0,1,0,1,1,0,1,1,1,1,0,0,0,1,1,1,1,1,1,1,0,1,0,0,1,0,1,0,1,1,1,0,0,1,0,1,1,1,1,0,0,1,1,1,0,1,1,1,1,0,1,0,0,1,0,1,1,1,1,0,1,0,0,1,1,1,0,0,0,1,1,0,1,0,0,1,1,0,0,0,1,0,0,0,1,1,0,0,0,1,0,0,1,0,1,0,0,1,1,0,0,1,1,0,0,0,0,0,0,1,0,0,0,0,1,0,0,1,1,0,0,0,0,0,1,0,0,0,1,0,1,1,0,0,1,0,0,0,0,1,0,0,0,0,0,0,0,0,0,1,1,0,0,0,0,0,0,0,0,0,1,0,0,0,0,0,0,1,0,0,0,0,0,0,0
0,1,0,1,1,0,0,0,0,0,1,0,1,1,0,1,1,1,0,1,1,1,0,1,1,1,1,1,1,1,0,0,0,1,0,0,0,0,1,0,0,1,0,0,1,1,0,1,0,1,1,0,1,1,1,1,0,0,0,1,1,1,1,1,1,1,0,1,0,0,1,0,1,0,1,1,1,0,0,1,0,1,1,1,1,0,0,1,1,1,0,1,1,1,1,0,1,0,0,1,0,1,1,1,1,0,1,0,0,1,1,1,0,0,0,1,1,0,1,0,0,1,1,0,0,0,1,0,0,0,1,1,0,0,0,1,0,0,1,0,1,0,0,1,1,0,0,1,1,0,0,0,0,0,0,1,0,0,0,0,1,0,0,1,1,0,0,0,0,0,1,0,0,0,1,0,1,1,0,0,1,0,0,0,0,1,0,0,0,0,0,0,0,0,0,1,1,0,0,0,0,0,0,0,0,0,1,0,0,0,0,0,0,1,0,0,0,0,0,0,0
0,1,0,1,1,0,0,0,0,0,1,0,1,1,0,1,1,1,0,1,1,1,0,1,1,1,1,1,1,1,0,0,0,1,0,0,0,0,1,0,0,1,0,0,1,1,0,1,0,1,1,0,1,1,1,1,0,0,0,1,1,1,1,1,1,1,0,1,0,0,1,0,1,0,1,1,1,0,0,1,0,1,1,1,1,0,0,1,1,1,0,1,1,1,1,0,1,0,0,1,0,1,1,1,1,0,1,0,0,1,1,1,0,0,0,1,1,0,1,0,0,1,1,0,0,0,1,0,0,0,1,1,0,0,0,1,0,0,1,0,1,0,0,1,1,0,0,1,1,0,0,0,0,0,0,1,0,0,0,0,1,0,0,1,1,0,0,0,0,0,1,0,0,0,1,0,1,1,0,0,1,0,0,0,0,1,0,0,0,0,0,0,0,0,0,1,1,0,0,0,0,0,0,0,0,0,1,0,0,0,0,0,0,1,0,0,0,0,0,0,0
1,1,1,0,0,1,1,1,0,0,1,1,0,0,0,0,0,1,1,0,0,1,1,0,0,0,0,0,0,0,1,0,0,0,0,1,1,0,0,1,0,0,0,1,0,0,0,0,0,0,0,1,0,0,0,0,0,0,0,0,0,0,0,0,0,0,0,0,0,0,0,1,0,1,0,0,0,0,0,0,1,0,0,0,0,0,0,0,0,0,0,0,0,0,0,1,0,0,0,0,0,0,0,0,0,0,0,1,0,0,0,0,0,0,0,0,0,0,0,0,1,0,0,0,0,0,0,0,0,0,0,0,1,0,0,0,0,0,0,0,0,1,0,0,0,0,0,0,0,0,0,0,0,0,0,0,0,1,0,0,0,0,0,0,0,0,0,0,0,0,0,0,0,0,0,0,0,0,0,0,0,0,0,1,1,0,0,0,1,0,0,0,1,0,0,1,1,0,0,0,0,0,0,1,0,1,1,0,0,0,0,0,0,1,0,1,0,1,0,0,0
1,1,0,0,0,1,1,1,0,0,0,0,0,0,0,0,0,1,0,0,0,0,0,0,0,0,0,0,0,0,1,0,0,0,1,1,1,0,0,1,0,0,0,1,0,0,0,0,0,0,0,1,0,0,0,0,0,0,0,0,0,0,0,0,0,0,0,0,0,1,0,1,0,1,0,0,0,0,0,0,1,0,0,0,0,0,0,0,0,0,0,0,0,0,0,0,0,1,0,0,0,0,0,0,0,0,0,1,0,0,0,0,0,0,0,0,0,0,0,0,1,0,0,0,0,0,0,1,0,0,0,0,1,0,1,0,0,0,0,0,0,0,0,0,0,0,0,0,0,0,0,0,1,1,0,0,0,0,0,0,0,0,0,0,0,1,0,0,1,1,0,0,0,0,0,0,0,0,0,0,0,0,1,1,0,0,1,0,1,1,0,0,1,1,0,1,1,1,1,0,0,0,0,0,0,1,1,0,0,0,0,0,0,1,1,1,0,1,1,0,0
1,1,1,0,0,1,1,1,0,0,0,0,0,0,0,0,0,1,1,0,0,1,1,1,1,0,0,0,0,0,1,0,0,0,1,1,1,0,0,1,0,0,1,1,0,0,0,0,1,0,0,1,0,0,0,0,0,0,0,0,0,0,0,0,0,0,0,0,0,1,0,1,0,1,0,0,0,0,0,0,1,0,0,0,0,0,0,0,0,0,0,0,0,0,0,1,0,0,0,0,0,0,0,0,0,0,0,1,0,0,0,0,0,0,0,0,0,0,0,0,1,0,0,0,0,0,0,0,0,0,0,0,1,0,0,0,0,0,0,0,0,1,0,0,0,0,0,0,0,0,0,0,1,0,0,0,0,1,0,0,0,0,0,0,0,1,0,0,0,0,0,0,0,0,0,0,0,0,0,0,0,0,0,1,1,0,1,0,1,1,0,0,1,0,0,1,1,1,1,0,0,0,0,1,0,1,1,0,0,0,0,0,0,1,0,1,1,1,1,0,0
1,1,1,0,0,1,1,1,0,0,0,0,0,0,0,0,0,1,0,0,0,0,0,0,0,0,0,0,0,0,1,0,0,0,1,1,1,0,0,1,0,0,1,1,0,0,0,0,1,0,0,1,0,0,0,0,0,0,0,0,0,0,0,0,0,0,0,0,1,1,0,1,0,1,0,0,0,0,0,0,1,0,0,0,0,0,0,0,0,0,1,0,0,0,0,0,0,1,0,0,0,0,0,0,0,0,0,1,0,0,0,0,0,0,0,0,0,0,0,0,1,0,0,0,0,1,0,0,0,0,0,0,1,0,1,0,0,0,0,0,0,0,0,0,0,0,0,0,0,0,1,0,1,0,0,0,0,0,0,0,0,0,0,0,0,1,0,0,0,1,0,0,0,0,0,0,0,0,0,1,0,0,0,1,0,0,1,0,1,1,0,0,1,1,0,1,1,1,1,0,0,0,0,1,0,1,1,0,0,0,0,0,0,1,0,1,0,1,0,0,0
1,1,0,1,1,0,0,0,0,0,1,0,1,1,1,1,1,1,1,1,1,1,0,1,0,1,1,1,1,1,0,0,0,1,0,0,0,0,1,0,0,1,0,0,1,1,0,1,0,0,0,1,0,1,1,0,0,0,0,1,1,1,1,1,1,1,0,1,0,0,1,0,1,0,0,1,0,0,0,1,0,0,0,1,0,0,0,1,1,1,0,1,0,0,0,0,1,0,0,1,0,1,0,0,1,0,1,0,0,1,1,1,0,0,0,1,1,0,1,0,0,1,0,0,0,0,0,0,0,0,1,1,0,0,0,1,0,0,1,0,0,0,0,1,0,0,0,1,0,0,0,0,0,0,0,0,0,0,0,0,1,0,0,1,0,0,0,0,0,0,1,0,0,0,0,0,1,1,0,0,1,0,0,0,0,0,0,0,0,0,0,0,0,0,0,1,1,0,0,0,0,0,0,0,0,0,1,0,0,0,0,1,0,0,0,1,0,0,0,1,0
0,1,0,0,0,1,1,0,0,0,0,0,0,0,0,0,1,1,1,0,0,1,0,0,0,1,1,0,1,0,1,0,0,0,0,0,0,0,0,1,0,1,1,1,0,0,0,1,1,0,0,1,0,0,0,0,1,1,1,0,0,0,1,0,0,0,0,0,1,0,0,1,0,1,0,0,0,0,1,0,1,0,0,0,0,0,1,0,1,0,1,0,0,0,0,1,0,1,0,0,0,0,0,0,0,0,0,1,0,0,0,1,1,1,0,0,0,1,1,0,1,0,0,1,0,0,0,1,1,1,0,0,1,0,1,0,1,0,0,1,0,1,0,0,0,1,1,1,0,0,1,0,0,1,1,0,1,1,1,1,1,0,1,1,0,1,1,1,1,1,0,0,0,1,0,1,1,0,0,0,0,1,0,1,1,0,1,0,1,1,1,0,1,1,0,1,1,1,1,1,1,0,0,1,1,0,1,1,0,0,1,0,0,0,1,0,0,0,1,0,0
1,1,0,1,1,0,0,0,0,0,1,0,1,1,1,1,1,1,1,1,1,1,0,1,0,1,1,1,1,1,0,0,0,1,0,0,0,0,1,0,0,1,0,0,1,1,0,1,0,0,0,1,0,1,1,0,0,0,0,1,1,1,1,1,1,1,0,1,0,0,1,0,1,0,0,1,0,0,0,1,0,0,0,1,0,0,0,1,1,1,0,1,0,0,0,0,1,0,0,1,0,1,0,0,1,0,1,0,0,1,1,1,0,0,0,1,1,0,1,0,0,1,0,0,0,0,0,0,0,0,1,1,0,0,0,1,0,0,1,0,0,0,0,1,0,0,0,1,0,0,0,0,0,0,0,0,0,0,0,0,1,0,0,1,0,0,0,0,0,0,1,0,0,0,0,0,1,1,0,0,1,0,0,0,0,0,0,0,0,0,0,0,0,0,0,1,1,0,0,0,0,0,0,0,0,0,1,0,0,0,0,1,0,0,0,1,0,0,0,1,0
0,1,0,0,0,1,1,0,0,0,0,0,0,0,0,0,1,1,1,0,0,1,0,0,0,1,1,0,1,0,1,0,0,0,0,0,0,0,0,1,0,1,1,1,0,0,0,1,1,0,0,1,0,0,0,0,1,1,1,0,0,0,1,0,0,0,0,0,1,0,0,1,0,1,0,0,0,0,1,0,1,0,0,0,0,0,1,0,1,0,1,0,0,0,0,1,0,1,0,0,0,0,0,0,0,0,0,1,0,0,0,1,1,1,0,0,0,1,1,0,1,0,0,1,0,0,0,1,1,1,0,0,1,0,1,0,1,0,0,1,0,1,0,0,0,1,1,1,0,0,1,0,0,1,1,0,1,1,1,1,1,0,1,1,0,1,0,1,1,1,0,0,0,1,0,1,1,0,0,0,0,1,0,1,1,0,1,1,1,1,1,0,1,1,0,1,1,1,1,1,1,0,0,1,1,0,1,1,0,0,1,0,0,0,1,0,0,0,1,0,0
0,1,0,0,0,1,1,0,0,0,0,0,0,0,0,0,1,1,1,0,0,1,0,0,0,1,1,0,1,0,1,0,0,1,0,0,0,0,0,1,0,1,1,1,0,0,0,1,1,0,0,1,0,0,0,0,1,1,1,0,0,0,0,1,1,0,0,0,1,0,0,1,0,1,0,0,0,0,1,0,1,0,0,0,0,0,1,0,1,0,1,0,0,0,0,1,0,1,0,0,0,0,0,0,0,1,0,1,0,0,0,1,1,1,0,0,0,1,1,0,1,0,0,1,0,0,0,1,1,1,0,0,1,0,1,0,1,0,0,1,0,1,0,0,0,1,1,1,0,0,1,0,0,1,1,0,1,1,1,1,1,0,1,1,0,1,0,1,1,1,1,0,0,1,0,1,1,0,0,0,0,1,0,1,1,0,1,0,1,1,1,1,1,1,0,1,1,1,1,1,1,1,0,1,1,0,1,1,0,0,1,0,0,0,1,0,0,0,1,0,0
0,1,0,0,0,1,1,0,0,0,0,0,0,0,0,0,1,1,1,0,0,1,0,0,0,1,1,0,1,0,1,0,0,0,0,0,0,0,0,1,0,1,1,1,0,0,0,1,1,0,0,1,0,0,0,0,1,1,1,0,0,0,1,0,0,0,0,0,1,0,0,1,0,1,0,0,0,0,1,0,1,0,0,0,0,0,1,0,1,0,1,0,0,0,0,1,0,1,0,0,0,0,0,0,0,0,0,1,0,0,0,1,1,1,0,0,0,1,1,0,1,0,0,1,0,0,0,1,1,1,0,0,1,0,1,0,1,0,0,1,0,1,0,0,0,1,1,1,0,0,1,0,0,1,1,0,1,1,1,1,1,0,1,1,0,1,0,1,1,1,0,0,0,1,0,1,1,0,0,0,0,1,0,1,1,0,1,0,1,1,1,0,1,1,0,1,1,1,1,1,1,0,0,1,1,0,1,1,0,0,1,0,0,0,1,0,0,0,1,0,0
1,1,0,0,0,1,1,0,0,0,0,0,0,0,0,0,1,1,1,0,0,1,0,0,0,1,1,0,1,0,1,0,0,0,0,0,0,0,0,1,0,1,1,1,0,0,0,1,1,0,0,1,0,0,0,0,1,1,1,0,0,0,1,0,0,0,0,0,1,0,0,1,0,1,0,0,0,0,1,0,1,0,0,0,0,0,1,0,1,0,1,0,0,0,0,1,0,1,0,0,0,0,0,0,0,0,0,1,0,0,0,1,1,1,0,0,0,1,1,0,1,0,0,1,0,0,0,1,1,1,0,0,1,0,1,0,1,0,0,1,0,1,0,0,0,1,1,1,0,0,1,0,0,1,1,0,1,1,1,1,1,0,1,1,0,1,0,1,1,1,0,0,0,1,0,1,1,0,0,0,0,1,0,1,1,0,1,0,1,1,1,0,1,1,0,1,1,1,1,1,1,0,0,1,1,0,1,1,0,0,1,0,0,0,1,0,0,0,1,0,0
0,1,0,0,0,1,1,0,0,0,0,0,0,0,0,0,1,1,1,0,0,1,1,1,0,1,1,0,1,1,1,0,0,0,0,0,0,0,0,1,0,1,1,1,0,0,0,1,1,0,0,1,0,0,0,0,1,1,1,0,0,0,1,0,0,0,0,0,1,0,0,1,0,1,0,0,0,0,1,0,1,0,0,0,0,0,1,0,1,0,1,0,0,0,0,1,0,1,0,0,0,0,0,0,0,0,0,1,0,0,0,1,1,1,0,0,0,1,1,0,1,0,0,1,0,0,0,1,1,1,0,0,1,0,1,0,1,0,0,1,0,1,0,0,0,1,1,1,0,0,1,0,0,1,1,0,1,1,1,1,1,0,1,1,0,1,0,1,1,1,0,0,0,1,0,1,1,0,0,0,0,1,0,1,1,0,1,0,1,1,1,0,1,1,0,1,0,1,1,1,1,0,0,1,1,0,0,1,0,0,1,0,0,1,1,0,0,0,1,0,0
0,1,0,0,0,1,1,0,0,0,0,0,0,0,0,0,1,1,1,0,0,1,1,1,0,1,1,0,1,1,1,0,0,0,0,0,0,0,0,1,0,1,1,1,0,0,0,1,1,0,0,1,0,0,0,0,1,1,1,0,0,0,1,0,0,0,0,0,1,0,0,1,0,1,0,0,0,0,1,0,1,0,0,0,0,0,1,0,1,0,1,0,0,0,0,1,0,1,0,0,0,0,0,0,0,0,0,1,0,0,0,1,1,1,0,0,0,1,1,0,1,0,0,1,0,0,0,1,1,1,0,0,1,0,1,0,1,0,0,1,0,1,0,0,0,1,1,1,0,0,1,0,0,1,1,0,1,1,1,1,1,0,1,1,0,1,0,1,1,1,0,0,0,1,0,1,1,0,0,0,0,1,0,1,1,0,1,0,1,1,1,0,1,1,0,1,1,1,1,1,1,0,0,1,1,0,0,1,0,0,1,0,0,1,1,0,0,0,1,0,0
0,1,0,0,0,1,1,0,0,0,0,0,0,0,0,0,1,1,1,0,0,1,1,1,0,1,1,0,1,1,1,0,0,0,0,0,0,0,0,1,0,1,1,1,0,0,0,1,1,0,0,1,0,0,0,0,1,1,1,0,0,0,1,0,0,0,0,0,1,0,0,1,0,1,0,0,0,0,1,0,1,0,0,0,0,0,1,0,1,0,1,0,0,0,0,1,0,1,0,0,0,0,0,0,0,0,0,1,0,0,0,1,1,1,0,0,0,1,1,0,1,0,0,1,0,0,0,1,1,1,0,0,1,0,1,0,1,0,0,1,0,1,0,0,0,1,1,1,0,0,1,0,0,1,1,0,1,1,1,1,1,0,1,1,0,1,0,1,1,1,0,0,0,1,0,1,1,0,0,0,0,1,0,1,1,0,1,0,1,1,1,0,1,1,0,1,1,1,1,1,1,0,0,1,1,0,1,1,0,0,1,0,0,1,1,0,0,0,1,0,0
0,1,0,0,0,1,1,0,0,0,0,0,0,0,0,0,1,1,1,0,0,1,1,1,0,1,1,0,1,1,1,0,0,0,0,0,0,0,0,1,0,1,1,1,0,0,0,1,1,0,0,1,0,0,0,0,1,1,1,0,0,0,1,0,0,0,0,0,1,0,0,1,0,1,0,0,0,0,1,0,1,0,0,0,0,0,1,0,1,0,1,0,0,0,0,1,0,1,0,0,0,0,0,0,0,0,0,1,0,0,0,1,1,1,0,0,0,1,1,0,1,0,0,1,0,0,0,1,1,1,0,0,1,0,1,0,1,0,0,1,0,1,0,0,0,1,1,1,0,0,1,0,0,1,1,0,1,1,1,1,1,0,1,1,0,1,0,1,1,1,0,0,0,1,0,1,1,0,0,0,0,1,0,1,1,0,1,0,1,1,1,0,1,1,0,1,1,1,1,1,1,0,0,1,1,0,1,1,0,0,1,0,0,1,1,0,0,0,1,0,0
0,1,0,0,0,1,1,0,0,1,0,0,0,0,0,0,1,1,1,0,0,1,1,1,0,1,1,0,1,1,1,0,1,0,0,0,0,0,0,1,1,1,1,1,0,0,1,1,1,0,0,1,0,0,0,0,1,1,1,0,0,0,1,0,0,0,0,0,1,0,0,1,0,1,0,0,0,0,1,0,1,0,0,0,0,0,1,0,1,0,1,0,0,0,0,1,0,1,1,0,1,0,0,0,0,0,0,1,0,0,0,1,1,1,0,0,0,1,1,1,1,0,0,1,0,0,0,1,1,1,0,0,1,0,1,0,1,1,0,1,0,1,1,0,0,1,1,1,0,0,1,0,0,1,1,0,1,1,1,1,1,0,1,1,0,1,0,1,1,1,0,0,0,1,0,1,1,0,0,0,0,1,0,1,1,0,1,0,1,1,1,0,1,1,0,1,1,1,1,1,1,0,0,1,1,0,1,1,0,0,1,0,0,1,1,0,0,0,1,0,0
0,1,0,1,0,1,1,0,0,0,0,0,0,0,0,0,1,1,1,0,0,1,1,1,0,1,1,0,1,1,1,0,0,0,0,0,0,0,0,1,0,1,1,1,0,0,0,1,1,0,0,1,0,0,0,0,1,1,1,0,0,0,1,0,0,0,0,0,1,0,0,1,0,1,0,0,0,0,1,0,1,0,0,0,0,0,1,0,1,0,1,0,0,0,0,1,0,1,0,0,0,0,0,0,0,0,0,1,0,0,0,1,1,1,0,0,0,1,1,0,1,0,0,1,0,0,0,1,1,1,0,0,1,0,1,0,1,0,0,1,0,1,0,0,0,1,1,1,0,0,1,0,0,1,1,0,1,1,1,1,1,0,1,1,0,1,0,1,1,1,0,0,0,1,0,1,1,0,0,0,0,1,0,1,1,0,1,0,1,1,1,0,1,1,0,1,0,1,1,1,1,0,0,1,1,0,0,1,0,0,1,0,0,1,1,0,0,0,1,0,0
0,1,0,1,0,1,1,0,0,0,0,0,0,0,0,0,1,1,1,0,0,1,1,1,0,1,1,0,1,1,1,0,0,0,0,0,0,0,0,1,0,1,1,1,0,0,0,1,1,0,0,1,0,0,0,0,1,1,1,0,0,0,1,0,0,0,0,0,1,0,0,1,0,1,0,0,0,0,1,0,1,0,0,0,0,0,1,0,1,0,1,0,0,0,0,1,0,1,0,0,0,0,0,0,0,0,0,1,0,0,0,1,1,1,0,0,0,1,1,0,1,0,0,1,0,0,0,1,1,1,0,0,1,0,1,0,1,0,0,1,0,1,0,0,0,1,1,1,0,0,1,0,0,1,1,0,1,1,1,1,1,0,1,1,0,1,0,1,1,1,0,0,0,1,0,1,1,0,0,0,0,1,0,1,1,0,1,0,1,1,1,0,1,1,0,1,1,1,1,1,1,0,0,1,1,0,1,1,0,0,1,0,0,1,1,0,0,0,1,0,0
0,1,0,1,0,1,1,0,0,0,0,0,0,0,0,0,1,1,1,0,0,1,1,1,0,1,1,0,1,1,1,0,0,0,0,0,0,0,0,1,0,1,1,1,0,0,0,1,1,0,0,1,0,0,0,0,1,1,1,0,0,0,1,0,0,0,0,0,1,0,0,1,0,1,0,0,0,0,1,0,1,0,0,0,0,0,1,0,1,0,1,0,0,0,0,1,0,1,0,0,0,0,0,0,0,0,0,1,0,0,0,1,1,1,0,0,0,1,1,0,1,0,0,1,0,0,0,1,1,1,0,0,1,0,1,0,1,0,0,1,0,1,0,0,0,1,1,1,0,0,1,0,0,1,1,0,1,1,1,1,1,0,1,1,0,1,0,1,1,1,0,0,0,1,0,1,1,0,0,0,0,1,0,1,1,0,1,0,1,1,1,0,1,1,0,1,1,1,1,1,1,0,0,1,1,0,1,1,0,0,1,0,0,1,1,0,0,0,1,0,0
0,1,0,0,0,1,1,1,0,0,0,0,0,0,0,0,1,1,1,0,0,1,1,1,0,1,1,0,1,1,1,0,0,0,1,0,0,0,0,1,0,1,1,1,0,0,0,1,1,0,0,1,0,0,0,0,1,1,1,0,0,0,1,0,0,0,0,0,1,1,0,1,0,1,0,0,0,0,1,0,1,0,0,0,0,0,1,0,1,0,1,0,0,0,0,1,0,1,0,0,0,0,0,0,0,0,0,1,0,0,0,1,1,1,0,0,0,1,1,0,1,0,0,1,0,0,0,1,1,1,0,0,1,0,1,0,1,0,0,1,0,1,0,0,0,1,1,1,0,0,1,0,1,1,1,0,1,1,1,1,1,0,1,1,0,1,0,1,1,1,0,0,0,1,0,1,1,0,0,0,0,1,1,1,1,0,1,0,1,1,1,0,1,1,0,1,1,1,1,1,1,0,0,1,1,0,1,1,0,0,1,0,0,1,1,0,0,0,1,0,0
0,1,0,0,0,1,1,1,0,1,0,0,0,0,0,0,1,1,1,0,0,1,1,1,0,1,1,0,1,1,1,0,1,0,1,0,0,0,0,1,1,1,1,1,0,0,1,1,1,0,0,1,0,0,0,0,1,1,1,0,0,0,1,0,0,0,0,0,1,1,0,1,0,1,0,0,0,0,1,0,1,0,0,0,0,0,1,0,1,0,1,0,0,0,0,1,0,1,1,0,1,0,0,0,0,0,0,1,0,0,0,1,1,1,0,0,0,1,1,1,1,0,0,1,0,0,0,1,1,1,0,0,1,0,1,0,1,1,0,1,0,1,1,0,0,1,1,1,0,0,1,0,1,1,1,0,1,1,1,1,1,0,1,1,0,1,0,1,1,1,0,0,0,1,0,1,1,0,0,0,0,1,1,1,1,0,1,0,1,1,1,0,1,1,0,1,1,1,1,1,1,0,0,1,1,0,1,1,0,0,1,0,0,1,1,0,0,0,1,0,0
0,1,0,1,0,1,1,0,0,0,0,0,0,0,0,1,1,1,1,0,0,1,1,1,0,1,1,0,1,1,1,0,0,1,0,0,0,0,1,1,0,1,1,1,0,0,0,1,1,0,0,1,0,1,1,0,0,1,1,0,0,0,1,1,1,1,0,0,1,0,1,1,1,0,0,1,0,1,0,1,1,0,0,1,0,1,0,1,1,1,1,1,0,0,0,1,1,1,0,1,0,1,0,0,1,0,1,1,0,1,1,1,1,1,0,1,1,1,1,0,1,1,0,1,0,0,0,1,1,0,1,0,1,0,0,1,1,0,0,1,0,0,0,1,0,1,1,1,0,0,1,0,0,1,1,0,0,1,0,1,1,0,1,1,0,1,1,0,1,0,1,1,0,1,0,1,1,1,0,0,1,1,0,1,1,0,1,0,1,1,0,1,1,0,1,1,0,1,1,0,0,1,1,1,0,0,0,1,0,0,0,1,0,1,1,0,0,0,0,1,0
1,1,0,0,0,1,1,0,0,0,0,0,0,0,0,0,0,1,1,0,0,1,1,1,0,0,0,0,0,0,1,0,0,0,1,1,1,0,0,1,0,0,1,1,0,0,0,0,1,0,0,1,0,0,0,0,0,0,0,0,0,0,0,0,0,0,0,0,0,1,0,1,0,1,0,0,0,0,0,0,1,0,0,0,0,0,0,0,0,0,0,0,0,0,0,0,0,0,0,0,0,0,0,0,0,0,0,1,0,0,0,0,0,0,0,0,0,0,0,0,1,0,0,0,0,0,0,0,0,0,0,0,1,0,0,0,0,0,0,0,0,0,0,0,0,0,0,0,0,0,0,0,1,0,0,0,0,0,0,0,0,0,0,0,0,1,0,0,0,0,0,0,0,0,0,0,0,0,0,0,0,0,0,1,0,0,1,0,1,1,0,0,1,0,0,1,1,1,1,0,0,0,0,1,0,1,1,0,0,0,0,0,0,1,1,1,1,1,1,0,0
1,1,1,0,0,1,1,1,0,0,0,0,0,0,0,0,0,1,1,0,0,1,1,1,1,0,0,0,0,0,1,0,0,0,1,1,1,0,0,1,0,0,1,1,0,0,0,0,1,0,0,1,0,0,0,0,1,1,1,0,0,0,0,0,0,0,0,0,1,1,0,1,0,0,0,0,0,0,1,0,1,0,0,0,0,0,1,0,0,0,0,0,0,0,0,0,0,1,0,0,0,0,0,0,0,0,0,1,0,0,0,0,1,1,0,0,0,1,0,0,1,0,0,0,0,0,0,1,1,0,0,0,1,0,1,0,0,0,0,1,0,0,0,0,0,0,1,0,0,0,1,0,1,1,0,0,0,0,0,0,0,0,0,0,0,1,0,1,1,1,0,0,0,1,0,1,0,0,0,0,0,1,1,1,1,0,1,0,1,1,0,0,1,0,0,1,1,1,1,0,0,0,0,1,0,1,1,1,0,0,0,0,0,1,1,1,1,1,1,0,0
1,1,1,0,0,1,1,1,0,0,0,0,0,0,0,0,0,1,1,0,0,1,1,1,0,0,0,0,0,0,1,0,0,0,1,1,1,0,0,1,0,0,1,1,0,0,0,0,1,0,0,1,0,0,0,0,1,0,0,0,0,0,0,0,0,0,0,0,1,1,0,1,0,0,0,0,0,0,1,0,1,0,0,0,0,0,1,0,0,0,0,0,0,0,0,0,0,0,0,0,0,0,0,0,0,0,0,0,0,0,0,0,0,0,0,0,0,0,0,0,0,0,0,0,0,0,0,0,0,0,0,0,0,0,0,0,0,0,0,0,0,0,0,0,0,0,0,0,0,0,1,0,1,0,0,0,0,0,0,0,0,0,0,0,0,1,0,0,0,0,0,0,0,0,0,0,0,0,0,0,0,0,0,0,0,0,1,0,0,1,0,0,0,0,0,1,1,1,1,0,0,0,0,0,0,1,1,0,0,0,0,0,0,1,1,1,1,1,1,0,0
1,1,1,0,0,1,1,1,0,0,0,0,0,0,0,0,0,1,1,0,0,1,1,1,1,0,0,0,0,0,1,0,0,0,1,1,1,0,0,1,0,0,1,1,0,0,0,0,1,0,0,1,0,0,0,0,1,1,1,0,0,0,0,0,0,0,0,0,1,1,0,1,0,0,0,0,0,0,1,0,1,0,0,0,0,0,1,0,0,0,1,0,0,0,0,1,0,1,0,0,0,0,0,0,0,0,0,1,0,0,0,0,1,1,1,0,0,1,0,0,1,0,0,1,0,1,0,1,1,0,0,0,1,0,1,0,1,0,0,1,0,1,0,0,0,1,1,0,0,0,1,0,1,1,0,0,0,1,0,1,0,1,0,0,0,1,0,1,1,1,0,0,0,1,0,1,0,0,0,1,0,1,1,1,1,0,1,0,1,1,1,0,1,1,0,1,1,1,1,1,1,0,0,1,1,1,1,1,1,0,0,0,1,1,1,1,1,1,1,0,1
1,1,0,0,0,1,1,0,0,0,0,0,0,0,0,0,0,1,1,0,0,1,1,1,0,0,0,0,0,0,1,0,0,0,1,1,1,0,0,1,0,0,1,1,0,0,0,0,1,0,0,1,0,0,0,0,0,0,0,0,0,0,0,0,0,0,0,0,0,1,0,0,0,0,0,0,0,0,0,0,0,0,0,0,0,0,0,0,0,0,0,0,0,0,0,0,0,0,0,0,0,0,0,0,0,0,0,0,0,0,0,0,0,0,0,0,0,0,0,0,0,0,0,0,0,0,0,0,0,0,0,0,0,0,0,0,0,0,0,0,0,0,0,0,0,0,0,0,0,0,0,0,1,0,0,0,0,0,0,0,0,0,0,0,0,1,0,0,0,0,0,0,0,0,0,0,0,0,0,0,0,0,0,0,0,0,1,0,0,1,0,0,0,0,0,1,1,1,1,0,0,0,0,0,0,1,1,0,0,0,0,0,0,1,1,1,1,1,1,0,0
1,1,1,0,0,1,1,1,0,0,0,0,0,0,0,0,0,1,1,0,0,1,1,1,1,0,0,0,0,0,1,0,0,0,1,1,1,0,0,1,0,0,1,1,0,0,0,0,1,0,0,1,0,0,0,0,1,1,1,0,0,0,0,0,0,0,0,0,1,1,0,1,0,0,0,0,0,0,1,0,1,0,0,0,0,0,1,0,0,0,0,0,0,0,0,0,0,1,0,0,0,0,0,0,0,0,0,1,0,0,0,0,1,1,0,0,0,1,0,0,0,0,0,0,0,0,0,1,1,0,0,0,1,0,1,0,0,0,0,0,0,0,0,0,0,0,1,0,0,0,1,0,1,1,0,0,0,0,0,0,0,0,0,0,0,1,0,1,1,1,0,0,0,1,0,1,0,0,0,0,0,0,1,0,0,0,1,0,1,1,0,0,1,0,0,1,1,1,1,0,0,0,0,1,0,1,1,1,0,0,0,0,0,1,1,1,1,1,1,0,0
1,1,0,0,0,1,1,1,0,0,0,0,0,0,0,0,0,1,1,0,0,1,1,1,0,0,0,0,0,0,1,0,0,0,1,1,1,0,0,1,0,0,1,1,0,0,0,0,1,0,0,1,0,0,0,0,1,0,0,0,0,0,0,0,0,0,0,0,0,1,0,1,0,1,0,0,0,0,1,0,1,0,0,0,0,0,1,0,0,0,0,0,0,0,0,0,0,0,0,0,0,0,0,0,0,0,0,1,0,0,0,0,0,0,0,0,0,0,0,0,1,0,0,0,0,0,0,0,0,0,0,0,1,0,1,0,0,0,0,0,0,0,0,0,0,0,0,0,0,0,0,0,1,0,0,0,0,0,0,0,0,0,0,0,0,1,0,1,0,1,0,0,0,0,0,0,0,0,0,0,0,0,0,1,0,0,1,0,1,1,0,0,1,0,0,1,1,1,1,0,0,0,0,1,0,1,1,0,0,0,0,0,0,1,1,1,1,1,1,0,0
1,1,0,0,0,1,1,0,0,0,0,0,0,0,0,0,0,1,1,0,0,1,1,1,0,0,0,0,0,0,1,0,0,0,1,1,1,0,0,1,0,0,1,1,0,0,0,0,1,0,0,1,0,0,0,0,0,0,0,0,0,0,0,0,0,0,0,0,0,1,0,0,0,0,0,0,0,0,0,0,0,0,0,0,0,0,0,0,0,0,0,0,0,0,0,0,0,0,0,0,0,0,0,0,0,0,0,0,0,0,0,0,0,0,0,0,0,0,0,0,0,0,0,0,0,0,0,0,0,0,0,0,0,0,0,0,0,0,0,0,0,0,0,0,0,0,0,0,0,0,0,0,1,0,0,0,0,0,0,0,0,0,0,0,0,1,0,0,0,0,0,0,0,0,0,0,0,0,0,0,0,0,0,0,0,0,1,0,0,1,0,0,0,0,0,1,1,1,1,0,0,0,0,0,0,1,1,0,0,0,0,0,0,1,1,1,1,1,1,0,0
1,1,0,0,0,1,1,1,0,0,0,0,0,0,0,0,0,1,1,0,0,1,1,1,0,0,0,0,0,0,1,0,0,0,1,1,1,0,0,1,0,0,1,1,0,0,0,0,1,0,0,1,0,0,0,0,1,0,0,0,0,0,0,0,0,0,0,0,1,1,0,1,0,1,0,0,0,0,1,0,1,0,0,0,0,0,1,0,0,0,0,0,0,0,0,0,0,0,0,0,0,0,0,0,0,0,0,1,0,0,0,0,0,0,0,0,0,0,0,0,1,0,0,0,0,0,0,0,0,0,0,0,1,0,1,0,0,0,0,0,0,0,0,0,0,0,0,0,0,0,0,0,1,0,0,0,0,0,0,0,0,0,0,0,0,1,0,1,0,1,0,0,0,0,0,0,0,0,0,0,0,0,0,1,0,0,1,0,1,1,0,0,1,0,0,1,1,1,1,0,0,0,0,1,0,1,1,0,0,0,0,0,0,1,1,1,1,1,1,0,0
1,1,1,0,0,1,1,1,0,0,0,0,0,0,0,0,0,1,1,0,0,1,1,1,1,0,0,0,0,0,1,0,0,0,1,1,1,0,0,1,0,0,1,1,0,0,0,0,1,0,0,1,0,0,0,0,1,1,1,0,0,0,0,0,0,0,0,0,1,1,0,1,0,0,0,0,0,0,1,0,1,0,0,0,0,0,1,0,0,0,0,0,0,0,0,1,0,1,0,0,0,0,0,0,0,0,0,1,0,0,0,0,1,1,0,0,0,1,0,0,1,0,0,0,0,1,0,1,1,0,0,0,1,0,1,0,0,0,0,1,0,1,0,0,0,1,1,0,0,0,1,0,1,1,0,0,0,1,0,0,0,0,0,0,0,1,0,1,1,1,0,0,0,1,0,1,0,0,0,0,0,1,1,1,1,0,1,0,1,1,1,0,1,1,0,1,1,1,1,1,1,0,0,1,1,1,1,1,0,0,0,0,0,1,1,1,1,1,1,0,1
1,1,0,0,0,1,1,0,0,0,0,0,0,0,0,0,0,1,1,0,0,1,1,1,0,0,0,0,0,0,1,0,0,0,1,1,1,0,0,1,0,0,1,1,0,0,0,0,1,0,0,1,0,0,0,0,0,0,0,0,0,0,0,0,0,0,0,0,0,1,0,0,0,0,0,0,0,0,0,0,0,0,0,0,0,0,0,0,0,0,0,0,0,0,0,0,0,0,0,0,0,0,0,0,0,0,0,0,0,0,0,0,0,0,0,0,0,0,0,0,0,0,0,0,0,0,0,0,0,0,0,0,0,0,0,0,0,0,0,0,0,0,0,0,0,0,0,0,0,0,0,0,1,0,0,0,0,0,0,0,0,0,0,0,0,1,0,0,0,0,0,0,0,0,0,0,0,0,0,0,0,0,0,0,0,0,1,0,0,1,0,0,0,0,0,1,1,1,1,0,0,0,0,0,0,1,1,0,0,0,0,0,0,1,1,1,1,1,1,0,0
0,0,0,0,0,1,1,0,0,0,0,0,0,0,0,0,0,0,0,0,0,0,0,0,0,0,0,0,0,0,1,0,0,0,1,0,0,0,0,1,0,0,1,1,0,0,0,0,1,0,0,1,0,0,0,0,1,0,0,0,0,0,0,0,0,0,0,0,0,1,0,1,0,0,0,0,0,0,1,0,1,0,0,0,0,0,1,0,0,0,0,0,0,0,0,0,0,0,0,0,0,0,0,0,0,0,0,0,0,0,0,0,0,0,0,0,0,0,0,0,1,0,0,0,0,0,0,1,0,0,0,0,0,0,0,0,0,0,0,0,0,0,0,0,0,0,0,0,0,0,0,0,1,1,0,0,0,0,0,0,0,0,0,0,0,1,0,0,0,0,0,0,0,0,0,0,0,0,0,0,0,0,1,1,1,0,1,0,0,0,0,0,0,0,0,0,0,0,0,0,0,0,0,0,0,0,0,0,0,0,0,0,0,0,0,0,0,0,0,0,0
0,1,0,0,0,1,1,1,0,0,1,0,0,1,0,1,1,1,1,1,1,1,0,1,0,1,1,0,1,0,1,0,0,0,0,0,0,0,1,1,0,1,0,1,1,1,0,1,1,1,1,1,0,1,1,0,1,1,1,1,1,1,1,0,0,1,1,1,1,0,1,0,1,0,1,1,0,0,0,1,0,1,1,1,0,0,0,1,1,1,1,1,0,0,1,0,1,1,0,1,0,1,0,1,1,0,1,0,0,1,1,1,1,1,1,1,1,1,1,0,0,1,0,1,0,1,0,1,1,0,1,1,0,0,0,1,1,0,0,1,0,0,0,1,0,1,1,1,0,0,0,0,0,1,0,0,0,0,0,1,1,1,0,1,0,1,1,0,1,0,0,0,0,1,0,1,1,1,0,1,1,1,0,0,0,0,1,1,0,1,0,1,0,0,0,1,1,1,1,0,0,1,1,0,0,0,1,1,1,1,1,0,1,0,1,0,1,1,1,0,1
0,1,0,1,0,1,1,1,1,0,0,0,0,0,0,0,0,1,1,0,0,0,0,0,0,0,1,0,0,0,1,0,0,1,0,0,0,1,1,1,0,1,1,1,0,0,0,1,1,0,0,1,0,0,0,0,1,1,1,0,0,0,0,0,1,0,0,0,1,0,0,1,0,0,0,0,0,0,0,0,0,0,0,0,0,1,1,0,1,0,1,0,0,0,0,0,0,1,0,0,0,0,0,0,0,1,0,0,0,0,0,0,1,1,1,0,0,1,1,0,0,0,0,1,0,1,0,1,1,0,0,0,0,0,0,0,1,0,0,1,0,0,0,0,0,1,1,1,0,1,0,0,0,1,0,0,0,0,0,1,0,1,0,1,0,1,0,0,1,0,1,0,0,1,0,1,0,0,0,1,0,1,0,0,0,0,1,1,0,1,0,1,0,0,0,1,0,1,1,0,0,0,1,0,0,0,0,1,1,0,0,0,1,0,1,0,1,0,0,0,1
1,1,0,0,0,1,1,1,0,0,0,0,0,0,0,0,0,1,1,0,0,1,1,1,0,0,0,0,0,0,1,0,0,0,1,1,1,0,0,1,0,0,1,1,0,0,0,0,1,0,0,1,0,0,0,0,1,0,0,0,0,0,0,0,0,0,0,0,0,1,0,1,0,1,0,0,0,0,1,0,1,0,0,0,0,0,1,0,0,0,0,0,0,0,0,0,0,0,0,0,0,0,0,0,0,0,0,1,0,0,0,0,0,0,0,0,0,0,0,0,1,0,0,0,0,0,0,0,0,0,0,0,1,0,1,0,0,0,0,0,0,0,0,0,0,0,0,0,0,0,0,0,1,0,0,0,0,0,0,0,0,0,0,0,0,1,0,1,0,1,0,0,0,0,0,0,0,0,0,0,0,0,0,1,0,0,1,0,1,1,0,0,1,0,0,1,1,1,1,0,0,0,0,1,0,1,1,0,0,0,0,0,0,1,1,1,1,1,1,0,0
0,1,0,1,0,1,1,1,1,0,0,0,0,0,0,0,0,1,1,0,0,0,0,0,0,0,1,0,0,0,1,0,0,1,0,0,0,1,1,1,0,1,1,1,0,0,0,1,1,0,0,1,0,0,0,0,1,1,1,0,0,0,0,0,1,0,0,0,1,0,0,1,0,0,0,0,0,0,0,0,0,0,0,0,0,1,1,0,1,0,1,0,0,0,0,0,0,1,0,0,0,0,0,0,0,1,0,0,0,0,0,0,1,1,0,0,0,1,1,0,0,0,0,1,0,0,0,1,1,0,0,0,0,0,0,0,1,0,0,1,0,0,0,0,0,1,1,1,0,1,0,0,0,1,0,0,0,0,0,1,0,0,0,1,0,1,0,0,1,0,1,0,0,1,0,1,0,0,0,0,0,1,0,0,0,0,1,0,0,1,0,1,0,0,0,1,0,1,0,0,0,0,1,0,0,0,0,1,0,0,0,0,0,0,1,0,0,0,0,0,0
0,1,0,1,0,1,1,1,1,0,0,0,0,0,0,0,0,1,1,0,0,0,0,0,0,0,1,0,0,0,1,0,0,1,0,0,0,1,1,1,0,1,1,1,0,0,0,1,1,0,0,1,0,0,0,0,1,1,1,0,0,0,0,0,1,0,0,0,1,0,0,1,0,0,0,0,0,0,0,0,0,0,0,0,0,1,1,0,1,0,1,0,0,0,0,0,0,1,0,0,0,0,0,0,0,1,0,0,0,0,0,0,1,1,0,0,0,1,1,0,0,0,0,1,0,0,0,1,1,0,0,0,0,0,0,0,1,0,0,1,0,0,0,0,0,1,1,1,0,1,0,0,0,1,0,0,0,0,0,1,0,0,0,1,0,1,1,0,1,0,1,0,0,1,0,1,0,0,0,0,0,1,0,0,0,0,1,0,0,1,0,0,0,0,0,1,0,1,0,0,0,0,0,0,0,0,0,0,0,0,1,0,0,0,0,0,0,0,1,0,0
0,1,0,1,0,1,1,1,1,0,0,0,0,0,0,0,0,1,1,0,0,0,0,0,0,0,1,0,0,0,1,0,0,1,0,0,0,1,1,1,0,1,1,1,0,0,0,1,1,0,0,1,0,0,0,0,1,1,1,0,0,0,0,0,1,0,0,0,1,0,0,1,0,0,0,0,0,0,0,0,0,0,0,0,0,1,1,0,1,0,1,0,0,0,0,0,0,1,0,0,0,0,0,0,0,1,0,0,0,0,0,0,1,1,0,0,0,1,1,0,0,0,0,1,0,0,0,1,1,0,0,0,0,0,0,0,1,0,0,1,0,0,0,0,0,1,1,1,0,1,0,0,0,1,0,0,0,0,0,1,0,0,0,1,0,1,1,0,1,0,1,0,0,1,0,1,0,0,0,0,0,1,0,0,0,0,1,1,0,1,0,0,0,0,0,1,0,1,1,0,0,0,0,0,0,0,0,0,1,0,1,0,0,0,0,0,1,0,1,0,0
0,1,0,1,0,1,1,1,1,0,0,0,0,0,0,0,0,1,1,0,0,0,0,0,0,0,1,0,0,0,1,0,0,1,0,0,0,1,1,1,0,1,1,1,0,0,0,1,1,0,0,1,0,0,0,0,1,1,1,0,0,0,0,0,1,0,0,0,1,0,0,1,0,0,0,0,0,0,0,0,0,0,0,0,0,1,1,0,1,0,1,0,0,0,0,0,0,1,0,0,0,0,0,0,0,1,0,0,0,0,0,0,1,1,0,0,0,1,1,0,0,0,0,1,0,0,0,1,1,1,0,0,0,0,0,0,1,0,0,1,0,0,0,0,0,1,1,1,0,1,0,0,0,1,0,0,0,0,0,1,0,0,0,1,0,1,1,1,1,0,1,0,0,1,0,1,0,0,0,0,0,1,0,0,0,0,1,0,0,1,1,0,0,0,0,1,0,1,0,1,1,0,0,0,0,0,0,0,0,0,1,0,0,0,0,0,0,0,1,0,0
0,0,0,1,0,1,1,0,1,0,0,0,0,0,0,0,0,0,0,0,0,0,0,0,0,0,0,0,0,0,1,0,0,1,0,0,0,1,1,1,0,1,0,1,0,0,0,1,1,0,0,1,0,0,0,0,0,1,1,0,0,0,0,0,1,0,0,0,1,0,0,0,0,0,0,0,0,0,0,0,0,0,0,0,0,0,0,0,1,0,1,0,0,0,0,0,0,1,0,0,0,0,0,0,0,1,0,0,0,0,0,0,1,1,0,0,0,1,1,0,0,0,0,1,0,0,0,1,1,0,0,0,0,0,0,0,1,0,0,1,0,0,0,0,0,1,1,1,0,0,0,0,0,1,0,0,0,0,0,1,0,0,0,1,0,1,1,0,1,0,1,0,0,1,0,1,0,0,0,0,0,1,0,0,0,0,1,0,0,1,0,0,0,0,0,1,0,1,0,0,0,0,0,0,0,0,0,0,0,0,1,0,0,0,0,0,0,0,1,0,0
0,0,0,1,0,1,1,0,1,0,0,0,0,0,0,0,0,0,0,0,0,0,0,0,0,0,0,0,0,0,1,0,0,1,0,0,0,1,1,1,0,1,0,1,0,0,0,1,1,0,0,1,0,0,0,0,0,1,1,0,0,0,0,0,1,0,0,0,1,0,0,0,0,0,0,0,0,0,0,0,0,0,0,0,0,0,0,0,1,0,1,0,0,0,0,0,0,1,0,0,0,0,0,0,0,1,0,0,0,0,0,0,1,1,0,0,0,1,1,0,0,0,0,1,0,0,0,1,1,0,0,0,0,0,0,0,1,0,0,1,0,0,0,0,0,1,1,1,0,0,0,0,0,1,0,0,0,0,0,1,0,0,0,1,0,1,0,0,1,0,1,0,0,1,0,1,0,0,0,0,0,1,0,0,0,0,1,0,0,1,0,1,0,0,0,1,0,0,0,0,0,0,1,0,0,0,0,1,0,0,0,0,0,0,1,0,0,0,0,0,0
0,0,0,1,0,1,1,1,1,0,0,0,0,0,0,0,0,0,0,0,0,0,0,0,0,0,0,0,0,0,1,0,0,1,0,0,0,1,1,1,0,1,0,1,0,0,0,1,1,0,0,1,0,0,0,0,0,1,1,0,0,0,0,0,1,0,0,0,1,0,0,0,0,0,0,0,0,0,0,0,0,0,0,0,0,0,0,0,1,0,1,0,0,0,0,0,0,1,0,0,0,0,0,0,0,1,0,0,0,0,0,0,1,1,1,0,0,1,1,0,0,0,0,1,0,1,0,1,1,0,0,0,0,0,0,0,1,0,0,1,0,0,0,0,0,1,1,1,0,0,0,0,0,1,0,0,0,0,0,1,0,1,0,1,0,1,0,0,1,0,1,0,0,1,0,1,0,0,0,1,0,1,0,0,0,0,1,1,0,1,0,1,0,0,0,1,0,1,1,0,0,0,1,0,0,0,0,1,1,0,0,0,1,0,1,0,1,0,0,0,1
0,0,0,1,0,1,1,1,1,0,0,0,0,0,0,0,0,0,0,0,0,0,0,0,0,0,0,0,0,0,1,0,0,1,0,0,0,1,1,1,0,1,0,1,0,0,0,1,1,0,0,1,0,0,0,0,0,1,1,0,0,0,0,0,1,0,0,0,1,0,0,0,0,0,0,0,0,0,0,0,0,0,0,0,0,0,0,0,1,0,1,0,0,0,0,0,0,1,0,0,0,0,0,0,0,1,0,0,0,0,0,0,1,1,0,0,0,1,1,0,0,0,0,1,0,0,0,1,1,1,0,0,0,0,0,0,1,0,0,1,0,0,0,0,0,1,1,1,0,0,0,0,0,1,0,0,0,0,0,1,0,0,0,1,0,1,1,1,1,0,1,0,0,1,0,1,0,0,0,0,0,1,0,0,0,0,1,0,0,1,1,0,0,0,0,1,0,1,0,1,1,0,0,0,0,0,0,0,0,0,1,0,0,0,0,0,0,0,1,0,0
0,0,0,1,0,1,1,1,1,0,0,0,0,0,0,0,0,0,0,0,0,0,0,0,0,0,0,0,0,0,1,0,0,1,0,0,0,1,1,1,0,1,0,1,0,0,0,1,1,0,0,1,0,0,0,0,0,1,1,0,0,0,0,0,1,0,0,0,1,0,0,0,0,0,0,0,0,0,0,0,0,0,0,0,0,0,0,0,1,0,1,0,0,0,0,0,0,1,0,0,0,0,0,0,0,1,0,0,0,0,0,0,1,1,0,0,0,1,1,0,0,0,0,1,0,0,0,1,1,0,0,0,0,0,0,0,1,0,0,1,0,0,0,0,0,1,1,1,0,0,0,0,0,1,0,0,0,0,0,1,0,0,0,1,0,1,1,0,1,0,1,0,0,1,0,1,0,0,0,0,0,1,0,0,0,0,1,1,0,1,0,0,0,0,0,1,0,1,1,0,0,0,0,0,0,0,0,0,1,0,1,0,0,0,0,0,1,0,1,0,0
0,0,0,1,1,1,1,0,1,0,1,0,1,1,0,1,1,0,0,0,0,0,0,0,0,1,1,1,0,0,1,1,0,1,1,0,0,0,0,0,0,1,0,1,0,1,0,1,0,1,1,0,1,1,0,1,0,0,0,0,0,1,1,1,1,1,1,1,0,0,1,1,0,0,1,0,0,1,0,1,1,1,1,1,1,1,0,1,1,1,0,1,1,1,1,0,1,0,0,1,0,1,1,1,1,0,1,0,1,1,1,1,0,0,0,1,1,0,1,0,0,1,1,0,0,0,1,0,0,0,1,1,0,0,0,1,0,0,0,0,1,0,0,1,0,0,0,1,1,0,0,0,0,0,0,0,0,0,0,0,1,0,0,1,1,0,0,0,0,0,1,0,0,0,1,0,1,1,0,0,1,0,0,0,0,1,0,0,0,0,0,0,0,0,0,0,0,0,0,0,0,0,0,0,0,0,0,0,0,0,0,0,0,0,0,0,0,0,0,0,0
0,1,0,1,1,1,1,0,1,0,1,0,1,1,0,1,1,1,0,0,0,0,0,0,0,1,1,1,1,0,1,1,0,1,1,0,0,0,1,0,0,1,0,1,1,1,0,1,0,1,1,0,1,1,1,1,0,0,0,1,1,1,1,1,1,1,1,1,0,0,1,1,1,0,1,1,0,1,0,1,1,1,1,1,1,1,0,1,1,1,0,1,1,1,1,0,1,0,0,1,0,1,1,1,1,0,1,0,1,1,1,1,0,0,0,1,1,0,1,0,0,1,1,0,0,0,1,0,0,0,1,1,0,0,0,1,0,0,0,0,1,0,0,1,0,0,0,1,1,0,0,0,0,0,0,0,0,0,0,0,1,0,0,1,1,0,0,0,0,0,1,0,0,0,1,0,1,1,0,0,1,0,0,0,0,1,0,0,0,0,0,0,0,0,0,1,0,0,0,0,0,0,0,0,0,0,0,0,0,0,0,0,0,0,0,0,0,0,0,0,0
0,1,0,1,1,1,1,0,1,0,1,0,1,1,0,1,1,1,0,0,0,0,0,0,0,1,1,1,1,0,1,1,0,1,1,0,0,0,1,0,0,1,0,1,1,1,0,1,0,1,1,1,1,1,1,1,0,0,0,1,1,1,1,1,1,1,1,1,0,0,1,1,1,0,1,1,0,1,0,1,1,1,1,1,1,1,0,1,1,1,0,1,1,1,1,0,1,0,0,1,0,1,1,1,1,0,1,0,1,1,1,1,0,0,0,1,1,0,1,0,0,1,1,0,0,0,1,0,0,0,1,1,0,0,0,1,0,0,0,0,1,0,0,1,0,0,0,1,1,0,0,0,0,0,0,0,0,0,0,0,1,0,0,1,1,0,0,0,0,0,1,0,0,0,1,0,1,1,0,0,1,0,0,0,0,1,0,0,0,0,0,0,0,0,0,1,1,0,0,0,0,0,0,0,0,0,0,0,0,0,0,0,0,1,0,0,0,0,0,0,0
0,0,0,1,1,1,1,1,1,0,1,0,1,1,0,1,1,0,0,0,0,0,0,0,0,1,1,1,0,0,1,1,0,1,1,0,0,0,1,0,0,1,1,1,1,1,0,1,1,1,1,1,1,1,0,1,1,0,0,0,0,1,1,1,1,1,1,1,1,0,1,1,1,0,1,1,0,1,1,1,1,1,1,1,1,1,1,1,1,1,0,1,1,1,1,0,1,0,0,1,0,1,1,1,1,0,1,1,1,1,1,1,0,0,0,1,1,0,1,0,0,1,1,0,0,0,1,0,0,0,1,1,1,1,0,1,0,0,0,0,1,1,0,1,0,0,0,1,1,0,1,0,0,0,0,0,0,0,0,0,1,0,0,1,1,1,1,0,1,0,1,0,0,0,1,1,1,1,0,0,1,0,0,0,0,1,0,0,0,0,0,0,0,0,0,0,0,0,0,0,0,0,0,0,0,0,0,0,0,0,0,0,0,0,0,0,0,0,0,0,0
0,0,0,1,1,1,1,1,1,0,1,0,1,1,0,1,1,0,0,0,0,0,0,0,0,1,1,1,0,0,1,1,0,1,1,0,0,0,1,0,0,1,1,1,1,1,0,1,1,1,1,1,1,1,0,1,1,0,0,0,0,1,1,1,1,1,1,1,1,0,1,1,1,0,1,1,0,1,1,1,1,1,1,1,1,1,1,1,1,1,0,1,1,1,1,1,1,0,0,1,0,1,1,1,1,0,1,1,1,1,1,1,0,0,0,1,1,1,1,0,1,1,1,0,1,0,1,1,0,0,1,1,0,0,0,1,0,0,0,1,1,0,0,1,0,1,0,1,1,0,1,1,0,0,0,0,0,0,0,0,1,0,0,1,1,0,0,0,0,0,1,0,0,0,1,0,1,1,1,0,1,1,0,0,1,1,0,0,0,0,0,0,0,0,0,0,0,0,0,0,0,0,0,0,0,0,0,0,0,0,0,0,0,0,0,0,0,0,0,0,0
0,1,0,1,1,1,1,0,1,0,1,0,1,1,0,1,1,1,0,0,0,0,0,0,0,1,1,1,1,0,1,1,0,1,1,0,0,0,1,1,0,1,0,1,1,1,0,1,1,1,1,1,1,1,1,1,0,1,1,1,1,1,1,1,1,1,1,1,1,0,1,1,1,0,1,1,0,1,0,1,1,1,1,1,1,1,0,1,1,1,1,1,1,1,1,0,1,1,0,1,0,1,1,1,1,0,1,0,1,1,1,1,1,1,0,1,1,1,1,0,0,1,1,1,0,0,1,1,1,0,1,1,0,0,0,1,1,0,0,1,1,0,0,1,0,1,1,1,1,0,0,0,0,1,0,0,0,0,0,1,1,0,0,1,1,1,0,0,1,0,1,0,0,1,1,1,1,1,0,0,1,1,0,0,0,1,1,0,0,1,0,1,0,0,0,1,0,0,0,0,0,1,1,0,0,0,0,1,0,0,0,0,0,0,1,0,0,0,0,0,0
1,1,1,1,0,1,1,0,0,0,0,0,0,0,0,1,1,1,1,0,0,1,1,1,1,0,1,0,1,1,1,0,0,0,0,0,0,0,0,1,0,1,1,1,0,0,0,1,1,0,0,1,0,0,0,0,0,1,1,0,0,0,1,0,0,0,0,0,1,0,0,1,0,1,0,0,0,0,0,0,1,0,0,0,0,0,0,0,1,0,1,0,0,0,0,1,0,1,0,0,0,0,0,0,0,0,0,1,0,0,0,1,1,1,0,0,0,1,1,0,1,0,0,1,0,0,1,1,1,0,0,0,1,0,0,0,1,0,0,1,0,1,0,0,0,1,1,1,1,0,1,0,0,1,1,0,0,1,0,1,1,0,1,1,0,1,0,0,1,0,0,0,0,1,0,1,1,0,0,0,0,1,0,1,1,0,1,0,1,1,0,1,1,1,0,1,0,1,1,0,0,1,0,1,1,0,1,1,1,1,0,0,0,1,1,0,1,1,0,0,0
1,1,1,1,0,1,1,0,0,0,1,1,0,0,0,1,1,1,1,0,0,1,1,1,1,0,1,0,1,1,1,0,0,0,0,0,1,0,0,1,0,1,1,1,0,0,0,1,1,0,0,1,0,0,0,0,0,1,1,0,0,0,1,0,0,0,0,0,1,0,0,1,0,1,0,0,0,0,0,0,1,0,0,0,0,0,0,0,1,0,1,0,0,0,0,1,0,1,0,0,0,0,0,0,0,0,0,1,0,0,0,1,1,1,0,0,0,1,1,0,1,0,0,1,0,0,0,1,1,0,0,0,1,0,0,0,1,0,0,1,0,1,0,0,0,1,1,1,0,0,1,0,0,1,1,0,0,1,0,1,1,0,1,1,0,1,0,0,1,0,0,0,0,1,0,1,1,0,0,0,0,1,0,1,1,0,1,0,1,1,0,1,1,0,0,1,1,1,1,0,0,1,0,1,0,0,1,1,1,1,0,0,0,1,1,0,1,1,0,0,0
0,1,1,1,0,1,1,1,0,0,1,0,0,1,1,0,0,1,1,0,0,1,1,1,1,0,1,0,1,1,1,0,0,1,0,0,0,1,1,1,0,1,0,1,0,0,0,1,1,0,0,1,0,1,1,0,1,1,1,0,0,0,1,1,1,0,0,0,1,0,0,1,0,0,0,1,0,0,1,0,1,0,0,1,0,0,1,0,1,0,1,0,0,0,0,0,1,1,0,1,0,0,0,0,0,0,0,1,0,0,0,1,1,1,1,1,1,1,1,0,1,0,0,1,0,1,0,1,1,0,0,0,1,1,0,1,1,0,1,1,0,0,0,1,0,1,1,1,0,0,0,0,0,1,0,0,0,0,0,1,1,1,0,1,0,1,1,0,1,0,1,0,0,1,0,1,1,1,0,1,1,1,0,1,0,0,1,1,1,1,0,1,1,0,0,1,0,1,1,0,0,1,1,1,0,0,0,1,1,0,0,0,1,0,1,0,1,0,0,0,1
0,1,0,1,1,1,1,1,0,0,0,0,0,0,0,0,0,1,1,0,0,1,1,1,1,0,1,0,1,1,1,0,0,1,0,0,0,1,1,0,0,1,0,1,0,0,0,1,1,0,0,1,0,1,1,0,1,0,0,0,0,0,1,1,1,0,0,0,1,0,0,1,0,0,0,1,0,0,1,0,1,0,0,1,0,0,1,0,1,0,0,0,0,0,0,0,1,0,0,1,0,0,0,0,0,0,0,1,0,0,0,1,0,0,0,1,1,0,1,0,1,0,0,0,0,0,0,1,0,0,0,0,1,1,0,1,0,0,1,1,0,0,0,1,0,0,0,1,0,0,0,0,0,1,0,0,0,0,0,0,1,0,0,1,0,1,1,0,0,0,1,0,0,0,0,0,1,1,0,0,1,1,0,1,0,0,1,0,1,1,0,0,1,0,0,1,0,1,0,0,0,0,0,1,0,0,0,0,0,0,0,0,0,0,0,0,0,0,0,0,0
1,1,1,1,0,1,1,1,0,1,0,0,0,0,0,0,0,1,1,0,0,1,1,1,1,0,1,0,1,1,1,0,1,1,0,0,0,1,1,1,1,1,1,1,0,0,1,1,1,0,0,1,0,1,1,0,1,1,1,0,0,0,1,1,1,0,0,0,1,0,0,1,0,0,0,1,0,0,1,0,1,0,0,1,0,0,1,0,1,0,1,0,0,0,0,0,1,1,1,1,1,0,0,0,0,0,0,1,0,0,0,1,1,1,0,1,1,1,1,1,1,0,0,1,0,0,0,1,1,0,0,0,1,1,0,1,1,1,1,1,0,0,1,1,0,1,1,1,0,0,1,0,0,1,0,0,0,0,0,1,1,0,0,1,0,1,1,0,1,0,1,0,0,1,0,1,1,1,0,0,1,1,0,1,0,0,1,0,1,1,0,1,1,0,0,1,0,1,0,0,0,1,1,1,0,0,0,1,0,0,0,0,0,0,1,0,0,0,0,0,0
0,1,1,1,0,1,1,1,0,0,0,0,0,0,0,0,0,1,1,0,0,1,1,1,1,0,1,0,1,1,1,0,0,1,0,0,0,1,1,1,0,1,0,1,0,0,0,1,1,0,0,1,0,1,1,0,1,1,1,0,0,0,1,1,1,0,0,0,1,0,0,1,0,0,0,1,0,0,1,0,1,0,0,1,0,0,1,0,1,0,1,0,0,0,0,0,1,1,0,1,0,0,0,0,0,0,0,1,0,0,0,1,1,1,0,1,1,1,1,0,1,0,0,1,0,0,0,1,1,0,0,0,1,1,0,1,1,0,1,1,0,0,0,1,0,1,1,1,0,0,0,0,0,1,0,0,0,0,0,1,1,0,0,1,0,1,1,0,1,0,1,0,0,1,0,1,1,1,0,0,1,1,0,1,0,0,1,0,1,1,0,1,1,0,0,1,0,1,0,0,0,1,1,1,0,0,0,1,0,0,0,0,0,0,1,0,0,0,0,0,0
0,1,0,1,0,1,1,0,0,1,0,0,0,0,0,0,0,1,1,0,0,1,1,1,1,0,1,0,1,1,1,0,1,1,0,0,0,1,1,0,1,1,0,1,0,0,1,1,1,0,0,1,0,1,1,0,1,0,0,0,0,0,1,1,1,0,0,0,1,0,0,1,0,0,0,1,0,0,1,0,1,0,0,1,0,0,1,0,1,0,0,0,0,0,0,0,1,0,1,1,1,0,0,0,0,0,0,1,0,0,0,1,0,0,0,1,1,0,1,1,1,0,0,0,0,0,0,1,0,0,0,0,1,1,0,1,0,1,1,1,0,0,1,1,0,0,0,1,0,0,0,0,0,1,0,0,0,0,0,0,1,0,0,1,0,1,1,0,0,0,1,0,0,0,0,0,1,1,0,0,1,1,0,1,0,0,1,0,1,1,0,0,1,0,0,1,0,1,0,0,0,0,0,1,0,0,0,0,0,0,0,0,0,0,0,0,0,0,0,0,0
1,1,1,1,0,1,1,0,0,1,0,0,0,0,0,0,0,1,1,0,0,1,1,1,1,0,1,0,1,1,1,0,1,1,0,0,0,1,1,0,1,1,1,1,0,0,1,1,1,0,0,1,0,1,1,0,1,0,0,0,0,0,1,1,1,0,0,0,1,0,0,1,0,0,0,1,0,0,1,0,1,0,0,1,0,0,1,0,1,0,0,0,0,0,0,0,1,0,1,1,1,0,0,0,0,0,0,1,0,0,0,1,0,0,0,1,1,0,1,1,1,0,0,0,0,0,0,1,0,0,0,0,1,1,0,1,0,1,1,1,0,0,1,1,0,0,0,1,0,0,1,0,0,1,0,0,0,0,0,0,1,0,0,1,0,1,1,0,0,0,1,0,0,0,0,0,1,1,0,0,1,1,0,1,0,0,1,0,1,1,0,0,1,0,0,1,0,1,0,0,0,0,0,1,0,0,0,0,0,0,0,0,0,0,0,0,0,0,0,0,0
0,1,0,1,0,1,1,0,0,1,0,0,0,0,0,0,0,1,1,0,0,1,1,1,1,0,1,0,1,1,1,0,1,1,0,0,0,1,1,0,1,1,0,1,0,0,1,1,1,0,0,1,0,1,1,0,1,0,0,0,0,0,1,1,1,0,0,0,1,0,0,1,0,0,0,1,0,0,1,0,1,0,0,1,0,0,1,0,1,0,0,0,0,0,0,0,1,0,1,1,1,0,0,0,0,0,0,1,0,0,0,1,0,0,0,1,1,0,1,1,1,0,0,0,0,0,0,1,0,0,0,0,1,1,0,1,0,1,1,1,0,0,1,1,0,0,0,1,0,0,0,0,0,1,0,0,0,0,0,0,1,0,0,1,0,1,1,0,0,0,1,0,0,0,0,0,1,1,0,0,1,1,0,1,0,0,1,0,1,1,0,0,1,0,0,1,0,1,0,0,0,0,0,1,0,0,0,0,0,0,0,0,0,0,0,0,0,0,0,0,0
1,1,1,1,0,1,1,0,0,0,0,0,0,0,0,0,0,1,1,0,0,1,1,1,1,0,1,0,1,1,1,0,0,1,0,0,0,1,1,1,0,1,0,1,0,0,0,1,0,0,0,1,0,1,1,0,1,0,0,0,0,0,1,1,1,0,0,0,1,0,0,1,0,0,0,1,0,0,1,0,1,0,0,1,0,0,1,0,1,0,0,0,0,0,0,0,1,0,0,1,0,0,0,0,0,0,0,1,0,0,0,1,0,0,0,1,1,0,1,0,1,0,0,0,0,0,0,1,0,0,0,0,1,1,0,1,0,0,1,1,0,0,0,1,0,0,0,1,0,0,1,0,0,1,0,0,0,0,0,0,1,0,0,1,0,1,1,0,0,0,1,0,0,0,0,0,1,1,0,0,1,1,0,1,0,0,1,0,1,1,0,0,1,0,0,1,0,1,0,0,0,0,0,1,0,0,0,0,0,0,0,0,0,0,0,0,0,0,0,0,0
0,1,0,1,0,1,1,0,0,1,0,0,0,0,0,0,0,1,1,0,0,1,1,1,1,0,1,0,1,1,1,0,1,1,0,0,0,1,1,0,1,1,0,1,0,0,1,1,1,0,0,1,0,1,1,0,1,0,0,0,0,0,1,1,1,0,0,0,1,0,0,1,0,0,0,1,0,0,1,0,1,0,0,1,0,0,1,0,1,0,0,0,0,0,0,0,1,0,1,1,1,0,0,0,0,0,0,1,0,0,0,1,0,0,0,1,1,0,1,1,1,0,0,0,0,0,0,1,0,0,0,0,1,1,0,1,0,1,1,1,0,0,1,1,0,0,0,1,0,0,0,0,0,1,0,0,0,0,0,0,1,0,0,1,0,1,1,0,0,0,1,0,0,0,0,0,1,1,0,0,1,1,0,1,0,0,1,0,1,1,0,0,1,0,0,1,0,1,0,0,0,0,0,1,0,0,0,0,0,0,0,0,0,0,0,0,0,0,0,0,0
0,1,0,1,0,1,1,0,0,0,0,0,0,0,0,0,0,1,1,0,0,1,1,1,1,0,1,0,1,1,1,0,0,1,0,0,0,1,1,0,0,1,0,1,0,0,0,1,1,0,0,1,0,1,1,0,1,0,0,0,0,0,1,1,1,0,0,0,1,0,0,1,0,0,0,1,0,0,1,0,1,0,0,1,0,0,1,0,1,0,0,0,0,0,0,0,1,0,0,1,0,0,0,0,0,0,0,1,0,0,0,1,0,0,0,1,1,0,1,0,1,0,0,0,0,0,0,1,0,0,0,0,1,1,0,1,0,0,1,1,0,0,0,1,0,0,0,1,0,0,0,0,0,1,0,0,0,0,0,0,1,0,0,1,0,1,1,0,0,0,1,0,0,0,0,0,1,1,0,0,1,1,0,1,0,0,1,0,1,1,0,0,1,0,0,1,0,1,0,0,0,0,0,1,0,0,0,0,0,0,0,0,0,0,0,0,0,0,0,0,0
0,1,1,1,0,1,1,0,0,0,0,0,0,0,0,0,0,1,1,0,0,1,1,1,1,0,1,0,1,1,1,0,0,1,0,0,0,1,1,0,0,1,1,1,0,0,0,1,1,0,0,1,0,1,1,0,1,0,0,0,0,0,1,1,1,0,0,0,1,0,0,1,0,0,0,1,0,0,1,0,1,0,0,1,0,0,1,0,1,0,0,0,0,0,0,0,1,0,0,1,0,0,0,0,0,0,0,1,0,0,0,1,0,0,0,1,1,0,1,0,1,0,0,0,0,0,0,1,0,0,0,0,1,1,0,1,0,0,1,1,0,0,0,1,0,0,0,1,0,0,1,0,0,1,0,0,0,0,0,0,1,0,0,1,0,1,1,0,0,0,1,0,0,0,0,0,1,1,0,0,1,1,0,1,0,0,1,0,1,1,0,0,1,0,0,1,0,1,0,0,0,0,0,1,0,0,0,0,0,0,0,0,0,0,0,0,0,0,0,0,0
0,1,1,1,0,1,1,0,0,1,0,0,0,0,0,0,0,1,1,0,0,1,1,1,1,0,1,0,1,1,1,0,1,1,0,0,0,1,1,0,1,1,1,1,0,0,1,1,1,0,0,1,0,1,1,0,1,0,0,0,0,0,1,1,1,0,0,0,1,0,0,1,0,0,0,1,0,0,1,0,1,0,0,1,0,0,1,0,1,0,0,0,0,0,0,0,1,0,1,1,1,0,0,0,0,0,0,1,0,0,0,1,0,0,0,1,1,0,1,1,1,0,0,0,0,0,0,1,0,0,0,0,1,1,0,1,0,1,1,1,0,0,1,1,0,0,0,1,0,0,1,0,0,1,0,0,0,0,0,0,1,0,0,1,0,1,1,0,0,0,1,0,0,0,0,0,1,1,0,0,1,1,0,1,0,0,1,0,1,1,0,0,1,0,0,1,0,1,0,0,0,0,0,1,0,0,0,0,0,0,0,0,0,0,0,0,0,0,0,0,0
0,1,0,1,0,1,1,0,0,0,0,0,0,0,0,0,0,1,1,0,0,1,1,1,1,0,1,0,1,1,1,0,0,1,0,0,0,1,1,0,0,1,0,1,0,0,0,1,1,0,0,1,0,1,1,0,1,0,0,0,0,0,1,1,1,0,0,0,1,0,0,1,0,0,0,1,0,0,1,0,1,0,0,1,0,0,1,0,1,0,0,0,0,0,0,0,1,0,0,1,0,0,0,0,0,0,0,1,0,0,0,1,0,0,0,1,1,0,1,0,1,0,0,0,0,0,0,1,0,0,0,0,1,1,0,1,0,0,1,1,0,0,0,1,0,0,0,1,0,0,0,0,0,1,0,0,0,0,0,0,1,0,0,1,0,1,1,0,0,0,1,0,0,0,0,0,1,1,0,0,1,1,0,1,0,0,1,0,1,1,0,0,1,0,0,1,0,1,0,0,0,0,0,1,0,0,0,0,0,0,0,0,0,0,0,0,0,0,0,0,0
1,1,1,1,0,1,1,0,0,0,0,0,0,0,0,0,0,1,1,0,0,1,1,1,1,0,1,0,1,1,1,0,0,1,0,0,0,1,1,0,0,1,1,1,0,0,0,1,1,0,0,1,0,1,1,0,1,0,0,0,0,0,1,1,1,0,0,0,1,0,0,1,0,0,0,1,0,0,1,0,1,0,0,1,0,0,1,0,1,0,0,0,0,0,0,0,1,0,0,1,0,0,0,0,0,0,0,1,0,0,0,1,0,0,0,1,1,0,1,0,1,0,0,0,0,0,0,1,0,0,0,0,1,1,0,1,0,0,1,1,0,0,0,1,0,0,0,1,0,0,1,0,0,1,0,0,0,0,0,0,1,0,0,1,0,1,1,0,0,0,1,0,0,0,0,0,1,1,0,0,1,1,0,1,0,0,1,0,1,1,0,0,1,0,0,1,0,1,0,0,0,0,0,1,0,0,0,0,0,0,0,0,0,0,0,0,0,0,0,0,0
0,1,1,1,0,1,1,0,0,1,0,0,0,0,0,0,0,1,1,0,0,1,1,1,1,0,1,0,1,1,1,0,1,1,0,0,0,1,1,0,1,1,1,1,0,0,1,1,1,0,0,1,0,1,1,0,1,0,0,0,0,0,1,1,1,0,0,0,1,0,0,1,0,0,0,1,0,0,1,0,1,0,0,1,0,0,1,0,1,0,0,0,0,0,0,0,1,0,1,1,1,0,0,0,0,0,0,1,0,0,0,1,0,0,0,1,1,0,1,1,1,0,0,0,0,0,0,1,0,0,0,0,1,1,0,1,0,1,1,1,0,0,1,1,0,0,0,1,0,0,1,0,0,1,0,0,0,0,0,0,1,0,0,1,0,1,1,0,0,0,1,0,0,0,0,0,1,1,0,0,1,1,0,1,0,0,1,0,1,1,0,0,1,0,0,1,0,1,0,0,0,0,0,1,0,0,0,0,0,0,0,0,0,0,0,0,0,0,0,0,0
1,1,1,1,0,1,1,1,0,0,0,0,0,0,0,0,0,1,1,0,0,1,1,1,1,0,1,0,1,1,1,0,0,1,0,0,0,1,1,1,0,1,1,1,0,0,0,1,1,0,0,1,0,1,1,0,1,1,1,0,0,0,1,1,1,0,0,0,1,0,0,1,0,0,0,1,0,0,1,0,1,0,0,1,0,0,1,0,1,0,1,0,0,0,0,0,1,1,0,1,0,0,0,0,0,0,0,1,0,0,0,1,1,1,0,1,1,1,1,0,1,0,0,1,0,0,0,1,1,0,0,0,1,1,0,1,1,0,1,1,0,0,0,1,0,1,1,1,0,0,1,0,0,1,0,0,0,0,0,1,1,0,0,1,0,1,1,0,1,0,1,0,0,1,0,1,1,1,0,0,1,1,0,1,0,0,1,1,1,1,0,0,1,0,0,1,0,1,0,0,0,0,0,1,0,0,0,0,0,0,0,0,0,0,0,0,0,0,0,0,0
1,1,1,1,0,1,1,1,0,0,0,0,0,0,0,0,0,1,1,0,0,1,1,1,1,0,1,0,1,1,1,0,0,1,0,0,0,1,1,1,0,1,1,1,0,0,0,1,1,0,0,1,0,1,1,0,1,1,1,0,0,0,1,1,1,0,0,0,1,0,0,1,0,0,0,1,0,0,1,0,1,0,0,1,0,0,1,0,1,0,1,0,0,0,0,0,1,1,0,1,0,0,0,0,0,0,0,1,0,0,0,1,1,1,0,1,1,1,1,0,1,0,0,1,0,0,0,1,1,0,0,0,1,1,0,1,1,0,1,1,0,0,0,1,0,1,1,1,0,0,1,0,0,1,0,0,0,0,0,1,1,0,0,1,0,1,1,0,1,0,1,0,0,1,0,1,1,1,0,0,1,1,0,1,0,0,1,1,1,1,0,0,1,0,0,1,1,1,0,0,0,0,0,1,0,0,0,0,0,0,0,0,0,1,0,0,0,0,0,0,0
1,1,1,1,0,1,1,1,0,0,0,0,0,0,0,0,0,1,1,0,0,1,1,1,1,0,1,0,1,1,1,0,0,1,0,0,0,1,1,1,0,1,0,1,0,0,0,1,1,0,0,1,0,1,1,0,1,1,1,0,0,0,1,1,1,0,0,0,1,0,0,1,0,0,0,1,0,0,1,0,1,0,0,1,0,0,1,0,1,0,1,0,0,0,0,0,1,1,0,1,0,0,0,0,0,0,0,1,0,0,0,1,1,1,0,1,1,1,1,0,1,0,0,1,0,0,0,1,1,0,0,0,1,1,0,1,1,0,1,1,0,0,0,1,0,1,1,1,0,0,0,0,0,1,0,0,0,0,0,1,1,0,0,1,0,1,1,0,1,0,1,0,0,1,0,1,1,1,0,0,1,1,0,1,0,0,1,1,1,1,0,0,1,0,0,1,1,1,0,0,0,0,0,1,0,0,0,0,0,0,0,0,0,1,0,0,0,0,0,0,0
0,1,1,1,0,1,1,0,0,1,0,0,0,0,0,0,0,1,1,0,0,1,1,1,1,0,1,0,1,1,1,0,1,1,0,0,0,1,1,0,1,1,0,1,0,0,1,1,1,0,0,1,0,1,1,0,1,0,0,0,0,0,1,1,1,0,0,0,1,0,0,1,0,0,0,1,0,0,1,0,1,0,0,1,0,0,1,0,1,0,0,0,0,0,0,0,1,0,1,1,1,0,0,0,0,0,0,1,0,0,0,1,0,0,0,1,1,0,1,1,1,0,0,0,0,0,0,1,0,0,0,0,1,1,0,1,0,1,1,1,0,0,1,1,0,0,0,1,0,0,0,0,0,1,0,0,0,0,0,0,1,0,0,1,0,1,1,0,0,0,1,0,0,0,0,0,1,1,0,0,1,1,0,1,0,0,1,0,1,1,0,0,1,0,0,1,1,1,0,0,0,0,0,1,0,0,0,0,0,0,0,0,0,1,0,0,0,0,0,0,0
0,1,1,1,0,1,1,0,0,0,0,0,0,0,0,0,0,1,1,0,0,1,1,1,1,0,1,0,1,1,1,0,0,1,0,0,0,1,1,0,0,1,0,1,0,0,0,1,1,0,0,1,0,1,1,0,1,0,0,0,0,0,1,1,1,0,0,0,1,0,0,1,0,0,0,1,0,0,1,0,1,0,0,1,0,0,1,0,1,0,0,0,0,0,0,0,1,0,0,1,0,0,0,0,0,0,0,1,0,0,0,1,0,0,0,1,1,0,1,0,1,0,0,0,0,0,0,1,0,0,0,0,1,1,0,1,0,0,1,1,0,0,0,1,0,0,0,1,0,0,0,0,0,1,0,0,0,0,0,0,1,0,0,1,0,1,1,0,0,0,1,0,0,0,0,0,1,1,0,0,1,1,0,1,0,0,1,0,1,1,0,0,1,0,0,1,1,1,0,0,0,0,0,1,0,0,0,0,0,0,0,0,0,1,0,0,0,0,0,0,0
1,1,1,1,0,1,1,0,0,0,0,0,0,0,0,0,0,1,1,0,0,1,1,1,1,0,1,0,1,1,1,0,0,1,0,0,0,1,1,0,0,1,0,1,0,0,0,1,1,0,0,1,0,1,1,0,1,0,0,0,0,0,1,1,1,0,0,0,1,0,0,1,0,0,0,1,0,0,1,0,1,0,0,1,0,0,1,0,1,0,0,0,0,0,0,0,1,0,0,1,0,0,0,0,0,0,0,1,0,0,0,1,0,0,0,1,1,0,1,0,1,0,0,0,0,0,0,1,0,0,0,0,1,1,0,1,0,0,1,1,0,0,0,1,0,0,0,1,0,0,0,0,0,1,0,0,0,0,0,0,1,0,0,1,0,1,1,0,0,0,1,0,0,0,0,0,1,1,0,0,1,1,0,1,0,0,1,0,1,1,0,0,1,0,0,1,1,1,0,0,0,0,0,1,0,0,0,0,0,0,0,0,0,1,0,0,0,0,0,0,0
1,1,1,1,0,1,1,0,0,0,0,0,0,0,0,0,0,1,1,0,0,1,1,1,1,0,1,0,1,1,1,0,0,1,0,0,0,1,1,0,0,1,1,1,0,0,0,1,1,0,0,1,0,1,1,0,1,0,0,0,0,0,1,1,1,0,0,0,1,0,0,1,0,0,0,1,0,0,1,0,1,0,0,1,0,0,1,0,1,0,0,0,0,0,0,0,1,0,0,1,0,0,0,0,0,0,0,1,0,0,0,1,0,0,0,1,1,0,1,0,1,0,0,0,0,0,0,1,0,0,0,0,1,1,0,1,0,0,1,1,0,0,0,1,0,0,0,1,0,0,1,0,0,1,0,0,0,0,0,0,1,0,0,1,0,1,1,0,0,0,1,0,0,0,0,0,1,1,0,0,1,1,0,1,0,0,1,0,1,1,0,0,1,0,0,1,1,1,0,0,0,0,0,1,0,0,0,0,0,0,0,0,0,1,0,0,0,0,0,0,0
1,1,1,1,0,1,1,0,0,0,0,0,0,0,0,0,0,1,1,0,0,1,1,1,1,0,1,0,1,1,1,0,0,1,0,0,0,1,1,0,0,1,0,1,0,0,0,1,1,0,0,1,0,1,1,0,1,0,0,0,0,0,1,1,1,0,0,0,1,0,0,1,0,0,0,1,0,0,1,0,1,0,0,1,0,0,1,0,1,0,0,0,0,0,0,0,1,0,0,1,0,0,0,0,0,0,0,1,0,0,0,1,0,0,0,1,1,0,1,0,1,0,0,0,0,0,0,1,0,0,0,0,1,1,0,1,0,0,1,1,0,0,0,1,0,0,0,1,0,0,0,0,0,1,0,0,0,0,0,0,1,0,0,1,0,1,1,0,0,0,1,0,0,0,0,0,1,1,0,0,1,1,0,1,0,0,1,0,1,1,0,0,1,0,0,1,1,1,0,0,0,0,0,1,0,0,0,0,0,0,0,0,0,1,0,0,0,0,0,0,0
0,1,0,1,0,1,1,0,0,0,0,0,0,0,0,0,0,1,1,0,0,1,1,1,1,0,1,0,1,1,1,0,0,1,0,0,0,1,1,0,0,1,0,1,0,0,0,1,1,0,0,1,0,1,1,0,1,0,0,0,0,0,1,1,1,0,0,0,1,0,0,1,0,0,0,1,0,0,1,0,1,0,0,1,0,0,1,0,1,0,0,0,0,0,0,0,1,0,0,1,0,0,0,0,0,0,0,1,0,0,0,1,0,0,0,1,1,0,1,0,1,0,0,0,0,0,0,1,0,0,0,0,1,1,0,1,0,0,1,1,0,0,0,1,0,0,0,1,0,0,0,0,0,1,0,0,0,0,0,0,1,0,0,1,0,1,1,0,0,0,1,0,0,0,0,0,1,1,0,0,1,1,0,1,0,0,1,0,1,1,0,0,1,0,0,1,0,1,0,0,0,0,0,1,0,0,0,0,0,0,0,0,0,0,0,0,0,0,0,0,0
0,1,1,1,0,1,1,0,0,0,0,0,0,0,0,0,0,1,1,0,0,1,1,1,1,0,1,0,1,1,1,0,0,1,0,0,0,1,1,0,0,1,1,1,0,0,0,1,1,0,0,1,0,1,1,0,1,0,0,0,0,0,1,1,1,0,0,0,1,0,0,1,0,0,0,1,0,0,1,0,1,0,0,1,0,0,1,0,1,0,0,0,0,0,0,0,1,0,0,1,0,0,0,0,0,0,0,1,0,0,0,1,0,0,0,1,1,0,1,0,1,0,0,0,0,0,0,1,0,0,0,0,1,1,0,1,0,0,1,1,0,0,0,1,0,0,0,1,0,0,1,0,0,1,0,0,0,0,0,0,1,0,0,1,0,1,1,0,0,0,1,0,0,0,0,0,1,1,0,0,1,1,0,1,0,0,1,0,1,1,0,0,1,0,0,1,0,1,0,0,0,0,0,1,0,0,0,0,0,0,0,0,0,0,0,0,0,0,0,0,0
1,1,1,1,1,0,0,0,0,1,0,0,0,0,0,1,1,1,1,1,1,1,1,1,1,1,1,1,1,1,0,0,1,1,0,0,1,0,1,0,1,1,0,0,1,1,1,1,0,0,0,1,0,1,1,0,0,0,0,1,1,1,0,1,1,1,0,1,0,0,1,0,1,0,0,1,0,0,0,1,0,0,0,1,0,0,0,1,1,1,0,1,0,0,0,0,1,0,1,1,1,1,0,0,1,1,1,0,0,1,1,1,0,0,0,1,1,0,1,1,0,1,0,0,0,0,0,0,0,0,1,1,0,0,0,1,0,1,1,0,0,0,1,1,1,0,0,1,0,0,0,0,0,0,0,1,0,0,0,0,1,0,0,1,0,0,0,0,0,0,1,0,0,0,0,0,1,1,0,0,1,0,0,0,0,0,0,0,0,0,0,0,0,0,0,1,1,0,0,0,0,0,0,0,0,0,1,0,0,0,0,1,0,1,0,1,0,1,0,1,0
1,1,1,1,1,0,0,0,0,1,0,0,0,0,0,1,1,1,1,1,1,1,1,1,1,1,1,1,1,1,0,0,1,1,0,0,1,0,1,0,1,1,0,0,1,1,1,1,0,0,0,1,0,1,1,0,0,0,0,1,1,1,0,1,1,1,0,1,0,0,1,0,1,0,0,1,0,0,0,1,0,0,0,1,0,0,0,1,1,1,0,1,0,0,0,0,1,0,1,1,1,1,0,0,1,1,1,0,0,1,1,1,0,0,0,1,1,0,1,1,0,1,0,0,0,0,0,0,0,0,1,1,0,0,0,1,0,1,1,0,0,0,1,1,1,0,0,1,0,0,0,0,0,0,0,1,0,0,0,0,1,0,0,1,0,0,0,0,0,0,1,0,0,0,0,0,1,1,0,0,1,0,0,0,0,0,0,0,0,0,0,0,0,0,0,1,1,0,0,0,0,0,0,0,0,0,1,0,0,0,0,1,0,1,0,1,0,1,0,1,0
1,1,1,1,1,0,0,0,0,0,0,0,0,0,0,1,1,1,1,1,1,1,1,1,1,1,1,1,1,1,0,0,0,1,0,0,1,0,1,0,0,1,0,0,1,1,0,1,0,0,0,1,0,1,1,0,0,0,0,1,1,1,0,1,1,1,0,1,0,0,1,0,1,0,0,1,0,0,0,1,0,0,0,1,0,0,0,1,1,1,0,1,0,0,0,0,1,0,0,1,0,1,0,0,1,1,1,0,0,1,1,1,0,0,0,1,1,0,1,0,0,1,0,0,0,0,0,0,0,0,1,1,0,0,0,1,0,0,1,0,0,0,0,1,1,0,0,1,0,0,0,0,0,0,0,1,0,0,0,0,1,0,0,1,0,0,0,0,0,0,1,0,0,0,0,0,1,1,0,0,1,0,0,0,0,0,0,0,0,0,0,0,0,0,0,1,1,0,0,0,0,0,0,0,0,0,1,0,0,0,0,1,0,1,0,1,0,1,0,1,0
1,1,1,1,1,0,0,0,0,0,0,0,0,0,0,1,1,1,1,1,1,1,1,1,1,1,1,1,1,1,0,0,0,1,0,0,1,0,1,0,0,1,0,0,1,1,0,1,0,0,0,1,0,1,1,0,0,0,0,1,1,1,0,1,1,1,0,1,0,0,1,0,1,0,0,1,0,0,0,1,0,0,0,1,0,0,0,1,1,1,0,1,0,0,0,0,1,0,0,1,0,1,0,0,1,1,1,0,0,1,1,1,0,0,0,1,1,0,1,0,0,1,0,0,0,0,0,0,0,0,1,1,0,0,0,1,0,0,1,0,0,0,0,1,1,0,0,1,0,0,0,0,0,0,0,1,0,0,0,0,1,0,0,1,0,0,0,0,0,0,1,0,0,0,0,0,1,1,0,0,1,0,0,0,0,0,0,0,0,0,0,0,0,0,0,1,1,0,0,0,0,0,0,0,0,0,1,0,0,0,0,1,0,1,0,1,0,1,0,1,0
1,1,1,1,1,0,0,0,0,1,0,0,0,0,0,1,1,1,1,1,1,1,1,1,1,1,1,1,1,1,0,0,1,1,0,0,1,0,1,0,1,1,0,0,1,1,1,1,0,0,0,1,0,1,1,0,0,0,0,1,1,1,0,1,1,1,0,1,0,0,1,0,1,0,0,1,0,0,0,1,0,0,0,1,0,0,0,1,1,1,0,1,0,0,0,0,1,0,1,1,1,1,0,0,1,1,1,0,0,1,1,1,0,0,0,1,1,0,1,1,0,1,0,0,0,0,0,0,0,0,1,1,0,0,0,1,0,1,1,0,0,0,1,1,1,0,0,1,0,0,0,0,0,0,0,1,0,0,0,0,1,0,0,1,0,0,0,0,0,0,1,0,0,0,0,0,1,1,0,0,1,0,0,0,0,0,0,0,0,0,0,0,0,0,0,1,1,0,0,0,0,0,0,0,0,0,1,0,0,0,0,1,0,1,0,1,0,1,0,1,0
1,1,1,1,1,0,0,0,0,1,0,0,0,0,0,1,1,1,1,1,1,1,1,1,1,1,1,1,1,1,0,0,1,1,0,0,1,0,1,0,1,1,0,0,1,1,1,1,0,0,0,1,0,1,1,0,0,0,0,1,1,1,0,1,1,1,0,1,0,0,1,0,1,0,0,1,0,0,0,1,0,0,0,1,0,0,0,1,1,1,0,1,0,0,0,0,1,0,1,1,1,1,0,0,1,1,1,0,0,1,1,1,0,0,0,1,1,0,1,1,0,1,0,0,0,0,0,0,0,0,1,1,0,0,0,1,0,1,1,0,0,0,1,1,1,0,0,1,0,0,0,0,0,0,0,1,0,0,0,0,1,0,0,1,0,0,0,0,0,0,1,0,0,0,0,0,1,1,0,0,1,0,0,0,0,0,0,0,0,0,0,0,0,0,0,1,1,0,0,0,0,0,0,0,0,0,1,0,0,0,0,1,0,1,0,1,0,1,0,1,0
0,1,0,1,1,1,0,0,0,0,1,0,1,1,1,0,0,1,1,0,0,1,1,0,0,1,1,1,1,1,1,0,0,1,0,0,0,0,0,1,0,1,1,1,0,1,0,1,1,0,0,1,1,1,0,1,0,0,0,1,0,1,1,1,1,1,0,1,1,0,1,0,0,0,0,0,1,0,0,1,0,0,0,1,1,0,0,1,1,1,0,1,1,1,0,0,1,0,0,0,0,1,1,0,1,0,1,0,0,1,0,1,0,0,0,1,0,1,1,0,0,1,1,0,0,0,0,1,1,0,1,1,0,0,0,1,0,0,0,1,1,0,0,1,0,1,0,1,0,0,1,0,0,1,0,0,0,0,0,0,1,0,0,1,0,1,0,0,1,0,0,0,0,0,1,1,1,1,0,0,1,1,0,0,0,1,1,1,0,1,0,1,0,0,0,1,1,1,1,0,0,1,0,0,0,0,1,0,0,1,0,0,0,1,0,1,0,1,0,0,0
0,1,0,1,1,1,1,0,0,0,1,0,1,1,1,0,0,1,1,0,0,1,1,0,0,1,1,0,1,1,1,0,0,1,1,0,0,0,0,1,0,1,1,1,0,1,0,1,1,0,0,1,1,1,0,1,0,1,1,1,0,1,1,1,1,1,0,1,1,1,1,0,0,0,0,0,1,0,0,1,0,0,0,1,1,0,0,1,1,1,1,1,1,1,0,0,1,1,0,0,0,1,1,0,1,0,1,0,0,1,0,1,1,1,1,1,0,1,1,0,0,1,1,1,0,1,0,1,1,0,1,1,0,0,0,1,1,0,0,1,1,0,0,1,0,1,1,1,0,0,1,0,1,1,0,0,0,0,0,1,1,1,0,1,0,1,0,0,1,0,0,0,0,1,1,1,1,1,0,1,1,1,1,0,0,1,1,1,0,1,0,1,0,0,0,1,1,1,1,0,0,1,0,0,0,0,1,1,1,1,0,0,1,1,1,1,1,1,0,0,1
0,1,0,1,1,1,1,0,0,0,1,0,1,1,1,0,0,1,1,0,0,1,1,0,0,1,1,0,1,1,1,0,0,1,0,0,0,0,0,1,0,1,1,1,0,1,0,1,1,0,0,1,1,1,0,1,0,1,1,1,0,1,1,1,1,1,0,1,1,0,1,0,0,0,0,0,1,0,0,1,0,0,0,1,1,0,0,1,1,1,1,1,1,1,0,0,1,1,0,0,0,1,1,0,1,0,1,0,0,1,0,1,1,1,0,1,0,1,1,0,0,1,1,1,0,0,0,1,1,0,1,1,0,0,0,1,1,0,0,1,1,0,0,1,0,1,1,1,0,0,1,0,0,1,0,0,0,0,0,1,1,0,0,1,0,1,0,0,1,0,0,0,0,1,1,1,1,1,0,0,1,1,0,0,0,1,1,1,0,1,0,1,0,0,0,1,1,1,1,0,0,1,0,0,0,0,1,0,1,1,0,0,0,1,0,1,1,1,0,0,0
0,1,0,1,1,1,1,0,0,0,1,0,1,1,1,0,0,1,1,0,0,1,1,0,0,1,1,0,1,1,1,0,0,1,0,0,0,0,0,1,0,1,1,1,0,1,0,1,1,0,0,1,1,1,0,1,0,1,1,1,0,1,1,1,1,1,0,1,1,0,1,0,0,0,0,0,1,0,0,1,0,0,0,1,1,0,0,1,1,1,1,1,1,1,0,0,1,1,0,0,0,1,1,0,1,0,1,0,0,1,0,1,1,1,0,1,0,1,1,0,0,1,1,1,0,0,0,1,1,0,1,1,0,0,0,1,1,0,0,1,1,0,0,1,0,1,1,1,0,0,1,0,0,1,0,0,0,0,0,1,1,0,0,1,0,1,1,0,1,0,0,0,0,1,1,1,1,1,0,0,1,1,0,0,0,1,1,1,0,1,0,1,0,0,0,1,1,1,1,0,0,1,0,0,0,0,1,0,0,1,1,0,0,1,0,1,0,1,1,0,0
0,1,0,1,1,1,0,0,0,0,1,0,1,1,1,0,0,1,1,0,0,1,1,0,0,1,1,0,1,1,1,0,0,1,0,0,0,0,0,1,0,1,1,1,0,1,0,1,1,0,0,1,1,1,0,1,0,0,0,1,0,1,1,1,1,1,0,1,1,0,1,0,0,0,0,0,1,0,0,1,0,0,0,1,1,0,0,1,1,1,0,1,1,1,0,0,1,0,0,0,0,1,1,0,1,0,1,0,0,1,0,1,0,0,0,1,0,1,1,0,0,1,1,0,0,0,0,1,1,0,1,1,0,0,0,1,0,0,0,1,1,0,0,1,0,1,0,1,0,0,1,0,0,1,0,0,0,0,0,0,1,0,0,1,0,1,0,0,1,0,0,0,0,0,1,1,1,1,0,0,1,1,0,0,0,1,1,1,0,1,0,1,0,0,0,1,1,1,1,0,0,1,0,0,0,0,1,0,0,1,0,0,0,1,0,1,0,1,0,0,0
0,1,0,1,1,1,0,0,0,0,1,0,1,1,1,0,0,1,1,0,0,1,1,0,0,1,1,0,1,1,1,0,0,1,0,0,0,0,0,1,0,1,1,1,0,1,0,1,1,0,0,1,1,1,0,1,0,0,0,1,0,1,1,1,1,1,0,1,1,0,1,0,0,0,0,0,1,0,0,1,0,0,0,1,1,0,0,1,1,1,0,1,1,1,0,0,1,0,0,0,0,1,1,0,1,0,1,0,0,1,0,1,0,0,0,1,0,1,1,0,0,1,1,0,0,0,0,1,1,0,1,1,0,0,0,1,0,0,0,1,1,0,0,1,0,1,0,1,0,0,1,0,0,1,0,0,0,0,0,0,1,0,0,1,0,1,0,0,1,0,0,0,0,0,1,1,1,1,0,0,1,1,0,0,0,1,1,1,0,1,0,1,0,0,0,1,1,1,1,0,0,1,0,0,0,0,1,0,0,1,0,0,0,1,0,1,0,1,0,0,0
0,1,0,1,1,1,0,0,0,0,1,0,1,1,1,0,0,1,1,0,0,1,1,0,0,1,1,0,1,1,1,0,0,1,0,0,0,0,0,1,0,1,1,1,0,1,0,1,1,0,0,1,1,1,0,1,0,0,0,1,0,1,1,1,1,1,0,1,1,0,1,0,0,0,0,0,1,0,0,1,0,0,0,1,1,0,0,1,1,1,0,1,1,1,0,0,1,0,0,0,0,1,1,0,1,0,1,0,0,1,0,1,0,0,0,1,0,1,1,0,0,1,1,0,0,0,0,1,1,0,1,1,0,0,0,1,0,0,0,1,1,0,0,1,0,1,0,1,0,0,1,0,0,1,0,0,0,0,0,0,1,0,0,1,0,1,0,0,1,0,0,0,0,0,1,1,1,1,0,0,1,1,0,0,0,1,1,1,0,1,0,1,0,0,0,1,1,1,1,0,0,1,0,0,0,0,1,0,0,1,0,0,0,1,0,1,0,1,0,0,0
0,1,0,1,1,1,0,0,0,0,1,0,1,1,1,0,0,1,1,0,0,1,1,0,0,1,1,0,1,1,1,0,0,1,0,0,0,0,0,1,0,1,1,1,0,1,0,1,1,0,0,1,1,1,0,1,0,0,0,1,0,1,1,1,1,1,0,1,1,0,1,0,0,0,0,0,1,0,0,1,0,0,0,1,1,0,0,1,1,1,0,1,1,1,0,0,1,0,0,0,0,1,1,0,1,0,1,0,0,1,0,1,0,0,0,1,0,1,1,0,0,1,1,0,0,0,0,1,1,0,1,1,0,0,0,1,0,0,0,1,1,0,0,1,0,1,0,1,0,0,1,0,0,1,0,0,0,0,0,0,1,0,0,1,0,1,0,0,1,0,0,0,0,0,1,1,1,1,0,0,1,1,0,0,0,1,1,1,0,1,0,1,0,0,0,1,1,1,1,0,0,1,0,0,0,0,1,0,0,1,0,0,0,1,0,1,0,1,0,0,0
0,1,0,1,1,1,0,0,0,0,1,0,1,1,1,0,0,1,1,0,0,1,1,0,0,1,1,0,1,1,1,0,0,1,0,0,0,0,0,1,0,1,1,1,0,1,0,1,1,0,0,1,1,1,0,1,0,0,0,1,0,1,1,1,1,1,0,1,1,0,1,0,0,0,0,0,1,0,0,1,0,0,0,1,1,0,0,1,1,1,0,1,1,1,0,0,1,0,0,0,0,1,1,0,1,0,1,0,0,1,0,1,0,0,0,1,0,1,1,0,0,1,1,0,0,0,0,1,1,0,1,1,0,0,0,1,0,0,0,1,1,0,0,1,0,1,0,1,0,0,1,0,0,1,0,0,0,0,0,0,1,0,0,1,0,1,0,0,1,0,0,0,0,0,1,1,1,1,0,0,1,1,0,0,0,1,1,1,0,1,0,1,0,0,0,1,1,1,1,0,0,1,0,0,0,0,1,0,0,1,0,0,0,1,0,1,0,1,0,0,0
0,1,0,1,1,1,0,0,0,0,1,0,1,1,1,0,0,1,1,0,0,1,1,0,0,1,1,0,1,1,1,0,0,1,0,0,0,0,0,1,0,1,1,1,0,1,0,1,1,0,0,1,1,1,0,1,0,0,0,1,0,1,1,1,1,1,0,1,1,0,1,0,0,0,0,0,1,0,0,1,0,0,0,1,1,0,0,1,1,1,0,1,1,1,0,0,1,0,0,0,0,1,1,0,1,0,1,0,0,1,0,1,0,0,0,1,0,1,1,0,0,1,1,0,0,0,0,1,1,0,1,1,0,0,0,1,0,0,0,1,1,0,0,1,0,1,0,1,0,0,1,0,0,1,0,0,0,0,0,0,1,0,0,1,0,1,0,0,1,0,0,0,0,0,1,1,1,1,0,0,1,1,0,0,0,1,1,1,0,1,0,1,0,0,0,1,1,1,1,0,0,1,0,0,0,0,1,0,0,1,0,0,0,1,0,1,0,1,0,0,0
0,1,0,1,1,1,0,0,0,0,1,0,1,1,1,0,0,1,1,0,0,1,1,0,0,1,1,0,1,1,1,0,0,1,0,0,0,0,0,1,0,1,1,1,0,1,0,1,1,0,0,1,1,1,0,1,0,0,0,1,0,1,1,1,1,1,0,1,1,0,1,0,0,0,0,0,1,0,0,1,0,0,0,1,1,0,0,1,1,1,0,1,1,1,0,0,1,0,0,0,0,1,1,0,1,0,1,0,0,1,0,1,0,0,0,1,0,1,1,0,0,1,1,0,0,0,0,1,1,0,1,1,0,0,0,1,0,0,0,1,1,0,0,1,0,1,0,1,0,0,1,0,0,1,0,0,0,0,0,0,1,0,0,1,0,1,0,0,1,0,0,0,0,0,1,1,1,1,0,0,1,1,0,0,0,1,1,1,0,1,0,1,0,0,0,1,1,1,1,0,0,1,0,0,0,0,1,0,0,1,0,0,0,1,0,1,0,1,0,0,0
0,1,0,1,1,1,0,0,0,1,1,0,1,1,1,0,0,1,1,0,0,1,1,0,0,1,1,0,1,1,1,0,1,1,0,0,0,0,0,1,1,1,1,1,0,1,1,1,1,0,0,1,1,1,0,1,0,0,0,1,0,1,1,1,1,1,0,1,1,0,1,0,0,0,0,0,1,0,0,1,0,0,0,1,1,0,0,1,1,1,0,1,1,1,0,0,1,0,1,0,1,1,1,0,1,0,1,0,0,1,0,1,0,0,0,1,0,1,1,1,0,1,1,0,0,0,0,1,1,0,1,1,0,0,0,1,0,1,0,1,1,0,1,1,0,1,0,1,0,0,1,0,0,1,0,0,0,0,0,0,1,0,0,1,0,1,0,0,1,0,0,0,0,0,1,1,1,1,0,0,1,1,0,0,0,1,1,1,0,1,0,1,0,0,0,1,1,1,1,0,0,1,0,0,0,0,1,0,0,1,0,0,0,1,0,1,0,1,0,0,0
0,1,0,1,1,1,0,0,0,1,1,0,1,1,1,0,0,1,1,0,0,1,1,0,0,1,1,0,1,1,1,0,1,1,0,0,0,0,0,1,1,1,1,1,0,1,1,1,1,0,0,1,1,1,0,1,0,0,0,1,0,1,1,1,1,1,0,1,1,0,1,0,0,0,0,0,1,0,0,1,0,0,0,1,1,0,0,1,1,1,0,1,1,1,0,0,1,0,1,0,1,1,1,0,1,0,1,0,0,1,0,1,0,0,0,1,0,1,1,1,0,1,1,0,0,0,0,1,1,0,1,1,0,0,0,1,0,1,0,1,1,0,1,1,0,1,0,1,0,0,1,0,0,1,0,0,0,0,0,0,1,0,0,1,0,1,0,0,1,0,0,0,0,0,1,1,1,1,0,0,1,1,0,0,0,1,1,1,0,1,0,1,0,0,0,1,1,1,1,0,0,1,0,0,0,0,1,0,0,1,0,0,0,1,0,1,0,1,0,0,0
0,1,0,1,1,1,0,0,0,0,1,0,1,1,1,0,0,1,1,0,0,1,1,0,0,1,1,0,1,1,1,0,0,1,0,0,0,0,0,1,0,1,1,1,0,1,0,1,1,0,0,1,1,1,0,1,0,0,0,1,0,1,1,1,1,1,0,1,1,0,1,0,0,0,0,0,1,0,0,1,0,0,0,1,1,0,0,1,1,1,0,1,1,1,0,0,1,0,0,0,0,1,1,0,1,0,1,0,0,1,0,1,0,0,0,1,0,1,1,0,0,1,1,0,0,0,0,1,1,0,1,1,0,0,0,1,0,0,0,1,1,0,0,1,0,1,0,1,0,0,1,0,0,1,0,0,0,0,0,0,1,0,0,1,0,1,0,0,1,0,0,0,0,0,1,1,1,1,0,0,1,1,0,0,0,1,1,1,0,1,0,1,0,0,0,1,1,1,1,0,0,1,0,0,0,0,1,0,0,1,0,0,0,1,0,1,0,1,0,0,0
0,1,0,1,1,1,0,0,0,0,1,0,1,1,1,0,0,1,1,0,0,1,1,0,0,1,1,0,1,1,1,0,0,1,0,0,0,0,0,1,0,1,1,1,0,1,0,1,1,0,0,1,1,1,0,1,0,0,0,1,0,1,1,1,1,1,0,1,1,0,1,0,0,0,0,0,1,0,0,1,0,0,0,1,1,0,0,1,1,1,0,1,1,1,0,0,1,0,0,0,0,1,1,0,1,0,1,0,0,1,0,1,0,0,0,1,0,1,1,0,0,1,1,0,0,0,0,1,1,0,1,1,0,0,0,1,0,0,0,1,1,0,0,1,0,1,0,1,0,0,1,0,0,1,0,0,0,0,0,0,1,0,0,1,0,1,0,0,1,0,0,0,0,0,1,1,1,1,0,0,1,1,0,0,0,1,1,1,0,1,0,1,0,0,0,1,1,1,1,0,0,1,0,0,0,0,1,0,0,1,0,0,0,1,0,1,0,1,0,0,0
0,1,0,1,1,1,1,0,0,0,1,0,1,1,1,0,0,1,1,0,0,1,1,0,0,1,1,0,1,1,1,0,0,1,0,0,0,0,1,1,0,1,1,1,0,1,0,1,1,0,0,1,1,1,1,1,0,0,0,1,0,1,1,1,1,1,0,1,1,0,1,0,0,0,0,1,1,0,0,1,0,0,0,1,1,0,0,1,1,1,0,1,1,1,0,0,1,0,0,1,0,1,1,0,1,0,1,0,0,1,0,1,0,0,0,1,1,1,1,0,0,1,1,0,0,0,0,1,1,0,1,1,0,0,0,1,0,0,0,1,1,0,0,1,0,1,0,1,0,0,1,0,0,1,0,0,0,0,0,0,1,0,0,1,0,1,0,0,1,0,0,0,0,0,1,1,1,1,0,0,1,1,0,0,0,1,1,1,0,1,0,1,0,0,0,1,1,1,1,0,0,1,0,0,0,0,1,0,0,1,0,0,0,1,0,1,0,1,0,0,0
0,1,0,1,1,1,1,0,0,0,1,0,1,1,1,0,0,1,1,0,0,1,1,0,0,1,1,0,1,1,1,0,0,1,1,0,0,0,0,1,0,1,1,1,0,1,0,1,1,0,0,1,1,1,0,1,0,1,1,1,0,1,1,1,1,1,0,1,1,1,1,0,0,0,0,0,1,0,0,1,0,0,0,1,1,0,0,1,1,1,0,1,1,1,0,0,1,1,0,0,0,1,1,0,1,0,1,0,0,1,0,1,1,1,0,1,0,1,1,0,0,1,1,0,0,0,0,1,1,0,1,1,0,0,0,1,0,0,0,1,1,0,0,1,0,1,1,1,0,0,1,0,1,1,0,0,0,0,0,0,1,0,0,1,0,1,0,0,1,0,0,0,0,1,1,1,1,1,0,0,1,1,1,0,0,1,1,1,0,1,0,1,0,0,0,1,1,1,1,0,0,1,0,0,0,0,1,1,0,1,0,0,0,1,1,1,0,1,0,0,0
0,1,0,1,1,1,1,0,0,0,1,0,1,1,1,0,0,1,1,0,0,1,1,0,0,1,1,0,1,1,1,0,0,1,1,0,0,0,0,1,0,1,1,1,0,1,0,1,1,0,0,1,1,1,0,1,0,1,1,1,0,1,1,1,1,1,0,1,1,1,1,0,0,0,0,0,1,0,0,1,0,0,0,1,1,0,0,1,1,1,0,1,1,1,0,0,1,1,0,0,0,1,1,0,1,0,1,0,0,1,0,1,1,1,0,1,0,1,1,0,0,1,1,0,0,0,0,1,1,0,1,1,0,0,0,1,0,0,0,1,1,0,0,1,0,1,1,1,0,0,1,0,1,1,0,0,0,0,0,0,1,0,0,1,0,1,0,0,1,0,0,0,0,1,1,1,1,1,0,0,1,1,1,0,0,1,1,1,0,1,0,1,0,0,0,1,1,1,1,0,0,1,0,0,0,0,1,0,1,1,0,0,0,1,0,1,1,1,0,0,0
0,1,0,1,1,1,0,0,0,0,1,0,1,1,1,0,0,1,1,0,0,1,1,0,0,1,1,0,1,1,1,0,0,1,0,0,0,0,1,1,0,1,1,1,0,1,0,1,1,0,0,1,1,1,1,1,0,0,0,1,0,1,1,1,1,1,0,1,1,0,1,0,0,0,0,1,1,0,0,1,0,0,0,1,1,0,0,1,1,1,0,1,1,1,0,0,1,0,0,1,0,1,1,0,1,0,1,0,0,1,0,1,0,0,0,1,1,1,1,0,0,1,1,0,0,0,0,1,1,0,1,1,0,0,0,1,0,0,0,1,1,0,0,1,0,1,0,1,0,0,1,0,0,1,0,0,0,0,0,0,1,0,0,1,0,1,0,0,1,0,1,0,0,0,1,1,1,1,0,0,1,1,0,0,0,1,1,1,0,1,0,1,0,0,0,1,1,1,1,0,0,1,0,0,0,0,1,0,0,1,0,0,0,1,0,1,0,1,0,0,0
0,1,0,1,1,1,0,0,0,0,1,0,1,1,1,0,0,1,1,0,0,1,1,0,0,1,1,0,1,1,1,0,0,1,0,0,0,0,1,1,0,1,1,1,0,1,0,1,1,0,0,1,1,1,1,1,0,0,0,1,0,1,1,1,1,1,0,1,1,0,1,0,0,0,0,1,1,0,0,1,0,0,0,1,1,0,0,1,1,1,0,1,1,1,0,0,1,0,0,1,0,1,1,0,1,0,1,0,0,1,0,1,0,0,0,1,1,1,1,0,0,1,1,0,0,0,0,1,1,0,1,1,0,0,0,1,0,0,1,1,1,0,0,1,1,1,0,1,0,0,1,0,0,1,0,1,0,0,0,0,1,0,0,1,0,1,0,0,1,0,1,0,0,0,1,1,1,1,0,0,1,1,0,0,0,1,1,1,0,1,0,1,0,0,0,1,1,1,1,0,0,1,0,0,0,0,1,0,0,1,0,1,0,1,0,1,0,1,0,1,0
0,1,0,1,1,1,0,0,0,0,1,0,1,1,1,0,0,1,1,0,0,1,1,0,0,1,1,0,1,1,1,0,0,1,0,0,0,0,0,1,0,1,1,1,0,1,0,1,1,0,0,1,1,1,0,1,0,0,0,1,0,1,1,1,1,1,0,1,1,0,1,0,0,0,0,0,1,0,0,1,0,0,0,1,1,0,0,1,1,1,0,1,1,1,0,0,1,0,0,0,0,1,1,0,1,0,1,0,0,1,0,1,0,0,0,1,0,1,1,0,0,1,1,0,0,0,0,1,1,0,1,1,0,0,0,1,0,0,0,1,1,0,0,1,0,1,0,1,0,0,1,0,0,1,0,0,0,0,0,0,1,0,0,1,0,1,0,0,1,0,0,0,0,0,1,1,1,1,0,0,1,1,0,0,0,1,1,1,0,1,0,1,0,0,0,1,1,1,1,0,0,1,0,0,0,0,1,0,0,1,0,0,0,1,0,1,0,1,0,0,0
0,1,0,1,1,1,0,0,0,0,0,0,0,0,0,1,1,1,1,0,0,1,1,1,0,1,1,0,1,0,1,0,0,1,0,0,0,0,1,0,0,1,0,1,1,1,0,1,0,0,0,1,0,1,1,0,0,0,0,1,1,1,1,1,1,1,0,1,0,0,1,1,1,0,0,1,0,1,0,1,1,0,0,1,0,1,0,1,1,1,0,1,0,0,0,1,1,0,0,1,0,1,0,0,1,1,1,1,0,1,1,1,0,0,0,1,1,0,1,0,1,1,0,0,0,0,1,0,0,0,1,1,1,0,0,1,0,0,1,0,0,1,0,1,1,0,0,1,1,0,0,0,0,0,0,1,0,1,0,0,1,0,0,1,0,0,0,0,0,0,1,1,1,0,0,0,1,1,0,0,1,0,0,1,1,0,0,0,1,0,0,0,1,0,1,1,1,0,0,0,0,0,0,1,0,0,0,0,0,0,0,1,0,0,0,0,0,0,0,1,0
0,1,0,1,1,1,0,0,0,0,0,0,0,0,0,1,1,1,1,0,0,1,1,1,0,1,1,0,1,0,1,0,0,1,0,0,0,0,1,0,0,1,0,1,1,1,0,1,0,0,0,1,0,1,1,0,0,0,0,1,1,1,1,1,1,1,0,1,0,0,1,1,1,0,0,1,0,1,0,1,1,0,0,1,0,1,0,1,1,1,0,1,0,0,0,1,1,0,0,1,0,1,0,0,1,1,1,1,0,1,1,1,0,0,0,1,1,0,1,0,1,1,0,0,0,0,0,0,0,0,1,1,1,0,0,1,0,0,1,0,0,1,0,1,1,0,0,1,0,0,0,0,0,0,0,1,0,1,0,0,1,0,0,1,0,0,0,0,0,0,1,1,1,0,0,0,1,1,0,0,1,0,0,1,1,0,0,0,1,0,0,0,1,0,1,1,1,0,0,0,0,0,0,1,0,0,0,0,0,0,0,1,0,0,0,0,0,0,0,1,0
1,1,0,1,1,1,0,0,0,0,0,0,0,0,0,1,1,1,1,0,0,1,1,1,0,1,1,0,1,0,1,0,0,1,0,0,0,0,1,0,0,1,0,1,1,1,0,1,0,0,0,1,0,1,1,0,0,0,0,1,1,1,1,1,1,1,0,1,0,0,1,1,1,0,0,1,0,1,0,1,1,0,0,1,0,1,0,1,1,1,0,1,0,0,0,1,1,0,0,1,0,1,0,0,1,1,1,1,0,1,1,1,0,0,0,1,1,0,1,0,1,1,0,0,0,0,0,0,0,0,1,1,1,0,0,1,0,0,1,0,0,1,0,1,1,0,0,1,0,0,0,0,0,0,0,1,0,1,0,0,1,0,0,1,0,0,0,0,0,0,1,1,1,0,0,0,1,1,0,0,1,0,0,1,1,0,0,0,1,0,0,0,1,0,1,1,1,0,0,0,0,0,0,1,0,0,0,0,0,0,0,1,0,0,0,0,0,0,0,1,0
1,1,0,1,1,1,0,0,0,0,0,0,0,0,0,1,1,1,1,0,0,1,1,1,0,1,1,0,1,0,1,0,0,1,0,0,0,0,1,0,0,1,0,1,1,1,0,1,0,0,0,1,0,1,1,0,0,0,0,1,1,1,1,1,1,1,0,1,0,0,1,1,1,0,0,1,0,1,0,1,1,0,0,1,0,1,0,1,1,1,0,1,0,0,0,1,1,0,0,1,0,1,0,0,1,1,1,1,0,1,1,1,0,0,0,1,1,0,1,0,1,1,0,0,0,0,0,0,0,0,1,1,1,0,0,1,0,0,1,0,0,1,0,1,1,0,0,1,0,0,0,0,0,0,0,1,0,1,0,0,1,0,0,1,0,0,0,0,0,0,1,1,1,0,0,0,1,1,0,0,1,0,0,1,1,0,0,0,1,0,0,0,1,0,1,1,1,0,0,0,0,0,0,1,0,0,0,0,0,0,0,1,0,0,0,0,0,0,0,1,0
1,1,0,1,1,1,0,0,0,0,0,0,0,0,0,1,1,1,1,0,0,1,1,1,0,1,1,0,1,0,1,0,0,1,0,0,0,0,1,0,0,1,0,1,1,1,0,1,0,0,0,1,0,1,1,0,0,0,0,1,1,1,1,1,1,1,0,1,0,0,1,1,1,0,0,1,0,1,0,1,1,0,0,1,0,1,0,1,1,1,0,1,0,0,0,1,1,0,0,1,0,1,0,0,1,1,1,1,0,1,1,1,0,0,0,1,1,0,1,0,1,1,0,0,0,0,0,0,0,0,1,1,1,0,0,1,0,0,1,0,0,1,0,1,1,0,0,1,0,0,0,0,0,0,0,1,0,1,0,0,1,0,0,1,0,0,0,0,0,0,1,1,1,0,0,0,1,1,0,0,1,0,0,1,1,0,0,0,1,0,0,0,1,0,1,1,1,0,0,0,0,0,0,1,0,0,0,0,0,0,0,1,0,0,0,0,0,0,0,1,0
1,1,0,1,1,1,0,0,0,0,0,0,0,0,0,1,1,1,1,0,0,1,1,1,0,1,1,0,1,0,1,0,0,1,0,0,0,0,1,0,0,1,0,1,1,1,0,1,0,0,0,1,0,1,1,0,0,0,0,1,1,1,1,1,1,1,0,1,0,0,1,1,1,0,0,1,0,1,0,1,1,0,0,1,0,1,0,1,1,1,0,1,0,0,0,1,1,0,0,1,0,1,0,0,1,1,1,1,0,1,1,1,0,0,0,1,1,0,1,0,1,1,0,0,0,0,0,0,0,0,1,1,1,0,0,1,0,0,1,0,0,1,0,1,1,0,0,1,0,0,0,0,0,0,0,1,0,1,0,0,1,0,0,1,0,0,0,0,0,0,1,1,1,0,0,0,1,1,0,0,1,0,0,1,1,0,0,0,1,0,0,0,1,0,1,1,1,0,0,0,0,0,0,1,0,0,0,0,0,0,0,1,0,0,0,0,0,0,0,1,0
1,1,0,1,1,1,0,0,0,0,0,0,0,0,0,1,1,1,1,0,0,1,1,1,0,1,1,0,1,0,1,0,0,1,0,0,0,0,1,0,0,1,0,1,1,1,0,1,0,0,0,1,0,1,1,0,0,0,0,1,1,1,1,1,1,1,0,1,0,0,1,1,1,0,0,1,0,1,0,1,1,0,0,1,0,1,0,1,1,1,0,1,0,0,0,1,1,0,0,1,0,1,0,0,1,1,1,1,0,1,1,1,0,0,0,1,1,0,1,0,1,1,0,0,0,0,0,0,0,0,1,1,1,0,0,1,0,0,1,0,0,1,0,1,1,0,0,1,0,0,0,0,0,0,0,1,0,1,0,0,1,0,0,1,0,0,0,0,0,0,1,1,1,0,0,0,1,1,0,0,1,0,0,1,1,0,0,0,1,0,0,0,1,0,1,1,1,0,0,0,0,0,0,1,0,0,0,0,0,0,0,1,0,0,0,0,0,0,0,1,0
1,1,0,1,1,1,0,0,0,0,0,0,0,0,0,1,1,1,1,0,0,1,1,1,0,1,1,0,1,0,1,0,0,1,0,0,0,0,1,0,0,1,0,1,1,1,0,1,0,0,0,1,0,1,1,0,0,0,0,1,1,1,1,1,1,1,0,1,0,0,1,1,1,0,0,1,0,1,0,1,1,0,0,1,0,1,0,1,1,1,0,1,0,0,0,1,1,0,0,1,0,1,0,0,1,1,1,1,0,1,1,1,0,0,0,1,1,0,1,0,1,1,0,0,0,0,0,0,0,0,1,1,1,0,0,1,0,0,1,0,0,1,0,1,1,0,0,1,0,0,0,0,0,0,0,1,0,1,0,0,1,0,0,1,0,0,0,0,0,0,1,1,1,0,0,0,1,1,0,0,1,0,0,1,1,0,0,0,1,0,0,0,1,0,1,1,1,0,0,0,0,0,0,1,0,0,0,0,0,0,0,1,0,0,0,0,0,0,0,1,0
1,1,1,1,1,1,1,1,0,0,0,0,0,0,0,1,1,1,1,1,1,1,0,1,0,1,1,1,1,1,1,0,0,0,0,0,0,0,1,0,0,1,0,1,0,0,0,1,0,0,0,1,1,1,1,0,0,0,0,0,0,0,1,0,0,0,0,0,0,0,1,1,1,0,0,1,0,1,0,1,1,0,0,1,1,1,0,1,1,1,0,1,1,1,0,1,1,0,0,1,0,1,1,1,1,0,1,1,0,1,1,1,0,0,0,1,1,0,1,0,1,1,1,0,0,0,0,0,0,0,0,0,1,1,0,1,0,0,1,0,1,0,0,1,1,0,0,1,0,0,0,0,0,0,0,0,0,1,0,0,1,0,0,1,1,0,0,0,0,0,0,1,1,0,1,0,1,1,0,0,1,0,0,1,0,0,0,0,1,0,0,0,1,0,1,0,0,0,0,0,0,0,0,0,0,0,0,0,0,0,0,1,0,0,0,0,0,0,0,1,0
1,1,1,1,1,1,1,1,0,0,0,0,0,0,0,1,1,1,1,1,1,1,0,1,0,1,1,1,1,1,1,0,0,0,0,0,0,0,1,0,0,1,0,1,0,0,0,1,0,0,0,1,1,1,1,0,0,0,0,0,0,0,1,0,0,0,0,0,0,0,1,1,1,0,0,1,0,1,0,1,1,0,0,1,1,1,0,1,1,1,0,1,1,1,0,1,1,0,0,1,0,1,1,1,1,0,1,1,0,1,1,1,0,0,0,1,1,0,1,0,1,1,1,0,0,0,0,0,0,0,0,0,1,1,0,1,0,0,1,0,1,0,0,1,1,0,0,1,0,0,0,0,0,0,0,0,0,1,0,0,1,0,0,1,1,0,0,0,0,0,0,1,1,0,1,0,1,1,0,0,1,0,0,1,0,0,0,0,0,0,0,0,0,0,0,0,0,0,0,0,0,0,0,0,0,0,0,0,0,0,0,1,0,0,0,0,0,0,0,1,0
1,1,1,1,1,1,1,1,0,0,0,0,0,0,0,1,1,1,1,0,0,1,1,1,0,1,1,0,1,1,1,0,0,0,0,0,0,0,1,0,0,1,0,1,0,0,0,1,0,0,0,1,1,1,1,0,0,0,0,0,0,0,1,0,0,0,0,0,0,0,1,1,1,0,0,1,0,1,0,1,1,0,0,1,1,1,0,1,1,1,0,1,1,1,0,1,1,0,0,1,0,1,1,1,1,0,1,1,0,1,1,1,0,0,0,1,1,0,1,0,1,1,1,0,0,0,0,0,0,0,0,0,1,1,0,1,0,0,1,0,1,0,0,1,1,0,0,1,0,0,0,0,0,0,0,0,0,1,0,0,1,0,0,1,1,0,0,0,0,0,0,1,1,0,1,0,1,1,0,0,1,0,0,1,0,0,0,0,0,0,0,0,0,0,0,0,0,0,0,0,0,0,0,0,0,0,0,0,0,0,0,1,0,1,0,0,0,0,0,1,0
1,1,1,1,1,1,1,1,0,0,0,0,0,0,0,1,1,1,1,0,0,1,0,0,0,1,1,0,1,0,1,0,0,0,0,0,0,0,1,0,0,1,0,1,0,0,0,1,0,0,0,1,1,1,1,0,0,0,0,0,0,0,1,0,0,0,0,0,0,0,1,1,1,0,0,1,0,1,0,1,1,0,0,1,1,1,0,1,1,1,0,1,1,1,0,1,1,0,0,1,0,1,1,1,1,0,1,1,0,1,1,1,0,0,0,1,1,0,1,0,1,1,1,0,0,0,0,0,0,0,0,0,1,1,0,1,0,0,1,0,1,0,0,1,1,0,0,1,0,0,0,0,0,0,0,0,0,1,0,0,1,0,0,1,1,0,0,0,0,0,0,1,1,0,1,0,1,1,0,0,1,0,0,1,0,0,0,0,0,0,0,0,0,0,0,0,0,0,0,0,0,0,0,0,0,0,0,0,0,0,0,1,0,0,0,0,0,0,0,1,0
0,0,0,1,0,1,0,0,0,0,1,0,1,1,0,0,0,0,0,0,0,0,0,0,0,1,0,0,0,0,1,0,0,0,0,0,0,1,1,1,0,1,0,1,0,1,0,1,0,1,1,1,0,1,0,0,0,0,0,0,0,1,0,0,0,1,0,0,0,0,1,1,0,1,1,0,0,0,0,1,1,1,1,1,0,0,0,1,1,0,0,0,0,0,1,1,1,0,0,0,0,0,0,1,1,0,1,1,0,1,0,1,0,0,0,1,0,0,1,0,1,1,0,0,0,0,0,0,0,0,1,0,0,1,0,1,0,0,1,0,0,0,0,0,1,0,0,0,0,0,0,0,0,0,0,1,0,0,0,0,1,0,0,0,0,0,0,0,0,0,0,0,0,0,0,0,1,1,0,0,1,0,0,0,1,0,0,0,0,0,0,0,0,0,0,0,0,0,0,0,0,0,0,0,0,0,0,0,0,0,0,0,0,0,0,0,0,0,0,0,0
0,0,0,1,0,1,0,0,0,0,1,0,1,1,0,0,0,0,0,0,0,0,0,0,0,1,0,0,0,0,1,0,0,0,0,0,0,1,1,1,0,1,0,1,0,1,0,1,0,1,1,1,0,1,0,0,0,0,0,0,0,1,0,0,0,1,0,0,0,0,1,1,0,1,1,0,0,0,0,1,1,1,1,1,0,0,0,1,1,0,0,0,0,0,1,1,1,0,0,0,0,0,0,1,1,0,1,1,0,1,0,1,0,0,0,1,0,0,1,0,1,1,0,0,0,0,0,0,0,0,1,0,0,1,0,1,0,0,1,0,0,0,0,0,1,0,0,0,0,0,0,0,0,0,0,1,0,0,0,0,1,0,0,0,0,0,0,0,0,0,0,0,0,0,0,0,1,1,0,0,1,0,0,0,1,0,0,0,0,0,0,0,0,0,0,0,0,0,0,0,0,0,0,0,0,0,0,0,0,0,0,0,0,0,0,0,0,0,0,0,0
0,0,0,1,0,1,0,0,0,0,1,0,1,1,0,0,0,0,0,0,0,0,0,0,0,1,0,0,0,0,1,0,0,0,0,0,0,1,1,1,0,1,0,1,0,1,0,1,0,1,1,1,0,1,0,0,0,0,0,0,0,1,0,0,0,1,0,0,0,0,1,1,0,1,1,0,0,0,0,1,1,1,1,1,0,0,0,1,1,0,0,0,0,0,1,1,1,0,0,0,0,0,0,1,1,0,1,1,0,1,0,1,0,0,0,1,0,0,1,0,1,1,0,0,0,0,0,0,0,0,1,0,0,1,0,1,0,0,1,0,0,0,0,0,1,0,0,0,0,0,0,0,0,0,0,1,0,0,0,0,1,0,0,0,0,0,0,0,0,0,0,0,0,0,0,0,1,1,0,0,1,0,0,0,1,0,0,0,0,0,0,0,0,0,0,0,0,0,0,0,0,0,0,0,0,0,0,0,0,0,0,0,0,0,0,0,0,0,0,0,0
0,0,0,1,0,1,0,0,0,0,1,0,1,1,0,0,0,0,0,0,0,0,0,0,0,1,0,0,0,0,1,0,0,0,0,0,0,1,1,1,0,1,0,1,0,1,0,1,0,1,1,1,0,1,0,0,0,0,0,0,0,1,0,0,0,1,0,0,0,0,1,1,0,1,1,0,0,0,0,1,1,1,1,1,0,0,0,1,1,0,0,0,0,0,1,1,1,0,0,0,0,0,0,1,1,0,1,1,0,1,0,1,0,0,0,1,0,0,1,0,1,1,0,0,0,0,0,0,0,0,1,0,0,1,0,1,0,0,1,0,0,0,0,0,1,0,0,0,0,0,0,0,0,0,0,1,0,0,0,0,1,0,0,0,0,0,0,0,0,0,0,0,0,0,0,0,1,1,0,0,1,0,0,0,1,0,0,0,0,0,0,0,0,0,0,0,0,0,0,0,0,0,0,0,0,0,0,0,0,0,0,0,0,0,0,0,0,0,0,0,0
0,0,0,0,0,1,0,0,0,0,0,0,0,0,0,0,0,0,0,0,0,0,0,0,0,0,0,0,0,0,1,0,0,0,0,1,0,0,0,1,0,0,0,1,0,0,0,0,0,0,0,1,0,0,0,0,0,0,0,0,0,0,0,0,0,0,0,0,0,0,0,1,0,1,0,0,0,0,0,0,1,0,0,0,0,0,0,0,0,0,0,0,0,0,0,1,0,0,0,0,0,0,0,0,0,0,0,1,0,0,0,0,0,0,0,0,0,0,0,0,1,0,0,0,0,0,0,0,0,0,0,0,1,0,0,0,0,0,0,0,0,1,0,0,0,0,0,0,0,0,0,0,0,0,0,0,0,1,0,0,0,0,0,0,0,0,0,0,0,0,0,0,0,0,0,0,0,0,0,0,0,0,0,1,1,0,0,0,1,0,0,0,1,0,0,1,1,0,0,0,0,0,0,1,0,1,1,0,0,0,0,0,0,0,0,1,0,0,0,0,0
0,0,0,1,0,1,0,0,0,0,1,0,1,1,0,0,0,0,0,0,0,0,0,0,0,1,0,0,0,0,1,0,0,0,0,0,1,0,0,1,0,1,0,1,0,1,0,1,0,1,1,1,0,1,0,0,0,0,0,0,0,1,0,0,0,1,0,0,0,0,1,1,0,1,1,0,0,0,0,1,1,1,1,1,0,0,0,1,1,0,0,0,0,0,1,1,1,0,0,0,0,0,0,1,1,0,1,1,0,1,0,1,0,0,0,1,0,0,1,0,1,1,0,0,0,0,0,0,0,0,1,0,0,1,0,1,0,0,1,0,0,0,0,0,1,0,0,0,0,0,0,0,0,0,0,1,0,0,0,0,1,0,0,0,0,0,0,0,0,0,0,0,0,0,0,0,1,1,0,0,1,0,0,0,1,0,0,0,0,0,0,0,0,0,0,0,0,0,0,0,0,0,0,0,0,0,0,0,0,0,0,0,0,0,0,0,0,0,0,0,0
1,1,1,1,1,1,1,1,0,0,0,0,0,0,0,1,1,1,1,0,0,1,0,0,0,1,1,0,1,0,1,0,0,0,0,0,0,0,1,0,0,1,0,1,0,0,0,1,0,0,0,1,1,1,1,0,0,0,0,0,0,0,1,0,0,0,0,0,0,0,1,1,1,0,0,1,0,1,0,1,1,0,0,1,1,1,0,1,1,1,0,1,1,1,0,1,1,0,0,1,0,1,1,1,1,0,1,1,0,1,1,1,0,0,0,1,1,0,1,0,1,1,1,0,0,0,0,0,0,0,0,0,1,1,0,1,0,0,1,0,1,0,0,1,1,0,0,1,0,0,0,0,0,0,0,0,0,1,0,0,1,0,0,1,1,0,0,0,0,0,0,1,1,0,1,0,1,1,0,0,1,0,0,1,0,0,0,0,0,0,0,0,0,0,0,0,0,0,0,0,0,0,0,0,0,0,0,0,0,0,0,1,0,0,0,0,0,0,0,1,0
0,0,0,1,0,1,0,0,0,0,1,0,1,1,0,0,0,0,0,0,0,0,0,0,0,1,0,0,0,0,1,0,0,0,0,0,0,1,1,1,0,1,0,1,0,1,0,1,0,1,1,1,0,1,0,0,0,0,0,0,0,1,0,0,0,1,0,0,0,0,1,1,0,1,1,0,0,0,0,1,1,1,1,1,0,0,0,1,1,0,0,0,0,0,1,1,1,0,0,0,0,0,0,1,1,0,1,1,0,1,0,1,0,0,0,1,0,0,1,0,1,1,0,0,0,0,0,0,0,0,1,0,0,1,0,1,0,0,1,0,0,0,0,0,1,0,0,0,0,0,0,0,0,0,0,1,0,0,0,0,1,0,0,0,0,0,0,0,0,0,0,0,0,0,0,0,1,1,0,0,1,0,0,0,1,0,0,0,0,0,0,0,0,0,0,0,0,0,0,0,0,0,0,0,0,0,0,0,0,0,0,0,0,0,0,0,0,0,0,0,0
0,0,0,1,0,1,0,0,0,0,1,1,1,1,1,0,0,0,0,0,0,0,0,0,0,1,0,0,0,0,1,0,0,0,0,0,0,1,1,1,0,1,0,1,0,1,0,1,0,1,1,0,0,1,0,0,0,0,0,0,0,1,0,0,0,1,0,0,0,0,1,1,0,1,1,0,0,0,0,1,1,1,1,1,0,0,0,1,1,0,0,0,0,0,1,1,1,0,0,0,0,0,0,1,1,0,1,1,0,1,0,1,0,0,0,1,0,0,1,0,1,1,0,0,0,0,0,0,0,0,1,0,0,1,0,1,0,0,1,0,0,0,0,0,1,0,0,0,0,0,0,0,0,0,0,1,0,0,0,0,1,0,0,0,0,0,0,0,0,0,0,0,0,0,0,0,1,1,0,0,1,0,0,0,1,0,0,0,0,0,0,0,0,0,0,0,0,0,0,0,0,0,0,0,0,0,0,0,0,0,0,0,0,0,0,0,0,0,0,0,0
0,0,0,1,0,1,0,0,0,0,1,0,1,1,0,0,0,0,0,0,0,0,0,0,0,1,0,0,0,0,1,0,0,0,0,0,0,1,1,1,0,1,0,1,0,1,0,1,0,1,1,1,0,1,0,0,0,0,0,0,0,1,0,0,0,1,0,0,0,0,1,1,0,1,1,0,0,0,0,1,1,1,1,1,0,0,0,1,1,0,0,0,0,0,1,1,1,0,0,0,0,0,0,1,1,0,1,1,0,1,0,1,0,0,0,1,0,0,1,0,1,1,0,0,0,0,0,0,0,0,1,0,0,1,0,1,0,0,1,0,0,0,0,0,1,0,0,0,0,0,0,0,0,0,0,1,0,0,0,0,1,0,0,0,0,0,0,0,0,0,0,0,0,0,0,0,1,1,0,0,1,0,0,0,1,0,0,0,0,0,0,0,0,0,0,0,0,0,0,0,0,0,0,0,0,0,0,0,0,0,0,0,0,0,0,0,0,0,0,0,0
0,0,0,1,0,1,0,0,0,0,1,0,1,1,0,0,0,0,0,0,0,0,0,0,0,1,0,0,0,0,1,0,0,0,0,0,0,1,1,1,0,1,0,1,0,1,0,1,0,1,1,1,0,1,0,0,0,0,0,0,0,1,0,0,0,1,0,0,0,0,1,1,0,1,1,0,0,0,0,1,1,1,1,1,0,0,0,1,1,0,0,0,0,0,1,1,1,0,0,0,0,0,0,1,1,0,1,1,0,1,0,1,0,0,0,1,0,0,1,0,1,1,0,0,0,0,0,0,0,0,1,0,0,1,0,1,0,0,1,0,0,0,0,0,1,0,0,0,0,0,0,0,0,0,0,1,0,0,0,0,1,0,0,0,0,0,0,0,0,0,0,0,0,0,0,0,1,1,0,0,1,0,0,0,1,0,0,0,0,0,0,0,0,0,0,0,0,0,0,0,0,0,0,0,0,0,0,0,0,0,0,0,0,0,0,0,0,0,0,0,0
0,0,0,1,0,1,0,0,0,0,1,0,1,1,0,0,0,0,0,0,0,0,0,0,0,1,0,0,0,0,1,0,0,0,0,0,0,1,1,1,0,1,0,1,0,1,0,1,0,1,1,1,0,1,0,0,0,0,0,0,0,1,0,0,0,1,0,0,0,0,1,1,0,1,1,0,0,0,0,1,1,1,1,1,0,0,0,1,1,0,0,0,0,0,1,1,1,0,0,0,0,0,0,1,1,0,1,1,0,1,0,1,0,0,0,1,0,0,1,0,1,1,0,0,0,0,0,0,0,0,1,0,0,1,0,1,0,0,1,0,0,0,0,0,1,0,0,0,0,0,0,0,0,0,0,1,0,0,0,0,1,0,0,0,0,0,0,0,0,0,0,0,0,0,0,0,1,1,0,0,1,0,0,0,1,0,0,0,0,0,0,0,0,0,0,0,0,0,0,0,0,0,0,0,0,0,0,0,0,0,0,0,0,0,0,0,0,0,0,0,0
0,0,0,0,0,1,0,0,0,0,0,0,0,0,0,0,0,0,0,0,0,0,0,0,0,0,0,0,0,0,1,0,0,0,0,0,0,0,0,1,0,0,0,1,0,0,0,0,0,0,0,1,0,0,0,0,0,0,0,0,0,0,0,0,0,0,0,0,0,0,0,1,0,1,0,0,0,0,0,0,1,0,0,0,0,0,0,0,0,0,0,0,0,0,0,1,0,0,0,0,0,0,0,0,0,0,0,1,0,0,0,0,0,0,0,0,0,0,0,0,1,0,0,0,0,0,0,0,0,0,0,0,1,0,0,0,0,0,0,0,0,1,0,0,0,0,0,0,0,0,0,0,0,0,0,0,0,1,0,0,0,0,0,0,0,0,0,0,0,0,0,0,0,0,0,0,0,0,0,0,0,0,0,1,1,0,0,0,1,0,0,0,1,0,0,1,0,0,0,0,0,0,0,1,0,0,0,0,0,0,0,0,0,0,0,0,0,0,0,0,0
0,0,0,0,0,1,0,0,0,0,0,0,0,0,0,0,0,0,0,0,0,0,0,0,0,0,0,0,0,0,1,0,0,0,0,1,0,0,0,1,0,0,0,1,0,0,0,0,0,0,0,1,0,0,0,0,0,0,0,0,0,0,0,0,0,0,0,0,0,0,0,1,0,1,0,0,0,0,0,0,1,0,0,0,0,0,0,0,0,0,0,0,0,0,0,1,0,0,0,0,0,0,0,0,0,0,0,1,0,0,0,0,0,0,0,0,0,0,0,0,1,0,0,0,0,0,0,0,0,0,0,0,1,0,0,0,0,0,0,0,0,1,0,0,0,0,0,0,0,0,0,0,0,0,0,0,0,1,0,0,0,0,0,0,0,0,0,0,0,0,0,0,0,0,0,0,0,0,0,0,0,0,0,1,1,0,0,0,1,0,0,0,1,0,0,1,1,0,0,0,0,0,0,1,0,1,1,0,0,0,0,0,0,0,0,1,0,0,0,0,0
0,0,0,0,0,1,1,1,0,1,0,0,0,0,0,0,0,0,0,0,0,0,0,0,0,0,0,0,0,0,1,0,1,0,0,0,0,0,0,0,1,0,1,1,0,0,0,0,1,0,0,1,0,0,0,0,0,0,0,0,0,0,0,0,0,0,0,0,0,0,0,0,0,0,0,0,0,0,0,0,0,0,0,0,0,0,0,0,0,0,0,0,0,0,0,0,0,0,0,0,0,0,0,0,0,0,0,0,0,0,0,0,0,0,0,0,0,0,0,0,0,0,0,0,0,0,0,0,0,0,0,0,0,0,0,0,0,0,0,0,0,0,0,0,0,0,0,0,0,0,0,0,0,0,0,0,0,0,0,0,0,0,0,0,0,0,0,0,0,0,0,0,0,0,0,0,0,0,0,0,0,0,0,0,0,0,0,0,0,0,0,0,0,0,0,0,0,0,0,0,0,0,0,0,0,0,0,0,0,0,0,0,0,0,0,0,0,0,0,0,0
0,0,0,1,0,1,0,0,0,0,1,0,1,1,0,0,0,0,0,0,0,0,0,0,0,1,0,0,0,0,1,0,0,0,0,0,0,1,1,1,0,1,0,1,0,1,0,1,0,1,1,1,0,1,0,0,0,0,0,0,0,1,0,0,0,1,0,0,0,0,1,1,0,1,1,0,0,0,0,1,1,1,1,1,0,0,0,1,1,0,0,0,0,0,1,1,1,0,0,0,0,0,0,1,1,0,1,1,0,1,0,1,0,0,0,1,0,0,1,0,1,1,0,0,0,0,0,0,0,0,1,0,0,1,0,1,0,0,1,0,0,0,0,0,1,0,0,0,0,0,0,0,0,0,0,1,0,0,0,0,1,0,0,0,0,0,0,0,0,0,0,0,0,0,0,0,1,1,0,0,1,0,0,0,1,0,0,0,0,0,0,0,0,0,0,0,0,0,0,0,0,0,0,0,0,0,0,0,0,0,0,0,0,0,0,0,0,0,0,0,0
0,0,0,0,0,1,1,0,0,0,0,0,0,0,0,0,0,0,0,0,0,0,0,0,0,0,0,0,0,0,1,0,0,1,0,0,0,0,0,1,0,0,1,1,0,0,0,1,1,0,0,1,0,0,0,0,1,1,1,0,0,0,0,1,1,0,0,0,1,0,0,1,0,0,0,0,0,0,0,0,0,0,0,0,0,1,1,0,0,0,1,0,0,0,0,0,0,1,0,0,0,0,0,0,0,1,0,0,0,0,0,1,1,1,1,0,0,1,0,0,0,0,0,1,0,1,0,1,1,0,0,0,0,0,0,0,1,0,0,1,0,0,0,0,0,1,1,0,0,1,1,0,0,1,1,0,1,0,0,1,0,1,1,0,0,1,0,0,1,0,0,0,1,1,0,1,0,0,0,1,0,1,0,0,0,0,1,0,0,1,0,0,0,0,0,0,0,0,0,0,0,0,0,0,0,0,0,0,0,0,0,0,1,0,0,0,0,0,0,0,1
0,0,0,1,0,1,0,0,0,0,1,0,1,1,0,0,0,0,0,0,0,0,0,0,0,1,0,0,0,0,1,0,0,0,0,0,0,1,1,1,0,1,0,1,0,1,0,1,0,1,1,1,0,1,0,0,0,0,0,0,0,1,0,0,0,1,0,0,0,0,1,1,0,1,1,0,0,0,0,1,1,1,1,1,0,0,0,1,1,0,0,0,0,0,1,1,1,0,0,0,0,0,0,1,1,0,1,1,0,1,0,1,0,0,0,1,0,0,1,0,1,1,0,0,0,0,0,0,0,0,1,0,0,1,0,1,0,0,1,0,0,0,0,0,1,0,0,0,0,0,0,0,0,0,0,1,0,0,0,0,1,0,0,0,0,0,0,0,0,0,0,0,0,0,0,0,1,1,0,0,1,0,0,0,1,0,0,0,0,0,0,0,0,0,0,0,0,0,0,0,0,0,0,0,0,0,0,0,0,0,0,0,0,0,0,0,0,0,0,0,0
0,0,0,1,0,1,0,0,0,0,1,0,1,1,0,0,0,0,0,0,0,0,0,0,0,1,0,0,0,0,1,0,0,0,0,0,1,0,0,1,0,1,0,1,0,1,0,1,0,1,1,1,0,1,0,0,0,0,0,0,0,1,0,0,0,1,0,0,0,0,1,1,0,1,1,0,0,0,0,1,1,1,1,1,0,0,0,1,1,0,0,0,0,0,1,1,1,0,0,0,0,0,0,1,1,0,1,1,0,1,0,1,0,0,0,1,0,0,1,0,1,1,0,0,0,0,0,0,0,0,1,0,0,1,0,1,0,0,1,0,0,0,0,0,1,0,0,0,0,0,0,0,0,0,0,1,0,0,0,0,1,0,0,0,0,0,0,0,0,0,0,0,0,0,0,0,1,1,0,0,1,0,0,0,1,0,0,0,0,0,0,0,0,0,0,0,0,0,0,0,0,0,0,0,0,0,0,0,0,0,0,0,0,0,0,0,0,0,0,0,0
0,0,0,0,0,1,0,0,0,0,0,0,0,0,0,0,0,0,0,0,0,0,0,0,0,0,0,0,0,0,1,0,0,0,0,1,0,0,0,1,0,0,0,1,0,0,0,0,0,0,0,1,0,0,0,0,0,0,0,0,0,0,0,0,0,0,0,0,0,0,0,1,0,1,0,0,0,0,0,0,1,0,0,0,0,0,0,0,0,0,0,0,0,0,0,1,0,0,0,0,0,0,0,0,0,0,0,1,0,0,0,0,0,0,0,0,0,0,0,0,1,0,0,0,0,0,0,0,0,0,0,0,1,0,0,0,0,0,0,0,0,1,0,0,0,0,0,0,0,0,0,0,0,0,0,0,0,1,0,0,0,0,0,0,0,0,0,0,0,0,0,0,0,0,0,0,0,0,0,0,0,0,0,1,1,0,0,0,1,0,0,0,1,0,0,1,1,0,0,0,0,0,0,1,0,1,1,0,0,0,0,0,0,0,0,1,0,0,0,0,0
0,0,0,1,0,1,0,0,0,0,1,1,1,1,1,0,0,0,0,0,0,0,0,0,0,1,0,0,0,0,1,0,0,0,0,0,0,1,1,1,0,1,0,1,0,1,0,1,0,1,1,0,0,1,0,0,0,0,0,0,0,1,0,0,0,1,0,0,0,0,1,1,0,1,1,0,0,0,0,1,1,1,1,1,0,0,0,1,1,0,0,0,0,0,1,1,1,0,0,0,0,0,0,1,1,0,1,1,0,1,0,1,0,0,0,1,0,0,1,0,1,1,0,0,0,0,0,0,0,0,1,0,0,1,0,1,0,0,1,0,0,0,0,0,1,0,0,0,0,0,0,0,0,0,0,1,0,0,0,0,1,0,0,0,0,0,0,0,0,0,0,0,0,0,0,0,1,1,0,0,1,0,0,0,1,0,0,0,0,0,0,0,0,0,0,0,0,0,0,0,0,0,0,0,0,0,0,0,0,0,0,0,0,0,0,0,0,0,0,0,0
0,0,0,1,0,1,0,0,0,0,1,0,1,1,0,0,0,0,0,0,0,0,0,0,0,1,0,0,0,0,1,0,0,0,0,0,1,0,0,1,0,1,0,1,0,1,0,1,0,1,1,1,0,1,0,0,0,0,0,0,0,1,0,0,0,1,0,0,0,0,1,1,0,1,1,0,0,0,0,1,1,1,1,1,0,0,0,1,1,0,0,0,0,0,1,1,1,0,0,0,0,0,0,1,1,0,1,1,0,1,0,1,0,0,0,1,0,0,1,0,1,1,0,0,0,0,0,0,0,0,1,0,0,1,0,1,0,0,1,0,0,0,0,0,1,0,0,0,0,0,0,0,0,0,0,1,0,0,0,0,1,0,0,0,0,0,0,0,0,0,0,0,0,0,0,0,1,1,0,0,1,0,0,0,1,0,0,0,0,0,0,0,0,0,0,0,0,0,0,0,0,0,0,0,0,0,0,0,0,0,0,0,0,0,0,0,0,0,0,0,0
0,0,0,1,0,1,0,0,0,0,1,0,1,1,0,0,0,0,0,0,0,0,0,0,0,1,0,0,0,0,1,0,0,0,0,0,0,1,1,1,0,1,0,1,0,1,0,1,0,1,1,1,0,1,0,0,0,0,0,0,0,1,0,0,0,1,0,0,0,0,1,1,0,1,1,0,0,0,0,1,1,1,1,1,0,0,0,1,1,0,0,0,0,0,1,1,1,0,0,0,0,0,0,1,1,0,1,1,0,1,0,1,0,0,0,1,0,0,1,0,1,1,0,0,0,0,0,0,0,0,1,0,0,1,0,1,0,0,1,0,0,0,0,0,1,0,0,0,0,0,0,0,0,0,0,1,0,0,0,0,1,0,0,0,0,0,0,0,0,0,0,0,0,0,0,0,1,1,0,0,1,0,0,0,1,0,0,0,0,0,0,0,0,0,0,0,0,0,0,0,0,0,0,0,0,0,0,0,0,0,0,0,0,0,0,0,0,0,0,0,0
0,0,0,1,0,1,0,0,0,0,1,1,1,1,1,0,0,0,0,0,0,0,0,0,0,1,0,0,0,0,1,0,0,0,0,0,0,1,1,1,0,1,0,1,0,1,0,1,0,1,1,0,0,1,0,0,0,0,0,0,0,1,0,0,0,1,0,0,0,0,1,1,0,1,1,0,0,0,0,1,1,1,1,1,0,0,0,1,1,0,0,0,0,0,1,1,1,0,0,0,0,0,0,1,1,0,1,1,0,1,0,1,0,0,0,1,0,0,1,0,1,1,0,0,0,0,0,0,0,0,1,0,0,1,0,1,0,0,1,0,0,0,0,0,1,0,0,0,0,0,0,0,0,0,0,1,0,0,0,0,1,0,0,0,0,0,0,0,0,0,0,0,0,0,0,0,1,1,0,0,1,0,0,0,1,0,0,0,0,0,0,0,0,0,0,0,0,0,0,0,0,0,0,0,0,0,0,0,0,0,0,0,0,0,0,0,0,0,0,0,0
0,0,0,1,0,1,0,0,0,0,1,0,1,1,0,0,0,0,0,0,0,0,0,0,0,1,0,0,0,0,1,0,0,0,0,0,0,1,1,1,0,1,0,1,0,1,0,1,0,1,1,1,0,1,0,0,0,0,0,0,0,1,0,0,0,1,0,0,0,0,1,1,0,1,1,0,0,0,0,1,1,1,1,1,0,0,0,1,1,0,0,0,0,0,1,1,1,0,0,0,0,0,0,1,1,0,1,1,0,1,0,1,0,0,0,1,0,0,1,0,1,1,0,0,0,0,0,0,0,0,1,0,0,1,0,1,0,0,1,0,0,0,0,0,1,0,0,0,0,0,0,0,0,0,0,1,0,0,0,0,1,0,0,0,0,0,0,0,0,0,0,0,0,0,0,0,1,1,0,0,1,0,0,0,1,0,0,0,0,0,0,0,0,0,0,0,0,0,0,0,0,0,0,0,0,0,0,0,0,0,0,0,0,0,0,0,0,0,0,0,0
0,1,0,1,0,1,0,0,0,0,1,0,1,1,0,1,1,1,1,0,0,1,0,0,0,1,1,1,1,1,1,0,0,1,0,0,0,0,1,0,0,1,0,1,1,1,0,1,0,1,1,0,0,1,1,0,0,0,0,1,1,1,1,1,1,1,1,1,0,0,1,1,1,0,1,1,0,1,0,1,1,1,1,1,0,1,0,1,1,1,0,1,0,0,1,1,1,0,0,1,0,1,0,1,1,1,1,1,0,1,1,1,0,0,0,1,1,0,1,0,1,1,0,0,0,0,0,0,0,0,1,1,1,1,0,1,0,0,1,0,0,1,0,1,0,0,0,1,0,0,0,0,0,0,0,0,0,1,0,0,1,0,0,1,0,0,0,0,0,0,1,1,1,0,0,0,1,1,0,0,1,0,0,1,1,0,0,0,1,0,0,0,0,0,1,1,1,0,0,0,0,0,0,0,0,0,1,0,0,0,0,1,0,0,0,0,0,0,0,1,0
0,1,0,1,0,1,0,0,0,0,1,0,1,1,0,1,1,1,1,0,0,1,0,0,0,1,1,1,1,1,1,0,0,1,0,0,0,0,1,0,0,1,0,1,1,1,0,1,0,1,1,0,0,1,1,0,0,0,0,1,1,1,1,1,1,1,1,1,0,0,1,1,1,0,1,1,0,1,0,1,1,1,1,1,0,1,0,1,1,1,0,1,0,0,1,1,1,0,0,1,0,1,0,1,1,1,1,1,0,1,1,1,0,0,0,1,1,0,1,0,1,1,0,0,0,0,0,0,0,0,1,1,1,1,0,1,0,0,1,0,0,1,0,1,0,0,0,1,0,0,0,0,0,0,0,0,0,1,0,0,1,0,0,1,0,0,0,0,0,0,1,1,1,0,0,0,1,1,0,0,1,0,0,1,1,0,0,0,1,0,0,0,0,0,1,1,1,0,0,0,0,0,0,0,0,0,1,0,0,0,0,1,0,0,0,0,0,0,0,1,0
0,1,0,1,0,1,0,0,0,0,1,0,1,1,0,1,1,1,1,0,0,1,0,0,0,1,1,1,1,1,1,0,0,1,0,0,0,0,1,0,0,1,0,1,1,1,0,1,0,1,1,0,0,1,1,0,0,0,0,1,1,1,1,1,1,1,1,1,0,0,1,1,1,0,1,1,0,1,0,1,1,1,1,1,0,1,0,1,1,1,0,1,0,0,1,1,1,0,0,1,0,1,0,1,1,1,1,1,0,1,1,1,0,0,0,1,1,0,1,0,1,1,0,0,0,0,0,0,0,0,1,1,1,0,0,1,0,0,0,0,0,1,0,1,0,0,0,1,0,0,0,0,0,0,0,0,0,1,0,0,1,0,0,1,0,0,0,0,0,0,1,1,1,0,0,0,1,1,0,0,1,0,0,1,1,0,0,0,0,0,0,0,0,0,0,1,1,0,0,0,0,0,0,0,0,0,1,0,0,0,0,1,0,0,0,0,0,0,0,1,0
0,1,0,1,0,1,0,0,0,0,1,0,1,1,0,1,1,1,1,0,0,1,0,0,0,1,1,1,1,1,1,0,0,1,0,0,0,0,1,0,0,1,0,1,1,1,0,1,0,1,1,0,0,1,1,0,0,0,0,1,1,1,1,1,1,1,1,1,0,0,1,1,1,0,1,1,0,1,0,1,1,1,1,1,0,1,0,1,1,1,0,1,0,0,1,1,1,0,0,1,0,1,0,1,1,1,1,1,0,1,1,1,0,0,0,1,1,0,1,0,1,1,0,0,0,0,0,0,0,0,1,1,1,0,0,1,0,0,0,0,0,1,0,1,0,0,0,1,0,0,0,0,0,0,0,0,0,1,0,0,1,0,0,1,0,0,0,0,0,0,1,1,1,0,0,0,1,1,0,0,1,0,0,1,1,0,0,0,0,0,0,0,0,0,0,1,1,0,0,0,0,0,0,0,0,0,1,0,0,0,0,1,0,0,0,0,0,0,0,1,0
0,1,0,1,0,1,0,0,0,0,1,0,1,1,0,1,1,1,1,0,0,1,0,0,0,1,1,1,1,1,1,0,0,1,0,0,0,0,1,0,0,1,0,1,1,1,0,1,0,1,1,0,0,1,1,0,0,0,0,1,1,1,1,1,1,1,1,1,0,0,1,1,1,0,1,1,0,1,0,1,1,1,1,1,0,1,0,1,1,1,0,1,0,0,1,1,1,0,0,1,0,1,0,1,1,1,1,1,0,1,1,1,0,0,0,1,1,0,1,0,1,1,0,0,0,0,0,0,0,0,1,1,1,0,0,1,0,0,0,0,0,1,0,1,0,0,0,1,0,0,0,0,0,0,0,0,0,1,0,0,1,0,0,1,0,0,0,0,0,0,1,1,1,0,0,0,1,1,0,0,1,0,0,1,1,0,0,0,0,0,0,0,0,0,0,1,1,0,0,0,0,0,0,0,0,0,1,0,0,0,0,1,0,0,0,0,0,0,0,1,0
0,1,0,1,0,1,0,0,0,0,1,0,1,1,0,1,1,1,1,0,0,1,0,0,0,1,1,1,1,1,1,0,0,1,0,0,0,0,1,0,0,1,0,1,1,1,0,1,0,1,1,0,0,1,1,0,0,0,0,1,1,1,1,1,1,1,1,1,0,0,1,1,1,0,1,1,0,1,0,1,1,1,1,1,0,1,0,1,1,1,0,1,0,0,1,1,1,0,0,1,0,1,0,1,1,1,1,1,0,1,1,1,0,0,0,1,1,0,1,0,1,1,0,0,0,0,0,0,0,0,1,1,1,0,0,1,0,0,0,0,0,1,0,1,0,0,0,1,0,0,0,0,0,0,0,0,0,1,0,0,1,0,0,1,0,0,0,0,0,0,1,1,1,0,0,0,1,1,0,0,1,0,0,1,1,0,0,0,0,0,0,0,0,0,0,1,1,0,0,0,0,0,0,0,0,0,1,0,0,0,0,1,0,0,0,0,0,0,0,1,0
0,1,0,1,0,1,0,0,0,0,1,0,1,1,0,1,1,1,1,0,0,1,0,0,0,1,1,1,1,1,1,0,0,1,0,0,0,0,1,0,0,1,0,1,1,1,0,1,0,1,1,1,0,1,1,0,0,0,0,1,1,1,1,1,1,1,1,1,0,0,1,1,1,0,1,1,0,1,0,1,1,1,1,1,0,1,0,1,1,1,0,1,0,0,1,1,1,0,0,1,0,1,0,1,1,1,1,1,0,1,1,1,0,0,0,1,1,0,1,0,1,1,0,0,0,0,0,0,0,0,1,1,1,0,0,1,0,0,0,0,0,1,0,1,0,0,0,1,0,0,0,0,0,0,0,0,0,1,0,0,1,0,0,1,0,0,0,0,0,0,1,1,1,0,0,0,1,1,0,0,1,0,0,1,1,0,0,0,0,0,0,0,0,0,0,1,1,0,0,0,0,0,0,0,0,0,1,0,0,0,0,1,0,0,0,1,0,0,0,1,0
0,1,0,1,0,1,0,0,0,0,1,0,1,1,0,1,1,1,1,0,0,1,0,0,0,1,1,1,1,1,1,0,0,1,0,0,0,0,1,0,0,1,0,1,1,1,0,1,0,1,1,1,0,1,1,0,0,0,0,1,1,1,1,1,1,1,1,1,0,0,1,1,1,0,1,1,0,1,0,1,1,1,1,1,0,1,0,1,1,1,0,1,0,0,1,1,1,0,0,1,0,1,0,1,1,1,1,1,0,1,1,1,0,0,0,1,1,0,1,0,1,1,0,0,0,0,0,0,0,0,1,1,1,0,0,1,0,0,0,0,0,1,0,1,0,0,0,1,0,0,0,0,0,0,0,0,0,1,0,0,1,0,0,1,0,0,0,0,0,0,1,1,1,0,0,0,1,1,0,0,1,0,0,1,1,0,0,0,0,0,0,0,0,0,0,1,1,0,0,0,0,0,0,0,0,0,1,0,0,0,0,1,0,1,0,0,0,0,0,1,0
0,1,0,1,1,1,0,0,0,0,1,0,1,1,0,1,1,1,1,0,0,1,0,0,0,1,1,1,1,1,1,0,0,1,0,0,0,0,1,0,0,1,0,1,1,1,0,1,0,1,1,0,0,1,1,0,0,0,0,1,1,1,1,1,1,1,1,1,0,0,1,1,1,0,1,1,0,1,0,1,1,1,1,1,0,1,0,1,1,1,0,1,0,0,1,1,1,0,0,1,0,1,0,1,1,1,1,1,0,1,1,1,0,0,0,1,1,0,1,0,1,1,0,0,0,0,0,0,0,0,1,1,1,0,0,1,0,0,0,0,0,1,0,1,0,0,0,1,0,0,0,0,0,0,0,0,0,1,0,0,1,0,0,1,0,0,0,0,0,0,1,1,1,0,0,0,1,1,0,0,1,0,0,1,1,0,0,0,0,0,0,0,0,0,0,1,1,0,0,0,0,0,0,0,0,0,1,0,0,0,0,1,0,1,0,0,0,0,0,1,0
0,1,0,1,0,1,1,0,0,0,1,0,1,1,0,1,1,1,1,0,0,1,0,0,0,1,1,1,1,1,1,0,0,1,0,0,0,0,1,1,0,1,0,1,1,1,0,1,1,1,1,1,0,1,1,0,0,1,1,1,1,1,1,1,1,1,1,1,1,0,1,1,1,0,1,1,0,1,0,1,1,1,1,1,0,1,0,1,1,1,1,1,0,0,1,1,1,1,0,1,0,1,0,1,1,1,1,1,0,1,1,1,1,1,0,1,1,1,1,0,1,1,0,1,0,0,0,1,1,0,1,1,1,0,0,1,1,0,0,1,0,1,0,1,0,1,1,1,0,0,0,0,0,1,0,0,0,1,0,1,1,0,0,1,0,1,0,0,1,0,1,1,1,1,0,1,1,1,0,0,1,1,0,1,1,0,1,1,0,1,0,1,0,0,0,1,1,1,1,0,0,1,0,0,0,0,1,0,1,0,0,1,0,0,0,0,1,0,0,1,0
0,1,0,1,0,1,1,0,0,0,1,0,1,1,0,1,1,1,1,0,0,1,0,0,0,1,1,1,1,1,1,0,0,1,0,0,0,0,1,1,0,1,0,1,1,1,0,1,1,1,1,1,0,1,1,0,0,1,1,1,1,1,1,1,1,1,1,1,1,0,1,1,1,0,1,1,0,1,0,1,1,1,1,1,0,1,0,1,1,1,1,1,0,0,1,1,1,1,0,1,0,1,0,1,1,1,1,1,0,1,1,1,1,1,0,1,1,1,1,0,1,1,0,1,0,0,0,1,1,0,1,1,1,0,0,1,1,0,0,1,0,1,0,1,0,1,1,1,0,0,0,0,0,1,0,0,0,1,0,1,1,0,0,1,0,1,0,0,1,0,1,1,1,1,0,1,1,1,0,0,1,1,0,1,1,0,1,1,0,1,0,1,0,0,0,1,1,1,1,0,0,1,0,0,0,0,1,0,1,0,0,1,0,0,0,0,1,0,0,1,0
0,1,0,1,0,1,1,0,0,0,1,0,1,1,0,1,1,1,1,0,0,1,0,0,0,1,1,1,1,1,1,0,0,1,0,0,0,0,1,1,0,1,0,1,1,1,0,1,1,1,1,1,0,1,1,0,0,1,1,1,1,1,1,1,1,1,1,1,1,0,1,1,1,0,1,1,0,1,0,1,1,1,1,1,0,1,0,1,1,1,1,1,0,0,1,1,1,1,0,1,0,1,0,1,1,1,1,1,0,1,1,1,1,1,0,1,1,1,1,0,1,1,0,1,0,0,0,1,1,0,1,1,1,0,0,1,1,0,0,1,0,1,0,1,0,1,1,1,0,0,0,0,0,1,0,0,0,1,0,1,1,0,0,1,0,1,0,0,1,0,1,1,1,1,0,1,1,1,0,0,1,1,0,1,1,0,1,1,0,1,0,1,0,0,0,1,1,1,1,0,0,1,0,0,0,0,1,0,1,0,0,1,0,0,0,0,1,0,0,1,0
0,1,0,1,0,1,1,0,0,0,1,0,1,1,0,1,1,1,1,0,0,1,0,0,0,1,1,1,1,1,1,0,0,1,0,0,0,0,1,1,0,1,0,1,1,1,0,1,1,1,1,1,0,1,1,0,0,1,1,1,1,1,1,1,1,1,1,1,1,0,1,1,1,0,1,1,0,1,0,1,1,1,1,1,0,1,0,1,1,1,1,1,0,0,1,0,1,1,0,1,0,1,0,1,1,1,1,0,0,1,1,1,1,1,0,1,1,1,1,0,1,1,0,1,0,0,0,1,1,0,1,1,0,0,0,1,1,0,0,1,0,0,0,1,0,1,1,1,0,0,0,0,0,1,0,0,0,0,0,1,1,0,0,1,0,1,0,0,1,0,1,1,1,1,0,1,1,1,0,0,1,1,0,1,1,0,1,1,0,1,0,1,0,0,0,1,1,1,1,0,0,1,0,0,0,0,1,0,1,0,0,1,0,0,0,0,1,0,0,1,0
0,1,0,1,1,1,1,1,0,0,1,0,1,1,0,1,1,1,1,0,0,1,0,0,0,1,1,1,1,1,1,0,0,1,0,0,0,0,1,1,0,1,0,1,1,1,0,1,1,1,1,1,0,1,1,0,1,1,1,1,1,1,1,1,1,1,1,1,1,0,1,1,1,0,1,1,0,1,0,1,1,1,1,1,0,1,1,1,1,1,1,1,0,0,1,1,1,1,0,1,0,1,0,1,1,1,1,1,0,1,1,1,1,1,0,1,1,1,1,0,1,1,0,1,0,0,0,1,1,0,1,1,1,0,0,1,1,0,0,1,0,1,0,1,0,1,1,1,0,1,0,0,0,1,0,0,1,1,0,1,1,0,0,1,0,1,0,0,1,0,1,1,1,1,0,1,1,1,0,0,1,1,0,1,1,0,1,1,0,1,0,1,0,0,0,1,1,1,1,0,0,1,0,0,0,0,1,1,1,0,0,1,0,0,1,0,1,0,0,1,0
0,1,0,1,0,1,1,0,0,0,1,0,1,1,0,1,1,1,1,0,0,1,0,0,0,1,1,1,1,1,1,0,0,1,0,0,0,0,1,1,0,1,0,1,1,1,0,1,1,1,1,1,0,1,1,0,0,1,1,1,1,1,1,1,1,1,1,1,1,0,1,1,1,0,1,1,0,1,0,1,1,1,1,1,0,1,0,1,1,1,1,1,0,0,1,0,1,1,0,1,0,1,0,1,1,1,1,0,0,1,1,1,1,1,0,1,1,1,1,0,1,1,0,1,0,0,0,1,1,0,1,1,0,0,0,1,1,0,0,1,0,0,0,1,0,1,1,1,0,0,0,0,0,1,0,0,0,0,0,1,1,0,0,1,0,1,0,0,1,0,1,1,1,1,0,1,1,1,0,0,1,1,0,1,1,0,1,1,0,1,0,1,0,0,0,1,1,1,1,0,0,1,0,0,0,0,1,0,1,0,0,1,0,0,0,0,1,0,0,1,0
0,1,0,1,0,1,1,0,0,0,1,0,1,1,0,1,1,1,1,0,0,1,0,0,0,1,1,1,1,1,1,0,0,1,0,0,0,0,1,1,0,1,0,1,1,1,0,1,1,1,1,1,0,1,1,0,0,1,1,1,1,1,1,1,1,1,1,1,1,0,1,1,1,0,1,1,0,1,0,1,1,1,1,1,0,1,0,1,1,1,1,1,0,0,1,0,1,1,0,1,0,1,0,1,1,1,1,0,0,1,1,1,1,1,0,1,1,1,1,0,1,1,0,1,0,0,0,1,1,0,1,1,0,0,0,1,1,0,0,1,0,0,0,1,0,1,1,1,0,0,0,0,0,1,0,0,0,0,0,1,1,0,0,1,0,1,0,0,1,0,1,1,1,1,0,1,1,1,0,0,1,1,0,1,1,0,1,1,0,1,0,1,0,0,0,1,1,1,1,0,0,1,0,0,0,0,1,0,1,0,0,1,0,0,0,0,1,0,0,1,0
0,1,0,1,0,1,1,0,0,0,1,0,1,1,0,1,1,1,1,0,0,1,0,0,0,1,1,1,1,1,1,0,0,1,0,0,0,0,1,1,0,1,0,1,1,1,0,1,1,1,1,1,0,1,1,0,0,1,1,1,1,1,1,1,1,1,1,1,1,0,1,1,1,0,1,1,0,1,0,1,1,1,1,1,0,1,0,1,1,1,1,1,0,0,1,0,1,1,0,1,0,1,0,1,1,1,1,1,0,1,1,1,1,1,0,1,1,1,1,0,0,1,0,1,0,0,0,1,1,0,1,1,1,0,0,1,1,0,0,1,0,0,0,1,0,1,1,1,0,0,0,0,0,1,0,0,0,0,0,1,1,0,0,1,0,1,0,0,1,0,1,1,1,1,0,1,1,1,0,0,1,1,0,0,0,0,1,1,1,1,0,1,1,0,0,1,1,1,1,0,0,1,0,0,0,0,1,0,1,0,0,1,0,0,0,0,1,0,0,1,0
0,1,0,1,0,1,1,0,0,0,1,0,1,1,0,1,1,1,1,0,0,1,0,0,0,1,1,1,1,1,1,0,0,1,0,0,0,0,1,1,0,1,0,1,1,1,0,1,1,1,1,1,0,1,1,0,0,1,1,1,1,1,1,1,1,1,1,1,1,0,1,1,1,0,1,1,0,1,0,1,1,1,1,1,0,1,0,1,1,1,1,1,0,0,1,0,1,1,0,1,0,1,0,1,1,1,1,1,0,1,1,1,1,1,0,1,1,1,1,0,0,1,0,1,0,0,0,1,1,0,1,1,1,0,0,1,1,0,0,1,0,0,0,1,0,1,1,1,0,0,0,0,0,1,0,0,0,0,0,1,1,0,0,1,0,1,0,0,1,0,1,1,1,1,0,1,1,1,0,0,1,1,0,0,0,0,1,1,1,1,0,1,1,0,0,1,1,1,1,0,0,1,0,0,0,0,1,0,1,0,0,1,0,0,0,0,1,0,0,1,0
0,1,0,1,0,1,1,0,0,0,1,0,1,1,0,1,1,1,1,0,0,1,0,0,0,1,1,1,1,1,1,0,0,1,0,0,0,0,1,1,0,1,0,1,1,1,0,1,1,1,1,1,0,1,1,0,0,1,1,1,1,1,1,1,1,1,1,1,1,0,1,1,1,0,1,1,0,1,0,1,1,1,1,1,0,1,0,1,1,1,1,1,0,0,1,0,1,1,0,1,0,1,0,1,1,1,1,1,0,1,1,1,1,1,0,1,1,1,1,0,0,1,0,1,0,0,0,1,1,0,1,1,1,0,0,1,1,0,0,1,0,0,0,1,0,1,1,1,0,0,0,0,0,1,0,0,0,0,0,1,1,0,0,1,0,1,0,0,1,0,1,1,1,1,0,1,1,1,0,0,1,1,0,0,0,0,1,1,1,1,0,1,1,0,0,1,1,1,1,0,0,1,0,0,0,0,1,0,1,0,0,1,0,0,0,0,1,0,0,1,0
1,1,0,0,0,1,1,1,0,0,0,0,0,0,0,0,1,1,1,0,1,1,0,1,1,1,1,0,0,0,1,0,0,0,1,1,0,0,0,1,0,0,0,1,0,0,0,0,1,0,0,1,0,0,0,0,1,1,1,0,0,0,0,0,0,0,0,0,1,1,0,1,0,1,0,0,0,0,1,0,1,0,0,0,0,0,1,0,0,0,1,0,0,0,0,1,0,1,0,0,0,0,0,0,0,0,0,1,0,0,0,0,1,1,1,0,0,1,0,0,1,0,0,1,0,1,0,1,1,1,0,0,1,0,1,0,1,0,0,1,0,1,0,0,0,1,1,0,0,0,1,0,1,1,0,0,1,1,1,1,0,1,1,0,0,1,0,1,1,1,0,0,0,1,0,1,0,0,0,1,0,1,1,1,1,0,1,0,1,1,1,0,1,1,0,1,1,1,1,1,1,0,0,1,1,1,1,1,1,0,0,0,1,1,1,1,1,1,1,0,1
1,1,0,0,0,1,1,1,0,0,0,0,0,0,0,0,1,1,1,0,1,1,1,1,1,1,1,0,0,0,1,0,0,0,1,1,0,0,0,1,0,0,1,1,0,0,0,0,1,0,0,1,0,0,0,0,1,1,1,0,0,0,0,0,0,0,0,0,1,1,0,1,0,1,0,0,0,0,1,0,1,0,0,0,0,0,1,0,0,0,1,0,0,0,0,1,0,1,0,0,0,0,0,0,0,0,0,1,0,0,0,0,1,1,0,0,0,1,0,0,1,0,0,1,0,1,0,1,1,1,0,0,1,0,1,0,1,0,0,1,0,1,0,0,0,1,1,0,0,0,1,0,1,1,0,0,1,1,1,1,0,0,1,0,0,1,0,1,1,1,0,0,0,1,0,1,0,0,0,1,0,1,0,1,1,0,1,0,1,1,1,0,1,1,0,1,1,1,1,1,1,0,0,1,1,1,1,1,0,0,0,0,0,1,1,1,1,1,1,0,1
1,1,0,0,0,1,1,1,0,0,0,0,0,0,0,0,1,1,1,0,1,1,1,1,1,1,1,0,0,0,1,0,0,0,0,1,1,0,0,1,0,0,0,1,0,0,0,0,1,0,0,1,0,0,0,0,1,1,1,0,0,0,0,0,0,0,0,0,1,0,0,1,0,1,0,0,0,0,1,0,1,0,0,0,0,0,1,0,0,0,1,0,0,0,0,1,0,1,0,0,0,0,0,0,0,0,0,1,0,0,0,0,1,1,0,0,0,1,0,0,1,0,0,1,0,0,0,1,1,1,0,0,1,0,1,0,1,0,0,1,0,1,0,0,0,1,1,0,0,0,1,0,0,1,0,0,1,1,1,1,0,0,1,0,0,1,0,1,1,1,0,0,0,1,0,1,0,0,0,0,0,1,0,1,1,0,1,0,1,1,1,0,1,1,0,1,1,1,1,1,1,0,0,1,1,1,1,1,0,0,0,0,0,1,1,1,1,1,1,0,0
1,1,0,0,0,1,1,1,0,0,0,0,0,0,0,0,1,1,1,0,1,1,1,1,1,1,1,0,0,0,1,0,0,0,1,1,1,0,0,1,0,0,1,1,0,0,0,0,1,0,0,1,0,0,0,0,1,1,1,0,0,0,0,0,0,0,0,0,1,1,0,1,0,1,0,0,0,0,1,0,1,0,0,0,0,0,1,0,0,0,1,0,0,0,0,1,0,1,0,0,0,0,0,0,0,0,0,1,0,0,0,0,1,1,0,0,0,1,0,0,1,0,0,1,0,0,0,1,1,1,0,0,1,0,1,0,1,0,0,1,0,1,0,0,0,1,1,0,0,0,1,0,1,1,0,0,1,1,1,1,0,0,1,0,0,1,0,1,1,1,0,0,0,1,0,1,0,0,0,0,0,1,0,1,1,0,1,0,1,1,1,0,1,1,0,1,1,1,1,1,1,0,0,1,1,1,1,1,0,0,0,0,0,1,1,1,1,1,1,0,0
1,1,0,0,0,1,1,1,0,0,0,0,0,0,0,0,1,1,1,0,1,1,1,1,1,1,1,0,0,0,1,0,0,0,1,1,1,0,0,1,0,0,1,1,0,0,0,0,1,0,0,1,0,0,0,0,1,1,1,0,0,0,0,0,0,0,0,0,1,1,0,1,0,1,0,0,0,0,1,0,1,0,0,0,0,0,1,0,0,0,1,0,0,0,0,1,0,1,0,0,0,0,0,0,0,0,0,1,0,0,0,0,1,1,0,0,0,1,0,0,1,0,0,1,0,0,0,1,1,1,0,0,1,0,1,0,1,0,0,1,0,1,0,0,0,1,1,0,0,0,1,0,1,1,0,0,1,1,1,1,0,0,1,0,0,1,0,1,1,1,0,0,0,1,0,1,0,0,0,0,0,1,0,1,1,0,1,0,1,1,1,0,1,1,0,1,1,1,1,1,1,0,0,1,1,1,1,1,0,0,0,0,0,1,1,1,1,1,1,0,0
1,1,0,0,0,1,1,1,0,0,0,0,0,0,0,0,1,1,1,0,1,1,1,1,1,1,1,0,0,0,1,0,0,0,1,1,0,0,0,1,0,0,1,1,0,0,0,0,1,0,0,1,0,0,0,0,1,1,1,0,0,0,0,0,0,0,0,0,1,1,0,1,0,1,0,0,0,0,1,0,1,0,0,0,0,0,1,0,0,0,1,0,0,0,0,1,0,1,0,0,0,0,0,0,0,0,0,1,0,0,0,0,1,1,0,0,0,1,0,0,1,0,0,1,0,1,0,1,1,1,0,0,1,0,1,0,1,0,0,1,0,1,0,0,0,1,1,0,0,0,1,0,1,1,0,0,1,1,1,1,0,0,1,0,0,1,0,1,1,1,0,0,0,1,0,1,0,0,0,1,0,1,0,1,1,0,1,0,1,1,1,0,1,1,0,1,1,1,1,1,1,0,0,1,1,1,1,1,0,0,0,0,0,1,1,1,1,1,1,0,1
1,1,0,0,0,1,1,1,0,0,0,0,0,0,0,0,1,1,1,0,1,1,1,1,1,1,1,0,0,0,1,0,0,0,1,1,1,0,0,1,0,0,0,1,0,0,0,0,1,0,0,1,0,0,0,0,1,1,1,0,0,0,0,0,0,0,0,0,1,1,0,1,0,1,0,0,0,0,1,0,1,0,0,0,0,0,1,0,0,0,1,0,0,0,0,1,0,1,0,0,0,0,0,0,0,0,0,1,0,0,0,0,1,1,0,0,0,1,0,0,1,0,0,1,0,0,0,1,1,1,0,0,1,0,1,0,1,0,0,1,0,1,0,0,0,1,1,0,0,0,1,0,1,1,0,0,1,1,1,1,0,0,1,0,0,1,0,1,1,1,0,0,0,1,0,1,0,0,0,0,0,1,0,1,1,0,1,0,1,1,1,0,1,1,0,1,1,1,1,1,1,0,0,1,1,1,1,1,0,0,0,0,0,1,1,1,1,1,1,0,0
1,1,0,1,0,1,1,1,0,0,0,0,0,0,0,1,1,1,1,0,1,1,1,1,1,1,1,0,1,0,1,0,0,1,1,0,0,0,1,1,0,1,0,1,1,1,0,1,1,0,0,1,0,1,1,0,0,1,1,1,1,1,0,1,1,1,0,1,1,1,1,1,1,0,0,1,0,1,0,1,1,0,0,1,0,1,0,1,1,1,1,1,0,0,0,0,1,1,0,1,0,1,0,0,1,1,1,1,0,1,1,1,1,1,0,1,1,1,1,0,0,1,0,1,1,0,1,1,1,0,1,1,1,0,0,1,1,0,1,1,0,0,0,1,1,1,1,1,1,0,1,1,1,1,1,1,0,0,0,1,1,0,1,1,0,1,0,0,1,0,1,1,1,1,0,1,1,1,1,0,1,1,1,0,0,0,1,1,1,1,0,0,1,0,0,1,1,1,1,0,0,0,0,1,0,0,1,0,1,1,1,1,0,1,0,1,1,1,1,1,0
1,1,0,1,0,1,1,1,0,0,0,0,0,0,0,1,1,1,1,0,1,1,1,1,1,1,1,0,1,0,1,0,0,1,1,0,0,0,1,1,0,1,0,1,1,1,0,1,1,0,0,1,0,1,1,0,0,1,1,1,1,1,0,1,1,1,0,1,1,1,1,1,1,0,0,1,0,1,0,1,1,0,0,1,0,1,0,1,1,1,1,1,0,0,0,0,1,1,0,1,0,1,0,0,1,1,1,1,0,1,1,1,1,1,0,1,1,1,1,0,0,1,0,1,1,0,0,1,1,0,1,1,1,0,0,1,1,0,1,1,0,0,0,1,1,1,1,1,0,0,1,1,1,1,1,1,0,0,0,1,1,0,1,1,0,1,0,0,1,0,1,1,1,1,0,1,1,1,1,0,1,1,1,0,0,0,1,1,1,1,0,0,1,0,0,1,1,1,1,0,0,0,0,1,0,0,1,0,1,1,1,1,0,1,0,1,1,1,1,1,0
1,1,1,1,0,1,1,1,0,0,0,0,0,0,0,1,1,1,1,0,1,1,1,1,1,1,1,0,1,0,1,0,0,1,1,0,0,0,1,1,0,1,0,1,1,1,0,1,1,0,0,1,0,1,1,0,0,1,1,1,1,1,0,1,1,1,0,1,1,1,1,1,1,0,0,1,0,1,0,1,1,0,0,1,0,1,0,1,1,1,1,1,0,0,0,0,1,1,0,1,0,1,0,0,1,1,1,1,0,1,1,1,1,1,0,1,1,1,1,0,0,1,0,1,1,0,0,1,1,0,1,1,1,0,0,1,1,0,1,1,0,0,0,1,1,1,1,1,0,0,1,1,1,1,1,1,0,0,0,1,1,0,1,1,0,1,0,0,1,0,1,1,1,1,0,1,1,1,1,0,1,1,1,0,0,0,1,1,1,1,0,0,1,0,0,1,1,1,1,0,0,0,0,1,0,0,1,0,1,1,1,1,0,1,0,1,1,1,1,1,0
1,1,1,1,0,1,1,1,0,0,0,0,0,0,0,1,1,1,1,0,1,1,1,1,1,1,1,0,1,0,1,0,0,1,1,0,0,0,1,1,0,1,0,1,1,1,0,1,1,0,0,1,0,1,1,0,0,1,1,1,1,1,0,1,1,1,0,1,1,1,1,1,1,0,0,1,0,1,0,1,1,0,0,1,0,1,0,1,1,1,1,1,0,0,0,0,1,1,0,1,0,1,0,0,1,1,1,1,0,1,1,1,1,1,0,1,1,1,1,0,0,1,0,1,1,0,0,1,1,0,1,1,1,0,0,1,1,0,1,1,0,0,0,1,1,1,1,1,0,0,1,1,1,1,1,1,0,0,0,1,1,0,1,1,0,1,0,0,1,0,1,1,1,1,0,1,1,1,1,0,1,1,1,0,0,0,1,1,1,1,0,0,1,0,0,1,1,1,1,0,0,0,0,1,0,0,1,0,1,1,1,1,0,1,0,1,1,1,1,1,0
1,1,1,1,0,1,1,1,0,0,0,0,0,0,0,1,1,1,1,0,1,1,1,1,1,1,1,0,1,0,1,0,0,1,1,0,0,0,1,1,0,1,0,1,1,1,0,1,1,0,0,1,0,1,1,0,0,1,1,1,1,1,0,1,1,1,0,1,1,1,1,1,1,0,0,1,0,1,0,1,1,0,0,1,0,1,0,1,1,1,1,1,0,0,0,0,1,1,0,1,0,1,0,0,1,1,1,1,0,1,1,1,1,1,0,1,1,1,1,0,0,1,0,1,1,0,0,1,1,0,1,1,1,0,0,1,1,0,1,1,0,0,0,1,1,1,1,1,0,0,1,1,1,1,1,1,0,0,0,1,1,0,1,1,0,1,0,0,1,0,1,1,1,1,0,1,1,1,1,0,1,1,1,0,0,0,1,1,1,1,0,0,1,0,0,1,1,1,1,0,0,0,0,1,0,0,1,0,1,1,1,1,0,1,0,1,1,1,1,1,0
1,1,1,1,0,1,1,1,0,0,0,0,0,0,0,1,1,1,1,0,1,1,1,1,1,1,1,0,1,0,1,0,0,1,1,0,0,0,1,1,0,1,0,1,1,1,0,1,1,0,0,1,0,1,1,0,0,1,1,1,1,1,0,1,1,1,0,1,1,1,1,1,1,0,0,1,0,1,0,1,1,0,0,1,0,1,0,1,1,1,1,1,0,0,0,0,1,1,0,1,0,1,0,0,1,1,1,1,0,1,1,1,1,1,0,1,1,1,1,0,0,1,0,1,1,0,0,1,1,0,1,1,1,0,0,1,1,0,1,1,0,0,0,1,1,1,1,1,0,0,1,1,1,1,1,1,0,0,0,1,1,0,1,1,0,1,0,0,1,0,1,1,1,1,0,1,1,1,1,0,1,1,1,0,0,0,1,1,1,1,0,0,1,0,0,1,1,1,1,0,0,0,0,1,0,0,1,0,1,1,1,1,0,1,0,1,1,1,1,1,0
1,1,0,1,0,1,1,0,0,0,0,0,0,0,0,1,1,1,1,0,1,1,1,1,1,1,1,0,1,0,1,0,0,1,1,0,0,0,1,1,0,1,0,1,1,1,0,1,0,0,0,1,0,1,1,0,0,1,1,1,1,1,0,1,1,1,0,1,1,1,1,1,1,0,0,1,0,1,0,1,1,0,0,1,0,1,0,1,1,1,1,1,0,0,0,0,1,1,0,1,0,1,0,0,1,1,1,1,0,1,1,1,1,0,0,1,1,1,1,0,0,1,0,1,1,0,0,1,1,0,1,1,1,0,0,1,1,0,1,1,0,0,0,1,1,1,1,1,0,0,1,1,1,1,1,1,0,0,0,1,1,0,1,1,0,1,0,0,1,0,1,1,1,1,0,1,1,1,1,0,1,1,1,0,0,0,1,0,1,1,0,0,1,0,0,1,1,1,1,0,0,0,0,1,0,0,1,0,1,1,1,1,0,1,0,1,1,1,1,1,0
1,1,1,1,0,1,1,1,0,0,0,0,0,0,0,1,1,1,1,0,1,1,1,1,1,1,1,0,1,0,1,0,0,1,1,0,0,0,1,1,0,1,0,1,1,1,0,1,1,0,0,1,0,1,1,0,0,1,1,1,1,1,0,1,1,1,0,1,1,1,1,1,1,0,0,1,0,1,0,1,1,0,0,1,0,1,0,1,1,1,1,1,0,0,0,0,1,1,0,1,0,1,0,0,1,1,1,1,0,1,1,1,1,1,0,1,1,1,1,0,0,1,0,1,1,0,0,1,1,0,1,1,1,0,0,1,1,0,1,1,0,0,0,1,1,1,1,1,0,0,1,1,1,1,1,1,0,0,0,1,1,0,1,1,0,1,0,0,1,0,1,1,1,1,0,1,1,1,1,0,1,1,1,0,0,0,1,1,1,1,0,0,1,0,0,1,1,1,1,0,0,0,0,1,0,0,1,0,1,1,1,1,0,1,0,1,1,1,1,1,0
1,1,0,1,0,1,1,0,0,1,0,0,0,0,0,1,1,1,1,0,1,1,1,1,1,1,1,0,1,0,1,0,1,1,1,0,0,0,1,1,1,1,0,1,1,1,1,1,0,0,0,1,0,1,1,0,0,1,1,1,1,1,0,1,1,1,0,1,1,1,1,1,1,0,0,1,0,1,0,1,1,0,0,1,0,1,0,1,1,1,1,1,0,0,0,0,1,1,1,1,1,1,0,0,1,1,1,1,0,1,1,1,1,0,0,1,1,1,1,1,0,1,0,1,1,0,1,1,1,0,1,1,1,0,0,1,1,1,1,1,0,0,1,1,1,1,1,1,1,0,1,1,1,1,1,1,0,0,0,1,1,0,1,1,0,1,0,0,1,0,1,1,1,1,0,1,1,1,1,0,1,1,1,0,0,0,1,0,1,1,0,0,1,0,0,1,1,1,1,0,0,0,0,1,0,0,1,0,1,1,1,1,0,1,0,1,1,1,1,1,0
1,1,0,1,0,1,1,0,0,1,0,0,0,0,0,1,1,1,1,0,1,1,1,1,1,1,1,0,1,0,1,0,1,1,1,0,0,0,1,1,1,1,0,1,1,1,1,1,0,0,0,1,0,1,1,0,0,1,1,1,1,1,0,1,1,1,0,1,1,1,1,1,1,0,0,1,0,1,0,1,1,0,0,1,0,1,0,1,1,1,1,1,0,0,0,0,1,1,1,1,1,1,0,0,1,1,1,1,0,1,1,1,1,0,0,1,1,1,1,1,0,1,0,1,1,0,0,1,1,0,1,1,1,0,0,1,1,1,1,1,0,0,1,1,1,1,1,1,0,0,1,1,1,1,1,1,0,0,0,1,1,0,1,1,0,1,0,0,1,0,1,1,1,1,0,1,1,1,1,0,1,1,1,0,0,0,1,0,1,1,0,0,1,0,0,1,1,1,1,0,0,0,0,1,0,0,1,0,1,1,1,1,0,1,0,1,1,1,1,1,0
1,1,0,1,0,1,1,0,0,1,0,0,0,0,0,1,1,1,1,0,1,1,1,1,1,1,1,0,1,0,1,0,1,1,1,0,0,0,1,1,1,1,0,1,1,1,1,1,0,0,0,1,0,1,1,0,0,1,1,1,1,1,0,1,1,1,0,1,1,1,1,1,1,0,0,1,0,1,0,1,1,0,0,1,0,1,0,1,1,1,1,1,0,0,0,0,1,1,1,1,1,1,0,0,1,1,1,1,0,1,1,1,1,0,0,1,1,1,1,1,0,1,0,1,1,0,0,1,1,0,1,1,1,0,0,1,1,1,1,1,0,0,1,1,1,1,1,1,0,0,1,1,1,1,1,1,0,0,0,1,1,0,1,1,0,1,0,0,1,0,1,1,1,1,0,1,1,1,1,0,1,1,1,0,0,0,1,0,1,1,0,0,1,0,0,1,1,1,1,0,0,0,0,1,0,0,1,0,1,1,1,1,0,1,0,1,1,1,1,1,0
1,1,1,1,0,1,1,0,0,1,0,0,0,0,0,1,1,1,1,0,1,1,1,1,1,1,1,0,1,0,1,0,1,1,1,0,0,0,1,1,1,1,0,1,1,1,1,1,0,0,0,1,0,1,1,0,0,1,1,1,1,1,0,1,1,1,0,1,1,1,1,1,1,0,0,1,0,1,0,1,1,0,0,1,0,1,0,1,1,1,1,1,0,0,0,0,1,1,1,1,1,1,0,0,1,1,1,1,0,1,1,1,1,0,0,1,1,1,1,1,0,1,0,1,1,0,0,1,1,0,1,1,1,0,0,1,1,1,1,1,0,0,1,1,1,1,1,1,0,0,1,1,1,1,1,1,0,0,0,1,1,0,1,1,0,1,0,0,1,0,1,1,1,1,0,1,1,1,1,0,1,1,1,0,0,0,1,0,1,1,0,0,1,0,0,1,1,1,1,0,0,0,0,1,0,0,1,0,1,1,1,1,0,1,0,1,1,1,1,1,0
1,1,1,1,0,1,1,0,0,1,0,0,0,0,0,1,1,1,1,0,1,1,1,1,1,1,1,0,1,0,1,0,1,1,1,0,0,0,1,1,1,1,0,1,1,1,1,1,0,0,0,1,0,1,1,0,0,1,1,1,1,1,0,1,1,1,0,1,1,1,1,1,1,0,0,1,0,1,0,1,1,0,0,1,0,1,0,1,1,1,1,1,0,0,0,0,1,1,1,1,1,1,0,0,1,1,1,1,0,1,1,1,1,0,0,1,1,1,1,1,0,1,0,1,1,0,0,1,1,0,1,1,1,0,0,1,1,1,1,1,0,0,1,1,1,1,1,1,0,0,1,1,1,1,1,1,0,0,0,1,1,0,1,1,0,1,0,0,1,0,1,1,1,1,0,1,1,1,1,0,1,1,1,0,0,0,1,0,1,1,0,0,1,0,0,1,1,1,1,0,0,0,0,1,0,0,1,0,1,1,1,1,0,1,0,1,1,1,1,1,0
1,1,1,1,0,1,1,0,0,1,0,0,0,0,0,1,1,1,1,0,1,1,1,1,1,1,1,0,1,0,1,0,1,1,1,0,0,0,1,1,1,1,0,1,1,1,1,1,0,0,0,1,0,1,1,0,0,1,1,1,1,1,0,1,1,1,0,1,1,1,1,1,1,0,0,1,0,1,0,1,1,0,0,1,0,1,0,1,1,1,1,1,0,0,0,0,1,1,1,1,1,1,0,0,1,1,1,1,0,1,1,1,1,0,0,1,1,1,1,1,0,1,0,1,1,0,0,1,1,0,1,1,1,0,0,1,1,1,1,1,0,0,1,1,1,1,1,1,0,0,1,1,1,1,1,1,0,0,0,1,1,0,1,1,0,1,0,0,1,0,1,1,1,1,0,1,1,1,1,0,1,1,1,0,0,0,1,0,1,1,0,0,1,0,0,1,1,1,1,0,0,0,0,1,0,0,1,0,1,1,1,1,0,1,0,1,1,1,1,1,0
0,0,0,0,0,1,1,1,0,0,0,0,0,0,0,0,1,1,0,0,0,0,0,0,0,0,0,0,0,0,1,0,0,0,1,0,0,0,0,1,0,0,0,1,0,0,0,0,0,0,0,1,0,0,0,0,1,1,1,0,0,0,0,0,0,0,0,0,1,1,0,1,0,0,0,0,0,0,1,0,1,0,0,0,0,0,1,0,0,0,1,0,0,0,0,0,0,1,0,0,0,0,0,0,0,0,0,1,0,0,0,0,1,0,0,0,0,1,0,0,0,0,0,1,0,1,0,1,1,0,0,0,1,0,0,0,1,0,0,1,0,0,0,0,0,1,1,0,0,0,1,0,1,1,1,0,0,0,0,1,0,0,1,0,0,1,0,0,1,0,0,0,0,1,0,1,0,0,0,1,0,1,1,0,0,0,1,0,1,1,0,0,1,0,0,1,1,1,1,0,0,0,0,1,0,0,1,0,1,1,1,0,0,1,0,1,1,1,1,0,0
1,1,1,1,0,1,1,0,0,1,0,0,0,0,0,1,1,1,1,0,1,1,1,1,1,1,1,0,1,0,1,0,1,1,1,0,0,0,1,1,1,1,0,1,1,1,1,1,0,0,0,1,0,1,1,0,0,1,1,1,1,1,0,1,1,1,0,1,1,1,1,1,1,0,0,1,0,1,0,1,1,0,0,1,0,1,0,1,1,1,1,1,0,0,0,0,1,1,1,1,1,1,0,0,1,1,1,1,0,1,1,1,1,0,0,1,1,1,1,1,0,1,0,1,1,0,0,1,1,0,1,1,1,0,0,1,1,1,1,1,0,0,1,1,1,1,1,1,0,0,1,1,1,1,1,1,0,0,0,1,1,0,1,1,0,1,0,0,1,0,1,1,1,1,0,1,1,1,1,0,1,1,1,0,0,0,1,0,1,1,0,0,1,0,0,1,1,1,1,0,0,0,0,1,0,0,1,0,1,1,1,1,0,1,0,1,1,1,1,1,0
1,1,1,1,1,1,1,0,0,1,1,0,1,1,0,1,1,1,1,0,0,1,1,1,0,1,1,1,1,1,1,0,1,1,0,0,0,0,1,1,1,1,0,1,1,1,1,1,0,1,1,1,0,1,1,0,1,1,1,1,1,1,0,1,1,1,0,1,1,0,1,1,1,0,1,1,0,1,0,1,1,1,1,1,0,1,1,1,1,1,1,1,0,0,1,0,1,1,1,1,1,1,0,1,1,1,1,0,0,1,1,1,1,1,0,1,1,1,1,1,0,1,0,1,0,0,0,1,1,0,1,1,0,0,0,1,1,1,1,1,0,0,1,1,1,1,1,1,0,1,0,0,0,1,0,1,1,0,0,1,1,0,0,1,0,1,0,0,1,0,1,1,1,1,0,1,1,1,0,0,1,1,0,0,0,0,1,1,0,1,0,1,0,0,0,1,1,1,1,0,0,1,0,0,0,0,1,0,1,0,0,1,0,0,0,0,1,0,0,1,0
1,1,1,1,1,1,1,0,0,0,1,0,1,1,0,1,1,1,1,0,0,1,1,1,0,1,1,1,1,1,1,0,0,1,0,0,0,0,1,1,0,1,0,1,1,1,0,1,0,1,1,1,0,1,1,0,1,1,1,1,1,1,0,1,1,1,0,1,1,0,1,1,1,0,1,1,0,1,0,1,1,1,1,1,0,1,1,1,1,1,1,1,0,0,1,0,1,1,0,1,0,1,0,1,1,1,1,0,0,1,1,1,1,1,0,1,1,1,1,0,0,1,0,1,0,0,0,1,1,0,1,1,0,0,0,1,1,0,1,1,0,0,0,1,1,1,1,1,0,1,0,0,0,1,0,1,1,0,0,1,1,0,0,1,0,1,0,0,1,0,1,1,1,1,0,1,1,1,0,0,1,1,0,0,0,0,1,1,0,1,0,1,0,0,0,1,1,1,1,0,0,1,0,0,0,0,1,0,1,0,0,1,0,0,0,0,1,0,0,1,0
1,1,1,1,1,1,1,0,0,0,1,0,1,1,0,1,1,1,1,0,0,1,1,1,0,1,1,1,1,1,1,0,0,1,0,0,0,0,1,1,0,1,0,1,1,1,0,1,0,1,1,1,0,1,1,0,1,1,1,1,1,1,0,1,1,1,0,1,1,0,1,1,1,0,1,1,0,1,0,1,1,1,1,1,0,1,1,1,1,1,1,1,0,0,1,0,1,1,0,1,0,1,0,1,1,1,1,0,0,1,1,1,1,1,0,1,1,1,1,0,0,1,0,1,0,0,0,1,1,0,1,1,0,0,0,1,1,0,1,1,0,0,0,1,1,1,1,1,0,1,0,0,0,1,0,1,1,0,0,1,1,0,0,1,0,1,0,0,1,0,1,1,1,1,0,1,1,1,0,0,1,1,0,0,0,0,1,1,0,1,0,1,0,0,0,1,1,1,1,0,0,1,0,0,0,0,1,0,1,0,0,1,0,0,0,0,1,0,0,1,0
1,1,1,1,1,1,1,0,0,1,1,0,1,1,0,1,1,1,1,0,0,1,1,1,0,1,1,1,1,1,1,0,1,1,0,0,0,0,1,1,1,1,0,1,1,1,1,1,0,1,1,1,0,1,1,0,1,1,1,1,1,1,0,1,1,1,0,1,1,0,1,1,1,0,1,1,0,1,0,1,1,1,1,1,0,1,1,1,1,1,1,1,0,0,1,0,1,1,1,1,1,1,0,1,1,1,1,0,0,1,1,1,1,1,0,1,1,1,1,1,0,1,0,1,0,0,0,1,1,0,1,1,0,0,0,1,1,1,1,1,0,0,1,1,1,1,1,1,0,1,0,0,0,1,0,1,1,0,0,1,1,0,0,1,0,1,0,0,1,0,1,1,1,1,0,1,1,1,0,0,1,1,0,0,0,0,1,1,0,1,0,1,0,0,0,1,1,1,1,0,0,1,0,0,0,0,1,0,1,0,0,1,0,0,0,0,1,0,0,1,0
1,1,1,1,1,1,1,1,0,0,1,0,1,1,1,1,1,1,1,0,0,1,1,1,0,1,1,0,1,0,1,0,0,1,0,0,0,0,1,1,0,1,0,1,1,1,0,1,0,0,0,1,1,1,1,0,1,1,1,1,1,1,1,1,1,1,0,1,1,0,1,1,1,0,0,1,0,1,1,1,1,0,0,1,0,1,1,1,1,1,1,1,0,0,0,0,1,1,0,1,0,1,0,0,1,1,1,0,0,1,1,1,1,1,0,1,1,1,1,0,0,1,1,1,1,0,0,1,1,0,1,1,0,0,0,1,1,0,1,1,0,0,0,1,1,1,1,1,0,1,1,1,0,1,0,1,1,0,0,1,1,0,0,1,1,1,1,0,1,0,1,1,1,1,1,1,1,1,1,0,1,1,0,0,0,1,1,1,0,1,0,1,0,0,0,1,1,1,1,0,0,1,0,0,0,0,1,0,1,0,0,1,0,0,0,0,1,0,0,1,0
1,1,1,1,1,1,1,0,0,1,1,0,1,1,0,1,1,1,1,0,0,1,1,1,0,1,1,1,1,1,1,0,1,1,0,0,0,0,1,1,1,1,0,1,1,1,1,1,0,1,1,1,0,1,1,0,1,1,1,1,1,1,0,1,1,1,0,1,1,0,1,1,1,0,1,1,0,1,0,1,1,1,1,1,0,1,1,1,1,1,1,1,0,0,1,0,1,1,1,1,1,1,0,1,1,1,1,0,0,1,1,1,1,1,0,1,1,1,1,1,0,1,0,1,0,0,0,1,1,0,1,1,0,0,0,1,1,1,1,1,0,0,1,1,1,1,1,1,0,1,0,0,0,1,0,1,1,0,0,1,1,0,0,1,0,1,0,0,1,0,1,1,1,1,0,1,1,1,0,0,1,1,0,0,0,0,1,1,0,1,0,1,0,0,0,1,1,1,1,0,0,1,0,0,0,0,1,0,1,0,0,1,0,0,0,0,1,0,0,1,0
1,1,0,1,1,1,1,0,0,0,1,0,1,1,0,1,1,1,1,0,0,1,1,1,0,1,1,1,1,1,1,0,0,1,0,0,0,0,1,1,0,1,0,1,1,1,0,1,0,1,1,1,0,1,1,0,1,1,1,1,1,1,0,1,1,1,0,1,1,0,1,1,1,0,1,1,0,1,0,1,1,1,1,1,0,1,1,1,1,1,1,1,0,0,1,0,1,1,0,1,0,1,0,1,1,1,1,0,0,1,1,1,1,1,0,1,1,1,1,0,0,1,0,1,0,0,0,1,1,0,1,1,0,0,0,1,1,0,1,1,0,0,0,1,1,1,1,1,0,1,0,0,0,1,0,1,1,0,0,1,1,0,0,1,0,1,0,0,1,0,1,1,1,1,0,1,1,1,0,0,1,1,0,0,0,0,1,1,0,1,0,1,0,0,0,1,1,1,1,0,0,1,0,0,0,0,1,0,1,0,0,1,0,0,0,0,1,0,0,1,0
1,1,1,1,1,1,1,0,0,0,1,0,1,1,0,1,1,1,1,0,0,1,1,1,0,1,1,1,1,1,1,0,0,1,0,0,0,0,1,1,0,1,0,1,1,1,0,1,0,1,1,1,0,1,1,0,1,1,1,1,1,1,0,1,1,1,0,1,1,0,1,1,1,0,1,1,0,1,0,1,1,1,1,1,0,1,1,1,1,1,1,1,0,0,1,0,1,1,0,1,0,1,0,1,1,1,1,0,0,1,1,1,1,1,0,1,1,1,1,0,0,1,0,1,0,0,0,1,1,0,1,1,0,0,0,1,1,0,1,1,0,0,0,1,1,1,1,1,0,1,0,0,0,1,0,1,1,0,0,1,1,0,0,1,0,1,0,0,1,0,1,1,1,1,0,1,1,1,0,0,1,1,0,0,0,0,1,1,0,1,0,1,0,0,0,1,1,1,1,0,0,1,0,0,0,0,1,0,1,0,0,1,0,0,0,0,1,0,0,1,0
0,1,0,1,1,1,1,0,0,0,1,0,1,1,0,1,1,1,1,0,0,1,1,1,0,1,1,1,1,1,1,0,0,1,0,0,0,0,1,1,0,1,0,1,1,1,0,1,0,1,1,1,0,1,1,0,1,1,1,1,1,1,0,1,1,1,0,1,1,0,1,1,1,0,1,1,0,1,0,1,1,1,1,1,0,1,1,1,1,1,1,1,0,0,1,0,1,1,0,1,0,1,0,1,1,1,1,0,0,1,1,1,1,1,0,1,1,1,1,0,0,1,0,1,0,0,1,1,1,0,1,1,0,0,0,1,1,0,1,1,0,0,0,1,1,1,1,1,1,1,0,0,0,1,0,1,1,0,0,1,1,0,0,1,0,1,0,0,1,0,1,1,1,1,0,1,1,1,0,0,1,1,0,0,0,0,1,1,0,1,0,1,0,0,0,1,1,1,1,0,0,1,0,0,0,0,1,0,1,0,0,1,0,0,0,0,1,0,0,1,0
1,1,0,1,1,1,1,0,0,0,1,0,1,1,0,1,1,1,1,0,0,1,1,1,0,1,1,1,1,1,1,0,0,1,0,0,0,0,1,1,0,1,0,1,1,1,0,1,0,1,1,1,0,1,1,0,1,1,1,1,1,1,0,1,1,1,0,1,1,0,1,1,1,0,1,1,0,1,0,1,1,1,1,1,0,1,1,1,1,1,1,1,0,0,1,0,1,1,0,1,0,1,0,1,1,1,1,0,0,1,1,1,1,1,0,1,1,1,1,0,0,1,0,1,0,0,0,1,1,0,1,1,0,0,0,1,1,0,1,1,0,0,0,1,1,1,1,1,0,1,0,0,0,1,0,1,1,0,0,1,1,0,0,1,0,1,0,0,1,0,1,1,1,1,0,1,1,1,0,0,1,1,0,0,0,0,1,1,0,1,0,1,0,0,0,1,1,1,1,0,0,1,0,0,0,0,1,0,1,0,0,1,0,0,0,0,1,0,0,1,0
1,1,1,1,1,1,1,0,0,1,1,0,1,1,0,1,1,1,1,0,0,1,1,1,0,1,1,1,1,1,1,0,1,1,0,0,0,0,1,1,1,1,0,1,1,1,1,1,0,1,1,1,0,1,1,0,1,1,1,1,1,1,0,1,1,1,0,1,1,0,1,1,1,0,1,1,0,1,0,1,1,1,1,1,0,1,1,1,1,1,1,1,0,0,1,0,1,1,1,1,1,1,0,1,1,1,1,0,0,1,1,1,1,1,0,1,1,1,1,1,0,1,0,1,0,0,0,1,1,0,1,1,0,0,0,1,1,1,1,1,0,0,1,1,1,1,1,1,0,1,0,0,0,1,0,1,1,0,0,1,1,0,0,1,0,1,0,0,1,0,1,1,1,1,0,1,1,1,0,0,1,1,0,0,0,0,1,1,0,1,0,1,0,0,0,1,1,1,1,0,0,1,0,0,0,0,1,0,1,0,0,1,0,0,0,0,1,0,0,1,0
1,1,1,1,1,1,1,0,0,0,1,0,1,1,0,1,1,1,1,0,0,1,1,1,0,1,1,1,1,1,1,0,0,1,0,0,0,0,1,1,0,1,0,1,1,1,0,1,0,1,1,1,0,1,1,0,1,1,1,1,1,1,0,1,1,1,0,1,1,0,1,1,1,0,1,1,0,1,0,1,1,1,1,1,0,1,1,1,1,1,1,1,0,0,1,0,1,1,0,1,0,1,0,1,1,1,1,0,0,1,1,1,1,1,0,1,1,1,1,0,0,1,0,1,0,0,0,1,1,0,1,1,0,0,0,1,1,0,1,1,0,0,0,1,1,1,1,1,0,1,0,0,0,1,0,1,1,0,0,1,1,0,0,1,0,1,0,0,1,0,1,1,1,1,0,1,1,1,0,0,1,1,0,0,0,0,1,1,0,1,0,1,0,0,0,1,1,1,1,0,0,1,0,0,0,0,1,0,1,0,0,1,0,0,0,0,1,0,0,1,0
1,1,1,1,1,1,1,0,0,1,1,0,1,1,0,1,1,1,1,0,0,1,1,1,0,1,1,1,1,1,1,0,1,1,0,0,0,0,1,1,1,1,0,1,1,1,1,1,0,1,1,1,0,1,1,0,1,1,1,1,1,1,0,1,1,1,0,1,1,0,1,1,1,0,1,1,0,1,0,1,1,1,1,1,0,1,1,1,1,1,1,1,0,0,1,0,1,1,1,1,1,1,0,1,1,1,1,0,0,1,1,1,1,1,0,1,1,1,1,1,0,1,0,1,0,0,0,1,1,0,1,1,0,0,0,1,1,1,1,1,0,0,1,1,1,1,1,1,0,1,0,0,0,1,0,1,1,0,0,1,1,0,0,1,0,1,0,0,1,0,1,1,1,1,0,1,1,1,0,0,1,1,0,0,0,0,1,1,0,1,0,1,0,0,0,1,1,1,1,0,0,1,0,0,0,0,1,0,1,0,0,1,0,0,0,0,1,0,0,1,0
0,1,0,1,1,1,1,0,0,1,1,0,1,1,0,1,1,1,1,0,0,1,1,1,0,1,1,1,1,1,1,0,1,1,0,0,0,0,1,1,1,1,0,1,1,1,1,1,0,1,1,1,0,1,1,0,1,1,1,1,1,1,0,1,1,1,0,1,1,0,1,1,1,0,1,1,0,1,0,1,1,1,1,1,0,1,1,1,1,1,1,1,0,0,1,0,1,1,1,1,1,1,0,1,1,1,1,0,0,1,1,1,1,1,0,1,1,1,1,1,0,1,0,1,0,0,1,1,1,0,1,1,0,0,0,1,1,1,1,1,0,0,1,1,1,1,1,1,1,1,0,0,0,1,0,1,1,0,0,1,1,0,0,1,0,1,0,0,1,0,1,1,1,1,0,1,1,1,0,0,1,1,0,0,0,0,1,1,0,1,0,1,0,0,0,1,1,1,1,0,0,1,0,0,0,0,1,0,1,0,0,1,0,0,0,0,1,0,0,1,0
0,1,0,1,1,1,1,0,0,1,1,0,1,1,0,1,1,1,1,0,0,1,1,1,0,1,1,1,1,1,1,0,1,1,0,0,0,0,1,1,1,1,0,1,1,1,1,1,0,1,1,1,0,1,1,0,1,1,1,1,1,1,0,1,1,1,0,1,1,0,1,1,1,0,1,1,0,1,0,1,1,1,1,1,0,1,1,1,1,1,1,1,0,0,1,0,1,1,1,1,1,1,0,1,1,1,1,0,0,1,1,1,1,1,0,1,1,1,1,1,0,1,0,1,0,0,1,1,1,0,1,1,0,0,0,1,1,1,1,1,0,0,1,1,1,1,1,1,1,1,0,0,0,1,0,1,1,0,0,1,1,0,0,1,0,1,0,0,1,0,1,1,1,1,0,1,1,1,0,0,1,1,0,0,0,0,1,1,0,1,0,1,0,0,0,1,1,1,1,0,0,1,0,0,0,0,1,0,1,0,0,1,0,0,0,0,1,0,0,1,0
1,1,1,1,1,1,1,0,0,0,1,0,1,1,0,1,1,1,1,0,0,1,1,1,0,1,1,1,1,1,1,0,0,1,0,0,0,0,1,1,0,1,0,1,1,1,0,1,0,1,1,1,0,1,1,0,1,1,1,1,1,1,0,1,1,1,0,1,1,0,1,1,1,0,1,1,0,1,0,1,1,1,1,1,0,1,1,1,1,1,1,1,0,0,1,0,1,1,0,1,0,1,0,1,1,1,1,0,0,1,1,1,1,1,0,1,1,1,1,0,0,1,0,1,0,0,0,1,1,0,1,1,0,0,0,1,1,0,1,1,0,0,0,1,1,1,1,1,0,1,0,0,0,1,0,1,1,0,0,1,1,0,0,1,0,1,0,0,1,0,1,1,1,1,0,1,1,1,0,0,1,1,0,0,0,0,1,1,0,1,0,1,0,0,0,1,1,1,1,0,0,1,0,0,0,0,1,0,1,0,0,1,0,0,0,0,1,0,0,1,0
1,1,0,1,1,1,1,0,0,0,1,0,1,1,0,1,1,1,1,0,0,1,1,1,0,1,1,1,1,1,1,0,0,1,0,0,0,0,1,1,0,1,0,1,1,1,0,1,0,1,1,1,0,1,1,0,1,1,1,1,1,1,0,1,1,1,0,1,1,0,1,1,1,0,1,1,0,1,0,1,1,1,1,1,0,1,1,1,1,1,1,1,0,0,1,0,1,1,0,1,0,1,0,1,1,1,1,0,0,1,1,1,1,1,0,1,1,1,1,0,0,1,0,1,0,0,0,1,1,0,1,1,0,0,0,1,1,0,1,1,0,0,0,1,1,1,1,1,0,1,0,0,0,1,0,1,1,0,0,1,1,0,0,1,0,1,0,0,1,0,1,1,1,1,0,1,1,1,0,0,1,1,0,0,0,0,1,1,0,1,0,1,0,0,0,1,1,1,1,0,0,1,0,0,0,0,1,0,1,0,0,1,0,0,0,0,1,0,0,1,0
0,0,0,0,0,1,1,1,0,0,0,0,0,0,0,0,0,0,0,0,0,0,0,0,0,0,0,0,0,0,1,0,0,0,0,0,0,0,0,1,0,0,1,1,0,0,0,0,1,0,0,1,0,0,0,0,1,0,0,0,0,0,0,0,0,0,0,0,1,0,0,1,0,0,0,0,0,0,1,0,1,0,0,0,0,0,1,0,0,0,0,0,0,0,0,0,0,1,0,0,0,0,0,0,0,0,0,1,0,0,0,0,0,0,0,0,0,0,0,0,1,0,0,0,0,0,0,1,0,0,0,0,1,0,0,0,0,0,0,1,0,0,0,0,0,0,0,0,0,0,0,0,0,1,0,0,0,0,0,0,0,0,0,0,0,1,0,0,1,0,0,0,0,0,0,0,0,0,0,0,0,1,0,1,0,0,0,0,0,0,0,0,0,0,0,0,0,0,0,0,0,0,0,0,0,0,0,0,0,0,0,0,0,0,0,0,0,0,0,0,0
0,0,0,0,0,1,1,1,0,0,0,0,0,0,0,0,0,0,0,0,0,0,0,0,0,0,0,0,0,0,1,0,0,0,0,0,0,0,0,1,0,0,1,1,0,0,0,0,1,0,0,1,0,0,0,0,1,0,0,0,0,0,0,0,0,0,0,0,1,0,0,1,0,0,0,0,0,0,1,0,1,0,0,0,0,0,1,0,0,0,0,0,0,0,0,0,0,1,0,0,0,0,0,0,0,0,0,1,0,0,0,0,0,0,0,0,0,0,0,0,1,0,0,0,0,0,0,1,0,0,0,0,1,0,0,0,0,0,0,1,0,0,0,0,0,0,0,0,0,0,1,0,0,1,0,0,0,0,0,0,0,0,0,0,0,1,0,0,1,0,0,0,0,0,0,0,0,0,0,0,0,1,0,1,0,0,0,0,0,0,0,0,0,0,0,0,0,0,0,0,0,0,0,0,0,0,0,0,0,0,0,0,0,0,0,0,0,0,0,0,0
0,0,0,0,0,1,1,1,0,0,0,0,0,0,0,0,0,0,0,0,0,0,0,0,0,0,0,0,0,0,1,0,0,0,0,0,0,0,0,1,0,0,1,1,0,0,0,0,1,0,0,1,0,0,0,0,1,0,0,0,0,0,0,0,0,0,0,0,1,0,0,1,0,0,0,0,0,0,1,0,1,0,0,0,0,0,1,0,0,0,0,0,0,0,0,0,0,1,0,0,0,0,0,0,0,0,0,1,0,0,0,0,0,0,0,0,0,0,0,0,1,0,0,0,0,0,0,1,0,0,0,0,1,0,0,0,0,0,0,1,0,0,0,0,0,0,0,0,0,0,0,0,0,1,0,0,0,0,0,0,0,0,0,0,0,1,0,0,0,0,0,0,0,0,0,0,0,0,0,0,0,1,0,1,0,0,1,0,1,0,0,0,0,0,0,0,0,0,0,0,0,0,0,0,0,0,0,0,0,0,0,0,0,0,0,0,0,0,0,0,0
0,0,0,0,0,1,1,1,0,0,0,0,0,0,0,0,0,0,0,0,0,0,0,0,0,0,0,0,0,0,1,0,0,0,0,0,0,0,0,1,0,0,1,1,0,0,0,0,1,0,0,1,0,0,0,0,1,0,0,0,0,0,0,0,0,0,0,0,1,0,0,1,0,0,0,0,0,0,1,0,1,0,0,0,0,0,1,0,0,0,0,0,0,0,0,0,0,1,0,0,0,0,0,0,0,0,0,1,0,0,0,0,0,0,0,0,0,0,0,0,1,0,0,0,0,0,0,1,0,0,0,0,1,0,0,0,0,0,0,1,0,0,0,0,0,0,0,0,0,0,0,0,0,1,0,0,0,0,0,0,0,0,0,0,0,1,0,0,0,0,0,0,0,0,0,0,0,0,0,0,0,1,0,1,0,0,1,0,1,0,0,0,0,0,0,0,0,0,0,0,0,0,0,0,0,0,0,0,0,0,0,0,0,0,0,0,0,0,0,0,0
0,0,0,0,0,1,1,1,0,0,1,0,0,1,0,0,0,0,0,0,0,0,0,0,0,0,0,0,0,0,1,0,0,0,0,0,1,0,0,1,0,0,1,1,0,0,0,0,1,0,0,1,0,0,0,0,1,0,0,0,0,0,0,0,0,0,0,0,1,0,0,1,0,0,0,0,0,0,1,0,1,0,0,0,0,0,1,0,0,0,0,0,0,0,0,0,0,1,0,0,0,0,0,0,0,0,0,1,0,0,0,0,0,0,0,0,0,0,0,0,1,0,0,0,0,0,0,1,0,0,0,0,1,0,0,0,0,0,0,1,0,0,0,0,0,0,0,0,0,0,1,0,0,1,0,0,0,0,0,0,0,0,0,0,0,1,0,0,1,0,0,0,0,0,0,0,0,0,0,0,0,1,0,1,0,0,1,0,1,0,0,0,0,0,0,0,0,0,0,0,0,0,0,0,0,0,0,0,0,0,0,0,0,0,0,0,0,0,0,0,0
0,0,0,0,0,1,1,1,0,0,1,0,0,1,0,0,0,0,0,0,0,0,0,0,0,0,0,0,0,0,1,0,0,0,0,0,1,0,0,1,0,0,1,1,0,0,0,0,1,0,0,1,0,0,0,0,1,0,0,0,0,0,0,0,0,0,0,0,1,0,0,1,0,0,0,0,0,0,1,0,1,0,0,0,0,0,1,0,0,0,0,0,0,0,0,0,0,1,0,0,0,0,0,0,0,0,0,1,0,0,0,0,0,0,0,0,0,0,0,0,1,0,0,0,0,0,0,1,0,0,0,0,1,0,0,0,0,0,0,1,0,0,0,0,0,0,0,0,0,0,1,0,0,1,0,0,0,0,0,0,0,0,0,0,0,1,0,1,1,0,0,0,0,0,0,0,0,0,0,0,0,1,0,1,0,0,0,0,0,0,0,0,0,0,0,0,0,0,0,0,0,0,0,0,0,0,0,0,0,0,0,0,0,0,0,0,0,0,0,0,0
1,1,1,1,1,1,1,0,0,1,1,0,1,1,0,1,1,1,1,0,0,1,1,1,0,1,1,1,1,1,1,0,1,1,0,0,0,0,1,1,1,1,0,1,1,1,1,1,0,1,1,1,0,1,1,0,1,1,1,1,1,1,0,1,1,1,0,1,1,0,1,1,1,0,1,1,0,1,0,1,1,1,1,1,0,1,1,1,1,1,1,1,0,0,1,0,1,1,1,1,1,1,0,1,1,1,1,0,0,1,1,1,1,1,0,1,1,1,1,1,0,1,0,1,0,0,0,1,1,0,1,1,0,0,0,1,1,1,1,1,0,0,1,1,1,1,1,1,0,1,0,0,0,1,0,1,1,0,0,1,1,0,0,1,0,1,0,0,1,0,1,1,1,1,0,1,1,1,0,0,1,1,0,0,0,0,1,1,0,1,0,1,0,0,0,1,1,1,1,0,0,1,0,0,0,0,1,0,1,0,0,1,0,0,0,0,1,0,0,1,0
0,1,0,1,0,0,0,0,0,0,1,0,1,1,0,0,0,1,1,0,0,0,0,0,0,1,1,0,1,0,0,0,0,1,0,0,0,1,1,0,0,1,0,0,1,1,0,1,0,0,0,1,0,1,1,0,0,0,0,1,1,1,0,1,1,1,0,1,0,0,1,0,1,0,0,1,0,0,0,1,0,0,0,1,0,0,0,1,1,1,0,1,0,0,0,0,1,0,0,1,0,1,0,0,1,1,1,0,0,1,1,1,0,0,0,1,1,0,1,0,0,1,0,0,0,0,0,0,0,0,1,1,0,0,0,1,0,0,0,0,0,0,0,1,0,0,0,1,0,0,0,0,0,0,0,0,0,0,0,0,1,0,0,1,0,0,0,0,0,0,1,0,0,0,0,0,1,1,0,0,1,0,0,0,0,0,0,0,0,0,0,0,0,0,0,1,1,0,0,0,0,0,0,0,0,0,1,0,0,1,0,1,0,0,0,0,0,1,0,1,0
0,0,0,1,0,0,0,0,0,1,1,0,1,1,0,0,0,1,1,0,0,0,0,0,0,1,1,0,1,0,0,0,1,1,0,0,0,0,1,0,1,1,0,0,1,1,1,1,0,0,0,1,0,1,1,0,0,0,0,1,1,1,0,1,1,1,0,1,0,0,1,0,1,0,0,1,0,0,0,1,0,0,0,1,0,0,0,1,1,1,0,1,0,0,0,0,1,0,1,1,1,1,0,0,1,1,1,0,0,1,1,1,0,0,0,1,1,0,1,1,0,1,0,0,0,0,0,0,0,0,1,1,0,0,0,1,0,1,0,0,0,0,1,1,0,0,0,1,0,0,0,0,0,0,0,0,0,0,0,0,1,0,0,1,0,0,0,0,0,0,1,0,0,0,0,0,1,1,0,0,1,0,0,0,0,0,0,0,0,0,0,0,0,0,0,1,1,0,0,0,0,0,0,0,0,0,1,0,0,1,0,1,0,0,0,0,0,1,0,1,0
0,1,0,1,0,1,1,0,0,0,1,0,1,1,0,0,0,1,1,0,0,1,1,0,0,1,1,0,1,1,1,0,0,1,1,0,0,1,1,1,0,1,0,1,1,1,0,1,1,0,0,1,0,1,1,0,0,1,1,1,1,1,1,1,1,1,0,1,1,1,1,1,1,0,0,1,0,1,0,1,1,0,0,1,0,1,0,1,1,1,1,1,0,0,0,0,1,1,0,1,0,1,0,0,1,0,1,0,0,1,1,1,1,1,1,1,1,1,1,0,1,1,0,1,0,1,0,1,1,0,1,1,0,0,0,1,1,0,0,1,0,0,0,1,0,1,1,1,0,0,0,0,1,1,0,0,0,0,0,1,1,1,0,1,0,1,0,0,1,0,1,1,1,1,0,1,1,1,0,1,1,1,1,1,1,0,1,0,0,1,0,0,0,0,0,1,1,0,1,0,0,0,0,0,0,0,1,1,1,1,0,1,1,0,1,0,1,1,0,1,1
0,1,0,1,0,1,1,0,0,1,1,0,1,1,0,0,0,1,1,0,0,1,1,0,0,1,1,0,1,1,1,0,1,1,1,0,0,0,1,1,1,1,0,1,1,1,1,1,1,0,0,1,0,1,1,0,0,1,1,1,1,1,1,1,1,1,0,1,1,1,1,1,1,0,0,1,0,1,0,1,1,0,0,1,0,1,0,1,1,1,1,1,0,0,0,0,1,1,1,1,1,1,0,0,1,0,1,0,0,1,1,1,1,1,1,1,1,1,1,1,1,1,0,1,0,1,0,1,1,0,1,1,0,0,0,1,1,1,0,1,0,0,1,1,0,1,1,1,0,0,0,0,1,1,0,0,0,0,0,1,1,1,0,1,0,1,0,0,1,0,1,1,1,1,0,1,1,1,0,1,1,1,1,1,1,0,1,0,0,1,0,0,0,0,0,1,1,0,1,0,0,0,0,0,0,0,1,1,1,1,0,1,1,0,1,0,1,1,0,1,1
0,0,0,1,0,0,0,0,1,0,1,0,0,0,0,1,1,0,0,0,0,0,0,0,0,1,0,0,0,0,0,1,0,1,0,0,0,0,0,0,0,1,0,0,0,1,0,1,0,1,1,0,1,1,0,1,0,0,0,0,0,1,0,1,1,1,0,1,0,0,1,0,0,0,1,0,1,0,0,1,0,1,1,1,1,0,0,1,1,1,0,1,1,1,1,0,1,0,0,1,0,1,1,1,1,0,1,0,0,1,1,1,0,0,0,1,1,0,1,0,0,1,1,0,0,0,0,0,0,0,1,1,0,0,0,1,0,0,0,0,1,0,0,1,0,0,0,1,0,0,0,0,0,0,0,0,0,0,0,0,1,0,0,1,1,0,0,0,0,0,1,0,0,0,1,0,1,1,0,0,1,0,0,0,0,1,0,0,0,0,0,0,0,0,0,0,0,0,0,0,0,0,0,0,0,0,0,0,0,0,0,0,0,0,0,0,0,0,0,0,0
0,0,0,1,0,0,0,0,1,0,1,0,0,0,0,1,1,0,0,0,0,0,0,0,0,1,0,0,0,0,0,1,0,1,0,0,0,0,0,0,0,1,0,0,0,1,0,1,0,1,1,0,1,1,0,1,0,0,0,0,0,1,0,1,1,1,0,1,0,0,1,0,0,0,1,0,1,0,0,1,0,1,1,1,1,0,0,1,1,1,0,1,1,1,1,0,1,0,0,1,0,1,1,1,1,0,1,0,0,1,1,1,0,0,0,1,1,0,1,0,0,1,1,0,0,0,0,0,0,0,1,1,0,0,0,1,0,0,0,0,1,0,0,1,0,0,0,1,0,0,0,0,0,0,0,0,0,0,0,0,1,0,0,1,1,0,0,0,0,0,1,0,0,0,1,0,1,1,0,0,1,0,0,0,0,1,0,0,0,0,0,0,0,0,0,0,0,0,0,0,0,0,0,0,0,0,0,0,0,0,0,0,0,0,0,0,0,0,0,0,0
0,1,0,1,0,0,0,0,1,1,1,0,0,0,0,1,1,1,0,0,0,0,0,0,0,1,1,0,0,0,0,1,1,0,0,0,0,0,0,0,1,1,0,0,0,1,1,1,0,1,1,0,1,1,0,0,0,0,0,0,0,1,1,0,0,1,0,1,0,0,1,0,0,0,1,0,0,0,0,1,0,1,1,1,1,0,0,1,1,1,0,1,0,1,1,0,1,0,1,1,1,1,1,1,1,0,1,0,0,1,1,1,0,0,0,1,1,0,1,1,0,1,0,0,0,0,0,0,0,0,1,1,0,0,0,1,0,1,1,0,1,0,1,1,0,0,0,1,0,0,0,0,0,0,0,0,0,0,0,0,1,0,0,1,0,0,0,0,0,0,0,0,0,0,0,0,1,1,0,0,1,0,0,0,0,0,0,0,0,0,0,0,0,0,0,0,0,0,0,0,0,0,0,0,0,0,0,0,0,0,0,0,0,0,0,0,0,0,0,0,0
0,1,0,1,0,1,1,0,1,0,1,0,0,0,0,0,0,1,1,0,0,0,0,0,0,0,1,0,0,0,1,1,0,0,0,0,0,0,0,1,0,1,0,1,0,0,0,1,1,0,0,1,1,0,0,0,0,1,1,0,0,0,1,0,0,0,0,0,1,0,1,0,0,0,0,0,0,0,0,0,0,0,0,0,1,0,0,1,1,0,1,0,0,1,0,0,0,1,0,0,0,0,1,0,0,0,0,0,0,0,0,1,1,1,1,0,0,1,1,0,0,0,0,1,0,1,0,1,1,0,0,0,0,0,0,0,1,0,0,1,1,0,0,0,0,1,1,1,0,0,0,0,0,1,0,0,0,0,0,1,1,1,0,1,0,1,0,0,1,0,0,0,0,1,0,1,1,0,0,1,0,1,0,0,0,0,1,1,0,1,0,1,0,0,0,0,0,0,1,0,0,1,0,0,0,0,0,1,1,0,0,0,1,0,1,0,1,0,0,0,1
0,0,0,0,0,1,1,0,0,0,0,0,0,0,0,0,0,1,1,0,0,0,0,0,0,0,1,0,0,0,1,0,0,0,0,0,0,0,0,1,0,0,0,1,0,0,0,0,0,0,0,0,0,0,0,0,0,0,0,0,0,0,0,0,0,0,0,0,0,0,0,1,0,1,0,0,0,0,0,0,1,0,0,0,0,0,0,0,0,0,0,0,0,0,0,1,0,0,0,0,0,0,0,0,0,0,0,1,0,0,0,0,0,0,0,0,0,0,0,0,1,0,0,0,0,0,0,0,0,0,0,0,1,0,0,0,0,0,0,0,0,1,0,0,0,0,0,0,0,0,0,0,0,0,0,0,0,1,0,0,0,0,0,0,0,0,0,0,0,0,0,0,0,0,0,0,0,0,0,0,0,0,0,1,1,0,0,0,1,0,0,0,1,0,0,1,1,0,0,0,0,0,0,1,0,0,0,0,0,0,0,0,0,0,0,0,0,0,0,0,0
1,1,0,1,0,1,1,0,0,0,1,0,0,1,0,1,1,1,1,0,0,1,0,0,0,1,1,1,1,1,1,0,0,1,0,0,0,0,1,1,0,1,0,1,1,1,0,1,0,0,0,0,0,1,1,0,0,1,1,1,1,1,0,1,1,1,0,1,1,0,1,1,1,1,0,1,0,1,0,1,1,0,0,1,0,1,0,1,1,1,1,1,0,0,0,1,1,1,0,1,0,1,0,0,1,1,1,1,1,1,1,1,1,1,0,1,1,1,1,0,1,1,0,1,1,0,0,1,1,0,1,1,1,0,0,1,1,0,1,1,0,1,0,1,1,1,1,1,0,0,1,1,0,1,1,1,0,1,0,1,1,0,1,1,0,1,0,0,1,0,1,1,1,1,0,1,1,1,1,0,1,1,0,1,1,0,1,0,1,1,0,1,1,1,1,1,1,1,0,0,0,1,0,1,1,0,0,0,0,0,1,1,0,0,0,0,0,0,1,1,0
1,1,0,1,0,1,1,0,0,0,1,1,0,1,1,1,1,1,1,0,0,1,0,0,0,1,1,1,1,1,1,0,0,1,0,0,0,0,1,1,0,1,0,1,1,1,0,1,1,0,0,1,0,1,1,0,0,1,1,1,1,1,0,1,1,1,0,1,1,0,1,1,1,1,0,1,0,1,0,1,1,0,0,1,0,1,0,1,1,1,1,1,0,0,0,1,1,1,0,1,0,1,0,0,1,1,1,1,1,1,1,1,1,1,1,1,1,1,1,0,1,1,0,1,1,1,0,1,1,0,1,1,1,0,0,1,1,0,1,1,0,1,0,1,1,1,1,1,0,0,1,1,0,1,1,1,0,1,0,1,1,1,1,1,0,1,0,0,1,0,1,1,1,1,0,1,1,1,1,1,1,1,0,1,1,0,1,0,1,1,1,1,1,1,1,1,1,1,1,1,1,1,0,1,1,0,0,0,1,0,1,1,1,0,0,0,1,0,1,1,1
1,1,0,1,0,1,1,0,0,0,1,0,0,1,0,1,1,1,1,0,0,1,1,1,0,1,1,1,1,1,1,0,0,1,0,0,0,0,1,1,0,1,0,1,1,1,0,1,1,0,0,1,0,1,1,0,0,1,1,1,1,1,0,1,1,1,0,1,1,0,1,1,1,1,0,1,0,1,0,1,1,0,0,1,0,1,0,1,1,1,1,1,0,0,0,1,1,1,0,1,0,1,0,0,1,1,1,1,1,1,1,1,1,1,1,1,1,1,1,0,1,1,0,1,1,1,0,1,1,0,1,1,1,0,0,1,1,0,1,1,0,1,0,1,1,1,1,1,0,0,1,1,0,1,1,1,0,1,0,1,1,1,1,1,0,1,0,0,1,0,1,1,1,1,0,1,1,1,1,1,1,1,0,1,1,0,1,0,1,1,1,1,1,1,1,1,1,1,1,1,1,1,0,1,1,0,0,0,1,0,1,1,1,0,0,0,1,0,1,1,1
1,1,0,1,0,1,1,0,0,0,1,0,0,1,0,1,1,1,1,0,0,1,0,0,0,1,1,1,1,1,1,0,0,1,0,0,0,0,1,1,0,1,0,1,1,1,0,1,1,0,0,1,0,1,1,0,0,1,1,1,1,1,0,1,1,1,0,1,1,0,1,1,1,1,0,1,0,1,0,1,1,0,0,1,0,1,0,1,1,1,1,1,0,0,0,1,1,1,0,1,0,1,0,0,1,1,1,1,1,1,1,1,1,1,1,1,1,1,1,0,1,1,0,1,1,1,0,1,1,0,1,1,1,0,0,1,1,0,1,1,0,1,0,1,1,1,1,1,0,0,1,1,0,1,1,1,0,1,0,1,1,1,1,1,0,1,0,0,1,0,1,1,1,1,0,1,1,1,1,1,1,1,0,1,1,0,1,0,1,1,1,1,1,1,1,1,1,1,1,1,1,1,0,1,1,0,0,0,1,0,1,1,1,0,0,0,1,0,1,1,1
0,1,0,1,0,1,0,0,0,0,1,1,0,1,1,1,1,1,1,0,0,1,0,0,0,1,1,1,1,1,1,0,0,1,0,0,0,0,1,1,0,1,0,1,1,1,0,1,0,0,0,0,0,1,1,0,0,1,1,1,1,1,0,1,1,1,0,1,1,0,1,1,1,1,0,1,0,0,0,1,1,0,0,1,0,0,0,1,1,1,1,1,0,0,0,1,1,1,0,1,0,1,0,0,1,1,1,1,1,1,1,1,1,1,0,1,1,1,1,0,1,1,0,1,1,0,0,1,1,0,1,1,1,0,0,1,1,0,1,1,0,1,0,1,1,1,1,1,0,0,1,1,0,1,1,1,0,1,0,1,1,0,1,1,0,1,0,0,1,0,1,0,0,1,0,1,1,1,1,0,1,1,0,1,1,0,1,0,1,1,0,1,1,0,1,1,1,1,0,0,0,1,0,1,0,0,0,0,0,0,1,1,0,0,0,0,0,0,1,1,0
1,1,0,1,0,1,1,0,0,0,1,1,0,1,1,1,1,1,1,0,0,1,0,0,0,1,1,1,1,1,1,0,0,1,0,0,0,0,1,1,0,1,0,1,1,1,0,1,1,0,0,1,0,1,1,0,0,1,1,1,1,1,0,1,1,1,0,1,1,0,1,1,1,1,0,1,0,0,0,1,1,0,0,1,0,0,0,1,1,1,1,1,0,0,0,1,1,1,0,1,0,1,0,0,1,1,1,1,1,1,1,1,1,1,1,1,1,1,1,0,1,1,0,1,1,1,0,1,1,0,1,1,1,0,0,1,1,0,1,1,0,1,0,1,1,1,1,1,0,0,1,1,0,1,1,1,0,1,0,1,1,1,1,1,0,1,0,0,1,0,1,0,0,1,0,1,1,1,1,1,1,1,0,1,1,0,1,0,1,1,1,1,1,1,1,1,1,1,1,1,1,1,0,1,1,0,0,0,1,0,1,1,1,0,0,0,1,0,1,1,1
1,1,0,1,0,1,1,0,0,0,1,0,0,1,0,1,1,1,1,0,0,1,1,1,0,1,1,1,1,1,1,0,0,1,0,0,0,0,1,1,0,1,0,1,1,1,0,1,1,0,0,1,0,1,1,0,0,1,1,1,1,1,0,1,1,1,0,1,1,0,1,1,1,1,0,1,0,0,0,1,1,0,0,1,0,0,0,1,1,1,1,1,0,0,0,1,1,1,0,1,0,1,0,0,1,1,1,1,1,1,1,1,1,1,1,1,1,1,1,0,1,1,0,1,1,1,0,1,1,0,1,1,1,0,0,1,1,0,1,1,0,1,0,1,1,1,1,1,0,0,1,1,0,1,1,1,0,1,0,1,1,1,1,1,0,1,0,0,1,0,1,0,0,1,0,1,1,1,1,1,1,1,0,1,1,0,1,0,1,1,1,1,1,1,1,1,1,1,1,1,1,1,0,1,1,0,0,0,1,0,1,1,1,0,0,0,1,0,1,1,1
1,1,0,1,0,1,0,0,0,0,1,1,0,1,1,1,1,1,1,0,0,1,0,0,0,1,1,1,1,1,1,0,0,1,0,0,0,0,1,1,0,1,0,1,1,1,0,1,0,0,0,0,0,1,1,0,0,1,1,1,1,1,0,1,1,1,0,1,1,0,1,1,1,1,0,1,0,0,0,1,1,0,0,1,0,0,0,1,1,1,1,1,0,0,0,1,1,1,0,1,0,1,0,0,1,1,1,1,1,1,1,1,1,1,0,1,1,1,1,0,1,1,0,1,1,0,0,1,1,0,1,1,1,0,0,1,1,0,1,1,0,1,0,1,1,1,1,1,0,0,1,1,0,1,1,1,0,1,0,1,1,0,1,1,0,1,0,0,1,0,1,0,0,1,0,1,1,1,1,0,1,1,0,1,1,0,1,0,1,1,0,1,1,0,1,1,1,1,0,0,0,1,0,1,0,0,0,0,0,0,1,1,0,0,0,0,0,0,1,1,0
1,1,0,1,0,1,0,0,0,0,1,0,0,1,0,1,1,1,1,0,0,1,1,1,0,1,1,1,1,1,1,0,0,1,0,0,0,0,1,1,0,1,0,1,1,1,0,1,0,0,0,0,0,1,1,0,0,1,1,1,1,1,0,1,1,1,0,1,1,0,1,1,1,1,0,1,0,0,0,1,1,0,0,1,0,0,0,1,1,1,1,1,0,0,0,1,1,1,0,1,0,1,0,0,1,1,1,1,1,1,1,1,1,1,0,1,1,1,1,0,1,1,0,1,1,0,0,1,1,0,1,1,1,0,0,1,1,0,1,1,0,1,0,1,1,1,1,1,0,0,1,1,0,1,1,1,0,1,0,1,1,0,1,1,0,1,0,0,1,0,1,0,0,1,0,1,1,1,1,0,1,1,0,1,1,0,1,0,1,1,0,1,1,0,1,1,1,1,0,0,0,1,0,1,0,0,0,0,0,0,1,1,0,0,0,0,0,0,1,1,0
1,1,0,1,0,1,1,0,0,0,1,0,0,1,0,1,1,1,1,0,0,1,0,0,0,1,1,1,1,1,1,0,0,1,0,0,0,0,1,1,0,1,0,1,1,1,0,1,1,0,0,1,0,1,1,0,0,1,1,1,1,1,0,1,1,1,0,1,1,0,1,1,1,1,0,1,0,0,0,1,1,0,0,1,0,0,0,1,1,1,1,1,0,0,0,1,1,1,0,1,0,1,0,0,1,1,1,1,1,1,1,1,1,1,1,1,1,1,1,0,1,1,0,1,1,1,0,1,1,0,1,1,1,0,0,1,1,0,1,1,0,1,0,1,1,1,1,1,0,0,1,1,0,1,1,1,0,1,0,1,1,1,1,1,0,1,0,0,1,0,1,0,0,1,0,1,1,1,1,1,1,1,0,1,1,0,1,0,1,1,1,1,1,1,1,1,1,1,1,1,1,1,0,1,1,0,0,0,1,0,1,1,1,0,0,0,1,0,1,1,1
1,1,1,1,0,1,1,0,0,0,1,1,0,1,1,1,1,1,1,0,0,1,1,1,0,1,1,1,1,1,1,0,0,1,0,0,0,0,1,1,0,1,0,1,1,1,0,1,0,0,0,0,0,1,1,0,0,1,1,1,1,1,1,1,1,1,0,1,1,0,1,1,1,1,0,1,0,0,0,1,1,0,0,1,0,0,0,1,1,1,1,1,0,0,0,1,1,1,0,1,0,1,0,0,1,1,1,1,1,1,1,1,1,1,0,1,1,1,1,0,1,1,0,1,1,0,0,1,1,0,1,1,1,0,0,1,1,0,1,1,0,1,0,1,1,1,1,1,0,0,1,1,0,1,1,1,0,1,0,1,1,0,1,1,0,1,0,0,1,0,1,0,0,1,0,1,1,1,1,0,1,1,0,1,1,0,1,0,1,1,0,1,1,0,1,1,1,1,0,0,0,1,0,1,0,0,0,0,0,0,1,1,0,0,0,0,0,0,1,1,0
1,1,1,1,0,1,1,1,0,0,1,1,0,1,1,1,1,1,1,0,0,1,1,1,0,1,1,1,1,1,1,0,0,1,0,0,0,0,1,1,0,1,0,1,1,1,0,1,1,0,0,1,0,1,1,0,0,1,1,1,1,1,1,1,1,1,0,1,1,0,1,1,1,1,0,1,0,0,0,1,1,0,0,1,0,0,0,1,1,1,1,1,0,0,0,1,1,1,0,1,0,1,0,0,1,1,1,1,1,1,1,1,1,1,1,1,1,1,1,0,1,1,0,1,1,1,0,1,1,0,1,1,1,0,0,1,1,0,1,1,0,1,0,1,1,1,1,1,0,0,1,1,0,1,1,1,0,1,0,1,1,1,1,1,0,1,0,0,1,0,1,0,0,1,0,1,1,1,1,1,1,1,0,1,1,0,1,0,1,1,1,1,1,1,1,1,1,1,1,1,1,1,0,1,1,0,0,0,1,0,1,1,1,0,0,0,1,0,1,1,1
1,1,1,1,0,1,1,1,0,0,1,0,0,1,1,1,1,1,1,0,0,1,1,1,1,1,1,1,1,1,1,0,0,1,0,0,0,0,1,1,0,1,0,1,1,1,0,1,1,0,0,1,0,1,1,0,0,1,1,1,1,1,1,1,1,1,0,1,1,0,1,1,1,1,0,1,0,0,0,1,1,0,0,1,0,0,0,1,1,1,1,1,0,0,0,1,1,1,0,1,0,1,0,0,1,1,1,1,1,1,1,1,1,1,1,1,1,1,1,0,1,1,0,1,1,1,0,1,1,0,1,1,1,0,0,1,1,0,1,1,0,1,0,1,1,1,1,1,0,0,1,1,0,1,1,1,0,1,0,1,1,1,1,1,0,1,0,0,1,0,1,0,0,1,0,1,1,1,1,1,1,1,0,1,1,0,1,0,1,1,1,1,1,1,1,1,1,1,1,1,1,1,0,1,1,0,0,0,1,0,1,1,1,0,0,0,1,0,1,1,1
1,1,1,1,0,1,1,1,0,0,1,0,0,1,1,1,1,1,1,0,0,1,1,1,0,1,1,1,1,1,1,0,0,1,0,0,0,0,1,1,0,1,0,1,1,1,0,1,1,0,0,1,0,1,1,0,0,1,1,1,1,1,1,1,1,1,0,1,1,0,1,1,1,1,0,1,0,0,0,1,1,0,0,1,0,0,0,1,1,1,1,1,0,0,0,1,1,1,0,1,0,1,0,0,1,1,1,1,1,1,1,1,1,1,1,1,1,1,1,0,1,1,0,1,1,1,0,1,1,0,1,1,1,0,0,1,1,0,1,1,0,1,0,1,1,1,1,1,0,0,1,1,0,1,1,1,0,1,0,1,1,1,1,1,0,1,0,0,1,0,1,0,0,1,0,1,1,1,1,1,1,1,0,1,1,0,1,0,1,1,1,1,1,1,1,1,1,1,1,1,1,1,0,1,1,0,0,0,1,0,1,1,1,0,0,0,1,0,1,1,1
1,1,1,1,0,1,1,0,0,0,1,1,0,1,1,1,1,1,1,0,0,1,1,1,0,1,1,1,1,1,1,0,0,1,0,0,0,0,1,1,0,1,0,1,1,1,0,1,0,0,0,0,0,1,1,0,0,1,1,1,1,1,1,1,1,1,0,1,1,0,1,1,1,1,0,1,0,0,0,1,1,0,0,1,0,0,0,1,1,1,1,1,0,0,0,1,1,1,0,1,0,1,0,0,1,1,1,1,1,1,1,1,1,1,0,1,1,1,1,0,1,1,0,1,1,0,0,1,1,0,1,1,1,0,0,1,1,0,1,1,0,1,0,1,1,1,1,1,0,0,1,1,0,1,1,1,0,1,0,1,1,0,1,1,0,1,0,0,1,0,1,0,0,1,0,1,1,1,1,0,1,1,0,1,1,0,1,0,1,1,0,1,1,0,1,1,1,1,0,0,0,1,0,1,0,0,0,0,0,0,1,1,0,0,0,0,0,0,1,1,0
1,1,1,1,0,1,1,0,0,0,1,0,0,1,1,1,1,1,1,0,0,1,1,1,1,1,1,1,1,1,1,0,0,1,0,0,0,0,1,1,0,1,0,1,1,1,0,1,0,0,0,0,0,1,1,0,0,1,1,1,1,1,1,1,1,1,0,1,1,0,1,1,1,1,0,1,0,0,0,1,1,0,0,1,0,0,0,1,1,1,1,1,0,0,0,1,1,1,0,1,0,1,0,0,1,1,1,1,1,1,1,1,1,1,0,1,1,1,1,0,1,1,0,1,1,0,0,1,1,0,1,1,1,0,0,1,1,0,1,1,0,1,0,1,1,1,1,1,0,0,1,1,0,1,1,1,0,1,0,1,1,0,1,1,0,1,0,0,1,0,1,0,0,1,0,1,1,1,1,0,1,1,0,1,1,0,1,0,1,1,0,1,1,0,1,1,1,1,0,0,0,1,0,1,0,0,0,0,0,0,1,1,0,0,0,0,0,0,1,1,0
1,1,1,1,0,1,1,0,0,0,1,0,0,1,1,1,1,1,1,0,0,1,1,1,0,1,1,1,1,1,1,0,0,1,0,0,0,0,1,1,0,1,0,1,1,1,0,1,0,0,0,0,0,1,1,0,0,1,1,1,1,1,1,1,1,1,0,1,1,0,1,1,1,1,0,1,0,0,0,1,1,0,0,1,0,0,0,1,1,1,1,1,0,0,0,1,1,1,0,1,0,1,0,0,1,1,1,1,1,1,1,1,1,1,0,1,1,1,1,0,1,1,0,1,1,0,0,1,1,0,1,1,1,0,0,1,1,0,1,1,0,1,0,1,1,1,1,1,0,0,1,1,0,1,1,1,0,1,0,1,1,0,1,1,0,1,0,0,1,0,1,0,0,1,0,1,1,1,1,0,1,1,0,1,1,0,1,0,1,1,0,1,1,0,1,1,1,1,0,0,0,1,0,1,0,0,0,0,0,0,1,1,0,0,0,0,0,0,1,1,0
1,1,1,1,0,1,1,1,0,0,1,0,0,1,1,1,1,1,1,0,0,1,1,1,0,1,1,1,1,1,1,0,0,1,0,0,0,0,1,1,0,1,0,1,1,1,0,1,1,0,0,1,0,1,1,0,0,1,1,1,1,1,1,1,1,1,0,1,1,0,1,1,1,1,0,1,0,0,0,1,1,0,0,1,0,0,0,1,1,1,1,1,0,0,0,1,1,1,0,1,0,1,0,0,1,1,1,1,1,1,1,1,1,1,1,1,1,1,1,0,1,1,0,1,1,1,0,1,1,0,1,1,1,0,0,1,1,0,1,1,0,1,0,1,1,1,1,1,0,0,1,1,0,1,1,1,0,1,0,1,1,1,1,1,0,1,0,0,1,0,1,0,0,1,0,1,1,1,1,1,1,1,0,1,1,0,1,0,1,1,1,1,1,1,1,1,1,1,1,1,1,1,0,1,1,0,0,0,1,0,1,1,1,0,0,0,1,0,1,1,1
1,1,1,1,1,0,0,0,0,0,0,0,0,0,0,1,1,1,1,1,1,1,1,1,1,1,1,1,1,1,0,0,0,1,0,0,0,0,1,0,0,1,0,0,1,1,0,1,0,0,0,0,0,1,1,0,0,0,0,1,1,1,0,1,1,1,0,1,0,0,1,0,1,0,0,1,0,0,0,1,0,0,0,1,0,0,0,1,1,1,0,1,0,0,0,0,1,0,0,1,0,1,0,0,1,1,1,0,0,1,1,1,0,0,0,1,1,0,1,0,0,1,0,0,0,0,0,0,0,0,1,1,0,0,0,1,0,0,1,0,0,0,0,1,1,0,0,1,0,0,0,0,0,0,0,1,0,0,0,0,1,0,0,1,0,0,0,0,0,0,1,0,0,0,0,0,1,1,0,0,1,0,0,0,0,0,0,0,0,0,0,0,0,0,0,1,1,0,0,0,0,0,0,0,0,0,0,0,0,0,0,1,0,0,0,0,0,0,0,1,0
1,1,0,1,0,1,1,0,0,0,1,0,0,1,0,1,1,1,1,0,0,1,1,1,0,1,1,1,1,1,1,0,0,1,0,0,0,0,1,1,0,1,0,1,1,1,0,1,0,0,0,0,0,1,1,0,0,1,1,1,1,1,0,1,1,1,0,1,1,0,1,1,1,1,0,1,0,1,0,1,1,0,0,1,0,1,0,1,1,1,1,1,0,0,0,1,1,1,0,1,0,1,0,0,1,1,1,1,1,1,1,1,1,1,0,1,1,1,1,0,1,1,0,1,1,0,0,1,1,0,1,1,1,0,0,1,1,0,1,1,0,1,0,1,1,1,1,1,0,0,1,1,0,1,1,1,0,1,0,1,1,0,1,1,0,1,0,0,1,0,1,1,1,1,0,1,1,1,1,0,1,1,0,1,1,0,1,0,1,1,0,1,1,1,1,1,1,1,0,0,0,1,0,1,1,0,0,0,0,0,1,1,0,0,0,0,0,0,1,1,0
0,1,0,1,0,1,1,0,0,0,1,1,0,1,1,1,1,1,1,0,0,1,0,0,0,1,1,1,1,1,1,0,0,1,0,0,0,0,1,1,0,1,0,1,1,1,0,1,0,0,0,0,0,1,1,0,0,1,1,1,1,1,0,1,1,1,0,1,1,0,1,1,1,1,0,1,0,1,0,1,1,0,0,1,0,1,0,1,1,1,1,1,0,0,0,1,1,1,0,1,0,1,0,0,1,1,1,1,1,1,1,1,1,1,0,1,1,1,1,0,1,1,0,1,1,0,0,1,1,0,1,1,1,0,0,1,1,0,1,1,0,1,0,1,1,1,1,1,0,0,1,1,0,1,1,1,0,1,0,1,1,0,1,1,0,1,0,0,1,0,1,1,1,1,0,1,1,1,1,0,1,1,0,1,1,0,1,0,1,1,0,1,1,1,1,1,1,1,0,0,0,1,0,1,1,0,0,0,0,0,1,1,0,0,0,0,0,0,1,1,0
1,1,0,1,0,1,1,0,0,0,1,0,0,1,0,1,1,1,1,0,0,1,0,0,0,1,1,1,1,1,1,0,0,1,0,0,0,0,1,1,0,1,0,1,1,1,0,1,1,0,0,1,0,1,1,0,0,1,1,1,1,1,0,1,1,1,0,1,1,0,1,1,1,1,0,1,0,1,0,1,1,0,0,1,0,1,0,1,1,1,1,1,0,0,0,1,1,1,0,1,0,1,0,0,1,1,1,1,1,1,1,1,1,1,1,1,1,1,1,0,1,1,0,1,1,1,0,1,1,0,1,1,1,0,0,1,1,0,1,1,0,1,0,1,1,1,1,1,0,0,1,1,0,1,1,1,0,1,0,1,1,1,1,1,0,1,0,0,1,0,1,1,1,1,0,1,1,1,1,1,1,1,0,1,1,0,1,0,1,1,1,1,1,1,1,1,1,1,1,1,1,1,0,1,1,0,0,0,1,0,1,1,1,0,0,0,1,0,1,1,1
1,1,0,1,0,1,1,0,0,0,1,0,0,1,0,1,1,1,1,0,0,1,1,1,0,1,1,1,1,1,1,0,0,1,0,0,0,0,1,1,0,1,0,1,1,1,0,1,1,0,0,1,0,1,1,0,0,1,1,1,1,1,0,1,1,1,0,1,1,0,1,1,1,1,0,1,0,1,0,1,1,0,0,1,0,1,0,1,1,1,1,1,0,0,0,1,1,1,0,1,0,1,0,0,1,1,1,1,1,1,1,1,1,1,1,1,1,1,1,0,1,1,0,1,1,1,0,1,1,0,1,1,1,0,0,1,1,0,1,1,0,1,0,1,1,1,1,1,0,0,1,1,0,1,1,1,0,1,0,1,1,1,1,1,0,1,0,0,1,0,1,1,1,1,0,1,1,1,1,1,1,1,0,1,1,0,1,0,1,1,1,1,1,1,1,1,1,1,1,1,1,1,0,1,1,0,0,0,1,0,1,1,1,0,0,0,1,0,1,1,1
0,1,0,1,0,1,1,0,0,0,1,1,0,1,1,1,1,1,1,0,0,1,0,0,0,1,1,1,1,1,1,0,0,1,0,0,0,0,1,1,0,1,0,1,1,1,0,1,1,0,0,1,0,1,1,0,0,1,1,1,1,1,0,1,1,1,0,1,1,0,1,1,1,1,0,1,0,1,0,1,1,0,0,1,0,1,0,1,1,1,1,1,0,0,0,1,1,1,0,1,0,1,0,0,1,1,1,1,1,1,1,1,1,1,1,1,1,1,1,0,1,1,0,1,1,1,0,1,1,0,1,1,1,0,0,1,1,0,1,1,0,1,0,1,1,1,1,1,0,0,1,1,0,1,1,1,0,1,0,1,1,1,1,1,0,1,0,0,1,0,1,1,1,1,0,1,1,1,1,1,1,1,0,1,1,0,1,0,1,1,1,1,1,1,1,1,1,1,1,1,1,1,0,1,1,0,0,0,1,0,1,1,1,0,0,0,1,0,1,1,1
1,1,0,1,0,1,1,0,0,0,1,0,0,1,0,1,1,1,1,0,0,1,0,0,0,1,1,1,1,1,1,0,0,1,0,0,0,0,1,1,0,1,0,1,1,1,0,1,0,0,0,0,0,1,1,0,0,1,1,1,1,1,0,1,1,1,0,1,1,0,1,1,1,1,0,1,0,1,0,1,1,0,0,1,0,1,0,1,1,1,1,1,0,0,0,1,1,1,0,1,0,1,0,0,1,1,1,1,1,1,1,1,1,1,0,1,1,1,1,0,1,1,0,1,1,0,0,1,1,0,1,1,1,0,0,1,1,0,1,1,0,1,0,1,1,1,1,1,0,0,1,1,0,1,1,1,0,1,0,1,1,0,1,1,0,1,0,0,1,0,1,1,1,1,0,1,1,1,1,0,1,1,0,1,1,0,1,0,1,1,0,1,1,1,1,1,1,1,0,0,0,1,0,1,1,0,0,0,0,0,1,1,0,0,0,0,0,0,1,1,0
0,1,0,1,0,1,1,0,0,0,1,0,0,1,0,1,1,1,1,0,0,1,1,1,0,1,1,1,1,1,1,0,0,1,0,0,0,0,1,1,0,1,0,1,1,1,0,1,0,0,0,0,0,1,1,0,0,1,1,1,1,1,0,1,1,1,0,1,1,0,1,1,1,1,0,1,0,1,0,1,1,0,0,1,0,1,0,1,1,1,1,1,0,0,0,1,1,1,0,1,0,1,0,0,1,1,1,1,1,1,1,1,1,1,0,1,1,1,1,0,1,1,0,1,1,0,0,1,1,0,1,1,1,0,0,1,1,0,1,1,0,1,0,1,1,1,1,1,0,0,1,1,0,1,1,1,0,1,0,1,1,0,1,1,0,1,0,0,1,0,1,1,1,1,0,1,1,1,1,0,1,1,0,1,1,0,1,0,1,1,0,1,1,1,1,1,1,1,0,0,0,1,0,1,1,0,0,0,0,0,1,1,0,0,0,0,0,0,1,1,0
1,1,0,0,0,1,1,0,0,0,0,0,0,0,0,0,0,1,1,0,0,0,0,0,0,0,1,0,0,0,1,0,0,0,0,0,0,0,0,1,0,1,0,1,0,0,0,1,1,0,0,1,0,0,0,0,0,1,1,0,0,0,1,0,0,0,0,0,1,0,0,0,0,0,0,0,0,0,0,0,0,0,0,0,0,0,0,0,1,0,1,0,0,0,0,0,0,1,0,0,0,0,0,0,0,0,0,0,0,0,0,1,1,1,0,0,0,1,1,0,0,0,0,1,0,0,0,1,1,0,0,0,0,0,0,0,1,0,0,1,0,0,0,0,0,1,1,1,0,0,0,0,0,1,0,0,0,0,0,1,1,0,0,1,0,1,1,0,1,0,0,0,0,1,0,1,1,0,0,0,0,1,0,0,0,0,1,0,0,1,0,0,0,0,0,1,1,1,1,0,0,0,0,0,0,0,0,0,1,0,1,0,0,0,0,0,1,0,1,0,0
0,1,0,1,0,1,1,0,0,0,1,1,0,1,1,1,1,1,1,0,0,1,0,0,0,1,1,1,1,1,1,0,0,1,0,0,0,0,1,1,0,1,0,1,1,1,0,1,0,0,0,0,0,1,1,0,0,1,1,1,1,1,0,1,1,1,0,1,1,0,1,1,1,1,0,1,0,1,0,1,1,0,0,1,0,1,0,1,1,1,1,1,0,0,0,1,1,1,0,1,0,1,0,0,1,1,1,1,1,1,1,1,1,1,0,1,1,1,1,0,1,1,0,1,1,0,0,1,1,0,1,1,1,0,0,1,1,0,1,1,0,1,0,1,1,1,1,1,0,0,1,1,0,1,1,1,0,1,0,1,1,0,1,1,0,1,0,0,1,0,1,1,1,1,0,1,1,1,1,0,1,1,0,1,1,0,1,0,1,1,0,1,1,1,1,1,1,1,0,0,0,1,0,1,1,0,0,0,0,0,1,1,0,0,0,0,0,0,1,1,0
1,1,1,0,0,1,1,1,0,0,1,0,0,1,0,0,0,0,0,0,0,0,0,0,0,0,0,0,0,0,1,0,0,0,1,1,1,0,0,1,0,0,0,1,0,0,0,0,0,0,0,1,0,0,0,0,1,0,0,0,0,0,0,0,0,0,0,0,1,1,0,1,0,1,0,0,0,0,1,0,1,0,0,0,0,0,1,0,0,0,0,0,0,0,0,0,0,0,0,0,0,0,0,0,0,0,0,1,0,0,0,0,0,0,0,0,0,0,0,0,0,0,0,0,0,0,0,1,0,0,0,0,1,0,1,0,0,0,0,0,0,0,0,0,0,0,0,0,0,0,1,0,0,1,0,0,0,0,0,0,0,0,0,0,0,1,0,0,1,1,0,0,0,0,0,0,0,0,0,0,0,0,1,0,0,0,1,0,1,1,0,0,1,1,0,1,1,1,1,0,0,0,0,1,0,1,1,0,0,0,0,0,0,0,0,0,0,0,0,0,0
1,1,1,0,0,1,1,1,0,0,1,0,0,1,0,0,0,0,0,0,0,0,0,0,0,0,0,0,0,0,1,0,0,0,1,1,1,0,0,1,0,0,0,1,0,0,0,0,0,0,0,1,0,0,0,0,1,0,0,0,0,0,0,0,0,0,0,0,1,1,0,1,0,1,0,0,0,0,1,0,1,0,0,0,0,0,1,0,0,0,0,0,0,0,0,0,0,0,0,0,0,0,0,0,0,0,0,1,0,0,0,0,0,0,0,0,0,0,0,0,0,0,0,0,0,0,0,1,0,0,0,0,1,0,1,0,0,0,0,0,0,0,0,0,0,0,0,0,0,0,1,0,0,1,0,0,0,0,0,0,0,0,0,0,0,1,0,0,1,1,0,0,0,0,0,0,0,0,0,0,0,0,1,0,0,0,1,0,1,1,0,0,1,1,0,1,1,1,1,0,0,0,0,1,0,1,1,0,0,0,0,0,0,0,0,0,0,0,0,0,0
1,1,0,0,0,1,1,1,0,0,1,0,0,1,1,0,1,0,0,0,0,0,0,0,0,1,0,0,0,0,1,0,0,0,1,1,0,0,0,1,0,0,1,1,0,0,0,0,1,0,0,1,0,0,0,0,1,0,0,0,0,0,0,0,0,0,0,0,1,1,0,1,0,1,0,0,0,0,1,0,1,0,0,0,0,0,1,0,0,0,1,0,0,0,0,1,0,1,0,0,0,0,0,0,0,0,0,1,0,0,0,0,1,1,0,0,0,1,0,0,1,0,0,1,0,1,0,1,1,1,0,0,1,0,1,0,1,0,0,1,0,0,0,0,0,0,1,0,0,0,1,0,1,1,0,0,0,1,1,1,0,0,0,0,0,1,0,1,1,1,0,0,0,1,0,0,0,0,0,1,0,1,0,1,1,0,1,0,1,1,1,0,1,1,0,1,0,1,0,1,1,0,0,0,1,1,1,0,0,0,0,0,0,0,0,0,0,0,0,0,0
0,0,0,1,0,1,0,0,0,0,0,0,0,0,0,1,1,1,0,0,0,1,0,0,0,1,0,0,0,0,1,0,0,1,0,0,1,0,1,0,0,0,0,1,0,0,0,0,0,0,0,1,0,0,0,0,0,0,0,0,0,0,0,1,1,0,0,0,0,0,1,1,1,0,0,1,0,1,0,1,1,0,0,1,0,1,0,1,1,1,0,1,0,0,0,1,1,0,0,1,0,1,0,0,1,0,1,1,0,1,1,0,0,0,0,1,1,0,1,0,1,1,0,0,0,0,0,0,0,0,1,0,1,0,0,1,0,0,1,0,0,0,0,1,0,0,0,0,0,0,0,0,0,0,0,0,0,1,0,0,0,0,0,1,0,0,0,0,0,0,1,1,0,0,0,0,1,1,0,0,1,0,0,1,1,0,0,0,1,0,0,0,1,0,1,1,1,0,0,0,0,0,0,1,0,0,1,0,0,0,0,0,0,1,0,1,0,1,0,1,0
0,1,0,1,1,1,1,0,0,0,1,1,1,1,1,0,0,1,1,0,0,1,0,0,0,0,1,0,0,0,1,0,0,1,0,1,0,0,1,1,0,1,0,1,0,0,0,1,0,0,0,0,1,0,0,0,0,0,0,1,0,0,1,1,1,0,0,0,0,0,0,1,0,1,0,1,0,0,0,0,1,0,0,1,0,0,0,0,0,0,0,0,0,0,0,1,0,0,0,0,0,0,0,0,0,1,0,1,0,0,0,1,0,0,0,0,0,0,0,0,1,0,1,0,0,0,1,0,0,0,0,0,1,1,0,0,0,0,0,0,0,1,0,0,0,0,0,1,1,0,0,0,0,0,0,0,0,1,0,0,0,0,0,0,1,0,0,0,0,0,1,0,0,0,1,0,0,0,0,0,0,0,0,1,1,0,0,0,1,0,0,0,1,0,0,1,1,0,0,0,0,0,0,1,0,1,1,0,0,1,0,0,0,0,0,1,0,1,0,0,0
0,1,0,1,1,1,1,0,0,0,1,1,0,0,0,1,1,1,1,0,0,1,0,1,0,0,1,0,0,0,1,0,0,1,0,1,0,0,1,1,0,1,0,1,0,0,0,1,0,0,0,0,1,0,0,0,0,0,0,1,0,0,1,1,1,0,0,0,0,0,0,1,0,1,0,1,0,0,0,0,1,0,0,1,0,0,0,0,0,0,0,0,0,0,0,1,0,0,0,0,0,0,0,0,0,1,0,1,0,0,0,1,0,0,0,0,0,0,0,0,1,0,1,0,0,0,0,0,0,0,0,0,1,1,0,0,0,0,1,0,0,1,0,0,0,0,0,1,0,0,0,0,0,0,0,0,0,1,0,0,0,0,0,0,1,0,0,0,0,0,1,0,0,0,1,0,0,0,0,0,0,0,0,1,1,0,0,0,1,0,0,0,1,0,0,1,1,0,0,0,0,0,0,1,0,1,1,0,0,1,0,0,0,0,0,1,0,1,0,0,0
0,1,0,1,1,1,1,0,0,0,1,1,0,0,0,1,1,1,1,0,0,1,0,1,0,0,1,0,0,0,1,0,0,1,0,1,0,0,1,1,0,1,0,1,0,0,0,1,0,0,0,1,1,0,0,0,0,0,0,1,0,0,1,1,1,0,0,0,0,0,0,1,0,1,0,1,0,0,0,0,1,0,0,1,0,0,0,0,0,0,0,0,0,0,0,1,0,0,0,0,0,0,0,0,0,1,0,1,0,0,0,1,0,0,0,0,0,0,0,0,1,0,1,0,0,0,0,0,0,0,0,0,1,1,0,0,0,0,1,0,0,1,0,0,0,0,0,1,0,0,0,0,0,0,0,0,0,1,0,0,0,0,0,0,1,0,0,0,0,0,0,0,0,0,1,0,0,0,0,0,0,0,0,1,1,0,0,0,1,0,0,0,1,0,0,1,1,0,0,0,0,0,0,1,0,1,1,0,0,1,0,0,0,0,0,1,0,1,0,0,0
0,1,0,1,1,1,1,0,0,0,1,1,1,1,1,0,0,1,1,0,0,1,0,0,0,0,1,0,0,0,1,0,0,1,0,1,0,0,1,1,0,1,0,1,0,0,0,1,0,0,0,0,1,0,0,0,0,0,0,1,0,0,1,1,1,0,0,0,0,0,0,1,0,1,0,1,0,0,0,0,1,0,0,1,0,0,0,0,0,0,0,0,0,0,0,1,0,0,0,0,0,0,0,0,0,1,0,1,0,0,0,1,0,0,0,0,0,0,0,0,1,0,1,0,0,0,1,0,0,0,0,0,1,1,0,0,0,0,0,0,0,1,0,0,0,0,0,1,1,0,0,0,0,0,0,0,0,1,0,0,0,0,0,0,1,0,0,0,0,0,1,0,0,0,1,0,0,0,0,0,0,0,0,1,1,0,0,0,1,0,0,0,1,0,0,1,1,0,0,0,0,0,0,1,0,1,1,0,0,1,0,0,0,0,0,1,0,1,0,0,0
0,1,0,1,1,1,1,0,0,0,1,1,0,0,0,0,0,1,1,0,0,1,1,1,1,0,1,0,1,1,1,0,0,1,0,1,0,0,1,1,0,1,0,1,0,0,0,1,0,0,0,0,1,0,0,0,0,0,0,1,0,0,1,1,1,0,0,0,0,0,0,1,0,1,0,1,0,0,0,0,1,0,0,1,0,0,0,0,1,0,0,0,0,0,0,1,0,0,0,0,0,0,0,0,0,1,0,1,0,0,0,1,0,0,0,0,0,0,1,0,1,0,1,0,0,0,0,0,0,0,0,0,1,1,0,0,0,0,0,0,0,1,0,0,0,0,0,1,0,0,0,0,0,0,0,0,0,1,0,0,1,0,0,1,1,0,0,0,0,0,0,0,0,0,1,0,0,0,0,0,0,0,0,1,1,0,0,0,1,0,0,0,1,0,0,1,1,0,0,0,0,0,0,1,0,1,1,0,0,1,0,0,0,0,0,1,0,1,0,0,0
0,1,0,1,1,1,1,0,0,0,1,1,0,0,0,1,1,1,1,0,0,1,0,1,0,0,1,0,0,0,1,0,0,1,0,1,0,0,1,1,0,1,0,1,0,0,0,1,0,0,0,0,1,0,0,0,0,0,0,1,0,0,1,1,1,0,0,0,0,0,0,1,0,1,0,1,0,0,0,0,1,0,0,1,0,0,0,0,0,0,0,0,0,0,0,1,0,0,0,0,0,0,0,0,0,1,0,1,0,0,0,1,0,0,0,0,0,0,0,0,1,0,1,0,0,0,0,0,0,0,0,0,1,1,0,0,0,0,1,0,0,1,0,0,0,0,0,1,0,0,0,0,0,0,0,0,0,1,0,0,0,0,0,0,1,0,0,0,0,0,1,0,0,0,1,0,0,0,0,0,0,0,0,1,1,0,0,0,1,0,0,0,1,0,0,1,1,0,0,0,0,0,0,1,0,1,1,0,0,1,0,0,0,0,0,1,0,1,0,0,0
0,1,0,1,1,1,1,0,0,0,1,1,0,0,0,1,1,1,1,0,0,1,0,1,0,0,1,0,0,0,1,0,0,1,0,1,0,0,1,1,0,1,0,1,0,0,0,1,0,0,0,1,1,0,0,0,0,0,0,1,0,0,1,1,1,0,0,0,0,0,0,1,0,1,0,1,0,0,0,0,1,0,0,1,0,0,0,0,0,0,0,0,0,0,0,1,0,0,0,0,0,0,0,0,0,1,0,1,0,0,0,1,0,0,0,0,0,0,0,0,1,0,1,0,0,0,0,0,0,0,0,0,1,1,0,0,0,0,1,0,0,1,0,0,0,0,0,1,0,0,0,0,0,0,0,0,0,1,0,0,0,0,0,0,1,0,0,0,0,0,0,0,0,0,1,0,0,0,0,0,0,0,0,1,1,0,0,0,1,0,0,0,1,0,0,1,1,0,0,0,0,0,0,1,0,1,1,0,0,1,0,0,0,0,0,1,0,1,0,0,0
0,1,0,1,1,1,1,0,0,0,1,0,1,1,0,0,0,1,1,0,0,1,1,1,0,0,1,0,1,0,1,0,0,1,0,1,0,0,1,0,0,1,0,1,0,0,0,1,0,0,0,0,1,1,1,0,0,0,0,0,0,0,1,1,1,0,0,0,0,0,0,1,0,0,0,1,0,1,0,0,1,0,0,1,0,1,0,0,1,0,0,0,0,0,0,0,1,0,0,1,0,0,0,0,0,1,0,1,0,0,0,1,0,0,0,1,1,0,1,0,0,0,1,0,0,0,0,0,0,0,0,0,1,1,0,1,0,0,1,0,0,1,0,1,0,0,0,1,0,0,0,0,0,0,0,0,0,0,0,0,1,0,0,1,1,0,0,0,0,0,1,1,0,0,1,0,1,1,0,0,1,0,0,0,0,0,0,0,1,0,0,0,1,0,0,1,1,0,0,0,0,0,0,1,0,1,1,0,0,0,0,1,0,0,0,0,0,0,0,1,0
0,1,0,1,1,1,1,0,0,0,1,1,0,0,0,0,0,1,1,0,0,1,1,1,1,0,1,0,1,1,1,0,0,1,0,1,0,0,1,1,0,1,0,1,0,0,0,1,0,0,0,0,1,0,0,0,0,0,0,1,0,0,1,1,1,0,0,0,0,0,0,1,0,1,0,1,0,0,0,0,1,0,0,1,0,0,0,0,1,0,0,0,0,0,0,1,0,0,0,0,0,0,0,0,0,1,0,1,0,0,0,1,0,0,0,0,0,0,1,0,1,0,1,0,0,0,0,0,0,0,0,0,1,1,0,0,0,0,0,0,0,1,0,0,0,0,0,1,0,0,0,0,0,0,0,0,0,1,0,0,1,0,0,1,1,0,0,0,0,0,0,0,0,0,1,0,0,0,0,0,0,0,0,1,1,0,0,0,1,0,0,0,1,0,0,1,1,0,0,0,0,0,0,1,0,1,1,0,0,1,0,0,0,0,0,1,0,1,0,0,0
0,1,0,1,1,1,1,0,0,0,1,0,1,1,0,1,1,1,0,0,0,1,0,0,0,0,0,0,0,0,1,0,0,1,0,1,0,0,1,0,0,1,0,1,0,0,0,1,0,0,0,1,1,1,1,0,0,0,0,0,0,0,1,1,1,0,0,0,0,0,0,1,0,0,0,1,0,1,0,0,1,0,0,1,0,1,0,0,1,0,0,0,0,0,0,0,1,0,0,1,0,0,0,0,0,1,0,1,0,0,0,1,0,0,0,1,1,0,1,0,0,0,1,0,0,0,0,0,0,0,0,0,1,1,0,1,0,0,1,0,0,1,0,1,0,0,0,1,0,0,0,0,0,0,0,0,0,0,0,0,1,0,0,1,1,0,0,0,0,0,1,1,0,0,1,0,1,1,0,0,1,0,0,0,0,0,0,0,1,0,0,0,1,0,0,1,1,0,0,0,0,0,0,1,0,1,1,0,0,0,0,1,0,0,0,0,0,0,0,1,0
0,0,0,1,1,1,1,0,0,0,1,0,1,1,1,0,0,1,0,0,0,0,0,0,0,0,0,0,0,0,1,0,0,1,0,1,0,0,1,0,0,1,0,1,0,0,0,1,0,0,0,0,1,1,1,0,0,0,0,0,0,0,1,1,1,0,0,0,0,0,0,1,0,0,0,1,0,1,0,0,1,0,0,1,0,1,0,0,1,0,0,0,0,0,0,0,1,0,0,1,0,0,0,0,0,1,0,1,0,0,0,1,0,0,0,1,1,0,1,0,0,0,1,0,0,0,1,0,0,0,0,0,1,1,0,1,0,0,1,0,0,1,0,1,0,0,0,1,1,0,0,0,0,0,0,0,0,0,0,0,1,0,0,1,1,0,0,0,0,0,1,1,0,0,1,0,1,1,0,0,1,0,0,0,0,0,0,0,1,0,0,0,1,0,0,1,1,0,0,0,0,0,0,1,0,1,1,0,0,0,0,1,0,0,0,0,0,0,0,1,0
0,1,0,1,1,1,1,0,0,0,1,0,1,1,0,1,1,1,0,0,0,1,0,0,0,0,0,0,0,0,1,0,0,1,0,1,0,0,1,0,0,1,0,1,0,0,0,1,0,0,0,0,1,1,1,0,0,0,0,0,0,0,1,1,1,0,0,0,0,0,0,1,0,0,0,1,0,1,0,0,1,0,0,1,0,1,0,0,1,0,0,0,0,0,0,0,1,0,0,1,0,0,0,0,0,1,0,1,0,0,0,1,0,0,0,1,1,0,1,0,0,0,1,0,0,0,0,0,0,0,0,0,1,1,0,1,0,0,1,0,0,1,0,1,0,0,0,1,0,0,0,0,0,0,0,0,0,0,0,0,1,0,0,1,1,0,0,0,0,0,1,1,0,0,1,0,1,1,0,0,1,0,0,0,0,0,0,0,1,0,0,0,1,0,0,1,1,0,0,0,0,0,0,1,0,1,1,0,0,0,0,1,0,0,0,0,0,0,0,1,0
0,1,0,1,1,1,1,1,0,0,1,0,1,1,0,1,1,1,0,0,0,1,0,0,0,0,0,0,0,0,1,0,0,1,0,1,0,0,1,0,0,1,0,1,0,0,0,1,0,0,0,1,1,1,1,0,0,0,0,0,0,0,1,1,1,0,0,0,0,0,0,1,0,0,0,1,0,1,0,0,1,0,0,1,0,1,0,0,1,0,0,0,0,0,0,0,1,0,0,1,0,0,0,0,0,1,0,1,0,0,0,1,0,0,0,1,1,0,1,0,0,0,1,0,0,0,0,0,0,0,0,0,1,1,0,1,0,0,1,0,0,1,0,1,0,0,0,1,0,0,0,0,0,0,0,0,0,0,0,0,1,0,0,1,1,0,0,0,0,0,1,1,0,0,1,0,1,1,0,0,1,0,0,0,0,0,0,0,1,0,0,0,1,0,1,1,1,0,0,0,0,0,0,1,0,1,1,0,0,0,0,1,0,0,0,0,0,0,0,1,0
0,1,0,1,1,1,1,1,0,0,1,0,1,1,0,1,1,1,0,0,0,1,0,0,0,0,0,0,0,0,1,0,0,1,0,1,0,0,1,0,0,1,0,1,0,0,0,1,0,0,0,0,1,1,1,0,0,0,0,0,0,0,1,1,1,0,0,0,0,0,0,1,0,0,0,1,0,1,0,0,1,0,0,1,0,1,0,0,1,0,0,0,0,0,0,0,1,0,0,1,0,0,0,0,0,1,0,1,0,0,0,1,0,0,0,1,1,0,1,0,0,0,1,0,0,0,0,0,0,0,0,0,1,1,0,1,0,0,1,0,0,1,0,1,0,0,0,1,0,0,0,0,0,0,0,0,0,0,0,0,1,0,0,1,1,0,0,0,0,0,1,1,0,0,1,0,1,1,0,0,1,0,0,0,0,0,0,0,1,0,0,0,1,0,1,1,1,0,0,0,0,0,0,1,0,1,1,0,0,0,0,1,0,0,0,0,0,0,0,1,0
0,1,0,1,1,1,1,1,0,0,1,0,1,1,0,0,0,1,1,0,0,1,1,1,0,0,1,0,1,0,1,0,0,1,0,1,0,0,1,0,0,1,0,1,0,0,0,1,0,0,0,0,1,1,1,0,0,0,0,0,0,0,1,1,1,0,0,0,0,0,0,1,0,0,0,1,0,1,0,0,1,0,0,1,0,1,0,0,1,0,0,0,0,0,0,0,1,0,0,1,0,0,0,0,0,1,0,1,0,0,0,1,0,0,0,1,1,0,1,0,0,0,1,0,0,0,0,0,0,0,0,0,1,1,0,1,0,0,1,0,0,1,0,1,0,0,0,1,0,0,0,0,0,0,0,0,0,0,0,0,1,0,0,1,1,0,0,0,0,0,1,1,0,0,1,0,1,1,0,0,1,0,0,0,0,0,0,0,1,0,0,0,1,0,1,1,1,0,0,0,0,0,0,1,0,1,1,0,0,0,0,1,0,0,0,0,0,0,0,1,0
0,0,0,1,1,1,1,1,0,0,1,0,1,1,1,0,0,1,0,0,0,0,0,0,0,0,0,0,0,0,1,0,0,1,0,1,0,0,1,0,0,1,0,1,0,0,0,1,0,0,0,0,1,1,1,0,0,0,0,0,0,0,1,1,1,0,0,0,0,0,0,1,0,0,0,1,0,1,0,0,1,0,0,1,0,1,0,0,1,0,0,0,0,0,0,0,1,0,0,1,0,0,0,0,0,1,0,1,0,0,0,1,0,0,0,1,1,0,1,0,0,0,1,0,0,0,1,0,0,0,0,0,1,1,0,1,0,0,1,0,0,1,0,1,0,0,0,1,1,0,0,0,0,0,0,0,0,0,0,0,1,0,0,1,1,0,0,0,0,0,1,1,0,0,1,0,1,1,0,0,1,0,0,0,0,0,0,0,1,0,0,0,1,0,1,1,1,0,0,0,0,0,0,1,0,1,1,0,0,0,0,1,0,0,0,0,0,0,0,1,0
0,1,0,1,1,1,1,0,0,0,1,0,1,1,0,1,1,1,0,0,0,1,0,0,0,0,0,0,0,0,1,0,0,1,0,1,0,0,1,0,0,1,0,1,0,0,0,1,0,0,0,1,1,1,1,0,0,0,0,0,0,0,1,1,1,0,0,0,0,0,0,1,0,0,0,1,0,1,0,0,1,0,0,1,0,1,0,0,1,0,0,0,0,0,0,0,1,0,0,1,0,0,0,0,0,1,0,1,0,0,0,1,0,0,0,1,1,0,1,0,0,0,1,0,0,0,0,0,0,0,0,0,1,1,0,1,0,0,1,0,0,1,0,1,0,0,0,1,0,0,0,0,0,0,0,0,0,0,0,0,1,0,0,1,1,0,0,0,0,0,1,1,0,0,1,0,1,1,0,0,1,0,0,0,0,0,0,0,1,0,0,0,1,0,0,1,1,0,0,0,0,0,0,1,0,1,1,0,0,0,0,1,0,0,0,1,0,0,0,1,0
0,1,0,1,1,1,1,0,0,0,1,0,1,1,0,1,1,1,0,0,0,1,0,0,0,0,0,0,0,0,1,0,0,1,0,1,0,0,1,0,0,1,0,1,0,0,0,1,0,0,0,1,1,1,1,0,0,0,0,0,0,0,1,1,1,0,0,0,0,0,0,1,0,0,0,1,0,1,0,0,1,0,0,1,0,1,0,0,1,0,0,0,0,0,0,0,1,0,0,1,0,0,0,0,0,1,0,1,0,0,0,1,0,0,0,1,1,0,1,0,0,0,1,0,0,0,0,0,0,0,0,0,1,1,0,1,0,0,1,0,0,1,0,1,0,0,0,1,0,0,0,0,0,0,0,0,0,0,0,0,1,0,0,1,1,0,0,0,0,0,1,1,0,0,1,0,1,1,0,0,1,0,0,0,0,0,0,0,1,0,0,0,1,0,0,1,1,0,0,0,0,0,0,1,0,1,1,0,0,0,0,1,0,0,0,1,0,0,0,1,0
0,1,0,1,1,1,1,0,0,0,1,0,1,1,0,0,0,1,1,0,0,1,1,1,0,0,1,0,1,0,1,0,0,1,0,1,0,0,1,0,0,1,0,1,0,0,0,1,0,0,0,1,1,1,1,0,0,0,0,0,0,0,1,1,1,0,0,0,0,0,0,1,0,0,0,1,0,1,0,0,1,0,0,1,0,1,0,0,1,0,0,0,0,0,0,0,1,0,0,1,0,0,0,0,0,1,0,1,0,0,0,1,0,0,0,1,1,0,1,0,0,0,1,0,0,0,0,0,0,0,0,0,1,1,0,1,0,0,1,0,0,1,0,1,0,0,0,1,0,0,0,0,0,0,0,0,0,0,0,0,1,0,0,1,1,0,0,0,0,0,1,1,0,0,1,0,1,1,0,0,1,0,0,0,0,0,0,0,1,0,0,0,1,0,0,1,1,0,0,0,0,0,0,1,0,1,1,0,0,0,0,1,0,0,0,1,0,0,0,1,0
0,1,0,1,1,1,1,0,0,0,1,0,1,1,1,0,0,1,0,0,0,0,0,0,0,0,0,0,0,0,1,0,0,1,0,1,0,0,1,0,0,1,0,1,0,0,0,1,0,0,0,1,1,1,1,0,0,0,0,0,0,0,1,1,1,0,0,0,0,0,0,1,0,0,0,1,0,1,0,0,1,0,0,1,0,1,0,0,1,0,0,0,0,0,0,0,1,0,0,1,0,0,0,0,0,1,0,1,0,0,0,1,0,0,0,1,1,0,1,0,0,0,1,0,0,0,1,0,0,0,0,0,1,1,0,1,0,0,1,0,0,1,0,1,0,0,0,1,1,0,0,0,0,0,0,0,0,0,0,0,1,0,0,1,1,0,0,0,0,0,1,1,0,0,1,0,1,1,0,0,1,0,0,0,0,0,0,0,1,0,0,0,1,0,0,1,1,0,0,0,0,0,0,1,0,1,1,0,0,0,0,1,0,0,0,1,0,0,0,1,0
0,1,0,1,1,1,1,0,0,0,1,0,1,1,0,1,1,1,0,0,0,1,0,0,0,0,0,0,0,0,1,0,0,1,0,1,0,0,1,0,0,1,0,1,0,0,0,1,0,0,0,1,1,1,1,0,0,0,0,0,0,0,1,1,1,0,0,0,0,0,0,1,0,0,0,1,0,1,0,0,1,0,0,1,0,1,0,0,1,0,0,0,0,0,0,0,1,0,0,1,0,0,0,0,0,1,0,1,0,0,0,1,0,0,0,1,1,0,1,0,0,0,1,0,0,0,0,0,0,0,0,0,1,1,0,1,0,0,1,0,0,1,0,1,0,0,0,1,0,0,0,0,0,0,0,0,0,0,0,0,1,0,0,1,1,0,0,0,0,0,1,1,0,0,1,0,1,1,0,0,1,0,0,0,0,0,0,0,1,0,0,0,1,0,0,1,1,0,0,0,0,0,0,1,0,1,1,0,0,0,0,1,0,0,0,0,0,0,0,1,0
0,1,0,1,1,1,1,0,0,0,1,0,1,1,0,0,0,1,1,0,0,1,1,1,0,0,1,0,1,0,1,0,0,1,0,1,0,0,1,0,0,1,0,1,0,0,0,1,0,0,0,0,1,1,1,0,0,0,0,0,0,0,1,1,1,0,0,0,0,0,0,1,0,0,0,1,0,1,0,0,1,0,0,1,0,1,0,0,1,0,0,0,0,0,0,0,1,0,0,1,0,0,0,0,0,1,0,1,0,0,0,1,0,0,0,1,1,0,1,0,0,0,1,0,0,0,0,0,0,0,0,0,1,1,0,1,0,0,1,0,0,1,0,1,0,0,0,1,0,0,0,0,0,0,0,0,0,0,0,0,1,0,0,1,1,0,0,0,0,0,1,1,0,0,1,0,1,1,0,0,1,0,0,0,0,0,0,0,1,0,0,0,1,0,0,1,1,0,0,0,0,0,0,1,0,1,1,0,0,0,0,1,0,0,0,0,0,0,0,1,0
0,1,0,1,1,1,1,0,0,0,1,0,1,1,0,1,1,1,0,0,0,1,0,0,0,0,0,0,0,0,1,0,0,1,0,1,0,0,1,0,0,1,0,1,0,0,0,1,0,0,0,0,1,1,1,0,0,0,0,0,0,0,1,1,1,0,0,0,0,0,0,1,0,0,0,1,0,1,0,0,1,0,0,1,0,1,0,0,1,0,0,0,0,0,0,0,1,0,0,1,0,0,0,0,0,1,0,1,0,0,0,1,0,0,0,1,1,0,1,0,0,0,1,0,0,0,0,0,0,0,0,0,1,1,0,1,0,0,1,0,0,1,0,1,0,0,0,1,0,0,0,0,0,0,0,0,0,0,0,0,1,0,0,1,1,0,0,0,0,0,1,1,0,0,1,0,1,1,0,0,1,0,0,0,0,0,0,0,1,0,0,0,1,0,0,1,1,0,0,0,0,0,0,1,0,1,1,0,0,0,0,1,0,0,0,0,0,0,0,1,0
0,0,0,1,1,1,1,0,0,0,1,0,1,1,1,0,0,1,0,0,0,0,0,0,0,0,0,0,0,0,1,0,0,1,0,1,0,0,1,0,0,1,0,1,0,0,0,1,0,0,0,0,1,1,1,0,0,0,0,0,0,0,1,1,1,0,0,0,0,0,0,1,0,0,0,1,0,1,0,0,1,0,0,1,0,1,0,0,1,0,0,0,0,0,0,0,1,0,0,1,0,0,0,0,0,1,0,1,0,0,0,1,0,0,0,1,1,0,1,0,0,0,1,0,0,0,1,0,0,0,0,0,1,1,0,1,0,0,1,0,0,1,0,1,0,0,0,1,1,0,0,0,0,0,0,0,0,0,0,0,1,0,0,1,1,0,0,0,0,0,1,1,0,0,1,0,1,1,0,0,1,0,0,0,0,0,0,0,1,0,0,0,1,0,0,1,1,0,0,0,0,0,0,1,0,1,1,0,0,0,0,1,0,0,0,0,0,0,0,1,0
0,1,0,0,0,1,1,0,0,0,1,0,0,1,0,0,0,1,1,0,0,0,0,0,0,0,0,0,0,0,1,0,0,0,1,1,0,0,0,1,0,1,1,1,0,0,0,1,1,0,0,1,0,0,0,0,0,1,1,0,0,0,1,0,0,0,0,0,1,1,0,0,0,0,0,0,0,0,0,0,0,0,0,0,0,0,0,0,1,0,1,0,0,0,0,0,0,1,0,0,0,0,0,0,0,0,0,0,0,0,0,1,1,1,1,0,0,1,1,0,0,0,0,1,0,1,0,1,1,0,0,0,0,0,0,0,1,0,0,1,0,0,0,0,0,1,1,1,0,0,1,0,1,1,1,0,0,0,0,1,1,1,1,1,0,1,0,1,1,0,0,0,0,1,0,1,1,0,0,1,0,1,0,0,0,0,1,1,0,1,1,1,0,0,0,1,1,1,1,1,1,1,0,0,0,1,1,1,1,1,1,0,1,0,1,0,1,1,1,0,1
0,1,0,1,0,1,1,0,0,1,0,0,0,0,0,1,1,1,1,0,1,1,0,1,0,1,1,0,1,0,1,0,1,1,0,0,0,1,1,1,1,1,1,1,0,0,1,1,1,0,0,0,0,0,0,0,1,1,1,0,0,0,1,1,1,0,0,0,1,0,0,1,0,1,0,0,0,0,1,0,1,0,0,0,0,0,1,0,1,0,1,0,0,0,0,1,0,1,1,0,1,0,0,0,0,1,0,1,0,0,0,1,1,1,0,0,0,1,1,1,1,0,0,1,1,0,0,1,1,1,0,0,1,0,1,0,1,1,1,1,0,1,1,0,0,1,1,1,0,0,1,1,0,1,1,0,1,1,1,1,1,0,1,1,0,1,0,1,1,1,1,0,0,1,0,1,1,0,1,0,0,1,0,1,1,0,1,0,1,1,1,0,1,1,0,1,0,1,0,1,1,0,0,1,1,0,0,1,0,0,1,0,0,0,1,0,0,0,1,0,0
0,1,0,1,0,1,1,0,0,0,0,0,0,0,0,1,1,1,1,0,1,1,0,1,0,1,1,0,1,0,1,0,0,1,0,0,0,1,1,1,0,1,1,1,0,0,0,1,1,0,0,1,0,0,0,0,1,1,1,0,0,0,1,1,1,0,0,0,1,0,0,1,0,1,0,0,0,0,1,0,1,0,0,0,0,0,1,0,1,0,1,0,0,0,0,1,0,1,0,0,0,0,0,0,0,1,0,1,0,0,0,1,1,1,0,0,0,1,1,0,1,0,0,1,1,0,0,1,1,1,0,0,1,0,1,0,1,0,1,1,0,1,0,0,0,1,1,1,0,0,1,1,0,1,1,0,1,1,1,1,1,0,1,1,0,1,0,1,1,1,1,0,0,1,0,1,1,0,1,0,0,1,0,1,1,0,1,0,1,1,1,0,1,1,0,1,1,1,1,1,1,0,0,1,1,0,1,1,0,0,1,0,0,0,1,0,0,0,1,0,0
0,1,0,1,0,1,1,0,0,1,0,0,0,0,0,1,1,1,1,0,1,1,0,1,0,1,1,0,1,0,1,0,1,1,0,0,0,1,1,1,1,1,1,1,0,0,0,1,1,0,0,1,0,0,0,0,1,1,1,0,0,0,1,1,1,0,0,0,1,0,0,1,0,1,0,0,0,0,1,0,1,0,0,0,0,0,1,0,1,0,1,0,0,0,0,1,0,1,1,0,0,0,0,0,0,1,0,1,0,0,0,1,1,1,0,0,0,1,1,1,1,0,0,1,1,0,0,1,1,1,0,0,1,0,1,0,1,1,1,1,0,1,1,0,0,1,1,1,0,0,1,1,0,1,1,0,1,1,1,1,1,0,1,1,0,1,0,1,1,1,1,0,0,1,0,1,1,0,1,0,0,1,0,1,1,0,1,0,1,1,1,0,1,1,0,1,1,1,1,1,1,0,0,1,1,0,1,1,0,0,1,0,0,0,1,0,0,0,1,0,0
1,1,0,1,0,1,1,0,0,0,0,0,0,0,0,1,1,1,1,0,1,1,1,1,1,1,1,0,1,0,1,0,0,1,0,0,0,1,1,1,0,1,1,1,0,0,0,1,1,0,0,0,0,0,0,0,1,1,1,0,0,0,1,1,1,0,0,0,1,0,0,1,0,1,0,0,0,0,1,0,1,0,0,0,0,0,1,0,1,0,1,0,0,0,0,1,0,1,0,0,0,0,0,0,0,1,0,1,0,0,0,1,1,1,0,0,0,1,1,0,1,0,0,1,1,0,0,1,1,1,0,0,1,0,1,0,1,0,1,1,0,1,0,0,0,1,1,1,0,0,1,1,0,1,1,0,1,1,1,1,1,0,1,1,0,1,0,1,1,1,1,0,0,1,0,1,1,0,1,0,0,1,0,1,1,0,1,0,1,1,1,0,1,1,0,1,1,1,1,1,1,0,0,1,1,0,1,1,0,0,1,0,0,0,1,0,0,1,1,0,0
0,1,0,1,0,1,1,0,0,0,0,0,0,0,0,1,1,1,1,0,1,1,0,1,0,1,1,0,1,0,1,0,0,1,0,0,1,0,0,1,0,1,0,1,0,0,0,1,0,0,0,1,0,0,0,0,1,1,1,0,0,0,1,1,1,0,0,0,1,0,0,1,0,1,0,0,0,0,1,0,1,0,0,0,0,0,1,0,1,0,1,0,0,0,0,1,0,1,0,0,0,0,0,0,0,1,0,1,0,0,0,1,1,1,0,0,0,1,1,0,1,0,0,1,0,0,0,1,1,0,0,0,1,0,0,0,1,0,0,1,0,1,0,0,0,1,1,1,0,0,1,0,0,1,1,0,1,1,0,1,1,0,1,1,0,1,0,0,1,0,1,0,0,1,0,1,1,0,0,0,0,1,0,1,1,0,1,1,1,1,0,0,1,1,0,1,1,1,1,0,0,0,0,1,1,0,1,0,1,0,1,0,0,1,0,0,1,0,1,0,0
0,1,0,0,0,1,1,0,0,1,0,0,0,0,0,1,1,1,1,0,0,1,1,1,0,0,1,0,1,0,1,0,1,0,0,0,0,0,1,1,1,0,0,1,0,0,1,0,1,0,0,1,0,1,1,0,0,1,1,0,0,0,1,0,0,0,0,0,1,0,0,1,0,0,0,1,0,1,0,0,1,0,0,1,0,1,0,0,1,0,1,0,0,0,0,1,1,1,1,1,1,0,0,0,0,0,0,1,0,0,0,0,1,1,1,1,1,1,1,1,1,0,0,1,0,1,0,1,1,0,0,1,1,0,0,1,1,1,0,1,0,1,1,1,0,1,1,1,0,0,0,0,0,1,0,0,0,1,0,1,1,1,0,1,0,1,0,0,1,0,0,1,0,1,0,1,1,1,0,1,1,1,0,1,1,0,1,1,1,1,0,1,1,1,0,0,0,0,1,0,0,1,0,1,1,0,0,1,1,0,0,0,1,0,1,0,1,0,0,0,1
0,1,0,0,0,1,1,0,0,1,0,0,0,0,0,1,1,1,1,0,0,1,1,1,0,0,1,0,1,0,1,0,1,0,0,0,0,0,1,1,1,0,0,1,0,0,1,0,1,0,0,1,0,1,1,0,0,1,1,0,0,0,1,0,0,0,0,0,1,0,0,1,0,0,0,1,0,1,0,0,1,0,0,1,0,1,0,0,1,0,1,0,0,0,0,1,1,1,1,1,1,0,0,0,0,0,0,1,0,0,0,0,1,1,0,1,1,1,1,1,1,0,0,1,0,0,0,1,1,0,0,1,1,0,0,1,1,1,0,1,0,1,1,1,0,1,1,1,0,0,0,0,0,1,0,0,0,1,0,1,1,0,0,1,0,1,0,0,1,0,0,1,0,1,0,1,1,1,0,0,1,1,0,1,1,0,1,1,1,1,0,0,1,0,0,0,0,0,1,0,0,0,0,1,0,0,0,0,1,0,0,0,0,0,0,0,1,0,0,0,0
0,1,0,0,0,1,1,0,0,1,0,0,0,0,0,1,1,1,1,0,0,1,1,1,0,0,1,0,1,0,1,0,1,0,0,0,0,0,1,1,1,0,0,1,0,0,1,0,1,0,0,1,0,1,1,0,0,1,1,0,0,0,1,0,0,0,0,0,1,0,0,1,0,0,0,1,0,1,0,0,1,0,0,1,0,1,0,0,1,0,1,0,0,0,0,1,1,1,1,1,1,0,0,0,0,0,0,1,0,0,0,0,1,1,0,1,1,1,1,1,1,0,0,1,0,0,0,1,1,0,0,1,1,0,0,1,1,1,0,1,0,1,1,1,0,1,1,1,0,0,0,0,0,1,0,0,0,1,0,1,1,0,0,1,0,1,0,0,1,0,0,1,0,1,0,1,1,1,0,0,1,1,0,1,1,0,1,0,1,1,0,1,1,1,0,0,0,0,0,0,0,1,0,1,1,0,0,1,0,0,0,0,0,0,1,0,0,0,0,0,0
0,1,0,0,0,1,0,0,0,1,0,0,0,0,0,1,1,1,1,0,0,1,1,1,0,0,1,0,1,0,1,0,1,0,0,0,0,0,1,0,1,0,0,1,0,0,1,0,0,0,0,0,0,1,1,0,0,0,0,0,0,0,1,0,0,0,0,0,0,0,0,1,0,0,0,1,0,1,0,0,1,0,0,1,0,1,0,0,1,0,0,0,0,0,0,0,1,0,1,1,1,0,0,0,0,0,0,1,0,0,0,0,0,0,0,1,1,0,1,1,0,0,0,0,0,0,0,0,0,0,0,1,1,0,0,1,0,1,0,0,0,0,1,1,0,0,0,1,0,0,0,0,0,0,0,0,0,0,0,0,1,0,0,1,0,0,0,0,0,0,0,1,0,0,0,0,1,1,0,0,1,0,0,0,0,0,0,0,1,0,0,0,1,0,0,1,0,0,0,0,0,0,0,1,0,0,0,0,0,0,0,0,0,0,0,0,0,0,0,0,0
0,1,0,0,0,1,0,0,0,1,0,0,0,0,0,1,1,1,1,0,0,1,1,1,0,0,1,0,1,0,1,0,1,0,0,0,0,0,1,0,1,0,0,1,0,0,1,0,0,0,0,0,0,1,1,0,0,0,0,0,0,0,1,0,0,0,0,0,0,0,0,1,0,0,0,1,0,1,0,0,1,0,0,1,0,1,0,0,1,0,0,0,0,0,0,0,1,0,1,1,1,0,0,0,0,0,0,1,0,0,0,0,0,0,0,1,1,0,1,1,0,0,0,0,0,0,0,0,0,0,0,1,1,0,0,1,0,1,0,0,0,1,1,1,0,0,0,1,0,0,0,0,0,0,0,0,0,0,0,0,1,0,0,1,0,0,0,0,0,0,0,1,0,0,0,0,1,1,0,0,1,0,0,0,0,0,0,0,1,0,0,0,1,0,0,1,0,0,0,0,0,0,0,1,0,0,0,0,0,0,0,0,0,0,0,0,0,0,0,0,0
0,1,0,0,0,1,0,0,0,1,0,0,0,0,0,1,1,1,1,0,0,1,1,1,0,0,1,0,1,0,1,0,1,0,0,0,0,0,1,0,1,0,0,1,0,0,1,0,0,0,0,0,0,1,1,0,0,0,0,0,0,0,1,0,0,0,0,0,0,0,0,1,0,0,0,1,0,1,0,0,1,0,0,1,0,1,0,0,1,0,0,0,0,0,0,1,1,0,1,1,1,0,0,0,0,0,0,1,0,0,0,0,0,0,0,1,1,0,1,1,1,0,0,0,0,0,0,0,0,0,0,1,1,0,0,1,0,1,0,0,0,1,1,1,0,0,0,1,0,0,0,0,0,0,0,0,0,1,0,0,1,0,0,1,0,0,0,0,0,0,0,1,0,0,0,0,1,1,0,0,1,0,0,1,1,0,0,0,1,0,0,0,1,0,0,0,0,0,0,0,0,0,0,1,0,0,0,0,0,0,0,0,0,0,0,0,0,0,0,0,0
0,0,0,0,0,0,0,0,0,1,0,0,0,0,0,1,1,1,1,0,0,1,0,0,0,0,1,0,0,0,0,0,1,1,0,0,0,0,1,0,1,0,0,0,0,0,1,0,0,0,0,0,0,1,1,0,0,0,0,0,0,0,0,1,1,0,0,0,0,0,0,0,0,0,0,1,0,0,0,0,0,0,0,1,0,0,0,0,1,0,0,0,0,0,0,0,1,0,1,1,1,0,0,0,0,0,0,0,0,0,0,0,0,0,0,1,1,0,1,1,0,0,0,0,0,0,0,0,0,0,0,1,0,0,0,1,0,1,0,0,0,0,1,1,0,0,0,1,0,0,0,0,0,0,0,0,0,0,0,0,1,0,0,1,0,0,0,0,0,0,1,0,0,0,0,0,1,1,0,0,1,0,0,0,0,0,0,0,0,0,0,0,0,0,0,0,0,0,0,0,0,0,0,0,0,0,0,0,0,0,0,0,0,0,0,0,0,0,0,0,0
0,1,0,0,0,1,1,0,0,0,0,0,0,0,0,1,1,1,1,0,0,1,1,1,0,0,1,0,1,0,1,0,0,0,0,0,0,0,1,1,0,0,0,1,0,0,0,0,1,0,0,1,0,1,1,0,0,1,1,0,0,0,1,0,0,0,0,0,1,0,0,1,0,0,0,1,0,1,0,0,1,0,0,1,0,1,0,0,1,0,1,0,0,0,0,1,1,1,0,1,0,0,0,0,0,0,0,1,0,0,0,0,1,1,1,1,1,1,1,0,1,0,0,1,0,1,0,1,1,0,0,1,1,0,0,1,1,0,0,1,0,1,0,1,0,1,1,1,0,0,0,0,0,1,0,0,0,1,0,1,1,1,0,1,0,1,0,0,1,0,0,1,0,1,0,1,1,1,0,1,1,1,0,1,1,0,1,1,1,1,0,1,1,1,0,0,0,0,1,0,0,1,0,1,1,0,0,1,1,0,0,0,1,0,1,0,1,0,0,0,1
0,1,0,0,0,1,1,0,0,0,0,0,0,0,0,1,1,1,1,0,0,1,1,1,0,0,1,0,1,0,1,0,0,0,0,0,0,0,1,1,0,0,0,1,0,0,0,0,1,0,0,1,0,1,1,0,0,1,1,0,0,0,1,0,0,0,0,0,1,0,0,1,0,0,0,1,0,1,0,0,1,0,0,1,0,1,0,0,1,0,1,0,0,0,0,1,1,1,0,1,0,0,0,0,0,0,0,1,0,0,0,0,1,1,0,1,1,1,1,0,1,0,0,1,0,0,0,1,1,0,0,1,1,0,0,1,1,0,0,1,0,1,0,1,0,1,1,1,0,0,0,0,0,1,0,0,0,1,0,1,1,0,0,1,0,1,0,0,1,0,0,1,0,1,0,1,1,1,0,0,1,1,0,1,1,0,1,1,1,1,0,0,1,0,0,0,0,0,1,0,0,0,0,1,0,0,0,0,1,0,0,0,0,0,0,0,1,0,0,0,0
0,1,0,0,0,1,1,0,0,0,0,0,0,0,0,1,1,1,1,0,0,1,1,1,0,0,1,0,1,0,1,0,0,0,0,0,0,0,1,1,0,0,0,1,0,0,0,0,1,0,0,1,0,1,1,0,0,1,1,0,0,0,1,0,0,0,0,0,1,0,0,1,0,0,0,1,0,1,0,0,1,0,0,1,0,1,0,0,1,0,1,0,0,0,0,1,1,1,0,1,0,0,0,0,0,0,0,1,0,0,0,0,1,1,0,1,1,1,1,0,1,0,0,1,0,0,0,1,1,0,0,1,1,0,0,1,1,0,0,1,0,1,0,1,0,1,1,1,0,0,0,0,0,1,0,0,0,1,0,1,1,0,0,1,0,1,0,0,1,0,0,1,0,1,0,1,1,1,0,0,1,1,0,1,1,0,1,0,1,1,0,1,1,1,0,0,0,0,0,0,0,1,0,1,1,0,0,1,0,0,0,0,0,0,1,0,0,0,0,0,0
0,1,0,0,0,1,0,0,0,0,0,0,0,0,0,1,1,1,1,0,0,1,1,1,0,0,1,0,1,0,1,0,0,0,0,0,0,0,1,0,0,0,0,1,0,0,0,0,0,0,0,0,0,1,1,0,0,0,0,0,0,0,1,0,0,0,0,0,0,0,0,1,0,0,0,1,0,1,0,0,1,0,0,1,0,1,0,0,1,0,0,0,0,0,0,0,1,0,0,1,0,0,0,0,0,0,0,1,0,0,0,0,0,0,0,1,1,0,1,0,0,0,0,0,0,0,0,0,0,0,0,1,1,0,0,1,0,0,0,0,0,0,0,1,0,0,0,1,0,0,0,0,0,0,0,0,0,0,0,0,1,0,0,1,0,0,0,0,0,0,0,1,0,0,0,0,1,1,0,0,1,0,0,0,0,0,0,0,1,0,0,0,1,0,0,1,0,0,0,0,0,0,0,1,0,0,0,0,0,0,0,0,0,0,0,0,0,0,0,0,0
0,1,0,0,0,1,0,0,0,0,0,0,0,0,0,1,1,1,1,0,0,1,1,1,0,0,1,0,1,0,1,0,0,0,0,0,0,0,1,0,0,0,0,1,0,0,0,0,0,0,0,0,0,1,1,0,0,0,0,0,0,0,1,0,0,0,0,0,0,0,0,1,0,0,0,1,0,1,0,0,1,0,0,1,0,1,0,0,1,0,0,0,0,0,0,1,1,0,0,1,0,0,0,0,0,0,0,1,0,0,0,0,0,0,0,1,1,0,1,0,1,0,0,0,0,0,0,0,0,0,0,1,1,0,0,1,0,0,0,0,0,1,0,1,0,0,0,1,0,0,0,0,0,0,0,0,0,1,0,0,1,0,0,1,0,0,0,0,0,0,0,1,0,0,0,0,1,1,0,0,1,0,0,1,1,0,0,0,1,0,0,0,1,0,0,0,0,0,0,0,0,0,0,1,0,0,0,0,0,0,0,0,0,0,0,0,0,0,0,0,0
0,1,0,0,0,1,0,0,0,0,0,0,0,0,0,1,1,1,1,0,0,1,1,1,0,0,1,0,1,0,1,0,0,0,0,0,0,0,1,0,0,0,0,1,0,0,0,0,0,0,0,0,0,1,1,0,0,0,0,0,0,0,1,0,0,0,0,0,0,0,0,1,0,0,0,1,0,1,0,0,1,0,0,1,0,1,0,0,1,0,0,0,0,0,0,0,1,0,0,1,0,0,0,0,0,0,0,1,0,0,0,0,0,0,0,1,1,0,1,0,0,0,0,0,0,0,0,0,0,0,0,1,1,0,0,1,0,0,0,0,0,1,0,1,0,0,0,1,0,0,0,0,0,0,0,0,0,0,0,0,1,0,0,1,0,0,0,0,0,0,0,1,0,0,0,0,1,1,0,0,1,0,0,0,0,0,0,0,1,0,0,0,1,0,0,1,0,0,0,0,0,0,0,1,0,0,0,0,0,0,0,0,0,0,0,0,0,0,0,0,0
0,0,0,0,0,0,0,0,0,0,0,0,0,0,0,1,1,1,1,0,0,1,0,0,0,0,1,0,0,0,0,0,0,1,0,0,0,0,1,0,0,0,0,0,0,0,0,0,0,0,0,0,0,1,1,0,0,0,0,0,0,0,0,1,1,0,0,0,0,0,0,0,0,0,0,1,0,0,0,0,0,0,0,1,0,0,0,0,1,0,0,0,0,0,0,0,1,0,0,1,0,0,0,0,0,0,0,0,0,0,0,0,0,0,0,1,1,0,1,0,0,0,0,0,0,0,0,0,0,0,0,1,0,0,0,1,0,0,0,0,0,0,0,1,0,0,0,1,0,0,0,0,0,0,0,0,0,0,0,0,1,0,0,1,0,0,0,0,0,0,1,0,0,0,0,0,1,1,0,0,1,0,0,0,0,0,0,0,0,0,0,0,0,0,0,0,0,0,0,0,0,0,0,0,0,0,0,0,0,0,0,0,0,0,0,0,0,0,0,0,0
0,1,0,0,0,1,1,0,1,1,0,0,0,0,0,1,1,1,1,0,0,1,1,1,0,0,1,0,1,0,1,1,1,0,0,0,0,0,1,1,1,0,0,1,0,0,1,0,1,0,0,1,0,1,1,0,0,1,1,0,0,0,1,0,0,0,0,0,1,0,0,1,0,0,0,1,0,1,0,0,1,0,0,1,0,1,0,0,1,0,1,0,0,0,0,1,1,1,1,1,1,0,0,0,0,0,0,1,0,0,0,0,1,1,1,1,1,1,1,1,1,0,0,1,0,1,0,1,1,0,0,1,1,0,0,1,1,1,0,1,0,1,1,1,0,1,1,1,0,0,0,0,0,1,0,0,0,1,0,1,1,1,0,1,0,1,0,0,1,0,0,1,0,1,0,1,1,1,0,1,1,1,0,1,1,0,1,1,1,1,0,1,1,1,0,0,0,0,1,0,0,1,0,1,1,0,0,1,1,0,0,0,1,0,1,0,1,0,0,0,1
0,1,0,0,0,1,1,0,1,1,0,0,0,0,0,1,1,1,1,0,0,1,1,1,0,0,1,0,1,0,1,1,1,0,0,0,0,0,1,1,1,0,0,1,0,0,1,0,1,0,0,1,0,1,1,0,0,1,1,0,0,0,1,0,0,0,0,0,1,0,0,1,0,0,0,1,0,1,0,0,1,0,0,1,0,1,0,0,1,0,1,0,0,0,0,1,1,1,1,1,1,0,0,0,0,0,0,1,0,0,0,0,1,1,0,1,1,1,1,1,1,0,0,1,0,0,0,1,1,0,0,1,1,0,0,1,1,1,0,1,0,1,1,1,0,1,1,1,0,0,0,0,0,1,0,0,0,1,0,1,1,0,0,1,0,1,0,0,1,0,0,1,0,1,0,1,1,1,0,0,1,1,0,1,1,0,1,1,1,1,0,0,1,0,0,0,0,0,1,0,0,0,0,1,0,0,0,0,1,0,0,0,0,0,0,0,1,0,0,0,0
0,1,0,0,0,1,1,0,1,1,0,0,0,0,0,1,1,1,1,0,0,1,1,1,0,0,1,0,1,0,1,1,1,0,0,0,0,0,1,1,1,0,0,1,0,0,1,0,1,0,0,1,0,1,1,0,0,1,1,0,0,0,1,0,0,0,0,0,1,0,0,1,0,0,0,1,0,1,0,0,1,0,0,1,0,1,0,0,1,0,1,0,0,0,0,1,1,1,1,1,1,0,0,0,0,0,0,1,0,0,0,0,1,1,0,1,1,1,1,1,1,0,0,1,0,0,0,1,1,0,0,1,1,0,0,1,1,1,0,1,0,1,1,1,0,1,1,1,0,0,0,0,0,1,0,0,0,1,0,1,1,0,0,1,0,1,0,0,1,0,0,1,0,1,0,1,1,1,0,0,1,1,0,1,1,0,1,0,1,1,0,1,1,1,0,0,0,0,0,0,0,1,0,1,1,0,0,1,0,0,0,0,0,0,1,0,0,0,0,0,0
0,1,0,0,0,1,0,0,1,1,0,0,0,0,0,1,1,1,1,0,0,1,1,1,0,0,1,0,1,0,1,1,1,0,0,0,0,0,1,0,1,0,0,1,0,0,1,0,0,0,0,0,0,1,1,0,0,0,0,0,0,0,1,0,0,0,0,0,0,0,0,1,0,0,0,1,0,1,0,0,1,0,0,1,0,1,0,0,1,0,0,0,0,0,0,0,1,0,1,1,1,0,0,0,0,0,0,1,0,0,0,0,0,0,0,1,1,0,1,1,0,0,0,0,0,0,0,0,0,0,0,1,1,0,0,1,0,1,0,0,0,0,1,1,0,0,0,1,0,0,0,0,0,0,0,0,0,0,0,0,1,0,0,1,0,0,0,0,0,0,0,1,0,0,0,0,1,1,0,0,1,0,0,0,0,0,0,0,1,0,0,0,1,0,0,1,0,0,0,0,0,0,0,1,0,0,0,0,0,0,0,0,0,0,0,0,0,0,0,0,0
0,1,0,0,0,1,0,0,1,1,0,0,0,0,0,1,1,1,1,0,0,1,1,1,0,0,1,0,1,0,1,1,1,0,0,0,0,0,1,0,1,0,0,1,0,0,1,0,0,0,0,0,0,1,1,0,0,0,0,0,0,0,1,0,0,0,0,0,0,0,0,1,0,0,0,1,0,1,0,0,1,0,0,1,0,1,0,0,1,0,0,0,0,0,0,0,1,0,1,1,1,0,0,0,0,0,0,1,0,0,0,0,0,0,0,1,1,0,1,1,0,0,0,0,0,0,0,0,0,0,0,1,1,0,0,1,0,1,0,0,0,1,1,1,0,0,0,1,0,0,0,0,0,0,0,0,0,0,0,0,1,0,0,1,0,0,0,0,0,0,0,1,0,0,0,0,1,1,0,0,1,0,0,0,0,0,0,0,1,0,0,0,1,0,0,1,0,0,0,0,0,0,0,1,0,0,0,0,0,0,0,0,0,0,0,0,0,0,0,0,0
0,1,0,0,0,1,0,0,1,1,0,0,0,0,0,1,1,1,1,0,0,1,1,1,0,0,1,0,1,0,1,1,1,0,0,0,0,0,1,0,1,0,0,1,0,0,1,0,0,0,0,0,0,1,1,0,0,0,0,0,0,0,1,0,0,0,0,0,0,0,0,1,0,0,0,1,0,1,0,0,1,0,0,1,0,1,0,0,1,0,0,0,0,0,0,1,1,0,1,1,1,0,0,0,0,0,0,1,0,0,0,0,0,0,0,1,1,0,1,1,1,0,0,0,0,0,0,0,0,0,0,1,1,0,0,1,0,1,0,0,0,1,1,1,0,0,0,1,0,0,0,0,0,0,0,0,0,1,0,0,1,0,0,1,0,0,0,0,0,0,0,1,0,0,0,0,1,1,0,0,1,0,0,1,1,0,0,0,1,0,0,0,1,0,0,0,0,0,0,0,0,0,0,1,0,0,0,0,0,0,0,0,0,0,0,0,0,0,0,0,0
0,0,0,0,0,0,0,0,1,1,0,0,0,0,0,1,1,1,1,0,0,1,0,0,0,0,1,0,0,0,0,1,1,1,0,0,0,0,1,0,1,0,0,0,0,0,1,0,0,0,0,0,0,1,1,0,0,0,0,0,0,0,0,1,1,0,0,0,0,0,0,0,0,0,0,1,0,0,0,0,0,0,0,1,0,0,0,0,1,0,0,0,0,0,0,0,1,0,1,1,1,0,0,0,0,0,0,0,0,0,0,0,0,0,0,1,1,0,1,1,0,0,0,0,0,0,0,0,0,0,0,1,0,0,0,1,0,1,0,0,0,0,1,1,0,0,0,1,0,0,0,0,0,0,0,0,0,0,0,0,1,0,0,1,0,0,0,0,0,0,1,0,0,0,0,0,1,1,0,0,1,0,0,0,0,0,0,0,0,0,0,0,0,0,0,0,0,0,0,0,0,0,0,0,0,0,0,0,0,0,0,0,0,0,0,0,0,0,0,0,0
0,1,0,0,0,1,1,0,1,0,0,0,0,0,0,1,1,1,1,0,0,1,1,1,0,0,1,0,1,0,1,1,0,0,0,0,0,0,1,1,0,0,0,1,0,0,0,0,1,0,0,1,0,1,1,0,0,1,1,0,0,0,1,0,0,0,0,0,1,0,0,1,0,0,0,1,0,1,0,0,1,0,0,1,0,1,0,0,1,0,1,0,0,0,0,1,1,1,0,1,0,0,0,0,0,0,0,1,0,0,0,0,1,1,1,1,1,1,1,0,1,0,0,1,0,1,0,1,1,0,0,1,1,0,0,1,1,0,0,1,0,1,0,1,0,1,1,1,0,0,0,0,0,1,0,0,0,1,0,1,1,1,0,1,0,1,0,0,1,0,0,1,0,1,0,1,1,1,0,1,1,1,0,1,1,0,1,1,1,1,0,1,1,1,0,0,0,0,1,0,0,1,0,1,1,0,0,1,1,0,0,0,1,0,1,0,1,0,0,0,1
0,1,0,0,0,1,1,0,1,0,0,0,0,0,0,1,1,1,1,0,0,1,1,1,0,0,1,0,1,0,1,1,0,0,0,0,0,0,1,1,0,0,0,1,0,0,0,0,1,0,0,1,0,1,1,0,0,1,1,0,0,0,1,0,0,0,0,0,1,0,0,1,0,0,0,1,0,1,0,0,1,0,0,1,0,1,0,0,1,0,1,0,0,0,0,1,1,1,0,1,0,0,0,0,0,0,0,1,0,0,0,0,1,1,0,1,1,1,1,0,1,0,0,1,0,0,0,1,1,0,0,1,1,0,0,1,1,0,0,1,0,1,0,1,0,1,1,1,0,0,0,0,0,1,0,0,0,1,0,1,1,0,0,1,0,1,0,0,1,0,0,1,0,1,0,1,1,1,0,0,1,1,0,1,1,0,1,1,1,1,0,0,1,0,0,0,0,0,1,0,0,0,0,1,0,0,0,0,1,0,0,0,0,0,0,0,1,0,0,0,0
0,1,0,0,0,1,1,0,1,0,0,0,0,0,0,1,1,1,1,0,0,1,1,1,0,0,1,0,1,0,1,1,0,0,0,0,0,0,1,1,0,0,0,1,0,0,0,0,1,0,0,1,0,1,1,0,0,1,1,0,0,0,1,0,0,0,0,0,1,0,0,1,0,0,0,1,0,1,0,0,1,0,0,1,0,1,0,0,1,0,1,0,0,0,0,1,1,1,0,1,0,0,0,0,0,0,0,1,0,0,0,0,1,1,0,1,1,1,1,0,1,0,0,1,0,0,0,1,1,0,0,1,1,0,0,1,1,0,0,1,0,1,0,1,0,1,1,1,0,0,0,0,0,1,0,0,0,1,0,1,1,0,0,1,0,1,0,0,1,0,0,1,0,1,0,1,1,1,0,0,1,1,0,1,1,0,1,0,1,1,0,1,1,1,0,0,0,0,0,0,0,1,0,1,1,0,0,1,0,0,0,0,0,0,1,0,0,0,0,0,0
0,1,0,0,0,1,0,0,1,0,0,0,0,0,0,1,1,1,1,0,0,1,1,1,0,0,1,0,1,0,1,1,0,0,0,0,0,0,1,0,0,0,0,1,0,0,0,0,0,0,0,0,0,1,1,0,0,0,0,0,0,0,1,0,0,0,0,0,0,0,0,1,0,0,0,1,0,1,0,0,1,0,0,1,0,1,0,0,1,0,0,0,0,0,0,0,1,0,0,1,0,0,0,0,0,0,0,1,0,0,0,0,0,0,0,1,1,0,1,0,0,0,0,0,0,0,0,0,0,0,0,1,1,0,0,1,0,0,0,0,0,0,0,1,0,0,0,1,0,0,0,0,0,0,0,0,0,0,0,0,1,0,0,1,0,0,0,0,0,0,0,1,0,0,0,0,1,1,0,0,1,0,0,0,0,0,0,0,1,0,0,0,1,0,0,1,0,0,0,0,0,0,0,1,0,0,0,0,0,0,0,0,0,0,0,0,0,0,0,0,0
0,1,0,0,0,1,0,0,1,0,0,0,0,0,0,1,1,1,1,0,0,1,1,1,0,0,1,0,1,0,1,1,0,0,0,0,0,0,1,0,0,0,0,1,0,0,0,0,0,0,0,0,0,1,1,0,0,0,0,0,0,0,1,0,0,0,0,0,0,0,0,1,0,0,0,1,0,1,0,0,1,0,0,1,0,1,0,0,1,0,0,0,0,0,0,0,1,0,0,1,0,0,0,0,0,0,0,1,0,0,0,0,0,0,0,1,1,0,1,0,0,0,0,0,0,0,0,0,0,0,0,1,1,0,0,1,0,0,0,0,0,1,0,1,0,0,0,1,0,0,0,0,0,0,0,0,0,0,0,0,1,0,0,1,0,0,0,0,0,0,0,1,0,0,0,0,1,1,0,0,1,0,0,0,0,0,0,0,1,0,0,0,1,0,0,1,0,0,0,0,0,0,0,1,0,0,0,0,0,0,0,0,0,0,0,0,0,0,0,0,0
0,1,0,0,0,1,0,0,1,0,0,0,0,0,0,1,1,1,1,0,0,1,1,1,0,0,1,0,1,0,1,1,0,0,0,0,0,0,1,0,0,0,0,1,0,0,0,0,0,0,0,0,0,1,1,0,0,0,0,0,0,0,1,0,0,0,0,0,0,0,0,1,0,0,0,1,0,1,0,0,1,0,0,1,0,1,0,0,1,0,0,0,0,0,0,1,1,0,0,1,0,0,0,0,0,0,0,1,0,0,0,0,0,0,0,1,1,0,1,0,1,0,0,0,0,0,0,0,0,0,0,1,1,0,0,1,0,0,0,0,0,1,0,1,0,0,0,1,0,0,0,0,0,0,0,0,0,1,0,0,1,0,0,1,0,0,0,0,0,0,0,1,0,0,0,0,1,1,0,0,1,0,0,1,1,0,0,0,1,0,0,0,1,0,0,0,0,0,0,0,0,0,0,1,0,0,0,0,0,0,0,0,0,0,0,0,0,0,0,0,0
0,0,0,0,0,0,0,0,1,0,0,0,0,0,0,1,1,1,1,0,0,1,0,0,0,0,1,0,0,0,0,1,0,1,0,0,0,0,1,0,0,0,0,0,0,0,0,0,0,0,0,0,0,1,1,0,0,0,0,0,0,0,0,1,1,0,0,0,0,0,0,0,0,0,0,1,0,0,0,0,0,0,0,1,0,0,0,0,1,0,0,0,0,0,0,0,1,0,0,1,0,0,0,0,0,0,0,0,0,0,0,0,0,0,0,1,1,0,1,0,0,0,0,0,0,0,0,0,0,0,0,1,0,0,0,1,0,0,0,0,0,0,0,1,0,0,0,1,0,0,0,0,0,0,0,0,0,0,0,0,1,0,0,1,0,0,0,0,0,0,1,0,0,0,0,0,1,1,0,0,1,0,0,0,0,0,0,0,0,0,0,0,0,0,0,0,0,0,0,0,0,0,0,0,0,0,0,0,0,0,0,0,0,0,0,0,0,0,0,0,0
1,1,1,1,1,1,1,1,0,0,0,0,0,0,0,1,1,1,1,0,0,1,1,1,0,1,1,0,1,1,1,0,0,0,0,0,0,0,0,1,0,1,1,1,0,0,0,1,1,0,0,1,1,0,0,1,1,1,1,0,0,0,1,0,0,1,0,1,1,0,1,1,0,0,0,0,0,0,1,0,1,0,0,0,1,0,1,1,0,0,1,0,1,1,0,1,0,1,0,0,0,0,1,0,0,0,0,1,0,0,0,1,1,1,0,0,0,1,0,0,1,0,1,1,1,0,0,1,1,0,0,0,1,0,0,0,1,0,0,1,0,1,0,0,0,1,1,0,0,1,1,1,0,1,0,0,0,1,0,1,0,0,0,0,1,1,0,0,1,0,0,0,0,1,0,1,0,0,1,0,0,1,0,1,1,0,1,0,1,1,1,0,1,1,0,0,0,1,0,1,1,0,0,1,1,0,0,1,0,0,0,0,0,0,1,0,0,0,0,0,0
1,1,1,1,1,1,1,1,0,0,0,0,0,0,0,1,1,1,1,0,0,1,1,1,0,1,1,0,1,1,1,0,0,0,0,0,0,1,1,1,0,1,1,1,0,0,0,1,1,0,0,1,1,0,0,1,1,1,1,0,0,0,1,0,0,1,0,1,1,0,1,1,0,0,0,0,0,0,1,0,1,0,0,0,1,0,1,1,0,0,1,0,1,1,0,1,0,1,0,0,0,0,1,0,0,0,0,1,0,0,0,1,1,1,0,0,0,1,0,0,1,0,1,1,1,0,0,1,1,0,0,0,1,0,0,0,1,0,0,1,0,1,0,0,0,1,1,0,0,1,1,1,0,1,0,0,0,1,0,1,0,0,0,0,1,1,0,0,1,0,0,0,0,1,0,1,0,0,1,0,0,1,0,1,1,0,1,0,1,1,1,0,1,1,0,0,0,1,0,1,1,0,0,1,1,0,0,1,0,0,0,0,0,0,1,0,0,0,0,0,0
1,1,0,1,1,1,1,1,0,0,0,0,0,0,0,1,1,1,1,0,0,1,0,0,0,1,1,0,1,0,1,0,0,0,0,0,0,1,1,1,0,1,1,1,0,0,0,1,1,0,0,1,1,0,0,1,1,1,1,0,0,0,1,0,0,1,0,1,1,0,1,1,0,0,0,0,0,0,1,0,1,0,0,0,1,0,1,1,0,0,1,0,1,1,0,1,0,1,0,0,0,0,1,0,0,0,0,1,0,0,0,1,1,1,0,0,0,1,0,0,1,0,1,1,1,0,0,1,1,0,0,0,1,0,0,0,1,0,0,1,0,1,0,0,0,1,1,0,0,1,1,1,0,1,0,0,0,1,0,1,0,0,0,0,1,1,0,0,1,0,0,0,0,1,0,1,0,0,1,0,0,1,0,1,1,0,1,0,1,1,1,0,1,1,0,0,0,1,0,1,1,0,0,1,1,0,0,1,0,0,0,0,0,0,1,0,0,0,0,0,0
1,1,0,1,0,1,1,0,0,0,0,0,0,0,0,1,1,1,1,0,0,1,0,0,0,0,1,0,0,0,1,0,0,1,0,0,0,0,1,1,0,1,0,1,0,0,0,1,0,0,0,1,1,1,1,0,1,1,1,0,0,0,1,1,1,0,0,0,1,0,0,1,0,0,0,1,0,0,0,0,0,0,0,1,0,1,1,0,1,0,1,0,0,0,0,0,1,1,0,1,0,0,0,0,0,1,0,0,0,0,0,1,1,1,0,1,1,1,1,0,0,0,1,1,0,0,0,1,1,0,0,0,0,0,0,1,1,0,1,1,0,0,0,1,0,1,1,1,0,1,0,0,0,1,0,0,1,0,0,1,1,0,0,1,1,1,0,0,1,0,1,1,1,1,1,1,1,1,0,0,1,1,0,0,0,1,1,1,0,1,0,0,0,0,0,0,0,0,1,0,0,0,0,0,0,0,0,0,1,0,0,1,0,0,0,0,1,0,0,1,0
1,1,0,1,1,1,1,0,0,0,1,0,1,1,0,1,1,1,0,0,0,0,0,0,0,1,1,0,0,0,1,0,0,1,0,0,0,0,1,1,0,1,0,1,0,1,0,1,0,1,1,1,1,1,1,0,1,1,1,0,0,1,1,1,1,1,0,1,1,0,1,1,0,0,1,1,0,0,0,1,0,1,1,1,0,1,1,1,1,1,1,1,0,0,1,0,1,1,0,1,0,1,0,1,1,1,1,0,0,1,1,1,1,1,0,1,1,1,1,0,0,1,1,1,0,0,0,1,1,0,1,1,0,0,0,1,1,0,1,1,0,0,0,1,0,1,1,1,0,1,0,0,0,1,0,0,1,0,0,1,1,0,0,1,1,1,0,0,1,0,1,1,1,1,1,1,1,1,0,0,1,1,0,0,0,1,1,1,0,1,0,0,0,0,0,0,0,0,1,0,0,0,0,0,0,0,0,0,1,0,0,1,0,0,0,0,1,0,0,1,0
0,1,0,1,0,1,0,0,0,0,0,0,0,0,0,1,1,1,1,0,0,1,0,0,0,0,1,0,0,0,1,0,0,0,1,0,0,0,1,1,0,1,0,1,0,0,0,1,0,0,0,1,1,1,1,0,0,1,1,0,0,0,1,0,0,0,0,0,0,1,0,0,0,0,0,1,0,0,0,0,0,0,0,1,0,0,0,0,1,0,0,0,0,0,0,0,1,1,0,1,0,0,0,0,0,0,0,0,0,0,0,1,1,1,0,1,1,1,1,0,0,0,1,0,0,0,0,1,1,0,0,0,0,0,0,1,0,0,1,0,0,0,0,1,0,0,1,1,0,0,0,0,1,1,0,0,0,0,0,0,1,0,0,1,1,1,0,0,1,0,0,0,0,1,1,1,1,1,0,0,1,0,1,0,0,1,1,1,0,1,0,0,0,0,0,0,0,0,1,0,0,0,0,0,0,0,0,0,1,0,0,1,0,0,0,0,1,0,0,1,0
0,1,0,1,0,1,0,0,0,0,0,0,0,0,0,1,1,1,1,0,0,1,0,0,0,0,1,0,0,0,1,0,0,0,1,0,0,1,1,1,0,1,0,1,0,0,0,1,0,0,0,1,1,1,1,0,0,1,1,0,0,0,1,0,0,0,0,0,0,1,0,0,0,0,0,1,0,0,0,0,0,0,0,1,0,0,0,0,1,0,0,0,0,0,0,0,1,1,0,1,0,0,0,0,0,0,0,0,0,0,0,1,1,1,0,1,1,1,1,0,0,0,1,0,0,0,0,1,1,0,0,0,0,0,0,1,0,0,1,0,0,0,0,1,0,0,1,1,0,0,0,0,1,1,0,0,0,0,0,0,1,0,0,1,1,1,0,0,1,0,0,0,0,1,1,1,1,1,0,0,1,0,1,0,0,1,1,1,0,1,0,0,0,0,0,0,0,0,1,0,0,0,0,0,0,0,0,0,1,0,0,1,0,0,0,0,1,0,0,1,0
0,1,0,1,0,1,0,0,0,1,0,0,0,0,0,1,1,1,1,0,0,1,0,0,0,0,1,0,0,0,1,0,1,0,1,0,0,0,1,1,1,1,0,1,0,0,1,1,0,0,0,1,1,1,1,0,0,1,1,0,0,0,1,0,0,0,0,0,0,1,0,0,0,0,0,1,0,0,0,0,0,0,0,1,0,0,0,0,1,0,0,0,0,0,0,0,1,1,1,1,1,0,0,0,0,0,0,0,0,0,0,1,1,1,0,1,1,1,1,1,0,0,1,0,0,0,0,1,1,0,0,0,0,0,0,1,0,1,1,0,0,0,1,1,0,0,1,1,0,0,0,0,1,1,0,0,0,0,0,0,1,0,0,1,1,1,0,0,1,0,0,0,0,1,1,1,1,1,0,0,1,0,1,0,0,1,1,1,0,1,0,0,0,0,0,0,0,0,1,0,0,0,0,0,0,0,0,0,1,0,0,1,0,0,0,0,1,0,0,1,0
0,0,0,1,0,1,0,0,0,0,1,0,1,1,0,1,1,1,0,0,0,0,0,0,0,1,1,0,0,0,1,0,0,1,1,0,0,0,1,1,0,1,0,1,0,1,0,1,0,1,1,1,1,1,1,0,0,1,1,0,0,1,1,1,1,1,0,1,0,1,1,0,0,0,1,1,0,0,0,1,0,1,1,1,0,0,0,1,1,1,0,1,0,0,1,0,1,1,0,1,0,1,0,1,1,1,1,0,0,1,1,1,1,1,0,1,1,1,1,0,0,1,1,0,0,0,0,1,1,0,1,1,0,0,0,1,0,0,1,0,0,0,0,1,0,0,1,1,0,0,0,0,1,1,0,0,0,0,0,0,1,0,0,1,1,1,0,0,1,0,1,0,0,1,1,1,1,1,0,0,1,0,1,0,0,1,1,1,0,1,0,0,0,0,0,0,0,0,1,0,0,0,0,0,0,0,0,0,1,0,0,1,0,0,0,0,1,0,0,1,0
0,0,0,1,0,1,1,0,0,0,1,0,0,1,0,1,1,1,0,0,0,0,0,0,0,1,1,0,0,0,1,0,0,0,1,0,0,0,1,1,0,1,1,1,0,0,0,1,1,0,0,1,1,1,1,0,0,1,1,0,0,0,1,0,0,0,0,0,1,1,0,1,0,0,0,1,0,0,0,0,1,0,0,1,0,0,0,0,1,0,1,0,0,0,0,1,1,1,0,1,0,0,0,0,0,0,0,1,0,0,0,1,1,1,0,1,1,1,1,0,1,0,1,1,0,0,0,1,1,0,0,0,1,1,0,1,1,0,1,1,0,1,0,1,0,1,1,1,0,0,1,0,1,1,1,0,0,1,0,1,1,0,1,1,1,1,1,0,1,0,0,0,0,1,1,1,1,1,0,0,1,1,1,1,1,1,1,1,0,1,0,0,0,0,0,0,0,0,1,0,0,0,0,0,0,0,0,0,1,0,0,1,0,0,0,0,1,0,0,1,0
0,1,0,1,0,1,0,0,0,0,0,0,0,0,0,1,1,1,1,0,0,1,1,1,0,0,1,0,1,0,1,0,0,0,1,0,0,0,1,1,0,1,0,1,0,0,0,1,0,0,0,1,1,1,1,0,0,1,1,1,0,0,1,0,0,0,0,0,0,1,0,0,0,0,0,1,0,0,0,0,0,0,0,1,0,0,0,0,1,0,0,0,0,0,0,0,1,1,0,1,0,0,0,0,0,0,0,0,0,0,0,1,1,1,0,1,1,1,1,0,0,0,1,0,0,0,0,1,1,0,0,0,0,0,0,1,0,0,1,0,0,0,0,1,0,0,1,1,0,0,0,0,1,1,0,0,0,0,0,0,1,0,0,1,1,1,0,0,1,0,0,0,0,1,1,1,1,1,0,0,1,0,1,0,0,1,1,1,0,1,0,0,0,0,0,1,1,0,1,0,0,0,0,0,0,0,1,0,1,1,0,1,0,0,0,1,1,1,0,1,0
0,0,0,1,0,1,0,0,1,0,1,0,0,1,0,1,1,1,0,0,0,0,0,0,0,1,1,0,0,0,1,1,0,0,1,0,0,0,1,1,0,1,0,1,0,0,0,1,0,0,0,1,1,1,1,0,0,1,1,0,0,0,1,0,0,0,0,0,0,1,0,0,0,0,0,1,0,0,0,0,0,0,0,1,0,0,0,0,1,0,0,0,0,0,0,0,1,1,0,1,0,0,0,0,0,0,0,0,0,0,0,1,1,1,0,1,1,1,1,0,0,0,1,0,0,0,0,1,1,0,0,0,0,0,0,1,0,0,1,0,0,0,0,1,0,0,1,1,0,0,0,0,1,1,0,0,0,0,0,0,1,0,0,1,1,1,0,0,1,0,0,0,0,1,1,1,1,1,0,0,1,0,1,0,0,1,1,1,0,1,0,0,0,0,0,0,0,0,1,0,0,0,0,0,0,0,0,0,1,0,0,1,0,0,0,0,1,0,0,1,0
0,0,0,1,0,1,0,0,0,0,0,0,0,0,0,1,1,1,0,1,1,1,0,0,0,1,1,0,0,0,1,0,0,0,1,0,0,0,1,1,0,1,0,1,0,1,0,1,0,1,1,1,1,1,1,0,0,1,1,0,0,1,1,0,0,1,0,1,0,1,1,0,0,0,1,1,0,0,0,1,0,1,1,1,0,0,0,1,1,1,0,1,0,0,1,0,1,1,0,1,0,1,0,1,1,0,1,0,0,1,1,1,1,1,0,1,1,1,1,0,0,1,1,0,0,0,0,1,1,0,1,1,0,0,0,1,0,0,1,0,0,0,0,1,0,0,1,1,0,0,0,0,1,1,0,0,0,0,0,0,1,0,0,1,1,1,0,0,1,0,0,0,0,1,1,1,1,1,0,0,1,0,1,0,0,1,1,1,0,1,0,0,0,0,0,0,0,0,1,0,0,0,0,0,0,0,0,0,1,0,0,1,0,0,0,0,1,0,0,1,0
0,1,0,1,0,1,0,0,0,0,0,0,0,0,0,1,1,1,1,0,0,1,0,0,0,0,1,0,0,0,1,0,0,0,1,0,0,0,1,1,0,1,0,1,0,0,0,1,0,0,0,1,1,1,1,0,0,1,1,0,0,0,1,0,0,0,0,0,0,1,0,0,0,0,0,1,0,0,0,0,0,0,0,1,0,0,0,0,1,0,0,0,0,0,0,0,1,1,0,1,0,0,0,0,0,0,0,0,0,0,0,1,1,1,0,1,1,1,1,0,0,0,1,0,0,0,0,1,1,0,0,0,0,0,0,1,0,0,1,0,0,0,0,1,0,0,1,1,0,0,0,0,1,1,0,0,0,0,0,0,1,0,0,1,1,1,0,0,1,0,0,0,0,1,1,1,1,1,0,0,1,0,1,0,0,1,1,1,0,1,0,0,0,0,0,0,0,0,1,0,0,0,0,0,0,0,0,0,1,0,0,1,0,0,0,0,1,0,0,1,0
0,1,0,1,0,1,1,0,0,0,0,0,0,0,0,1,1,1,1,0,0,1,0,0,0,0,1,0,0,0,1,0,0,0,1,0,0,0,1,1,0,1,0,1,0,0,0,1,1,0,0,1,1,1,1,0,0,1,1,0,0,0,1,0,0,0,0,0,1,1,0,0,0,0,0,1,0,0,0,0,0,0,0,1,0,0,0,0,1,0,1,0,0,0,0,0,1,1,0,1,0,0,0,0,0,0,0,0,0,0,0,1,1,1,0,1,1,1,1,0,0,0,1,1,0,0,0,1,1,0,0,0,0,0,0,1,1,0,1,1,0,0,0,1,0,1,1,1,0,0,0,0,1,1,0,0,0,0,0,1,1,0,0,1,1,1,1,0,1,0,0,0,0,1,1,1,1,1,0,0,1,1,1,0,0,1,1,1,0,1,0,0,0,0,0,0,0,1,1,0,0,0,0,0,0,0,0,0,1,0,1,1,0,0,0,0,1,0,1,1,0
0,1,0,1,0,1,1,0,0,0,0,0,0,0,0,1,1,1,1,0,0,1,0,0,0,0,1,0,0,0,1,0,0,0,1,0,0,0,1,1,0,1,0,1,0,0,0,1,1,0,0,1,1,1,1,0,0,1,1,0,0,0,1,0,0,0,0,0,1,1,0,0,0,0,0,1,0,0,0,0,0,0,0,1,0,0,0,0,1,0,1,0,0,0,0,0,1,1,0,1,0,0,0,0,0,0,0,0,0,0,0,1,1,1,0,1,1,1,1,0,0,0,1,1,0,0,0,1,1,0,0,0,0,0,0,1,1,0,1,1,0,0,0,1,0,1,1,1,0,0,0,0,1,1,0,0,0,0,0,1,1,0,0,1,1,1,0,0,1,0,0,0,0,1,1,1,1,1,0,0,1,1,1,0,0,1,1,1,0,1,0,1,0,0,0,0,0,0,1,0,0,1,0,0,0,0,0,1,1,0,0,1,0,0,1,0,1,0,0,1,0
0,1,0,1,0,1,0,0,0,0,0,0,0,0,0,1,1,1,1,0,0,1,0,0,0,0,1,0,0,0,1,0,0,0,1,0,0,0,1,1,0,1,0,1,0,0,0,1,0,0,0,1,1,1,1,0,0,1,1,0,0,0,1,0,0,0,0,0,0,1,0,0,0,0,0,1,0,0,0,0,0,0,0,1,0,0,0,0,1,0,0,0,0,0,0,0,1,1,0,1,0,0,0,0,0,0,0,0,0,0,0,1,1,1,0,1,1,1,1,0,0,0,1,0,0,0,0,1,1,0,0,0,0,0,0,1,0,0,1,0,0,0,0,1,0,0,1,1,0,0,0,0,1,1,0,0,0,0,0,0,1,0,0,1,1,1,0,0,1,0,0,0,0,1,1,1,1,1,0,0,1,0,1,0,0,1,1,1,0,1,0,0,0,0,0,1,0,0,1,0,0,0,0,0,0,0,1,0,1,1,0,1,0,0,0,0,1,1,0,1,0
0,1,0,1,0,1,0,0,0,0,0,0,0,0,0,1,1,1,1,0,0,1,0,0,0,0,1,0,0,0,1,0,0,0,1,0,0,0,1,1,0,1,0,1,0,0,0,1,0,0,0,1,1,1,1,0,0,1,1,0,0,0,1,0,0,0,0,0,0,1,0,0,0,0,0,1,0,0,0,0,0,0,0,1,0,0,0,0,1,0,0,0,0,0,0,0,1,1,0,1,0,0,0,0,0,0,0,0,0,0,0,1,1,1,0,1,1,1,1,0,0,0,1,0,0,0,0,1,1,0,0,0,0,0,0,1,0,0,1,0,0,0,0,1,0,0,1,1,0,0,0,0,1,1,0,0,0,0,0,0,1,0,0,1,1,1,0,0,1,0,0,0,0,1,1,1,1,1,0,0,1,0,1,0,0,1,1,1,0,1,0,0,0,0,0,0,1,0,1,0,0,0,0,0,0,0,0,0,1,0,0,1,0,0,0,1,1,0,0,1,0
0,1,0,1,0,1,0,0,0,0,0,0,0,0,0,1,1,1,1,0,0,1,0,0,0,0,1,0,0,0,1,0,0,0,1,0,0,0,1,1,0,1,0,1,0,0,0,1,0,0,0,1,1,1,1,0,0,1,1,0,0,0,1,0,0,0,0,0,0,1,0,0,0,0,0,1,0,0,0,0,0,0,0,1,0,0,0,0,1,0,0,0,0,0,0,0,1,1,0,1,0,0,0,0,0,0,0,0,0,0,0,1,1,1,0,1,1,1,1,0,0,0,1,0,0,0,0,1,1,0,0,0,0,0,0,1,0,0,1,0,0,0,0,1,0,0,1,1,0,0,0,0,1,1,0,0,0,0,0,0,1,0,0,1,1,1,0,0,1,0,0,0,0,1,1,1,1,1,0,0,1,0,1,0,0,1,1,1,0,1,0,0,0,0,0,0,0,0,1,0,0,0,0,0,0,0,0,0,1,0,0,1,0,1,0,0,1,0,0,1,0
0,1,0,1,0,1,0,0,0,1,0,0,0,0,0,1,1,1,1,0,0,1,0,0,0,0,1,0,0,0,1,0,1,0,1,0,0,0,1,1,1,1,0,1,0,0,1,1,0,0,0,1,1,1,1,0,0,1,1,0,0,0,1,0,0,0,0,0,0,1,0,0,0,0,0,1,0,0,0,0,0,0,0,1,0,0,0,0,1,0,0,0,0,0,0,0,1,1,1,1,1,0,0,0,0,0,0,0,0,0,0,1,1,1,0,1,1,1,1,1,0,0,1,0,0,0,0,1,1,0,0,0,0,0,0,1,0,1,1,0,0,0,1,1,0,0,1,1,0,0,0,0,1,1,0,0,0,0,0,0,1,0,0,1,1,1,0,0,1,0,0,0,0,1,1,1,1,1,0,0,1,0,1,0,0,1,1,1,0,1,0,0,0,0,0,0,0,0,1,0,0,0,0,0,0,0,0,0,1,0,0,1,0,0,0,0,1,0,0,1,0
0,1,0,1,0,1,0,0,0,1,0,0,0,0,0,1,1,1,1,0,0,1,0,0,0,0,1,0,0,0,1,0,1,0,1,0,0,0,1,1,1,1,0,1,0,0,1,1,0,0,0,1,1,1,1,0,0,1,1,0,0,0,1,0,0,0,0,0,0,1,0,0,0,0,0,1,0,0,0,0,0,0,0,1,0,0,0,0,1,0,0,0,0,0,0,0,1,1,1,1,1,0,0,0,0,0,0,0,0,0,0,1,1,1,0,1,1,1,1,1,0,0,1,0,0,0,0,1,1,0,0,0,0,0,0,1,0,1,1,0,0,0,1,1,0,0,1,1,0,0,0,0,1,1,0,0,0,0,0,0,1,0,0,1,1,1,0,0,1,0,0,0,0,1,1,1,1,1,0,0,1,0,1,0,0,1,1,1,0,1,0,0,0,0,0,0,0,0,1,0,0,0,0,0,0,0,0,0,1,0,0,1,0,0,0,0,1,0,0,1,0
0,1,0,1,0,1,0,0,0,0,0,0,0,0,0,1,1,1,1,0,0,1,0,0,0,0,1,0,0,0,1,0,0,0,1,0,0,0,1,1,0,1,0,1,0,0,0,1,0,0,0,1,1,1,1,0,0,1,1,0,0,0,1,0,0,0,0,0,0,1,0,0,0,0,0,1,0,0,0,0,0,0,0,1,0,0,0,0,1,0,0,0,0,0,0,0,1,1,0,1,0,0,0,0,0,0,0,0,0,0,0,1,1,1,0,1,1,1,1,0,0,0,1,0,0,0,0,1,1,0,0,0,0,0,0,1,0,0,1,0,0,0,0,1,0,0,1,1,0,0,0,0,1,1,0,0,0,0,0,0,1,0,0,1,1,1,0,0,1,0,0,0,0,1,1,1,1,1,0,0,1,0,1,0,0,1,1,1,0,1,0,0,0,0,0,0,0,0,1,0,0,0,0,0,0,0,0,0,1,0,0,1,0,0,0,0,1,0,0,1,0
0,0,0,1,0,1,1,0,0,0,0,0,0,0,0,0,0,1,1,0,0,0,0,0,0,0,0,0,0,0,1,0,0,1,0,0,0,1,1,1,0,1,0,1,0,0,0,1,1,0,0,1,1,0,0,0,0,1,1,0,0,0,1,1,1,0,0,0,1,0,0,1,0,0,0,0,0,0,0,0,0,0,0,0,0,1,0,0,0,0,1,0,0,0,0,0,0,1,0,0,0,0,0,0,0,1,0,0,0,0,0,1,1,1,0,0,0,1,0,0,0,0,1,1,0,0,0,1,1,0,0,0,0,0,0,0,1,0,0,1,0,0,0,0,0,1,1,1,0,0,0,0,0,1,0,0,0,0,0,1,0,0,0,0,1,1,0,0,1,0,1,1,1,1,1,1,0,0,0,0,0,1,0,0,0,0,1,0,0,1,0,1,0,0,0,1,0,1,1,0,0,1,1,0,0,0,1,0,1,1,1,0,0,0,0,0,1,1,1,0,0
0,0,0,1,0,1,1,0,0,0,0,0,0,0,0,0,0,1,1,0,0,0,0,0,0,0,0,0,0,0,1,0,0,1,0,0,0,1,1,1,0,1,0,1,0,0,0,1,1,0,0,1,1,0,0,0,0,1,1,0,0,0,1,1,1,0,0,0,1,0,0,1,0,0,0,0,0,0,0,0,0,0,0,0,0,1,0,0,0,0,1,0,0,0,0,0,0,1,0,0,0,0,0,0,0,1,0,0,0,0,0,1,1,1,0,0,0,1,0,0,0,0,1,1,0,0,0,1,1,0,0,0,0,0,0,0,1,0,0,1,0,0,0,0,0,1,1,1,0,0,0,0,0,1,0,0,0,0,0,1,0,0,0,0,1,1,0,0,1,0,1,1,1,1,1,1,0,0,0,0,0,1,0,0,0,0,1,0,0,1,0,0,0,0,0,1,0,1,1,0,0,0,0,0,0,0,1,1,1,1,0,0,0,0,1,0,1,1,0,0,0
0,0,0,1,0,1,1,0,0,0,0,0,0,0,0,0,0,1,1,0,0,0,0,0,0,0,0,0,0,0,1,0,0,1,0,0,0,1,1,1,0,1,0,1,0,0,0,1,1,0,0,1,1,0,0,0,0,1,1,0,0,0,1,1,1,0,0,0,1,0,0,1,0,0,0,0,0,0,0,0,0,0,0,0,0,1,0,0,0,0,1,0,0,0,0,0,0,1,0,0,0,0,0,0,0,1,0,0,0,0,0,1,1,1,0,0,0,1,0,0,0,0,1,1,0,0,0,1,1,0,0,0,0,0,0,0,1,0,0,1,0,0,0,0,0,1,1,1,0,0,0,0,0,1,0,0,0,0,0,1,0,0,0,0,1,1,0,0,1,0,1,1,1,1,1,1,0,0,0,0,0,1,0,0,0,0,1,0,0,1,0,1,0,0,0,1,0,1,1,0,0,1,1,0,0,0,1,1,1,1,0,0,0,0,1,0,1,1,0,0,0
0,0,0,1,0,1,1,0,1,0,0,0,0,0,0,0,0,1,1,0,0,0,0,0,0,0,0,0,0,0,1,0,0,1,0,0,0,1,1,1,0,1,0,1,0,0,0,1,1,0,0,1,0,0,0,0,0,1,1,0,0,0,0,0,1,0,0,0,1,0,0,0,0,0,0,0,0,0,0,0,0,0,0,0,0,0,0,0,0,0,1,0,0,0,0,0,0,1,0,0,0,0,0,0,0,1,0,0,0,0,0,1,1,1,0,0,0,1,0,0,0,0,0,1,0,0,0,1,1,0,0,0,0,0,0,0,1,0,0,1,0,0,0,0,0,1,1,1,0,0,0,0,0,1,0,0,0,0,0,1,0,0,0,0,0,1,0,0,1,0,1,0,0,1,0,1,0,0,0,0,0,1,0,0,0,0,1,0,0,1,0,1,0,0,0,1,0,1,1,0,0,0,1,0,0,0,1,0,1,1,1,0,0,0,0,0,1,1,1,0,0
0,0,0,1,0,1,1,0,1,0,0,0,0,0,0,0,0,1,1,0,0,0,0,0,0,0,0,0,0,0,1,0,0,1,0,0,0,1,1,1,0,1,0,1,0,0,0,1,1,0,0,1,0,0,0,0,0,1,1,0,0,0,0,0,1,0,0,0,1,0,0,0,0,0,0,0,0,0,0,0,0,0,0,0,0,0,0,0,0,0,1,0,0,0,0,0,0,1,0,0,0,0,0,0,0,1,0,0,0,0,0,1,1,1,0,0,0,1,0,0,0,0,0,1,0,0,0,1,1,0,0,0,0,0,0,0,1,0,0,1,0,0,0,0,0,1,1,1,0,0,0,0,0,1,0,0,0,0,0,1,0,0,0,0,0,1,0,0,1,0,1,0,0,1,0,1,0,0,0,0,0,1,0,0,0,0,1,0,0,1,0,0,0,0,0,1,0,1,1,0,0,0,0,0,0,0,1,1,1,1,0,0,0,0,1,0,1,1,0,0,0
0,0,0,1,0,1,1,0,1,0,0,0,0,0,0,0,0,1,1,0,0,0,0,0,0,0,0,0,0,0,1,0,0,1,0,0,0,1,1,1,0,1,0,1,0,0,0,1,1,0,0,1,0,0,0,0,0,1,1,0,0,0,0,0,1,0,0,0,1,0,0,0,0,0,0,0,0,0,0,0,0,0,0,0,0,0,0,0,0,0,1,0,0,0,0,0,0,1,0,0,0,0,0,0,0,1,0,0,0,0,0,1,1,1,0,0,0,1,0,0,0,0,0,1,0,0,0,1,1,0,0,0,0,0,0,0,1,0,0,1,0,0,0,0,0,1,1,1,0,0,0,0,0,1,0,0,0,0,0,1,0,0,0,0,0,1,0,0,1,0,1,0,0,1,0,1,0,0,0,0,0,1,0,0,0,0,1,0,0,1,0,1,0,0,0,1,0,1,1,0,0,0,1,0,0,0,1,1,1,1,0,0,0,0,1,0,1,1,0,0,0
0,0,0,1,0,1,1,0,0,0,0,0,0,0,0,0,0,1,1,0,0,0,0,0,0,0,0,0,0,0,1,0,0,1,1,0,0,1,1,1,0,1,0,1,0,0,0,1,0,0,0,1,1,0,0,0,0,1,1,0,0,0,1,1,1,0,0,0,0,1,0,1,0,0,0,0,0,0,0,0,0,0,0,0,0,1,0,0,0,0,0,0,0,0,0,0,0,1,0,0,0,0,0,0,0,1,0,0,0,0,0,1,1,1,0,0,0,1,0,0,0,0,1,0,0,0,0,1,1,0,0,0,0,0,0,0,0,0,0,0,0,0,0,0,0,0,1,1,0,0,0,0,1,1,0,0,0,0,0,0,0,0,0,0,1,1,0,0,1,0,1,1,1,1,1,1,0,0,0,0,0,0,1,0,0,0,1,0,0,1,0,1,0,0,0,1,0,1,1,0,0,1,1,0,0,0,1,0,1,1,1,0,0,0,0,0,1,1,1,0,0
0,0,0,1,0,1,1,0,0,0,0,0,0,0,0,0,0,1,1,0,0,0,0,0,0,0,0,0,0,0,1,0,0,1,1,0,0,1,1,1,0,1,0,1,0,0,0,1,0,0,0,1,1,0,0,0,0,1,1,0,0,0,1,1,1,0,0,0,0,1,0,1,0,0,0,0,0,0,0,0,0,0,0,0,0,1,0,0,0,0,0,0,0,0,0,0,0,1,0,0,0,0,0,0,0,1,0,0,0,0,0,1,1,1,0,0,0,1,0,0,0,0,1,0,0,0,0,1,1,0,0,0,0,0,0,0,0,0,0,0,0,0,0,0,0,0,1,1,0,0,0,0,1,1,0,0,0,0,0,0,0,0,0,0,1,1,0,0,1,0,1,1,1,1,1,1,0,0,0,0,0,0,1,0,0,0,1,0,0,1,0,0,0,0,0,1,0,1,1,0,0,0,0,0,0,0,1,1,1,1,0,0,0,0,1,0,1,1,0,0,0
0,0,0,1,0,1,1,0,0,0,0,0,0,0,0,0,0,1,1,0,0,0,0,0,0,0,0,0,0,0,1,0,0,1,1,0,0,1,1,1,0,1,0,1,0,0,0,1,0,0,0,1,1,0,0,0,0,1,1,0,0,0,1,1,1,0,0,0,0,1,0,1,0,0,0,0,0,0,0,0,0,0,0,0,0,1,0,0,0,0,0,0,0,0,0,0,0,1,0,0,0,0,0,0,0,1,0,0,0,0,0,1,1,1,0,0,0,1,0,0,0,0,1,0,0,0,0,1,1,0,0,0,0,0,0,0,0,0,0,0,0,0,0,0,0,0,1,1,0,0,0,0,1,1,0,0,0,0,0,0,0,0,0,0,1,1,0,0,1,0,1,1,1,1,1,1,0,0,0,0,0,0,1,0,0,0,1,0,0,1,0,1,0,0,0,1,0,1,1,0,0,1,1,0,0,0,1,1,1,1,0,0,0,0,1,0,1,1,0,0,0
0,0,0,1,0,1,1,0,1,0,0,0,0,0,0,0,0,1,1,0,0,0,0,0,0,0,0,0,0,0,1,0,0,1,1,0,0,1,1,1,0,1,0,1,0,0,0,1,0,0,0,1,0,0,0,0,0,1,1,0,0,0,0,0,1,0,0,0,0,1,0,0,0,0,0,0,0,0,0,0,0,0,0,0,0,0,0,0,0,0,0,0,0,0,0,0,0,1,0,0,0,0,0,0,0,1,0,0,0,0,0,1,1,1,0,0,0,1,0,0,0,0,0,0,0,0,0,1,1,0,0,0,0,0,0,0,0,0,0,0,0,0,0,0,0,0,1,1,0,0,0,0,1,1,0,0,0,0,0,0,0,0,0,0,0,1,0,0,1,0,1,0,0,1,0,1,0,0,0,0,0,0,1,0,0,0,1,0,0,1,0,1,0,0,0,1,0,1,1,0,0,0,1,0,0,0,1,0,1,1,1,0,0,0,0,0,1,1,1,0,0
0,0,0,1,0,1,1,0,1,0,0,0,0,0,0,0,0,1,1,0,0,0,0,0,0,0,0,0,0,0,1,0,0,1,1,0,0,1,1,1,0,1,0,1,0,0,0,1,0,0,0,1,0,0,0,0,0,1,1,0,0,0,0,0,1,0,0,0,0,1,0,0,0,0,0,0,0,0,0,0,0,0,0,0,0,0,0,0,0,0,0,0,0,0,0,0,0,1,0,0,0,0,0,0,0,1,0,0,0,0,0,1,1,1,0,0,0,1,0,0,0,0,0,0,0,0,0,1,1,0,0,0,0,0,0,0,0,0,0,0,0,0,0,0,0,0,1,1,0,0,0,0,1,1,0,0,0,0,0,0,0,0,0,0,0,1,0,0,1,0,1,0,0,1,0,1,0,0,0,0,0,0,1,0,0,0,1,0,0,1,0,0,0,0,0,1,0,1,1,0,0,0,0,0,0,0,1,1,1,1,0,0,0,0,1,0,1,1,0,0,0
0,0,0,1,0,1,1,0,1,0,0,0,0,0,0,0,0,1,1,0,0,0,0,0,0,0,0,0,0,0,1,0,0,1,1,0,0,1,1,1,0,1,0,1,0,0,0,1,0,0,0,1,0,0,0,0,0,1,1,0,0,0,0,0,1,0,0,0,0,1,0,0,0,0,0,0,0,0,0,0,0,0,0,0,0,0,0,0,0,0,0,0,0,0,0,0,0,1,0,0,0,0,0,0,0,1,0,0,0,0,0,1,1,1,0,0,0,1,0,0,0,0,0,0,0,0,0,1,1,0,0,0,0,0,0,0,0,0,0,0,0,0,0,0,0,0,1,1,0,0,0,0,1,1,0,0,0,0,0,0,0,0,0,0,0,1,0,0,1,0,1,0,0,1,0,1,0,0,0,0,0,0,1,0,0,0,1,0,0,1,0,1,0,0,0,1,0,1,1,0,0,0,1,0,0,0,1,1,1,1,0,0,0,0,1,0,1,1,0,0,0
0,1,0,0,0,1,1,1,0,0,0,0,0,0,0,0,1,1,1,0,0,1,0,0,0,1,1,0,1,0,1,0,0,0,1,0,0,0,0,1,0,0,1,1,0,0,0,0,1,0,0,1,0,0,0,0,0,1,1,0,0,0,0,0,0,0,0,0,1,1,0,1,0,1,0,0,0,0,0,0,1,0,0,0,0,0,0,0,0,0,1,0,0,0,0,1,0,1,0,0,0,0,0,0,0,0,0,1,0,0,0,0,1,1,0,0,0,1,0,0,1,0,0,1,0,0,0,1,1,1,0,0,1,0,1,0,1,0,0,1,0,1,0,0,0,1,1,0,0,0,1,0,1,1,1,0,0,1,1,1,0,0,1,0,0,1,0,1,1,1,0,0,0,1,0,1,0,0,0,0,0,1,1,1,1,0,1,0,1,1,1,0,1,1,0,1,1,1,1,1,1,0,0,1,1,0,1,1,0,0,1,0,0,0,1,1,0,0,1,0,0
1,1,0,0,0,1,1,1,0,0,0,0,0,0,0,0,1,1,1,0,0,1,0,0,0,0,1,0,0,0,1,0,0,0,1,0,1,0,0,1,0,0,1,1,0,0,0,0,1,0,0,1,0,0,0,0,0,1,1,0,0,0,0,0,0,0,0,0,1,1,0,0,0,0,0,0,0,0,0,0,0,0,0,0,0,0,0,0,0,0,1,0,0,0,0,0,0,1,0,0,0,0,0,0,0,0,0,0,0,0,0,0,1,1,0,0,0,1,0,0,0,0,0,1,0,0,0,1,1,1,0,0,0,0,0,0,1,0,0,1,0,0,0,0,0,1,1,0,0,0,1,0,1,1,1,0,0,0,0,1,0,0,1,0,0,1,0,1,1,0,0,0,0,1,0,1,0,0,0,0,0,1,1,0,0,0,1,0,0,1,1,0,0,0,0,1,1,1,1,1,1,0,0,0,0,0,1,1,0,0,1,0,0,0,1,1,0,0,1,0,0
1,1,0,0,0,1,1,0,0,0,1,1,0,0,0,1,1,1,1,0,0,1,0,0,0,0,0,0,0,0,1,0,0,0,0,0,1,0,0,1,0,1,0,1,0,0,0,1,1,0,0,1,0,0,0,0,0,1,1,0,0,0,1,0,0,0,0,0,1,0,0,1,0,1,0,0,0,0,0,0,1,0,0,0,0,0,0,0,0,0,1,0,0,0,0,1,0,1,0,0,0,0,0,0,0,0,0,1,0,0,0,1,1,1,1,0,0,1,0,0,1,0,0,1,0,1,0,1,1,0,0,0,1,0,0,0,1,0,0,1,0,1,0,0,0,1,1,0,0,0,0,0,0,1,0,0,0,1,0,1,0,1,0,0,0,1,0,0,1,0,0,0,0,1,0,1,1,0,0,1,0,1,0,1,1,0,1,0,1,1,0,0,1,1,0,1,1,1,1,0,0,0,0,1,1,0,1,1,1,1,0,0,1,0,1,0,1,1,0,0,1
0,1,0,0,0,1,1,0,0,0,1,1,0,0,0,1,1,1,1,0,0,1,0,0,0,0,1,0,0,0,1,0,0,0,1,0,1,0,0,1,0,1,0,1,0,0,0,1,1,0,0,1,0,0,0,0,0,1,1,0,0,0,1,0,0,0,0,0,1,1,0,1,0,1,0,0,0,0,0,0,1,0,0,0,0,0,0,0,1,0,1,0,0,0,0,1,0,1,0,0,0,0,0,0,0,0,0,1,0,0,0,1,1,1,1,0,0,1,1,0,1,0,0,1,0,1,0,1,1,0,0,0,1,0,0,0,1,0,0,1,0,1,0,0,0,1,1,1,0,0,0,0,1,1,0,0,0,1,0,1,1,1,0,1,0,1,0,0,1,0,0,0,0,1,0,1,1,0,0,1,0,1,1,1,1,0,1,0,1,1,0,0,1,1,0,1,0,1,1,0,0,0,0,1,1,0,1,1,1,1,0,0,1,0,1,0,1,1,0,0,1
0,1,0,0,0,1,1,0,0,0,1,1,0,0,0,1,1,1,1,0,0,1,0,0,0,0,1,0,0,0,1,0,0,0,1,0,1,0,0,1,0,1,0,1,0,0,0,1,1,0,0,1,0,0,0,0,0,1,1,0,0,0,1,0,0,0,0,0,1,1,0,1,0,1,0,0,0,0,0,0,1,0,0,0,0,0,0,0,1,0,1,0,0,0,0,1,0,1,0,0,0,0,0,0,0,0,0,1,0,0,0,1,1,1,1,0,0,1,1,0,1,0,0,1,0,1,0,1,1,0,0,0,1,0,0,0,1,0,0,1,0,1,0,0,0,1,1,1,0,0,0,0,1,1,0,0,0,1,0,1,1,1,0,1,0,1,0,0,1,0,0,0,0,1,0,1,1,0,0,1,0,1,1,1,1,0,1,0,1,1,0,0,1,1,0,1,0,1,1,0,0,0,0,1,1,0,1,1,1,1,0,0,1,0,1,0,1,1,0,0,1
0,1,0,0,0,1,1,0,0,0,1,1,0,0,0,1,1,1,1,0,0,1,0,0,0,0,1,0,0,0,1,0,0,0,1,0,1,0,0,1,0,1,0,1,0,0,0,1,0,0,0,0,0,0,0,0,0,1,1,0,0,0,1,0,0,0,0,0,0,1,0,1,0,1,0,0,0,0,0,0,1,0,0,0,0,0,0,0,1,0,0,0,0,0,0,1,0,1,0,0,0,0,0,0,0,0,0,1,0,0,0,1,1,1,0,0,0,1,1,0,1,0,0,0,0,0,0,1,1,0,0,0,1,0,0,0,0,0,0,0,0,1,0,0,0,0,1,1,0,0,0,0,1,1,0,0,0,1,0,0,1,0,0,1,0,1,0,0,1,0,0,0,0,1,0,1,1,0,0,0,0,0,1,1,1,0,1,0,1,1,0,0,1,0,0,1,0,1,1,0,0,0,0,1,0,0,1,1,1,1,0,0,0,0,1,0,1,1,0,0,0
0,1,0,0,0,1,1,0,0,0,1,1,0,0,0,1,1,1,1,0,0,1,0,0,0,0,1,0,0,0,1,0,0,0,1,0,1,0,0,1,0,1,0,1,0,0,0,1,0,0,0,0,0,0,0,0,0,1,1,0,0,0,1,0,0,0,0,0,0,1,0,1,0,1,0,0,0,0,0,0,1,0,0,0,0,0,0,0,1,0,0,0,0,0,0,1,0,1,0,0,0,0,0,0,0,0,0,1,0,0,0,1,1,1,0,0,0,1,1,0,1,0,0,0,0,0,0,1,1,0,0,0,1,0,1,0,0,0,0,0,0,1,0,0,0,0,1,1,0,0,0,0,1,1,0,0,0,1,1,0,1,0,0,1,0,1,0,0,1,1,0,0,0,1,0,1,1,0,0,0,0,0,1,1,1,0,1,0,1,1,0,0,1,0,0,1,0,1,1,0,0,0,0,1,0,0,1,0,1,1,1,0,0,0,0,0,1,1,1,0,0
0,1,0,0,0,1,1,0,0,0,1,1,0,0,0,1,1,1,1,0,0,1,0,0,0,0,1,0,0,0,1,0,0,0,1,0,1,0,0,1,0,1,0,1,0,0,0,1,0,0,0,0,0,0,0,0,0,1,1,0,0,0,1,0,0,0,0,0,0,1,0,1,0,1,0,0,0,0,0,0,1,0,0,0,0,0,0,0,1,0,0,0,0,0,0,1,0,1,0,0,0,0,0,0,0,0,0,1,0,0,0,1,1,1,0,0,0,1,1,0,1,0,0,0,0,0,0,1,1,0,0,0,1,0,0,0,0,0,0,0,0,1,0,0,0,0,1,1,0,0,0,0,1,1,0,0,0,1,0,0,1,0,0,1,0,1,0,0,1,0,0,0,0,1,0,1,1,0,0,0,0,0,1,1,1,0,1,0,1,1,0,0,1,1,0,1,0,1,1,0,0,0,0,1,1,0,1,1,1,1,0,0,0,0,1,0,1,1,0,0,0
0,1,0,0,0,1,1,0,0,0,1,1,0,0,0,1,1,1,1,0,0,1,0,0,0,0,1,0,0,0,1,0,0,0,0,0,1,0,0,1,0,1,0,1,0,0,0,1,1,0,0,1,0,0,0,0,0,1,1,0,0,0,1,0,0,0,0,0,1,0,0,1,0,1,0,0,0,0,0,0,1,0,0,0,0,0,0,0,1,0,1,0,0,0,0,1,0,1,0,0,0,0,0,0,0,0,0,1,0,0,0,1,1,1,1,0,0,1,1,0,1,0,0,1,0,1,0,1,1,0,0,0,1,0,0,0,1,0,0,1,0,1,0,0,0,1,1,1,0,0,0,0,0,1,0,0,0,1,0,1,1,1,0,1,0,1,0,0,1,0,0,0,0,1,0,1,1,0,0,1,0,1,0,1,1,0,1,0,1,1,0,0,1,1,0,1,0,1,1,0,0,0,0,1,1,0,1,1,1,1,0,0,1,0,1,0,1,1,0,0,1
0,1,0,0,0,1,1,0,0,0,1,1,0,0,0,1,1,1,1,0,0,1,0,0,0,0,1,0,0,0,1,0,0,0,0,0,1,0,0,1,0,1,0,1,0,0,0,1,1,0,0,1,0,0,0,0,0,1,1,0,0,0,1,0,0,0,0,0,1,0,0,1,0,1,0,0,0,0,0,0,1,0,0,0,0,0,0,0,1,0,1,0,0,0,0,1,0,1,0,0,0,0,0,0,0,0,0,1,0,0,0,1,1,1,0,0,0,1,1,0,1,0,0,1,0,0,0,1,1,0,0,0,1,0,0,0,1,0,0,1,0,1,0,0,0,1,1,1,0,0,0,0,0,1,0,0,0,1,0,1,1,0,0,1,0,1,0,0,1,0,0,0,0,1,0,1,1,0,0,0,0,1,0,1,1,0,1,0,1,1,0,0,1,0,0,1,0,1,1,0,0,0,0,1,0,0,1,1,1,1,0,0,0,0,1,0,1,1,0,0,0
0,1,0,0,0,1,1,0,0,0,1,1,0,0,0,1,1,1,1,0,0,1,0,0,0,0,1,0,0,0,1,0,0,0,0,0,1,0,0,1,0,1,0,1,0,0,0,1,1,0,0,1,0,0,0,0,0,1,1,0,0,0,1,0,0,0,0,0,1,0,0,1,0,1,0,0,0,0,0,0,1,0,0,0,0,0,0,0,1,0,1,0,0,0,0,1,0,1,0,0,0,0,0,0,0,0,0,1,0,0,0,1,1,1,0,0,0,1,1,0,1,0,0,1,0,0,0,1,1,0,0,0,1,0,1,0,1,0,0,1,0,1,0,0,0,1,1,1,0,0,0,0,0,1,0,0,0,1,1,1,1,0,0,1,0,1,0,0,1,1,0,0,0,1,0,1,1,0,0,0,0,1,0,1,1,0,1,0,1,1,0,0,1,0,0,1,0,1,1,0,0,0,0,1,0,0,1,0,1,1,1,0,0,0,0,0,1,1,1,0,0
0,1,0,0,0,1,1,0,0,0,1,1,0,0,0,1,1,1,1,0,0,1,0,0,0,0,1,0,0,0,1,0,0,0,0,0,1,0,0,1,0,1,0,1,0,0,0,1,1,0,0,1,0,0,0,0,0,1,1,0,0,0,1,0,0,0,0,0,1,0,0,1,0,1,0,0,0,0,0,0,1,0,0,0,0,0,0,0,1,0,1,0,0,0,0,1,0,1,0,0,0,0,0,0,0,0,0,1,0,0,0,1,1,1,0,0,0,1,1,0,1,0,0,1,0,0,0,1,1,0,0,0,1,0,0,0,1,0,0,1,0,1,0,0,0,1,1,1,0,0,0,0,0,1,0,0,0,1,0,1,1,0,0,1,0,1,0,0,1,0,0,0,0,1,0,1,1,0,0,0,0,1,0,1,1,0,1,0,1,1,0,0,1,1,0,1,0,1,1,0,0,0,0,1,1,0,1,1,1,1,0,0,0,0,1,0,1,1,0,0,0
0,1,0,0,0,1,1,0,0,0,1,1,0,1,1,1,1,1,1,0,0,1,0,0,0,0,1,0,0,0,1,0,0,0,0,0,1,0,0,1,0,1,0,1,0,0,0,1,1,0,0,0,0,0,0,0,1,1,1,0,0,0,1,0,0,0,0,0,1,0,0,1,0,1,0,0,0,0,0,0,1,0,0,0,0,0,0,0,1,0,1,0,0,0,0,1,0,1,0,0,0,0,0,0,0,0,0,1,0,0,0,1,1,1,1,0,0,1,1,0,1,0,0,1,0,1,0,1,1,0,0,0,1,0,0,0,1,0,0,1,0,1,0,0,0,1,1,1,0,0,0,0,0,1,0,0,0,1,0,1,1,1,0,1,0,1,0,0,1,0,0,0,0,1,0,1,1,0,0,1,0,1,0,1,1,0,1,0,1,1,0,0,1,1,0,1,0,1,1,0,0,0,0,1,1,0,1,1,1,1,0,0,1,0,1,0,1,1,0,0,1
0,1,0,0,0,1,1,0,0,0,1,1,0,0,0,1,1,1,1,0,0,1,0,0,0,0,1,0,0,0,1,0,0,0,0,0,1,0,0,1,0,1,0,1,0,0,0,1,1,0,0,1,0,0,0,0,0,1,1,0,0,0,1,0,0,0,0,0,1,0,0,1,0,1,0,0,0,0,0,0,1,0,0,0,0,0,0,0,1,0,1,0,0,0,0,1,0,1,0,0,0,0,0,0,0,0,0,1,0,0,0,1,1,1,0,0,0,1,1,0,1,0,0,1,0,0,0,1,1,0,0,0,1,0,0,0,1,0,0,1,0,1,0,0,0,1,1,1,0,0,0,0,0,1,0,0,0,1,0,1,1,0,0,1,0,1,0,0,1,0,0,0,0,1,0,1,1,0,0,0,0,1,0,1,1,0,1,1,1,1,0,0,1,1,0,1,0,1,1,0,0,0,0,1,1,0,1,1,1,1,0,0,0,0,1,0,1,1,0,0,0
0,1,0,0,0,1,1,0,0,0,1,1,0,0,0,1,1,1,1,0,0,1,0,0,0,0,1,0,0,0,1,0,0,0,0,0,1,0,0,1,0,1,0,1,0,0,0,1,1,0,0,1,0,0,0,0,0,1,1,0,0,0,1,0,0,0,0,0,1,0,0,1,0,1,0,0,0,0,0,0,1,0,0,0,0,0,0,0,1,0,1,0,0,0,0,1,0,1,0,0,0,0,0,0,0,0,0,1,0,0,0,1,1,1,0,0,0,1,1,0,1,0,0,1,0,0,0,1,1,0,0,0,1,0,1,0,1,0,0,1,0,1,0,0,0,1,1,1,0,0,0,0,0,1,0,0,0,1,1,1,1,0,0,1,0,1,0,0,1,1,0,0,0,1,0,1,1,0,0,0,0,1,0,1,1,0,1,1,1,1,0,0,1,0,0,1,0,1,1,0,0,0,0,1,0,0,1,0,1,1,1,0,0,0,0,0,1,1,1,0,0
0,1,0,0,0,1,1,0,0,0,1,1,0,0,0,1,1,1,1,0,0,1,0,0,0,0,1,0,0,0,1,0,0,0,0,0,1,0,0,1,0,1,0,1,0,0,0,1,1,0,0,1,0,0,0,0,0,1,1,0,0,0,1,0,0,0,0,0,1,0,0,1,0,1,0,0,0,0,0,0,1,0,0,0,0,0,0,0,1,0,1,0,0,0,0,1,0,1,0,0,0,0,0,0,0,0,0,1,0,0,0,1,1,1,0,0,0,1,1,0,1,0,0,1,0,0,0,1,1,0,0,0,1,0,0,0,1,0,0,1,0,1,0,0,0,1,1,1,0,0,0,0,0,1,0,0,0,1,0,1,1,0,0,1,0,1,0,0,1,0,0,0,0,1,0,1,1,0,0,0,0,1,0,1,1,0,1,1,1,1,0,0,1,0,0,1,0,1,1,0,0,0,0,1,0,0,1,1,1,1,0,0,0,0,1,0,1,1,0,0,0
0,1,0,0,0,1,1,1,0,0,1,1,0,1,1,1,1,1,1,0,0,1,0,0,0,0,1,0,0,0,1,0,0,0,0,0,1,0,0,1,0,1,0,1,0,0,0,1,1,0,0,1,0,0,0,0,1,1,1,0,0,0,1,0,0,0,0,0,1,0,0,1,0,1,0,0,0,0,0,0,1,0,0,0,0,0,0,0,1,0,1,0,0,0,0,1,0,1,0,0,0,0,0,0,0,0,0,1,0,0,0,1,1,1,1,0,0,1,1,0,1,0,0,1,0,1,0,1,1,0,0,0,1,0,0,0,1,0,0,1,0,1,0,0,0,1,1,1,0,0,0,0,0,1,0,0,0,1,0,1,1,1,0,1,0,1,0,0,1,0,0,0,0,1,0,1,1,0,0,1,0,1,0,1,1,0,1,1,1,1,0,1,1,0,0,1,0,1,1,0,0,1,0,1,0,0,1,1,1,1,0,0,1,0,1,0,1,1,0,0,1
0,1,0,0,0,1,1,1,0,0,1,1,0,1,1,1,1,1,1,0,0,1,0,0,0,0,1,0,0,0,1,0,0,0,0,0,1,0,0,1,0,1,0,1,0,0,0,1,1,0,0,1,0,0,0,0,1,1,1,0,0,0,1,0,0,0,0,0,1,0,0,1,0,1,0,0,0,0,0,0,1,0,0,0,0,0,0,0,1,0,1,0,0,0,0,1,0,1,0,0,0,0,0,0,0,0,0,1,0,0,0,1,1,1,1,0,0,1,1,0,1,0,0,1,0,1,0,1,1,0,0,0,1,0,1,0,1,0,0,1,0,1,0,0,0,1,1,1,0,0,0,0,0,1,0,0,0,1,1,1,1,1,0,1,0,1,0,0,1,1,0,0,0,1,0,1,1,0,0,1,0,1,0,1,1,0,1,1,1,1,0,1,1,0,0,1,0,1,1,0,0,1,0,1,0,0,1,1,1,1,1,0,1,0,1,0,1,1,1,0,1
1,1,1,0,0,1,1,1,0,0,0,0,0,0,0,0,0,1,1,0,0,1,1,1,0,0,1,0,1,1,1,0,0,0,1,0,1,0,0,1,0,0,0,1,0,0,0,0,0,0,0,0,0,0,0,0,0,1,1,0,0,0,0,0,0,0,0,0,0,1,0,1,0,1,0,0,0,0,0,0,1,0,0,0,0,0,0,0,0,0,0,0,0,0,0,1,0,1,0,0,0,0,0,0,0,0,0,1,0,0,0,0,1,1,1,0,0,1,0,0,1,0,0,0,0,1,0,1,1,1,0,0,1,0,1,0,0,0,0,0,0,1,0,0,0,0,1,0,0,0,0,0,1,1,0,0,0,1,1,0,0,0,0,0,0,1,0,1,1,1,0,0,0,1,0,1,0,0,0,0,0,0,1,1,0,0,1,0,1,1,1,0,1,0,0,1,1,1,1,0,1,0,0,1,0,0,1,1,1,0,1,0,1,0,1,1,1,0,1,0,1
1,1,1,0,0,1,1,1,0,0,0,0,0,0,0,0,0,1,1,0,0,1,1,1,0,0,1,0,1,1,1,0,0,0,1,0,1,0,0,1,0,0,0,1,0,0,0,0,0,0,0,0,0,0,0,0,0,1,1,0,0,0,0,0,0,0,0,0,0,1,0,1,0,1,0,0,0,0,0,0,1,0,0,0,0,0,0,0,0,0,0,0,0,0,0,1,0,1,0,0,0,0,0,0,0,0,0,1,0,0,0,0,1,1,1,0,0,1,0,0,1,0,0,0,0,1,0,1,1,1,0,0,1,0,1,0,0,0,0,0,0,1,0,0,0,0,1,0,0,0,0,0,1,1,0,0,0,1,1,0,0,0,0,0,0,1,0,1,1,1,0,0,0,1,0,1,0,0,0,0,0,0,1,1,0,0,1,0,1,1,1,0,1,0,0,1,1,1,1,0,1,0,0,1,0,0,1,1,1,0,1,0,1,0,1,1,1,0,1,0,1
0,1,0,0,0,1,1,1,0,0,0,0,0,0,0,0,0,1,1,0,0,0,0,0,0,0,1,0,0,0,1,0,0,0,1,0,0,0,0,1,0,0,0,1,0,0,0,0,0,0,0,0,0,0,0,0,0,1,1,0,0,0,0,0,0,0,0,0,0,1,0,1,0,1,0,0,0,0,0,0,1,0,0,0,0,0,0,0,0,0,0,0,0,0,0,1,0,1,0,0,0,0,0,0,0,0,0,1,0,0,0,0,1,1,1,0,0,1,0,0,1,0,0,0,0,1,0,1,1,1,0,0,1,0,1,0,0,0,0,0,0,1,0,0,0,0,1,0,0,0,0,0,1,1,0,0,0,1,1,0,0,0,0,0,0,1,0,1,1,1,0,0,0,1,0,1,0,0,0,0,0,0,1,1,0,0,1,0,1,1,1,0,1,0,0,1,1,1,1,0,1,0,0,1,0,0,0,1,1,0,1,0,1,0,1,0,1,0,1,0,1
0,1,0,0,0,1,1,1,0,0,0,0,0,0,0,0,0,1,1,0,0,0,0,0,0,0,1,0,0,0,1,0,0,0,1,0,0,0,0,1,0,0,0,1,0,0,0,0,0,0,0,0,0,0,0,0,0,1,1,0,0,0,0,0,0,0,0,0,0,1,0,1,0,1,0,0,0,0,0,0,1,0,0,0,0,0,0,0,0,0,0,0,0,0,0,1,0,1,0,0,0,0,0,0,0,0,0,1,0,0,0,0,1,1,0,0,0,1,0,0,1,0,0,0,0,0,0,1,1,1,0,0,1,0,1,0,0,0,0,0,0,1,0,0,0,0,1,0,0,0,0,0,1,1,0,0,0,1,1,0,0,0,0,0,0,1,0,1,1,1,0,0,0,1,0,1,0,0,0,0,0,0,1,1,0,0,1,0,1,1,1,0,1,0,0,1,1,1,0,0,1,0,0,1,0,0,0,1,0,0,1,0,0,0,1,0,0,0,1,0,0
0,1,0,0,0,1,1,0,0,0,0,0,0,0,0,0,0,1,1,0,0,0,0,0,0,0,1,0,0,0,1,0,0,0,1,0,0,0,0,1,0,0,0,1,0,0,0,0,0,0,0,0,0,0,0,0,0,1,1,0,0,0,0,0,0,0,0,0,0,1,0,1,0,1,0,0,0,0,0,0,1,0,0,0,0,0,0,0,0,0,0,0,0,0,0,1,0,1,0,0,0,0,0,0,0,0,0,1,0,0,0,0,1,1,0,0,0,1,0,0,1,0,0,0,0,0,0,1,1,1,0,0,1,0,1,0,0,0,0,0,0,1,0,0,0,0,1,0,0,0,0,0,1,1,0,0,0,1,1,0,0,0,0,0,0,1,0,1,1,1,0,0,0,1,0,1,0,0,0,0,0,0,1,1,0,0,1,0,1,1,1,0,1,0,0,1,1,1,0,0,1,0,0,1,0,0,0,0,0,0,1,0,0,0,0,0,0,0,1,0,0
0,1,0,0,0,1,1,1,0,0,0,0,0,0,0,0,0,1,1,0,0,0,0,0,0,0,1,0,0,0,1,0,0,0,1,0,0,0,0,1,0,0,0,1,0,0,0,0,0,0,0,0,0,0,0,0,0,1,1,0,0,0,0,0,0,0,0,0,0,1,0,1,0,1,0,0,0,0,0,0,1,0,0,0,0,0,0,0,0,0,0,0,0,0,0,1,0,1,0,0,0,0,0,0,0,0,0,1,0,0,0,0,1,1,0,0,0,1,0,0,1,0,0,0,0,0,0,1,1,1,0,0,1,0,1,0,0,0,0,0,0,1,0,0,0,0,1,0,0,0,0,0,1,1,0,0,0,1,1,0,0,0,0,0,0,1,0,1,1,1,0,0,0,1,0,1,0,0,0,0,0,0,1,1,0,0,1,0,1,1,1,0,1,1,0,1,1,1,0,0,1,0,0,1,1,0,0,1,0,0,1,0,0,0,1,0,0,0,1,0,0
0,1,0,1,1,1,1,0,0,0,1,0,1,1,1,0,0,0,0,0,0,0,0,0,0,1,1,0,0,0,1,0,0,1,0,0,0,0,1,0,0,1,0,1,1,1,0,1,0,0,0,1,0,1,1,0,0,0,0,0,0,1,1,1,1,1,0,1,0,0,1,1,1,0,0,1,0,1,0,1,1,0,0,1,0,1,0,1,1,1,0,1,0,0,0,1,1,0,0,1,0,1,0,0,1,1,1,1,0,1,1,1,0,0,0,1,1,0,1,0,1,1,0,0,0,0,1,0,0,0,0,1,1,1,0,1,0,0,1,0,0,1,0,1,0,0,0,1,1,0,0,0,0,0,0,0,0,1,0,0,1,0,0,1,0,0,0,0,0,0,1,1,1,0,0,0,1,1,0,0,1,0,0,1,1,0,0,0,1,0,0,0,1,0,0,1,0,0,0,0,0,0,0,1,0,0,1,0,0,0,0,1,0,0,0,0,0,0,0,1,0
0,1,0,1,1,1,1,0,1,0,1,0,1,1,0,1,1,1,1,0,0,1,0,0,0,1,1,1,1,1,0,1,0,1,0,0,0,0,1,0,0,1,0,0,1,1,0,1,0,1,1,1,1,1,1,1,0,0,0,1,1,1,1,1,1,1,0,1,0,0,1,0,1,0,1,1,1,0,0,1,0,1,1,1,1,0,0,1,1,1,0,1,1,1,1,0,1,0,0,1,0,1,1,1,1,0,1,0,0,1,1,1,0,0,0,1,1,0,1,0,0,1,1,0,0,0,0,0,0,0,1,1,0,0,0,1,0,0,1,0,1,0,0,1,1,0,0,1,0,0,0,0,0,0,0,1,0,0,0,0,1,0,0,1,1,0,0,0,0,0,1,0,0,0,1,0,1,1,0,0,1,0,0,0,0,1,0,0,0,0,0,0,0,0,0,1,0,0,0,0,0,0,0,0,0,0,0,0,0,0,0,1,0,0,0,0,0,0,0,1,0
0,1,0,1,0,1,1,0,0,0,0,0,0,0,0,1,1,1,1,0,0,1,0,0,0,0,1,0,0,0,1,0,0,1,1,0,1,0,0,1,0,1,0,1,0,0,0,1,1,0,0,1,0,0,0,0,0,1,1,0,0,0,1,1,1,0,0,0,1,1,0,1,0,0,0,0,0,1,0,0,1,0,0,0,0,1,0,0,1,0,1,0,0,0,0,0,0,1,0,0,0,0,0,0,0,1,0,0,0,0,0,1,1,1,1,0,0,1,1,0,1,0,0,1,0,1,0,1,1,0,0,0,0,0,0,0,1,0,0,1,0,0,0,0,0,1,1,1,0,0,0,0,1,1,0,0,0,0,0,1,1,1,0,1,0,1,0,0,1,0,1,1,1,1,0,1,1,0,0,1,0,1,1,1,1,0,1,0,0,1,0,0,0,0,0,0,0,0,1,0,0,0,0,0,0,0,0,1,1,0,0,0,1,0,1,0,1,0,0,0,1
0,1,0,1,0,1,1,0,0,0,0,0,0,0,0,1,1,1,1,0,0,1,0,0,0,0,1,0,0,0,1,0,0,1,1,0,1,0,0,1,0,1,0,1,0,0,0,1,1,0,0,1,0,0,0,0,0,1,1,0,0,0,1,1,1,0,0,0,1,1,0,1,0,0,0,0,0,1,0,0,1,0,0,0,0,1,0,0,1,0,1,0,0,0,0,0,0,1,0,0,0,0,0,0,0,1,0,0,0,0,0,1,1,1,1,0,0,1,1,0,1,0,0,1,0,1,0,1,1,0,0,0,0,0,0,0,1,0,0,1,0,0,0,0,0,1,1,1,0,0,0,0,1,1,0,0,0,0,0,1,1,1,0,1,0,1,0,0,1,0,1,1,1,1,0,1,1,0,0,1,0,1,1,1,1,0,1,0,0,1,0,0,0,0,0,0,0,0,1,0,0,0,0,0,0,0,0,1,1,0,0,0,1,0,1,0,1,0,0,0,1
1,1,0,1,0,1,1,1,0,0,0,0,0,0,0,1,1,1,1,0,0,1,0,0,0,0,1,0,0,0,1,0,0,1,1,0,1,0,0,1,0,1,0,1,0,0,0,1,1,0,0,1,0,0,0,0,0,1,1,0,0,0,1,1,1,0,0,0,1,1,0,1,0,0,0,0,0,1,0,0,1,0,0,0,0,1,0,0,1,0,1,0,0,0,0,0,0,1,0,0,0,0,0,0,0,1,0,0,0,0,0,1,1,1,1,0,0,1,1,0,1,0,0,1,0,1,0,1,1,1,0,0,0,0,0,0,1,0,0,1,0,0,0,0,0,1,1,1,0,0,0,0,1,1,0,0,0,0,0,1,1,1,0,1,0,1,0,1,1,0,1,1,1,1,0,1,1,0,0,1,0,1,1,1,1,0,1,0,0,1,1,0,0,0,0,0,0,0,1,1,1,0,0,0,0,0,0,1,1,0,0,0,1,0,1,0,1,0,0,0,1
0,1,0,1,0,1,1,0,0,0,0,0,0,0,0,1,1,1,1,0,0,1,0,0,0,0,1,0,0,0,1,0,0,1,1,0,1,0,0,1,0,1,0,1,0,0,0,1,0,0,0,0,0,0,0,0,0,1,1,0,0,0,1,1,1,0,0,0,0,1,0,1,0,0,0,0,0,1,0,0,1,0,0,0,0,1,0,0,1,0,0,0,0,0,0,0,0,1,0,0,0,0,0,0,0,1,0,0,0,0,0,1,1,1,0,0,0,1,1,0,1,0,0,0,0,0,0,1,1,0,0,0,0,0,0,0,0,0,0,0,0,0,0,0,0,0,1,1,0,0,0,0,1,1,0,0,0,0,0,0,1,0,0,1,0,1,0,0,1,0,1,1,1,1,0,1,1,0,0,0,0,0,1,1,1,0,1,0,0,1,0,0,0,0,0,0,0,0,0,0,0,0,0,0,0,0,0,1,0,0,0,0,0,0,1,0,0,0,0,0,0
0,1,0,1,0,1,1,0,0,0,0,0,0,0,0,1,1,1,1,0,0,1,0,0,0,0,1,0,0,0,1,0,0,1,1,0,1,0,0,1,0,1,0,1,0,0,0,1,0,0,0,0,0,0,0,0,0,1,1,0,0,0,1,1,1,0,0,0,0,1,0,1,0,0,0,0,0,1,0,0,1,0,0,0,0,1,0,0,1,0,0,0,0,0,0,0,0,1,0,0,0,0,0,0,0,1,0,0,0,0,0,1,1,1,1,0,0,1,1,0,1,0,0,0,0,1,0,1,1,0,0,0,0,0,0,0,0,0,0,0,0,0,0,0,0,0,1,1,0,0,0,0,1,1,0,0,0,0,0,0,1,0,0,1,0,1,0,0,1,0,1,1,1,1,0,1,1,0,0,0,0,0,1,1,1,0,1,0,0,1,0,0,0,0,0,0,0,0,1,0,0,0,0,0,0,0,0,1,1,0,0,0,1,0,1,0,1,0,0,0,1
0,1,0,1,0,1,1,0,0,0,0,0,0,0,0,1,1,1,1,0,0,1,0,0,0,0,1,0,0,0,1,0,0,1,1,0,1,0,0,1,0,1,0,1,0,0,0,1,0,0,0,0,0,0,0,0,0,1,1,0,0,0,1,1,1,0,0,0,0,1,0,1,0,0,0,0,0,1,0,0,1,0,0,0,0,1,0,0,1,0,0,0,0,0,0,0,0,1,0,0,0,0,0,0,0,1,0,0,0,0,0,1,1,1,0,0,0,1,1,0,1,0,0,0,0,0,0,1,1,0,0,0,0,0,0,0,0,0,0,0,0,0,0,0,0,0,1,1,0,0,0,0,1,1,0,0,0,0,0,0,1,0,0,1,0,1,0,0,1,0,1,1,1,1,0,1,1,0,0,0,0,0,1,1,1,0,1,0,0,1,0,0,0,0,0,0,0,1,0,0,0,0,0,0,0,0,0,0,0,0,1,0,0,0,0,0,0,0,1,0,0
0,1,0,1,0,1,0,0,0,0,0,0,0,0,0,1,1,1,1,0,0,1,0,0,0,0,1,0,0,0,1,0,0,1,0,0,1,0,0,0,0,1,0,1,0,0,0,1,0,0,0,0,0,0,0,0,0,0,0,0,0,0,1,1,1,0,0,0,0,0,0,1,0,0,0,0,0,1,0,0,1,0,0,0,0,1,0,0,1,0,0,0,0,0,0,0,0,0,0,0,0,0,0,0,0,1,0,0,0,0,0,1,0,0,0,0,0,0,1,0,1,0,0,0,0,0,0,0,0,0,0,0,0,0,0,0,0,0,0,0,0,0,0,0,0,0,0,1,0,0,0,0,0,0,0,0,0,0,0,0,1,0,0,1,0,0,0,0,0,0,1,1,1,0,0,0,1,0,0,0,0,0,0,1,1,0,0,0,0,0,0,0,0,0,0,0,0,0,0,0,0,0,0,0,0,0,0,0,0,0,0,0,0,0,0,0,0,0,0,0,0
1,1,0,1,0,1,1,1,0,0,0,0,0,0,0,1,1,1,1,0,0,1,0,0,0,0,1,0,0,0,1,0,0,1,0,0,1,0,0,1,0,1,0,1,0,0,0,1,1,0,0,1,0,0,0,0,1,1,1,0,0,0,1,1,1,0,0,0,1,0,0,1,0,0,0,0,0,1,1,0,1,0,0,0,0,1,1,0,1,0,1,0,0,0,0,0,0,1,0,0,0,0,0,0,0,1,0,0,0,0,0,1,1,1,1,0,0,1,1,0,1,0,0,1,0,1,0,1,1,0,0,0,0,0,0,0,1,0,0,1,0,0,0,0,0,1,1,1,0,0,1,0,0,1,1,0,1,0,0,1,1,1,1,1,0,1,0,0,1,0,1,1,1,1,0,1,1,0,0,1,0,1,0,1,1,0,1,0,0,1,0,0,0,0,0,0,0,0,1,0,0,0,0,0,0,0,0,1,1,0,0,0,1,0,1,0,1,0,0,0,1
1,1,0,1,0,1,1,0,0,0,0,0,0,0,0,1,1,1,1,0,0,1,0,0,0,0,1,0,0,0,1,0,0,1,0,0,1,0,0,1,0,1,0,1,0,0,0,1,1,0,0,1,0,0,0,0,0,1,1,0,0,0,1,1,1,0,0,0,1,0,0,1,0,0,0,0,0,1,0,0,1,0,0,0,0,1,0,0,1,0,1,0,0,0,0,0,0,1,0,0,0,0,0,0,0,1,0,0,0,0,0,1,1,1,1,0,0,1,1,0,1,0,0,1,0,1,0,1,1,0,0,0,0,0,0,0,1,0,0,1,0,0,0,0,0,1,1,1,0,0,0,0,0,1,0,0,0,0,0,1,1,1,0,1,0,1,0,0,1,0,1,1,1,1,0,1,1,0,0,1,0,1,0,1,1,0,1,0,0,1,0,0,0,0,0,0,0,0,1,0,0,0,0,0,0,0,0,1,1,0,0,0,1,0,1,0,1,0,0,0,1
0,1,0,1,0,1,1,0,0,0,0,0,0,0,0,1,1,1,1,0,0,1,0,0,0,0,1,0,0,0,1,0,0,1,0,0,1,0,0,1,0,1,0,1,0,0,0,1,1,0,0,1,0,0,0,0,0,1,1,0,0,0,1,1,1,0,0,0,1,0,0,1,0,0,0,0,0,1,0,0,1,0,0,0,0,1,0,0,1,0,1,0,0,0,0,0,0,1,0,0,0,0,0,0,0,1,0,0,0,0,0,1,1,1,0,0,0,1,1,0,1,0,0,1,0,0,0,1,1,0,0,0,0,0,0,0,1,0,0,1,0,0,0,0,0,1,1,1,0,0,0,0,0,1,0,0,0,0,0,1,1,0,0,1,0,1,0,0,1,0,1,1,1,1,0,1,1,0,0,0,0,1,0,1,1,0,1,0,0,1,0,0,0,0,0,0,0,0,1,0,0,0,0,0,0,0,0,0,1,0,0,0,0,0,0,0,1,0,0,0,0
1,1,0,1,0,1,1,1,0,0,0,0,0,0,0,1,1,1,1,0,0,1,0,0,0,0,1,0,0,0,1,0,0,1,0,0,1,0,0,1,0,1,0,1,0,0,0,1,1,0,0,1,0,0,0,0,0,1,1,0,0,0,1,1,1,0,0,0,1,0,0,1,0,0,0,0,0,1,0,0,1,0,0,0,0,1,0,0,1,0,1,0,0,0,0,0,0,1,0,0,0,0,0,0,0,1,0,0,0,0,0,1,1,1,1,0,0,1,1,0,1,0,0,1,0,1,0,1,1,1,0,0,0,0,0,0,1,0,0,1,0,0,0,0,0,1,1,1,0,0,0,0,0,1,0,0,0,0,0,1,1,1,0,1,0,1,0,1,1,0,1,1,1,1,0,1,1,0,0,1,0,1,0,1,1,0,1,0,0,1,1,0,0,0,0,0,0,0,1,1,1,0,0,0,0,0,0,1,1,0,0,0,1,0,1,0,1,0,0,0,1
0,1,0,1,0,1,0,0,0,0,0,0,0,0,0,1,1,1,1,0,0,1,0,0,0,0,1,0,0,0,1,0,0,1,0,0,1,0,0,0,0,1,0,1,0,0,0,1,0,0,0,0,0,0,0,0,0,0,0,0,0,0,1,1,1,0,0,0,0,0,0,1,0,0,0,0,0,1,0,0,1,0,0,0,0,1,0,0,1,0,0,0,0,0,0,0,0,0,0,0,0,0,0,0,0,1,0,0,0,0,0,1,0,0,0,0,0,0,1,0,1,0,0,0,0,0,0,0,0,0,0,0,0,0,0,0,0,0,0,0,0,0,0,0,0,0,0,1,0,0,0,0,0,0,0,0,0,0,0,0,1,0,0,1,0,0,0,0,0,0,1,1,1,0,0,0,1,0,0,0,0,0,0,1,1,0,0,0,0,0,0,0,0,0,0,0,0,0,0,0,0,0,0,0,0,0,0,0,0,0,0,0,0,0,0,0,0,0,0,0,0
0,1,0,1,0,1,0,0,0,1,0,0,0,0,0,1,1,1,1,0,0,1,0,0,0,0,1,0,0,0,1,0,1,1,0,0,1,0,0,0,1,1,0,1,0,0,1,1,0,0,0,0,0,0,0,0,0,0,0,0,0,0,1,1,1,0,0,0,0,0,0,1,0,0,0,0,0,1,0,0,1,0,0,0,0,1,0,0,1,0,0,0,0,0,0,0,0,0,1,0,1,0,0,0,0,1,0,0,0,0,0,1,0,0,0,0,0,0,1,1,1,0,0,0,0,0,0,0,0,0,0,0,0,0,0,0,0,1,0,0,0,0,1,0,0,0,0,1,0,0,0,0,0,0,0,0,0,0,0,0,1,0,0,1,0,0,0,0,0,0,1,1,1,0,0,0,1,0,0,0,0,0,0,1,1,0,0,0,0,0,0,0,0,0,0,0,0,0,0,0,0,0,0,0,0,0,0,0,0,0,0,0,0,0,0,0,0,0,0,0,0
0,1,0,1,0,1,1,0,0,0,0,0,0,0,0,1,1,1,1,0,0,1,0,0,0,0,1,0,0,0,1,0,0,1,0,0,1,0,1,0,0,1,0,1,0,0,0,1,0,0,0,0,0,1,1,0,0,0,0,0,0,0,1,1,1,0,0,0,0,0,0,1,0,0,0,1,0,1,0,0,1,0,0,1,0,1,0,0,1,0,0,0,0,0,0,0,0,0,0,1,0,0,0,0,0,1,0,0,0,0,0,1,0,0,0,1,1,0,1,0,1,0,0,0,0,0,0,0,0,0,0,0,0,0,0,0,0,0,0,0,0,0,0,1,0,0,0,1,0,0,0,0,0,0,0,0,0,0,0,0,1,0,0,1,0,0,0,0,0,0,1,1,1,0,0,0,1,0,0,0,1,0,0,1,1,0,0,0,0,0,0,0,0,0,0,0,0,0,0,0,0,0,0,0,0,0,0,0,0,0,0,0,0,0,0,0,0,0,0,0,0
1,1,0,1,0,1,1,0,0,0,0,0,0,0,0,1,1,1,1,0,0,1,0,0,0,0,1,0,0,0,1,0,0,1,1,0,1,0,0,1,0,1,0,1,0,0,0,1,1,0,0,1,0,0,0,0,0,1,1,0,0,0,1,1,1,0,0,0,1,1,0,1,0,0,0,0,0,1,0,0,1,0,0,0,0,1,0,0,1,0,1,0,0,0,0,0,0,1,0,0,0,0,0,0,0,1,0,1,0,0,0,1,1,1,1,0,0,1,1,0,0,0,0,1,0,1,0,1,1,0,0,0,1,0,0,0,1,0,0,1,0,0,0,0,0,1,1,1,0,0,0,0,1,1,0,0,0,0,0,1,1,1,0,1,0,1,0,0,1,0,1,1,1,1,0,1,1,0,0,1,0,1,1,0,0,0,1,0,1,1,0,0,1,0,0,1,0,1,1,0,0,0,0,1,0,0,0,1,1,0,0,0,1,0,1,0,1,0,0,0,1
0,1,0,1,0,1,0,0,0,0,1,0,1,1,0,1,1,1,1,0,0,1,0,0,0,1,1,0,1,0,1,0,0,1,0,0,1,0,1,0,0,1,0,1,1,1,0,1,0,1,1,0,0,1,1,0,0,0,0,1,1,1,1,1,1,1,0,1,0,0,1,1,1,0,1,1,0,1,0,1,1,1,1,1,0,1,0,1,1,1,0,1,0,0,1,0,1,0,0,1,0,1,0,1,1,1,1,1,0,1,1,1,0,0,0,1,1,0,1,0,0,1,0,0,0,0,0,0,0,0,1,1,1,0,0,1,0,0,0,0,0,0,0,1,0,0,0,1,0,0,0,0,0,0,0,0,0,0,0,0,1,0,0,1,0,0,0,0,0,0,1,1,1,0,0,0,1,1,0,0,1,0,0,0,0,0,0,0,1,0,0,0,0,0,1,1,1,0,0,0,0,0,0,0,0,0,1,0,0,0,0,1,0,0,0,0,0,0,0,1,0
0,1,0,1,0,1,0,0,0,0,1,0,1,1,0,1,1,1,1,0,0,1,0,0,0,1,1,0,1,0,1,0,0,1,0,0,1,0,1,0,0,1,0,1,1,1,0,1,0,1,1,1,0,1,1,0,0,0,0,1,1,1,1,1,1,1,0,1,0,0,1,1,1,0,1,1,0,1,0,1,1,1,1,1,0,1,0,1,1,1,0,1,0,0,1,0,1,0,0,1,0,1,0,1,1,1,1,1,0,1,1,1,0,0,0,1,1,0,1,0,0,1,0,0,0,0,0,0,0,0,1,1,1,0,0,1,0,0,0,0,0,0,0,1,0,0,0,1,0,0,0,0,0,0,0,0,0,0,0,0,1,0,0,1,0,0,0,0,0,0,1,1,1,0,0,0,1,1,0,0,1,0,0,0,0,0,0,0,1,0,0,0,0,0,1,1,1,0,0,0,0,0,0,0,0,0,1,0,0,1,0,1,0,0,0,0,0,1,0,1,0
1,1,0,1,0,1,1,0,0,0,1,0,1,1,0,1,1,1,1,0,0,1,0,0,0,1,1,0,1,0,1,0,0,1,0,0,1,0,1,1,0,1,0,1,1,1,0,1,1,1,1,1,0,1,1,0,0,1,1,1,1,1,1,1,1,1,0,1,1,0,1,1,1,0,1,1,0,1,0,1,1,1,1,1,0,1,0,1,1,1,1,1,0,0,1,0,1,1,0,1,0,1,0,1,1,1,1,1,0,1,1,1,1,1,0,1,1,1,1,0,0,1,0,1,0,0,0,1,1,0,1,1,1,0,0,1,1,0,0,1,0,0,0,1,0,1,1,1,0,0,0,0,0,1,0,0,0,0,0,1,1,0,0,1,0,1,0,0,1,0,1,1,1,1,0,1,1,1,0,0,1,1,0,0,0,0,1,1,1,1,0,1,0,0,1,1,1,1,1,0,0,1,0,0,0,0,1,0,1,1,0,1,0,0,0,0,1,1,0,1,0
0,1,0,1,0,1,0,0,0,0,1,0,1,1,0,1,1,1,1,0,0,1,0,0,0,1,1,0,1,0,1,0,0,1,0,0,1,0,1,0,0,1,0,1,1,1,0,1,0,1,1,1,0,1,1,0,0,0,0,1,1,1,1,1,1,1,0,1,0,0,1,1,1,0,1,1,0,1,0,1,1,1,1,1,0,1,0,1,1,1,0,1,0,0,1,0,1,0,0,1,0,1,0,1,1,1,1,1,0,1,1,1,0,0,0,1,1,0,1,0,0,1,0,0,0,0,0,0,0,0,1,1,1,0,0,1,0,0,0,0,0,0,0,1,0,0,0,1,0,0,0,0,0,0,0,0,0,0,0,0,1,0,0,1,0,0,0,0,0,0,1,1,1,0,0,0,1,1,0,0,1,0,0,0,0,0,0,0,1,0,0,0,0,0,1,1,1,0,0,0,0,0,0,0,0,0,1,0,0,0,0,1,0,0,0,1,0,0,0,1,0
1,1,0,1,0,1,1,0,0,0,1,0,1,1,0,1,1,1,1,0,0,1,0,0,0,1,1,0,1,0,1,0,0,1,0,0,1,0,1,1,0,1,0,1,1,1,0,1,1,1,1,1,0,1,1,0,0,1,1,1,1,1,1,1,1,1,0,1,1,0,1,1,1,0,1,1,0,1,0,1,1,1,1,1,0,1,0,1,1,1,1,1,0,0,1,0,1,1,0,1,0,1,0,1,1,1,1,1,0,1,1,1,1,1,0,1,1,1,1,0,0,1,0,1,0,0,0,1,1,0,1,1,1,0,0,1,1,0,0,1,0,0,0,1,0,1,1,1,0,0,0,0,0,1,0,0,0,0,0,1,1,0,0,1,0,1,0,0,1,0,1,1,1,1,0,1,1,1,0,0,1,1,0,0,0,0,1,1,1,1,0,1,0,0,1,1,1,1,1,0,0,1,0,0,0,0,1,0,1,0,0,1,0,0,0,1,1,0,0,1,0
0,1,0,1,0,1,0,0,0,0,1,0,1,1,0,1,1,1,1,0,0,1,0,0,0,1,1,0,1,0,1,0,0,1,0,0,1,0,1,0,0,1,0,1,1,1,0,1,0,1,1,1,0,1,1,0,0,0,0,1,1,1,1,1,1,1,0,1,0,0,1,1,1,0,1,1,0,1,0,1,1,1,1,1,0,1,0,1,1,1,0,1,0,0,1,0,1,0,0,1,0,1,0,1,1,1,1,1,0,1,1,1,0,0,0,1,1,0,1,0,0,1,0,0,0,0,0,0,0,0,1,1,1,0,0,1,0,0,0,0,0,0,0,1,0,0,0,1,0,0,0,0,0,0,0,0,0,0,0,0,1,0,0,1,0,0,0,0,0,0,1,1,1,0,0,0,1,1,0,0,1,0,0,0,0,0,0,0,1,0,0,0,0,0,1,1,1,0,0,0,0,0,0,0,0,0,1,0,0,0,0,1,0,1,0,0,0,0,0,1,0
1,1,0,1,0,1,1,0,0,0,1,0,1,1,0,1,1,1,1,0,0,1,0,0,0,1,1,0,1,0,1,0,0,1,0,0,1,0,1,1,0,1,0,1,1,1,0,1,1,1,1,1,0,1,1,0,0,1,1,1,1,1,1,1,1,1,0,1,1,0,1,1,1,0,1,1,0,1,0,1,1,1,1,1,0,1,0,1,1,1,1,1,0,0,1,0,1,1,0,1,0,1,0,1,1,1,1,1,0,1,1,1,1,1,0,1,1,1,1,0,0,1,0,1,0,0,0,1,1,0,1,1,1,0,0,1,1,0,0,1,0,0,0,1,0,1,1,1,0,0,0,0,0,1,0,0,0,0,0,1,1,0,0,1,0,1,0,0,1,0,1,1,1,1,0,1,1,1,0,0,1,1,0,0,0,0,1,1,1,1,0,1,0,0,1,1,1,1,1,0,0,1,0,0,0,0,1,0,1,0,0,1,0,1,0,0,1,0,0,1,0
0,1,0,1,0,1,0,0,0,0,1,0,1,1,0,1,1,1,1,0,0,1,0,0,0,1,1,0,1,0,1,0,0,1,0,0,1,0,1,0,0,1,0,1,1,1,0,1,0,1,1,0,0,1,1,0,0,0,0,1,1,1,1,1,1,1,0,1,0,0,1,1,1,0,1,1,0,1,0,1,1,1,1,1,0,1,0,1,1,1,0,1,0,0,1,0,1,0,0,1,0,1,0,1,1,1,1,1,0,1,1,1,0,0,0,1,1,0,1,0,0,1,0,0,0,0,0,0,0,0,1,1,1,0,0,1,0,0,0,0,0,0,0,1,0,0,0,1,0,0,0,0,0,0,0,0,0,0,0,0,1,0,0,1,0,0,0,0,0,0,1,1,1,0,0,0,1,1,0,0,1,0,0,0,0,0,0,0,0,0,0,0,0,0,0,1,1,0,0,0,0,0,0,0,0,0,1,0,0,0,0,1,0,0,0,0,0,0,0,1,0
0,1,0,1,0,1,1,0,0,0,1,0,1,1,0,1,1,1,1,0,0,1,0,0,0,1,1,0,1,0,1,0,0,1,0,0,1,0,1,1,0,1,0,1,1,1,0,1,1,1,1,1,0,1,1,0,0,1,1,1,1,1,1,1,1,1,0,1,1,0,1,1,1,0,1,1,0,1,0,1,1,1,1,1,0,1,0,1,1,1,1,1,0,0,1,0,1,1,0,1,0,1,0,1,1,1,1,1,0,1,1,1,1,1,0,1,1,1,1,0,0,1,0,1,0,0,0,1,1,0,1,1,1,0,0,1,1,0,0,1,0,0,0,1,0,1,1,1,0,0,0,0,0,1,0,0,0,0,0,1,1,0,0,1,0,1,0,0,1,0,1,1,1,1,0,1,1,1,0,0,1,1,0,0,0,0,1,1,0,1,0,1,0,0,0,1,1,1,1,0,0,1,0,0,0,0,1,0,1,0,0,1,0,0,0,0,1,0,0,1,0
0,1,0,1,0,1,0,0,0,0,1,0,1,1,0,1,1,1,1,0,0,1,0,0,0,1,1,0,1,0,1,0,0,1,0,0,1,0,1,0,0,1,0,1,1,1,0,1,0,1,1,1,0,1,1,0,0,0,0,1,1,1,1,1,1,1,0,1,0,0,1,1,1,0,1,1,0,1,0,1,1,1,1,1,0,1,0,1,1,1,0,1,0,0,1,0,1,0,0,1,0,1,0,1,1,1,1,1,0,1,1,1,0,0,0,1,1,0,1,0,0,1,0,0,0,0,0,0,0,0,1,1,1,0,0,1,0,0,0,0,0,0,0,1,0,0,0,1,0,0,0,0,0,0,0,0,0,0,0,0,1,0,0,1,0,0,0,0,0,0,1,1,1,0,0,0,1,1,0,0,1,0,0,0,0,0,0,0,0,0,0,0,0,0,0,1,1,0,0,0,0,0,0,0,0,0,1,0,0,1,0,1,0,0,0,0,0,1,0,1,0
0,1,0,1,0,1,1,0,0,0,1,0,1,1,0,1,1,1,1,0,0,1,0,0,0,1,1,0,1,0,1,0,0,1,0,0,1,0,1,1,0,1,0,1,1,1,0,1,1,1,1,1,0,1,1,0,0,1,1,1,1,1,1,1,1,1,0,1,1,0,1,1,1,0,1,1,0,1,0,1,1,1,1,1,0,1,0,1,1,1,1,1,0,0,1,0,1,1,0,1,0,1,0,1,1,1,1,1,0,1,1,1,1,1,0,1,1,1,1,0,0,1,0,1,0,0,0,1,1,0,1,1,1,0,0,1,1,0,0,1,0,0,0,1,0,1,1,1,0,0,0,0,0,1,0,0,0,0,0,1,1,0,0,1,0,1,0,0,1,0,1,1,1,1,0,1,1,1,0,0,1,1,0,0,0,0,1,1,0,1,0,1,0,0,0,1,1,1,1,0,0,1,0,0,0,0,1,0,1,1,0,1,0,0,0,0,1,1,0,1,0
0,1,0,1,0,1,0,0,0,0,1,0,1,1,0,1,1,1,1,0,0,1,0,0,0,1,1,0,1,0,1,0,0,1,0,0,0,1,1,0,0,1,0,1,1,1,0,1,0,1,1,0,0,1,1,0,0,0,0,1,1,1,1,1,1,1,0,1,0,0,1,1,1,0,1,1,0,1,0,1,1,1,1,1,0,1,0,1,1,1,0,1,0,0,1,0,1,0,0,1,0,1,0,1,1,1,1,1,0,1,1,1,0,0,0,1,1,0,1,0,0,1,0,0,0,0,0,0,0,0,1,1,1,0,0,1,0,0,1,0,0,0,0,1,0,0,0,1,0,0,0,0,0,0,0,0,0,0,0,0,1,0,0,1,0,0,0,0,0,0,1,1,1,0,0,0,1,1,0,0,1,0,0,0,0,0,0,0,1,0,0,0,1,0,1,1,1,0,0,0,0,0,0,1,0,0,1,0,0,0,0,1,0,0,0,0,0,0,0,1,0
0,1,0,1,0,1,0,0,0,0,1,0,1,1,0,1,1,1,1,0,0,1,0,0,0,1,1,0,1,0,1,0,0,1,0,0,1,0,1,0,0,1,0,1,1,1,0,1,0,1,1,0,0,1,1,0,0,0,0,1,1,1,1,1,1,1,0,1,0,0,1,1,1,0,1,1,0,1,0,1,1,1,1,1,0,1,0,1,1,1,0,1,0,0,1,0,1,0,0,1,0,1,0,1,1,1,1,1,0,1,1,1,0,0,0,1,1,0,1,0,0,1,0,0,0,0,0,0,0,0,1,1,1,0,0,1,0,0,0,0,0,0,0,1,0,0,0,1,0,0,0,0,0,0,0,0,0,0,0,0,1,0,0,1,0,0,0,0,0,0,1,1,1,0,0,0,1,1,0,0,1,0,0,0,0,0,0,0,1,0,0,0,1,0,1,1,1,0,0,0,0,0,0,1,0,0,1,0,0,0,0,1,0,0,0,0,0,0,0,1,0
1,1,1,1,0,1,1,1,0,0,0,0,0,0,0,0,1,1,1,0,0,1,1,1,0,1,1,0,1,1,1,0,0,1,0,0,0,0,0,1,0,1,1,1,0,0,0,1,1,0,0,1,0,0,0,0,1,1,1,0,0,0,1,1,1,0,0,0,1,0,0,1,0,1,0,0,0,0,1,0,1,0,0,0,0,1,1,0,1,0,1,0,0,0,0,1,0,1,0,0,0,0,0,0,0,1,0,1,0,0,0,1,1,1,0,0,0,1,1,0,1,0,0,1,0,0,0,1,1,1,0,0,1,0,1,0,1,0,0,1,0,1,0,0,0,1,1,1,0,1,1,0,0,1,1,0,1,1,1,1,1,0,1,1,0,1,1,1,1,1,1,1,1,1,0,1,1,0,0,0,0,1,0,1,1,0,1,1,1,1,1,0,1,1,0,1,1,1,1,1,1,0,0,1,1,0,1,1,1,0,1,0,0,0,1,0,1,0,1,0,0
1,1,1,1,0,1,1,1,0,0,0,0,0,0,0,0,1,1,1,0,0,1,1,1,1,1,1,0,1,1,1,0,0,1,0,0,0,0,0,1,0,1,1,1,0,0,0,1,1,0,0,1,0,0,0,0,1,1,1,0,0,0,1,1,1,0,0,0,1,0,0,1,0,1,0,0,0,0,1,0,1,0,0,0,0,1,1,0,1,0,1,0,0,0,0,1,0,1,0,0,0,0,0,0,0,1,0,1,0,0,0,1,1,1,0,0,0,1,1,0,1,0,0,1,0,0,0,1,1,1,0,0,1,0,1,0,1,0,0,1,0,1,0,0,0,1,1,1,0,1,1,0,0,1,1,0,1,1,1,1,1,0,1,1,0,1,1,1,1,1,1,1,1,1,0,1,1,0,0,0,0,1,0,1,1,0,1,1,1,1,1,0,1,1,0,1,1,1,1,1,1,0,0,1,1,0,1,1,1,0,1,0,0,0,1,0,1,1,1,0,0
1,1,1,1,0,1,1,1,0,0,0,0,0,0,0,0,1,1,1,0,0,1,1,1,1,1,1,0,1,1,1,0,0,1,0,0,0,0,0,1,0,1,1,1,0,0,0,1,1,0,0,1,0,0,0,0,1,1,1,1,0,0,1,1,1,0,0,0,1,0,0,1,0,1,0,0,0,0,1,0,1,0,0,0,0,1,1,0,1,0,1,0,0,0,0,1,0,1,0,0,0,0,0,0,0,1,0,1,0,0,0,1,1,1,0,0,0,1,1,0,1,0,0,1,0,0,0,1,1,1,0,0,1,0,1,0,1,0,0,1,0,1,0,0,0,1,1,1,0,1,1,0,0,1,1,0,1,1,1,1,1,0,1,1,0,1,1,1,1,1,1,1,1,1,0,1,1,0,0,0,0,1,0,1,1,0,1,1,1,1,1,0,1,1,0,1,1,1,1,1,1,0,0,1,1,0,1,1,1,1,1,0,0,0,1,0,1,1,1,0,0
1,1,1,1,0,1,1,1,0,0,0,0,0,0,0,0,1,1,1,0,0,1,1,1,1,1,1,0,1,1,1,0,0,1,0,0,0,0,0,1,0,1,1,1,0,0,0,1,1,0,0,1,0,0,0,0,1,1,1,0,0,0,1,1,1,0,0,0,1,0,0,1,0,1,0,0,0,0,1,0,1,0,0,0,0,1,1,0,1,0,1,0,0,0,0,1,0,1,0,0,0,0,0,0,0,1,0,1,0,0,0,1,1,1,0,0,0,1,1,0,1,0,0,1,0,0,0,1,1,1,0,0,1,0,1,0,1,0,0,1,0,1,0,0,0,1,1,1,0,1,1,0,0,1,1,0,1,1,1,1,1,0,1,1,0,1,1,1,1,1,1,1,1,1,0,1,1,0,0,0,0,1,0,1,1,0,1,1,1,1,1,0,1,1,0,1,1,1,1,1,1,0,0,1,1,0,1,1,1,0,1,0,0,0,1,0,1,0,1,0,0
1,1,0,1,0,1,1,1,0,0,0,0,0,0,0,1,1,0,0,0,0,0,0,0,0,1,0,0,0,0,1,0,0,0,0,0,1,0,1,1,0,1,1,1,1,1,0,1,1,1,1,1,0,1,0,0,1,1,1,0,0,1,1,0,0,1,1,1,1,0,1,1,1,0,1,1,0,0,0,1,0,1,1,1,0,1,1,1,1,1,1,1,0,0,1,0,1,1,0,0,0,1,0,1,1,0,1,0,0,1,1,1,1,0,0,1,0,1,1,0,0,1,0,1,1,0,0,1,1,1,0,1,0,0,0,1,1,0,0,1,0,0,0,1,0,1,1,1,0,1,1,1,0,1,0,0,1,0,0,1,1,0,0,1,0,1,1,1,1,0,0,0,1,1,0,1,1,1,1,0,1,1,0,0,0,0,1,1,0,1,0,1,0,0,0,1,1,1,0,0,0,1,1,0,0,0,1,0,0,0,0,0,0,0,0,0,0,0,0,0,0
1,1,0,1,0,1,1,1,0,0,0,0,0,0,0,1,1,0,0,0,0,0,0,0,0,1,0,0,0,0,1,0,0,0,0,0,0,0,1,1,0,1,1,1,1,1,0,1,1,1,1,1,0,1,0,0,1,1,1,0,0,1,1,0,0,1,1,1,1,0,1,1,1,0,1,1,0,0,0,1,0,1,1,1,0,1,1,1,1,1,1,1,0,0,1,0,1,1,0,0,0,1,0,1,1,0,1,0,0,1,1,1,1,0,0,1,0,1,1,0,0,1,0,1,1,0,0,1,1,1,0,1,0,0,0,1,1,0,0,1,0,0,0,1,0,1,1,1,0,1,1,1,0,1,0,0,1,0,0,1,1,0,0,1,0,1,1,1,1,0,0,0,1,1,0,1,1,1,1,0,1,1,0,0,0,0,1,1,0,1,0,1,0,0,0,1,0,1,0,0,0,1,1,0,0,0,1,0,0,0,0,0,0,0,0,0,0,0,0,0,0
1,1,0,1,0,1,1,1,0,0,0,0,0,0,0,1,1,0,0,0,0,0,0,0,0,1,0,0,0,0,1,0,0,0,0,0,0,0,1,1,0,1,1,1,1,1,0,1,1,1,1,1,0,1,0,0,1,1,1,0,0,1,1,0,0,1,1,1,1,0,1,1,1,0,1,1,0,0,0,1,0,1,1,1,0,1,1,1,1,1,1,1,0,0,1,0,1,1,0,0,0,1,0,1,1,0,1,0,0,1,1,1,1,0,0,1,0,1,1,0,0,1,0,1,1,0,0,1,1,1,0,1,0,0,0,1,1,0,0,1,0,0,0,1,0,1,1,1,0,1,1,1,0,1,0,0,1,0,0,1,1,0,0,1,0,1,1,1,1,0,0,0,1,1,0,1,1,1,1,0,1,1,0,0,0,0,1,1,0,1,0,1,0,0,0,1,0,1,0,0,0,1,1,0,0,0,1,0,0,0,0,0,0,0,0,0,0,0,0,0,0
1,1,1,1,0,1,1,1,0,0,0,0,0,0,0,0,1,1,1,0,0,1,1,1,1,1,1,0,1,1,1,0,0,1,0,0,0,0,0,1,0,1,1,1,0,0,0,1,1,0,0,1,0,0,0,0,1,1,1,0,0,0,1,1,1,0,0,0,1,0,0,1,0,1,0,0,0,0,1,0,1,0,0,0,0,1,1,0,1,0,1,0,0,0,0,1,0,1,0,0,0,0,0,0,0,1,0,1,0,0,0,1,1,1,0,0,0,1,1,0,1,0,0,1,0,0,0,1,1,1,0,0,1,0,1,0,1,0,0,1,0,1,0,0,0,1,1,1,0,1,1,0,0,1,1,0,1,1,1,1,1,0,1,1,0,1,1,1,1,1,1,1,1,1,0,1,1,0,0,0,0,1,0,1,1,0,1,1,1,1,1,0,1,1,0,1,1,1,1,1,1,0,0,1,1,0,1,1,1,0,1,0,0,0,1,0,1,0,1,0,0
0,1,0,1,0,1,1,1,0,0,0,0,0,0,0,1,1,0,0,0,0,0,0,0,0,1,0,0,0,0,1,0,0,0,0,1,0,0,1,1,0,1,1,1,1,1,0,1,1,1,1,1,0,1,0,0,1,1,1,0,0,1,1,0,0,1,1,1,1,0,1,1,1,0,1,1,0,0,0,1,0,1,1,1,0,1,1,1,1,1,1,1,0,0,1,0,1,1,0,0,0,1,0,1,1,0,1,0,0,1,1,1,1,0,0,1,0,1,1,0,0,1,0,1,1,0,0,1,1,1,0,1,0,0,0,1,1,0,0,1,0,0,0,1,0,1,1,1,0,1,1,1,0,1,0,0,1,0,0,1,1,0,0,1,0,1,1,1,1,0,0,0,1,1,0,1,1,1,1,0,1,1,0,0,0,0,1,1,0,1,0,1,0,0,0,0,0,0,0,0,0,1,1,0,0,0,1,0,0,0,0,0,0,0,0,0,0,0,0,0,0
0,1,0,1,0,1,1,1,0,0,0,0,0,0,0,1,1,0,0,0,0,0,0,0,0,1,0,0,0,0,1,0,0,0,0,0,1,0,1,1,0,1,1,1,1,1,0,1,1,1,1,1,0,1,0,0,1,1,1,0,0,1,1,0,0,1,1,1,1,0,1,1,1,0,1,1,0,0,0,1,0,1,1,1,0,1,1,1,1,1,1,1,0,0,1,0,1,1,0,0,0,1,0,1,1,0,1,0,0,1,1,1,1,0,0,1,0,1,1,0,0,1,0,1,1,0,0,1,1,1,0,1,0,0,0,1,1,0,0,1,0,0,0,1,0,1,1,1,0,1,1,1,0,1,0,0,1,0,0,1,1,0,0,1,0,1,1,1,1,0,0,0,1,1,0,1,1,1,1,0,1,1,0,0,0,0,1,1,0,1,0,1,0,0,0,0,0,0,0,0,0,1,1,0,0,0,1,0,0,0,0,0,0,0,0,0,0,0,0,0,0
0,1,0,1,0,1,1,1,0,0,0,0,0,0,0,1,1,0,0,0,0,0,0,0,0,1,0,0,0,0,1,0,0,0,0,0,0,0,1,1,0,1,1,1,1,1,0,1,1,1,1,1,0,1,0,0,1,1,1,0,0,1,1,0,0,1,1,1,1,0,1,1,1,0,1,1,0,0,0,1,0,1,1,1,0,1,1,1,1,1,1,1,0,0,1,0,1,1,0,0,0,1,0,1,1,0,1,0,0,1,1,1,1,0,0,1,0,1,1,0,0,1,0,1,1,0,0,1,1,1,0,1,0,0,0,1,1,0,0,1,0,0,0,1,0,1,1,1,0,1,1,1,0,1,0,0,1,0,0,1,1,0,0,1,0,1,1,1,1,0,0,0,1,1,0,1,1,1,1,0,1,1,0,0,0,0,1,1,0,1,0,1,0,0,0,0,0,0,0,0,0,1,1,0,0,0,1,0,0,0,0,0,0,0,0,0,0,0,0,0,0
0,0,0,1,0,1,1,1,0,0,0,0,0,0,0,1,1,0,0,0,0,0,0,0,0,1,0,0,0,0,1,0,0,0,0,0,0,0,1,1,0,1,1,1,1,1,0,1,1,1,1,1,0,1,0,0,1,1,1,0,0,1,1,0,0,1,1,1,1,0,1,1,1,0,1,1,0,0,0,1,0,1,1,1,0,1,1,1,1,1,1,1,0,0,1,0,1,1,0,0,0,1,0,1,1,0,1,0,0,1,1,1,1,0,0,1,0,1,1,0,0,1,0,1,1,0,0,1,1,1,0,1,0,0,0,1,1,0,0,1,0,0,0,1,0,1,1,1,0,1,1,1,0,1,0,0,1,0,0,1,1,0,0,1,0,1,1,1,1,0,0,0,1,1,0,1,1,1,1,0,1,1,0,0,0,0,1,1,0,1,0,1,0,0,0,0,0,0,0,0,0,1,1,0,0,0,1,0,0,0,0,0,0,0,0,0,0,0,0,0,0
0,0,0,1,0,1,1,1,0,0,0,0,0,0,0,1,1,0,0,0,0,0,0,0,0,1,0,0,0,0,1,0,0,0,0,0,0,0,1,1,0,1,1,1,1,1,0,1,1,1,1,1,0,1,0,0,1,1,1,0,0,1,1,0,0,1,1,1,1,0,1,1,1,0,1,1,0,0,0,1,0,1,1,1,0,1,1,1,1,1,1,1,0,0,1,0,1,1,0,0,0,1,0,1,1,0,1,0,0,1,1,1,1,0,0,1,0,1,1,0,0,1,0,1,1,0,0,1,1,1,0,1,0,0,0,1,1,0,0,1,0,0,0,1,0,1,1,1,0,1,1,1,0,1,0,0,1,0,0,1,1,0,0,1,0,1,1,1,1,0,0,0,1,1,0,1,1,1,1,0,1,1,0,0,0,0,1,1,0,1,0,1,0,0,0,0,0,0,0,0,0,1,1,0,0,0,1,0,0,0,0,0,0,0,0,0,0,0,0,0,0
0,0,0,1,0,1,1,1,0,0,0,0,0,0,0,1,1,0,0,0,0,0,0,0,0,1,0,0,0,0,1,0,0,0,0,0,0,0,1,1,0,1,1,1,1,1,0,1,1,1,1,1,0,1,0,0,1,1,1,0,0,1,1,0,0,1,1,1,1,0,1,1,1,0,1,1,0,0,0,1,0,1,1,1,0,1,1,1,1,1,1,1,0,0,1,0,1,1,0,0,0,1,0,1,1,0,1,0,0,1,1,1,1,0,0,1,0,1,1,0,0,1,0,1,1,0,0,1,1,1,0,1,0,0,0,1,1,0,0,1,0,0,0,1,0,1,1,1,0,1,1,1,0,1,0,0,1,0,0,1,1,0,0,1,0,1,1,1,1,0,0,0,1,1,0,1,1,1,1,0,1,1,0,0,0,0,1,1,0,1,0,1,0,0,0,0,0,0,0,0,0,1,1,0,0,0,1,0,0,0,0,0,0,0,0,0,0,0,0,0,0
0,0,0,1,0,1,1,1,0,0,0,0,0,0,0,1,1,0,0,0,0,0,0,0,0,1,0,0,0,0,1,0,0,0,0,0,0,0,1,1,0,1,1,1,1,1,0,1,1,1,1,1,0,1,0,0,1,1,1,0,0,1,1,0,0,1,1,1,1,0,1,1,1,0,1,1,0,0,0,1,0,1,1,1,0,1,1,1,1,1,1,1,0,0,1,0,1,1,0,0,0,1,0,1,1,0,1,0,0,1,1,1,1,0,0,1,0,1,1,0,0,1,0,1,1,0,0,1,1,1,0,1,0,0,0,1,1,0,0,1,0,0,0,1,0,1,1,1,0,1,0,1,0,1,0,0,1,0,0,1,1,0,0,1,0,1,1,1,1,0,0,0,1,1,0,1,1,1,1,0,1,1,0,0,0,0,1,1,0,1,0,1,0,0,0,0,0,0,0,0,0,1,1,0,0,0,1,0,0,0,0,0,0,0,0,0,0,0,0,0,0
1,1,1,1,0,1,1,1,0,0,0,0,0,0,0,0,1,1,1,0,0,1,1,1,1,1,1,0,1,1,1,0,0,1,0,0,0,0,0,1,0,1,1,1,0,0,0,1,1,0,0,1,0,0,0,0,1,1,1,0,0,0,1,1,1,0,0,0,1,0,0,1,0,1,0,0,0,0,1,0,1,0,0,0,0,1,1,0,1,0,1,0,0,0,0,1,0,1,0,0,0,0,0,0,0,1,0,1,0,0,0,1,1,1,0,0,0,1,1,0,1,0,0,1,0,0,0,1,1,0,0,0,1,0,0,0,1,0,0,1,0,1,0,0,0,1,1,1,0,1,1,0,0,1,1,0,1,1,0,1,1,0,1,1,0,1,1,0,1,0,1,1,1,1,0,1,1,0,0,0,0,1,0,1,1,0,1,1,1,1,0,0,1,1,0,1,1,1,1,0,0,0,0,1,1,0,1,1,1,0,1,0,0,0,1,0,1,0,1,0,0
1,1,1,1,0,1,1,1,0,1,0,0,0,0,0,0,1,1,1,0,0,1,1,1,1,1,1,0,1,1,1,0,1,1,0,0,0,0,0,1,1,1,1,1,0,0,1,1,1,0,0,1,0,0,0,0,1,1,1,0,0,0,1,1,1,0,0,0,1,0,0,1,0,1,0,0,0,0,1,0,1,0,0,0,0,1,1,0,1,0,1,0,0,0,0,1,0,1,1,0,1,0,0,0,0,1,0,1,0,0,0,1,1,1,0,0,0,1,1,1,1,0,0,1,0,0,0,1,1,1,0,0,1,0,1,0,1,1,0,1,0,1,1,0,0,1,1,1,0,1,1,0,0,1,1,0,1,1,1,1,1,0,1,1,0,1,1,1,1,1,1,1,1,1,0,1,1,0,0,0,0,1,0,1,1,0,1,1,1,1,1,0,1,1,0,1,1,1,1,1,1,0,0,1,1,0,1,1,1,0,1,0,0,0,1,0,1,0,1,0,0
1,1,0,1,0,1,1,1,0,0,0,0,0,0,0,0,1,1,1,0,0,1,0,0,0,1,1,0,1,0,1,0,0,1,0,0,0,0,0,1,0,1,1,1,0,0,0,1,1,0,0,1,0,0,0,0,1,1,1,0,0,0,1,1,1,0,0,0,1,0,0,1,0,1,0,0,0,0,1,0,1,0,0,0,0,1,1,0,1,0,1,0,0,0,0,1,0,1,0,0,0,0,0,0,0,1,0,1,0,0,0,1,1,1,0,0,0,1,1,0,1,0,0,1,0,0,0,1,1,1,0,0,1,0,1,0,1,0,0,1,0,1,0,0,0,1,1,1,0,1,1,0,0,1,1,0,1,1,1,1,1,0,1,1,0,1,1,1,1,1,1,1,1,1,0,1,1,0,0,0,0,1,0,1,1,0,1,1,1,1,1,0,1,1,0,1,0,1,1,1,1,0,0,1,1,0,0,1,1,0,1,0,0,0,1,0,1,0,1,0,0
1,1,1,1,0,1,1,1,0,0,0,0,0,0,0,0,1,1,1,0,0,1,1,1,0,1,1,0,1,0,1,0,0,1,0,0,0,0,0,1,0,1,1,1,0,0,0,1,1,0,0,1,0,0,0,0,1,1,1,0,0,0,1,1,1,0,0,0,1,0,0,1,0,1,0,0,0,0,1,0,1,0,0,0,0,1,1,0,1,0,1,0,0,0,0,1,0,1,0,0,0,0,0,0,0,1,0,1,0,0,0,1,1,1,0,0,0,1,1,0,1,0,0,1,0,0,0,1,1,1,0,0,1,0,1,0,1,0,0,1,0,1,0,0,0,1,1,1,0,1,1,0,0,1,1,0,1,1,1,1,1,0,1,1,0,1,1,1,1,1,1,1,1,1,0,1,1,0,0,0,0,1,0,1,1,0,1,1,1,1,1,0,1,1,0,1,1,1,1,1,1,0,0,1,1,0,1,1,1,0,1,0,0,0,1,0,1,1,1,0,0
1,1,1,1,0,1,1,1,0,0,0,0,0,0,0,0,1,1,1,0,0,1,1,1,0,1,1,0,1,1,1,0,0,1,0,0,0,0,0,1,0,1,1,1,0,0,0,1,1,0,0,1,0,0,0,0,1,1,1,0,0,0,1,1,1,0,0,0,1,0,0,1,0,1,0,0,0,0,1,0,1,0,0,0,0,1,1,0,1,0,1,0,0,0,0,1,0,1,0,0,0,0,0,0,0,1,0,1,0,0,0,1,1,1,0,0,0,1,1,0,1,0,0,1,0,0,0,1,1,1,0,0,1,0,1,0,1,0,0,1,0,1,0,0,0,1,1,1,0,1,1,0,0,1,1,0,1,1,1,1,1,0,1,1,0,1,1,1,1,1,1,1,1,1,0,1,1,0,0,0,0,1,0,1,1,0,1,1,1,1,1,0,1,1,0,1,1,1,1,1,1,0,0,1,1,0,0,1,1,0,1,0,0,0,1,0,1,0,1,0,0
1,1,1,1,0,1,1,1,0,0,0,0,0,0,0,0,1,1,1,0,0,1,1,1,0,1,1,0,1,1,1,0,0,1,0,0,0,0,0,1,0,1,1,1,0,0,0,1,1,0,0,1,0,0,0,0,1,1,1,0,0,0,1,1,1,0,0,0,1,0,0,1,0,1,0,0,0,0,1,0,1,0,0,0,0,1,1,0,1,0,1,0,0,0,0,1,0,1,0,0,0,0,0,0,0,1,0,1,0,0,0,1,1,1,0,0,0,1,1,0,1,0,0,1,0,0,0,1,1,1,0,0,1,0,1,0,1,0,0,1,0,1,0,0,0,1,1,1,0,1,1,0,0,1,1,0,1,1,1,1,1,0,1,1,0,1,0,1,1,1,1,1,1,1,0,1,1,0,0,0,0,1,0,1,1,0,1,1,1,1,1,1,1,1,0,1,1,1,1,1,1,1,0,1,1,0,0,1,1,0,1,0,0,0,1,0,1,0,1,0,0
1,1,0,1,0,1,1,1,0,0,0,0,0,0,0,0,1,1,1,0,0,1,0,0,0,1,1,0,1,0,1,0,0,1,0,0,0,0,0,1,0,1,1,1,0,0,0,1,1,0,0,1,0,0,0,0,1,1,1,0,0,0,1,1,1,0,0,0,1,0,0,1,0,1,0,0,0,0,1,0,1,0,0,0,0,1,1,0,1,0,1,0,0,0,0,1,0,1,0,0,0,0,0,0,0,1,0,1,0,0,0,1,1,1,0,0,0,1,1,0,1,0,0,1,0,0,0,1,1,1,0,0,1,0,1,0,1,0,0,1,0,1,0,0,0,1,1,1,0,1,1,0,0,1,1,0,1,1,1,1,1,0,1,1,0,1,0,1,1,1,1,1,1,1,0,1,1,0,0,0,0,1,0,1,1,0,1,1,1,1,1,1,1,1,0,1,0,1,1,1,1,1,0,1,1,0,0,1,1,0,1,0,0,0,1,0,1,0,1,0,0
1,1,1,1,0,1,1,1,0,0,0,0,0,0,0,0,1,1,1,0,0,1,1,1,0,1,1,0,1,0,1,0,0,1,0,0,0,0,0,1,0,1,1,1,0,0,0,1,1,0,0,1,0,0,0,0,1,1,1,0,0,0,1,1,1,0,0,0,1,0,0,1,0,1,0,0,0,0,1,0,1,0,0,0,0,1,1,0,1,0,1,0,0,0,0,1,0,1,0,0,0,0,0,0,0,1,0,1,0,0,0,1,1,1,0,0,0,1,1,0,1,0,0,1,0,0,0,1,1,1,0,0,1,0,1,0,1,0,0,1,0,1,0,0,0,1,1,1,0,1,1,0,0,1,1,0,1,1,1,1,1,0,1,1,0,1,0,1,1,1,1,1,1,1,0,1,1,0,0,0,0,1,0,1,1,0,1,1,1,1,1,1,1,1,0,1,1,1,1,1,1,1,0,1,1,0,1,1,1,0,1,0,0,0,1,0,1,1,1,0,0
1,1,1,1,0,1,1,1,0,0,0,0,0,0,0,1,1,1,1,0,1,1,0,1,0,1,1,0,1,0,1,0,0,1,0,0,0,0,0,1,0,1,1,1,0,1,0,1,1,1,1,1,0,1,0,0,1,1,1,0,0,1,1,1,1,1,0,1,1,0,1,1,0,0,1,0,0,0,0,1,0,1,1,1,0,1,1,1,1,1,1,1,0,0,1,0,1,1,0,1,0,1,0,1,1,1,1,0,0,1,1,1,1,1,0,1,1,1,1,0,0,1,0,1,0,0,0,1,1,1,1,1,0,0,0,1,1,0,0,1,0,0,0,1,0,1,1,1,0,1,1,0,0,1,1,0,1,0,0,1,1,0,1,1,0,1,0,1,1,0,1,1,1,1,0,1,1,1,0,0,1,1,0,0,0,0,1,1,0,1,1,1,0,0,0,1,1,1,1,1,1,1,0,0,0,0,0,1,1,0,1,0,0,0,1,0,1,0,1,0,0
0,1,0,1,1,1,1,1,0,0,1,0,1,1,0,0,1,1,1,0,0,1,1,1,0,1,1,1,1,1,1,0,0,1,0,0,0,0,1,1,0,1,1,1,1,1,0,1,1,1,1,0,0,1,0,0,1,1,1,0,0,1,0,1,1,1,0,0,1,0,1,1,1,1,1,1,0,0,1,1,1,1,1,1,0,1,1,1,1,0,1,0,0,0,1,1,1,1,0,1,0,0,0,1,1,1,0,1,0,1,1,1,1,1,0,1,1,1,1,0,1,0,0,1,1,0,1,1,1,1,0,0,1,0,1,1,1,0,0,1,0,1,0,0,0,1,1,1,1,1,1,1,0,1,1,0,1,1,1,1,1,0,1,1,0,1,1,1,1,1,1,1,1,1,0,1,1,1,0,0,0,1,0,1,1,0,1,0,1,1,1,1,1,1,0,1,1,1,0,1,1,1,0,1,1,0,0,1,0,0,1,0,0,0,1,0,0,0,1,0,0
0,1,0,1,1,1,1,1,0,0,1,0,1,1,0,0,1,1,1,0,0,1,1,1,0,1,1,1,1,1,1,0,0,1,0,0,0,0,1,1,0,1,1,1,1,1,0,1,1,1,1,0,0,1,0,0,1,1,1,0,0,1,0,1,1,1,0,0,1,0,1,1,1,1,1,1,0,0,1,1,1,1,1,1,0,1,1,1,1,0,1,0,0,0,1,1,1,1,0,1,0,0,0,1,1,1,0,1,0,1,1,1,1,1,0,1,1,1,1,0,1,0,0,1,1,0,1,1,1,1,0,0,1,0,1,1,1,0,0,1,0,1,0,0,0,1,1,1,1,1,1,1,0,1,1,0,1,1,1,1,1,0,1,1,0,1,1,1,1,1,1,1,1,1,0,1,1,1,0,0,0,1,0,1,1,0,1,1,1,1,1,0,1,1,0,1,1,1,1,1,1,0,0,1,1,0,0,1,1,0,1,0,0,0,1,0,1,0,1,0,0
0,1,0,1,1,1,1,1,0,0,1,0,1,1,0,0,1,1,1,0,0,1,0,0,0,1,1,1,1,1,1,0,0,1,0,0,0,0,1,1,0,1,1,1,1,1,0,1,1,1,1,1,0,1,0,0,1,1,1,0,0,1,0,1,1,1,0,0,1,0,1,1,1,1,1,1,0,0,1,1,1,1,1,1,0,1,1,1,1,0,1,0,0,0,1,1,1,1,0,1,0,0,0,1,1,1,0,1,0,1,1,1,1,1,0,1,1,1,1,0,1,0,0,1,1,0,1,1,1,1,0,0,1,0,1,1,1,0,0,1,0,1,0,0,0,1,1,1,1,1,1,1,0,1,1,0,1,1,1,1,1,0,1,1,0,1,1,1,1,1,1,1,1,1,0,1,1,1,0,0,0,1,0,1,1,0,1,0,1,1,1,1,1,1,0,1,0,1,0,1,1,1,0,1,1,0,0,1,0,0,1,0,0,0,1,0,0,0,1,0,0
0,1,0,1,1,1,1,1,0,0,1,0,1,1,0,0,1,1,1,0,0,1,0,0,0,1,1,1,1,1,1,0,0,1,0,0,0,0,1,1,0,1,1,1,1,1,0,1,1,1,1,1,0,1,0,0,1,1,1,0,0,1,0,1,1,1,0,0,1,0,1,1,1,1,1,1,0,0,1,1,1,1,1,1,0,1,1,1,1,0,1,0,0,0,1,1,1,1,0,1,0,0,0,1,1,1,0,1,0,1,1,1,1,1,0,1,1,1,1,0,1,0,0,1,1,0,1,1,1,1,0,0,1,0,1,1,1,0,0,1,0,1,0,0,0,1,1,1,1,1,1,1,0,1,1,0,1,1,1,1,1,0,1,1,0,1,1,1,1,1,1,1,1,1,0,1,1,1,0,0,0,1,0,1,1,0,1,1,1,1,1,0,1,1,0,1,0,1,1,1,1,0,0,1,1,0,0,1,1,0,1,0,0,0,1,0,1,0,1,0,0
0,1,0,1,1,1,1,1,0,0,1,0,1,1,0,0,1,1,1,0,0,1,1,1,0,1,1,1,1,1,1,0,0,1,0,0,0,0,1,1,0,1,1,1,1,1,0,1,1,1,1,0,0,1,1,0,1,1,1,0,1,1,0,1,1,1,0,1,1,0,1,1,1,1,1,1,0,0,1,1,1,1,1,1,0,1,1,1,1,1,1,1,0,0,1,1,1,1,0,1,0,1,0,1,1,1,1,1,0,1,1,1,1,1,0,1,1,1,1,0,1,1,0,1,1,0,1,1,1,1,1,1,1,0,1,1,1,0,0,1,0,1,0,1,0,1,1,1,1,1,1,1,0,1,1,0,1,1,1,1,1,0,1,1,0,1,1,1,1,1,1,1,1,1,0,1,1,1,0,0,1,1,0,1,1,0,1,1,1,1,1,0,1,1,0,1,1,1,0,1,1,0,0,1,1,0,0,1,0,0,1,0,0,0,1,0,0,0,1,0,0
0,1,0,1,1,1,1,1,0,0,1,0,1,1,0,0,1,1,1,0,0,1,1,1,0,1,1,1,1,1,1,0,0,1,0,0,0,0,1,1,0,1,1,1,1,1,0,1,1,1,1,0,0,1,1,0,1,1,1,0,1,1,0,1,1,1,0,1,1,0,1,1,1,1,1,1,0,0,1,1,1,1,1,1,0,1,1,1,1,1,1,1,0,0,1,1,1,1,0,1,0,1,0,1,1,1,1,1,0,1,1,1,1,1,0,1,1,1,1,0,1,1,0,1,1,0,1,1,1,1,1,1,1,0,1,1,1,0,0,1,0,1,0,1,0,1,1,1,1,1,1,1,0,1,1,0,1,1,1,1,1,0,1,1,0,1,1,1,1,1,1,1,1,1,0,1,1,1,0,0,1,1,0,1,1,0,1,0,1,1,1,1,1,1,0,1,1,1,0,1,1,1,1,1,1,0,0,1,0,0,1,0,0,0,1,0,0,0,1,0,0
0,1,0,1,1,1,1,1,0,0,1,0,1,1,0,0,1,1,1,0,0,1,0,0,0,1,1,1,1,1,1,0,0,1,0,0,0,0,1,1,0,1,1,1,1,1,0,1,1,1,1,1,0,1,1,0,1,1,1,0,1,1,0,1,1,1,0,1,1,0,1,1,1,1,1,1,0,0,1,1,1,1,1,1,0,1,1,1,1,1,1,1,0,0,1,1,1,1,0,1,0,1,0,1,1,1,1,1,0,1,1,1,1,1,0,1,1,1,1,0,1,1,0,1,1,0,1,1,1,1,1,1,1,0,1,1,1,0,0,1,0,1,0,1,0,1,1,1,1,1,1,1,0,1,1,0,1,1,1,1,1,0,1,1,0,1,1,1,1,1,1,1,1,1,0,1,1,1,0,0,1,1,0,1,1,0,1,1,1,1,1,0,1,1,0,1,0,1,0,1,1,0,0,1,1,0,0,1,0,0,1,0,0,0,1,0,0,0,1,0,0
0,1,0,1,1,1,1,1,0,0,1,0,1,1,0,0,1,1,1,0,0,1,0,0,0,1,1,1,1,1,1,0,0,1,0,0,0,0,1,1,0,1,1,1,1,1,0,1,1,1,1,1,0,1,1,0,1,1,1,0,1,1,0,1,1,1,0,1,1,0,1,1,1,1,1,1,0,0,1,1,1,1,1,1,0,1,1,1,1,1,1,1,0,0,1,1,1,1,0,1,0,1,0,1,1,1,1,1,0,1,1,1,1,1,0,1,1,1,1,0,1,1,0,1,1,0,1,1,1,1,1,1,1,0,1,1,1,0,0,1,0,1,0,1,0,1,1,1,1,1,1,1,0,1,1,0,1,1,1,1,1,0,1,1,0,1,1,1,1,1,1,1,1,1,0,1,1,1,0,0,1,1,0,1,1,0,1,0,1,1,1,1,1,1,0,1,0,1,0,1,1,1,1,1,1,0,0,1,0,0,1,0,0,0,1,0,0,0,1,0,0
0,1,0,1,1,1,1,0,0,0,0,0,0,0,0,1,1,1,0,1,1,0,0,0,0,1,1,1,0,0,1,0,0,1,1,0,0,0,1,0,0,1,0,1,0,1,0,1,0,1,1,0,0,1,1,0,0,0,0,0,0,1,1,1,1,1,1,1,0,0,1,1,0,0,1,1,0,1,0,1,1,1,1,1,0,1,0,1,1,1,0,1,0,0,1,1,1,0,0,1,0,1,0,1,1,0,1,1,0,1,1,1,0,0,0,1,1,0,1,0,1,1,0,0,0,0,1,0,0,0,1,1,1,0,0,1,0,0,0,0,0,1,0,1,0,0,0,1,1,0,0,0,0,0,0,0,0,1,0,0,1,0,0,1,0,0,0,0,0,0,1,1,0,0,0,0,1,1,0,0,1,0,0,1,1,0,0,0,0,0,0,0,0,0,0,0,0,0,0,0,0,0,0,0,0,0,0,0,0,0,0,0,0,0,0,0,0,0,0,0,0
0,1,0,1,1,1,1,0,0,0,0,0,0,0,0,1,1,1,0,1,1,0,0,0,0,1,1,1,0,0,1,0,0,1,1,0,0,0,1,0,0,1,0,1,0,1,0,1,0,1,1,0,0,1,1,0,0,0,0,0,0,1,1,1,1,1,1,1,0,0,1,1,0,0,1,1,0,1,0,1,1,1,1,1,0,1,0,1,1,1,0,1,0,0,1,1,1,0,0,1,0,1,0,1,1,0,1,1,0,1,1,1,0,0,0,1,1,0,1,0,1,1,0,0,0,0,1,0,0,0,1,1,1,0,0,1,0,0,0,0,0,1,0,1,0,0,0,1,1,0,0,0,0,0,0,0,0,1,0,0,1,0,0,1,0,0,0,0,0,0,1,1,0,0,0,0,1,1,0,0,1,0,0,1,1,0,0,0,0,0,0,0,0,0,0,0,0,0,0,0,0,0,0,0,0,0,0,0,0,0,0,0,0,0,0,0,0,0,0,0,0
0,1,0,1,1,1,1,0,0,0,0,0,0,0,0,1,1,1,0,1,1,0,0,0,0,1,1,1,0,0,1,0,0,1,1,0,0,0,1,0,0,1,0,1,0,1,0,1,0,1,1,0,0,1,1,0,0,0,0,0,0,1,1,1,1,1,1,1,0,0,1,1,0,0,1,1,0,1,0,1,1,1,1,1,0,1,0,1,1,1,0,1,0,0,1,1,1,0,0,1,0,1,0,1,1,0,1,1,0,1,1,1,0,0,0,1,1,0,1,0,1,1,0,0,0,0,1,0,0,0,1,1,1,0,0,1,0,0,1,0,0,1,0,1,0,0,0,1,1,0,0,0,0,0,0,0,0,1,0,0,1,0,0,1,0,0,0,0,0,0,1,1,0,0,0,0,1,1,0,0,1,0,0,1,1,0,0,0,0,0,0,0,0,0,0,0,0,0,0,0,0,0,0,0,0,0,0,0,0,0,0,0,0,0,0,0,0,0,0,0,0
1,1,1,1,0,1,1,1,0,0,0,0,0,0,0,0,1,1,1,0,0,1,1,1,0,1,1,0,1,1,1,0,0,1,0,0,0,0,1,1,0,1,1,1,0,0,0,1,1,0,0,1,0,1,1,0,1,1,1,0,0,0,1,1,1,0,0,0,1,0,0,1,0,1,0,1,0,0,1,0,1,0,0,1,0,1,1,0,1,0,1,0,0,0,0,1,1,1,0,1,0,0,0,0,0,0,0,1,0,0,0,1,1,1,0,1,1,1,1,0,1,0,0,1,0,0,0,1,1,1,0,0,1,0,1,1,1,0,0,1,0,1,0,1,0,1,1,1,0,1,1,0,0,1,1,0,1,1,1,1,1,0,1,1,0,1,1,1,1,1,1,1,0,1,0,1,1,1,0,0,1,1,0,1,1,0,1,1,1,1,1,0,1,1,0,1,1,1,1,1,1,0,0,1,1,0,0,1,1,0,1,0,0,0,1,0,1,0,1,0,0
0,0,0,1,1,1,1,0,0,0,0,0,0,0,0,1,1,1,0,1,1,0,0,0,0,1,1,1,0,0,1,0,0,1,1,0,0,0,1,0,0,1,0,1,0,1,0,1,0,1,1,0,0,1,1,0,0,0,0,0,0,1,1,1,1,1,1,1,0,0,1,1,0,0,1,1,0,1,0,1,1,1,1,1,0,1,0,1,1,1,0,1,0,0,1,1,1,0,0,1,0,1,0,1,1,0,1,1,0,1,1,1,0,0,0,1,1,0,1,0,1,1,0,0,0,0,1,0,0,0,1,1,1,0,0,1,0,0,0,0,0,1,0,1,0,0,0,1,1,0,0,0,0,0,0,0,0,1,0,0,1,0,0,1,0,0,0,0,0,0,1,1,0,0,0,0,1,1,0,0,1,0,0,1,1,0,0,0,0,0,0,0,0,0,0,0,0,0,0,0,0,0,0,0,0,0,0,0,0,0,0,0,0,0,0,0,0,0,0,0,0
0,1,0,1,0,1,1,0,0,0,0,0,0,0,0,0,0,1,1,0,0,1,1,0,0,0,1,0,1,0,1,0,0,1,0,0,0,0,1,1,0,1,0,1,0,0,0,1,1,0,0,1,0,1,1,0,0,1,1,0,0,0,1,1,1,0,0,0,1,0,0,1,0,0,0,1,0,1,0,0,1,0,0,1,0,1,0,0,1,0,1,0,0,0,0,0,1,1,0,1,0,0,0,0,0,0,0,0,0,0,0,1,1,1,0,1,1,1,1,0,1,0,0,1,0,0,0,1,1,0,0,0,0,0,0,1,1,0,0,1,0,0,0,1,0,1,1,1,0,0,0,0,0,1,0,0,0,0,0,1,1,0,0,1,0,1,0,0,1,0,1,1,0,1,0,1,1,1,0,0,1,1,0,1,1,0,1,0,0,1,0,0,0,0,0,0,0,0,0,0,0,0,0,0,0,0,0,1,0,0,0,0,0,0,1,0,0,0,0,0,0
0,1,0,1,0,1,1,0,0,0,0,0,0,0,0,0,0,1,1,0,0,1,1,0,0,0,1,0,1,0,1,0,0,1,1,0,0,0,1,1,0,1,0,1,0,0,0,1,0,0,0,1,0,1,1,0,0,1,1,0,0,0,1,1,1,0,0,0,0,1,0,1,0,0,0,1,0,1,0,0,1,0,0,1,0,1,0,0,1,0,0,0,0,0,0,0,1,1,0,1,0,0,0,0,0,0,0,0,0,0,0,1,1,1,0,1,1,1,1,0,1,0,0,0,0,0,0,1,1,0,0,0,0,0,0,1,0,0,0,0,0,0,0,1,0,0,1,1,0,0,0,0,1,1,0,0,0,0,0,0,1,0,0,1,0,1,0,0,1,0,1,1,0,1,0,1,1,1,0,0,1,0,1,1,1,0,1,0,0,1,0,0,0,0,0,0,0,0,1,0,0,0,0,0,0,0,0,0,1,0,0,0,0,0,0,0,1,0,0,0,0
0,1,0,1,0,1,1,0,0,0,0,0,0,0,0,0,0,1,1,0,0,1,1,0,0,0,1,0,1,0,1,0,0,1,1,0,0,0,1,1,0,1,0,1,0,0,0,1,1,0,0,1,0,1,1,0,0,1,1,0,0,0,1,1,1,0,0,0,1,1,0,1,0,0,0,1,0,1,0,0,1,0,0,1,0,1,0,0,1,0,1,0,0,0,0,0,1,1,0,1,0,0,0,0,0,0,0,0,0,0,0,1,1,1,1,1,1,1,1,0,1,0,0,1,0,1,0,1,1,0,0,0,0,0,0,1,1,0,0,1,0,0,0,1,0,1,1,1,0,0,0,0,1,1,0,0,0,0,0,1,1,1,0,1,0,1,0,0,1,0,1,1,0,1,0,1,1,1,0,1,1,1,1,1,1,0,1,0,0,1,0,0,0,0,0,0,0,0,1,0,0,0,0,0,0,0,0,1,1,0,0,0,1,0,1,0,1,0,0,0,1
0,1,0,1,0,1,1,0,0,0,0,0,0,0,0,0,0,1,1,0,0,1,1,0,0,0,1,0,1,0,1,0,0,1,0,0,0,0,1,1,0,1,0,1,0,0,0,1,1,0,0,1,0,1,1,0,0,1,1,0,0,0,1,1,1,0,0,0,1,0,0,1,0,0,0,1,0,1,0,0,1,0,0,1,0,1,0,0,1,0,1,0,0,0,0,0,1,1,0,1,0,0,0,0,0,0,0,0,0,0,0,1,1,1,0,1,1,1,1,0,1,0,0,1,0,0,0,1,1,0,0,0,0,0,0,1,1,0,0,1,0,0,0,1,0,1,1,1,0,0,0,0,0,1,0,0,0,0,0,1,1,0,0,1,0,1,0,0,1,0,1,1,0,1,0,1,1,1,0,0,1,1,0,1,1,0,1,0,0,1,0,0,0,0,0,0,0,0,1,0,0,0,0,0,0,0,0,0,1,0,0,0,0,0,0,0,1,0,0,0,0
0,1,0,1,0,1,1,0,0,0,0,0,0,0,0,0,0,1,1,0,0,1,1,0,0,0,1,0,1,0,1,0,0,1,0,0,0,0,1,1,0,1,0,1,0,0,0,1,1,0,0,1,0,1,1,0,0,1,1,0,0,0,1,1,1,0,0,0,1,0,0,1,0,0,0,1,0,1,0,0,1,0,0,1,0,1,0,0,1,0,1,0,0,0,0,0,1,1,0,1,0,0,0,0,0,0,0,0,0,0,0,1,1,1,1,1,1,1,1,0,1,0,0,1,0,1,0,1,1,0,0,0,0,0,0,1,1,0,0,1,0,0,0,1,0,1,1,1,0,0,0,0,0,1,0,0,0,0,0,1,1,1,0,1,0,1,0,0,1,0,1,1,0,1,0,1,1,1,0,1,1,1,0,1,1,0,1,0,0,1,0,0,0,0,0,0,0,0,1,0,0,0,0,0,0,0,0,1,1,0,0,0,1,0,1,0,1,0,0,0,1
0,1,0,1,0,1,1,0,0,0,0,0,0,0,0,0,0,1,1,0,0,1,1,0,0,0,1,0,1,0,1,0,0,1,0,0,0,0,1,1,0,1,0,1,0,0,0,1,1,0,0,1,0,1,1,0,0,1,1,0,0,0,1,1,1,0,0,0,1,0,0,1,0,0,0,1,0,1,0,0,1,0,0,1,0,1,0,0,1,0,1,0,0,0,0,0,1,1,0,1,0,0,0,0,0,0,0,0,0,0,0,1,1,1,0,1,1,1,1,0,1,0,0,1,0,0,0,1,1,1,0,0,0,0,0,1,1,0,0,1,0,0,0,1,0,1,1,1,0,0,0,0,0,1,0,0,0,0,0,1,1,0,0,1,0,1,0,1,1,0,1,1,0,1,0,1,1,1,0,0,1,1,0,1,1,0,1,0,0,1,1,0,0,0,0,0,0,1,0,1,1,0,0,0,0,0,0,1,0,0,1,0,0,0,1,0,0,0,1,0,0
0,1,0,1,0,1,1,0,0,0,0,0,0,0,0,1,1,1,1,0,0,1,0,0,0,0,1,0,0,0,1,0,0,1,1,0,1,0,0,1,0,1,0,1,0,0,0,1,0,0,0,0,0,0,0,0,0,1,1,0,0,0,1,1,1,0,0,0,0,1,0,1,0,0,0,0,0,1,0,0,1,0,0,0,0,1,0,0,1,0,0,0,0,0,0,0,0,1,0,0,0,0,0,0,0,1,0,0,0,0,0,1,1,1,0,0,0,1,1,0,1,0,0,0,0,0,0,1,1,1,0,0,0,0,0,0,0,0,0,0,0,0,0,0,0,0,1,1,0,0,0,0,1,1,0,0,0,0,0,0,1,0,0,1,0,1,0,1,1,0,1,1,1,1,0,1,1,0,0,0,0,0,1,1,1,0,1,0,0,1,1,0,0,0,0,0,0,1,0,0,1,0,0,0,0,0,0,1,0,0,1,0,0,0,1,0,0,0,1,0,0
0,1,0,1,0,1,1,0,0,0,0,0,0,0,0,1,1,1,1,0,0,1,0,0,0,0,1,0,0,0,1,0,0,1,1,0,1,0,0,1,0,1,0,1,0,0,0,1,0,0,0,0,0,0,0,0,0,1,1,0,0,0,1,1,1,0,0,0,0,1,0,1,0,0,0,0,0,1,0,0,1,0,0,0,0,1,0,0,1,0,0,0,0,0,0,0,0,1,0,0,0,0,0,0,0,1,0,0,0,0,0,1,1,1,0,0,0,1,1,0,1,0,0,0,0,0,0,1,1,0,0,0,0,0,0,0,0,0,0,0,0,0,0,0,0,0,1,1,0,0,0,0,1,1,0,0,0,0,0,0,1,0,0,1,0,1,0,0,1,0,1,1,1,1,0,1,1,0,0,0,0,0,1,1,1,0,1,0,0,1,0,0,0,0,0,0,0,0,1,0,0,0,0,0,0,0,0,0,1,0,0,0,0,0,0,0,1,0,0,0,0
1,1,0,1,0,1,1,0,0,0,0,0,0,0,0,1,1,1,1,0,0,1,0,0,0,0,1,0,0,0,1,0,0,1,0,0,1,0,0,1,0,1,0,1,0,0,0,1,1,0,0,1,0,0,0,0,0,1,1,0,0,0,1,1,1,0,0,0,1,0,0,1,0,0,0,0,0,1,0,0,1,0,0,0,0,1,0,0,1,0,1,0,0,0,0,0,0,1,0,0,0,0,0,0,0,1,0,0,0,0,0,1,1,1,0,0,0,1,1,0,1,0,0,1,0,0,0,1,1,1,0,0,0,0,0,0,1,0,0,1,0,0,0,0,0,1,1,1,0,0,0,0,0,1,0,0,0,0,0,1,1,0,0,1,0,1,0,1,1,0,1,1,1,1,0,1,1,0,0,0,0,1,0,1,1,0,1,0,0,1,1,0,0,0,0,0,0,1,0,1,1,0,0,0,0,0,0,1,0,0,1,0,0,0,1,0,0,0,1,0,0
0,1,0,1,0,1,1,0,0,0,0,0,0,0,0,1,1,1,1,0,0,1,0,0,0,0,1,0,0,0,1,0,0,1,0,0,1,0,0,1,0,1,0,1,0,0,0,1,1,0,0,1,0,0,0,0,0,1,1,0,0,0,1,1,1,0,0,0,1,0,0,1,0,0,0,0,0,1,0,0,1,0,0,0,0,1,0,0,1,0,1,0,0,0,0,0,0,1,0,0,0,0,0,0,0,1,0,0,0,0,0,1,1,1,0,0,0,1,1,0,1,0,0,1,0,0,0,1,1,0,0,0,0,0,0,0,1,0,0,1,0,0,0,0,0,1,1,1,0,0,0,0,0,1,0,0,0,0,0,1,1,0,0,1,0,1,0,0,1,0,1,1,1,1,0,1,1,0,0,0,0,1,0,1,1,0,1,0,0,1,0,0,0,0,0,0,0,0,0,0,0,0,0,0,0,0,0,1,0,0,0,0,0,0,1,0,0,0,0,0,0
0,1,0,1,0,1,0,0,0,0,0,0,0,0,0,1,1,1,1,1,1,1,0,1,0,1,1,0,1,0,1,0,0,0,1,0,1,0,1,1,0,1,0,1,1,1,0,1,0,0,0,0,0,1,1,0,0,1,1,1,1,1,1,0,0,1,0,1,0,1,1,0,1,0,0,1,0,0,0,1,0,0,0,1,0,0,0,1,1,1,0,1,0,0,0,0,1,1,0,1,0,1,0,0,1,0,1,0,0,1,1,1,1,1,0,1,1,1,1,0,0,1,0,0,1,0,1,1,1,0,1,1,0,0,0,1,0,0,0,0,0,0,0,1,0,0,1,1,1,0,0,0,1,1,0,0,0,0,0,0,1,0,0,1,0,1,0,0,1,0,0,0,0,1,0,1,1,1,1,0,1,0,1,0,0,0,1,0,0,1,0,0,0,0,0,1,0,1,1,0,0,0,0,0,0,0,0,0,1,0,0,1,0,0,0,0,1,0,0,1,0
0,1,0,1,0,1,0,0,0,0,0,0,0,0,0,1,1,1,1,1,1,1,0,1,0,1,1,0,1,0,1,0,0,0,1,0,1,0,1,1,0,1,0,1,1,1,0,1,0,0,0,0,0,1,1,0,0,1,1,1,1,1,1,0,0,1,0,1,0,1,1,0,1,0,0,1,0,0,0,1,0,0,0,1,0,0,0,1,1,1,0,1,0,0,0,0,1,1,0,1,0,1,0,0,1,0,1,0,0,1,1,1,1,1,0,1,1,1,1,0,0,1,0,0,1,0,1,1,1,0,1,1,0,0,0,1,0,0,0,0,0,0,0,1,0,0,1,1,1,0,0,0,1,1,0,0,0,0,0,0,1,0,0,1,0,1,0,0,1,0,0,0,0,1,0,1,1,1,1,0,1,0,1,0,0,0,1,0,0,1,0,0,0,0,0,1,0,1,1,0,0,0,0,0,0,0,0,0,1,0,0,1,0,0,0,0,1,0,0,1,0
1,1,0,1,0,1,0,0,0,0,0,0,0,0,0,1,1,1,1,1,1,1,0,1,0,1,1,0,1,0,1,0,0,0,1,0,1,0,1,1,0,1,0,1,1,1,0,1,0,0,0,0,0,1,1,0,0,1,1,1,1,1,1,0,0,1,0,1,0,1,1,0,1,0,0,1,0,0,0,1,0,0,0,1,0,0,0,1,1,1,0,1,0,0,0,0,1,1,0,1,0,1,0,0,1,0,1,0,0,1,1,1,1,1,0,1,1,1,1,0,0,1,0,0,1,0,1,1,1,0,1,1,0,0,0,1,0,0,0,0,0,0,0,1,0,0,1,1,1,0,0,0,1,1,0,0,0,0,0,0,1,0,0,1,0,1,0,0,1,0,0,0,0,1,0,1,1,1,1,0,1,0,1,0,0,0,1,0,0,1,0,0,0,0,0,1,0,1,1,0,0,0,0,0,0,0,0,0,1,0,0,1,0,0,0,0,1,0,0,1,0
0,1,0,1,1,1,0,0,0,0,0,0,0,0,0,1,1,1,1,1,1,1,0,1,0,1,1,0,1,0,1,0,0,0,1,0,1,1,1,1,0,1,0,1,1,1,0,1,0,0,0,0,0,1,1,0,0,1,1,1,1,1,1,0,0,1,0,1,0,1,1,0,1,0,0,1,0,0,0,1,0,0,0,1,0,0,0,1,1,1,0,1,0,0,0,0,1,1,0,1,0,1,0,0,1,0,1,0,0,1,1,1,1,1,0,1,1,1,1,0,0,1,0,0,1,0,1,1,1,0,1,1,0,0,0,1,0,0,0,0,0,0,0,1,0,0,1,1,1,0,0,0,1,1,0,0,0,0,0,0,1,0,0,1,0,1,0,0,1,0,0,0,0,1,0,1,1,1,1,0,1,0,1,0,0,0,1,0,0,1,0,0,0,0,0,1,0,1,1,0,0,0,0,0,0,0,0,0,1,0,0,1,0,0,0,0,1,0,0,1,0
0,1,0,1,1,1,0,0,0,0,0,0,0,0,0,1,1,1,1,1,1,1,0,1,0,1,1,0,1,0,1,0,0,0,1,0,1,1,1,1,0,1,0,1,1,1,0,1,0,0,0,0,0,1,1,0,0,1,1,1,1,1,1,0,0,1,0,1,0,1,1,0,1,0,0,1,0,0,0,1,0,0,0,1,0,0,0,1,1,1,0,1,0,0,0,0,1,1,0,1,0,1,0,0,1,0,1,0,0,1,1,1,1,1,0,1,1,1,1,0,0,1,0,0,1,0,1,1,1,0,1,1,0,0,0,1,0,0,0,0,0,0,0,1,0,0,1,1,1,0,0,0,1,1,0,0,0,0,0,0,1,0,0,1,0,1,0,0,1,0,0,0,0,1,0,1,1,1,1,0,1,0,1,0,0,0,1,0,0,1,0,0,0,0,0,1,0,1,1,0,0,0,0,0,0,0,0,0,1,0,0,1,0,0,0,0,1,0,0,1,0
1,1,0,1,1,1,0,0,0,0,0,0,0,0,0,1,1,1,1,1,1,1,0,1,0,1,1,0,1,0,1,0,0,0,1,0,1,1,1,1,0,1,0,1,1,1,0,1,0,0,0,0,0,1,1,0,0,1,1,1,1,1,1,0,0,1,0,1,0,1,1,0,1,0,0,1,0,0,0,1,0,0,0,1,0,0,0,1,1,1,0,1,0,0,0,0,1,1,0,1,0,1,0,0,1,0,1,0,0,1,1,1,1,1,0,1,1,1,1,0,0,1,0,0,1,0,1,1,1,0,1,1,0,0,0,1,0,0,0,0,0,0,0,1,0,0,1,1,1,0,0,0,1,1,0,0,0,0,0,0,1,0,0,1,0,1,0,0,1,0,0,0,0,1,0,1,1,1,1,0,1,0,1,0,0,0,1,0,0,1,0,0,0,0,0,1,0,1,1,0,0,0,0,0,0,0,0,0,1,0,0,1,0,0,0,0,1,0,0,1,0
0,0,0,0,0,1,0,0,0,1,0,0,0,0,0,0,0,0,0,0,0,0,0,0,0,0,0,0,0,0,1,0,1,0,0,0,0,0,0,1,1,1,1,1,0,0,1,1,1,0,0,1,0,0,0,0,0,1,1,0,0,0,1,0,0,0,0,0,1,0,0,0,0,0,0,0,0,0,0,0,0,0,0,0,0,0,0,0,0,0,1,0,0,0,0,0,0,1,1,0,1,0,0,0,0,0,0,0,0,0,0,1,1,1,0,0,0,1,0,1,0,0,0,1,0,0,0,1,1,0,0,0,0,0,0,0,1,1,0,1,0,0,1,0,0,1,1,0,0,0,1,0,0,1,1,0,0,0,0,1,0,0,1,0,0,1,1,0,1,0,0,0,0,1,0,1,1,0,0,0,0,1,0,0,0,0,1,0,0,1,0,0,0,0,0,0,0,0,0,0,0,0,0,0,0,0,0,0,0,0,0,0,0,0,0,0,0,0,0,0,0
0,0,0,0,0,0,0,0,0,0,0,0,0,0,0,0,0,0,0,0,0,0,0,0,0,0,0,0,0,0,0,0,0,0,0,0,0,1,1,0,0,1,0,0,0,0,0,1,0,0,0,1,0,0,0,0,0,0,0,0,0,0,1,0,0,0,0,0,0,0,0,0,0,0,0,0,0,0,0,0,0,0,0,0,0,0,0,0,0,0,0,0,0,0,0,0,0,0,0,0,0,0,0,0,0,0,0,0,0,0,0,1,0,0,0,0,0,0,0,0,0,0,0,0,0,0,0,0,0,0,0,0,0,0,0,0,0,0,0,0,0,0,0,0,0,0,0,1,0,0,0,0,0,0,0,0,0,0,0,0,0,0,0,0,0,0,0,0,0,0,0,0,0,0,0,0,1,0,0,0,0,0,0,0,0,0,0,0,0,0,0,0,0,0,0,1,0,0,0,0,0,0,0,0,0,0,0,0,0,0,0,0,0,0,0,0,0,0,0,0,0
1,1,0,1,1,1,0,0,0,0,0,0,0,0,0,1,1,1,1,1,1,1,0,1,0,1,1,0,1,0,1,0,0,0,1,0,1,1,1,1,0,1,0,1,1,1,0,1,0,1,1,0,0,1,1,0,0,1,1,1,1,1,1,0,0,1,0,1,0,1,1,0,1,0,1,1,0,0,0,1,0,1,1,1,0,0,0,1,1,1,0,1,0,0,1,0,1,1,0,1,0,1,0,1,1,0,1,0,0,1,1,1,1,1,0,1,1,1,1,0,0,1,0,0,1,0,0,1,1,0,1,1,0,0,0,1,0,0,0,0,0,0,0,1,0,0,1,1,0,0,0,0,1,1,0,0,0,0,0,0,1,0,0,1,0,1,0,0,1,0,0,0,0,1,0,1,1,1,1,0,1,0,1,0,0,0,1,0,0,1,0,1,0,0,0,1,0,1,1,0,0,1,0,0,0,0,1,1,1,1,0,1,0,0,1,0,1,1,0,1,0
0,1,0,0,0,1,0,0,0,0,0,0,0,0,0,1,1,1,1,0,0,1,1,1,0,0,1,0,1,0,1,0,0,0,0,0,0,0,0,1,0,1,1,1,0,0,0,1,1,0,0,0,0,0,0,0,0,1,1,0,0,0,1,0,0,0,0,0,1,0,0,0,0,0,0,0,0,0,0,0,0,0,0,0,0,0,0,0,1,0,1,0,0,0,0,0,0,1,0,0,0,0,0,0,0,0,0,0,0,0,0,1,1,1,0,0,0,1,1,0,0,0,0,1,0,0,0,1,1,0,0,0,0,0,0,0,1,0,0,1,0,0,0,0,0,1,1,1,0,0,1,0,0,1,1,0,0,0,0,1,1,0,1,1,0,1,0,0,1,0,0,0,0,1,0,1,1,0,0,0,0,1,0,0,0,0,1,0,0,1,0,1,0,0,0,1,0,1,0,0,0,1,0,0,0,0,1,1,0,1,0,0,0,0,1,0,0,1,0,0,0
0,1,0,1,0,1,1,0,0,0,0,0,0,0,0,1,1,1,1,1,1,1,0,1,0,0,1,0,0,0,1,0,0,0,0,0,0,1,1,1,0,1,1,1,0,0,0,1,1,0,0,0,0,0,0,0,0,1,1,0,0,0,1,0,0,0,0,0,1,0,0,1,0,0,0,0,0,1,0,0,1,0,0,0,0,1,0,0,1,0,1,0,0,0,0,0,0,1,0,0,0,0,0,0,0,0,0,0,0,0,0,1,1,1,0,0,0,1,1,0,0,0,0,1,1,0,1,1,1,0,0,0,0,0,0,0,1,0,1,1,0,0,0,0,0,1,1,1,1,0,1,1,0,1,1,0,0,0,0,1,1,0,1,1,0,1,0,0,1,0,0,1,1,1,0,1,1,0,1,0,0,1,0,0,0,0,1,0,0,1,0,0,0,0,0,0,0,0,0,0,0,0,0,0,0,0,0,0,0,0,0,0,0,0,0,0,0,0,0,0,0
0,1,0,1,1,1,1,0,1,0,1,0,1,1,1,0,0,1,1,0,0,1,1,0,0,1,1,1,1,1,1,1,0,0,0,0,0,0,1,1,0,0,1,1,1,1,0,0,1,0,0,1,1,1,1,1,0,1,1,1,1,1,1,0,0,1,1,1,1,0,1,1,1,0,0,1,1,1,0,1,1,0,0,1,1,1,0,1,1,1,1,1,1,1,0,0,1,1,0,1,0,1,1,0,1,0,1,0,0,1,1,0,1,1,0,1,1,1,1,0,0,1,1,1,0,0,0,1,1,0,1,1,0,0,0,1,1,0,0,1,1,0,0,1,0,1,1,1,0,0,1,0,0,1,1,0,0,0,0,1,1,0,1,1,0,1,0,0,1,0,0,1,0,1,1,1,1,1,0,0,1,1,0,0,0,1,1,1,0,1,0,0,0,0,0,1,0,0,0,0,0,0,0,0,0,0,1,0,0,1,0,0,0,0,0,0,0,1,0,0,0
0,1,0,1,0,1,0,0,0,0,0,0,0,0,0,1,1,1,1,1,1,1,0,1,0,0,1,0,0,0,1,0,0,0,0,0,0,1,1,0,0,1,0,1,0,0,0,1,0,0,0,0,0,0,0,0,0,0,0,0,0,0,1,0,0,0,0,0,0,0,0,1,0,0,0,0,0,1,0,0,1,0,0,0,0,1,0,0,1,0,0,0,0,0,0,1,0,0,0,0,0,0,0,0,0,0,0,1,0,0,0,1,0,0,0,0,0,0,1,0,1,0,0,0,0,0,1,0,0,0,0,0,1,0,0,0,0,0,1,0,0,1,0,0,0,0,0,1,1,0,0,0,0,0,0,0,0,1,0,0,1,0,0,1,0,0,0,0,0,0,0,1,1,0,0,0,1,0,0,0,0,0,0,1,1,0,0,0,1,0,0,0,1,0,0,0,0,0,0,0,0,0,0,1,0,0,0,0,0,0,0,0,0,0,0,0,0,0,0,0,0
0,1,0,1,0,1,1,0,0,0,0,0,0,0,0,1,1,1,1,0,0,1,0,0,0,0,1,0,0,0,1,0,0,1,0,0,0,0,0,1,0,1,1,1,0,0,0,1,1,0,0,0,0,0,0,0,0,1,1,0,0,0,1,1,1,0,0,0,1,0,0,0,0,0,0,0,0,0,0,0,0,0,0,0,0,0,0,0,1,0,1,0,0,0,0,0,0,1,0,0,0,0,0,0,0,1,0,0,0,0,0,1,1,1,0,0,0,1,1,0,0,0,0,1,1,0,1,1,1,0,0,0,0,0,0,0,1,0,0,1,0,0,0,0,0,1,1,1,1,0,1,1,0,1,1,0,0,0,0,1,1,0,1,1,0,1,1,0,1,0,1,0,0,1,0,1,1,0,1,0,0,1,0,0,0,0,1,0,0,1,0,0,0,0,0,0,0,1,0,0,0,0,0,0,0,0,0,0,0,0,1,0,0,0,0,0,0,0,1,0,0
0,1,0,1,1,1,1,0,1,0,1,0,1,1,1,0,0,1,1,0,0,0,0,0,0,1,1,1,1,1,1,1,0,1,0,0,0,0,1,1,0,1,1,1,1,1,0,1,1,0,0,0,1,1,1,1,0,1,1,0,1,1,1,0,1,1,1,1,1,0,1,1,1,1,0,1,1,0,0,1,1,0,0,1,1,0,0,1,1,1,1,1,1,1,0,1,1,1,0,1,0,1,1,0,1,1,1,1,1,1,1,0,1,1,0,1,1,1,1,0,1,1,1,1,1,0,0,1,1,0,1,1,1,0,0,1,1,0,0,1,1,1,0,1,0,1,1,1,0,0,1,1,0,1,1,0,0,1,0,1,1,0,1,1,0,1,0,0,1,0,1,0,0,1,1,1,1,1,1,0,1,1,0,1,1,1,1,0,1,0,0,1,0,0,1,0,0,0,0,0,0,1,0,0,0,0,0,0,0,0,0,0,0,0,0,0,0,0,0,0,0
0,1,0,1,0,1,0,0,1,0,1,0,0,1,0,1,1,1,1,1,1,1,0,1,0,1,1,1,1,1,1,1,0,0,0,0,0,0,1,0,0,1,0,1,0,0,0,1,0,0,0,1,1,1,1,0,0,1,0,0,0,0,1,0,0,1,0,0,0,0,1,1,1,0,0,1,0,1,0,1,1,0,0,1,1,1,0,1,1,1,0,1,1,1,0,1,1,0,0,1,0,1,1,0,1,0,1,1,0,1,1,1,0,0,0,1,1,0,1,0,1,1,1,0,0,0,0,0,0,0,1,0,1,1,0,1,0,0,1,0,1,1,0,1,1,0,0,1,0,0,0,0,0,0,0,0,0,1,0,0,1,0,0,1,1,0,0,0,0,0,0,1,0,0,1,0,1,1,0,0,1,0,0,1,0,1,0,0,1,0,0,0,0,0,1,0,0,0,0,0,0,0,0,0,0,0,1,0,0,0,0,0,0,0,0,0,0,0,0,0,0
0,1,0,0,0,1,1,0,0,0,0,0,0,0,0,0,0,1,1,0,0,1,1,1,0,0,1,0,1,0,1,0,0,0,0,0,0,0,0,1,0,1,1,1,0,0,0,1,1,0,0,1,0,0,0,0,0,1,1,0,0,0,1,0,0,0,0,0,1,0,0,0,0,0,0,0,0,0,0,0,0,0,0,0,0,0,0,0,1,0,1,0,0,0,0,0,0,1,0,0,0,0,0,0,0,0,0,0,0,0,0,1,1,1,1,0,0,1,1,0,0,0,0,1,0,1,0,1,1,0,0,0,0,0,0,0,1,0,0,1,0,0,0,0,0,1,1,1,0,0,1,0,0,1,1,0,0,0,0,1,1,1,1,1,0,1,0,0,1,0,0,0,0,1,0,1,1,0,0,1,0,1,0,0,0,0,1,1,0,1,0,1,0,0,0,1,0,1,1,0,0,1,0,0,0,0,0,1,1,0,0,0,1,0,1,0,1,0,0,0,1
1,1,0,1,0,1,1,0,0,0,0,0,0,0,0,1,1,1,1,1,1,1,0,1,0,0,1,0,0,0,1,0,0,0,0,0,0,1,1,1,0,1,1,1,0,0,0,1,1,0,0,1,0,0,0,0,0,1,1,1,0,0,1,0,0,0,0,0,1,0,0,1,0,0,0,0,0,1,0,0,1,0,0,0,0,1,0,0,0,0,1,0,0,0,0,0,0,1,0,0,0,0,0,0,0,0,0,0,0,0,0,1,1,1,0,0,0,1,0,0,0,0,0,1,1,0,1,1,1,0,0,0,0,0,0,0,1,0,1,1,0,0,0,0,0,1,1,0,1,0,1,1,0,1,1,0,0,0,0,1,0,0,1,0,0,1,0,0,1,0,0,1,1,1,0,1,1,0,1,0,0,1,0,0,0,0,1,0,0,1,0,0,0,0,0,1,1,1,1,0,0,0,0,0,0,0,1,1,0,0,0,0,0,0,1,0,0,0,0,0,0
0,0,0,0,0,1,0,0,1,0,1,0,0,1,0,0,0,1,1,0,0,0,0,0,0,0,1,0,0,0,1,1,0,0,0,0,0,0,0,1,0,0,0,1,0,0,0,0,0,0,0,0,0,0,0,0,0,1,1,0,0,0,0,0,0,0,0,0,1,0,0,0,0,0,0,0,0,0,0,0,0,0,0,0,0,0,0,0,0,0,1,0,0,0,0,0,0,1,0,0,0,0,0,0,0,0,0,0,0,0,0,0,1,1,0,0,0,1,0,0,0,0,0,1,0,0,0,1,1,0,0,0,0,0,0,0,1,0,0,1,0,0,0,0,0,1,1,0,0,0,1,0,0,1,1,0,0,0,0,1,0,0,1,0,0,1,0,0,1,0,0,0,0,1,0,1,0,0,0,0,0,1,0,0,0,0,1,0,0,1,0,0,0,0,0,1,0,1,0,0,0,0,0,0,0,0,0,0,0,0,1,0,0,0,0,0,0,0,1,0,0
0,1,0,1,0,1,1,0,0,1,0,0,0,0,0,1,1,1,1,0,0,1,0,0,0,0,1,0,0,0,1,0,1,1,0,0,0,0,1,1,1,1,1,1,0,0,1,1,1,0,0,0,0,1,1,0,0,1,1,0,0,0,1,1,1,0,0,0,1,0,0,1,0,0,0,1,0,1,0,0,1,0,0,1,0,1,0,0,1,0,1,0,0,0,0,0,1,1,1,1,1,0,0,0,0,0,0,0,0,0,0,1,1,1,0,1,1,1,1,1,0,0,0,1,1,0,0,1,1,0,0,0,0,0,0,1,1,1,0,1,0,0,1,1,0,1,1,1,0,0,1,1,0,1,1,0,0,0,0,1,1,0,1,1,0,1,0,0,1,0,1,1,0,1,0,1,1,1,1,0,1,1,0,0,0,0,1,0,0,1,0,0,0,0,0,0,0,0,0,0,0,0,0,0,0,0,0,0,0,0,0,0,0,0,0,0,0,0,0,0,0
0,1,0,0,0,1,1,0,0,0,1,0,0,1,0,0,0,1,1,0,0,0,0,0,0,0,1,0,0,0,1,0,0,0,0,0,1,0,0,1,0,0,0,1,0,0,0,0,0,0,0,1,0,0,0,0,0,1,1,0,0,0,0,0,0,0,0,0,1,0,0,1,0,1,0,0,0,0,0,0,1,0,0,0,0,0,0,0,0,0,1,0,0,0,0,1,0,1,0,0,0,0,0,0,0,0,0,1,0,0,0,0,1,1,0,0,0,1,0,0,1,0,0,1,0,0,0,1,1,0,0,0,1,0,1,0,1,0,0,1,0,1,0,0,0,1,1,0,0,0,1,0,0,1,1,0,0,1,1,1,0,0,1,0,0,1,0,0,1,1,0,0,0,1,0,1,0,0,0,0,0,1,0,1,1,0,1,0,1,1,0,0,1,0,0,1,1,1,0,0,0,0,0,1,0,0,0,0,0,0,1,0,0,1,0,0,0,0,1,0,0
0,1,0,0,0,1,1,0,0,0,1,0,0,1,0,0,0,1,1,0,0,0,0,0,0,0,1,0,0,0,1,0,0,0,0,0,0,0,0,1,0,0,0,1,0,0,0,0,1,0,0,1,0,0,0,0,0,1,1,0,0,0,0,0,0,0,0,0,1,0,0,1,0,1,0,0,0,0,0,0,1,0,0,0,0,0,0,0,0,0,1,0,0,0,0,1,0,1,0,0,0,0,0,0,0,0,0,1,0,0,0,0,1,1,0,0,0,1,0,0,1,0,0,1,0,0,0,1,1,0,0,0,1,0,1,0,1,0,0,1,0,1,0,0,0,1,1,0,0,0,1,0,0,1,1,0,0,1,1,1,0,0,1,0,0,1,0,0,1,1,0,0,0,1,0,1,0,0,0,0,0,1,0,1,1,0,1,0,1,1,0,0,1,0,0,1,0,1,0,0,0,0,0,1,0,0,0,1,0,0,1,0,0,0,1,0,0,0,1,0,0
0,1,0,0,0,1,1,1,0,0,0,0,0,0,0,0,0,1,1,0,0,0,0,0,0,0,1,0,0,0,1,0,0,0,1,0,0,0,0,1,0,0,0,1,0,0,0,1,0,0,0,1,0,0,0,0,1,1,1,0,0,0,1,0,0,0,0,0,1,1,0,1,0,1,0,0,0,0,0,0,1,0,0,0,0,1,1,0,0,0,1,0,0,0,0,1,0,1,0,0,0,0,0,0,0,0,0,1,0,0,0,1,1,1,0,0,0,1,0,0,1,0,0,1,0,0,0,1,1,0,0,0,1,0,0,0,1,0,0,1,0,1,0,0,0,1,1,0,0,1,0,0,1,1,0,0,1,1,0,1,0,0,0,0,0,1,0,0,1,0,0,0,1,1,0,1,0,0,0,0,0,1,1,1,1,0,1,0,1,1,0,0,1,0,0,1,0,1,1,0,0,0,0,1,0,0,0,1,1,0,0,0,0,0,1,0,1,0,0,0,0
0,1,0,0,0,1,1,1,0,0,0,0,0,0,0,0,0,1,1,0,0,0,0,0,0,0,1,0,0,0,1,0,0,0,0,0,0,0,0,1,0,0,0,1,0,0,0,1,1,0,0,1,0,0,0,0,1,1,1,0,0,0,1,0,0,0,0,0,1,0,0,1,0,1,0,0,0,0,0,0,1,0,0,0,0,1,1,0,0,0,1,0,0,0,0,1,0,1,0,0,0,0,0,0,0,0,0,1,0,0,0,1,1,1,0,0,0,1,0,0,1,0,0,1,0,0,0,1,1,0,0,0,1,0,0,0,1,0,0,1,0,1,0,0,0,1,1,0,0,1,0,0,0,1,0,0,1,1,0,1,0,0,0,0,0,1,0,0,1,0,0,0,1,1,0,1,0,0,0,0,0,1,0,1,1,0,1,0,1,1,0,0,1,0,0,1,0,1,1,0,0,0,0,1,0,0,0,1,1,0,0,0,0,0,1,0,1,0,0,0,0
0,1,0,0,0,1,1,0,0,0,1,1,0,0,0,1,1,1,1,0,0,1,0,0,0,0,1,0,0,0,1,0,0,0,0,0,1,0,0,1,0,1,0,1,0,0,0,1,1,0,0,1,0,0,0,0,0,1,1,0,0,0,1,0,0,0,0,0,1,0,0,1,0,1,0,0,0,0,0,0,1,0,0,0,0,0,0,0,1,0,1,0,0,0,0,1,0,1,0,0,0,0,0,0,0,0,0,1,0,0,0,1,1,1,1,0,0,1,1,0,1,0,0,1,0,1,0,1,1,0,0,0,1,0,0,0,1,0,0,1,0,1,0,0,0,1,1,1,0,0,0,0,0,1,0,0,0,1,0,1,1,1,0,1,0,1,0,0,1,0,0,0,0,1,0,1,1,0,0,1,0,1,0,1,1,0,1,0,1,1,0,0,1,1,0,1,1,1,1,0,0,0,0,1,1,0,1,1,1,1,0,0,1,0,1,0,1,1,0,0,1
0,1,0,0,0,1,1,0,0,0,1,1,0,0,0,1,1,1,1,0,0,1,0,0,0,0,1,0,0,0,1,0,0,0,0,0,1,0,0,1,0,1,0,1,0,0,0,1,1,0,0,1,0,0,0,0,0,1,1,0,0,0,1,0,0,0,0,0,1,0,0,1,0,1,0,0,0,0,0,0,1,0,0,0,0,0,0,0,1,0,1,0,0,0,0,1,0,1,0,0,0,0,0,0,0,0,0,1,0,0,0,1,1,1,1,0,0,1,1,0,1,0,0,1,0,1,0,1,1,0,0,0,1,0,0,0,1,0,0,1,0,1,0,0,0,1,1,1,0,0,0,0,0,1,0,0,0,1,0,1,1,1,0,1,0,1,0,0,1,0,0,0,0,1,0,1,1,0,0,1,0,1,0,1,1,0,1,0,1,1,0,0,1,1,0,1,1,1,1,0,0,0,0,1,1,0,1,1,1,1,0,0,1,0,1,1,1,1,0,0,1
0,1,0,0,0,1,1,0,0,0,1,1,0,0,0,1,1,1,1,0,0,1,0,0,0,0,1,0,0,0,1,0,0,0,0,0,1,0,0,1,0,1,0,1,0,0,0,1,1,0,0,1,0,0,0,0,0,1,1,0,0,0,1,0,0,0,0,0,1,0,0,1,0,1,0,0,0,0,0,0,1,0,0,0,0,0,0,0,1,0,1,0,0,0,0,1,0,1,0,0,0,0,0,0,0,0,0,1,0,0,0,1,1,1,1,0,0,1,1,0,1,0,0,1,0,1,0,1,1,0,0,0,1,0,0,0,1,0,0,1,0,1,0,0,0,1,1,1,0,0,0,0,0,1,0,0,0,1,0,1,1,1,0,1,0,1,0,0,1,0,0,0,0,1,0,1,1,0,0,1,0,1,0,1,1,0,1,0,1,1,0,0,1,1,0,1,1,1,1,0,0,0,0,1,1,0,1,1,1,1,0,0,1,0,1,0,1,1,0,0,1
0,1,0,0,0,1,1,0,0,0,1,1,0,0,0,1,1,1,1,0,0,1,0,0,0,0,1,0,0,0,1,0,0,0,0,0,1,0,0,1,0,1,0,1,0,0,0,1,1,0,0,1,0,0,0,0,0,1,1,0,0,0,1,0,0,0,0,0,1,0,0,1,0,1,0,0,0,0,0,0,1,0,0,0,0,0,0,0,1,0,1,0,0,0,0,1,0,1,0,0,0,0,0,0,0,0,0,1,0,0,0,1,1,1,1,0,0,1,1,0,1,0,0,1,0,1,0,1,1,0,0,0,1,0,0,0,1,0,0,1,0,1,0,0,0,1,1,1,0,0,0,0,0,1,0,0,0,1,0,1,1,1,0,1,0,1,0,0,1,0,0,0,0,1,0,1,1,0,0,1,0,1,0,1,1,0,1,0,1,1,0,0,1,1,0,1,1,1,1,0,0,0,0,1,1,0,1,1,1,1,0,0,1,1,1,0,1,1,0,0,1
0,1,0,0,0,1,1,0,0,0,1,1,0,0,0,1,1,1,1,0,0,1,0,0,0,0,1,0,0,0,1,0,0,0,0,0,1,0,0,1,0,1,0,1,0,0,0,1,1,0,0,1,0,0,0,0,0,1,1,0,0,0,1,0,0,0,0,0,1,0,0,1,0,1,0,0,0,0,0,0,1,0,0,0,0,0,0,0,1,0,1,0,0,0,0,1,0,1,0,0,0,0,0,0,0,0,0,1,0,0,0,1,1,1,1,0,0,1,1,0,1,0,0,1,0,1,0,1,1,0,0,0,1,0,0,0,1,0,0,1,0,1,0,0,0,1,1,1,0,0,0,0,0,1,0,0,0,1,0,1,1,1,0,1,0,1,0,0,1,0,0,0,0,1,0,1,1,0,0,1,0,1,0,1,1,0,1,0,1,1,0,0,1,1,0,1,1,1,1,0,0,0,0,1,1,0,1,1,1,1,0,0,1,0,1,0,1,1,0,0,1
0,1,0,0,0,1,1,0,0,0,1,1,0,0,0,1,1,1,1,0,0,1,0,0,0,0,1,0,0,0,1,0,0,0,0,0,1,0,0,1,0,1,0,1,0,0,0,1,1,0,0,1,0,0,0,0,0,1,1,0,0,0,1,0,0,0,0,0,1,0,0,1,0,1,0,0,0,0,0,0,1,0,0,0,0,0,0,0,1,0,1,0,0,0,0,1,0,1,0,0,0,0,0,0,0,0,0,1,0,0,0,1,1,1,1,0,0,1,1,0,1,0,0,1,0,1,0,1,1,0,0,0,1,0,0,0,1,0,0,1,0,1,0,0,0,1,1,1,0,0,0,0,0,1,0,0,0,1,0,1,1,1,0,1,0,1,0,0,1,0,0,0,0,1,0,1,1,0,0,1,0,1,0,1,1,0,1,0,1,1,0,0,1,1,0,1,1,1,1,0,0,0,0,1,1,0,1,1,1,1,0,0,1,0,1,0,1,1,0,0,1
0,1,0,0,0,1,1,0,0,1,1,1,0,0,0,1,1,1,1,0,0,1,0,0,0,0,1,0,0,0,1,0,1,0,0,0,1,0,0,1,1,1,0,1,0,0,1,1,1,0,0,1,0,0,0,0,0,1,1,0,0,0,1,0,0,0,0,0,1,0,0,1,0,1,0,0,0,0,0,0,1,0,0,0,0,0,0,0,1,0,1,0,0,0,0,1,0,1,1,0,1,0,0,0,0,0,0,1,0,0,0,1,1,1,1,0,0,1,1,1,1,0,0,1,0,1,0,1,1,0,0,0,1,0,0,0,1,1,0,1,0,1,1,0,0,1,1,1,0,0,0,0,0,1,0,0,0,1,0,1,1,1,0,1,0,1,0,0,1,0,0,0,0,1,0,1,1,0,0,1,0,1,0,1,1,0,1,0,1,1,0,0,1,1,0,1,1,1,1,0,0,0,0,1,1,0,1,1,1,1,0,0,1,0,1,0,1,1,0,0,1
0,1,0,0,0,1,1,0,0,1,1,1,0,0,0,1,1,1,1,0,0,1,0,0,0,0,1,0,0,0,1,0,1,0,0,0,1,0,0,1,1,1,0,1,0,0,1,1,1,0,0,1,0,0,0,0,0,1,1,0,0,0,1,0,0,0,0,0,1,0,0,1,0,1,0,0,0,0,0,0,1,0,0,0,0,0,0,0,1,0,1,0,0,0,0,1,0,1,1,0,1,0,0,0,0,0,0,1,0,0,0,1,1,1,1,0,0,1,1,1,1,0,0,1,0,1,0,1,1,0,0,0,1,0,0,0,1,1,0,1,0,1,1,0,0,1,1,1,0,0,0,0,0,1,0,0,0,1,0,1,1,1,0,1,0,1,0,0,1,0,0,0,0,1,0,1,1,0,0,1,0,1,0,1,1,0,1,0,1,1,0,0,1,1,0,1,1,1,1,0,0,0,0,1,1,0,1,1,1,1,0,0,1,0,1,0,1,1,0,0,1
0,1,0,0,0,1,1,0,0,1,1,1,0,0,0,1,1,1,1,0,0,1,0,0,0,0,1,0,0,0,1,0,1,0,0,0,1,0,0,1,1,1,0,1,0,0,1,1,1,0,0,1,0,0,0,0,0,1,1,0,0,0,1,0,0,0,0,0,1,0,0,1,0,1,0,0,0,0,0,0,1,0,0,0,0,0,0,0,1,0,1,0,0,0,0,1,0,1,1,0,1,0,0,0,0,0,0,1,0,0,0,1,1,1,1,0,0,1,1,1,1,0,0,1,0,1,0,1,1,0,0,0,1,0,0,0,1,1,0,1,0,1,1,0,0,1,1,1,0,0,0,0,0,1,0,0,0,1,0,1,1,1,0,1,0,1,0,0,1,0,0,0,0,1,0,1,1,0,0,1,0,1,0,1,1,0,1,0,1,1,0,0,1,1,0,1,1,1,1,0,0,0,0,1,1,0,1,1,1,1,0,0,1,0,1,0,1,1,0,0,1
0,1,0,0,0,1,1,0,0,0,1,1,0,0,0,1,1,1,1,0,0,1,0,0,0,0,1,0,0,0,1,0,0,0,0,0,1,0,0,1,0,1,0,1,0,0,0,1,1,0,0,1,0,0,0,0,0,1,1,0,0,0,1,0,0,0,0,0,1,0,0,1,0,1,0,0,0,0,0,0,1,0,0,0,0,0,0,0,1,0,1,0,0,0,0,1,0,1,0,0,0,0,0,0,0,0,0,1,0,0,0,1,1,1,1,0,0,1,1,0,1,0,0,1,0,1,0,1,1,0,0,0,1,0,0,0,1,0,0,1,0,1,0,0,0,1,1,1,0,0,0,0,0,1,0,0,0,1,0,1,1,1,0,1,0,1,0,0,1,0,0,0,0,1,0,1,1,0,0,1,0,1,0,1,1,0,1,0,1,1,0,0,1,1,0,1,1,1,1,0,0,0,0,1,1,0,1,1,1,1,0,0,1,0,1,0,1,1,0,0,1
0,1,0,0,0,1,1,0,0,0,1,1,0,0,0,1,1,1,1,0,0,1,0,0,0,0,1,0,0,0,1,0,0,0,0,0,1,0,0,1,0,1,0,1,0,0,0,1,1,0,0,1,0,0,0,0,0,1,1,0,0,0,1,0,0,0,0,0,1,0,0,1,0,1,0,0,0,0,0,0,1,0,0,0,0,0,0,0,1,0,1,0,0,0,0,1,0,1,0,0,0,0,0,0,0,0,0,1,0,0,0,1,1,1,1,0,0,1,1,0,1,0,0,1,0,1,0,1,1,0,0,0,1,0,0,0,1,0,0,1,0,1,0,0,0,1,1,1,0,0,0,0,0,1,0,0,0,1,0,1,1,1,0,1,0,1,0,0,1,0,0,0,0,1,0,1,1,0,0,1,0,1,0,1,1,0,1,0,1,1,0,0,1,1,0,1,1,1,1,0,0,0,0,1,1,0,1,1,1,1,0,0,1,0,1,1,1,1,0,0,1
0,1,0,0,0,1,1,0,0,0,1,1,0,0,0,1,1,1,1,0,0,1,0,0,0,0,1,0,0,0,1,0,0,0,0,0,1,0,0,1,0,1,0,1,0,0,0,1,1,0,0,1,0,0,0,0,0,1,1,0,0,0,1,0,0,0,0,0,1,0,0,1,0,1,0,0,0,0,0,0,1,0,0,0,0,0,0,0,1,0,1,0,0,0,0,1,0,1,0,0,0,0,0,0,0,0,0,1,0,0,0,1,1,1,1,0,0,1,1,0,1,0,0,1,0,1,0,1,1,0,0,0,1,0,0,0,1,0,0,1,0,1,0,0,0,1,1,1,0,0,0,0,0,1,0,0,0,1,0,1,1,1,0,1,0,1,0,0,1,0,0,0,0,1,0,1,1,0,0,1,0,1,0,1,1,0,1,0,1,1,0,0,1,1,0,1,1,1,1,0,0,0,0,1,1,0,1,1,1,1,0,0,1,1,1,0,1,1,0,0,1
0,1,0,1,0,1,1,1,0,0,1,1,0,0,0,1,1,1,1,0,0,1,0,0,0,0,1,0,0,0,1,0,0,0,0,0,1,0,1,1,0,1,0,1,0,0,0,1,1,0,0,1,0,1,1,0,0,1,1,0,0,0,1,0,0,0,0,0,1,0,0,1,0,1,0,1,0,0,0,0,1,0,0,1,0,0,0,0,1,0,1,0,0,0,0,1,0,1,0,1,0,0,0,0,0,0,0,1,0,0,0,1,1,1,1,1,1,1,1,0,1,0,0,1,0,1,0,1,1,0,0,0,1,0,0,0,1,0,0,1,0,1,0,1,0,1,1,1,0,0,0,0,0,1,0,0,0,1,0,1,1,1,0,1,0,1,0,0,1,0,0,0,0,1,0,1,1,0,0,1,1,1,0,1,1,0,1,0,1,1,0,0,1,1,0,1,1,1,1,0,0,0,0,1,1,0,1,1,1,1,0,0,1,0,1,0,1,1,0,0,1
0,1,0,1,0,1,1,1,0,0,1,1,0,0,0,1,1,1,1,0,0,1,0,0,0,0,1,0,0,0,1,0,0,0,0,0,1,0,1,1,0,1,0,1,0,0,0,1,1,0,0,1,0,1,1,0,0,1,1,0,0,0,1,0,0,0,0,0,1,0,0,1,0,1,0,1,0,0,0,0,1,0,0,1,0,0,0,0,1,0,1,0,0,0,0,1,0,1,0,1,0,0,0,0,0,0,0,1,0,0,0,1,1,1,1,1,1,1,1,0,1,0,0,1,0,1,0,1,1,0,0,0,1,0,0,0,1,0,1,1,0,1,0,1,0,1,1,1,0,0,0,0,0,1,0,0,0,1,0,1,1,1,0,1,0,1,0,0,1,0,0,0,0,1,0,1,1,0,0,1,1,1,0,1,1,0,1,0,1,1,0,0,1,1,0,1,1,1,1,0,0,0,0,1,1,0,1,1,1,1,0,1,1,0,1,0,1,1,0,1,1
0,1,0,1,0,1,1,0,0,0,1,1,0,0,0,1,1,1,0,1,1,1,0,0,0,1,1,0,0,0,1,0,0,0,0,0,1,0,1,1,0,1,0,1,1,1,0,1,1,1,1,1,0,1,0,0,0,1,1,0,0,1,1,0,0,1,0,1,1,0,1,1,1,1,1,1,0,0,0,1,1,1,1,1,0,0,0,1,1,1,1,1,0,0,1,1,1,1,0,1,0,1,0,1,1,0,1,1,0,1,1,1,1,1,1,1,1,1,1,0,1,1,0,1,0,1,1,1,1,0,1,1,1,0,0,1,1,0,0,1,0,1,0,1,0,1,1,1,1,0,0,0,0,1,0,0,0,1,0,1,1,1,0,1,0,1,0,0,1,0,0,0,0,1,0,1,1,1,0,1,1,1,0,1,1,0,1,0,1,1,0,0,1,1,0,1,1,1,1,0,0,0,0,1,1,0,1,1,1,1,0,0,1,0,1,0,1,1,0,0,1
0,1,0,1,0,1,1,1,0,0,1,1,0,0,0,1,1,1,1,0,0,1,0,0,0,0,1,0,0,0,1,0,0,0,0,0,1,0,1,1,0,1,0,1,0,0,0,1,1,0,0,1,0,1,1,0,0,1,1,0,0,0,1,0,0,0,0,0,1,0,0,1,0,1,0,1,0,0,0,0,1,0,0,1,0,0,0,0,1,0,1,0,0,0,0,1,0,1,0,1,0,0,0,0,0,0,0,1,0,0,0,1,1,1,1,1,1,1,1,0,1,0,0,1,0,1,0,1,1,0,0,0,1,0,0,0,1,0,0,1,0,1,0,1,0,1,1,1,0,0,0,0,0,1,0,0,0,1,0,1,1,1,0,1,0,1,0,0,1,0,0,0,0,1,0,1,1,0,0,1,1,1,0,1,1,0,1,0,1,1,0,0,1,1,0,1,1,1,1,0,0,0,0,1,1,0,1,1,1,1,0,0,1,0,1,0,1,1,0,0,1
0,1,0,1,0,1,1,0,0,0,1,1,0,0,0,1,1,1,0,1,1,1,0,0,0,1,1,0,0,0,1,0,0,0,0,0,1,0,1,1,0,1,0,1,1,1,0,1,1,1,1,1,0,1,0,0,0,1,1,0,0,1,1,0,0,1,0,1,1,0,1,1,1,1,1,1,0,0,0,1,1,1,1,1,0,0,0,1,1,1,1,1,0,0,1,1,1,1,0,1,0,1,0,1,1,0,1,1,0,1,1,1,1,1,1,1,1,1,1,0,1,1,0,1,0,1,1,1,1,0,1,1,1,0,0,1,1,0,0,1,0,1,0,1,0,1,1,1,1,0,0,0,0,1,0,0,0,1,0,1,1,1,0,1,0,1,0,0,1,0,0,0,0,1,0,1,1,1,0,1,1,1,0,1,1,0,1,0,1,1,0,0,1,1,0,1,1,1,1,0,0,0,0,1,1,0,1,1,1,1,0,0,1,0,1,0,1,1,0,0,1
0,1,0,1,0,1,1,0,0,0,1,1,0,0,0,1,1,1,0,1,1,1,0,0,0,1,1,0,0,0,1,0,0,0,0,0,1,0,1,1,0,1,0,1,1,1,0,1,1,0,0,1,0,1,0,0,0,1,1,0,0,1,1,0,0,1,0,1,1,0,1,1,1,1,0,1,0,0,0,1,1,0,0,1,0,0,0,1,1,1,1,1,0,0,0,1,1,1,0,1,0,1,0,0,1,0,1,1,0,1,1,1,1,1,1,1,1,1,1,0,1,1,0,1,0,1,1,1,1,0,1,1,1,0,0,1,1,0,0,1,0,1,0,1,0,1,1,1,1,0,0,0,0,1,0,0,0,1,0,1,1,1,0,1,0,1,0,0,1,0,0,0,0,1,0,1,1,1,0,1,1,1,0,1,1,0,1,0,1,1,0,0,1,1,0,1,1,1,1,0,0,0,0,1,1,0,1,1,1,1,0,0,1,0,1,0,1,1,0,0,1
0,1,0,1,0,1,1,0,0,0,1,1,0,0,0,1,1,1,0,1,1,1,0,0,0,1,1,0,0,0,1,0,0,0,0,0,1,0,1,1,0,1,0,1,1,1,0,1,1,0,0,1,0,1,0,0,0,1,1,0,0,1,1,0,0,1,0,1,1,0,1,1,1,1,0,1,0,0,0,1,1,0,0,1,0,0,0,1,1,1,1,1,0,0,0,1,1,1,0,1,0,1,0,0,1,0,1,1,0,1,1,1,1,1,1,1,1,1,1,0,1,1,0,1,0,1,1,1,1,0,1,1,1,0,0,1,1,0,0,1,0,1,0,1,0,1,1,1,1,0,0,0,0,1,0,0,0,1,0,1,1,1,0,1,0,1,0,0,1,0,0,0,0,1,0,1,1,1,0,1,1,1,0,1,1,0,1,0,1,1,0,0,1,1,0,1,1,1,1,0,0,0,0,1,1,0,1,1,1,1,0,0,1,0,1,0,1,1,0,0,1
1,1,0,1,0,1,1,0,0,0,1,1,0,0,0,1,1,1,0,1,1,1,0,0,0,1,1,0,0,0,1,0,0,0,0,0,1,0,1,1,0,1,0,1,1,1,0,1,1,1,1,1,0,1,0,0,0,1,1,0,0,1,1,0,0,1,0,1,1,0,1,1,1,1,1,1,0,0,0,1,1,1,1,1,0,0,0,1,1,1,1,1,0,0,1,1,1,1,0,0,0,1,0,1,1,0,1,1,0,1,1,1,1,1,1,1,0,1,1,0,1,1,0,1,0,1,1,1,1,0,1,1,1,0,0,1,1,0,0,1,0,1,0,1,0,1,1,1,1,0,0,0,0,1,0,0,0,1,0,1,1,1,0,1,0,1,0,0,1,0,0,0,0,1,0,1,1,1,0,1,1,1,0,1,1,0,1,0,1,1,0,0,1,1,0,1,1,1,1,0,0,0,0,1,1,0,1,1,1,1,0,0,1,0,1,0,1,1,0,0,1
0,1,0,1,0,1,1,0,0,0,1,1,0,0,0,1,1,1,0,1,1,1,0,0,0,1,1,0,0,0,1,0,0,0,0,0,1,0,1,1,0,1,0,1,1,1,0,1,1,0,0,1,0,1,0,0,0,1,1,0,0,1,1,0,0,1,0,1,1,0,1,1,1,1,0,1,0,0,0,1,1,0,0,1,0,0,0,1,1,1,1,1,0,0,0,1,1,1,0,1,0,1,0,0,1,0,1,1,0,1,1,1,1,1,1,1,1,1,1,0,1,1,0,1,0,1,1,1,1,0,1,1,1,0,0,1,1,0,0,1,0,1,0,1,0,1,1,1,1,0,0,0,0,1,0,0,0,1,0,1,1,1,0,1,0,1,0,0,1,0,0,0,0,1,0,1,1,1,0,1,1,1,0,1,1,0,1,0,1,1,0,0,1,1,0,1,1,1,1,0,0,0,0,1,1,0,1,1,1,1,0,0,1,0,1,0,1,1,0,0,1
0,1,0,1,0,1,1,0,0,1,1,1,0,0,0,1,1,1,0,1,1,1,0,0,0,1,1,0,0,0,1,0,1,0,0,0,1,0,1,1,1,1,0,1,1,1,1,1,1,0,0,1,0,1,0,0,0,1,1,0,0,1,1,0,0,1,0,1,1,0,1,1,1,1,0,1,0,0,0,1,1,0,0,1,0,0,0,1,1,1,1,1,0,0,0,1,1,1,1,1,1,1,0,0,1,0,1,1,0,1,1,1,1,1,1,1,1,1,1,1,1,1,0,1,0,1,1,1,1,0,1,1,1,0,0,1,1,1,0,1,0,1,1,1,0,1,1,1,1,0,0,0,0,1,0,0,0,1,0,1,1,1,0,1,0,1,0,0,1,0,0,0,0,1,0,1,1,1,0,1,1,1,0,1,1,0,1,0,1,1,0,0,1,1,0,1,1,1,1,0,0,0,0,1,1,0,1,1,1,1,0,0,1,0,1,0,1,1,0,0,1
0,1,0,1,0,1,1,1,0,0,1,1,0,0,0,1,1,1,0,1,1,1,0,0,0,1,1,0,0,0,1,0,0,0,0,0,1,0,1,1,0,1,0,1,1,1,0,1,1,0,0,1,0,1,0,0,1,1,1,0,0,1,1,0,0,1,0,1,1,0,1,1,1,1,0,1,0,0,1,1,1,0,0,1,0,0,1,1,1,1,1,1,0,0,0,1,1,1,0,1,0,1,0,0,1,0,1,1,1,1,1,1,1,1,1,1,1,1,1,0,1,1,0,1,1,1,1,1,1,0,1,1,1,0,0,1,1,0,0,1,0,1,0,1,0,1,1,1,1,0,0,1,0,1,0,0,0,1,0,1,1,1,0,1,0,1,0,0,1,0,0,0,0,1,0,1,1,1,1,1,1,1,0,1,1,0,1,0,1,1,0,0,1,1,0,1,1,1,1,0,0,0,0,1,1,0,1,1,1,1,0,0,1,0,1,0,1,1,0,0,1
0,1,0,1,0,1,1,0,0,0,1,1,0,0,0,1,1,1,1,1,1,1,0,1,0,1,1,0,1,0,1,0,0,0,0,0,1,0,1,1,0,1,0,1,1,1,0,1,1,0,0,1,0,1,1,0,0,1,1,1,1,1,1,0,0,1,0,1,1,0,1,1,1,1,0,1,0,0,0,1,1,0,0,1,0,0,0,1,1,1,1,1,0,0,0,1,1,1,0,1,0,1,0,0,1,0,1,1,0,1,1,1,1,1,1,1,1,1,1,0,1,1,0,1,0,1,1,1,1,0,1,1,1,0,0,1,1,0,0,1,0,1,0,1,0,1,1,1,1,0,0,0,0,1,0,0,0,1,0,1,1,1,0,1,0,1,0,0,1,0,0,0,0,1,0,1,1,1,0,1,1,1,0,1,1,0,1,0,1,1,0,0,1,1,0,1,1,1,1,0,0,0,0,1,1,0,1,1,1,1,0,1,1,0,1,0,1,1,0,1,1
0,1,0,1,0,1,1,1,0,0,1,1,0,0,0,1,1,1,1,1,1,1,0,1,0,1,1,0,1,0,1,0,0,0,1,0,1,0,1,1,0,1,0,1,1,1,0,1,1,0,0,1,0,1,1,0,0,1,1,1,1,1,1,0,0,1,0,1,1,1,1,1,1,1,0,1,0,0,0,1,1,0,0,1,0,0,0,1,1,1,1,1,0,0,0,1,1,1,0,1,0,1,0,0,1,0,1,1,0,1,1,1,1,1,1,1,1,1,1,0,1,1,0,1,1,1,1,1,1,0,1,1,1,0,0,1,1,0,0,1,0,1,0,1,0,1,1,1,1,0,0,0,1,1,0,0,0,1,0,1,1,1,0,1,0,1,0,0,1,0,0,0,0,1,0,1,1,1,1,1,1,1,1,1,1,0,1,0,1,1,0,0,1,1,0,1,1,1,1,0,0,0,0,1,1,0,1,1,1,1,0,1,1,0,1,0,1,1,0,1,1
0,1,0,1,0,1,1,1,0,0,1,1,0,0,0,1,1,1,1,1,1,1,0,1,0,1,1,0,1,0,1,0,0,0,1,0,1,0,1,1,0,1,0,1,1,1,0,1,1,1,1,1,0,1,1,0,0,1,1,1,1,1,1,0,0,1,0,1,1,1,1,1,1,1,1,1,0,0,0,1,1,1,1,1,0,0,0,1,1,1,1,1,0,0,1,1,1,1,0,1,0,1,0,1,1,0,1,1,0,1,1,1,1,1,1,1,1,1,1,0,1,1,0,1,1,1,0,1,1,0,1,1,1,0,0,1,1,0,0,1,0,1,0,1,0,1,1,1,0,0,0,0,1,1,0,0,0,1,0,1,1,1,0,1,0,1,0,0,1,0,0,0,0,1,0,1,1,1,1,1,1,1,1,1,1,0,1,0,1,1,0,1,1,1,0,1,1,1,1,0,0,1,0,1,1,0,1,1,1,1,0,1,1,0,1,0,1,1,0,1,1
0,1,0,0,0,1,0,0,0,0,0,0,0,0,0,1,1,1,1,0,0,1,1,1,0,0,1,0,1,0,1,0,0,0,0,0,0,0,0,1,0,1,0,1,0,0,0,1,0,0,0,1,0,0,0,0,0,0,0,0,0,0,1,0,0,0,0,0,0,0,0,1,0,1,0,0,0,0,0,0,1,0,0,0,0,0,0,0,1,0,0,0,0,0,0,0,0,0,0,0,0,0,0,0,0,0,0,1,0,0,0,1,0,0,0,0,0,0,1,0,1,0,0,0,0,0,0,0,0,0,0,0,0,1,0,0,0,0,0,0,0,0,0,0,0,0,0,1,0,0,0,0,0,0,0,0,0,0,0,0,1,0,0,1,0,0,0,0,0,0,0,0,0,0,0,0,1,0,0,0,0,0,0,1,1,0,0,0,0,0,0,0,0,0,0,0,1,0,0,0,0,0,0,0,0,0,0,0,0,0,0,0,0,1,0,1,0,0,0,0,0
0,1,0,0,0,1,0,0,0,0,0,0,0,0,0,1,1,1,1,0,0,1,1,1,1,0,1,0,1,1,1,0,0,0,0,0,0,0,0,1,0,1,0,1,0,0,0,1,0,0,0,0,0,0,0,0,0,0,0,1,0,0,1,0,0,0,0,0,0,0,0,1,0,1,0,0,0,0,0,0,1,0,0,0,0,0,0,0,1,0,0,0,0,0,0,0,0,0,0,0,0,0,0,0,0,0,0,1,0,0,0,1,0,0,0,0,0,0,1,0,1,0,0,0,0,0,0,0,0,0,0,0,0,1,0,0,0,0,0,0,0,0,0,0,0,0,0,1,0,0,0,0,0,0,0,0,0,0,0,0,1,0,0,1,0,0,0,0,0,0,0,0,0,0,0,0,1,0,0,0,0,0,0,1,1,0,0,0,0,0,0,0,0,0,0,1,1,0,0,0,0,0,0,0,0,0,1,0,0,1,0,0,0,1,0,1,0,1,0,0,0
0,1,0,0,0,1,0,0,0,0,0,0,0,0,0,1,1,1,1,0,0,1,1,1,0,0,1,0,1,0,1,0,0,0,0,0,0,0,0,1,0,1,0,1,0,0,0,1,0,0,0,1,0,0,0,0,0,0,0,0,0,0,1,0,0,0,0,0,0,0,0,1,0,1,0,0,0,0,0,0,1,0,0,0,0,0,0,0,1,0,0,0,0,0,0,0,0,0,0,0,0,0,0,0,0,0,0,1,0,0,0,1,0,0,0,0,0,0,1,0,1,0,0,0,0,0,0,0,0,0,0,0,0,1,0,0,0,0,0,0,0,0,0,0,0,0,0,1,0,0,0,0,0,0,0,0,0,0,0,0,1,0,0,1,0,0,0,0,0,0,0,0,0,0,0,0,1,0,0,0,0,0,0,1,1,0,0,0,0,0,0,0,0,0,0,0,1,0,0,0,0,0,0,0,0,0,0,0,0,0,0,0,0,0,0,1,0,0,0,0,0
0,1,1,0,0,1,0,0,0,0,0,0,0,0,0,1,1,1,1,0,0,1,1,1,1,0,1,0,1,1,1,0,0,0,0,0,0,0,0,1,0,1,0,1,0,0,0,1,0,0,0,1,0,0,0,0,0,0,0,1,0,0,1,0,0,0,0,0,0,0,0,1,0,1,0,0,0,0,0,0,1,0,0,0,0,0,0,0,1,0,0,0,0,0,0,0,0,0,0,0,0,0,0,0,0,0,0,1,0,0,0,1,0,0,0,0,0,0,1,0,1,0,0,0,0,0,0,0,0,0,0,0,0,1,0,0,0,0,0,0,0,0,0,0,0,0,0,1,0,0,0,0,0,0,0,0,0,0,0,0,1,0,0,1,0,0,0,0,0,0,0,0,0,0,0,0,1,0,0,0,0,0,0,1,1,0,0,0,0,0,0,0,0,0,0,1,1,0,0,0,0,0,0,0,0,0,1,0,0,1,0,0,0,1,0,1,0,1,0,0,0
0,1,0,0,0,1,0,0,0,0,0,0,0,0,0,1,1,1,1,0,0,1,1,1,1,0,1,0,1,1,1,0,0,0,0,0,0,0,0,1,0,1,0,1,0,0,0,1,0,0,0,0,0,0,0,0,0,0,0,1,0,0,1,0,0,0,0,0,0,0,0,1,0,1,0,0,0,0,0,0,1,0,0,0,0,0,0,0,1,0,0,0,0,0,0,0,0,0,0,0,0,0,0,0,0,0,0,1,0,0,0,1,0,0,0,0,0,0,1,0,1,0,0,0,0,0,0,0,0,0,0,0,0,1,0,0,0,0,0,0,0,0,0,0,0,0,0,1,0,0,0,0,0,0,0,0,0,0,0,0,1,0,0,1,0,0,0,0,0,0,0,0,0,0,0,0,1,0,0,0,0,0,0,1,1,0,0,0,0,0,0,0,0,0,0,1,1,0,0,0,0,0,0,0,0,0,1,0,0,1,0,0,0,1,0,1,0,1,0,0,0
0,1,0,1,0,0,0,0,1,0,1,0,0,0,0,0,0,1,1,0,0,1,1,1,1,0,1,0,1,0,0,1,0,1,0,0,0,1,1,0,0,1,0,0,0,0,0,1,0,0,0,1,1,0,0,0,0,0,0,0,0,0,1,1,1,0,0,0,0,0,1,0,0,0,0,1,0,0,0,0,0,0,0,1,1,0,0,1,1,0,0,0,0,1,0,0,0,0,0,1,0,0,1,0,0,1,0,0,0,0,0,1,0,0,0,0,0,0,1,0,0,0,0,0,0,0,0,0,0,0,0,0,0,0,0,0,0,0,1,0,1,0,0,0,0,0,0,1,0,0,0,0,0,0,0,0,0,0,0,0,1,0,0,1,0,0,0,0,0,0,0,0,0,0,0,0,1,0,0,0,0,0,0,0,0,0,0,0,0,0,0,0,0,0,0,1,1,0,0,0,0,0,0,0,0,0,0,0,0,0,0,0,0,1,0,0,0,0,0,0,0
0,1,0,1,0,0,0,0,1,0,1,0,0,0,0,0,0,1,1,0,0,1,1,1,1,0,1,0,1,0,0,1,0,1,0,0,0,1,1,0,0,1,0,0,0,0,0,1,0,0,0,1,1,0,0,0,0,0,0,0,0,0,1,1,1,0,0,0,0,0,1,0,0,0,0,1,0,0,0,0,0,0,0,1,1,0,0,1,1,0,0,0,0,1,0,0,0,0,0,1,0,0,1,0,0,1,0,0,0,0,0,1,0,0,0,0,0,0,1,0,0,0,0,0,0,0,0,0,0,0,0,0,0,0,0,0,0,0,1,0,1,0,0,0,0,0,0,1,0,0,0,0,0,0,0,0,0,0,0,0,1,0,0,1,0,0,0,0,0,0,0,0,0,0,0,0,1,0,0,0,0,0,0,0,0,0,0,0,0,0,0,0,0,0,0,1,1,0,0,0,0,0,0,0,0,0,0,0,0,0,0,0,0,1,0,0,0,0,0,0,0
0,1,0,1,0,0,0,0,1,1,1,0,0,0,0,0,0,1,1,0,0,1,1,1,1,0,1,0,1,0,0,1,1,1,0,0,0,1,1,0,1,1,0,0,0,0,1,1,0,0,0,1,1,0,0,0,0,0,0,0,0,0,1,1,1,0,0,0,0,0,1,0,0,0,0,1,0,0,0,0,0,0,0,1,1,0,0,1,1,0,0,0,0,1,0,0,0,0,1,1,1,0,1,0,0,1,0,0,0,0,0,1,0,0,0,0,0,0,1,1,0,0,0,0,0,0,0,0,0,0,0,0,0,0,0,0,0,1,1,0,1,0,1,0,0,0,0,1,0,0,0,0,0,0,0,0,0,0,0,0,1,0,0,1,0,0,0,0,0,0,0,0,0,0,0,0,1,0,0,0,0,0,0,0,0,0,0,0,0,0,0,0,0,0,0,1,0,0,0,0,0,0,0,0,0,0,0,0,0,0,0,0,0,1,0,0,0,0,0,0,0
0,1,1,1,0,0,0,0,1,0,1,0,0,0,0,0,0,1,1,0,0,1,1,1,1,0,1,0,1,1,0,1,0,1,0,0,0,1,1,0,0,1,0,0,0,0,0,1,0,0,0,1,1,0,0,0,0,0,0,1,0,0,1,1,1,0,0,0,0,0,1,0,0,0,0,1,0,0,0,0,0,0,0,1,1,0,0,1,1,0,0,0,0,1,0,0,0,0,0,1,0,0,1,0,0,1,0,0,0,0,0,1,0,0,0,0,0,0,1,0,0,0,0,0,0,0,0,0,0,0,0,0,0,0,0,0,0,0,1,0,1,0,0,0,0,0,0,1,0,0,0,0,0,0,0,0,0,0,0,0,1,0,0,1,0,0,0,0,0,0,0,0,0,0,0,0,1,0,0,0,0,0,0,0,0,0,0,0,0,0,0,0,0,0,0,1,1,0,0,0,0,0,0,0,0,0,1,0,0,1,0,0,0,1,0,1,0,1,0,0,0
0,1,0,1,0,0,0,0,1,0,1,0,0,0,0,0,0,1,1,0,0,1,1,1,1,0,1,0,1,0,0,1,0,1,0,0,0,1,1,0,0,1,0,0,0,0,0,1,0,0,0,0,1,0,0,0,0,0,0,0,0,0,1,1,1,0,0,0,0,0,1,0,0,0,0,1,0,0,0,0,0,0,0,1,1,0,0,1,1,0,0,0,0,1,0,0,0,0,0,1,0,0,1,0,0,1,0,0,0,0,0,1,0,0,0,0,0,0,1,0,0,0,0,0,0,0,0,0,0,0,0,0,0,0,0,0,0,0,1,0,1,0,0,0,0,0,0,1,0,0,0,0,0,0,0,0,0,0,0,0,1,0,0,1,0,0,0,0,0,0,0,0,0,0,0,0,1,0,0,0,0,0,0,0,0,0,0,0,0,0,0,0,0,0,0,1,0,0,0,0,0,0,0,0,0,0,0,0,0,0,0,0,0,0,0,0,0,0,0,0,0
0,1,1,1,0,0,0,0,1,1,1,0,0,0,0,0,0,1,1,0,0,1,1,1,1,0,1,0,1,1,0,1,1,1,0,0,0,1,1,0,1,1,0,0,0,0,1,1,0,0,0,0,1,0,0,0,0,0,0,1,0,0,1,1,1,0,0,0,0,0,1,0,0,0,0,1,0,0,0,0,0,0,0,1,1,0,0,1,1,0,0,0,0,1,0,0,0,0,1,1,1,0,1,0,0,1,0,0,0,0,0,1,0,0,0,0,0,0,1,1,0,0,0,0,0,0,0,0,0,0,0,0,0,0,0,0,0,1,1,0,1,0,1,0,0,0,0,1,0,0,0,0,0,0,0,0,0,0,0,0,1,0,0,1,0,0,0,0,0,0,0,0,0,0,0,0,1,0,0,0,0,0,0,0,0,0,0,0,0,0,0,0,0,0,0,1,1,0,0,0,0,0,0,0,0,0,1,0,0,1,0,0,0,1,0,1,0,1,0,0,0
0,1,0,1,0,0,0,0,1,0,1,0,0,0,0,0,0,1,1,0,0,1,1,1,1,0,1,0,1,0,0,1,0,1,0,0,0,1,1,0,0,1,0,0,0,0,0,1,0,0,0,1,1,0,0,0,0,0,0,0,0,0,1,1,1,0,0,0,0,0,1,0,0,0,0,1,0,0,0,0,0,0,0,1,1,0,0,1,1,0,0,0,0,1,0,0,0,0,0,1,0,0,1,0,0,1,0,0,0,0,0,1,0,0,0,0,0,0,1,0,0,0,0,0,0,0,0,0,0,0,0,0,0,0,0,0,0,0,1,0,1,0,0,0,0,0,0,1,0,0,0,0,0,0,0,0,0,0,0,0,1,0,0,1,0,0,0,0,0,0,0,0,0,0,0,0,1,0,0,0,0,0,0,0,0,0,0,0,0,0,0,0,0,0,0,1,0,0,0,0,0,0,0,0,0,0,0,0,0,0,0,0,0,1,0,0,0,0,0,0,0
0,1,1,1,0,0,0,0,1,0,1,0,0,0,0,0,0,1,1,0,0,1,1,1,1,0,1,0,1,1,0,1,0,1,0,0,0,1,1,0,0,1,0,0,0,0,0,1,0,0,0,0,1,0,0,0,0,0,0,1,0,0,1,1,1,0,0,0,0,0,1,0,0,0,0,1,0,0,0,0,0,0,0,1,1,0,0,1,1,0,0,0,0,1,0,0,0,0,0,1,0,0,1,0,0,1,0,0,0,0,0,1,0,0,0,0,0,0,1,0,0,0,0,0,0,0,0,0,0,0,0,0,0,0,0,0,0,0,1,0,1,0,0,0,0,0,0,1,0,0,0,0,0,0,0,0,0,0,0,0,1,0,0,1,0,0,0,0,0,0,0,0,0,0,0,0,1,0,0,0,0,0,0,0,0,0,0,0,0,0,0,0,0,0,0,1,1,0,0,0,0,0,0,0,0,0,1,0,0,1,0,0,0,1,0,1,0,1,0,0,0
1,1,1,1,1,1,1,0,1,0,1,0,1,1,0,1,1,1,1,1,1,1,1,1,1,1,1,1,1,1,0,1,0,1,0,0,0,0,1,0,0,1,0,0,1,1,0,1,0,1,1,0,0,1,1,0,0,0,0,1,1,1,1,1,1,1,0,1,0,0,1,0,1,0,1,1,0,0,0,1,0,1,1,1,0,0,0,1,1,1,0,1,0,0,1,0,1,0,0,1,0,1,0,1,1,1,1,0,0,1,1,1,0,0,0,1,1,0,1,0,0,1,0,0,0,0,1,0,0,0,1,1,0,0,0,1,0,0,1,0,0,0,0,1,1,0,0,1,1,0,0,0,0,0,0,1,0,0,0,0,1,0,0,1,0,0,0,0,0,0,1,0,0,0,0,0,1,1,0,0,1,0,0,0,0,0,0,0,0,0,0,0,0,0,0,1,1,0,0,0,0,0,0,0,0,0,0,0,0,0,0,1,0,0,0,0,0,0,0,1,0
1,1,1,1,1,1,1,0,1,0,1,0,1,1,0,1,1,1,1,1,1,1,1,1,1,1,1,1,1,1,0,1,0,1,0,0,0,0,1,0,0,1,0,0,1,1,0,1,0,1,1,0,0,1,1,0,0,0,0,1,1,1,1,1,1,1,0,1,0,0,1,0,1,0,1,1,0,0,0,1,0,1,1,1,0,0,0,1,1,1,0,1,0,0,1,0,1,0,0,1,0,1,0,1,1,1,1,0,0,1,1,1,0,0,0,1,1,0,1,0,0,1,0,0,0,0,1,0,0,0,1,1,0,0,0,1,0,0,1,0,0,0,0,1,1,0,0,1,1,0,0,0,0,0,0,1,0,0,0,0,1,0,0,1,0,0,0,0,0,0,1,0,0,0,0,0,1,1,0,0,1,0,0,0,0,0,0,0,0,0,0,0,0,0,0,1,1,0,0,0,0,0,0,0,0,0,0,0,0,0,0,1,0,0,0,0,0,0,0,1,0
1,1,1,1,1,1,1,0,1,0,1,0,1,1,0,1,1,1,1,1,1,1,1,1,1,1,1,1,1,1,0,1,0,1,0,0,0,0,1,0,0,1,0,0,1,1,0,1,0,1,1,0,0,1,1,0,0,0,0,1,1,1,1,1,1,1,0,1,0,0,1,0,1,0,1,1,0,0,0,1,0,1,1,1,0,0,0,1,1,1,0,1,0,0,1,0,1,0,0,1,0,1,0,1,1,1,1,0,0,1,1,1,0,0,0,1,1,0,1,0,0,1,0,0,0,0,1,0,0,0,1,1,0,0,0,1,0,0,1,0,0,0,0,1,1,0,0,1,1,0,0,0,0,0,0,1,0,0,0,0,1,0,0,1,0,0,0,0,0,0,1,0,0,0,0,0,1,1,0,0,1,0,0,0,0,0,0,0,0,0,0,0,0,0,0,1,1,0,0,0,0,0,0,0,0,0,0,0,0,0,0,1,0,0,0,0,0,0,0,1,0
1,1,1,1,1,1,1,0,1,0,1,0,1,1,0,1,1,1,1,1,1,1,1,1,1,1,1,1,1,1,0,1,0,1,0,0,0,0,1,0,0,1,0,0,1,1,0,1,0,1,1,0,0,1,1,0,0,0,0,1,1,1,1,1,1,1,0,1,0,0,1,0,1,0,1,1,0,0,0,1,0,1,1,1,0,0,0,1,1,1,0,1,0,0,1,0,1,0,0,1,0,1,0,1,1,1,1,0,0,1,1,1,0,0,0,1,1,0,1,0,0,1,0,0,0,0,1,0,0,0,1,1,0,0,0,1,0,0,1,0,0,0,0,1,1,0,0,1,1,0,0,0,0,0,0,1,0,0,0,0,1,0,0,1,0,0,0,0,0,0,1,0,0,0,0,0,1,1,0,0,1,0,0,0,0,0,0,0,0,0,0,0,0,0,0,1,1,0,0,0,0,0,0,0,0,0,0,0,0,0,0,1,0,0,0,0,0,0,0,1,0
1,1,1,1,1,1,1,0,1,0,1,0,1,1,0,1,1,1,1,1,1,1,1,1,1,1,1,1,1,1,0,1,0,1,0,0,0,0,1,0,0,1,0,0,1,1,0,1,0,1,1,0,0,1,1,0,0,0,0,1,1,1,1,1,1,1,0,1,0,0,1,0,1,0,1,1,0,0,0,1,0,1,1,1,0,0,0,1,1,1,0,1,0,0,1,0,1,0,0,1,0,1,0,1,1,1,1,0,0,1,1,1,0,0,0,1,1,0,1,0,0,1,0,0,0,0,1,0,0,0,1,1,0,0,0,1,0,0,1,0,0,0,0,1,1,0,0,1,1,0,0,0,0,0,0,1,0,0,0,0,1,0,0,1,0,0,0,0,0,0,1,0,0,0,0,0,1,1,0,0,1,0,0,0,0,0,0,0,0,0,0,0,0,0,0,1,1,0,0,0,0,0,0,0,0,0,0,0,0,0,0,1,0,0,0,0,0,0,0,1,0
0,1,0,1,0,1,0,0,0,0,1,0,1,1,0,0,0,1,1,0,0,0,0,0,0,1,1,0,1,0,1,0,0,1,0,0,0,0,1,0,0,1,0,1,1,1,0,1,0,0,0,0,0,1,1,0,0,0,0,1,1,1,1,1,1,1,1,1,0,0,1,1,1,0,0,1,0,1,0,1,1,0,0,1,0,1,0,1,1,1,0,1,0,0,0,1,1,0,0,1,0,1,0,1,1,1,1,1,0,1,1,1,0,0,0,1,1,0,1,0,1,1,0,0,0,0,0,0,0,0,1,1,1,1,0,1,0,0,1,0,0,1,0,1,0,0,0,1,0,0,0,0,0,0,0,0,0,1,0,0,1,0,0,1,0,0,0,0,0,0,1,1,1,0,0,0,1,1,0,0,1,0,0,1,0,0,0,0,1,0,0,0,1,0,0,1,1,0,0,0,0,0,0,1,0,0,1,0,0,0,0,1,0,0,0,0,0,0,0,1,0
1,1,1,1,1,1,1,0,1,0,1,0,1,1,0,1,1,1,1,1,1,1,1,1,1,1,1,1,1,1,0,1,0,1,0,0,0,0,1,0,0,1,0,0,1,1,0,1,0,1,1,0,0,1,1,0,0,0,0,1,1,1,1,1,1,1,0,1,0,0,1,0,1,0,1,1,0,0,0,1,0,1,1,1,0,0,0,1,1,1,0,1,0,0,1,0,1,0,0,1,0,1,0,1,1,1,1,0,0,1,1,1,0,0,0,1,1,0,1,0,0,1,0,0,0,0,1,0,0,0,1,1,0,0,0,1,0,0,1,0,0,0,0,1,1,0,0,1,1,0,0,0,0,0,0,1,0,0,0,0,1,0,0,1,0,0,0,0,0,0,1,0,0,0,0,0,1,1,0,0,1,0,0,0,0,0,0,0,0,0,0,0,0,0,0,1,1,0,0,0,0,0,0,0,0,0,0,0,0,0,0,1,0,0,0,0,0,0,0,1,0
0,1,0,1,0,1,0,0,0,0,1,0,1,1,0,0,0,1,1,0,0,0,0,0,0,1,1,0,1,0,1,0,0,1,0,0,0,0,1,0,0,1,0,1,1,1,0,1,0,0,0,0,0,1,1,0,0,0,0,1,1,1,1,1,1,1,1,1,0,0,1,1,1,0,0,1,0,1,0,1,1,0,0,1,0,1,0,1,1,1,0,1,0,0,0,1,1,0,0,1,0,1,0,1,1,1,1,1,0,1,1,1,0,0,0,1,1,0,1,0,1,1,0,0,0,0,0,0,0,0,1,1,1,1,0,1,0,0,1,0,0,1,0,1,0,0,0,1,0,0,0,0,0,0,0,0,0,1,0,0,1,0,0,1,0,0,0,0,0,0,1,1,1,0,0,0,1,1,0,0,1,0,0,1,0,0,0,0,1,0,0,0,1,0,0,1,1,0,0,0,0,0,0,1,0,0,1,0,0,0,0,1,0,0,0,0,0,0,0,1,0
0,1,0,1,0,1,1,0,1,0,1,0,1,1,0,0,0,1,1,0,0,0,0,0,0,0,1,0,0,0,1,1,0,1,0,0,0,0,0,0,0,1,0,1,0,0,0,1,0,0,0,0,0,0,0,0,0,0,0,0,0,0,0,1,1,0,0,0,0,0,0,1,0,0,0,0,0,1,0,0,1,0,0,0,0,1,0,0,1,0,0,0,0,0,0,1,0,0,0,0,0,0,0,0,0,1,0,1,0,0,0,1,0,0,0,0,0,0,1,0,1,0,0,0,0,0,0,0,0,0,0,0,1,0,0,0,0,0,0,0,0,1,0,0,0,0,0,1,0,0,0,0,0,0,0,0,0,1,0,0,1,0,0,1,0,0,0,0,0,0,1,1,1,0,0,0,1,0,0,0,0,0,0,1,1,0,0,0,1,0,0,0,1,0,0,0,0,0,0,0,0,0,0,1,0,0,0,0,0,0,0,0,0,0,0,0,0,0,0,0,0
1,1,1,1,0,1,1,1,0,1,0,0,0,0,0,1,1,1,1,0,0,1,1,1,1,1,1,0,1,1,1,0,1,1,1,0,1,0,1,1,1,1,0,1,1,1,1,1,0,0,0,1,0,1,1,0,0,1,1,1,1,1,0,1,1,1,0,1,0,1,1,1,1,1,0,1,0,1,0,1,1,0,0,1,0,1,0,1,1,1,0,1,0,0,0,1,1,1,1,1,1,1,0,0,1,1,1,1,0,1,1,1,1,1,0,1,1,1,1,1,1,1,0,0,0,0,0,1,1,0,1,1,1,0,1,1,0,1,1,0,0,1,1,1,1,0,1,1,0,0,0,0,1,1,0,1,0,1,1,0,1,0,0,1,0,1,0,0,1,1,1,1,1,1,0,1,1,1,0,0,1,0,1,1,1,0,1,1,1,1,1,0,1,0,1,1,1,1,1,0,1,0,0,1,0,0,1,0,1,1,1,1,0,1,0,1,1,1,1,1,0
1,1,1,1,0,1,1,1,0,1,0,0,0,0,0,1,1,1,1,0,0,1,1,1,1,1,1,0,1,1,1,0,1,1,1,0,1,0,1,1,1,1,0,1,1,1,1,1,0,0,0,1,0,1,1,0,0,1,1,1,1,1,0,1,1,1,0,1,0,1,1,1,1,1,0,1,0,1,0,1,1,0,0,1,0,1,0,1,1,1,0,1,0,0,0,1,1,1,1,1,1,1,0,0,1,1,1,1,0,1,1,1,1,1,0,1,1,1,1,1,1,1,0,0,0,0,0,1,1,0,1,1,1,0,1,1,0,1,1,0,0,1,1,1,1,0,1,1,0,0,0,0,1,1,0,1,0,1,1,0,1,0,0,1,0,1,0,0,1,1,1,1,1,1,0,1,1,1,0,0,1,0,1,1,1,0,1,1,1,1,1,0,1,0,1,1,1,1,1,0,1,0,0,1,0,0,1,0,1,1,1,1,0,1,0,1,1,1,1,1,0
1,1,1,1,0,1,1,1,0,1,0,0,0,0,0,1,1,1,1,0,0,1,1,1,1,1,1,0,1,1,1,0,1,1,1,0,1,0,1,1,1,1,0,1,1,1,1,1,0,0,0,1,0,1,1,0,0,1,1,1,1,1,0,1,1,1,0,1,0,1,1,1,1,1,0,1,0,1,0,1,1,0,0,1,0,1,0,1,1,1,0,1,0,0,0,1,1,1,1,1,1,1,0,0,1,1,1,1,0,1,1,1,1,1,0,1,1,1,1,1,1,1,0,0,0,0,0,1,1,0,1,1,1,0,1,1,0,1,1,0,0,1,1,1,1,0,1,1,0,0,0,0,1,1,0,1,0,1,1,0,1,0,0,1,0,1,0,0,1,1,1,1,1,1,0,1,1,1,0,0,1,0,1,1,1,0,1,1,1,1,1,0,1,0,1,1,1,1,1,0,1,0,0,1,0,0,1,0,1,1,1,1,0,1,0,1,1,1,1,1,0
1,1,1,1,0,1,1,1,0,1,0,0,0,0,0,1,1,1,1,0,0,1,1,1,1,1,1,0,1,1,1,0,1,1,1,0,1,0,1,1,1,1,0,1,1,1,1,1,0,0,0,1,0,1,1,0,0,1,1,1,1,1,0,1,1,1,0,1,0,1,1,1,1,1,0,1,0,1,0,1,1,0,0,1,0,1,0,1,1,1,0,1,0,0,0,1,1,1,1,1,1,1,0,0,1,1,1,1,0,1,1,1,1,1,0,1,1,1,1,1,1,1,0,0,0,0,0,1,1,0,1,1,1,0,1,1,0,1,1,0,0,1,1,1,1,0,1,1,0,0,0,0,1,1,0,1,0,1,1,0,1,0,0,1,0,1,0,0,1,1,1,1,1,1,0,1,1,1,0,0,1,0,1,1,1,0,1,1,1,1,1,0,1,0,1,1,1,1,1,0,1,0,0,1,0,0,1,0,1,1,1,1,0,1,0,1,1,1,1,1,0
1,1,1,1,0,1,1,1,0,1,0,0,0,0,0,1,1,1,1,0,0,1,1,1,1,1,1,0,1,1,1,0,1,1,1,0,1,0,1,1,1,1,0,1,1,1,1,1,0,0,0,1,0,1,1,0,0,1,1,1,1,1,0,1,1,1,0,1,0,1,1,1,1,1,0,1,0,1,0,1,1,0,0,1,0,1,0,1,1,1,0,1,0,0,0,1,1,1,1,1,1,1,0,0,1,1,1,1,0,1,1,1,1,1,0,1,1,1,1,1,1,1,0,0,0,0,0,1,1,0,1,1,1,0,1,1,0,1,1,0,0,1,1,1,1,0,1,1,0,0,0,0,1,1,0,1,0,1,1,0,1,0,0,1,0,1,0,0,1,1,1,1,1,1,0,1,1,1,0,0,1,0,1,1,1,0,1,1,1,1,1,0,1,0,1,1,1,1,1,0,1,0,0,1,0,0,1,0,1,1,1,1,0,1,0,1,1,1,1,1,0
1,1,1,1,0,1,1,1,0,1,0,0,0,0,0,1,1,1,1,0,0,1,1,1,1,1,1,0,1,1,1,0,1,1,1,0,1,0,1,1,1,1,0,1,1,1,1,1,0,0,0,1,0,1,1,0,0,1,1,1,1,1,0,1,1,1,0,1,0,1,1,1,1,1,0,1,0,1,0,1,1,0,0,1,0,1,0,1,1,1,0,1,0,0,0,1,1,1,1,1,1,1,0,0,1,1,1,1,0,1,1,1,1,1,0,1,1,1,1,1,1,1,0,0,0,0,0,1,1,0,1,1,1,0,1,1,0,1,1,0,0,1,1,1,1,0,1,1,0,0,0,0,1,1,0,1,0,1,1,0,1,0,0,1,0,1,0,0,1,1,1,1,1,1,0,1,1,1,0,0,1,0,1,1,1,0,1,1,1,1,1,0,1,0,1,1,1,1,1,0,1,0,0,1,0,0,1,0,1,1,1,1,0,1,0,1,1,1,1,1,0
0,1,0,1,0,0,0,0,0,1,0,0,0,0,0,1,1,1,1,0,0,1,0,1,0,1,1,0,0,0,0,0,1,1,0,0,1,0,1,0,1,0,0,0,1,1,1,0,0,0,0,1,0,1,1,0,0,0,0,1,1,1,0,0,1,1,0,1,0,0,1,0,1,0,0,1,0,0,0,1,0,0,0,1,0,0,0,1,1,1,0,1,0,0,0,0,1,0,1,1,1,1,0,0,1,0,1,0,0,1,1,0,0,0,0,1,1,0,1,1,0,1,0,0,0,0,0,0,0,0,1,1,0,0,0,1,0,1,1,0,0,0,1,1,1,0,0,1,0,0,0,0,0,0,0,1,0,0,0,0,1,0,0,1,0,0,0,0,0,0,0,0,0,0,0,0,1,1,0,0,1,0,0,0,0,0,0,0,0,0,0,0,0,0,0,1,1,0,0,0,0,0,0,0,0,0,1,0,0,0,0,1,0,1,0,1,0,1,0,1,0
0,1,0,1,0,1,0,0,1,0,1,0,1,1,0,1,1,1,1,0,0,1,0,0,0,1,1,1,1,1,1,1,0,1,0,0,0,0,1,1,0,1,0,1,1,1,0,1,1,1,1,1,1,1,1,1,0,1,1,0,1,1,1,1,1,1,1,1,1,0,1,0,1,0,1,1,0,0,0,1,0,1,1,1,1,0,0,1,1,1,1,1,1,1,1,0,1,1,0,1,0,1,1,1,1,1,1,0,0,1,1,1,1,1,0,1,1,1,1,0,0,1,1,1,0,0,0,1,1,0,1,1,0,0,0,1,1,0,0,1,1,0,0,1,0,1,1,1,0,0,0,0,0,1,0,0,0,0,0,1,1,0,0,1,1,1,0,0,1,0,1,0,0,1,1,1,1,1,0,0,1,1,0,0,0,1,1,1,0,1,0,0,0,0,0,0,0,0,0,0,0,0,0,0,0,0,0,0,0,0,0,0,0,0,0,0,0,0,0,0,0
0,1,0,1,0,1,0,0,1,0,1,0,1,1,0,1,1,1,1,0,0,1,0,0,0,1,1,1,1,1,1,1,0,1,0,0,0,0,1,1,0,1,0,1,1,1,0,1,1,1,1,1,1,1,1,1,0,1,1,0,1,1,1,1,1,1,1,1,1,0,1,0,1,0,1,1,0,0,0,1,0,1,1,1,1,0,0,1,1,1,1,1,1,1,1,0,1,1,0,1,0,1,1,1,1,1,1,0,0,1,1,1,1,1,0,1,1,1,1,0,0,1,1,1,0,0,0,1,1,0,1,1,0,0,0,1,1,0,0,1,1,0,0,1,0,1,1,1,0,0,0,0,0,1,0,0,0,0,0,1,1,0,0,1,1,1,0,0,1,0,1,0,0,1,1,1,1,1,0,0,1,1,0,0,0,1,1,1,0,1,0,0,0,0,0,0,0,0,0,0,0,0,0,0,0,0,0,0,0,0,0,0,0,0,0,0,0,0,0,0,0
1,1,1,1,0,1,1,1,0,1,0,0,0,0,0,1,1,1,1,0,0,1,1,1,1,1,1,0,1,1,1,0,1,1,1,0,1,0,1,1,1,1,0,1,1,1,1,1,0,0,0,1,0,1,1,0,0,1,1,1,1,1,0,1,1,1,0,1,0,1,1,1,1,1,0,1,0,1,0,1,1,0,0,1,0,1,0,1,1,1,0,1,0,0,0,1,1,1,1,1,1,1,0,0,1,1,1,1,0,1,1,1,1,1,0,1,1,1,1,1,1,1,0,0,0,0,0,1,1,0,1,1,1,0,1,1,0,1,1,0,0,1,1,1,1,0,1,1,0,0,0,0,1,1,0,1,0,1,1,0,1,0,0,1,0,1,0,0,1,1,0,1,1,1,0,1,1,1,0,0,1,0,1,1,1,0,1,1,1,1,1,0,1,0,1,1,1,1,1,0,1,0,0,1,0,0,1,0,1,1,1,1,0,1,0,1,1,1,1,1,0
0,1,0,1,0,1,0,0,1,0,1,0,1,1,0,1,1,1,1,0,0,1,0,0,0,1,1,1,1,1,1,1,0,1,0,0,0,0,1,1,0,1,0,1,1,1,0,1,1,1,1,1,1,1,1,1,0,1,1,0,1,1,1,1,1,1,1,1,1,0,1,0,1,0,1,1,0,0,0,1,0,1,1,1,1,0,0,1,1,1,1,1,1,1,1,0,1,1,0,1,0,1,1,1,1,1,1,0,0,1,1,1,1,1,0,1,1,1,1,0,0,1,1,1,0,0,0,1,1,0,1,1,0,0,0,1,1,0,0,1,1,0,0,1,0,1,1,1,0,0,0,0,0,1,0,0,0,0,0,1,1,0,0,1,1,1,0,0,1,0,1,0,0,1,1,1,1,1,0,0,1,1,0,0,0,1,1,1,0,1,0,0,0,0,0,0,0,0,0,0,0,0,0,0,0,0,0,0,0,0,0,0,0,0,0,0,0,0,0,0,0
0,1,0,1,0,0,0,0,1,0,1,0,1,1,0,1,1,1,1,0,0,1,0,0,0,1,1,1,1,1,0,1,0,1,0,0,0,0,1,0,0,1,0,0,1,1,0,1,0,1,1,0,1,1,1,1,0,0,0,0,1,1,1,1,1,1,1,1,0,0,1,0,1,0,1,1,0,0,0,1,0,1,1,1,1,0,0,1,1,1,0,1,1,1,1,0,1,0,0,1,0,1,1,1,1,1,1,0,0,1,1,1,0,0,0,1,1,0,1,0,0,1,1,0,0,0,0,0,0,0,1,1,0,0,0,1,0,0,0,0,1,0,0,1,0,0,0,1,0,0,0,0,0,0,0,0,0,0,0,0,1,0,0,1,1,0,0,0,0,0,1,0,0,0,1,0,1,1,0,0,1,0,0,0,0,1,0,0,0,0,0,0,0,0,0,0,0,0,0,0,0,0,0,0,0,0,0,0,0,0,0,0,0,0,0,0,0,0,0,0,0
0,1,0,1,1,1,1,0,1,0,1,0,1,1,0,1,1,1,1,0,0,1,0,0,0,1,1,1,1,1,0,1,0,1,0,0,0,0,1,0,0,1,0,0,1,1,0,1,0,1,1,0,1,1,1,1,0,0,0,0,1,1,1,1,1,1,1,1,0,0,1,0,1,0,1,1,0,0,0,1,0,1,1,1,1,0,0,1,1,1,0,1,1,1,1,0,1,0,0,1,0,1,1,1,1,1,1,0,0,1,1,1,0,0,0,1,1,0,1,0,0,1,1,0,0,0,0,0,0,0,1,1,0,0,0,1,0,0,0,0,1,0,0,1,0,0,0,1,0,0,0,0,0,0,0,0,0,0,0,0,1,0,0,1,1,0,0,0,0,0,1,0,0,0,1,0,1,1,0,0,1,0,0,0,0,1,0,0,0,0,0,0,0,0,0,0,0,0,0,0,0,0,0,0,0,0,0,0,0,0,0,0,0,0,0,0,0,0,0,0,0
0,1,0,1,0,1,1,0,0,0,0,0,0,0,0,1,1,1,1,0,0,1,0,1,0,1,1,0,0,0,1,0,0,1,0,0,1,0,1,0,0,0,1,1,1,1,0,0,1,0,0,1,1,1,1,1,1,0,0,0,0,1,0,1,1,1,0,1,1,0,1,1,1,0,0,1,1,0,1,1,1,0,0,1,1,0,1,1,1,1,0,1,1,1,0,0,1,0,0,0,0,1,1,0,1,0,1,1,0,1,1,0,0,0,0,1,0,0,1,0,1,1,1,0,0,0,0,1,0,0,0,1,1,0,0,1,0,0,1,1,1,0,0,1,1,0,0,1,0,0,1,0,0,1,0,1,0,0,0,0,1,0,0,1,1,1,0,0,0,0,1,0,0,0,1,0,1,1,0,0,1,1,0,1,0,1,1,0,1,1,0,1,1,0,1,1,1,1,0,0,0,1,1,1,0,0,1,0,0,0,0,0,0,1,0,1,0,0,0,1,0
0,1,0,1,0,1,1,0,0,0,0,0,0,0,0,1,1,1,1,0,0,1,0,1,0,1,1,0,0,0,1,0,0,1,0,1,1,0,1,1,0,0,1,1,1,1,0,0,1,0,0,1,1,1,1,1,1,0,0,0,0,1,0,1,1,1,0,1,1,0,1,1,1,0,0,1,1,0,1,1,1,0,0,1,1,0,1,1,1,1,0,1,1,1,0,0,1,0,0,0,0,1,1,0,1,0,1,1,0,1,1,0,0,0,0,1,0,0,1,0,1,1,1,0,0,0,0,1,0,0,0,1,1,0,0,1,0,0,1,1,1,0,0,1,1,0,0,1,0,0,1,0,0,1,0,1,0,0,0,0,1,0,0,1,1,1,0,0,0,0,1,0,0,0,1,0,1,1,0,0,1,1,0,1,0,1,1,0,1,1,0,1,1,0,1,1,1,1,0,0,0,1,1,1,0,1,1,0,0,0,0,0,0,0,0,1,0,0,0,1,0
0,1,0,1,0,1,1,0,0,0,0,0,0,0,0,1,1,1,1,0,0,1,0,1,0,1,1,0,0,0,1,0,0,1,0,1,1,0,1,0,0,0,1,1,1,1,0,0,1,0,0,1,1,1,1,1,1,0,0,0,0,1,0,1,1,1,0,1,1,0,1,1,1,0,0,1,1,0,1,1,1,0,0,1,1,0,1,1,1,1,0,1,1,1,0,0,1,0,0,0,0,1,1,0,1,0,1,1,0,1,1,0,0,0,0,1,0,0,1,0,1,1,1,0,0,0,0,1,0,0,0,1,1,0,0,1,0,0,1,1,1,0,0,1,1,0,0,1,0,0,1,0,0,1,0,1,0,0,0,0,1,0,0,1,1,1,0,0,0,0,1,0,0,0,1,0,1,1,0,0,1,1,0,1,0,1,1,0,1,1,0,1,1,0,1,1,1,1,0,0,0,1,1,1,0,1,1,0,0,0,0,0,0,0,0,1,0,0,0,1,0
0,1,0,1,1,1,1,1,0,0,0,0,0,0,0,1,1,1,1,0,0,1,0,1,0,1,1,0,0,0,1,0,0,1,0,1,1,0,1,0,0,0,1,1,1,1,0,0,1,0,0,1,1,1,1,1,1,0,0,0,0,1,0,1,1,1,0,1,1,0,1,1,1,0,0,1,1,0,1,1,1,0,0,1,1,0,1,1,1,1,0,1,1,1,0,0,1,0,0,1,0,1,1,0,1,0,1,1,0,1,1,0,0,0,0,1,1,0,1,0,1,1,1,0,0,0,0,1,0,0,0,1,1,0,0,1,0,0,1,1,1,0,0,1,1,0,0,1,0,0,1,0,0,1,0,1,0,0,0,0,1,0,0,1,1,1,0,0,0,0,1,0,0,0,1,0,1,1,0,0,1,1,0,1,0,1,1,0,1,1,0,1,1,0,1,1,1,1,0,0,0,1,1,1,0,1,1,0,0,0,0,0,0,0,0,1,0,0,0,1,0
0,1,0,1,0,1,1,0,0,1,0,0,0,0,0,1,1,1,1,0,0,1,0,1,0,1,1,0,0,0,1,0,1,1,0,1,1,0,1,0,1,0,1,1,1,1,1,0,1,0,0,1,1,1,1,1,1,0,0,0,0,1,0,1,1,1,0,1,1,0,1,1,1,0,0,1,1,0,1,1,1,0,0,1,1,0,1,1,1,1,0,1,1,1,0,0,1,0,1,0,1,1,1,0,1,0,1,1,0,1,1,0,0,0,0,1,0,0,1,1,1,1,1,0,0,0,0,1,0,0,0,1,1,0,0,1,0,1,1,1,1,0,1,1,1,0,0,1,0,0,1,0,0,1,0,1,0,0,0,0,1,0,0,1,1,1,0,0,0,0,1,0,0,0,1,0,1,1,0,0,1,1,0,1,0,1,1,0,1,1,0,1,1,0,1,1,1,1,0,0,0,1,1,1,0,1,1,0,0,0,0,0,0,0,0,1,0,0,0,1,0
0,1,0,1,0,1,1,0,0,0,0,0,0,0,0,1,1,1,1,0,0,1,0,1,0,1,1,0,0,0,1,0,0,1,0,1,1,0,1,0,0,0,0,1,1,1,0,0,1,0,0,1,1,1,1,1,1,0,0,0,0,1,0,1,1,1,0,1,1,0,1,1,1,0,0,1,1,0,1,1,1,0,0,1,1,0,1,1,1,1,0,1,1,1,0,0,1,0,0,0,0,1,1,0,1,0,1,1,0,1,1,0,0,0,0,1,0,0,1,0,1,1,1,0,0,0,0,1,0,0,0,1,1,0,0,1,0,0,1,1,1,0,0,1,1,0,0,1,0,0,0,0,0,1,0,1,0,0,0,0,1,0,0,1,1,1,0,0,0,0,1,0,0,0,1,0,1,1,0,0,1,1,0,1,0,1,1,0,1,1,0,1,1,0,1,1,1,1,0,0,0,1,1,1,0,1,1,0,0,0,0,0,0,0,0,1,0,0,0,1,0
0,1,0,1,0,1,1,0,0,0,0,0,0,0,0,1,1,1,1,0,0,1,0,1,0,1,1,0,0,0,1,0,0,1,0,1,1,0,1,1,0,0,1,1,1,1,0,0,1,0,0,1,1,1,1,1,1,0,0,0,0,1,0,1,1,1,0,1,1,0,1,1,1,0,0,1,1,0,1,1,1,0,0,1,1,0,1,1,1,1,0,1,1,1,0,0,1,0,0,0,0,1,1,0,1,0,1,1,0,1,1,0,0,0,0,1,0,0,1,0,1,1,1,0,0,0,0,1,0,0,0,1,1,0,0,1,0,0,1,1,1,0,0,1,1,0,0,1,0,0,1,0,0,1,0,1,0,0,0,0,1,0,0,1,1,1,0,0,0,0,1,0,0,0,1,0,1,1,0,0,1,1,0,1,0,1,1,0,1,1,0,1,1,0,1,1,1,1,0,0,0,1,1,1,0,1,1,0,0,0,0,0,0,0,0,1,0,0,0,1,0
0,1,0,1,0,1,1,0,0,0,0,0,0,0,0,1,1,1,1,0,0,1,0,1,0,1,1,0,0,0,1,0,0,1,0,1,1,0,1,1,0,0,1,1,1,1,0,0,1,0,0,1,1,1,1,1,1,0,0,0,0,1,0,1,1,1,0,1,1,0,1,1,1,0,0,1,1,0,1,1,1,0,0,1,1,0,1,1,1,1,0,1,1,1,0,0,1,0,0,0,0,1,1,0,1,0,1,1,0,1,1,0,0,0,0,1,0,0,1,0,1,1,1,0,0,0,0,1,0,0,0,1,1,0,0,1,0,0,1,1,1,0,0,1,1,0,0,1,0,0,1,0,0,1,0,1,0,0,0,0,1,0,0,1,1,1,0,0,0,0,1,0,0,0,1,0,1,1,0,0,1,1,0,1,0,1,1,0,1,1,0,1,1,0,1,1,1,1,0,0,0,1,1,1,0,1,1,0,0,0,0,0,0,0,0,1,0,0,0,1,0
0,1,0,1,0,1,1,0,0,1,0,0,0,0,0,1,1,1,1,0,0,1,0,1,0,1,1,0,0,0,1,0,1,1,0,1,1,0,1,0,1,0,1,1,1,1,1,0,1,0,0,1,1,1,1,1,1,0,0,0,0,1,0,1,1,1,0,1,1,0,1,1,1,0,0,1,1,0,1,1,1,0,0,1,1,0,1,1,1,1,0,1,1,1,0,0,1,0,1,0,1,1,1,0,1,0,1,1,0,1,1,0,0,0,0,1,0,0,1,1,1,1,1,0,0,1,0,1,0,0,0,1,1,0,0,1,0,1,1,1,1,0,1,1,1,0,0,1,0,0,1,0,0,1,0,1,0,0,0,0,1,0,0,1,1,1,0,0,0,0,1,0,0,0,1,0,1,1,0,1,1,1,0,1,0,1,1,0,1,1,0,1,1,0,1,1,1,1,0,0,0,1,1,1,0,1,1,0,0,0,0,0,0,0,0,1,0,0,0,1,0
0,1,0,1,0,1,1,0,0,1,0,0,0,0,0,1,1,1,1,0,0,1,0,1,0,1,1,0,0,0,1,0,1,1,0,1,1,0,1,0,1,0,1,1,1,1,1,0,1,0,0,1,1,1,1,1,1,0,0,0,0,1,0,1,1,1,0,1,1,0,1,1,1,0,0,1,1,0,1,1,1,0,0,1,1,0,1,1,1,1,0,1,1,1,0,0,1,0,1,0,1,1,1,0,1,0,1,1,0,1,1,0,0,0,0,1,0,0,1,1,1,1,1,0,0,0,0,1,0,0,0,1,1,0,0,1,0,1,1,1,1,0,1,1,1,0,0,1,0,0,1,0,0,1,0,1,0,0,0,0,1,0,0,1,1,1,0,0,0,0,1,0,0,0,1,0,1,1,0,0,1,1,0,1,0,1,1,0,1,1,0,1,1,0,1,1,1,1,0,0,0,1,1,1,0,1,1,0,0,0,0,0,0,0,0,1,0,0,0,1,0
0,1,0,1,1,1,1,1,1,0,1,0,0,1,0,1,1,1,0,0,0,1,0,0,0,1,1,0,0,0,1,1,0,1,0,0,1,0,1,0,0,0,0,1,1,1,0,0,1,0,0,1,1,1,1,1,1,0,0,0,0,1,0,1,1,1,0,1,1,0,1,1,1,0,0,1,1,0,1,1,1,0,0,1,1,0,1,1,1,1,0,1,1,1,0,0,1,0,0,1,0,1,1,0,1,0,1,1,0,1,1,0,0,0,0,1,1,0,1,0,1,1,1,0,0,0,0,1,0,0,0,1,1,0,0,1,0,0,1,1,1,0,0,1,1,0,0,1,0,0,0,0,0,1,0,1,0,0,0,0,1,0,0,1,1,1,0,0,0,0,1,0,0,0,1,0,1,1,0,0,1,1,0,1,0,1,1,0,1,1,0,1,1,0,1,1,1,1,0,0,0,1,1,1,0,0,1,0,0,0,0,0,0,0,0,0,0,0,0,0,0
0,1,0,1,1,1,1,1,0,0,0,0,0,0,0,1,1,1,1,0,0,1,0,1,0,1,1,0,0,0,1,0,0,1,0,0,1,0,1,0,0,0,1,1,1,1,0,0,1,0,0,1,1,1,1,1,1,0,0,0,0,1,0,1,1,1,0,1,1,0,1,1,1,0,0,1,1,0,1,1,1,0,0,1,1,0,1,1,1,1,0,1,1,1,0,0,1,0,0,1,0,1,1,0,1,0,1,1,0,1,1,0,0,0,0,1,1,0,1,0,1,1,1,0,0,0,0,1,0,0,0,1,1,0,0,1,0,0,1,1,1,0,0,1,1,0,0,1,0,0,1,0,0,1,0,1,0,0,0,0,1,0,0,1,1,1,0,0,0,0,1,0,0,0,1,0,1,1,0,0,1,1,0,1,0,1,1,0,1,1,0,1,1,0,1,1,1,1,0,0,0,1,1,1,0,0,1,0,0,0,0,0,0,0,0,0,0,0,0,1,0
0,1,0,1,1,1,1,1,0,1,0,0,0,0,0,1,1,1,1,0,0,1,0,1,0,1,1,0,0,0,1,0,1,1,0,0,1,0,1,0,1,0,1,1,1,1,0,0,1,0,0,1,1,1,1,1,1,0,0,0,0,1,0,1,1,1,0,1,1,0,1,1,1,0,0,1,1,0,1,1,1,0,0,1,1,0,1,1,1,1,0,1,1,1,0,0,1,0,0,1,0,1,1,0,1,0,1,1,0,1,1,0,0,0,0,1,1,0,1,1,1,1,1,0,0,0,0,1,0,0,0,1,1,0,0,1,0,1,1,1,1,0,0,1,1,0,0,1,0,0,1,0,0,1,0,1,0,0,0,0,1,0,0,1,1,1,0,0,0,0,1,0,0,0,1,0,1,1,0,0,1,1,0,1,0,1,1,0,1,1,0,1,1,0,1,1,1,1,0,0,0,1,1,1,0,0,1,0,0,0,0,0,0,0,0,0,0,0,0,1,0
0,1,0,1,1,1,1,1,0,1,0,0,0,0,0,1,1,1,1,0,0,1,0,1,0,1,1,0,0,0,1,0,1,1,0,0,1,0,1,0,1,0,0,1,1,1,0,0,1,0,0,1,1,1,1,1,1,0,0,0,0,1,0,1,1,1,0,1,1,0,1,1,1,0,0,1,1,0,1,1,1,0,0,1,1,0,1,1,1,1,0,1,1,1,0,0,1,0,0,1,0,1,1,0,1,0,1,1,0,1,1,0,0,0,0,1,1,0,1,1,1,1,1,0,0,0,0,1,0,0,0,1,1,0,0,1,0,1,1,1,1,0,0,1,1,0,0,1,0,0,0,0,0,1,0,1,0,0,0,0,1,0,0,1,1,1,0,0,0,0,1,0,0,0,1,0,1,1,0,0,1,1,0,1,0,1,1,0,1,1,0,1,1,0,1,1,1,1,0,0,0,1,1,1,0,0,1,0,0,0,0,0,0,0,0,0,0,0,0,1,0
0,1,0,1,1,1,1,1,0,0,0,0,0,0,0,1,1,1,1,0,0,1,0,1,0,1,1,0,0,0,1,0,0,1,0,0,1,0,1,0,0,0,0,1,1,1,0,0,1,0,0,1,1,1,1,1,1,0,0,0,0,1,0,1,1,1,0,1,1,0,1,1,1,0,0,1,1,0,1,1,1,0,0,1,1,0,1,1,1,1,0,1,1,1,0,0,1,0,0,1,0,1,1,0,1,0,1,1,0,1,1,0,0,0,0,1,1,0,1,0,1,1,1,0,0,0,0,1,0,0,0,1,1,0,0,1,0,0,1,1,1,0,0,1,1,0,0,1,0,0,0,0,0,1,0,1,0,0,0,0,1,0,0,1,1,1,0,0,0,0,1,0,0,0,1,0,1,1,0,0,1,1,0,1,0,1,1,0,1,1,0,1,1,0,1,1,1,1,0,0,0,1,1,1,0,0,1,0,0,0,0,0,0,1,0,0,0,0,0,1,0
0,1,0,1,0,1,1,0,1,0,0,0,0,0,0,1,1,1,0,0,1,1,0,1,0,1,1,0,0,0,1,1,0,1,0,0,1,0,1,0,0,0,0,1,1,1,0,0,1,0,0,1,1,1,1,1,1,0,0,0,0,1,0,1,1,1,0,1,1,0,1,1,1,0,0,1,1,0,1,1,1,0,0,1,1,0,1,1,1,1,0,1,1,1,0,0,1,0,0,0,0,1,1,0,1,0,1,1,0,1,1,0,0,0,0,1,0,0,1,0,1,1,1,0,0,0,0,1,0,0,0,1,1,0,0,1,0,0,1,1,1,0,0,1,1,0,0,1,0,0,0,0,0,1,0,1,0,0,0,0,1,0,0,1,1,1,0,0,0,0,1,0,0,0,1,0,1,1,0,0,1,1,0,1,0,1,1,0,1,1,0,1,1,0,1,1,1,1,0,0,0,1,1,1,0,0,1,0,0,0,0,0,0,0,0,0,0,0,0,0,0
0,1,0,1,1,1,1,1,0,0,0,0,0,0,0,1,1,1,1,0,0,1,0,1,0,1,1,0,0,0,1,0,0,1,0,1,1,0,1,0,0,0,1,1,1,1,0,0,1,0,0,1,1,1,1,1,1,0,0,0,0,1,0,1,1,1,0,1,1,0,1,1,1,0,0,1,1,0,1,1,1,0,0,1,1,0,1,1,1,1,0,1,1,1,0,0,1,0,0,1,0,1,1,0,1,0,1,1,0,1,1,0,0,0,0,1,1,0,1,0,1,1,1,0,0,0,0,1,0,0,0,1,1,0,0,1,0,0,1,1,1,0,0,1,1,0,0,1,0,0,1,0,0,1,0,1,0,0,0,0,1,0,0,1,1,1,0,0,0,0,0,0,0,0,1,0,1,1,0,0,1,1,0,1,0,1,1,0,1,1,0,1,1,0,1,1,1,1,0,0,0,1,1,1,0,1,1,0,0,0,0,0,0,0,0,1,0,0,0,1,0
0,1,0,1,1,1,1,0,0,0,0,0,0,0,0,1,1,1,0,1,1,1,0,1,0,1,1,1,0,0,1,0,0,1,0,1,1,0,1,1,0,1,1,1,1,1,0,1,1,1,1,1,1,1,1,1,1,0,0,0,0,1,0,1,1,1,0,1,1,0,1,1,1,0,1,1,1,0,1,1,1,1,1,1,1,0,1,1,1,1,0,1,1,1,1,0,1,0,0,0,0,1,1,1,1,0,1,1,0,1,1,1,0,0,0,1,0,0,1,0,1,1,1,0,0,0,0,1,0,0,1,1,1,0,0,1,0,0,1,1,1,0,0,1,1,0,0,1,0,0,1,0,0,1,0,1,0,0,0,0,1,0,0,1,1,1,0,0,0,0,1,0,0,0,1,0,1,1,0,0,1,1,0,1,0,1,1,0,1,1,0,1,1,0,1,1,1,1,0,0,0,1,1,1,0,1,1,0,0,0,0,0,0,0,0,1,0,0,0,1,0
0,1,0,1,0,1,1,0,0,0,0,0,0,0,0,1,1,1,1,0,0,1,0,1,0,1,1,0,0,0,1,0,0,1,0,0,1,0,1,1,0,0,1,1,1,1,0,0,1,0,0,1,1,1,1,1,1,1,1,0,0,1,0,1,1,1,0,1,1,0,1,1,1,0,0,1,1,0,1,1,1,0,0,1,1,0,1,1,1,1,1,1,1,1,0,0,1,1,0,0,0,1,1,0,1,0,1,1,0,1,1,0,1,1,0,1,0,1,1,0,1,1,1,1,0,0,0,1,1,0,0,1,1,0,0,1,1,0,1,1,1,0,0,1,1,1,1,1,0,0,1,0,0,1,0,1,0,0,0,1,1,0,0,1,1,1,0,0,1,0,1,0,0,1,1,1,1,1,0,0,1,1,0,1,0,1,1,0,1,1,1,1,1,1,1,1,1,1,0,1,1,1,1,1,1,0,1,0,0,0,1,0,0,0,0,1,0,0,1,1,0
0,1,0,1,1,1,1,0,0,0,0,0,0,0,0,1,1,1,1,0,0,1,0,1,0,1,1,0,0,0,1,0,0,1,0,0,1,0,1,0,0,1,1,1,1,1,0,1,1,0,0,1,1,1,1,1,1,0,0,0,0,1,1,1,1,1,0,1,1,0,1,1,1,0,0,1,1,0,1,1,1,0,0,1,1,0,1,1,1,1,0,1,1,1,0,0,1,0,0,0,0,1,1,0,1,0,1,1,0,1,1,1,0,0,0,1,0,0,1,0,1,1,1,0,1,0,0,1,0,0,0,1,1,0,0,1,0,0,1,1,1,0,0,1,1,0,0,1,0,0,1,1,0,1,0,1,0,0,0,0,1,0,0,1,1,1,0,0,0,0,1,0,0,0,1,0,1,1,1,0,1,1,0,1,0,1,1,0,1,1,0,1,1,0,1,1,1,1,0,0,0,1,1,1,0,0,1,0,0,0,0,0,0,0,0,0,0,0,0,1,0
0,1,0,1,1,1,1,1,0,0,0,0,0,0,0,1,1,1,1,0,0,1,0,1,0,1,1,0,0,0,1,0,0,1,0,1,1,0,1,0,0,0,0,1,1,1,0,0,1,0,0,1,1,1,1,1,1,0,0,0,0,1,0,1,1,1,0,1,1,0,1,1,1,0,0,1,1,0,1,1,1,0,0,1,1,0,1,1,1,1,0,1,1,1,0,0,1,0,0,1,0,1,1,0,1,0,1,1,0,1,1,0,0,0,0,1,1,0,1,0,1,1,1,0,0,0,0,1,0,0,0,1,1,0,0,1,0,0,1,1,1,0,0,1,1,0,0,1,0,0,0,0,0,1,0,1,0,0,0,0,1,0,0,1,1,1,0,0,0,0,1,0,0,0,1,0,1,1,0,0,1,1,0,1,0,1,1,0,1,1,0,1,1,0,1,1,1,1,0,0,0,1,1,1,0,1,1,0,0,0,0,0,0,0,0,1,0,0,0,1,0
0,1,0,1,1,1,1,1,0,0,0,0,0,0,0,1,1,1,1,0,0,1,0,1,0,1,1,0,0,0,1,0,0,1,0,1,1,0,1,0,0,0,1,1,1,1,0,0,1,0,0,1,1,1,1,1,1,0,0,0,0,1,0,1,1,1,0,1,1,0,1,1,1,0,0,1,1,0,1,1,1,0,0,1,1,0,1,1,1,1,0,1,1,1,0,0,1,0,0,1,0,1,1,0,1,0,1,1,0,1,1,0,0,0,0,1,1,0,1,0,1,1,1,0,0,0,0,1,0,0,0,1,1,0,0,1,0,0,1,1,1,0,0,1,1,0,0,1,0,0,1,0,0,1,0,1,0,0,0,0,1,0,0,1,1,1,0,0,0,0,1,0,0,0,1,0,1,1,0,0,1,1,0,1,0,1,1,0,1,1,0,1,1,0,1,1,1,1,0,0,0,1,1,1,0,1,1,0,0,0,0,0,0,0,0,1,0,0,0,1,0
0,1,0,1,0,1,1,0,0,1,0,0,0,0,0,1,1,1,1,0,0,1,0,1,0,1,1,0,0,0,1,0,1,1,0,1,1,0,1,1,1,0,1,1,1,1,1,0,1,0,0,1,1,1,1,1,1,0,0,0,0,1,0,1,1,1,0,1,1,0,1,1,1,0,0,1,1,0,1,1,1,0,0,1,1,0,1,1,1,1,0,1,1,1,0,0,1,0,1,0,1,1,1,0,1,0,1,1,0,1,1,0,0,0,0,1,0,0,1,1,1,1,1,0,0,0,0,1,0,0,0,1,1,0,0,1,0,1,1,1,1,0,1,1,1,0,0,1,0,0,1,0,0,1,0,1,0,0,0,0,1,0,0,1,1,1,0,0,0,0,1,0,0,0,1,0,1,1,0,0,1,1,0,1,0,1,1,0,1,1,0,1,1,0,1,1,1,1,0,0,0,1,1,1,0,1,1,0,0,0,0,0,0,0,0,1,0,0,0,1,0
0,1,0,1,0,1,1,0,0,1,0,0,0,0,0,1,1,1,1,0,0,1,0,1,0,1,1,0,0,0,1,0,1,1,0,1,1,0,1,1,1,0,1,1,1,1,1,0,1,0,0,1,1,1,1,1,1,0,0,0,0,1,0,1,1,1,0,1,1,0,1,1,1,0,0,1,1,0,1,1,1,0,0,1,1,0,1,1,1,1,0,1,1,1,0,0,1,0,1,0,1,1,1,0,1,0,1,1,0,1,1,0,0,0,0,1,0,0,1,1,1,1,1,0,0,0,0,1,0,0,0,1,1,0,0,1,0,1,1,1,1,0,1,1,1,0,0,1,0,0,1,0,0,1,0,1,0,0,0,0,1,0,0,1,1,1,0,0,0,0,1,0,0,0,1,0,1,1,0,0,1,1,0,1,0,1,1,0,1,1,0,1,1,0,1,1,1,1,0,0,0,1,1,1,0,1,1,0,0,0,0,0,0,0,0,1,0,0,0,1,0
0,1,0,1,0,1,1,0,0,0,0,0,0,0,0,1,1,1,1,0,0,1,0,1,0,1,1,0,0,0,1,0,0,1,0,1,1,0,1,0,0,0,1,1,1,1,0,0,1,0,0,1,1,1,1,1,1,0,0,0,0,1,0,1,1,1,0,1,1,0,1,1,1,0,0,1,1,0,1,1,1,0,0,1,1,0,1,1,1,1,0,1,1,1,0,0,1,0,0,0,0,1,1,0,1,0,1,1,0,1,1,0,0,0,0,1,0,0,1,0,1,1,1,0,0,0,0,1,0,0,0,1,1,0,0,1,0,0,1,1,1,0,0,1,1,0,0,1,0,0,1,0,0,1,0,1,0,0,0,0,1,0,0,1,1,1,0,0,0,0,1,0,0,0,1,0,1,1,0,0,1,1,0,1,0,1,1,0,1,1,0,1,1,0,1,1,1,1,0,0,0,1,1,1,0,1,1,0,0,0,0,0,0,0,0,1,0,0,0,1,0
0,1,0,1,0,1,1,0,0,0,0,0,0,0,0,1,1,1,1,0,0,1,0,1,0,1,1,0,0,0,1,0,0,1,0,1,1,0,1,0,0,0,1,1,1,1,0,0,1,0,0,1,1,1,1,1,1,0,0,0,0,1,0,1,1,1,0,1,1,0,1,1,1,0,0,1,1,0,1,1,1,0,0,1,1,0,1,1,1,1,0,1,1,1,0,0,1,0,0,0,0,1,1,0,1,0,1,1,0,1,1,0,0,0,0,1,0,0,1,0,1,1,1,0,0,0,0,1,0,0,0,1,1,0,0,1,0,0,1,1,1,0,0,1,1,0,0,1,0,0,1,0,0,1,0,1,0,0,0,0,1,0,0,1,1,1,0,0,0,0,1,0,0,0,1,0,1,1,0,0,1,1,0,1,0,1,1,0,1,1,0,1,1,0,1,1,1,1,0,0,0,1,1,1,0,1,1,0,0,0,0,0,0,0,0,1,0,0,0,1,0
0,1,0,1,0,1,1,0,0,0,0,0,0,0,0,1,1,1,1,0,0,1,0,1,0,1,1,0,0,0,1,0,0,1,0,1,1,0,1,0,0,0,1,1,1,1,0,0,1,0,0,1,1,1,1,1,1,0,0,0,0,1,0,1,1,1,0,1,1,0,1,1,1,0,0,1,1,0,1,1,1,0,0,1,1,0,1,1,1,1,0,1,1,1,0,0,1,0,0,0,0,1,1,0,1,0,1,1,0,1,1,0,0,0,0,1,0,0,1,0,1,1,1,0,0,0,0,1,0,0,0,1,1,0,0,1,0,0,1,1,1,0,0,1,1,0,0,1,0,0,1,0,0,1,0,1,0,0,0,0,1,0,0,1,1,1,0,0,0,0,1,0,0,0,1,0,1,1,0,0,1,1,0,1,0,1,1,0,1,1,0,1,1,0,1,1,1,1,0,0,0,1,1,1,0,1,1,0,0,0,0,0,0,0,0,1,0,0,0,1,0
0,1,0,1,1,1,1,1,0,0,0,0,0,0,0,1,1,1,1,0,0,1,0,1,0,1,1,0,0,0,1,0,0,1,0,1,1,0,1,0,0,0,1,1,1,1,0,0,1,0,0,1,1,1,1,1,1,0,0,0,0,1,0,1,1,1,0,1,1,0,1,1,1,0,0,1,1,0,1,1,1,0,0,1,1,0,1,1,1,1,0,1,1,1,0,0,1,0,0,1,0,1,1,0,1,0,1,1,0,1,1,0,0,0,0,1,1,0,1,0,1,1,1,0,0,0,0,1,0,0,0,1,1,0,0,1,0,0,1,1,1,0,0,1,1,0,0,1,0,0,1,0,0,1,0,1,0,0,0,0,1,0,0,1,1,1,0,0,0,0,1,0,0,0,1,0,1,1,0,0,1,1,0,1,0,1,1,0,1,1,0,1,1,0,1,1,1,1,0,0,0,1,1,1,0,1,1,0,0,0,0,0,0,0,0,1,0,0,0,1,0
0,1,0,0,0,1,1,0,0,0,0,0,0,0,0,0,0,1,1,0,0,0,0,0,0,0,1,0,0,0,1,0,0,1,1,0,0,0,1,1,0,0,0,1,0,0,0,0,1,0,0,1,0,1,1,0,0,1,1,0,0,0,0,1,1,0,0,0,1,1,0,1,0,0,0,1,0,1,0,0,1,0,0,1,0,1,0,0,1,0,1,0,0,0,0,0,1,1,0,1,0,0,0,0,0,0,0,0,0,0,0,0,1,1,1,1,1,1,1,0,1,0,0,1,0,1,0,1,1,0,0,0,0,0,0,1,1,0,0,1,0,0,0,1,0,1,1,1,0,0,0,0,1,1,0,0,0,0,0,1,1,1,0,1,0,1,0,0,1,0,1,1,0,1,0,1,1,1,0,1,1,1,1,1,1,0,1,0,0,1,0,0,0,0,0,0,0,0,1,0,0,0,0,0,0,0,0,1,1,0,0,0,1,0,1,0,1,0,0,0,1
0,1,0,1,0,1,1,0,0,1,0,0,0,0,0,1,1,1,1,0,0,1,0,1,0,1,1,0,0,0,1,0,1,1,0,1,1,0,1,0,1,0,1,1,1,1,1,1,1,0,0,1,1,1,1,1,1,0,0,0,0,1,1,0,1,1,0,1,1,0,1,1,1,0,0,1,1,0,1,1,1,0,0,1,1,0,1,1,1,1,0,1,1,1,0,0,1,0,1,0,1,1,1,0,1,0,1,1,0,1,1,1,0,0,0,1,0,0,1,1,1,1,1,0,0,0,0,1,0,0,0,1,1,0,0,1,0,1,1,1,1,0,1,1,1,0,0,1,0,0,1,0,0,1,0,1,0,0,0,0,1,0,0,1,1,1,0,0,0,0,0,0,0,0,1,0,1,1,0,0,1,1,0,1,0,1,1,0,1,1,0,1,1,0,1,1,1,1,0,0,0,1,1,1,0,1,1,0,0,0,0,0,0,0,0,1,0,0,0,1,0
0,1,0,1,0,1,1,0,0,0,0,0,0,0,0,0,0,1,1,0,0,0,0,0,0,0,1,0,0,0,1,0,0,1,0,0,0,0,1,1,0,1,1,1,0,0,0,1,1,0,0,1,0,1,1,0,0,1,1,0,0,0,1,1,1,0,0,0,1,0,0,1,0,0,0,1,0,1,0,0,1,0,0,1,0,1,0,0,1,0,1,0,0,0,0,0,1,1,0,1,0,0,0,0,0,0,0,0,0,0,0,1,1,1,1,1,1,1,1,0,1,0,0,1,1,1,0,1,1,0,0,0,0,0,0,1,1,0,0,1,0,0,0,1,0,1,1,1,0,0,1,1,0,1,1,0,0,0,0,1,1,1,1,1,0,1,0,0,1,0,1,1,0,1,0,1,1,1,1,1,1,1,0,1,1,0,1,0,0,1,0,0,0,0,0,0,0,0,1,0,0,0,0,0,0,0,0,1,1,0,0,0,1,0,1,0,1,0,0,0,1
0,1,0,1,0,1,1,0,0,0,0,0,0,0,0,0,0,1,1,0,0,0,0,0,0,0,1,0,0,0,1,0,0,1,0,0,0,0,1,1,0,1,1,1,0,0,0,1,1,0,0,1,0,1,1,0,0,1,1,0,0,0,1,1,1,0,0,0,1,0,0,1,0,0,0,1,0,1,0,0,1,0,0,1,0,1,0,0,1,0,1,0,0,0,0,0,1,1,0,1,0,0,0,0,0,0,0,0,0,0,0,1,1,1,1,1,1,1,1,0,1,0,0,1,0,1,0,1,1,0,0,0,0,0,0,1,1,0,0,1,0,0,0,1,0,1,1,1,0,0,1,0,0,1,1,0,0,0,0,1,1,1,1,1,0,1,1,0,1,0,1,1,0,1,0,1,1,1,0,1,1,1,0,1,1,0,1,0,0,1,0,0,0,0,0,0,0,0,1,0,0,0,0,0,0,0,0,1,1,0,0,0,1,0,1,0,1,0,0,0,1
0,1,0,1,0,1,1,0,0,0,0,0,0,0,0,0,0,1,1,0,0,0,0,0,0,0,1,0,0,0,1,0,0,1,0,0,0,0,1,1,0,1,1,1,0,0,0,1,1,0,0,1,0,1,1,0,0,1,1,0,0,0,1,1,1,0,0,0,1,0,0,1,0,0,0,1,0,1,0,0,1,0,0,1,0,1,0,0,1,0,1,0,0,0,0,0,1,1,0,1,0,0,0,0,0,0,0,0,0,0,0,1,1,1,1,1,1,1,1,0,1,0,0,1,0,1,0,1,1,0,0,0,0,0,0,1,1,0,0,1,0,0,0,1,0,1,1,1,0,0,1,0,0,1,1,0,0,0,0,1,1,1,1,1,0,1,0,0,1,0,1,1,0,1,0,1,1,1,0,1,1,1,0,1,1,0,1,1,0,1,0,0,0,0,0,0,0,0,1,0,0,0,0,0,0,0,0,1,1,0,0,0,1,0,1,0,1,0,0,0,1
0,1,0,1,0,1,1,0,0,0,0,0,0,0,0,0,0,1,1,0,0,0,0,0,0,0,1,0,0,0,1,0,0,1,0,0,0,0,1,1,0,1,1,1,0,0,0,1,1,0,0,1,0,1,1,0,0,1,1,0,0,0,1,1,1,0,0,0,1,0,0,1,0,0,0,1,0,1,0,0,1,0,0,1,0,1,0,0,1,0,1,0,0,0,0,0,1,1,0,1,0,0,0,0,0,0,0,0,0,0,0,1,1,1,1,1,1,1,1,0,1,0,0,1,0,1,0,1,1,0,0,0,0,0,0,1,1,0,0,1,0,0,0,1,0,1,1,1,0,0,1,0,0,1,1,0,0,0,0,1,1,1,1,1,0,1,0,0,1,0,1,1,0,1,0,1,1,1,0,1,1,1,0,1,1,0,1,0,0,1,0,1,0,0,0,0,0,0,1,0,0,1,0,0,0,0,0,1,1,0,0,0,1,0,1,0,1,0,0,0,1
1,1,0,1,0,1,1,0,0,0,0,0,0,0,0,0,0,1,1,0,0,0,0,0,0,0,1,0,0,0,1,0,0,1,0,0,0,0,1,1,0,1,1,1,0,0,0,1,1,0,0,1,0,1,1,0,0,1,1,0,0,0,1,1,1,0,0,0,1,0,0,1,0,0,0,1,0,1,0,0,1,0,0,1,0,1,0,0,1,0,1,0,0,0,0,0,1,1,0,1,0,0,0,0,0,0,0,0,0,0,0,1,1,1,1,1,1,1,1,0,1,0,0,1,0,1,0,1,1,0,0,0,0,0,0,1,1,0,0,1,0,0,0,1,0,1,1,1,0,0,1,0,0,1,1,0,0,0,0,1,1,1,1,1,0,1,0,0,1,0,1,1,0,1,0,1,1,1,0,1,1,1,0,1,1,0,1,0,0,1,0,0,0,0,0,0,0,0,1,0,0,0,0,0,0,0,0,1,1,0,0,0,1,0,1,0,1,0,0,0,1
1,1,0,1,0,1,1,0,0,0,0,0,0,0,0,0,0,1,1,0,0,0,0,0,0,0,1,0,0,0,1,0,0,1,0,0,0,0,1,1,0,1,1,1,0,0,0,1,1,0,0,1,0,1,1,0,0,1,1,0,0,0,1,1,1,0,0,0,1,0,0,1,0,0,0,1,0,1,0,0,1,0,0,1,0,1,0,0,1,0,1,0,0,0,0,0,1,1,0,1,0,0,0,0,0,0,0,0,0,0,0,1,1,1,1,1,1,1,1,0,1,0,0,1,0,1,0,1,1,0,0,0,0,0,0,1,1,0,0,1,0,0,0,1,0,1,1,1,0,0,1,0,0,1,1,0,0,0,0,1,1,1,1,1,0,1,0,0,1,0,1,1,0,1,0,1,1,1,0,1,1,1,0,1,1,0,1,0,0,1,0,0,0,0,0,1,0,1,1,0,0,0,0,0,0,0,0,1,1,0,0,0,1,0,1,0,1,0,0,0,1
1,1,0,1,0,1,1,0,0,0,0,0,0,0,0,0,0,1,1,0,0,0,0,0,0,0,1,0,0,0,1,0,0,1,0,0,0,0,1,1,0,1,1,1,0,0,0,1,1,0,0,1,0,1,1,0,0,1,1,0,0,0,1,1,1,0,0,0,1,0,0,1,0,0,0,1,0,1,0,0,1,0,0,1,0,1,0,0,1,0,1,0,0,0,0,0,1,1,0,1,0,0,0,0,0,0,0,0,0,0,0,1,1,1,1,1,1,1,1,0,1,0,0,1,0,1,0,1,1,0,0,0,0,0,0,1,1,0,0,1,0,0,0,1,0,1,1,1,0,0,1,0,0,1,1,0,0,0,0,1,1,1,1,1,0,1,0,0,1,0,1,1,0,1,0,1,1,1,0,1,1,1,0,1,1,0,1,0,0,1,0,0,0,0,0,1,0,1,1,0,0,0,0,0,0,0,0,1,1,0,0,0,1,0,1,0,1,0,0,0,1
0,1,0,1,0,1,1,0,0,0,0,0,0,0,0,0,0,1,1,0,0,0,0,0,0,0,1,0,0,0,1,0,0,1,0,0,0,0,1,1,0,1,1,1,0,0,0,1,1,0,0,1,0,1,1,0,0,1,1,0,0,0,1,1,1,0,0,0,1,0,0,1,0,0,0,1,0,1,0,0,1,0,0,1,0,1,0,0,1,0,1,0,0,0,0,0,1,1,0,1,0,0,0,0,0,0,0,0,0,0,0,1,1,1,1,1,1,1,1,0,1,0,0,1,1,1,0,1,1,0,0,0,0,0,0,1,1,0,0,1,0,0,0,1,0,1,1,1,0,0,1,1,0,1,1,0,0,0,0,1,1,1,1,1,0,1,0,0,1,0,1,1,0,1,0,1,1,1,1,1,1,1,0,1,1,0,1,0,0,1,0,0,0,0,0,0,0,0,1,0,0,0,0,0,0,0,0,1,1,0,0,0,1,0,1,0,1,0,0,0,1
0,1,0,1,0,1,1,0,0,0,0,0,0,0,0,0,0,1,1,0,0,0,0,0,0,0,1,0,0,0,1,0,0,1,0,0,0,0,1,1,0,1,1,1,0,0,0,1,1,0,0,1,0,1,1,0,0,1,1,0,0,0,1,1,1,0,0,0,1,0,0,1,0,0,0,1,0,1,0,0,1,0,0,1,0,1,0,0,1,0,1,0,0,0,0,0,1,1,0,1,0,0,0,0,0,0,0,0,0,0,0,1,1,1,1,1,1,1,1,0,1,0,0,1,0,1,0,1,1,0,0,0,0,0,0,1,1,0,0,1,0,0,0,1,0,1,1,1,0,0,1,0,0,1,1,0,0,0,0,1,1,1,1,1,0,1,1,0,1,0,1,1,0,1,0,1,1,1,0,1,1,1,0,1,1,0,1,0,0,1,0,0,0,0,0,0,0,0,1,0,0,0,0,0,0,0,0,1,1,0,0,0,1,0,1,0,1,0,0,0,1
1,1,0,1,0,1,1,0,0,0,0,0,0,0,0,0,0,1,1,0,0,0,0,0,0,0,1,0,0,0,1,0,0,1,0,0,0,0,1,1,0,1,1,1,0,0,0,1,1,0,0,1,0,1,1,0,0,1,1,0,0,0,1,1,1,0,0,0,1,0,0,1,0,0,0,1,0,1,0,0,1,0,0,1,0,1,0,0,1,0,1,0,0,0,0,0,1,1,0,1,0,0,0,0,0,0,0,0,0,0,0,1,1,1,1,1,1,1,1,0,1,0,0,1,0,1,0,1,1,0,0,0,0,0,0,1,1,0,0,1,0,0,0,1,0,1,1,1,0,0,1,0,0,1,1,0,0,0,0,1,1,1,1,1,0,1,0,0,1,0,1,1,0,1,0,1,1,1,0,1,1,1,0,1,1,0,1,1,0,1,0,0,0,0,0,0,0,0,1,0,0,0,0,0,0,0,0,1,1,0,0,0,1,0,1,0,1,0,0,0,1
1,1,0,1,0,1,1,0,0,0,0,0,0,0,0,0,0,1,1,0,0,0,0,0,0,0,1,0,0,0,1,0,0,1,0,0,0,0,1,1,0,1,1,1,0,0,0,1,1,0,0,1,0,1,1,0,0,1,1,0,0,0,1,1,1,0,0,0,1,0,0,1,0,0,0,1,0,1,0,0,1,0,0,1,0,1,0,0,1,0,1,0,0,0,0,0,1,1,0,1,0,0,0,0,0,0,0,0,0,0,0,1,1,1,1,1,1,1,1,0,1,0,0,1,0,1,0,1,1,0,0,0,0,0,0,1,1,0,0,1,0,0,0,1,0,1,1,1,0,0,1,0,0,1,1,0,0,0,0,1,1,1,1,1,0,1,0,0,1,0,1,1,0,1,0,1,1,1,0,1,1,1,0,1,1,0,1,0,0,1,0,1,0,0,0,0,0,0,1,0,0,1,0,0,0,0,0,1,1,0,0,0,1,0,1,0,1,0,0,0,1
1,1,0,1,0,1,1,0,0,0,0,0,0,0,0,0,0,1,1,0,0,0,0,0,0,0,1,0,0,0,1,0,0,1,0,0,0,0,1,1,0,1,1,1,0,0,0,1,1,0,0,1,0,1,1,0,0,1,1,0,0,0,1,1,1,0,0,0,1,0,0,1,0,0,0,1,0,1,0,0,1,0,0,1,0,1,0,0,1,0,1,0,0,0,0,0,1,1,0,1,0,0,0,0,0,0,0,0,0,0,0,1,1,1,1,1,1,1,1,0,1,0,0,1,0,1,0,1,1,0,0,0,0,0,0,1,1,0,0,1,0,0,0,1,0,1,1,1,0,0,1,0,0,1,1,0,0,0,0,1,1,1,1,1,0,1,0,0,1,0,1,1,0,1,0,1,1,1,0,1,1,1,0,1,1,0,1,0,0,1,0,0,0,0,0,0,0,0,1,0,0,0,0,0,0,0,0,1,1,0,0,0,1,0,1,0,1,0,0,0,1
1,1,0,1,0,1,1,0,0,0,0,0,0,0,0,0,0,1,1,0,0,0,0,0,0,0,1,0,0,0,1,0,0,1,0,0,0,0,1,1,0,1,1,1,0,0,0,1,1,0,0,1,0,1,1,0,0,1,1,0,0,0,1,1,1,0,0,0,1,0,0,1,0,0,0,1,0,1,0,0,1,0,0,1,0,1,0,0,1,0,1,0,0,0,0,0,1,1,0,1,0,0,0,0,0,0,0,0,0,0,0,1,1,1,1,1,1,1,1,0,1,0,0,1,0,1,0,1,1,0,0,0,0,0,0,1,1,0,0,1,0,0,0,1,0,1,1,1,0,0,1,0,0,1,1,0,0,0,0,1,1,1,1,1,0,1,0,0,1,0,1,1,0,1,0,1,1,1,0,1,1,1,0,1,1,0,1,0,0,1,0,0,0,0,0,1,0,1,1,0,0,0,0,0,0,0,0,1,1,0,0,0,1,0,1,0,1,0,0,0,1
1,1,0,1,0,1,1,0,0,0,0,0,0,0,0,0,0,1,1,0,0,0,0,0,0,0,1,0,0,0,1,0,0,1,0,0,0,0,1,1,0,1,1,1,0,0,0,1,1,0,0,1,0,1,1,0,0,1,1,0,0,0,1,1,1,0,0,0,1,0,0,1,0,0,0,1,0,1,0,0,1,0,0,1,0,1,0,0,1,0,1,0,0,0,0,0,1,1,0,1,0,0,0,0,0,0,0,0,0,0,0,1,1,1,1,1,1,1,1,0,1,0,0,1,0,1,0,1,1,0,0,0,0,0,0,1,1,0,0,1,0,0,0,1,0,1,1,1,0,0,1,0,0,1,1,0,0,0,0,1,1,1,1,1,0,1,0,0,1,0,1,1,0,1,0,1,1,1,0,1,1,1,0,1,1,0,1,0,0,1,0,0,0,0,0,1,0,1,1,0,0,0,0,0,0,0,0,1,1,0,0,0,1,0,1,0,1,0,0,0,1
1,1,0,0,0,1,1,1,0,0,0,0,0,0,0,0,0,0,0,0,0,0,0,0,0,0,0,0,0,0,1,0,0,0,0,0,0,0,0,1,0,1,1,1,0,0,0,1,1,0,0,1,0,0,0,0,1,1,1,0,0,0,1,0,0,0,0,0,1,0,0,1,0,0,0,0,0,0,1,0,1,0,0,0,0,0,1,0,0,0,1,0,0,0,0,0,0,1,0,0,0,0,0,0,0,0,0,0,0,0,0,1,1,1,1,0,0,1,0,0,1,0,0,1,0,1,0,1,1,0,0,0,0,0,0,0,1,0,0,1,0,0,0,0,0,1,1,0,0,0,1,0,0,1,1,0,0,0,0,1,0,1,1,0,0,1,0,0,1,0,0,0,0,1,0,1,1,0,0,1,0,1,0,1,1,0,1,0,0,1,0,0,0,0,0,0,0,0,1,0,0,0,0,0,0,0,0,1,1,0,0,0,1,0,1,0,1,0,0,0,1
0,1,0,0,0,1,1,1,0,0,0,0,0,0,0,0,0,0,0,0,0,0,0,0,0,0,0,0,0,0,1,0,0,0,1,0,0,0,0,1,0,1,1,1,0,0,0,1,1,0,0,1,0,0,0,0,1,1,1,0,0,0,1,0,0,0,0,0,1,1,0,1,0,0,0,0,0,0,1,0,1,0,0,0,0,0,1,0,0,0,1,0,0,0,0,0,0,1,0,0,0,0,0,0,0,0,0,0,0,0,0,1,1,1,1,0,0,1,0,0,1,0,0,1,0,1,0,1,1,0,0,0,0,0,0,0,1,0,0,1,0,0,0,0,0,1,1,0,0,0,1,0,0,1,1,0,0,0,0,1,0,1,1,0,0,1,0,0,1,0,0,0,0,1,0,1,1,0,0,1,0,1,1,1,1,0,1,0,0,1,0,0,0,0,0,0,0,0,1,0,0,0,0,0,0,0,0,1,1,0,0,0,1,0,1,0,1,0,0,0,1
1,1,0,0,0,1,1,1,0,0,0,0,0,0,0,0,0,0,0,0,0,0,0,0,0,0,0,0,0,0,1,0,0,0,0,0,0,0,0,1,0,1,1,1,0,0,0,1,1,0,0,1,0,0,0,0,1,1,1,0,0,0,1,0,0,0,0,0,1,0,0,1,0,0,0,0,0,0,1,0,1,0,0,0,0,0,1,0,0,0,1,0,0,0,0,0,0,1,0,0,0,0,0,0,0,0,0,0,0,0,0,1,1,1,1,0,0,1,0,0,1,0,0,1,0,1,0,1,1,0,0,0,0,0,0,0,1,0,0,1,0,0,0,0,0,1,1,0,0,0,1,0,0,1,1,0,0,0,0,1,0,1,1,0,0,1,0,0,1,0,0,0,0,1,0,1,1,0,0,1,0,1,0,1,1,0,1,0,0,1,0,0,0,0,0,1,0,1,1,0,0,0,0,0,0,0,0,1,1,0,0,0,1,0,1,0,1,0,0,0,1
1,1,0,0,0,1,1,1,0,0,0,0,0,0,0,0,0,0,0,0,0,0,0,0,0,0,0,0,0,0,1,0,0,0,1,0,0,0,0,1,0,1,1,1,0,0,0,1,1,0,0,1,0,0,0,0,1,1,1,0,0,0,1,0,0,0,0,0,1,1,0,1,0,0,0,0,0,0,1,0,1,0,0,0,0,0,1,0,0,0,1,0,0,0,0,0,0,1,0,0,0,0,0,0,0,0,0,0,0,0,0,1,1,1,1,0,0,1,0,0,1,0,0,1,0,1,0,1,1,0,0,0,0,0,0,0,1,0,0,1,0,0,0,0,0,1,1,0,0,0,1,0,0,1,1,0,0,0,0,1,0,1,1,0,0,1,0,0,1,0,0,0,0,1,0,1,1,0,0,1,0,1,1,1,1,0,1,0,0,1,0,0,0,0,0,1,0,1,1,0,0,0,0,0,0,0,0,1,1,0,0,0,1,0,1,0,1,0,0,0,1
0,1,0,1,0,1,1,0,0,0,0,0,0,0,0,1,1,1,1,0,0,1,0,0,0,0,1,0,0,0,1,0,0,1,0,0,0,0,1,1,0,1,1,1,0,0,0,1,1,0,0,1,0,1,1,0,0,1,1,0,0,0,1,1,1,0,0,0,1,0,0,1,0,0,0,1,0,1,0,0,1,0,0,1,0,1,0,0,1,0,1,0,0,0,0,0,1,1,0,1,0,0,0,0,0,0,0,0,0,0,0,1,1,1,1,1,1,1,1,0,1,0,0,1,1,1,0,1,1,0,0,0,0,0,0,1,1,0,0,1,0,0,0,1,0,1,1,1,0,0,1,1,0,1,1,0,0,0,0,1,1,1,1,1,0,1,0,0,1,0,1,1,0,1,0,1,1,1,1,1,1,1,0,1,1,0,1,0,0,1,0,0,0,0,0,0,0,0,1,0,0,0,0,0,0,0,0,1,1,0,0,0,1,0,1,0,1,0,0,0,1
0,1,0,1,0,1,1,0,0,0,0,0,0,0,0,1,1,1,1,0,0,1,0,0,0,0,1,0,0,0,1,0,0,1,0,0,0,0,1,1,0,1,1,1,0,0,0,1,1,0,0,1,0,1,1,0,0,1,1,0,0,0,1,1,1,0,0,0,1,0,0,1,0,0,0,1,0,1,0,0,1,0,0,1,0,1,0,0,1,0,1,0,0,0,0,0,1,1,0,1,0,0,0,0,0,0,0,0,0,0,0,1,1,1,1,1,1,1,1,0,1,0,0,1,0,1,0,1,1,0,0,0,0,0,0,1,1,0,0,1,0,0,0,1,0,1,1,1,0,0,1,0,0,1,1,0,0,0,0,1,1,1,1,1,0,1,1,0,1,0,1,1,0,1,0,1,1,1,0,1,1,1,0,1,1,0,1,0,0,1,0,0,0,0,0,0,0,0,1,0,0,0,0,0,0,0,0,1,1,0,0,0,1,0,1,0,1,0,0,0,1
1,1,0,1,0,1,1,0,0,0,0,0,0,0,0,1,1,1,1,0,0,1,0,0,0,0,1,0,0,0,1,0,0,1,0,0,0,0,1,1,0,1,1,1,0,0,0,1,1,0,0,1,0,1,1,0,0,1,1,0,0,0,1,1,1,0,0,0,1,0,0,1,0,0,0,1,0,1,0,0,1,0,0,1,0,1,0,0,1,0,1,0,0,0,0,0,1,1,0,1,0,0,0,0,0,0,0,0,0,0,0,1,1,1,1,1,1,1,1,0,1,0,0,1,0,1,0,1,1,0,0,0,0,0,0,1,1,0,0,1,0,0,0,1,0,1,1,1,0,0,1,0,0,1,1,0,0,0,0,1,1,1,1,1,0,1,0,0,1,0,1,1,0,1,0,1,1,1,0,1,1,1,0,1,1,0,1,1,0,1,0,0,0,0,0,0,0,0,1,0,0,0,0,0,0,0,0,1,1,0,0,0,1,0,1,0,1,0,0,0,1
1,1,0,1,0,1,1,0,0,0,0,0,0,0,0,1,1,1,1,0,0,1,0,0,0,0,1,0,0,0,1,0,0,1,0,0,0,0,1,1,0,1,1,1,0,0,0,1,1,0,0,1,0,1,1,0,0,1,1,0,0,0,1,1,1,0,0,0,1,0,0,1,0,0,0,1,0,1,0,0,1,0,0,1,0,1,0,0,1,0,1,0,0,0,0,0,1,1,0,1,0,0,0,0,0,0,0,0,0,0,0,1,1,1,1,1,1,1,1,0,1,0,0,1,0,1,0,1,1,0,0,0,0,0,0,1,1,0,0,1,0,0,0,1,0,1,1,1,0,0,1,0,0,1,1,0,0,0,0,1,1,1,1,1,0,1,0,0,1,0,1,1,0,1,0,1,1,1,0,1,1,1,0,1,1,0,1,0,0,1,0,1,0,0,0,0,0,0,1,0,0,1,0,0,0,0,0,1,1,0,0,0,1,0,1,0,1,0,0,0,1
1,1,0,1,0,1,1,0,0,0,0,0,0,0,0,1,1,1,1,0,0,1,0,0,0,0,1,0,0,0,1,0,0,1,0,0,0,0,1,1,0,1,1,1,0,0,0,1,1,0,0,1,0,1,1,0,0,1,1,0,0,0,1,1,1,0,0,0,1,0,0,1,0,0,0,1,0,1,0,0,1,0,0,1,0,1,0,0,1,0,1,0,0,0,0,0,1,1,0,1,0,0,0,0,0,0,0,0,0,0,0,1,1,1,1,1,1,1,1,0,1,0,0,1,0,1,0,1,1,0,0,0,0,0,0,1,1,0,0,1,0,0,0,1,0,1,1,1,0,0,1,0,0,1,1,0,0,0,0,1,1,1,1,1,0,1,0,0,1,0,1,1,0,1,0,1,1,1,0,1,1,1,0,1,1,0,1,0,0,1,0,0,0,0,0,0,0,0,1,0,0,0,0,0,0,0,0,1,1,0,0,0,1,0,1,0,1,0,0,0,1
1,1,0,1,0,1,1,0,0,0,0,0,0,0,0,1,1,1,1,0,0,1,0,0,0,0,1,0,0,0,1,0,0,1,0,0,0,0,1,1,0,1,1,1,0,0,0,1,1,0,0,1,0,1,1,0,0,1,1,0,0,0,1,1,1,0,0,0,1,0,0,1,0,0,0,1,0,1,0,0,1,0,0,1,0,1,0,0,1,0,1,0,0,0,0,0,1,1,0,1,0,0,0,0,0,0,0,0,0,0,0,1,1,1,1,1,1,1,1,0,1,0,0,1,0,1,0,1,1,0,0,0,0,0,0,1,1,0,0,1,0,0,0,1,0,1,1,1,0,0,1,0,0,1,1,0,0,0,0,1,1,1,1,1,0,1,0,0,1,0,1,1,0,1,0,1,1,1,0,1,1,1,0,1,1,0,1,0,0,1,0,0,0,0,0,1,0,1,1,0,0,0,0,0,0,0,0,1,1,0,0,0,1,0,1,0,1,0,0,0,1
1,1,0,1,0,1,1,0,0,0,0,0,0,0,0,1,1,1,1,0,0,1,0,0,0,0,1,0,0,0,1,0,0,1,0,0,0,0,1,1,0,1,1,1,0,0,0,1,1,0,0,1,0,1,1,0,0,1,1,0,0,0,1,1,1,0,0,0,1,0,0,1,0,0,0,1,0,1,0,0,1,0,0,1,0,1,0,0,1,0,1,0,0,0,0,0,1,1,0,1,0,0,0,0,0,0,0,0,0,0,0,1,1,1,1,1,1,1,1,0,1,0,0,1,0,1,0,1,1,0,0,0,0,0,0,1,1,0,0,1,0,0,0,1,0,1,1,1,0,0,1,0,0,1,1,0,0,0,0,1,1,1,1,1,0,1,0,0,1,0,1,1,0,1,0,1,1,1,0,1,1,1,0,1,1,0,1,0,0,1,0,0,0,0,0,1,0,1,1,0,0,0,0,0,0,0,0,1,1,0,0,0,1,0,1,0,1,0,0,0,1
1,1,0,0,0,1,1,1,0,0,0,0,0,0,0,1,1,1,0,0,0,0,0,0,0,0,0,0,0,0,1,0,0,0,0,0,0,0,0,1,0,1,1,1,0,0,0,1,1,0,0,1,0,0,0,0,1,1,1,0,0,0,1,0,0,0,0,0,1,0,0,1,0,0,0,0,0,0,1,0,1,0,0,0,0,0,1,0,0,0,1,0,0,0,0,0,0,1,0,0,0,0,0,0,0,0,0,0,0,0,0,1,1,1,1,0,0,1,0,0,1,0,0,1,0,1,0,1,1,0,0,0,0,0,0,0,1,0,0,1,0,0,0,0,0,1,1,0,0,0,1,0,0,1,1,0,0,0,0,1,0,1,1,0,0,1,0,0,1,0,0,0,0,1,0,1,1,0,0,1,0,1,0,1,1,0,1,0,0,1,0,0,0,0,0,0,0,0,1,0,0,0,0,0,0,0,0,1,1,0,0,0,1,0,1,0,1,0,0,0,1
0,1,0,0,0,1,1,1,0,0,0,0,0,0,0,1,1,1,0,0,0,0,0,0,0,0,0,0,0,0,1,0,0,0,1,0,0,0,0,1,0,1,1,1,0,0,0,1,1,0,0,1,0,0,0,0,1,1,1,0,0,0,1,0,0,0,0,0,1,1,0,1,0,0,0,0,0,0,1,0,1,0,0,0,0,0,1,0,0,0,1,0,0,0,0,0,0,1,0,0,0,0,0,0,0,0,0,0,0,0,0,1,1,1,1,0,0,1,0,0,1,0,0,1,0,1,0,1,1,0,0,0,0,0,0,0,1,0,0,1,0,0,0,0,0,1,1,0,0,0,1,0,0,1,1,0,0,0,0,1,0,1,1,0,0,1,0,0,1,0,0,0,0,1,0,1,1,0,0,1,0,1,1,1,1,0,1,0,0,1,0,0,0,0,0,0,0,0,1,0,0,0,0,0,0,0,0,1,1,0,0,0,1,0,1,0,1,0,0,0,1
0,1,0,1,0,1,1,0,0,0,1,0,1,1,0,0,0,1,1,0,0,0,0,0,0,0,1,0,0,0,1,0,0,1,0,0,0,0,1,1,0,1,1,1,0,0,0,1,1,0,0,1,0,1,1,0,0,1,1,0,0,0,1,1,1,0,0,0,1,0,0,1,0,0,0,1,0,1,0,0,1,0,0,1,0,1,0,0,1,0,1,0,0,0,0,0,1,1,0,1,0,0,0,0,0,0,0,0,0,0,0,1,1,1,1,1,1,1,1,0,1,0,0,1,1,1,0,1,1,0,0,0,0,0,0,1,1,0,0,1,0,0,0,1,0,1,1,1,0,0,1,1,0,1,1,0,0,0,0,1,1,1,1,1,0,1,0,0,1,0,1,1,0,1,0,1,1,1,1,1,1,1,0,1,1,0,1,0,0,1,0,0,0,0,0,0,0,0,1,0,0,0,0,0,0,0,0,1,1,0,0,0,1,0,1,0,1,0,0,0,1
0,1,0,1,0,1,1,0,0,0,1,0,1,1,0,0,0,1,1,0,0,0,0,0,0,0,1,0,0,0,1,0,0,1,0,0,0,0,1,1,0,1,1,1,0,0,0,1,1,0,0,1,0,1,1,0,0,1,1,0,0,0,1,1,1,0,0,0,1,0,0,1,0,0,0,1,0,1,0,0,1,0,0,1,0,1,0,0,1,0,1,0,0,0,0,0,1,1,0,1,0,0,0,0,0,0,0,0,0,0,0,1,1,1,1,1,1,1,1,0,1,0,0,1,0,1,0,1,1,0,0,0,0,0,0,1,1,0,0,1,0,0,0,1,0,1,1,1,0,0,1,0,0,1,1,0,0,0,0,1,1,1,1,1,0,1,1,0,1,0,1,1,0,1,0,1,1,1,0,1,1,1,0,1,1,0,1,0,0,1,0,0,0,0,0,0,0,0,1,0,0,0,0,0,0,0,0,1,1,0,0,0,1,0,1,0,1,0,0,0,1
0,1,0,1,0,1,1,0,0,0,1,0,1,1,0,0,0,1,1,0,0,0,0,0,0,0,1,0,0,0,1,0,0,1,0,0,0,0,1,1,0,1,1,1,0,0,0,1,1,0,0,1,0,1,1,0,0,1,1,0,0,0,1,1,1,0,0,0,1,0,0,1,0,0,0,1,0,1,0,0,1,0,0,1,0,1,0,0,1,0,1,0,0,0,0,0,1,1,0,1,0,0,0,0,0,0,0,0,0,0,0,1,1,1,1,1,1,1,1,0,1,0,0,1,0,1,0,1,1,0,0,0,0,0,0,1,1,0,0,1,0,0,0,1,0,1,1,1,0,0,1,0,0,1,1,0,0,0,0,1,1,1,1,1,0,1,0,0,1,0,1,1,0,1,0,1,1,1,0,1,1,1,0,1,1,0,1,1,0,1,0,0,0,0,0,0,0,0,1,0,0,0,0,0,0,0,0,1,1,0,0,0,1,0,1,0,1,0,0,0,1
1,1,0,1,0,1,1,0,0,0,1,0,1,1,0,0,0,1,1,0,0,0,0,0,0,0,1,0,0,0,1,0,0,1,0,0,0,0,1,1,0,1,1,1,0,0,0,1,1,0,0,1,0,1,1,0,0,1,1,0,0,0,1,1,1,0,0,0,1,0,0,1,0,0,0,1,0,1,0,0,1,0,0,1,0,1,0,0,1,0,1,0,0,0,0,0,1,1,0,1,0,0,0,0,0,0,0,0,0,0,0,1,1,1,1,1,1,1,1,0,1,0,0,1,0,1,0,1,1,0,0,0,0,0,0,1,1,0,0,1,0,0,0,1,0,1,1,1,0,0,1,0,0,1,1,0,0,0,0,1,1,1,1,1,0,1,0,0,1,0,1,1,0,1,0,1,1,1,0,1,1,1,0,1,1,0,1,0,0,1,0,1,0,0,0,0,0,0,1,0,0,1,0,0,0,0,0,1,1,0,0,0,1,0,1,0,1,0,0,0,1
1,1,0,1,0,1,1,0,0,0,1,0,1,1,0,0,0,1,1,0,0,0,0,0,0,0,1,0,0,0,1,0,0,1,0,0,0,0,1,1,0,1,1,1,0,0,0,1,1,0,0,1,0,1,1,0,0,1,1,0,0,0,1,1,1,0,0,0,1,0,0,1,0,0,0,1,0,1,0,0,1,0,0,1,0,1,0,0,1,0,1,0,0,0,0,0,1,1,0,1,0,0,0,0,0,0,0,0,0,0,0,1,1,1,1,1,1,1,1,0,1,0,0,1,0,1,0,1,1,0,0,0,0,0,0,1,1,0,0,1,0,0,0,1,0,1,1,1,0,0,1,0,0,1,1,0,0,0,0,1,1,1,1,1,0,1,0,0,1,0,1,1,0,1,0,1,1,1,0,1,1,1,0,1,1,0,1,0,0,1,0,0,0,0,0,0,0,0,1,0,0,0,0,0,0,0,0,1,1,0,0,0,1,0,1,0,1,0,0,0,1
1,1,0,1,0,1,1,0,0,0,1,0,1,1,0,0,0,1,1,0,0,0,0,0,0,0,1,0,0,0,1,0,0,1,0,0,0,0,1,1,0,1,1,1,0,0,0,1,1,0,0,1,0,1,1,0,0,1,1,0,0,0,1,1,1,0,0,0,1,0,0,1,0,0,0,1,0,1,0,0,1,0,0,1,0,1,0,0,1,0,1,0,0,0,0,0,1,1,0,1,0,0,0,0,0,0,0,0,0,0,0,1,1,1,1,1,1,1,1,0,1,0,0,1,0,1,0,1,1,0,0,0,0,0,0,1,1,0,0,1,0,0,0,1,0,1,1,1,0,0,1,0,0,1,1,0,0,0,0,1,1,1,1,1,0,1,0,0,1,0,1,1,0,1,0,1,1,1,0,1,1,1,0,1,1,0,1,0,0,1,0,0,0,0,0,1,0,1,1,0,0,0,0,0,0,0,0,1,1,0,0,0,1,0,1,0,1,0,0,0,1
1,1,0,1,0,1,1,0,0,0,1,0,1,1,0,0,0,1,1,0,0,0,0,0,0,0,1,0,0,0,1,0,0,1,0,0,0,0,1,1,0,1,1,1,0,0,0,1,1,0,0,1,0,1,1,0,0,1,1,0,0,0,1,1,1,0,0,0,1,0,0,1,0,0,0,1,0,1,0,0,1,0,0,1,0,1,0,0,1,0,1,0,0,0,0,0,1,1,0,1,0,0,0,0,0,0,0,0,0,0,0,1,1,1,1,1,1,1,1,0,1,0,0,1,0,1,0,1,1,0,0,0,0,0,0,1,1,0,0,1,0,0,0,1,0,1,1,1,0,0,1,0,0,1,1,0,0,0,0,1,1,1,1,1,0,1,0,0,1,0,1,1,0,1,0,1,1,1,0,1,1,1,0,1,1,0,1,0,0,1,0,0,0,0,0,1,0,1,1,0,0,0,0,0,0,0,0,1,1,0,0,0,1,0,1,0,1,0,0,0,1
1,1,0,0,0,1,1,1,0,0,1,0,1,1,0,0,0,0,0,0,0,0,0,0,0,0,0,0,0,0,1,0,0,0,0,0,0,0,0,1,0,1,1,1,0,0,0,1,1,0,0,1,0,0,0,0,1,1,1,0,0,0,1,0,0,0,0,0,1,0,0,1,0,0,0,0,0,0,1,0,1,0,0,0,0,0,1,0,0,0,1,0,0,0,0,0,0,1,0,0,0,0,0,0,0,0,0,0,0,0,0,1,1,1,1,0,0,1,0,0,1,0,0,1,0,1,0,1,1,0,0,0,0,0,0,0,1,0,0,1,0,0,0,0,0,1,1,0,0,0,1,0,0,1,1,0,0,0,0,1,0,1,1,0,0,1,0,0,1,0,0,0,0,1,0,1,1,0,0,1,0,1,0,1,1,0,1,0,0,1,0,0,0,0,0,0,0,0,1,0,0,0,0,0,0,0,0,1,1,0,0,0,1,0,1,0,1,0,0,0,1
0,1,0,0,0,1,1,1,0,0,1,0,1,1,0,0,0,0,0,0,0,0,0,0,0,0,0,0,0,0,1,0,0,0,1,0,0,0,0,1,0,1,1,1,0,0,0,1,1,0,0,1,0,0,0,0,1,1,1,0,0,0,1,0,0,0,0,0,1,1,0,1,0,0,0,0,0,0,1,0,1,0,0,0,0,0,1,0,0,0,1,0,0,0,0,0,0,1,0,0,0,0,0,0,0,0,0,0,0,0,0,1,1,1,1,0,0,1,0,0,1,0,0,1,0,1,0,1,1,0,0,0,0,0,0,0,1,0,0,1,0,0,0,0,0,1,1,0,0,0,1,0,0,1,1,0,0,0,0,1,0,1,1,0,0,1,0,0,1,0,0,0,0,1,0,1,1,0,0,1,0,1,1,1,1,0,1,0,0,1,0,0,0,0,0,0,0,0,1,0,0,0,0,0,0,0,0,1,1,0,0,0,1,0,1,0,1,0,0,0,1
0,1,0,1,0,1,0,0,0,0,0,0,0,0,0,1,1,1,1,1,1,1,1,1,1,1,1,1,1,1,1,0,0,1,0,0,1,0,1,1,0,1,0,1,1,1,0,1,0,1,1,1,0,1,1,0,0,1,1,1,1,1,0,0,1,1,0,1,1,0,1,0,1,0,1,1,0,0,0,1,0,1,1,1,0,0,0,1,1,1,1,1,0,0,1,0,1,1,0,1,0,1,0,1,1,0,1,0,0,1,1,1,1,0,0,1,1,1,1,0,0,1,0,1,1,0,0,1,1,0,1,1,0,0,0,1,1,0,1,1,0,0,0,1,1,1,1,1,0,1,1,1,0,1,1,1,0,0,0,1,1,0,1,1,0,1,1,0,1,0,0,0,0,1,0,1,1,1,1,0,1,1,0,0,0,0,1,0,0,1,0,1,0,0,0,1,1,1,1,0,0,1,1,0,0,0,1,0,1,0,1,1,0,1,0,0,1,0,1,1,0
0,1,0,1,0,1,1,0,0,0,0,0,0,0,0,1,1,1,1,1,1,1,1,1,1,1,1,1,1,1,1,0,0,1,0,0,1,0,1,1,0,1,0,1,1,1,0,1,1,1,1,1,0,1,1,0,0,1,1,1,1,1,0,0,1,1,0,1,1,0,1,0,1,0,1,1,0,0,0,1,0,1,1,1,0,0,0,1,1,1,1,1,0,0,1,0,1,1,0,1,0,1,0,1,1,0,1,0,0,1,1,1,1,1,0,1,1,1,1,0,0,1,0,1,1,0,0,1,1,0,1,1,0,0,0,1,1,0,1,1,0,0,0,1,1,1,1,1,0,1,1,1,0,1,1,1,0,0,0,1,1,0,1,1,0,1,1,0,1,0,0,0,0,1,0,1,1,1,1,0,1,1,0,0,0,0,1,0,0,1,0,1,0,0,0,1,1,1,1,0,0,1,1,0,0,0,1,1,1,0,1,1,0,1,1,0,1,0,1,1,0
0,1,0,1,0,1,1,0,0,0,0,0,0,0,0,1,1,1,1,1,1,1,1,1,1,1,1,1,1,1,1,0,0,1,0,0,1,0,1,1,0,1,0,1,1,1,0,1,1,1,1,1,0,1,1,0,0,1,1,1,1,1,0,0,1,1,0,1,1,0,1,0,1,0,1,1,0,0,0,1,0,1,1,1,0,0,0,1,1,1,1,1,0,0,1,0,1,1,0,1,0,1,0,1,1,0,1,0,0,1,1,1,1,1,0,1,1,1,1,0,0,1,0,1,1,0,0,1,1,0,1,1,0,0,0,1,1,0,1,1,0,0,0,1,1,1,1,1,0,1,1,1,0,1,1,1,0,0,0,1,1,0,1,1,0,1,1,0,1,0,0,0,0,1,0,1,1,1,1,0,1,1,0,0,0,0,1,0,0,1,0,1,0,0,0,1,1,1,1,0,0,1,1,0,0,0,1,0,1,0,1,1,0,1,0,0,1,0,1,1,0
0,1,0,1,0,1,0,0,0,0,0,0,0,0,0,1,1,1,1,1,1,1,1,1,1,1,1,1,1,1,1,0,0,1,0,0,1,0,1,1,0,1,0,1,1,1,0,1,0,1,1,0,0,1,1,0,0,1,1,1,1,1,0,0,1,1,0,1,1,0,1,0,1,0,1,1,0,0,0,1,0,1,1,1,0,0,0,1,1,1,1,1,0,0,1,0,1,1,0,1,0,1,0,1,1,0,1,0,0,1,1,1,1,0,0,1,1,1,1,0,0,1,0,1,1,0,0,1,1,0,1,1,0,0,0,1,1,0,1,1,0,0,0,1,1,1,1,1,0,1,1,1,0,1,1,1,0,0,0,1,1,0,1,1,0,1,1,0,1,0,0,0,0,1,0,1,1,1,1,0,1,1,0,0,0,0,1,0,0,1,0,1,0,0,0,1,1,1,1,0,0,1,1,0,0,0,1,0,1,0,1,1,0,1,0,0,1,0,1,1,0
0,1,0,1,0,1,1,0,0,0,1,0,1,1,1,0,0,1,1,0,0,0,0,0,0,0,1,0,0,0,1,0,0,1,0,1,1,0,1,1,0,1,0,1,0,0,0,1,0,0,0,1,1,1,1,0,1,1,1,0,0,0,0,1,1,0,0,0,1,0,0,1,0,0,0,1,0,0,0,0,0,0,0,1,0,1,1,0,1,0,1,0,0,0,0,0,1,1,0,1,0,0,0,0,0,1,0,0,0,0,0,1,1,1,0,1,1,1,1,0,0,0,1,1,0,0,0,1,1,0,0,0,0,0,0,1,1,0,0,1,0,0,0,1,0,1,1,1,0,1,0,0,0,1,0,0,1,0,0,1,1,0,0,1,1,1,0,0,1,0,1,1,0,1,1,1,1,1,0,0,1,1,0,0,0,1,1,1,0,1,0,1,0,0,0,1,1,1,1,0,0,1,0,0,0,1,1,0,1,0,0,1,0,0,0,0,1,0,0,1,0
0,1,0,0,0,1,1,1,0,0,1,0,0,1,0,0,0,1,1,0,0,0,0,0,0,0,1,0,0,0,1,0,0,0,1,0,0,0,0,1,0,1,0,1,0,0,0,1,1,0,0,1,0,0,0,0,0,1,1,0,0,0,1,0,0,0,0,0,1,1,0,1,0,1,0,0,0,0,0,0,1,0,0,0,0,0,0,0,1,0,1,0,0,0,0,1,0,1,0,0,0,0,0,0,0,0,0,1,0,0,0,1,1,1,1,0,0,1,1,0,1,0,0,1,0,1,0,1,1,1,0,0,1,0,1,0,1,0,0,1,0,1,0,0,0,1,1,1,0,0,1,0,1,1,1,0,0,1,1,1,1,1,1,1,0,1,1,1,1,1,0,0,0,1,0,1,0,0,0,1,0,1,1,1,1,0,1,0,1,1,1,0,1,1,0,1,0,1,1,1,1,0,0,1,1,0,0,1,1,0,1,0,1,1,1,0,1,0,1,0,1
0,1,0,1,0,1,0,0,0,0,0,0,0,0,0,1,1,1,1,1,1,1,1,1,1,1,1,1,1,1,1,0,0,1,0,0,1,0,1,1,0,1,0,1,1,1,0,1,0,1,1,0,0,1,1,0,0,1,1,1,1,1,0,0,1,1,0,1,1,0,1,0,1,0,1,1,0,0,0,1,0,1,1,1,0,0,0,1,1,1,1,1,0,0,1,0,1,1,0,1,0,1,0,1,1,0,1,0,0,1,1,1,1,0,0,1,1,1,1,0,0,1,0,1,1,0,0,1,1,0,1,1,0,0,0,1,1,0,1,1,0,0,0,1,1,1,1,1,0,1,1,1,0,1,1,1,0,0,0,1,1,0,1,1,0,1,1,0,1,0,0,0,0,1,0,1,1,1,1,0,1,1,0,0,0,0,1,0,0,1,0,1,0,0,0,1,1,1,1,0,0,1,1,0,0,0,1,0,1,0,1,1,0,1,0,0,1,0,1,1,0
0,1,0,0,0,1,1,1,0,0,1,0,0,1,0,0,0,1,1,0,0,0,0,0,0,0,1,0,0,0,1,0,0,0,1,0,0,0,0,1,0,1,0,1,0,0,0,1,1,0,0,1,0,0,0,0,0,1,1,0,0,0,1,0,0,0,0,0,1,1,0,1,0,1,0,0,0,0,0,0,1,0,0,0,0,0,0,0,1,0,1,0,0,0,0,1,0,1,0,0,0,0,0,0,0,0,0,1,0,0,0,1,1,1,1,0,0,1,1,0,1,0,0,1,0,1,0,1,1,1,0,0,1,0,1,0,1,0,0,1,0,1,0,0,0,1,1,1,0,0,1,0,1,1,1,0,0,1,1,1,1,1,1,1,0,1,1,1,1,1,0,0,0,1,0,1,1,0,0,1,0,1,1,1,1,0,1,0,1,1,1,0,1,1,0,1,0,1,1,1,1,0,0,1,1,0,0,1,1,0,1,0,1,1,1,0,1,0,1,0,1
0,1,0,0,0,1,1,1,0,0,1,0,1,1,1,0,0,1,1,0,0,0,0,0,0,0,1,0,0,0,1,0,0,0,1,0,0,0,0,1,0,1,0,1,0,0,0,1,1,0,0,1,0,0,0,0,0,1,1,0,0,0,1,0,0,0,0,0,1,1,0,1,0,1,0,0,0,0,0,0,1,0,0,0,0,0,0,0,1,0,1,0,0,0,0,1,0,1,0,0,0,0,0,0,0,0,0,1,0,0,0,1,1,1,1,0,0,1,1,0,1,0,0,1,0,1,0,1,1,1,0,0,1,0,1,0,1,0,0,1,0,1,0,0,0,1,1,1,0,0,1,0,1,1,1,0,0,1,1,1,1,1,1,1,0,1,1,1,1,1,0,0,0,1,0,1,1,0,0,1,0,1,1,1,1,0,1,0,1,1,1,0,1,1,0,1,0,1,1,1,1,0,0,1,1,0,0,1,1,0,1,0,1,1,1,0,1,0,1,0,1
0,1,0,0,0,1,1,1,0,0,1,0,0,1,0,1,1,1,1,0,0,1,0,0,0,0,1,0,0,0,1,0,0,0,1,0,0,0,0,1,0,1,0,1,0,0,0,1,1,0,0,1,0,0,0,0,0,1,1,0,0,0,1,0,0,0,0,0,1,1,0,1,0,1,0,0,0,0,0,0,1,0,0,0,0,0,0,0,1,0,1,0,0,0,0,1,0,1,0,0,0,0,0,0,0,0,0,1,0,0,0,1,1,1,1,0,0,1,1,0,1,0,0,1,0,1,0,1,1,1,0,0,1,0,1,0,1,0,0,1,0,1,0,0,0,1,1,1,0,0,1,0,1,1,1,0,0,1,1,1,1,1,1,1,0,1,1,1,1,1,0,0,0,1,0,1,1,0,0,1,0,1,1,1,1,0,1,0,1,1,1,0,1,1,0,1,0,1,1,1,1,0,0,1,1,0,0,1,1,0,1,0,1,1,1,0,1,0,1,0,1
0,1,0,0,0,1,1,1,0,0,1,0,0,1,0,1,1,1,1,0,0,1,0,0,0,0,1,0,0,0,1,0,0,0,1,0,0,0,0,1,0,1,1,1,0,0,0,1,1,0,0,1,0,0,0,0,0,1,1,0,0,0,1,0,0,0,0,0,1,1,0,1,0,1,0,0,0,0,0,0,1,0,0,0,0,0,0,0,1,0,1,0,0,0,0,1,0,1,0,0,0,0,0,0,0,0,0,1,0,0,0,1,1,1,1,0,0,1,1,0,1,0,0,1,1,1,0,1,1,1,0,0,1,0,1,0,1,0,0,1,0,1,0,0,0,1,1,1,0,0,1,1,1,1,1,0,0,1,1,1,1,1,1,1,0,1,1,1,1,1,0,0,0,1,0,1,1,0,1,1,0,1,1,1,1,0,1,0,1,1,1,0,1,1,0,1,0,1,1,1,1,0,0,1,1,0,0,1,1,0,1,0,1,1,1,0,1,0,1,0,1
0,1,0,1,0,1,1,1,0,0,1,0,0,1,0,1,1,1,1,0,0,1,0,0,0,0,1,0,0,0,1,0,0,0,1,0,0,0,0,1,0,1,0,1,0,0,0,1,1,0,0,1,0,0,0,0,0,1,1,0,0,0,1,0,0,0,0,0,1,1,0,1,0,1,0,0,0,0,0,0,1,0,0,0,0,0,0,0,1,0,1,0,0,0,0,1,0,1,0,0,0,0,0,0,0,0,0,1,0,0,0,1,1,1,1,0,0,1,1,0,1,0,0,1,0,1,1,1,1,1,0,0,1,0,1,0,1,0,0,1,0,1,0,0,0,1,1,1,1,0,1,0,1,1,1,0,0,1,1,1,1,1,1,1,0,1,1,1,1,1,0,0,0,1,0,1,1,0,0,1,0,1,1,1,1,0,1,0,1,1,1,0,1,1,0,1,0,1,1,1,1,0,0,1,1,0,0,1,1,0,1,0,1,1,1,0,1,0,1,0,1
0,1,0,1,0,1,1,1,0,0,1,0,0,1,0,1,1,1,1,0,0,1,0,0,0,0,1,0,0,0,1,0,0,0,1,0,0,0,0,1,0,1,0,1,0,0,0,1,1,0,0,1,0,0,0,0,0,1,1,0,0,0,1,0,0,0,0,0,1,1,0,1,0,1,0,0,0,0,0,0,1,0,0,0,0,0,0,0,1,0,1,0,0,0,0,1,0,1,0,0,0,0,0,0,0,0,0,1,0,0,0,1,1,1,1,0,0,1,1,0,1,0,0,1,0,1,1,1,1,1,0,0,1,0,1,0,1,0,0,1,0,1,0,0,0,1,1,1,1,0,1,0,1,1,1,0,0,1,1,1,1,1,1,1,0,1,1,1,1,1,0,0,0,1,0,1,1,0,0,1,0,1,1,1,1,0,1,0,1,1,1,0,1,1,0,1,0,1,1,1,1,0,0,1,1,0,0,1,1,0,1,0,1,1,1,0,1,0,1,0,1
0,1,0,0,0,1,1,1,0,0,1,0,0,1,0,0,0,1,1,0,0,1,1,0,0,0,1,0,1,0,1,0,0,0,1,0,0,0,0,1,0,1,0,1,0,0,0,1,1,0,0,1,0,0,0,0,0,1,1,0,0,0,1,0,0,0,0,0,1,1,0,1,0,1,0,0,0,0,0,0,1,0,0,0,0,0,0,0,1,0,1,0,0,0,0,1,0,1,0,0,0,0,0,0,0,0,0,1,0,0,0,1,1,1,1,0,0,1,1,0,1,0,0,1,0,1,0,1,1,1,0,0,1,0,1,0,1,0,0,1,0,1,0,0,0,1,1,1,0,0,1,0,1,1,1,0,0,1,1,1,1,1,1,1,0,1,1,1,1,1,0,0,0,1,0,1,1,0,0,1,0,1,1,1,1,0,1,0,1,1,1,0,1,1,0,1,0,1,1,1,1,0,0,1,1,0,0,1,1,0,1,0,1,1,1,0,1,0,1,0,1
1,1,0,1,0,1,1,1,0,0,1,0,0,1,0,0,0,1,1,0,0,1,1,0,0,0,1,0,1,0,1,0,0,0,1,0,0,0,1,1,0,1,0,1,0,0,0,1,1,0,0,1,0,1,1,0,0,1,1,0,0,0,1,0,0,0,0,0,1,1,0,1,0,1,0,1,0,0,0,0,1,0,0,1,0,0,0,0,1,0,1,0,0,0,0,1,1,1,0,1,0,0,0,0,0,0,0,1,0,0,0,1,1,1,1,1,1,1,1,0,1,0,0,1,0,1,0,1,1,1,0,0,1,0,1,1,1,0,1,1,0,1,0,1,0,1,1,1,0,0,1,0,1,1,1,0,0,1,1,1,1,1,1,1,0,1,1,1,1,1,0,0,0,1,0,1,1,1,0,1,1,1,1,1,1,0,1,0,1,1,1,0,1,1,0,1,0,1,1,1,1,0,0,1,1,0,0,1,1,0,1,1,1,1,1,0,1,0,1,1,1
0,1,0,0,0,1,1,1,0,0,1,0,0,1,0,0,0,1,1,0,0,0,0,0,0,0,1,0,0,0,1,0,0,0,1,0,0,0,0,1,0,1,0,1,0,0,0,1,1,0,0,1,0,0,0,0,0,1,1,0,0,0,1,0,0,0,0,0,1,1,0,1,0,1,0,0,0,0,0,0,1,0,0,0,0,0,0,0,1,0,1,0,0,0,0,1,0,1,0,0,0,0,0,0,0,0,0,1,0,0,0,1,1,1,1,0,0,1,1,0,1,0,0,1,0,1,0,1,1,1,0,0,1,0,1,0,1,0,0,1,0,1,0,0,0,1,1,1,0,0,1,0,1,1,1,0,0,1,1,1,1,1,1,1,0,1,1,1,1,1,0,0,0,1,0,1,0,0,0,1,0,1,1,1,1,0,1,0,1,1,1,0,1,1,0,1,1,1,1,1,1,0,0,1,1,0,0,1,1,0,1,0,1,0,1,1,1,0,1,0,1
0,1,0,1,1,1,1,0,0,0,0,0,0,0,0,1,1,1,1,0,0,1,0,0,0,1,1,0,1,0,1,0,0,1,0,0,0,0,1,1,0,1,0,1,1,1,0,1,1,0,0,1,1,1,1,1,0,1,1,1,1,1,0,1,1,1,0,1,1,0,1,1,1,0,0,1,1,0,0,1,0,0,0,1,1,1,0,1,1,1,1,1,1,1,0,0,1,1,0,1,0,1,1,0,1,1,1,0,0,1,1,1,1,1,1,1,1,1,1,0,0,1,1,1,0,1,0,1,1,0,1,0,0,0,0,1,1,0,1,1,1,0,0,1,1,1,1,1,0,0,0,0,0,1,0,1,0,0,0,1,1,1,0,1,1,1,0,0,1,0,0,0,0,1,1,1,1,1,0,1,1,1,0,0,0,1,1,1,0,1,0,1,0,0,0,0,0,0,1,0,0,1,0,0,0,0,0,1,1,0,0,1,1,0,1,0,1,0,0,1,1
0,1,0,1,1,1,0,0,0,0,0,0,0,0,0,1,1,1,1,0,0,1,0,0,0,1,1,0,1,0,1,0,0,1,0,0,0,0,1,0,0,1,0,0,1,1,0,1,0,0,0,0,1,1,1,1,0,0,0,1,1,1,0,1,1,1,0,1,0,0,1,1,1,0,0,1,1,0,0,1,0,0,0,1,1,1,0,1,1,1,0,1,1,1,0,0,1,0,0,1,0,1,1,0,1,1,1,0,0,1,1,1,0,0,0,1,1,0,1,0,0,1,1,0,0,0,0,0,0,0,1,0,0,0,0,1,0,0,1,0,1,0,0,1,1,0,0,1,0,0,0,0,0,0,0,1,0,0,0,0,1,0,0,1,1,0,0,0,0,0,0,0,0,0,1,0,1,1,0,0,1,0,0,0,0,1,0,0,0,0,0,0,0,0,0,0,0,0,0,0,0,0,0,0,0,0,0,0,0,0,0,1,0,0,0,0,0,0,0,1,0
0,1,0,1,1,1,0,0,0,0,0,0,0,0,0,1,1,1,1,0,0,1,0,0,0,1,1,0,1,0,1,0,0,1,0,0,0,0,1,0,0,1,0,0,1,1,0,1,0,0,0,0,1,1,1,1,0,0,0,1,1,1,0,1,1,1,0,1,0,0,1,1,1,0,0,1,1,0,0,1,0,0,0,1,1,1,0,1,1,1,0,1,1,1,0,0,1,0,0,1,0,1,1,0,1,1,1,0,0,1,1,1,0,0,0,1,1,0,1,0,0,1,1,0,0,0,0,0,0,0,1,0,0,0,0,1,0,0,1,0,1,0,0,1,1,0,0,1,0,0,0,0,0,0,0,1,0,0,0,0,1,0,0,1,1,0,0,0,0,0,1,0,0,0,1,0,1,1,0,0,1,0,0,0,0,1,0,0,0,0,0,0,0,0,0,1,0,0,0,0,0,0,0,0,0,0,0,0,0,0,0,1,0,0,0,0,0,0,0,1,0
0,1,0,1,1,1,1,0,0,0,0,0,0,0,0,1,1,1,1,0,0,1,0,0,0,1,1,0,1,0,1,0,0,1,0,0,0,0,1,1,0,1,0,1,1,1,0,1,1,0,0,1,1,1,1,1,0,1,1,1,1,1,0,1,1,1,0,1,1,0,1,1,1,0,0,1,1,0,0,1,0,0,0,1,1,1,0,1,1,1,1,1,1,1,0,0,1,1,0,1,0,1,1,0,1,1,1,0,0,1,1,1,1,1,1,1,1,1,1,0,0,1,1,1,0,1,0,1,1,0,1,0,0,0,0,1,1,0,1,1,1,0,0,1,1,1,1,1,0,0,0,0,0,1,0,1,0,0,0,1,1,1,0,1,1,1,0,0,1,0,1,0,0,1,1,1,1,1,0,1,1,1,0,0,0,1,1,0,0,1,0,1,0,0,0,1,0,1,1,0,0,1,0,0,0,0,0,1,1,0,0,1,1,0,1,0,1,0,0,1,1
0,1,0,1,1,1,0,0,0,0,0,0,0,0,0,1,1,1,1,0,0,1,0,0,0,1,1,0,1,0,1,0,0,1,0,0,0,0,1,0,0,1,0,1,1,1,0,1,0,0,0,1,1,1,1,1,0,0,0,1,1,1,0,1,1,1,0,1,0,0,1,1,1,0,0,1,1,1,0,1,1,0,0,1,1,1,0,1,1,1,0,1,1,1,0,0,1,0,0,1,0,1,1,0,1,1,1,0,0,1,1,1,0,0,0,1,1,0,1,0,0,1,1,0,0,0,0,0,0,0,1,0,0,0,0,1,0,0,1,0,1,0,0,1,1,0,0,1,0,0,0,0,0,0,0,1,0,0,0,0,1,0,0,1,1,0,0,0,0,0,1,0,0,0,1,0,1,1,0,0,1,0,0,0,0,1,0,0,0,0,0,0,0,0,0,0,0,0,0,0,0,0,0,0,0,0,0,0,0,0,0,1,0,0,0,0,0,0,0,1,0
0,1,0,1,1,1,1,0,0,0,0,0,0,0,0,1,1,1,1,0,0,1,0,0,0,1,1,0,1,0,1,0,0,1,0,0,0,0,1,1,0,1,0,1,1,1,0,1,1,0,0,1,1,1,1,1,0,1,1,1,1,1,0,1,1,1,0,1,1,0,1,1,1,0,0,1,1,1,0,1,1,0,0,1,1,1,0,1,1,1,1,1,1,1,0,0,1,1,0,1,0,1,1,0,1,1,1,0,0,1,1,1,1,1,1,1,1,1,1,0,0,1,1,1,0,1,0,1,1,0,1,0,0,0,0,1,1,0,1,1,1,0,0,1,1,1,1,1,0,0,0,0,0,1,0,1,0,0,0,1,1,1,0,1,1,1,0,0,1,0,1,0,0,1,1,1,1,1,0,1,1,1,0,0,0,1,1,1,0,1,0,1,0,0,0,0,0,0,1,0,0,1,0,0,0,0,0,1,1,0,0,1,1,0,1,0,1,0,0,1,1
0,1,0,1,1,1,1,0,0,0,0,0,0,0,0,1,1,1,1,0,0,1,0,0,0,1,1,0,1,0,1,0,0,1,0,0,0,0,1,1,0,1,0,1,1,1,0,1,1,0,0,1,1,1,1,1,0,1,1,1,1,1,0,1,1,1,0,1,1,0,1,0,1,0,0,1,1,0,0,1,0,0,0,1,1,0,0,1,1,1,1,1,1,1,0,0,1,1,0,1,0,1,1,0,1,1,1,0,0,1,1,1,1,1,1,1,1,1,1,0,0,1,1,1,0,1,0,1,1,0,1,0,0,0,0,1,1,0,1,1,1,0,0,1,1,1,1,1,0,0,0,0,0,1,0,1,0,0,0,1,1,1,0,1,1,1,0,0,1,0,1,0,0,1,1,1,1,1,0,1,1,1,0,0,0,1,1,1,0,1,0,1,0,0,0,0,0,0,1,0,0,1,0,0,0,0,0,1,1,0,0,1,1,0,1,0,1,0,0,1,1
0,1,0,1,1,1,1,0,0,0,0,0,0,0,0,1,1,1,1,0,0,1,0,0,0,1,1,0,1,0,1,0,0,1,0,0,0,1,1,1,0,1,0,1,1,1,0,1,1,0,0,1,1,1,1,1,0,1,1,1,1,1,0,1,1,1,0,1,1,0,1,0,1,0,0,1,1,0,0,1,0,0,0,1,1,0,0,1,1,1,1,1,1,1,0,0,1,1,0,1,0,1,1,0,1,1,1,0,0,1,1,1,1,1,1,1,1,1,1,0,0,1,1,1,0,1,0,1,1,0,1,0,0,0,0,1,1,0,1,1,1,0,0,1,1,1,1,1,0,0,0,0,0,1,0,1,0,0,0,1,1,1,0,1,1,1,0,0,1,0,1,0,0,1,1,1,1,1,0,1,1,1,0,0,0,1,1,1,0,1,0,1,0,0,0,0,0,0,1,0,0,1,0,0,0,0,0,1,1,0,0,1,1,0,1,0,1,0,0,1,1
0,1,0,1,1,0,0,0,0,0,0,0,0,0,0,1,1,1,1,0,0,1,0,0,0,1,1,0,1,0,0,0,0,1,0,0,0,0,1,0,0,1,0,0,1,1,0,1,0,0,0,1,1,1,1,1,0,0,0,1,1,1,0,1,1,1,0,1,0,0,1,0,1,0,0,1,1,0,0,1,0,0,0,1,1,0,0,1,1,1,0,1,1,1,0,0,1,0,0,1,0,1,1,0,1,1,1,0,0,1,1,1,0,0,0,1,1,0,1,0,0,1,1,0,0,0,0,0,0,0,1,0,0,0,0,1,0,0,1,0,1,0,0,1,1,0,0,1,0,0,0,0,0,0,0,1,0,0,0,0,1,0,0,1,1,0,0,0,0,0,1,0,0,0,1,0,1,1,0,0,1,0,0,0,0,1,0,0,0,0,0,0,0,0,0,0,0,0,0,0,0,0,0,0,0,0,0,0,0,0,0,1,0,0,0,0,0,0,0,1,0
0,1,0,1,1,0,0,0,0,0,0,0,0,0,0,1,1,1,1,0,0,1,0,0,0,1,1,0,1,0,0,0,0,1,0,0,0,0,1,0,0,1,0,0,1,1,0,1,0,0,0,1,1,1,1,1,0,0,0,1,1,1,0,1,1,1,0,1,0,0,1,0,1,0,0,1,1,0,0,1,0,0,0,1,1,0,0,1,1,1,0,1,1,1,0,0,1,0,0,1,0,1,1,0,1,1,1,0,0,1,1,1,0,0,0,1,1,0,1,0,0,1,1,0,0,0,0,0,0,0,1,0,0,0,0,1,0,0,1,0,1,0,0,1,1,0,0,1,0,0,0,0,0,0,0,1,0,0,0,0,1,0,0,1,1,0,0,0,0,0,1,0,0,0,1,0,1,1,0,0,1,0,0,0,0,1,0,0,0,0,0,0,0,0,0,0,0,0,0,0,0,0,0,0,0,0,0,0,0,0,0,1,0,0,0,0,0,0,0,1,0
0,1,0,1,1,0,0,0,0,0,0,0,0,0,0,1,1,1,1,0,0,1,0,0,0,1,1,0,1,0,0,0,0,1,0,0,0,1,1,0,0,1,0,0,1,1,0,1,0,0,0,1,1,1,1,1,0,0,0,1,1,1,0,1,1,1,0,1,0,0,1,0,1,0,0,1,1,0,0,1,0,0,0,1,1,0,0,1,1,1,0,1,1,1,0,0,1,0,0,1,0,1,1,0,1,1,1,0,0,1,1,1,0,0,0,1,1,0,1,0,0,1,1,0,0,0,0,0,0,0,1,0,0,0,0,1,0,0,1,0,1,0,0,1,1,0,0,1,0,0,0,0,0,0,0,1,0,0,0,0,1,0,0,1,1,0,0,0,0,0,1,0,0,0,1,0,1,1,0,0,1,0,0,0,0,1,0,0,0,0,0,0,0,0,0,0,0,0,0,0,0,0,0,0,0,0,0,0,0,0,0,1,0,0,0,0,0,0,0,1,0
0,1,0,1,1,0,0,0,0,0,0,0,0,0,0,1,1,1,1,0,0,1,0,0,0,1,1,0,1,0,0,0,0,1,0,0,0,1,1,0,0,1,0,0,1,1,0,1,0,0,0,0,1,1,1,1,0,0,0,1,1,1,0,1,1,1,0,1,0,0,1,0,1,0,0,1,1,0,0,1,0,0,0,1,1,0,0,1,1,1,0,1,1,1,0,0,1,0,0,1,0,1,1,0,1,1,1,0,0,1,1,1,0,0,0,1,1,0,1,0,0,1,1,0,0,0,0,0,0,0,1,0,0,0,0,1,0,0,1,0,1,0,0,1,1,0,0,1,0,0,0,0,0,0,0,1,0,0,0,0,1,0,0,1,1,0,0,0,0,0,1,0,0,0,1,0,1,1,0,0,1,0,0,0,0,1,0,0,0,0,0,0,0,0,0,0,0,0,0,0,0,0,0,0,0,0,0,0,0,0,0,1,0,0,0,0,0,0,0,1,0
0,1,0,1,1,1,1,0,0,0,0,0,0,0,0,1,1,1,1,0,0,1,0,0,0,1,1,0,1,0,1,0,0,1,0,0,0,0,1,1,0,1,0,1,1,1,0,1,1,0,0,1,1,1,1,1,0,1,1,1,1,1,0,1,1,1,0,1,1,0,1,0,1,0,0,1,1,0,0,1,0,0,0,1,1,0,0,1,1,1,1,1,1,1,0,0,1,1,0,1,0,1,1,0,1,1,1,0,0,1,1,1,1,1,1,1,1,1,1,0,0,1,1,1,0,1,0,1,1,0,1,0,0,0,0,1,1,0,1,1,1,0,0,1,1,1,1,1,0,0,0,0,0,1,0,1,0,0,0,1,1,1,0,1,1,1,0,0,1,0,1,0,0,1,1,1,1,1,0,1,1,1,0,0,0,1,1,0,0,1,0,1,0,0,0,1,0,1,1,0,0,1,0,0,0,0,0,1,1,0,0,1,1,0,1,0,1,0,0,1,1
0,1,0,1,1,1,1,0,0,0,0,0,0,0,0,1,1,1,1,0,0,1,0,0,0,1,1,0,1,0,1,0,0,1,0,0,0,0,1,1,0,1,0,1,1,1,0,1,1,0,0,1,1,1,1,1,0,1,1,1,1,1,0,1,1,1,0,1,1,0,1,0,1,0,0,1,1,0,0,1,0,0,0,1,1,0,0,1,1,1,1,1,1,1,0,0,1,1,0,1,0,1,1,0,1,1,1,0,0,1,1,1,1,1,1,1,1,1,1,0,0,1,1,1,0,1,0,1,1,0,1,0,0,0,0,1,1,0,1,1,1,0,0,1,1,1,1,1,0,0,0,0,0,1,0,1,0,0,0,1,1,1,0,1,1,1,0,0,1,0,1,0,0,1,1,1,1,1,0,1,1,1,0,0,0,1,1,0,0,1,0,1,0,0,0,1,0,1,1,0,0,1,0,0,0,0,0,1,1,0,0,1,1,0,1,0,1,0,0,1,1
0,1,0,1,1,1,1,0,0,0,0,0,0,0,0,1,1,1,1,0,0,1,0,0,0,1,1,0,1,0,1,0,0,1,0,0,0,0,1,1,0,1,0,1,1,1,0,1,1,0,0,1,1,1,1,1,0,1,1,1,1,1,0,1,1,1,0,1,1,0,1,0,1,0,0,1,1,0,0,1,0,0,0,1,1,0,0,1,1,1,1,1,1,1,0,0,1,1,0,1,0,1,1,0,1,1,1,0,0,1,1,1,1,1,1,1,1,1,1,0,0,1,1,1,0,1,0,1,1,0,1,0,0,0,0,1,1,0,1,1,1,0,0,1,1,1,1,1,0,0,0,0,0,1,0,1,0,0,0,1,1,1,0,1,1,1,0,0,1,0,1,0,0,1,1,1,1,1,0,1,1,1,0,0,0,1,1,0,0,1,0,1,0,0,0,1,0,1,1,0,0,1,0,0,0,0,0,1,1,0,0,1,1,0,1,0,1,0,0,1,1
0,1,0,1,1,1,1,0,0,0,0,0,0,0,0,1,1,1,1,0,0,1,0,0,0,1,1,0,1,0,1,0,0,1,0,0,0,1,1,1,0,1,0,1,1,1,0,1,1,0,0,1,1,1,1,1,0,1,1,1,1,1,0,1,1,1,0,1,1,0,1,0,1,0,0,1,1,0,0,1,0,0,0,1,1,0,0,1,1,1,1,1,1,1,0,0,1,1,0,1,0,1,1,0,1,1,1,0,0,1,1,1,1,1,1,1,1,1,1,0,0,1,1,1,0,1,0,1,1,0,1,0,0,0,0,1,1,0,1,1,1,0,0,1,1,1,1,1,0,0,0,0,0,1,0,1,0,0,0,1,1,1,0,1,1,1,0,0,1,0,1,0,0,1,1,1,1,1,0,1,1,1,0,0,0,1,1,0,0,1,0,1,0,0,0,1,0,1,1,0,0,1,0,0,0,0,0,1,1,0,0,1,1,0,1,0,1,0,0,1,1
0,1,0,1,1,0,0,0,0,0,0,0,0,0,0,1,1,1,1,0,0,1,0,0,0,1,1,0,1,0,0,0,0,1,0,0,0,0,1,0,0,1,0,0,1,1,0,1,0,0,0,1,1,1,1,1,0,0,0,1,1,1,0,1,1,1,0,1,0,0,1,0,1,0,0,1,1,0,0,1,0,0,0,1,1,0,0,1,1,1,0,1,1,1,0,0,1,0,0,1,0,1,1,0,1,1,1,0,0,1,1,1,0,0,0,1,1,0,1,0,0,1,1,0,0,0,0,0,0,0,1,0,0,0,0,1,0,0,1,0,1,0,0,1,1,0,0,1,0,0,0,0,0,0,0,1,0,0,0,0,1,0,0,1,1,0,0,0,0,0,1,0,0,0,1,0,1,1,0,0,1,0,0,0,0,1,0,0,0,0,0,0,0,0,0,1,0,0,0,0,0,0,0,0,0,0,0,0,0,0,0,1,0,0,0,0,0,0,0,1,0
0,1,0,1,1,0,0,0,0,0,0,0,0,0,0,1,1,1,1,0,0,1,0,0,0,1,1,0,1,0,0,0,0,1,0,0,0,0,1,0,0,1,0,0,1,1,0,1,0,0,0,1,1,1,1,1,0,0,0,1,1,1,0,1,1,1,0,1,0,0,1,0,1,0,0,1,1,0,0,1,0,0,0,1,1,0,0,1,1,1,0,1,1,1,0,0,1,0,0,1,0,1,1,0,1,1,1,0,0,1,1,1,0,0,0,1,1,0,1,0,0,1,1,0,0,0,0,0,0,0,1,0,0,0,0,1,0,0,1,0,1,0,0,1,1,0,0,1,0,0,0,0,0,0,0,1,0,0,0,0,1,0,0,1,1,0,0,0,0,0,1,0,0,0,1,0,1,1,0,0,1,0,0,0,0,1,0,0,0,0,0,0,0,0,0,1,0,0,0,0,0,0,0,0,0,0,0,0,0,0,0,1,0,0,0,0,0,0,0,1,0
0,1,0,1,1,0,0,0,0,0,0,0,0,0,0,1,1,1,1,0,0,1,0,0,0,1,1,0,1,0,0,0,0,1,0,0,0,0,1,0,0,1,0,0,1,1,0,1,0,0,0,1,1,1,1,1,0,0,0,1,1,1,0,1,1,1,0,1,0,0,1,0,1,0,0,1,1,0,0,1,0,0,0,1,1,0,0,1,1,1,0,1,1,1,0,0,1,0,0,1,0,1,1,0,1,1,1,0,0,1,1,1,0,0,0,1,1,0,1,0,0,1,1,0,0,0,0,0,0,0,1,0,0,0,0,1,0,0,1,0,1,0,0,1,1,0,0,1,0,0,0,0,0,0,0,1,0,0,0,0,1,0,0,1,1,0,0,0,0,0,1,0,0,0,1,0,1,1,0,0,1,0,0,0,0,1,0,0,0,0,0,0,0,0,0,1,0,0,0,0,0,0,0,0,0,0,0,0,0,0,0,1,0,0,0,0,0,0,0,1,0
0,1,0,1,1,0,0,0,0,0,0,0,0,0,0,1,1,1,1,0,0,1,0,0,0,1,1,0,1,0,0,0,0,1,0,0,0,1,1,0,0,1,0,0,1,1,0,1,0,0,0,1,1,1,1,1,0,0,0,1,1,1,0,1,1,1,0,1,0,0,1,0,1,0,0,1,1,0,0,1,0,0,0,1,1,0,0,1,1,1,0,1,1,1,0,0,1,0,0,1,0,1,1,0,1,1,1,0,0,1,1,1,0,0,0,1,1,0,1,0,0,1,1,0,0,0,0,0,0,0,1,0,0,0,0,1,0,0,1,0,1,0,0,1,1,0,0,1,0,0,0,0,0,0,0,1,0,0,0,0,1,0,0,1,1,0,0,0,0,0,1,0,0,0,1,0,1,1,0,0,1,0,0,0,0,1,0,0,0,0,0,0,0,0,0,1,0,0,0,0,0,0,0,0,0,0,0,0,0,0,0,1,0,0,0,0,0,0,0,1,0
0,1,0,1,1,0,0,0,0,0,0,0,0,0,0,1,1,1,1,0,0,1,0,0,0,1,1,0,1,0,0,0,0,1,0,0,0,1,1,0,0,1,0,0,1,1,0,1,0,0,0,0,1,1,1,1,0,0,0,1,1,1,0,1,1,1,0,1,0,0,1,0,1,0,0,1,1,0,0,1,0,0,0,1,1,0,0,1,1,1,0,1,1,1,0,0,1,0,0,1,0,1,1,0,1,1,1,0,0,1,1,1,0,0,0,1,1,0,1,0,0,1,1,0,0,0,0,0,0,0,1,0,0,0,0,1,0,0,1,0,1,0,0,1,1,0,0,1,0,0,0,0,0,0,0,1,0,0,0,0,1,0,0,1,1,0,0,0,0,0,1,0,0,0,1,0,1,1,0,0,1,0,0,0,0,1,0,0,0,0,0,0,0,0,0,1,0,0,0,0,0,0,0,0,0,0,0,0,0,0,0,1,0,0,0,0,0,0,0,1,0
0,1,0,1,1,1,1,0,0,0,0,0,0,0,0,1,1,1,1,0,0,1,0,0,0,1,1,0,1,0,1,0,0,1,0,0,0,0,1,1,0,1,0,1,1,1,0,1,1,0,0,1,1,1,1,1,0,1,1,1,1,1,0,1,1,1,0,1,1,0,1,1,1,0,0,1,1,1,0,1,1,0,0,1,1,1,0,1,1,1,1,1,1,1,0,0,1,1,0,1,0,1,1,0,1,1,1,1,0,1,1,1,1,1,1,1,1,1,1,0,0,1,1,1,0,1,0,1,1,0,1,0,0,1,0,1,1,0,1,1,1,0,0,1,1,1,1,1,0,0,0,0,0,1,0,1,0,0,0,1,1,1,0,1,1,1,0,0,1,0,1,0,0,1,1,1,1,1,0,1,1,1,0,0,0,1,1,1,0,1,0,1,0,0,0,0,0,0,1,0,0,1,0,0,0,0,0,1,1,0,0,1,1,0,1,0,1,0,0,1,1
0,1,0,1,1,1,0,0,0,0,0,0,0,0,0,1,1,1,1,0,0,1,0,0,0,1,1,0,1,0,1,0,0,1,0,0,0,0,1,0,0,1,0,1,1,1,0,1,0,0,0,0,1,1,1,1,0,0,0,1,1,1,0,1,1,1,0,1,0,0,1,1,1,0,0,1,1,1,0,1,1,0,0,1,1,1,0,1,1,1,0,1,1,1,0,0,1,0,0,1,0,1,1,0,1,1,1,1,0,1,1,1,0,0,0,1,1,0,1,0,0,1,1,0,0,0,0,0,0,0,1,0,0,1,0,1,0,0,1,0,1,0,0,1,1,0,0,1,0,0,0,0,0,0,0,1,0,0,0,0,1,0,0,1,1,0,0,0,0,0,1,0,0,0,1,0,1,1,0,0,1,0,0,0,0,1,0,0,0,0,0,0,0,0,0,0,0,0,0,0,0,0,0,0,0,0,0,0,0,0,0,1,0,0,0,0,0,0,0,1,0
0,1,0,1,1,1,1,0,0,0,0,0,0,0,0,1,1,1,1,0,0,1,0,0,0,1,1,0,1,0,1,0,0,1,0,0,0,0,1,1,0,1,0,1,1,1,0,1,1,0,0,1,1,1,1,1,0,1,1,1,1,1,0,1,1,1,0,1,1,0,1,1,1,0,0,1,1,1,0,1,1,0,0,1,1,1,0,1,1,1,1,1,1,1,0,0,1,1,0,1,0,1,1,0,1,1,1,1,0,1,1,1,1,1,1,1,1,1,1,0,0,1,1,1,0,1,0,1,1,0,1,0,0,1,0,1,1,0,1,1,1,0,0,1,1,1,1,1,0,0,0,0,0,1,0,1,0,0,0,1,1,1,0,1,1,1,0,0,1,0,1,0,0,1,1,1,1,1,0,1,1,1,0,0,0,1,1,0,0,1,0,1,0,0,0,1,0,1,1,0,0,1,0,0,0,0,0,1,1,0,0,1,1,0,1,0,1,0,0,1,1
0,1,0,1,1,1,0,0,0,0,0,0,0,0,0,1,1,1,1,0,0,1,0,0,0,1,1,0,1,0,1,0,0,1,0,0,0,0,1,0,0,1,0,1,1,1,0,1,0,0,0,0,1,1,1,1,0,0,0,1,1,1,0,1,1,1,0,1,0,0,1,1,1,0,0,1,1,1,0,1,1,0,0,1,1,1,0,1,1,1,0,1,1,1,0,0,1,0,0,1,0,1,1,0,1,1,1,1,0,1,1,1,0,0,0,1,1,0,1,0,0,1,1,0,0,0,0,0,0,0,1,0,0,1,0,1,0,0,1,0,1,0,0,1,1,0,0,1,0,0,0,0,0,0,0,1,0,0,0,0,1,0,0,1,1,0,0,0,0,0,1,0,0,0,1,0,1,1,0,0,1,0,0,0,0,1,0,0,0,0,0,0,0,0,0,1,0,0,0,0,0,0,0,0,0,0,0,0,0,0,0,1,0,0,0,0,0,0,0,1,0
0,1,0,1,1,1,1,0,0,0,0,0,0,0,0,1,1,1,1,0,0,1,0,0,0,1,1,0,1,0,1,0,0,1,0,0,0,0,1,1,0,1,0,1,1,1,0,1,1,0,0,1,1,1,1,1,0,1,1,1,1,1,0,1,1,1,0,1,1,0,1,1,1,0,0,1,1,1,0,1,1,0,0,1,1,1,0,1,1,1,1,1,1,1,0,0,1,1,0,1,0,1,1,0,1,1,1,0,0,1,1,1,1,1,1,1,1,1,1,0,0,1,1,1,0,1,0,1,1,0,1,0,0,0,0,1,1,0,1,1,1,0,0,1,1,1,1,1,0,0,0,0,0,1,0,1,0,0,0,1,1,1,0,1,1,1,0,0,1,0,1,0,0,1,1,1,1,1,0,1,1,1,0,0,0,1,1,0,0,1,0,1,0,0,0,1,0,1,1,0,0,1,0,0,0,0,0,1,1,0,0,1,1,0,1,0,1,0,0,1,1
0,1,0,1,1,1,0,0,0,0,0,0,0,0,0,1,1,1,1,0,0,1,0,0,0,1,1,0,1,0,1,0,0,1,0,0,0,0,1,0,0,1,0,1,1,1,0,1,0,0,0,1,1,1,1,1,0,0,0,1,1,1,0,1,1,1,0,1,0,0,1,1,1,0,0,1,1,1,0,1,1,0,0,1,1,1,0,1,1,1,0,1,1,1,0,0,1,0,0,1,0,1,1,0,1,1,1,0,0,1,1,1,0,0,0,1,1,0,1,0,0,1,1,0,0,0,0,0,0,0,1,0,0,0,0,1,0,0,1,0,1,0,0,1,1,0,0,1,0,0,0,0,0,0,0,1,0,0,0,0,1,0,0,1,1,0,0,0,0,0,1,0,0,0,1,0,1,1,0,0,1,0,0,0,0,1,0,0,0,0,0,0,0,0,0,1,0,0,0,0,0,0,0,0,0,0,0,0,0,0,0,1,0,0,0,0,0,0,0,1,0
0,1,0,1,1,1,1,0,0,0,0,0,0,0,0,1,1,1,1,0,0,1,0,0,0,1,1,0,1,0,1,0,0,1,0,0,0,0,1,1,0,1,0,1,1,1,0,1,1,0,0,1,1,1,1,1,0,1,1,1,1,1,0,1,1,1,0,1,1,0,1,0,1,0,0,1,1,0,0,1,0,0,0,1,1,0,0,1,1,1,1,1,1,1,0,0,1,1,0,1,0,1,1,0,1,1,1,0,0,1,1,1,1,1,1,1,1,1,1,0,0,1,1,1,0,1,0,1,1,0,1,0,0,0,0,1,1,0,1,1,1,0,0,1,1,1,1,1,0,0,0,0,0,1,0,1,0,0,0,1,1,1,0,1,1,1,0,0,1,0,0,0,0,1,1,1,1,1,0,1,1,1,0,0,0,1,1,1,0,1,0,1,0,0,0,0,0,0,1,0,0,1,0,0,0,0,0,1,1,0,0,1,1,0,1,0,1,0,0,1,1
0,1,0,1,1,1,1,0,0,0,0,0,0,0,0,1,1,1,1,0,0,1,0,0,0,1,1,0,1,0,1,0,0,1,0,0,0,0,1,1,0,1,0,1,1,1,0,1,1,0,0,1,1,1,1,1,0,1,1,1,1,1,0,1,1,1,0,1,1,0,1,0,1,0,0,1,1,0,0,1,0,0,0,1,1,0,0,1,1,1,1,1,1,1,0,0,1,1,0,1,0,1,1,0,1,1,1,0,0,1,1,1,1,1,1,1,1,1,1,0,0,1,1,1,0,1,0,1,1,0,1,0,0,0,0,1,1,0,1,1,1,0,0,1,1,1,1,1,0,0,0,0,0,1,0,1,0,0,0,1,1,1,0,1,1,1,0,0,1,0,1,0,0,1,1,1,1,1,0,1,1,1,0,0,0,1,1,1,0,1,0,1,0,0,0,0,0,0,1,0,0,1,0,0,0,0,0,1,1,0,0,1,1,0,1,0,1,0,0,1,1
0,1,0,1,1,1,1,0,0,0,0,0,0,0,0,1,1,1,1,0,0,1,0,0,0,1,1,0,1,0,1,0,0,1,0,0,0,1,1,1,0,1,0,1,1,1,0,1,1,0,0,1,1,1,1,1,0,1,1,1,1,1,0,1,1,1,0,1,1,0,1,0,1,0,0,1,1,0,0,1,0,0,0,1,1,0,0,1,1,1,1,1,1,1,0,0,1,1,0,1,0,1,1,0,1,1,1,0,0,1,1,1,1,1,1,1,1,1,1,0,0,1,1,1,0,1,0,1,1,0,1,0,0,0,0,1,1,0,1,1,1,0,0,1,1,1,1,1,0,0,0,0,0,1,0,1,0,0,0,1,1,1,0,1,1,1,0,0,1,0,1,0,0,1,1,1,1,1,0,1,1,1,0,0,0,1,1,1,0,1,0,1,0,0,0,0,0,0,1,0,0,1,0,0,0,0,0,1,1,0,0,1,1,0,1,0,1,0,0,1,1
0,1,0,1,1,0,0,0,0,0,0,0,0,0,0,1,1,1,1,0,0,1,0,0,0,1,1,0,1,0,0,0,0,1,0,0,0,0,1,0,0,1,0,0,1,1,0,1,0,0,0,1,1,1,1,1,0,0,0,1,1,1,0,1,1,1,0,1,0,0,1,0,1,0,0,1,1,0,0,1,0,0,0,1,1,0,0,1,1,1,0,1,1,1,0,0,1,0,0,1,0,1,1,0,1,1,1,0,0,1,1,1,0,0,0,1,1,0,1,0,0,1,1,0,0,0,0,0,0,0,1,0,0,0,0,1,0,0,1,0,1,0,0,1,1,0,0,1,0,0,0,0,0,0,0,1,0,0,0,0,1,0,0,1,1,0,0,0,0,0,0,0,0,0,1,0,1,1,0,0,1,0,0,0,0,1,0,0,0,0,0,0,0,0,0,0,0,0,0,0,0,0,0,0,0,0,0,0,0,0,0,1,0,0,0,0,0,0,0,1,0
0,1,0,1,1,1,1,0,0,0,0,0,0,0,0,1,1,1,1,0,0,1,0,0,0,1,1,0,1,0,1,0,0,1,0,0,0,1,1,1,0,1,0,1,1,1,0,1,1,0,0,1,1,1,1,1,0,1,1,1,1,1,0,1,1,1,0,1,1,0,1,0,1,0,0,1,1,0,0,1,0,0,0,1,1,0,0,1,1,1,1,1,1,1,0,0,1,1,0,1,0,1,1,0,1,1,1,0,0,1,1,1,1,1,1,1,1,1,1,0,0,1,1,1,0,1,0,1,1,0,1,0,0,0,0,1,1,0,1,1,1,0,0,1,1,1,1,1,0,0,0,0,0,1,0,1,0,0,0,1,1,1,0,1,1,1,0,0,1,0,1,0,0,1,1,1,1,1,0,1,1,1,0,0,0,1,1,0,0,1,0,1,0,0,0,1,0,1,1,0,0,1,0,0,0,0,0,1,1,0,0,1,1,0,1,0,1,0,0,1,1
0,0,0,1,0,1,1,0,0,0,0,0,0,0,0,0,0,0,0,0,0,0,0,0,0,0,0,0,0,0,1,0,0,0,0,0,0,1,1,1,0,1,0,1,0,0,0,1,0,0,0,1,0,0,0,0,1,1,1,0,0,0,1,0,0,0,0,0,1,0,0,1,0,0,0,0,0,0,0,0,0,0,0,0,0,1,1,0,1,0,1,0,0,0,0,0,0,1,0,0,0,0,0,0,0,0,0,0,0,0,0,1,1,1,0,0,0,1,1,0,0,0,0,1,0,0,0,1,1,0,0,0,0,0,0,0,1,0,0,1,0,0,0,0,0,1,1,1,0,1,0,0,0,1,0,0,1,0,0,1,1,0,0,1,0,1,0,0,1,0,0,1,1,1,0,1,0,0,0,0,0,1,0,0,0,0,1,1,0,1,0,0,0,0,0,1,0,1,1,0,0,0,0,0,0,0,0,0,1,0,0,0,0,0,0,0,1,0,0,0,0
0,1,0,0,0,1,1,0,0,0,1,1,0,0,0,1,1,1,1,0,0,1,0,0,0,0,1,0,0,0,1,0,0,0,0,0,1,0,0,1,0,1,0,1,0,0,0,1,1,0,0,1,0,0,0,0,0,1,1,0,0,0,1,0,0,0,0,0,1,0,0,1,0,1,0,0,0,0,0,0,1,0,0,0,0,0,0,0,1,0,1,0,0,0,0,1,0,1,0,0,0,0,0,0,0,0,0,1,0,0,0,1,1,1,1,0,0,1,1,0,1,0,0,1,0,1,0,1,1,0,0,0,1,0,0,0,1,0,0,1,0,1,0,0,0,1,1,1,0,0,0,0,0,1,0,0,0,1,0,1,1,1,0,1,0,1,0,0,1,0,0,0,0,1,0,1,1,0,0,1,0,1,0,1,1,0,1,0,1,1,0,0,1,1,0,1,1,1,1,0,0,0,0,1,1,0,1,1,1,1,0,0,1,0,1,0,1,1,0,0,1
0,1,0,1,0,1,0,0,1,1,1,0,0,1,0,1,1,1,1,0,0,1,0,0,0,1,1,0,0,0,1,1,1,1,0,0,0,0,1,0,1,1,0,1,1,1,1,1,0,0,0,0,0,1,1,0,0,0,0,1,1,1,0,1,1,1,0,1,0,0,1,1,1,0,0,1,0,1,0,1,1,0,0,1,0,1,0,1,1,1,0,1,0,0,0,0,1,0,1,1,1,1,0,0,1,1,1,1,0,1,1,1,0,0,0,1,1,0,1,1,0,1,0,0,0,0,0,0,0,0,1,1,1,0,0,1,0,1,1,0,0,0,1,1,1,0,0,1,0,0,0,0,0,0,0,1,0,0,0,0,1,0,0,1,0,0,0,0,0,0,1,1,1,0,0,0,1,1,0,0,1,0,0,0,0,0,0,0,1,0,0,0,1,0,0,1,1,0,0,0,0,0,0,1,0,0,0,0,0,0,0,1,0,0,0,0,0,0,0,1,0
0,1,0,1,0,1,1,0,0,1,0,0,0,0,0,1,1,1,1,0,0,1,1,1,1,1,1,0,1,1,1,0,1,1,1,0,0,0,1,1,1,0,0,1,1,1,1,0,0,0,0,0,0,1,1,0,0,1,1,1,1,1,0,1,1,1,0,1,0,1,1,0,1,0,0,1,0,0,0,1,0,0,0,1,0,0,0,1,1,1,0,1,0,0,0,0,1,1,1,1,1,1,0,0,1,0,1,0,0,1,1,0,1,1,0,1,1,1,1,1,0,1,0,0,0,0,0,1,1,1,1,1,0,0,0,1,0,1,1,0,0,0,1,1,1,0,1,1,0,0,0,0,1,1,0,1,0,0,0,0,1,0,0,1,0,1,0,1,1,0,1,0,0,1,0,1,1,1,0,0,1,0,1,0,0,0,1,0,0,1,1,0,0,0,0,1,1,0,1,0,1,0,0,0,0,0,0,0,1,0,0,1,0,0,0,0,1,0,0,1,0
0,1,0,1,0,1,1,0,0,1,0,0,0,0,0,1,1,1,1,0,0,1,1,1,1,1,1,0,1,1,1,0,1,1,1,0,0,0,1,1,1,0,0,1,1,1,1,0,0,0,0,0,0,1,1,0,0,1,1,1,1,1,0,1,1,1,0,1,0,1,1,0,1,0,0,1,0,0,0,1,0,0,0,1,0,0,0,1,1,1,0,1,0,0,0,0,1,1,1,1,1,1,0,0,1,0,1,0,0,1,1,0,1,1,0,1,1,1,1,1,0,1,0,0,0,0,0,1,1,1,1,1,0,0,0,1,0,1,1,0,0,0,1,1,1,0,1,1,0,0,0,0,1,1,0,1,0,0,0,0,1,0,0,1,0,1,0,1,1,0,1,0,0,1,0,1,1,1,0,0,1,0,1,0,0,0,1,0,0,1,1,0,0,0,0,1,1,1,1,0,1,0,0,0,0,0,0,0,1,0,0,1,0,0,0,0,1,0,0,1,0
0,1,0,1,0,1,1,0,0,0,0,0,0,0,0,1,1,1,1,0,0,1,1,1,1,1,1,0,1,1,1,0,0,1,0,0,0,0,1,1,0,0,0,1,1,1,0,0,1,0,0,1,0,1,1,0,0,1,1,1,1,1,0,1,1,1,0,1,1,0,1,0,1,0,0,1,0,0,0,1,0,0,0,1,0,0,0,1,1,1,1,1,0,0,0,0,1,1,0,1,0,1,0,0,1,0,1,0,0,1,1,0,1,1,0,1,1,1,1,0,0,1,0,1,0,0,0,1,1,1,1,1,0,0,0,1,1,0,1,1,0,0,0,1,1,1,1,1,0,0,0,0,0,1,0,1,0,0,0,1,1,0,0,1,0,1,0,1,1,0,1,0,0,1,0,1,1,1,0,0,1,1,0,0,0,0,1,0,0,1,1,0,0,0,0,1,1,1,1,1,1,0,0,0,0,0,0,0,1,0,0,1,0,0,0,0,1,0,0,1,0
0,1,0,1,0,1,1,1,0,0,0,0,0,0,0,0,0,0,0,0,0,0,0,0,0,0,0,0,0,0,1,0,0,1,1,0,0,0,1,1,0,1,1,1,0,0,0,1,1,0,0,1,0,0,0,0,1,1,1,0,0,0,1,1,1,0,0,0,1,1,0,1,0,0,0,0,0,0,0,0,0,0,0,0,0,1,1,0,0,0,1,0,0,0,0,0,0,1,0,0,0,0,0,0,0,1,0,0,0,0,0,1,1,1,0,0,0,1,0,0,0,0,0,1,1,0,0,1,1,1,0,0,0,0,0,0,1,0,0,1,0,0,0,0,0,1,1,1,0,1,0,0,1,1,0,0,1,0,0,1,0,0,0,0,0,1,0,1,1,0,1,0,1,1,0,1,1,0,1,0,0,1,1,0,0,0,1,0,0,1,1,1,0,0,0,1,0,1,1,1,1,1,0,0,0,0,0,0,1,0,0,0,0,0,0,0,1,0,0,0,0
0,1,0,1,0,1,1,0,0,1,0,0,0,0,0,1,1,1,1,0,0,1,1,1,1,1,1,0,1,1,1,0,1,1,0,0,0,0,1,1,1,0,0,1,1,1,1,0,1,0,0,1,0,1,1,0,0,1,1,1,1,1,0,1,1,1,0,1,1,0,1,0,1,0,0,1,0,0,0,1,0,0,0,1,0,0,0,1,1,1,1,1,0,0,0,0,1,1,1,1,1,1,0,0,1,0,1,0,0,1,1,0,1,1,0,1,1,1,1,1,0,1,0,1,0,0,0,1,1,1,1,1,0,0,0,1,1,1,1,1,0,0,1,1,1,1,1,1,0,0,0,0,0,1,0,1,0,0,0,1,1,0,0,1,0,1,0,1,1,0,1,0,0,1,0,1,1,1,0,0,1,1,0,0,0,0,1,0,0,1,1,0,0,0,0,1,1,1,1,1,1,0,0,0,0,0,0,0,1,0,0,1,0,0,0,0,1,0,0,1,0
0,1,0,1,0,1,1,1,0,0,0,0,0,0,0,0,0,0,0,0,0,0,0,0,0,0,0,0,0,0,1,0,0,1,1,0,0,0,1,1,0,1,1,1,0,0,0,1,1,0,0,1,0,0,0,0,1,1,1,0,0,0,1,1,1,0,0,0,1,1,0,1,0,0,0,0,0,0,0,0,0,0,0,0,0,1,1,0,0,0,1,0,0,0,0,0,0,1,0,0,0,0,0,0,0,1,0,0,0,0,0,1,1,1,0,0,0,1,0,0,0,0,0,1,1,0,0,1,1,1,0,0,0,0,0,0,1,0,0,1,0,0,0,0,0,1,1,1,0,1,0,0,1,1,0,0,1,0,0,1,0,0,0,0,0,1,0,1,1,0,1,0,1,1,0,1,1,0,1,0,0,1,1,0,0,0,1,0,0,1,1,1,0,0,0,1,0,1,1,1,1,1,0,0,0,0,0,0,1,0,0,0,0,0,0,0,1,0,0,0,0
1,1,0,1,0,1,1,1,0,0,0,0,0,0,0,0,0,0,0,0,0,0,0,0,0,0,0,0,0,0,1,0,0,1,1,0,0,0,1,1,0,1,1,1,0,0,0,1,1,0,0,1,0,0,0,0,1,1,1,0,0,0,1,1,1,0,0,0,1,1,0,1,0,0,0,0,0,0,0,0,0,0,0,0,0,1,1,0,0,0,1,0,0,0,0,0,0,1,0,0,0,0,0,0,0,1,0,0,0,0,0,1,1,1,0,0,0,1,0,0,0,0,0,1,1,0,0,1,1,1,0,0,0,0,0,0,1,0,0,1,0,0,0,0,0,1,1,1,0,1,0,0,1,1,0,0,1,0,0,1,0,0,0,0,0,1,0,1,1,0,1,1,1,1,0,1,1,0,1,0,0,1,1,0,0,0,1,0,0,1,1,1,0,0,0,1,0,1,1,1,1,1,0,0,0,0,0,0,1,0,0,0,0,0,0,0,1,0,0,0,0
0,1,0,1,1,1,1,0,0,0,1,1,1,1,1,1,1,1,1,0,0,1,0,1,0,1,1,0,1,0,0,0,0,1,0,1,0,0,1,0,0,1,0,0,1,1,0,1,0,0,0,0,1,1,1,0,0,0,0,1,1,1,1,1,1,1,0,1,0,0,1,0,1,0,0,1,0,0,0,1,0,0,0,1,0,0,0,1,1,1,0,1,0,0,0,0,1,0,0,1,0,1,0,0,1,1,1,0,0,1,1,1,0,0,0,1,1,0,1,0,0,1,1,0,0,0,1,0,0,0,1,1,0,0,0,1,0,0,1,0,0,0,0,1,0,0,0,1,1,0,0,0,0,0,0,0,0,0,0,0,1,0,0,1,1,0,0,0,0,0,1,0,0,0,1,0,1,1,0,0,1,0,0,0,0,0,0,0,0,0,0,0,0,0,0,1,1,0,0,0,0,0,0,0,0,1,1,0,0,1,0,0,0,0,0,0,0,1,0,0,0
0,1,0,1,1,1,1,0,0,0,1,1,1,1,1,1,1,1,1,0,0,1,0,1,0,1,1,0,1,0,0,0,0,1,0,1,0,0,1,0,0,1,0,0,1,1,0,1,0,0,0,1,1,1,1,0,0,0,0,1,1,1,1,1,1,1,0,1,0,0,1,0,1,0,0,1,0,0,0,1,0,0,0,1,0,0,0,1,1,1,0,1,0,0,0,0,1,0,0,1,0,1,0,0,1,1,1,0,0,1,1,1,0,0,0,1,1,0,1,0,0,1,1,0,0,0,1,0,0,0,1,1,0,0,0,1,0,0,1,0,0,0,0,1,0,0,0,1,1,0,0,0,0,0,0,0,0,0,0,0,1,0,0,1,1,0,0,0,0,0,1,0,0,0,1,0,1,1,0,0,1,0,0,0,0,0,0,0,0,0,0,0,0,0,0,1,1,0,0,0,0,0,0,0,0,1,1,0,0,1,0,0,0,0,0,0,0,1,0,0,0
0,1,0,1,1,1,1,1,0,0,1,1,1,1,1,1,1,1,1,0,0,1,0,1,0,1,1,0,1,0,0,0,0,1,0,1,0,0,1,0,0,1,0,0,1,1,0,1,0,0,0,0,1,1,1,0,0,0,0,1,1,1,1,1,1,1,0,1,0,0,1,0,1,0,0,1,0,0,0,1,0,0,0,1,0,0,0,1,1,1,0,1,0,0,0,0,1,0,0,1,0,1,0,0,1,1,1,0,0,1,1,1,0,0,0,1,1,0,1,0,0,1,1,0,0,0,1,0,0,0,1,1,0,0,0,1,0,0,1,0,0,0,0,1,1,0,0,1,1,0,0,0,0,0,0,1,0,0,0,0,1,0,0,1,1,0,0,0,0,0,1,0,0,0,1,0,1,1,0,0,1,0,0,0,0,0,0,0,0,0,0,0,0,0,0,1,1,0,0,0,0,0,0,0,0,1,1,0,0,1,0,0,0,0,0,0,0,1,0,0,0
0,1,0,1,1,1,1,0,0,0,1,1,0,0,0,1,1,1,1,1,1,1,0,1,1,1,1,0,1,0,0,0,0,1,0,1,0,0,1,0,0,1,0,0,1,1,0,1,0,0,0,0,1,1,1,0,0,0,0,1,1,1,1,1,1,1,0,1,0,0,1,0,1,0,0,1,0,0,0,1,0,0,0,1,0,0,0,1,1,1,0,1,0,0,0,0,1,0,0,1,0,1,0,0,1,1,1,0,0,1,1,1,0,0,0,1,1,0,1,0,0,1,1,0,0,0,1,0,0,0,1,1,0,0,0,1,0,0,1,0,0,0,0,1,0,0,0,1,1,0,0,0,0,0,0,0,0,0,0,0,1,0,0,1,1,0,0,0,0,0,1,0,0,0,1,0,1,1,0,0,1,0,0,0,0,0,0,0,0,0,0,0,0,0,0,1,1,0,0,0,0,0,0,0,0,1,1,0,0,1,0,0,0,0,0,0,0,1,0,0,0
0,1,0,1,1,1,1,0,0,0,1,1,0,0,0,1,1,1,1,1,1,1,0,1,1,1,1,0,1,0,0,0,0,1,0,1,0,0,1,0,0,1,0,0,1,1,0,1,0,0,0,1,1,1,1,0,0,0,0,1,1,1,1,1,1,1,0,1,0,0,1,0,1,0,0,1,0,0,0,1,0,0,0,1,0,0,0,1,1,1,0,1,0,0,0,0,1,0,0,1,0,1,0,0,1,1,1,0,0,1,1,1,0,0,0,1,1,0,1,0,0,1,1,0,0,0,1,0,0,0,1,1,0,0,0,1,0,0,1,0,0,0,0,1,0,0,0,1,1,0,0,0,0,0,0,0,0,0,0,0,1,0,0,1,1,0,0,0,0,0,1,0,0,0,1,0,1,1,0,0,1,0,0,0,0,0,0,0,0,0,0,0,0,0,0,1,1,0,0,0,0,0,0,0,0,1,1,0,0,1,0,0,0,0,0,0,0,1,0,0,0
0,1,0,1,1,1,1,1,0,0,1,1,0,0,0,1,1,1,1,1,1,1,0,1,1,1,1,0,1,0,0,0,0,1,0,1,0,0,1,0,0,1,0,0,1,1,0,1,0,0,0,0,1,1,1,0,0,0,0,1,1,1,1,1,1,1,0,1,0,0,1,0,1,0,0,1,0,0,0,1,0,0,0,1,0,0,0,1,1,1,0,1,0,0,0,0,1,0,0,1,0,1,0,0,1,1,1,0,0,1,1,1,0,0,0,1,1,0,1,0,0,1,1,0,0,0,1,0,0,0,1,1,0,0,0,1,0,0,1,0,0,0,0,1,1,0,0,1,1,0,0,0,0,0,0,1,0,0,0,0,1,0,0,1,1,0,0,0,0,0,1,0,0,0,1,0,1,1,0,0,1,0,0,0,0,0,0,0,0,0,0,0,0,0,0,1,1,0,0,0,0,0,0,0,0,1,1,0,0,1,0,0,0,0,0,0,0,1,0,0,0
0,1,0,1,1,1,1,0,0,0,1,1,0,0,0,1,1,1,1,1,1,1,0,1,1,1,1,0,1,0,0,0,0,1,0,1,0,0,1,0,0,1,0,0,1,1,0,1,0,0,0,1,1,1,1,0,0,0,0,1,1,1,1,1,1,1,0,1,0,0,1,0,1,0,0,1,0,0,0,1,0,0,0,1,0,0,0,1,1,1,0,1,0,0,0,0,1,0,0,1,0,1,0,0,1,1,1,0,0,1,1,1,0,0,0,1,1,0,1,0,0,1,1,0,0,0,1,0,0,0,1,1,0,0,0,1,0,0,1,0,0,0,0,1,0,0,0,1,1,0,0,0,0,0,0,0,0,0,0,0,1,0,0,1,1,0,0,0,0,0,0,0,0,0,1,0,1,1,0,0,1,0,0,0,0,0,0,0,0,0,0,0,0,0,0,1,1,0,0,0,0,0,0,0,0,1,1,0,0,1,0,0,0,0,0,0,0,1,0,0,0
0,1,0,1,1,1,1,0,0,0,1,1,0,0,0,1,1,1,1,1,1,1,0,1,1,1,1,0,1,0,0,0,0,1,0,1,0,0,1,0,0,1,0,0,1,1,0,1,0,0,0,1,1,1,1,0,0,0,0,1,1,1,1,1,1,1,0,1,0,0,1,0,1,0,0,1,0,0,0,1,0,0,0,1,0,0,0,1,1,1,0,1,0,0,0,0,1,0,0,1,0,1,0,0,1,1,1,0,0,1,1,1,0,0,0,1,1,0,1,0,0,1,1,0,0,0,1,0,0,0,1,1,0,0,0,1,0,0,1,0,0,0,0,1,0,0,0,1,1,0,0,0,0,0,0,0,0,0,0,0,1,0,0,1,1,0,0,0,0,0,0,0,0,0,1,0,1,1,0,0,1,0,0,0,0,0,0,0,0,0,0,0,0,0,0,1,1,0,0,0,0,0,0,0,0,1,1,0,0,1,0,0,0,0,0,0,0,1,0,0,0
0,1,0,1,1,1,1,1,0,0,1,1,0,0,0,1,1,1,1,1,1,1,0,1,1,1,1,0,1,0,0,0,0,1,0,1,0,0,1,0,0,1,0,0,1,1,0,1,0,0,0,1,1,1,1,0,0,0,0,1,1,1,1,1,1,1,0,1,0,0,1,0,1,0,0,1,0,0,0,1,0,0,0,1,0,0,0,1,1,1,0,1,0,0,0,0,1,0,0,1,0,1,0,0,1,1,1,0,0,1,1,1,0,0,0,1,1,0,1,0,0,1,1,0,0,0,1,0,0,0,1,1,0,0,0,1,0,0,1,0,0,0,0,1,1,0,0,1,1,0,0,0,0,0,0,1,0,0,0,0,1,0,0,1,1,0,0,0,0,0,0,0,0,0,1,0,1,1,0,0,1,0,0,0,0,0,0,0,0,0,0,0,0,0,0,1,1,0,0,0,0,0,0,0,0,1,1,0,0,1,0,0,0,0,0,0,0,1,0,0,0
0,1,1,1,1,1,1,0,0,0,1,1,0,0,0,1,1,1,1,0,0,1,1,1,1,1,1,0,1,1,0,0,0,1,0,1,0,0,1,0,0,1,0,0,1,1,0,1,0,0,0,0,1,1,1,0,0,0,0,1,1,1,1,1,1,1,0,1,0,0,1,0,1,0,0,1,0,0,0,1,0,0,0,1,0,0,0,1,1,1,0,1,0,0,0,0,1,0,0,1,0,1,0,0,1,1,1,0,0,1,1,1,0,0,0,1,1,0,1,0,0,1,1,0,0,0,1,0,0,0,1,1,0,0,0,1,0,0,1,0,0,0,0,1,0,0,0,1,1,0,0,0,0,0,0,0,0,0,0,0,1,0,0,1,1,0,0,0,0,0,0,0,0,0,1,0,1,1,0,0,1,0,0,0,0,0,0,0,0,0,0,0,0,0,0,1,1,0,0,0,0,0,0,0,0,1,1,0,0,1,0,0,0,0,0,0,0,1,0,0,0
0,1,1,1,1,1,1,0,0,0,1,1,0,0,0,1,1,1,1,0,0,1,1,1,1,1,1,0,1,1,0,0,0,1,0,1,0,0,1,0,0,1,0,0,1,1,0,1,0,0,0,1,1,1,1,0,0,0,0,1,1,1,1,1,1,1,0,1,0,0,1,0,1,0,0,1,0,0,0,1,0,0,0,1,0,0,0,1,1,1,0,1,0,0,0,0,1,0,0,1,0,1,0,0,1,1,1,0,0,1,1,1,0,0,0,1,1,0,1,0,0,1,1,0,0,0,1,0,0,0,1,1,0,0,0,1,0,0,1,0,0,0,0,1,0,0,0,1,1,0,0,0,0,0,0,0,0,0,0,0,1,0,0,1,1,0,0,0,0,0,0,0,0,0,1,0,1,1,0,0,1,0,0,0,0,0,0,0,0,0,0,0,0,0,0,1,1,0,0,0,0,0,0,0,0,1,1,0,0,1,0,0,0,0,0,0,0,1,0,0,0
0,1,1,1,1,1,1,1,0,0,1,1,0,0,0,1,1,1,1,0,0,1,1,1,1,1,1,0,1,1,0,0,0,1,0,1,0,0,1,0,0,1,0,0,1,1,0,1,0,0,0,0,1,1,1,0,0,0,0,1,1,1,1,1,1,1,0,1,0,0,1,0,1,0,0,1,0,0,0,1,0,0,0,1,0,0,0,1,1,1,0,1,0,0,0,0,1,0,0,1,0,1,0,0,1,1,1,0,0,1,1,1,0,0,0,1,1,0,1,0,0,1,1,0,0,0,1,0,0,0,1,1,0,0,0,1,0,0,1,0,0,0,0,1,1,0,0,1,1,0,0,0,0,0,0,1,0,0,0,0,1,0,0,1,1,0,0,0,0,0,0,0,0,0,1,0,1,1,0,0,1,0,0,0,0,0,0,0,0,0,0,0,0,0,0,1,1,0,0,0,0,0,0,0,0,1,1,0,0,1,0,0,0,0,0,0,0,1,0,0,0
1,1,1,1,0,1,1,0,0,0,0,0,0,0,0,1,1,1,1,1,1,1,1,1,1,0,1,0,1,0,1,0,0,0,0,0,1,0,0,1,0,1,1,1,0,0,0,1,1,0,0,1,0,0,0,0,0,1,1,0,0,0,1,0,0,0,0,0,1,0,0,1,0,0,0,0,0,1,0,0,1,0,0,0,0,1,0,0,1,0,1,0,0,0,0,0,0,1,0,0,0,0,0,0,0,0,0,0,0,0,0,1,1,1,1,0,0,1,1,0,1,0,0,1,0,1,0,1,1,0,0,0,0,0,0,0,1,0,0,1,0,0,0,0,0,1,1,1,0,0,1,0,0,1,1,0,0,0,0,1,1,1,1,1,0,1,0,0,1,0,0,1,1,1,0,1,1,0,0,1,0,1,0,1,1,0,1,1,0,1,0,0,0,0,0,1,1,0,1,0,0,0,0,0,0,0,1,1,1,1,0,0,1,0,1,0,1,1,0,0,1
0,1,0,1,0,1,1,1,0,1,1,1,0,0,0,1,1,1,1,0,0,1,0,0,0,1,1,0,1,0,1,0,1,1,0,0,1,0,0,1,1,1,0,1,0,1,1,1,1,1,1,1,0,1,0,0,0,1,1,0,0,1,1,0,1,1,1,1,1,0,1,1,0,1,1,0,0,1,0,1,1,1,1,1,0,1,0,1,1,1,1,1,0,0,1,1,1,1,1,1,1,1,0,1,1,0,1,1,0,1,1,1,1,1,1,1,1,1,1,1,1,1,0,1,0,1,0,1,1,0,1,1,1,1,0,1,1,1,1,1,0,1,1,1,0,1,1,1,0,0,0,0,0,1,0,0,0,1,0,1,1,1,0,1,0,1,0,0,1,0,0,0,0,1,0,1,1,1,0,1,1,1,0,1,1,0,1,0,1,1,0,0,1,1,1,1,1,1,1,0,0,0,0,1,1,0,1,1,1,1,0,0,1,0,1,0,1,1,0,0,1
0,1,0,0,0,1,1,1,0,0,1,1,0,0,0,0,0,1,1,0,0,1,0,0,0,0,1,0,0,0,1,0,0,0,0,0,1,0,0,1,0,1,0,1,0,0,0,1,1,0,0,1,0,0,0,0,0,1,1,0,0,0,1,0,0,0,0,0,1,0,0,1,0,1,0,0,0,0,0,0,1,1,0,1,0,0,0,0,1,0,1,0,0,0,0,1,0,1,0,1,0,0,0,0,0,0,0,1,0,0,0,1,1,1,1,0,0,1,1,0,1,0,0,1,0,1,0,1,1,0,0,0,1,0,0,0,1,0,0,1,0,1,0,0,0,1,1,1,0,0,0,0,0,1,0,0,0,1,0,1,1,1,0,1,0,1,0,0,1,0,0,0,0,1,0,1,0,0,0,1,0,1,0,1,1,0,1,0,1,1,0,0,1,1,0,1,1,1,1,0,0,0,0,1,1,0,1,1,1,1,0,0,1,0,1,0,1,1,0,0,1
0,1,0,0,0,1,1,1,0,0,1,1,0,1,1,0,0,1,1,0,0,1,0,0,0,0,1,0,0,0,1,0,0,0,0,0,1,0,0,1,0,1,0,1,0,0,0,1,1,0,0,1,0,0,0,0,1,1,1,0,0,0,1,0,0,0,0,0,1,0,0,1,0,1,0,0,0,0,0,0,1,1,0,1,0,0,0,0,1,0,1,0,0,0,0,1,0,1,0,1,0,0,0,0,0,0,0,1,0,0,0,1,1,1,1,0,0,1,1,0,1,0,0,1,0,1,0,1,1,0,0,0,1,0,0,0,1,0,0,1,0,1,0,0,0,1,1,1,0,0,0,0,0,1,0,0,0,1,0,1,1,1,0,1,0,1,0,0,1,0,0,0,0,1,0,1,0,0,0,1,0,1,0,1,1,0,1,0,1,1,0,0,1,1,0,1,1,1,1,0,0,0,0,1,1,0,1,1,1,1,0,0,1,0,1,0,1,1,0,0,1
0,1,0,0,0,1,1,0,0,0,1,1,0,0,0,0,0,1,1,0,0,1,0,0,0,0,1,0,0,0,1,0,0,0,0,0,1,0,0,1,0,1,0,1,0,0,0,1,1,0,0,1,0,0,0,0,0,1,1,0,0,0,1,0,0,0,0,0,1,0,0,1,0,1,0,0,0,0,0,0,1,1,0,1,0,0,0,0,1,0,1,0,0,0,0,1,0,1,0,1,0,0,0,0,0,0,0,1,0,0,0,1,1,1,0,0,0,1,1,0,1,0,0,1,0,0,0,1,1,0,0,0,1,0,0,0,1,0,0,1,0,1,0,0,0,1,1,1,0,0,0,0,0,1,0,0,0,1,0,1,1,0,0,1,0,1,0,0,1,0,0,0,0,1,0,1,0,0,0,0,0,1,0,1,1,0,1,0,1,1,0,0,1,1,0,1,1,1,1,0,0,0,0,1,1,0,1,1,1,1,0,0,0,0,1,0,1,1,0,0,0
0,1,0,0,0,1,1,0,0,0,1,1,0,0,0,0,0,1,1,0,0,1,0,0,0,0,1,0,0,0,1,0,0,0,0,0,1,0,0,1,0,1,0,1,0,0,0,1,0,0,0,1,0,0,0,0,0,0,0,0,0,0,1,0,0,0,0,0,0,0,0,1,0,1,0,0,0,0,0,0,1,1,0,1,0,0,0,0,1,0,0,0,0,0,0,1,0,0,0,1,0,0,0,0,0,0,0,1,0,0,0,1,0,0,0,0,0,0,1,0,1,0,0,0,0,0,0,0,0,0,0,0,1,0,0,0,0,0,0,0,0,1,0,0,0,0,0,1,0,0,0,0,0,0,0,0,0,1,0,0,1,0,0,1,0,0,0,0,0,0,0,0,0,0,0,0,0,0,0,0,0,0,0,1,1,0,0,0,1,0,0,0,1,0,0,1,1,0,0,0,0,0,0,1,0,0,1,0,0,1,0,0,0,1,0,1,0,1,0,0,0
0,1,0,0,0,1,1,0,0,0,1,1,0,0,0,0,0,1,1,0,0,1,0,0,0,0,1,0,0,0,1,0,0,0,0,0,1,0,0,1,0,1,0,1,0,0,0,1,0,0,0,1,0,0,0,0,0,0,0,0,0,0,1,0,0,0,0,0,0,0,0,1,0,1,0,0,0,0,0,0,1,1,0,1,0,0,0,0,1,0,0,0,0,0,0,1,0,0,0,1,0,0,0,0,0,0,0,1,0,0,0,1,0,0,0,0,0,0,1,0,1,0,0,0,0,0,0,0,0,0,0,0,1,0,0,0,0,0,0,0,0,1,0,0,0,0,0,1,0,0,0,0,0,0,0,0,0,1,0,0,1,0,0,1,0,0,0,0,0,0,0,0,0,0,0,0,0,0,0,0,0,0,0,1,1,0,0,0,1,0,0,0,1,0,0,1,1,0,0,0,0,0,0,1,0,0,1,0,0,1,0,0,0,1,0,1,0,1,0,0,0
0,1,0,0,0,1,1,0,0,1,1,1,0,0,0,0,0,1,1,0,0,1,0,0,0,0,1,0,0,0,1,0,1,0,0,0,1,0,0,1,1,1,0,1,0,0,1,1,0,0,0,1,0,0,0,0,0,0,0,0,0,0,1,0,0,0,0,0,0,0,0,1,0,1,0,0,0,0,0,0,1,1,0,1,0,0,0,0,1,0,0,0,0,0,0,1,0,0,1,1,1,0,0,0,0,0,0,1,0,0,0,1,0,0,0,0,0,0,1,1,1,0,0,0,0,0,0,0,0,0,0,0,1,0,0,0,0,1,0,0,0,1,1,0,0,0,0,1,0,0,0,0,0,0,0,0,0,1,0,0,1,0,0,1,0,0,0,0,0,0,0,0,0,0,0,0,0,0,0,0,0,0,0,1,1,0,0,0,1,0,0,0,1,0,0,1,1,0,0,0,0,0,0,1,0,0,1,0,0,1,0,0,0,0,0,0,0,1,0,0,0
0,1,0,1,0,1,1,1,0,0,1,1,0,0,0,0,0,1,1,0,0,1,0,0,0,0,1,0,0,0,1,0,0,1,0,0,1,0,0,1,0,1,0,1,0,0,0,1,1,0,0,1,0,0,0,0,0,1,1,0,0,0,1,0,1,0,0,0,1,0,0,1,0,1,0,0,0,1,0,0,1,1,0,1,0,1,0,0,1,0,1,0,0,0,0,1,0,1,0,1,0,0,0,0,0,0,0,1,0,0,0,1,1,1,1,0,0,1,1,0,1,0,0,1,0,1,0,1,1,0,0,0,1,0,0,0,1,0,0,1,0,1,0,0,0,1,1,1,0,0,0,0,0,1,0,0,0,1,0,1,1,1,0,1,0,1,0,0,1,0,0,0,0,1,0,1,0,0,0,1,0,1,0,1,1,0,1,0,1,1,0,0,1,1,0,1,1,1,1,0,0,0,0,1,1,0,1,1,1,1,0,0,1,0,1,0,1,1,0,0,1
0,1,0,1,0,1,1,1,0,1,1,1,0,0,0,0,0,1,1,0,0,1,0,0,0,0,1,0,0,0,1,0,1,1,0,0,1,0,0,1,1,1,0,1,0,0,1,1,1,0,0,1,0,0,0,0,0,1,1,0,0,0,1,0,1,0,0,0,1,0,0,1,0,1,0,0,0,1,0,0,1,1,0,1,0,1,0,0,1,0,1,0,0,0,0,1,0,1,1,1,1,0,0,0,0,0,0,1,0,0,0,1,1,1,1,0,0,1,1,1,1,0,0,1,0,1,0,1,1,0,0,0,1,0,0,0,1,1,0,1,0,1,1,0,0,1,1,1,0,0,0,0,0,1,0,0,0,1,0,1,1,1,0,1,0,1,0,0,1,0,0,0,0,1,0,1,0,0,0,1,0,1,0,1,1,0,1,0,1,1,0,0,1,1,0,1,1,1,1,0,0,0,0,1,1,0,1,1,1,1,0,0,1,0,1,0,1,1,0,0,1
0,1,0,1,0,1,1,1,0,0,1,1,0,0,0,1,1,1,1,0,0,1,0,0,0,1,1,0,1,0,1,0,0,1,0,0,1,0,0,1,0,1,0,1,0,1,0,1,1,1,1,1,0,1,0,0,0,1,1,0,0,1,1,0,1,1,1,1,1,0,1,1,0,1,1,0,0,1,0,1,1,1,1,1,0,1,0,1,1,1,1,1,0,0,1,1,1,1,0,1,0,1,0,1,1,0,1,1,0,1,1,1,1,1,1,1,1,1,1,0,1,1,0,1,0,1,0,1,1,0,1,1,1,1,0,1,1,0,1,1,0,1,0,1,0,1,1,1,0,0,0,0,0,1,0,0,0,1,0,1,1,1,0,1,0,1,0,0,1,0,0,0,0,1,0,1,1,1,0,1,1,1,0,1,1,0,1,0,1,1,0,0,1,1,1,1,1,1,1,0,0,0,0,1,1,0,1,1,1,1,0,0,1,0,1,0,1,1,0,0,1
0,1,0,0,0,1,1,1,0,0,1,1,0,0,0,1,1,1,1,0,0,1,0,0,0,1,1,0,1,0,1,0,0,0,0,0,1,0,0,1,0,1,0,1,0,1,0,1,1,1,1,1,0,1,0,0,1,1,1,0,0,1,1,0,0,1,1,1,1,0,1,1,0,1,1,0,0,0,1,1,1,1,1,1,0,0,1,1,1,1,1,1,0,0,1,1,1,1,0,1,0,1,0,1,1,0,1,1,0,1,1,1,1,1,1,1,1,1,1,0,1,1,0,1,0,1,0,1,1,0,1,1,1,1,0,1,1,0,0,1,0,1,0,1,0,1,1,1,0,0,0,0,0,1,0,0,0,1,0,1,1,1,0,1,0,1,1,0,1,0,0,0,0,1,0,1,1,1,0,1,1,1,0,1,1,0,1,0,1,1,0,1,1,1,1,1,1,1,1,0,0,1,0,1,1,0,1,1,1,1,0,0,1,0,1,0,1,1,0,0,1
0,1,0,0,0,1,1,1,0,0,1,1,0,0,0,1,1,1,1,0,0,1,0,0,0,1,1,0,1,0,1,0,0,0,0,0,1,0,0,1,0,1,0,1,0,1,0,1,1,1,1,1,0,1,0,0,1,1,1,0,0,1,1,0,0,1,1,1,1,0,1,1,0,1,1,0,0,0,1,1,1,1,1,1,0,0,1,1,1,1,1,1,0,0,1,1,1,1,0,1,0,1,0,1,1,0,1,1,0,1,1,1,1,1,1,1,1,1,1,0,1,1,0,1,0,1,0,1,1,0,1,1,1,1,0,1,1,0,0,1,0,1,0,1,0,1,1,1,0,0,0,0,0,1,0,0,0,1,0,1,1,1,0,1,0,1,1,0,1,0,0,0,0,1,0,1,1,1,0,1,1,1,0,1,1,0,1,0,1,1,0,1,1,1,1,1,1,1,1,0,0,1,0,1,1,0,1,1,1,1,0,0,1,0,1,0,1,1,0,0,1
0,1,0,1,0,1,1,1,0,0,1,1,0,0,0,1,1,1,1,0,0,1,0,0,0,1,1,0,1,0,1,0,0,1,0,0,1,0,0,1,0,1,0,1,0,1,0,1,1,1,1,1,0,1,0,0,0,1,1,0,0,1,1,1,1,1,1,1,1,0,1,1,0,1,1,0,0,1,0,1,1,1,1,1,0,1,0,1,1,1,1,1,0,0,1,1,1,1,0,1,0,1,0,1,1,1,1,1,0,1,1,1,1,1,1,1,1,1,1,0,1,1,0,1,0,1,0,1,1,0,1,1,1,1,0,1,1,0,1,1,0,1,0,1,0,1,1,1,0,0,0,0,0,1,0,0,0,1,0,1,1,1,0,1,0,1,0,0,1,0,0,0,1,1,0,1,1,1,0,1,1,1,0,1,1,0,1,0,1,1,0,0,1,1,1,1,1,1,1,0,0,0,0,1,1,0,1,1,1,1,0,0,1,0,1,0,1,1,0,0,1
0,1,0,1,0,1,1,1,0,0,1,1,0,0,0,1,1,1,1,0,0,1,0,0,0,1,1,0,1,0,1,0,0,1,0,0,1,0,0,1,0,1,0,1,0,1,0,1,1,1,1,1,0,1,0,0,0,1,1,0,0,1,1,1,1,1,1,1,1,0,1,1,0,1,1,0,0,1,0,1,1,1,1,1,0,1,0,1,1,1,1,1,0,0,1,1,1,1,0,1,0,1,0,1,1,1,1,1,0,1,1,1,1,1,1,1,1,1,1,0,1,1,0,1,0,1,0,1,1,0,1,1,1,1,0,1,1,0,1,1,0,1,0,1,0,1,1,1,0,0,0,0,0,1,0,0,0,1,0,1,1,1,0,1,0,1,0,0,1,0,0,0,1,1,0,1,1,1,0,1,1,1,0,1,1,0,1,0,1,1,0,0,1,1,1,1,1,1,1,0,0,0,0,1,1,0,1,1,1,1,0,0,1,0,1,0,1,1,0,0,1
0,1,0,0,0,1,1,0,0,1,1,1,0,0,0,1,1,1,1,0,0,1,0,0,0,1,1,0,1,0,1,0,1,0,0,0,1,0,0,1,1,1,0,1,0,1,1,1,0,1,1,1,0,1,0,0,0,0,0,0,0,1,1,0,0,1,1,1,0,0,1,1,0,1,1,0,0,0,0,1,1,1,1,1,0,0,0,1,1,1,0,1,0,0,1,1,1,0,1,1,1,1,0,1,1,0,1,1,0,1,1,1,0,0,0,1,1,0,1,1,1,1,0,0,0,0,0,0,0,0,1,1,1,1,0,1,0,1,0,0,0,1,1,1,0,0,0,1,0,0,0,0,0,0,0,0,0,1,0,0,1,0,0,1,0,0,0,0,0,0,0,0,0,0,0,0,1,1,0,0,1,0,0,1,1,0,0,0,1,0,0,0,1,0,1,1,1,0,0,0,0,0,0,1,0,0,1,0,0,1,0,0,0,0,0,0,0,1,0,0,0
0,1,0,0,0,1,1,0,0,0,1,1,0,0,0,1,1,1,1,0,0,1,0,0,0,1,1,0,1,0,1,0,0,0,0,0,1,0,0,1,0,1,0,1,0,1,0,1,0,1,1,1,0,1,0,0,0,0,0,0,0,1,1,0,0,1,1,1,0,0,1,1,0,1,1,0,0,0,0,1,1,1,1,1,0,0,0,1,1,1,0,1,0,0,1,1,1,0,0,1,0,1,0,1,1,0,1,1,0,1,1,1,0,0,0,1,1,0,1,0,1,1,0,0,0,0,0,0,0,0,1,1,1,1,0,1,0,0,0,0,0,1,0,1,0,0,0,1,0,0,0,0,0,0,0,0,0,1,0,0,1,0,0,1,0,0,0,0,0,0,0,0,0,0,0,0,1,1,0,0,1,0,0,1,1,0,0,0,1,0,0,0,1,0,1,1,1,0,0,0,0,0,0,1,0,0,1,0,0,1,0,0,0,1,0,1,0,1,0,0,0
0,1,0,0,0,1,1,0,0,0,1,1,0,0,0,1,1,1,1,0,0,1,0,0,0,1,1,0,1,0,1,0,0,0,0,0,1,0,0,1,0,1,0,1,0,1,0,1,0,1,1,1,0,1,0,0,0,0,0,0,0,1,1,0,0,1,1,1,0,0,1,1,0,1,1,0,0,0,0,1,1,1,1,1,0,0,0,1,1,1,0,1,0,0,1,1,1,0,0,1,0,1,0,1,1,0,1,1,0,1,1,1,0,0,0,1,1,0,1,0,1,1,0,0,0,0,0,0,0,0,1,1,1,1,0,1,0,0,0,0,0,1,0,1,0,0,0,1,0,0,0,0,0,0,0,0,0,1,0,0,1,0,0,1,0,0,0,0,0,0,0,0,0,0,0,0,1,1,0,0,1,0,0,1,1,0,0,0,1,0,0,0,1,0,1,1,1,0,0,0,0,0,0,1,0,0,1,0,0,1,0,0,0,1,0,1,0,1,0,0,0
0,1,0,0,0,1,1,0,0,0,1,1,0,0,0,1,1,1,1,0,0,1,0,0,0,1,1,0,1,0,1,0,0,0,0,0,1,0,0,1,0,1,0,1,0,1,0,1,1,1,1,1,0,1,0,0,0,1,1,0,0,1,1,0,0,1,1,1,1,0,1,1,0,1,1,0,0,0,0,1,1,1,1,1,0,0,0,1,1,1,1,1,0,0,1,1,1,1,0,1,0,1,0,1,1,0,1,1,0,1,1,1,1,1,0,1,1,1,1,0,1,1,0,1,0,0,0,1,1,0,1,1,1,1,0,1,1,0,0,1,0,1,0,1,0,1,1,1,0,0,0,0,0,1,0,0,0,1,0,1,1,0,0,1,0,1,0,0,1,0,0,0,0,1,0,1,1,1,0,0,1,1,0,1,1,0,1,0,1,1,0,0,1,1,1,1,1,1,1,0,0,0,0,1,1,0,1,1,1,1,0,0,0,0,1,0,1,1,0,0,0
0,1,0,0,0,1,1,1,0,0,1,1,0,1,1,1,1,1,1,0,0,1,0,0,0,1,1,0,1,0,1,0,0,0,0,0,1,0,0,1,0,1,0,1,0,1,0,1,1,1,1,1,0,1,0,0,1,1,1,0,0,1,1,0,0,1,1,1,1,0,1,1,0,1,1,0,0,0,0,1,1,1,1,1,0,0,0,1,1,1,1,1,0,0,1,1,1,1,0,1,0,1,0,1,1,0,1,1,0,1,1,1,1,1,1,1,1,1,1,0,1,1,0,1,0,1,0,1,1,0,1,1,1,1,0,1,1,0,0,1,0,1,0,1,0,1,1,1,0,0,0,0,0,1,0,0,0,1,0,1,1,1,0,1,0,1,0,0,1,0,0,0,0,1,0,1,1,1,0,1,1,1,0,1,1,0,1,0,1,1,0,0,1,1,1,1,1,1,1,0,0,0,0,1,1,0,1,1,1,1,0,0,1,0,1,0,1,1,0,0,1
0,1,0,0,0,1,1,1,0,1,1,1,0,0,0,1,1,1,1,0,0,1,0,0,0,1,1,0,1,0,1,0,1,0,0,0,1,0,0,1,1,1,0,1,0,1,1,1,1,1,1,1,0,1,0,0,0,1,1,0,0,1,1,0,0,1,1,1,1,0,1,1,0,1,1,0,0,0,0,1,1,1,1,1,0,0,0,1,1,1,1,1,0,0,1,1,1,1,1,1,1,1,0,1,1,0,1,1,0,1,1,1,1,1,1,1,1,1,1,1,1,1,0,1,0,1,0,1,1,0,1,1,1,1,0,1,1,1,0,1,0,1,1,1,0,1,1,1,0,0,0,0,0,1,0,0,0,1,0,1,1,1,0,1,0,1,0,0,1,0,0,0,0,1,0,1,1,1,0,1,1,1,0,1,1,0,1,0,1,1,0,0,1,1,1,1,1,1,1,0,0,0,0,1,1,0,1,1,1,1,0,0,1,0,1,0,1,1,0,0,1
0,1,0,0,0,1,1,1,0,1,1,1,0,0,0,1,1,1,1,0,0,1,0,0,0,1,1,0,1,0,1,0,1,0,0,0,1,0,0,1,1,1,0,1,0,1,1,1,1,1,1,1,0,1,0,0,0,1,1,0,0,1,1,0,0,1,1,1,1,0,1,1,0,1,1,0,0,0,0,1,1,1,1,1,0,0,0,1,1,1,1,1,0,0,1,1,1,1,1,1,1,1,0,1,1,0,1,1,0,1,1,1,1,1,1,1,1,1,1,1,1,1,0,1,0,1,0,1,1,0,1,1,1,1,0,1,1,1,0,1,0,1,1,1,0,1,1,1,0,0,0,0,0,1,0,0,0,1,0,1,1,1,0,1,0,1,0,0,1,0,0,0,0,1,0,1,1,1,0,1,1,1,0,1,1,0,1,0,1,1,0,0,1,1,1,1,1,1,1,0,0,0,0,1,1,0,1,1,1,1,0,0,1,0,1,0,1,1,0,0,1
0,1,0,0,0,1,1,1,0,0,1,1,0,0,0,1,1,1,1,0,0,1,0,0,0,1,1,0,1,0,1,0,0,0,0,0,1,0,0,1,0,1,0,1,0,1,0,1,1,1,1,1,0,1,0,0,0,1,1,0,0,1,1,0,0,1,1,1,1,0,1,1,0,1,1,0,0,0,0,1,1,1,1,1,0,0,0,1,1,1,1,1,0,0,1,1,1,1,0,1,0,1,0,1,1,0,1,1,0,1,1,1,1,1,1,1,1,1,1,0,1,1,0,1,0,1,0,1,1,0,1,1,1,1,0,1,1,0,0,1,0,1,0,1,0,1,1,1,0,0,0,0,0,1,0,0,0,1,0,1,1,1,0,1,0,1,0,0,1,0,0,0,0,1,0,1,1,1,0,1,1,1,0,1,1,0,1,0,1,1,0,0,1,1,1,1,1,1,1,0,0,0,0,1,1,0,1,1,1,1,0,0,1,0,1,1,1,1,0,0,1
0,1,0,0,0,1,1,1,0,0,1,1,0,0,0,1,1,1,1,0,0,1,0,0,0,1,1,0,1,0,1,0,0,0,0,0,1,0,0,1,0,1,0,1,0,1,0,1,1,1,1,1,0,1,0,0,0,1,1,0,0,1,1,0,0,1,1,1,1,0,1,1,0,1,1,0,0,0,0,1,1,1,1,1,0,0,0,1,1,1,1,1,0,0,1,1,1,1,0,1,0,1,0,1,1,0,1,1,0,1,1,1,1,1,1,1,1,1,1,0,1,1,0,1,0,1,0,1,1,0,1,1,1,1,0,1,1,0,0,1,0,1,0,1,0,1,1,1,0,0,0,0,0,1,0,0,0,1,0,1,1,1,0,1,0,1,0,0,1,0,0,0,0,1,0,1,1,1,0,1,1,1,0,1,1,0,1,0,1,1,0,0,1,1,1,1,1,1,1,0,0,0,0,1,1,0,1,1,1,1,0,0,1,0,1,0,1,1,0,0,1
0,1,0,0,0,1,1,1,0,0,1,1,0,0,0,1,1,1,1,0,0,1,0,0,0,1,1,0,1,0,1,0,0,0,0,0,1,0,0,1,0,1,0,1,0,1,0,1,1,1,1,1,0,1,0,0,0,1,1,0,0,1,1,0,0,1,1,1,1,0,1,1,0,1,1,0,0,0,0,1,1,1,1,1,0,0,0,1,1,1,1,1,0,0,1,1,1,1,0,1,0,1,0,1,1,0,1,1,0,1,1,1,1,1,1,1,1,1,1,0,1,1,0,1,0,1,0,1,1,0,1,1,1,1,0,1,1,0,0,1,0,1,0,1,0,1,1,1,0,0,0,0,0,1,0,0,0,1,0,1,1,1,0,1,0,1,0,0,1,0,0,0,0,1,0,1,1,1,0,1,1,1,0,1,1,0,1,0,1,1,0,0,1,1,1,1,1,1,1,0,0,0,0,1,1,0,1,1,1,1,0,0,1,0,1,0,1,1,0,0,1
0,1,0,1,0,1,1,0,0,0,1,1,0,0,0,1,1,1,1,0,0,1,0,0,0,1,1,0,1,0,1,0,0,0,0,0,1,0,0,1,0,1,0,1,0,1,0,1,1,1,1,1,0,1,0,0,0,1,1,0,0,1,1,0,0,1,1,1,1,0,1,1,0,1,1,0,0,0,0,1,1,1,1,1,0,0,0,1,1,1,1,1,0,0,1,1,1,1,0,1,0,1,0,1,1,0,1,1,0,1,1,1,1,1,1,1,1,1,1,0,1,1,0,1,0,1,0,1,1,0,1,1,1,0,0,1,1,0,0,1,0,1,0,1,0,1,1,1,0,0,0,0,0,1,0,0,0,1,0,1,1,1,0,1,0,1,0,0,1,0,0,0,0,1,0,1,1,1,0,1,1,1,0,1,1,0,1,0,1,1,0,0,1,1,0,1,1,1,1,0,0,0,0,1,1,0,1,1,1,1,0,0,1,0,1,0,1,1,0,0,1
0,0,0,1,0,1,1,1,0,0,0,0,0,0,0,0,0,1,0,0,0,0,0,0,0,0,0,0,0,0,1,0,0,0,0,0,0,0,1,1,0,1,0,1,0,0,0,1,1,0,0,1,0,1,1,0,1,1,1,0,0,0,1,0,0,0,0,0,1,0,0,1,0,0,0,1,0,0,1,0,1,1,0,1,0,1,1,0,1,0,1,0,0,0,0,0,1,1,0,1,0,0,0,0,0,0,0,1,0,0,0,1,1,1,0,1,1,1,1,0,1,0,0,1,0,0,0,1,1,0,0,0,1,0,0,1,1,0,0,1,0,0,0,1,0,1,1,1,0,1,0,0,0,1,0,0,1,0,0,1,1,0,0,1,0,1,1,0,1,0,0,0,1,1,0,1,0,1,0,0,1,1,0,0,1,0,1,0,1,1,1,1,1,1,1,1,0,1,0,1,1,1,1,1,1,0,0,0,0,0,1,1,0,0,0,0,0,0,1,1,0
0,0,0,1,0,1,1,1,0,0,0,0,0,0,0,1,1,1,0,0,0,0,0,0,0,1,1,0,0,0,1,0,0,0,0,0,0,0,1,1,0,1,0,1,1,1,0,1,1,1,1,1,0,1,1,0,1,1,1,1,1,1,1,0,0,1,1,1,1,0,1,1,1,0,1,1,0,0,1,1,1,1,1,1,0,1,1,1,1,1,1,1,0,0,1,1,1,1,0,1,0,1,0,1,1,0,1,1,0,1,1,1,1,1,0,1,1,1,1,0,1,1,0,1,0,0,0,1,1,0,1,1,1,1,0,1,1,0,0,1,0,1,0,1,0,1,1,1,0,1,0,0,0,1,0,0,1,1,0,1,1,0,0,1,0,1,1,0,1,0,0,0,1,1,0,1,1,1,0,0,1,1,0,1,1,0,1,0,1,1,1,1,1,1,1,1,1,1,0,1,1,1,1,1,1,0,0,0,0,0,1,1,0,0,0,0,0,0,1,1,0
0,1,0,0,0,1,1,0,0,0,1,1,0,0,0,1,1,1,1,0,0,1,0,0,0,1,1,0,1,0,1,0,0,0,0,0,1,0,0,1,0,1,0,1,0,1,0,1,1,1,1,1,0,1,0,0,0,1,1,0,0,1,1,0,0,1,1,1,1,0,1,1,0,1,1,0,0,0,0,1,1,1,1,1,0,0,0,1,1,1,1,1,0,0,1,1,1,1,0,1,0,1,0,1,1,0,1,1,0,1,1,1,1,1,1,1,1,1,1,0,1,1,0,1,0,1,0,1,1,0,1,1,1,0,0,1,1,0,0,1,0,1,0,1,0,1,1,1,0,0,0,0,0,1,0,0,0,1,0,1,1,1,0,1,0,1,0,0,1,0,0,0,0,1,0,1,1,1,0,1,1,1,0,1,1,0,1,0,1,1,0,0,1,1,0,1,1,1,1,0,0,0,0,1,1,0,1,1,1,1,0,0,1,0,1,0,1,1,0,0,1
0,1,0,1,0,1,1,0,0,0,0,0,0,0,0,1,1,1,1,0,0,1,1,1,0,1,1,0,1,0,1,0,0,1,0,0,0,0,1,1,0,1,0,1,1,1,0,1,1,0,0,1,0,1,1,0,0,1,1,1,1,1,0,1,1,1,0,1,1,0,1,0,1,0,0,1,0,0,0,1,0,0,0,1,0,0,0,1,1,1,1,1,0,0,0,0,1,1,0,1,0,1,0,0,1,1,1,0,0,1,1,1,1,1,1,1,1,1,1,0,0,1,0,1,0,1,0,1,1,0,1,1,0,0,0,1,1,0,1,1,0,0,0,1,1,1,1,1,0,0,0,0,0,1,0,1,0,0,0,1,1,1,0,1,0,1,0,0,1,0,0,0,0,1,0,1,1,1,0,1,1,1,0,0,0,0,1,1,0,1,0,1,0,0,0,1,1,0,1,0,0,1,0,0,0,0,0,1,1,0,0,1,1,0,1,0,1,0,0,1,1
0,1,0,1,0,1,1,0,0,1,0,0,0,0,0,1,1,1,1,0,0,1,1,1,0,1,1,0,1,0,1,0,1,1,0,0,0,0,1,1,1,1,0,1,1,1,1,1,1,0,0,1,0,1,1,0,0,1,1,1,1,1,0,1,1,1,0,1,1,0,1,0,1,0,0,1,0,0,0,1,0,0,0,1,0,0,0,1,1,1,1,1,0,0,0,0,1,1,1,1,1,1,0,0,1,1,1,0,0,1,1,1,1,1,1,1,1,1,1,1,0,1,0,1,0,1,0,1,1,0,1,1,0,0,0,1,1,1,1,1,0,0,1,1,1,1,1,1,0,0,0,0,0,1,0,1,0,0,0,1,1,1,0,1,0,1,0,0,1,0,0,0,0,1,0,1,1,1,0,1,1,1,0,0,0,0,1,1,0,1,0,1,0,0,0,1,1,0,1,0,0,1,0,0,0,0,0,1,1,0,0,1,1,0,1,0,1,0,0,1,1
0,1,0,1,0,0,0,0,0,1,0,0,0,0,0,1,1,1,1,1,1,1,0,1,0,1,1,1,1,0,0,0,1,1,0,0,0,0,1,0,1,1,0,0,1,1,1,1,0,1,1,0,0,1,1,0,0,0,0,1,1,1,0,1,1,1,0,1,0,0,1,0,1,0,1,1,0,0,0,1,0,1,1,1,0,0,0,1,1,1,0,1,0,0,1,0,1,0,1,1,1,1,0,1,1,1,1,0,0,1,1,1,0,0,0,1,1,0,1,1,0,1,0,0,0,0,1,0,0,0,1,1,0,0,0,1,0,1,1,0,0,0,1,1,1,0,0,1,1,0,0,0,0,0,0,1,0,0,0,0,1,0,0,1,0,0,0,0,0,0,0,0,0,0,0,0,1,1,0,0,1,0,0,0,0,0,0,0,0,0,0,0,0,0,0,1,1,0,0,0,0,0,0,0,0,0,0,0,0,0,0,1,0,0,0,0,0,0,0,1,0
0,0,0,0,0,1,1,0,1,0,0,0,0,0,0,0,0,0,0,0,0,0,0,0,0,0,0,0,0,0,1,1,0,0,0,0,0,0,0,0,0,0,1,1,0,0,0,0,1,0,0,1,0,0,0,0,0,0,0,0,0,0,0,0,0,0,0,0,0,0,0,0,0,0,0,0,0,0,0,0,0,0,0,0,0,0,0,0,0,0,0,0,0,0,0,0,0,0,0,0,0,0,0,0,0,0,0,0,0,0,0,0,0,0,0,0,0,0,0,0,0,0,0,0,0,0,0,0,0,0,0,0,0,0,0,0,0,0,0,0,0,0,0,0,0,0,0,0,0,0,0,0,0,0,0,0,0,0,0,0,0,0,0,0,0,0,0,0,0,0,0,0,0,0,0,0,0,0,0,0,0,0,0,0,0,0,0,0,0,0,0,0,0,0,0,0,0,0,0,0,0,0,0,0,0,0,0,0,0,0,0,0,0,0,0,0,0,0,0,0,0
0,1,0,1,0,1,1,0,0,1,0,0,0,0,0,1,1,1,1,0,0,1,1,1,0,1,1,0,1,0,1,0,1,1,0,0,0,0,1,1,1,1,0,1,1,1,1,1,1,0,0,1,0,1,1,0,0,1,1,1,1,1,0,1,1,1,0,1,1,0,1,0,1,0,0,1,0,0,0,1,0,0,0,1,0,0,0,1,1,1,1,1,0,0,0,0,1,1,1,1,1,1,0,0,1,1,1,0,0,1,1,1,1,1,1,1,1,1,1,1,0,1,0,1,0,1,0,1,1,0,1,1,0,0,0,1,1,1,1,1,0,0,1,1,1,1,1,1,0,0,0,0,0,1,0,1,0,0,0,1,1,1,0,1,0,1,0,0,1,0,1,0,0,1,0,1,1,1,0,1,1,1,0,0,0,0,1,0,0,1,0,1,0,0,0,1,1,1,1,0,0,1,0,0,0,0,0,1,1,0,0,1,1,0,1,0,1,0,0,1,1
0,0,0,0,0,1,1,0,1,0,0,0,0,0,0,0,0,0,0,0,0,0,0,0,0,0,0,0,0,0,1,1,0,0,0,1,0,0,0,1,0,0,1,1,0,0,0,0,1,0,0,1,0,0,0,0,0,0,0,0,0,0,0,0,0,0,0,0,0,0,0,0,0,0,0,0,0,0,0,0,0,0,0,0,0,0,0,0,0,0,0,0,0,0,0,0,0,0,0,0,0,0,0,0,0,0,0,0,0,0,0,0,0,0,0,0,0,0,0,0,0,0,0,0,0,0,0,0,0,0,0,0,0,0,0,0,0,0,0,0,0,0,0,0,0,0,0,0,0,0,0,0,0,0,0,0,0,0,0,0,0,0,0,0,0,0,0,0,0,0,0,0,0,0,0,0,0,0,0,0,0,0,0,0,0,0,0,0,0,0,0,0,0,0,0,0,0,0,0,0,0,0,0,0,0,1,0,0,0,0,0,0,0,0,0,0,0,0,0,0,0
0,0,0,0,0,1,1,0,1,0,0,0,0,0,0,0,0,0,0,0,0,0,0,0,0,0,0,0,0,0,1,1,0,0,0,0,0,0,0,1,0,0,1,1,0,0,0,0,1,0,0,1,0,0,0,0,0,0,0,0,0,0,0,0,0,0,0,0,0,0,0,0,0,0,0,0,0,0,0,0,0,0,0,0,0,0,0,0,0,0,0,0,0,0,0,0,0,0,0,0,0,0,0,0,0,0,0,0,0,0,0,0,0,0,0,0,0,0,0,0,0,0,0,0,0,0,0,0,0,0,0,0,0,0,0,0,0,0,0,0,0,0,0,0,0,0,0,0,0,0,0,0,0,0,0,0,0,0,0,0,0,0,0,0,0,1,0,0,0,0,0,0,0,0,0,0,0,0,0,0,0,0,0,0,0,0,1,0,0,1,0,0,0,0,0,0,0,0,0,0,0,0,0,0,0,0,0,0,0,0,0,0,0,0,0,0,0,0,0,0,0
0,0,0,0,0,1,1,0,1,0,0,0,0,0,0,0,0,0,0,0,0,0,0,0,0,0,0,0,0,0,1,1,0,0,0,0,0,0,0,0,0,0,1,1,0,0,0,0,1,0,0,1,0,0,0,0,0,0,0,0,0,0,0,0,0,0,0,0,0,0,0,0,0,0,0,0,0,0,0,0,0,0,0,0,0,0,0,0,0,0,0,0,0,0,0,0,0,0,0,0,0,0,0,0,0,0,0,0,0,0,0,0,0,0,0,0,0,0,0,0,0,0,0,0,0,0,0,0,0,0,0,0,0,0,0,0,0,0,0,0,0,0,0,0,0,0,0,0,0,0,0,0,0,0,0,0,0,0,0,0,0,0,0,0,0,0,0,0,0,0,0,0,0,0,0,0,0,0,0,0,0,0,0,0,0,0,0,0,0,0,0,0,0,0,0,0,0,0,0,0,0,0,0,0,0,0,0,0,0,0,0,0,0,0,0,0,0,0,0,0,0
0,0,0,0,0,1,1,1,0,0,0,0,0,0,0,0,0,0,0,0,0,0,0,0,0,0,0,0,0,0,1,0,0,0,0,0,0,0,1,1,0,0,1,1,0,0,0,0,1,0,0,1,0,1,1,0,0,1,1,0,0,0,0,0,0,0,0,0,0,0,0,0,0,0,0,1,0,0,0,0,0,0,0,1,0,0,0,0,1,0,0,0,0,0,0,0,0,1,0,1,0,0,0,0,0,0,0,0,0,0,0,0,1,1,0,1,1,1,1,0,0,0,0,0,0,0,0,1,1,0,0,0,0,0,0,0,0,0,0,0,0,0,0,1,0,0,1,1,0,0,0,0,0,1,0,0,0,0,0,0,0,0,0,1,0,1,0,0,1,0,0,0,0,1,0,1,0,0,0,0,1,0,0,0,0,0,1,1,0,1,0,0,0,0,0,0,0,0,0,0,0,0,0,0,0,0,0,0,0,0,0,0,0,0,0,0,0,0,0,0,0
0,1,0,1,0,1,1,1,0,0,1,1,1,1,1,0,0,1,1,0,0,0,0,0,0,0,1,0,0,0,1,0,0,0,0,0,1,0,1,1,0,1,0,1,0,0,0,1,0,0,0,1,0,0,0,0,0,0,0,0,0,0,1,0,0,0,0,0,0,0,0,1,0,1,0,0,0,1,0,0,1,0,0,0,0,1,0,0,1,0,0,0,0,0,0,1,0,0,0,0,0,0,0,0,0,0,0,1,1,0,0,1,0,0,0,0,0,0,1,0,1,0,0,0,0,0,0,0,0,0,0,0,1,1,0,0,0,0,1,0,0,1,0,0,0,0,0,1,0,0,0,0,0,0,0,0,0,1,0,0,1,0,0,1,0,0,0,0,0,0,0,1,1,0,0,0,1,0,0,0,0,0,0,1,1,0,0,0,1,0,0,0,1,0,1,1,1,0,0,0,0,0,0,1,0,0,1,0,0,1,0,0,0,0,0,0,0,1,0,0,0
0,1,0,1,0,1,1,1,0,0,1,1,1,1,1,0,0,1,1,0,0,0,0,0,0,0,0,0,0,0,1,0,0,0,0,0,1,1,1,1,0,1,0,1,0,0,0,1,0,0,0,1,0,0,0,0,0,0,0,0,0,0,1,0,0,0,0,0,0,0,0,1,0,1,0,0,0,1,0,0,1,0,0,0,0,1,0,0,0,0,0,0,0,0,0,1,0,0,0,0,0,0,0,0,0,0,0,1,1,0,0,1,0,0,0,0,0,0,0,0,1,0,0,0,0,0,0,0,0,0,0,0,1,1,0,0,0,0,1,0,0,1,0,0,0,0,0,1,0,0,0,0,0,0,0,0,0,1,0,0,0,0,0,0,0,0,0,0,0,0,0,1,1,0,0,0,1,0,0,0,0,0,0,1,1,0,0,0,1,0,0,0,1,0,1,1,1,0,0,0,0,0,0,1,0,0,1,0,0,1,0,0,0,0,0,0,0,1,0,0,0
0,1,0,1,0,1,1,1,0,0,1,1,1,1,1,0,0,0,0,0,0,0,0,0,0,0,0,0,0,0,1,0,0,0,0,0,1,0,1,1,0,1,0,1,0,0,0,1,0,0,0,1,0,0,0,0,0,0,0,0,0,0,1,0,0,0,0,0,0,0,0,1,0,1,0,0,0,1,0,0,1,0,0,0,0,1,0,0,0,0,0,0,0,0,0,1,0,0,0,0,0,0,0,0,0,0,0,1,1,0,0,1,0,0,0,0,0,0,0,0,1,0,0,0,0,0,0,0,0,0,0,0,1,1,0,0,0,0,1,0,0,1,0,0,0,0,0,1,0,0,0,0,0,0,0,0,0,1,0,0,0,0,0,0,0,0,0,0,0,0,0,1,1,0,0,0,1,0,0,0,0,0,0,1,1,0,0,0,1,0,0,0,1,0,1,1,1,0,0,0,0,0,0,1,0,0,1,0,0,1,0,0,0,0,0,0,0,1,0,0,0
0,1,0,1,0,1,1,1,0,0,1,1,1,1,1,0,0,1,1,0,0,0,0,0,0,0,1,0,0,0,1,0,0,0,0,0,1,0,1,1,0,1,0,1,0,0,0,1,1,0,0,1,0,1,1,0,0,1,1,0,0,0,1,0,0,0,0,0,1,0,0,1,0,1,0,1,0,1,0,0,1,0,0,1,0,1,0,0,1,0,1,0,0,0,0,1,1,1,0,1,0,0,0,0,0,0,0,1,1,0,0,1,1,1,0,1,1,1,1,0,1,0,0,1,1,0,0,1,1,0,0,0,1,1,0,1,1,0,1,1,0,1,0,1,0,1,1,1,0,0,0,1,0,1,0,0,0,1,0,1,1,0,0,1,0,1,0,0,1,0,0,1,0,1,0,1,1,1,1,0,1,1,0,1,1,0,1,0,1,1,0,0,1,0,1,1,1,0,0,0,0,0,0,1,0,0,1,0,0,1,0,0,0,0,0,0,0,1,0,0,0
0,1,0,1,0,1,1,1,0,0,1,1,1,1,1,0,0,1,1,0,0,0,0,0,0,0,1,0,0,0,1,0,0,0,0,0,1,0,1,1,0,1,0,1,0,0,0,1,0,0,0,1,0,1,1,0,0,0,0,0,0,0,1,0,0,0,0,0,0,0,0,1,0,1,0,1,0,1,0,0,1,0,0,1,0,1,0,0,1,0,0,0,0,0,0,1,1,0,0,1,0,0,0,0,0,0,0,1,1,0,0,1,0,0,0,1,1,0,1,0,1,0,0,0,0,0,0,0,0,0,0,0,1,1,0,1,0,0,1,0,0,1,0,1,0,0,0,1,0,0,0,0,0,0,0,0,0,1,0,0,1,0,0,1,0,0,0,0,0,0,0,1,0,0,0,0,1,1,0,0,1,0,0,1,1,0,0,0,1,0,0,0,1,0,1,1,1,0,0,0,0,0,0,1,0,0,1,0,0,1,0,0,0,0,0,0,0,1,0,0,0
0,1,0,1,0,1,1,1,0,0,1,1,1,1,1,0,0,1,1,0,0,0,0,0,0,0,1,0,0,0,1,0,0,0,0,0,1,0,1,1,0,1,0,1,0,0,0,1,0,0,0,1,0,1,1,0,0,0,0,0,0,0,1,0,0,0,0,0,0,0,0,1,0,1,0,1,0,1,0,0,1,0,0,1,0,1,0,0,1,0,0,0,0,0,0,1,1,0,0,1,0,0,0,0,0,0,0,1,1,0,0,1,0,0,0,1,1,0,1,0,1,0,0,0,0,0,0,0,0,0,0,0,1,1,0,1,0,0,1,0,0,1,0,1,0,0,0,1,0,0,0,0,0,0,0,0,0,1,0,0,1,0,0,1,0,0,0,0,0,0,0,1,0,0,0,0,1,1,0,0,1,0,0,1,1,0,0,0,1,0,0,0,1,0,1,1,1,0,0,0,0,0,0,1,0,0,1,0,0,1,0,0,0,0,0,0,0,1,0,0,0
0,1,0,1,0,1,1,1,0,0,1,1,1,1,1,0,0,1,1,0,0,0,0,0,0,0,1,0,0,0,1,0,0,0,0,0,1,0,1,1,0,1,0,1,0,0,0,1,1,0,0,1,0,1,1,0,0,1,1,0,0,0,1,0,0,0,0,0,1,0,0,1,0,1,0,1,0,1,0,0,1,0,0,1,0,1,0,0,1,0,1,0,0,0,0,1,1,1,0,1,0,0,0,0,0,0,0,1,1,0,0,1,1,1,0,1,1,1,1,0,1,0,0,1,0,0,0,1,1,0,0,0,1,1,0,1,1,0,1,1,0,1,0,1,0,1,1,1,0,0,0,0,0,1,0,0,0,1,0,1,1,0,0,1,0,1,0,0,1,0,0,1,0,1,0,1,1,1,0,0,1,1,0,1,1,0,1,1,1,1,0,0,1,0,1,1,1,0,0,0,0,0,0,1,0,0,1,0,0,1,0,0,0,0,0,0,0,1,0,0,0
0,1,0,1,0,1,1,1,0,0,1,1,1,1,1,0,0,1,1,0,0,0,0,0,0,0,1,0,0,0,1,0,0,0,0,0,1,0,1,1,0,1,0,1,0,0,0,1,0,0,0,1,0,1,1,0,0,0,0,0,0,0,1,0,0,0,0,0,0,0,0,1,0,1,0,1,0,1,0,0,1,0,0,1,0,1,0,0,1,0,0,0,0,0,0,1,1,0,0,1,0,0,0,0,0,0,0,1,1,0,0,1,0,0,0,1,1,0,1,0,1,0,0,0,0,0,0,0,0,0,0,0,1,1,0,1,0,0,1,0,0,1,0,1,0,0,0,1,0,0,0,0,0,0,0,0,0,1,0,0,1,0,0,1,0,0,0,0,0,0,0,1,0,0,0,0,1,1,0,0,1,0,0,1,1,0,0,0,1,0,0,0,1,0,1,1,1,0,0,0,0,0,0,1,0,0,1,0,0,1,0,0,0,0,0,0,0,1,0,0,0
0,1,0,1,0,1,1,1,0,0,1,1,1,1,1,0,0,1,1,0,0,0,0,0,0,0,1,0,0,0,1,0,0,0,0,0,1,0,1,1,0,1,0,1,0,0,0,1,0,0,0,1,0,1,1,0,0,0,0,0,0,0,1,0,0,0,0,0,0,0,0,1,0,1,0,1,0,1,0,0,1,0,0,1,0,1,0,0,1,0,0,0,0,0,0,1,1,0,0,1,0,0,0,0,0,0,0,1,1,0,0,1,0,0,0,1,1,0,1,0,1,0,0,0,0,0,0,0,0,0,0,0,1,1,0,1,0,0,1,0,0,1,0,1,0,0,0,1,0,0,0,0,0,0,0,0,0,1,0,0,1,0,0,1,0,0,0,0,0,0,0,1,0,0,0,0,1,1,0,0,1,0,0,1,1,0,0,0,1,0,0,0,1,0,1,1,1,0,0,0,0,0,0,1,0,0,1,0,0,1,0,0,0,0,0,0,0,1,0,0,0
0,1,0,1,0,1,1,1,0,0,1,1,1,1,1,0,0,1,1,0,0,0,0,0,0,0,1,0,0,0,1,0,0,0,0,0,1,0,1,1,0,1,0,1,0,0,0,1,0,0,0,1,0,1,1,0,0,0,0,0,0,0,1,0,0,0,0,0,0,0,0,1,0,1,0,1,0,1,0,0,1,0,0,1,0,1,0,0,1,0,0,0,0,0,0,1,1,0,0,1,0,0,0,0,0,0,0,1,1,0,0,1,0,0,0,1,1,0,1,0,1,0,0,0,0,0,0,0,0,0,0,0,1,1,0,1,0,0,1,0,0,1,0,1,0,0,0,1,0,0,0,0,0,0,0,0,0,1,0,0,1,0,0,1,0,0,0,0,0,0,0,1,0,0,0,0,1,1,0,0,1,0,0,1,1,0,0,0,1,0,0,0,1,0,1,1,1,0,0,0,0,0,0,1,0,0,1,0,0,1,0,0,0,0,0,0,0,1,0,0,0
0,1,0,1,0,1,1,1,0,0,1,1,1,1,1,0,0,1,1,0,0,0,0,0,0,0,1,0,0,0,1,0,0,0,0,0,1,0,1,1,0,1,0,1,0,0,0,1,0,0,0,1,0,1,1,0,0,0,0,0,0,0,1,0,0,0,0,0,0,0,0,1,0,1,0,1,0,1,0,0,1,0,0,1,0,1,0,0,1,0,0,0,0,0,0,1,1,0,0,1,0,0,0,0,0,0,0,1,1,0,0,1,0,0,0,1,1,0,1,0,1,0,0,0,0,0,0,0,0,0,0,0,1,1,0,1,0,0,1,0,0,1,0,1,0,0,0,1,0,0,0,0,0,0,0,0,0,1,0,0,1,0,0,1,0,0,0,0,0,0,0,1,0,0,0,0,1,1,0,0,1,0,0,1,1,0,0,0,1,0,0,0,1,0,1,1,1,0,0,0,0,0,0,1,0,0,1,0,0,1,0,0,0,0,0,0,0,1,0,0,0
0,1,0,1,0,1,1,1,0,0,1,1,1,1,1,0,0,1,1,0,0,0,0,0,0,0,1,0,0,0,1,0,0,0,0,0,1,0,1,1,0,1,0,1,0,0,0,1,0,0,0,1,0,1,1,0,0,0,0,0,0,0,1,0,0,0,0,0,0,0,0,1,0,1,0,1,0,1,0,0,1,0,0,1,0,1,0,0,1,0,0,0,0,0,0,1,1,0,0,1,0,0,0,0,0,0,0,1,1,0,0,1,0,0,0,1,1,0,1,0,1,0,0,0,0,0,0,0,0,0,0,0,1,1,0,1,0,0,1,0,0,1,0,1,0,0,0,1,0,0,0,0,0,0,0,0,0,1,0,0,1,0,0,1,0,0,0,0,0,0,0,1,0,0,0,0,1,1,0,0,1,0,0,1,1,0,0,0,1,0,0,0,1,0,1,1,1,0,0,0,0,0,0,1,0,0,1,0,0,1,0,0,0,0,0,0,0,1,0,0,0
0,1,0,1,0,1,1,1,0,1,1,1,1,1,1,0,0,1,1,0,0,0,0,0,0,0,1,0,0,0,1,0,1,0,0,0,1,0,1,1,1,1,0,1,0,0,1,1,0,0,0,1,0,1,1,0,0,0,0,0,0,0,1,0,0,0,0,0,0,0,0,1,0,1,0,1,0,1,0,0,1,0,0,1,0,1,0,0,1,0,0,0,0,0,0,1,1,0,1,1,1,0,0,0,0,0,0,1,1,0,0,1,0,0,0,1,1,0,1,1,1,0,0,0,0,0,0,0,0,0,0,0,1,1,0,1,0,1,1,0,0,1,1,1,0,0,0,1,0,0,0,0,0,0,0,0,0,1,0,0,1,0,0,1,0,0,0,0,0,0,0,1,0,0,0,0,1,1,0,0,1,0,0,1,1,0,0,0,1,0,0,0,1,0,1,1,1,0,0,0,0,0,0,1,0,0,1,0,0,1,0,0,0,0,0,0,0,1,0,0,0
0,1,0,1,0,1,1,1,0,0,1,1,1,1,1,0,0,1,1,0,0,0,0,0,0,0,1,0,0,0,1,0,0,0,0,0,1,0,1,1,0,1,0,1,0,0,0,1,0,0,0,1,0,1,1,0,0,0,0,0,0,0,1,0,0,0,0,0,0,0,0,1,0,1,0,1,0,1,0,0,1,0,0,1,0,1,0,0,1,0,0,0,0,0,0,1,1,0,0,1,0,0,0,0,0,0,0,1,1,0,0,1,0,0,0,1,1,0,1,0,1,0,0,0,0,0,0,0,0,0,0,0,1,1,0,1,0,0,1,0,0,1,0,1,0,0,0,1,0,0,0,0,0,0,0,0,0,1,0,0,1,0,0,1,0,0,0,0,0,0,0,1,0,0,0,0,1,1,0,0,1,0,0,1,1,0,0,0,1,0,0,0,1,0,1,1,1,0,0,0,0,0,0,1,0,0,1,0,0,1,0,0,0,0,0,0,0,1,0,0,0
1,1,0,1,1,1,1,0,0,0,1,0,1,1,0,1,1,1,1,0,0,1,0,0,0,1,1,0,1,0,1,0,0,0,0,0,0,0,1,1,0,1,1,1,1,1,0,1,1,0,0,1,1,1,1,1,0,1,1,0,1,1,1,0,0,1,1,1,1,0,1,1,1,0,0,1,1,1,0,1,1,0,0,1,1,1,0,1,1,1,1,1,1,1,0,1,1,1,0,1,0,1,1,1,1,0,1,1,0,1,1,1,1,1,0,1,1,1,1,0,1,1,1,1,0,0,1,1,1,0,1,0,1,0,0,1,1,0,0,1,1,1,0,1,0,1,1,1,1,0,1,0,0,1,1,0,0,1,0,1,1,0,1,1,1,1,0,0,1,0,0,1,1,1,1,1,1,1,0,0,1,1,0,1,1,1,1,0,1,1,0,0,1,0,1,1,0,0,0,0,0,0,0,1,0,0,0,1,0,0,0,0,0,0,1,0,0,0,0,0,0
1,1,1,1,1,1,1,0,0,0,1,0,1,1,0,1,1,1,1,0,0,1,0,0,0,1,1,0,1,0,1,0,0,0,0,0,0,0,1,1,0,1,1,1,1,1,0,1,1,0,0,1,1,1,1,1,0,1,1,0,1,1,1,0,0,1,1,1,1,0,1,1,1,0,0,1,1,1,0,1,1,0,0,1,1,1,0,1,1,1,1,1,1,1,0,1,1,1,0,1,0,1,1,1,1,0,1,1,0,1,1,1,1,1,0,1,1,1,1,0,1,1,1,1,0,0,1,1,1,0,1,0,1,0,0,1,1,0,0,1,1,1,0,1,0,1,1,1,1,0,1,0,0,1,1,0,0,1,0,1,1,0,1,1,1,1,0,0,1,0,0,1,1,1,1,1,1,1,0,0,1,1,0,1,1,1,1,0,1,1,0,0,1,0,1,1,0,0,0,0,0,0,0,1,0,0,0,1,0,0,0,0,0,0,1,0,0,0,0,0,0
0,1,0,1,0,0,0,0,0,0,0,0,0,0,0,1,1,1,1,1,1,1,0,1,0,1,1,1,1,0,0,0,0,1,0,0,0,0,1,0,0,1,0,0,1,1,0,1,0,1,1,0,0,1,1,0,0,0,0,1,1,1,0,1,1,1,0,1,0,0,1,0,1,0,1,1,0,0,0,1,0,1,1,1,0,0,0,1,1,1,0,1,0,0,1,0,1,0,0,1,0,1,0,1,1,1,1,0,0,1,1,1,0,0,0,1,1,0,1,0,0,1,0,0,0,0,1,0,0,0,1,1,0,0,0,1,0,0,1,0,0,0,0,1,1,0,0,1,1,0,0,0,0,0,0,1,0,0,0,0,1,0,0,1,0,0,0,0,0,0,0,0,0,0,0,0,1,1,0,0,1,0,0,0,0,0,0,0,0,0,0,0,0,0,0,1,1,0,0,0,0,0,0,0,0,0,0,0,0,0,0,1,0,0,0,0,0,0,0,1,0
1,1,1,1,1,1,0,0,1,0,0,0,0,0,0,1,1,1,1,0,0,1,1,1,1,1,1,0,0,0,1,1,0,1,0,0,1,0,1,1,0,1,0,1,1,1,0,1,1,0,0,1,1,1,1,0,0,1,1,1,1,1,0,1,1,1,0,1,1,0,1,0,1,0,0,1,0,0,0,1,0,0,0,1,0,0,0,1,1,1,1,1,0,0,0,0,1,1,0,1,0,1,0,0,1,1,1,0,0,1,1,1,1,1,0,1,1,1,1,0,0,1,1,1,0,0,0,1,1,0,1,1,0,0,0,1,1,0,1,1,0,0,0,1,1,1,1,1,0,0,0,0,0,1,0,1,0,0,0,1,1,0,0,1,1,1,0,0,1,0,1,0,0,1,1,1,1,1,0,0,1,1,0,0,0,0,1,1,0,1,0,0,0,0,0,1,1,1,1,0,0,0,0,0,0,0,0,0,1,0,0,1,0,0,0,1,1,0,0,1,0
0,1,0,0,0,1,1,0,0,0,1,1,0,0,1,0,0,1,1,0,0,0,0,0,0,0,1,0,0,0,1,0,0,1,0,1,1,0,1,1,0,0,0,1,0,0,0,0,0,0,0,1,0,1,1,0,1,1,1,0,0,0,0,1,1,0,0,0,1,0,0,1,0,0,0,1,0,0,0,0,0,0,0,1,0,1,1,0,1,0,1,0,0,0,0,0,1,1,0,1,0,0,0,0,0,0,0,0,0,0,0,0,1,1,0,1,1,1,1,0,0,0,0,1,0,0,0,1,1,0,0,0,0,0,0,1,1,0,0,1,0,0,0,1,0,1,1,1,0,1,0,0,0,1,0,0,1,0,0,1,1,0,0,1,0,1,0,0,1,0,1,1,0,1,0,1,0,1,0,0,1,1,0,0,0,0,1,0,0,1,0,0,0,0,0,1,1,1,1,0,0,0,0,0,0,1,1,1,1,1,0,0,0,0,1,0,1,1,0,0,0
1,1,0,1,1,1,1,1,0,0,1,0,1,1,0,0,0,0,0,0,0,0,0,0,0,1,1,0,0,0,1,0,0,1,1,0,0,1,1,1,0,1,0,1,0,1,0,1,1,1,1,1,1,1,0,1,0,1,1,0,0,1,1,1,1,1,1,1,1,0,1,1,0,0,1,0,1,1,0,1,1,1,1,1,1,1,0,1,1,1,1,1,1,1,1,0,1,1,0,1,0,1,1,1,0,1,0,1,1,0,1,1,1,1,0,0,1,1,1,0,0,0,1,1,0,0,1,1,1,0,0,0,1,0,0,0,1,0,0,1,1,0,0,0,0,1,1,1,1,0,0,0,0,1,0,0,0,0,0,1,1,0,0,1,1,1,0,0,1,0,1,1,1,1,1,1,1,0,0,0,0,1,0,0,0,1,1,0,1,1,0,1,1,0,0,0,0,0,0,0,0,1,0,0,0,0,0,1,0,0,0,0,0,0,1,0,0,0,0,0,0
0,1,0,0,0,1,1,0,0,0,1,1,0,0,1,0,0,1,1,0,0,0,0,0,0,0,1,0,0,0,1,0,0,1,0,1,1,0,1,1,0,0,0,1,0,0,0,0,0,0,0,1,0,1,1,0,1,1,1,0,0,0,0,1,1,0,0,0,1,0,0,1,0,0,0,1,0,0,0,0,0,0,0,1,0,1,1,0,1,0,1,0,0,0,0,0,1,1,0,1,0,0,0,0,0,0,0,0,0,0,0,0,1,1,0,1,1,1,1,0,0,0,0,1,0,0,0,1,1,0,0,0,0,0,0,1,1,0,0,1,0,0,0,1,0,1,1,1,0,1,0,0,0,1,0,0,1,0,0,1,1,0,0,1,0,1,0,0,1,0,1,1,0,1,0,1,0,1,0,0,1,1,0,0,0,0,1,0,0,1,0,0,0,0,0,1,1,1,1,0,0,0,0,0,0,1,1,1,1,1,0,0,0,0,1,0,1,1,0,0,0
1,1,0,1,1,1,1,0,0,0,1,0,1,1,0,0,0,0,0,0,0,0,0,0,0,1,0,0,0,0,1,0,0,1,1,0,0,1,1,0,0,1,0,1,0,1,0,1,0,1,1,1,1,1,0,1,0,0,0,0,0,1,1,1,1,1,1,1,0,0,1,1,0,0,1,0,1,1,0,1,1,1,1,1,1,1,0,1,0,1,0,1,1,1,1,0,1,0,0,1,0,1,1,1,0,1,0,1,1,0,1,1,0,0,0,0,1,0,0,0,0,0,1,0,0,0,1,0,0,0,0,0,1,0,0,0,0,0,0,0,1,0,0,0,0,0,0,0,1,0,0,0,0,0,0,0,0,0,0,0,0,0,0,0,1,0,0,0,0,0,1,1,1,0,1,0,1,0,0,0,0,0,0,0,0,1,0,0,1,0,0,0,1,0,0,0,0,0,0,0,0,0,0,0,0,0,0,0,0,0,0,0,0,0,0,0,0,0,0,0,0
1,1,0,1,1,1,1,0,0,0,1,0,1,1,0,0,0,0,0,0,0,0,0,0,0,1,1,0,0,0,1,0,0,1,1,0,0,0,0,0,0,1,0,1,0,1,0,1,0,1,1,1,1,1,0,1,0,0,0,0,0,1,1,1,1,1,1,1,0,0,1,1,0,0,1,0,1,1,0,1,1,1,1,1,1,1,0,1,1,1,0,1,1,1,1,0,1,0,0,1,0,1,1,1,0,1,0,1,1,0,1,1,0,0,0,0,1,0,1,0,0,0,1,0,0,0,1,0,0,0,0,0,1,0,0,0,0,0,0,0,1,0,0,0,0,0,0,1,1,0,0,0,0,0,0,0,0,0,0,0,1,0,0,1,1,0,0,0,0,0,1,1,1,0,1,0,1,0,0,0,0,0,0,0,0,1,0,0,1,0,0,0,1,0,0,0,0,0,0,0,0,0,0,0,0,0,0,0,0,0,0,0,0,0,0,0,0,0,0,0,0
1,1,0,1,1,1,1,1,0,0,1,0,1,1,0,0,0,1,1,0,0,0,0,0,0,1,1,0,1,0,1,0,0,1,1,0,0,0,0,1,0,1,0,1,0,1,0,1,1,1,1,1,1,1,0,1,0,1,1,0,0,1,1,1,1,1,1,1,1,0,1,1,0,0,1,0,1,1,0,1,1,1,1,1,1,1,0,1,1,1,1,1,1,1,1,0,1,1,0,1,0,1,1,1,0,1,0,1,1,0,1,1,1,1,0,0,1,1,1,0,0,0,1,1,0,0,1,1,1,0,0,0,1,0,0,0,1,0,0,1,1,0,0,0,0,1,1,1,1,0,0,0,0,1,0,0,0,0,0,1,1,0,0,1,1,1,0,0,1,0,1,1,1,1,1,1,1,0,0,0,0,1,0,0,0,1,1,0,1,1,0,1,1,0,0,0,0,0,0,0,0,1,0,0,0,0,0,1,0,0,0,0,0,0,1,0,0,0,0,0,0
0,1,0,1,1,1,1,1,0,0,1,0,1,1,0,0,0,0,0,0,0,0,0,0,0,1,0,0,0,0,1,0,0,1,1,0,0,1,1,0,0,1,1,1,0,1,0,1,1,1,1,1,1,1,0,1,0,0,0,0,0,1,1,1,1,1,1,1,1,0,1,1,0,0,1,0,1,1,0,1,1,1,1,1,1,1,0,1,0,1,0,1,1,1,1,0,1,0,0,1,0,1,1,1,0,1,0,1,1,0,1,1,0,0,0,0,1,0,0,0,0,0,1,0,1,0,1,0,0,0,0,0,1,0,0,0,0,0,0,0,1,0,0,0,0,0,0,0,1,0,0,1,0,0,0,0,0,0,0,0,0,0,0,0,1,0,0,0,0,0,1,1,1,0,1,0,1,0,1,0,0,0,0,0,0,1,0,0,1,0,0,0,1,0,0,0,0,0,0,0,0,0,0,0,0,0,0,0,0,0,0,0,0,0,0,0,0,0,0,0,0
0,1,0,1,1,1,1,1,0,0,1,0,1,1,0,0,0,0,0,0,0,0,0,0,0,1,1,0,0,0,1,0,0,1,1,0,0,0,0,0,0,1,1,1,0,1,0,1,1,1,1,1,1,1,0,1,0,0,0,0,0,1,1,1,1,1,1,1,1,0,1,1,0,0,1,0,1,1,0,1,1,1,1,1,1,1,0,1,1,1,0,1,1,1,1,0,1,0,0,1,0,1,1,1,0,1,0,1,1,0,1,1,0,0,0,0,1,0,1,0,0,0,1,0,1,0,1,0,0,0,0,0,1,0,0,0,0,0,0,0,1,0,0,0,0,0,0,1,1,0,0,1,0,0,0,0,0,0,0,0,1,0,0,1,1,0,0,0,0,0,1,1,1,0,1,0,1,0,1,0,0,0,0,0,0,1,0,0,1,0,0,0,1,0,0,0,0,0,0,0,0,0,0,0,0,0,0,0,0,0,0,0,0,0,0,0,0,0,0,0,0
1,1,0,1,1,1,1,0,0,0,1,0,1,1,0,0,0,0,0,0,0,0,0,0,0,1,0,0,0,0,1,0,0,1,1,0,0,1,1,0,0,1,0,1,0,1,0,1,0,1,1,1,1,1,0,1,0,0,0,0,0,1,1,1,1,1,1,1,0,0,1,1,0,0,1,0,1,1,0,1,1,1,1,1,1,1,0,1,0,1,0,1,1,1,1,0,1,0,0,1,0,1,1,1,0,1,0,1,1,0,1,1,0,0,0,0,1,0,0,0,0,0,1,0,0,0,1,0,0,0,0,0,1,0,0,0,0,0,0,0,1,0,0,0,0,0,0,0,1,0,0,0,0,0,0,0,0,0,0,0,0,0,0,0,1,0,0,0,0,0,1,1,1,0,1,0,1,0,0,0,0,0,0,0,0,1,0,0,1,0,0,0,1,0,0,0,0,0,0,0,0,0,0,0,0,0,0,0,0,0,0,0,0,0,0,0,0,0,0,0,0
1,1,0,1,1,1,1,1,0,0,1,0,1,1,0,0,0,0,0,0,0,0,0,0,0,1,1,0,0,0,1,0,0,1,1,0,0,1,1,1,0,1,0,1,0,1,0,1,1,1,1,1,1,1,0,1,0,1,1,0,0,1,1,1,1,1,1,1,1,0,1,1,0,0,1,0,1,1,0,1,1,1,1,1,1,1,0,1,1,1,1,1,1,1,1,0,1,1,0,1,0,1,1,1,0,1,0,1,1,0,1,1,1,1,0,0,1,1,1,0,0,0,1,1,0,0,1,1,1,0,0,0,1,0,0,0,1,0,0,1,1,0,0,0,0,1,1,1,1,0,0,0,0,1,0,0,0,0,0,1,1,0,0,1,1,1,0,0,1,0,1,1,1,1,1,1,1,0,0,0,0,1,0,0,0,1,1,0,1,1,0,1,1,0,0,0,0,0,0,0,0,1,0,0,0,0,0,1,0,0,0,0,0,0,1,0,0,0,0,0,0
1,1,0,1,1,1,1,0,0,0,1,0,1,1,0,0,0,0,0,0,0,0,0,0,0,1,1,0,0,0,1,0,0,1,1,0,0,0,0,0,0,1,0,1,0,1,0,1,0,1,1,1,1,1,0,1,0,0,0,0,0,1,1,1,1,1,1,1,0,0,1,1,0,0,1,0,1,1,0,1,1,1,1,1,1,1,0,1,1,1,0,1,1,1,1,0,1,0,0,1,0,1,1,1,0,1,0,1,1,0,1,1,0,0,0,0,1,0,1,0,0,0,1,0,0,0,1,0,0,0,0,0,1,0,0,0,0,0,0,0,1,0,0,0,0,0,0,1,1,0,0,0,0,0,0,0,0,0,0,0,1,0,0,1,1,0,0,0,0,0,1,1,1,0,1,0,1,0,0,0,0,0,0,0,0,1,0,0,1,0,0,0,1,0,0,0,0,0,0,0,0,0,0,0,0,0,0,0,0,0,0,0,0,0,0,0,0,0,0,0,0
1,1,0,1,1,1,1,1,0,0,1,0,1,1,0,0,0,1,1,0,0,0,0,0,0,1,1,0,1,0,1,0,0,1,1,0,0,0,0,1,0,1,0,1,0,1,0,1,1,1,1,1,1,1,0,1,0,1,1,0,0,1,1,1,1,1,1,1,1,0,1,1,0,0,1,0,1,1,0,1,1,1,1,1,1,1,0,1,1,1,1,1,1,1,1,0,1,1,0,1,0,1,1,1,0,1,0,1,1,0,1,1,1,1,0,0,1,1,1,0,0,0,1,1,0,0,1,1,1,0,0,0,1,0,0,0,1,0,0,1,1,0,0,0,0,1,1,1,1,0,0,0,0,1,0,0,0,0,0,1,1,0,0,1,1,1,0,0,1,0,1,1,1,1,1,1,1,0,0,0,0,1,0,0,0,1,1,0,1,1,0,1,1,0,0,0,0,0,0,0,0,1,0,0,0,0,0,1,0,0,0,0,0,0,1,0,0,0,0,0,0
0,1,0,0,0,1,1,0,0,0,1,1,0,0,0,1,1,1,1,0,0,1,0,0,0,1,1,0,1,0,1,0,0,0,0,0,0,0,0,1,0,1,0,1,0,1,0,1,1,1,1,1,0,1,0,0,0,1,1,0,0,1,1,0,0,1,1,1,1,0,1,1,0,1,1,0,0,0,0,1,1,1,1,1,0,0,0,1,1,1,1,1,0,0,1,1,1,1,0,1,0,1,0,1,1,0,1,1,0,1,1,1,1,1,1,1,1,1,1,0,1,1,0,1,0,1,0,1,1,0,1,1,1,0,0,1,1,0,0,1,0,1,0,1,0,1,1,1,0,0,0,0,0,1,0,0,0,1,0,1,1,1,0,1,0,1,0,0,1,0,0,0,0,1,0,1,1,1,0,1,1,1,0,1,1,0,1,0,1,1,0,0,1,1,0,1,0,1,1,0,0,0,0,1,1,0,1,1,1,1,0,0,1,0,1,0,1,1,0,0,1
0,1,0,0,0,1,1,0,0,0,1,1,0,0,0,1,1,1,1,0,0,1,0,0,0,1,1,0,1,0,1,0,0,0,0,0,0,0,0,1,0,1,0,1,0,1,0,1,1,1,1,1,0,1,0,0,0,1,1,0,0,1,1,0,0,1,1,1,1,0,1,1,0,1,1,0,0,0,0,1,1,1,1,1,0,0,0,1,1,1,1,1,0,0,1,1,1,1,0,1,0,1,0,1,1,0,1,1,0,1,1,1,1,1,1,1,1,1,1,0,1,1,0,1,0,1,0,1,1,0,1,1,1,0,0,1,1,0,0,1,0,1,0,1,0,1,1,1,0,0,0,0,0,1,0,0,0,1,0,1,1,1,0,1,0,1,0,0,1,0,0,0,0,1,0,1,1,1,0,1,1,1,0,1,1,0,1,0,1,1,0,0,1,1,0,1,0,1,1,0,0,0,0,1,1,0,1,1,1,1,0,0,1,0,1,0,1,1,0,0,1
0,1,0,0,0,1,1,0,0,0,1,1,0,0,0,1,1,1,1,0,0,1,0,0,0,1,1,0,1,0,1,0,0,0,0,0,0,0,0,1,0,1,0,1,0,1,0,1,1,1,1,1,0,1,0,0,0,1,1,0,0,1,1,0,0,1,1,1,1,0,1,1,0,1,1,0,0,0,0,1,1,1,1,1,0,0,0,1,1,1,1,1,0,0,1,1,1,1,0,1,0,1,0,1,1,0,1,1,0,1,1,1,1,1,1,1,1,1,1,0,1,1,0,1,0,1,0,1,1,0,1,1,1,0,0,1,1,0,0,1,0,1,0,1,0,1,1,1,0,0,0,0,0,1,0,0,0,1,0,1,1,1,0,1,0,1,0,0,1,0,0,0,0,1,0,1,1,1,0,1,1,1,0,1,1,0,1,0,1,1,0,0,1,1,0,1,0,1,1,0,0,0,0,1,1,0,1,1,1,1,0,0,1,0,1,0,1,1,0,0,1
0,1,0,0,0,1,1,0,0,0,1,1,0,0,0,1,1,1,1,0,0,1,0,0,0,1,1,0,1,0,1,0,0,0,0,0,0,0,0,1,0,1,0,1,0,1,0,1,1,1,1,1,0,1,0,0,0,1,1,0,0,1,1,0,0,1,1,1,1,0,1,1,0,1,1,0,0,0,0,1,1,1,1,1,0,0,0,1,1,1,1,1,0,0,1,1,1,1,0,1,0,1,0,1,1,0,1,1,0,1,1,1,1,1,1,1,1,1,1,0,1,1,0,1,0,1,0,1,1,0,1,1,1,0,0,1,1,0,0,1,0,1,0,1,0,1,1,1,0,0,0,0,0,1,0,0,0,1,0,1,1,1,0,1,0,1,0,0,1,0,0,0,0,1,0,1,1,1,0,1,1,1,0,1,1,0,1,0,1,1,0,0,1,1,0,1,0,1,1,0,0,0,0,1,1,0,1,1,1,1,0,0,1,0,1,0,1,1,0,0,1
0,1,0,0,0,1,1,0,0,0,1,1,0,0,0,1,1,1,1,0,0,1,0,0,0,1,1,0,1,0,1,0,0,0,0,0,0,0,0,1,0,1,0,1,0,1,0,1,1,1,1,1,0,1,0,0,0,1,1,0,0,1,1,0,0,1,1,1,1,0,1,1,0,1,1,0,0,0,0,1,1,1,1,1,0,0,0,1,1,1,1,1,0,0,1,1,1,1,0,1,0,1,0,1,1,0,1,1,0,1,1,1,1,1,1,1,1,1,1,0,1,1,0,1,0,1,0,1,1,0,1,1,1,0,0,1,1,0,0,1,0,1,0,1,0,1,1,1,0,0,0,0,0,1,0,0,0,1,0,1,1,1,0,1,0,1,0,0,1,0,0,0,0,1,0,1,1,1,0,1,1,1,0,1,1,0,1,0,1,1,0,0,1,1,0,1,0,1,1,0,0,0,0,1,1,0,1,1,1,1,0,0,1,0,1,0,1,1,0,0,1
0,1,0,0,0,1,1,0,0,0,1,1,0,0,0,1,1,1,1,0,0,1,0,0,0,1,1,0,1,0,1,0,0,0,0,0,0,0,0,1,0,1,0,1,0,1,0,1,1,1,1,1,0,1,0,0,0,1,1,0,0,1,1,0,0,1,1,1,1,0,1,1,0,1,1,0,0,0,0,1,1,1,1,1,0,0,0,1,1,1,1,1,0,0,1,1,1,1,0,1,0,1,0,1,1,0,1,1,0,1,1,1,1,1,1,1,1,1,1,0,1,1,0,1,0,1,0,1,1,0,1,1,1,0,0,1,1,0,0,1,0,1,0,1,0,1,1,1,0,0,0,0,0,1,0,0,0,1,0,1,1,1,0,1,0,1,0,0,1,0,0,0,0,1,0,1,1,1,0,1,1,1,0,1,1,0,1,0,1,1,0,0,1,1,0,1,1,1,1,0,0,0,0,1,1,0,1,1,1,1,0,0,1,0,1,1,1,1,0,0,1
0,1,0,0,0,1,1,0,0,0,1,1,0,0,0,1,1,1,1,0,0,1,0,0,0,1,1,0,1,0,1,0,0,0,0,0,0,0,0,1,0,1,0,1,0,1,0,1,1,1,1,1,0,1,0,0,0,1,1,0,0,1,1,0,0,1,1,1,1,0,1,1,0,1,1,0,0,0,0,1,1,1,1,1,0,0,0,1,1,1,1,1,0,0,1,1,1,1,0,1,0,1,0,1,1,0,1,1,0,1,1,1,1,1,1,1,1,1,1,0,1,1,0,1,0,1,0,1,1,0,1,1,1,0,0,1,1,0,0,1,0,1,0,1,0,1,1,1,0,0,0,0,0,1,0,0,0,1,0,1,1,1,0,1,0,1,0,0,1,0,0,0,0,1,0,1,1,1,0,1,1,1,0,1,1,0,1,0,1,1,0,0,1,1,0,1,0,1,1,0,0,0,0,1,1,0,1,1,1,1,0,0,1,1,1,0,1,1,0,0,1
0,1,0,0,0,1,1,0,0,0,1,1,0,0,0,1,1,1,1,0,0,1,0,0,0,1,1,0,1,0,1,0,0,0,0,0,0,0,0,1,0,1,0,1,0,1,0,1,1,1,1,1,0,1,0,0,0,1,1,0,0,1,1,0,0,1,1,1,1,0,1,1,0,1,1,0,0,0,0,1,1,1,1,1,0,0,0,1,1,1,1,1,0,0,1,1,1,1,0,1,0,1,0,1,1,0,1,1,0,1,1,1,1,1,1,1,1,1,1,0,1,1,0,1,0,1,0,1,1,0,1,1,1,0,0,1,1,0,0,1,0,1,0,1,0,1,1,1,0,0,0,0,0,1,0,0,0,1,0,1,1,1,0,1,0,1,0,0,1,0,0,0,0,1,0,1,1,1,0,1,1,1,0,1,1,0,1,0,1,1,0,0,1,1,0,1,0,1,1,0,0,0,0,1,1,0,1,1,1,1,0,0,1,0,1,0,1,1,0,0,1
0,1,0,0,0,1,1,0,0,0,1,1,0,0,0,1,1,1,1,0,0,1,0,0,0,1,1,0,1,0,1,0,0,0,0,0,0,0,0,1,0,1,0,1,0,1,0,1,1,1,1,1,0,1,0,0,0,1,1,0,0,1,1,0,0,1,1,1,1,0,1,1,0,1,1,0,0,0,0,1,1,1,1,1,0,0,0,1,1,1,1,1,0,0,1,1,1,1,0,1,0,1,0,1,1,0,1,1,0,1,1,1,1,1,1,1,1,1,1,0,1,1,0,1,0,1,0,1,1,0,1,1,1,0,0,1,1,0,0,1,0,1,0,1,0,1,1,1,0,0,0,0,0,1,0,0,0,1,0,1,1,1,0,1,0,1,0,0,1,0,0,0,0,1,0,1,1,1,0,1,1,1,0,1,1,0,1,0,1,1,0,0,1,1,0,1,0,1,1,0,0,0,0,1,1,0,1,1,1,1,0,0,1,0,1,0,1,1,0,0,1
0,1,0,0,0,1,1,0,0,0,1,1,0,0,0,1,1,1,1,0,0,1,0,0,0,1,1,0,1,0,1,0,0,0,0,0,0,0,0,1,0,1,0,1,0,1,0,1,1,1,1,1,0,1,0,0,0,1,1,0,0,1,1,0,0,1,1,1,1,0,1,1,0,1,1,0,0,0,0,1,1,1,1,1,0,0,0,1,1,1,1,1,0,0,1,1,1,1,0,1,0,1,0,1,1,0,1,1,0,1,1,1,1,1,1,1,1,1,1,0,1,1,0,1,0,1,0,1,1,0,1,1,1,0,0,1,1,0,0,1,0,1,0,1,0,1,1,1,0,0,0,0,0,1,0,0,0,1,0,1,1,1,0,1,0,1,0,0,1,0,0,0,0,1,0,1,1,1,0,1,1,1,0,1,1,0,1,0,1,1,0,0,1,1,0,1,0,1,1,0,0,0,0,1,1,0,1,1,1,1,0,0,1,0,1,0,1,1,0,0,1
0,1,0,1,0,1,1,1,0,0,1,1,0,0,0,1,1,1,1,0,0,1,0,0,0,1,1,0,1,0,1,0,0,0,0,0,0,0,1,1,0,1,0,1,0,1,0,1,1,1,1,1,0,1,1,0,0,1,1,0,0,1,1,0,0,1,1,1,1,0,1,1,0,1,1,1,0,0,0,1,1,1,1,1,0,0,0,1,1,1,1,1,0,0,1,1,1,1,0,1,0,1,0,1,1,0,1,1,0,1,1,1,1,1,1,1,1,1,1,0,1,1,0,1,0,1,0,1,1,0,1,1,1,0,0,1,1,0,0,1,0,1,0,1,0,1,1,1,0,0,0,0,0,1,0,0,0,1,0,1,1,1,0,1,0,1,0,0,1,0,0,0,0,1,0,1,1,1,0,1,1,1,0,1,1,0,1,0,1,1,0,0,1,1,0,1,0,1,1,0,0,0,0,1,1,0,1,1,1,1,0,0,1,0,1,0,1,1,0,0,1
0,1,0,1,0,1,1,1,0,0,1,1,0,0,0,1,1,1,1,0,0,1,0,0,0,1,1,0,1,0,1,0,0,0,0,0,0,0,1,1,0,1,0,1,0,1,0,1,1,1,1,1,0,1,1,0,0,1,1,0,0,1,1,0,0,1,1,1,1,0,1,1,0,1,1,1,0,0,0,1,1,1,1,1,0,0,0,1,1,1,1,1,0,0,1,1,1,1,0,1,0,1,0,1,1,0,1,1,0,1,1,1,1,1,1,1,1,1,1,0,1,1,0,1,0,1,0,1,1,0,1,1,1,0,0,1,1,0,0,1,0,1,0,1,0,1,1,1,0,0,0,0,0,1,0,0,0,1,0,1,1,1,0,1,0,1,0,0,1,0,0,0,0,1,0,1,1,1,0,1,1,1,0,1,1,0,1,0,1,1,0,0,1,1,0,1,0,1,1,0,0,0,0,1,1,0,1,1,1,1,0,0,1,0,1,0,1,1,0,0,1
0,1,0,1,0,1,0,0,1,1,0,0,0,0,0,1,1,1,0,0,0,0,0,0,0,0,0,0,0,0,1,1,1,1,0,0,1,0,1,1,1,1,0,1,0,0,1,1,1,0,0,1,1,1,1,0,0,1,1,0,0,0,1,1,1,0,0,0,1,0,1,0,0,0,0,1,0,0,0,0,0,0,0,1,1,0,0,1,1,0,1,0,0,1,0,0,1,1,1,1,1,0,1,0,0,0,0,0,0,0,0,1,1,1,0,1,1,1,1,1,0,0,0,1,0,0,1,1,1,0,0,0,0,0,0,1,1,1,0,1,1,0,1,1,0,1,1,1,1,0,0,0,0,1,0,0,0,0,0,1,1,0,0,1,0,1,0,0,1,0,1,0,0,1,0,1,1,1,0,0,1,1,0,0,0,0,1,1,0,1,0,0,0,0,0,0,0,0,0,0,0,0,0,0,0,0,0,0,0,0,0,0,0,0,0,0,0,0,0,0,0
0,1,0,1,0,1,0,0,1,0,0,0,0,0,0,1,1,1,0,0,0,0,0,0,0,0,0,0,0,0,1,1,0,1,0,0,1,0,1,1,0,1,0,1,0,0,0,1,1,0,0,1,1,1,1,0,0,1,1,0,0,0,1,1,1,0,0,0,1,0,1,0,0,0,0,1,0,0,0,0,0,0,0,1,1,0,0,1,1,0,1,0,0,1,0,0,1,1,0,1,0,0,1,0,0,0,0,0,0,0,0,1,1,1,0,1,1,1,1,0,0,0,0,1,0,0,1,1,1,0,0,0,0,0,0,1,1,0,0,1,1,0,0,1,0,1,1,1,1,0,0,0,0,1,0,0,0,0,0,1,1,0,0,1,0,1,0,0,1,0,1,0,0,1,0,1,1,1,0,0,1,1,0,0,0,0,1,1,0,1,0,0,0,0,0,0,0,0,0,0,0,0,0,0,0,0,0,0,0,0,0,0,0,0,0,0,0,0,0,0,0
0,0,0,1,0,0,0,0,1,1,0,0,0,0,0,1,1,1,0,0,0,0,0,0,0,0,0,0,0,0,0,1,1,1,0,0,1,0,1,0,1,1,0,0,0,0,1,1,0,0,0,1,1,1,1,0,0,0,0,0,0,0,1,1,1,0,0,0,0,0,0,0,0,0,0,1,0,0,0,0,0,0,0,1,0,0,0,0,1,0,0,0,0,0,0,0,1,0,1,1,1,0,0,0,0,1,0,0,0,0,0,1,0,0,0,1,1,0,1,1,0,0,1,0,0,0,1,0,0,0,0,0,0,0,0,1,0,1,0,0,0,0,1,1,0,0,0,1,1,0,0,0,0,0,0,0,0,0,0,0,1,0,0,1,1,0,0,0,0,0,1,0,0,0,1,0,1,1,0,0,1,0,0,0,0,1,0,0,0,0,0,0,0,0,0,0,0,0,0,0,0,0,0,0,0,0,0,0,0,0,0,0,0,0,0,0,0,0,0,0,0
0,0,0,1,0,1,0,0,1,0,0,0,0,0,0,1,1,1,0,0,0,0,0,0,0,0,0,0,0,0,1,1,0,1,0,0,0,0,1,1,0,1,0,1,0,0,0,1,1,0,0,1,1,1,1,0,0,1,1,0,0,0,1,1,1,0,0,0,1,0,0,0,0,0,0,1,0,0,0,0,0,0,0,1,0,0,0,0,1,0,1,0,0,0,0,0,1,1,0,1,0,0,0,0,0,1,0,0,0,0,0,1,1,1,0,1,1,1,1,0,0,0,1,1,0,0,1,1,1,0,0,0,0,0,0,1,1,0,0,1,0,0,0,1,0,1,1,1,1,0,0,0,0,1,0,0,0,0,0,1,1,0,0,1,1,1,0,0,1,0,1,0,0,1,1,1,1,1,0,0,1,1,0,0,0,1,1,1,0,1,0,0,0,0,0,0,0,0,0,0,0,0,0,0,0,0,0,0,0,0,0,0,0,0,0,0,0,0,0,0,0
0,0,0,1,0,0,0,0,1,1,0,0,0,0,0,1,1,1,0,0,0,0,0,0,0,0,0,0,0,0,0,1,1,1,0,0,0,0,1,0,1,1,0,0,0,0,1,1,0,0,0,0,1,1,1,0,0,0,0,0,0,0,1,1,1,0,0,0,0,0,0,0,0,0,0,1,0,0,0,0,0,0,0,1,0,0,0,0,1,0,0,0,0,0,0,0,1,0,1,1,1,0,0,0,0,1,0,0,0,0,0,1,0,0,0,1,1,0,1,1,0,0,1,0,0,0,1,0,0,0,0,0,0,0,0,1,0,1,0,0,0,0,1,1,0,0,0,1,1,0,0,0,0,0,0,0,0,0,0,0,1,0,0,1,1,0,0,0,0,0,1,0,0,0,1,0,1,1,0,0,1,0,0,0,0,1,0,0,0,0,0,0,0,0,0,0,0,0,0,0,0,0,0,0,0,0,0,0,0,0,0,0,0,0,0,0,0,0,0,0,0
0,0,0,1,0,1,1,0,1,1,0,0,0,0,0,1,1,1,0,0,0,0,0,0,0,0,0,0,0,0,1,1,1,1,0,0,0,0,1,1,1,1,1,1,0,0,1,1,1,0,0,1,1,1,1,0,0,1,1,0,0,0,1,1,1,0,0,0,1,0,0,0,0,0,0,1,0,0,0,0,0,0,0,1,0,0,0,0,1,0,1,0,0,0,0,0,1,1,1,1,1,0,0,0,0,1,0,0,0,0,0,1,1,1,0,1,1,1,1,1,0,0,1,1,1,0,1,1,1,0,0,0,0,0,0,1,1,1,0,1,0,0,1,1,0,1,1,1,1,0,1,1,0,1,0,0,0,0,0,1,1,0,0,1,1,1,0,0,1,0,1,0,0,1,1,1,1,1,1,0,1,1,0,0,0,1,1,1,0,1,0,0,0,0,0,0,0,0,0,0,0,0,0,0,0,0,0,0,0,0,0,0,0,0,0,0,0,0,0,0,0
0,0,0,1,0,1,1,0,1,0,0,0,0,0,0,1,1,1,0,0,0,0,0,0,0,0,0,0,0,0,1,1,0,1,0,0,0,0,1,1,0,1,1,1,0,0,0,1,1,0,0,1,1,1,1,0,0,1,1,0,0,0,1,1,1,0,0,0,1,0,1,0,0,0,0,1,0,0,0,0,0,0,0,1,1,0,0,1,1,0,1,0,0,1,0,0,1,1,0,1,0,0,1,0,0,0,0,0,0,0,0,1,1,1,0,1,1,1,1,0,0,0,0,1,1,0,1,1,1,0,0,0,0,0,0,1,1,0,0,1,1,0,0,1,0,1,1,1,1,0,1,1,0,1,0,0,0,0,0,1,1,0,0,1,0,1,0,0,1,0,1,0,0,1,0,1,1,1,1,0,1,1,0,0,0,0,1,1,0,1,0,0,0,0,0,0,0,0,0,0,0,0,0,0,0,0,0,0,0,0,0,0,0,0,0,0,0,0,0,0,0
0,0,0,1,0,1,0,0,1,1,0,0,0,0,0,1,1,1,0,0,0,0,0,0,0,0,0,0,0,0,1,1,1,1,0,0,0,0,1,0,1,1,1,1,0,0,1,1,1,0,0,0,1,1,1,0,0,0,0,0,0,0,1,1,1,0,0,0,1,0,0,0,0,0,0,1,0,0,0,0,0,0,0,1,0,0,0,0,1,0,0,0,0,0,0,0,1,0,1,1,1,0,0,0,0,1,0,0,0,0,0,1,0,0,0,1,1,0,1,1,0,0,1,0,1,0,1,0,0,0,0,0,0,0,0,1,0,1,0,0,0,0,1,1,0,0,0,1,1,0,1,1,0,0,0,0,0,0,0,0,1,0,0,1,1,0,0,0,0,0,1,0,0,0,1,0,1,1,1,0,1,0,0,0,0,1,0,0,0,0,0,0,0,0,0,0,0,0,0,0,0,0,0,0,0,0,0,0,0,0,0,0,0,0,0,0,0,0,0,0,0
0,0,0,1,0,1,1,0,1,1,0,0,0,0,0,1,1,1,0,0,0,0,0,0,0,0,0,0,0,0,1,1,1,1,0,0,0,0,1,1,1,1,1,1,0,0,1,1,1,0,0,1,1,1,1,0,0,1,1,0,0,0,1,1,1,0,0,0,1,0,0,0,0,0,0,1,0,0,0,0,0,0,0,1,0,0,0,0,1,0,1,0,0,0,0,0,1,1,1,1,1,0,0,0,0,1,0,0,0,0,0,1,1,1,0,1,1,1,1,1,0,0,1,1,1,0,1,1,1,0,0,0,0,0,0,1,1,1,0,1,0,0,1,1,0,1,1,1,1,0,1,1,0,1,0,0,0,0,0,1,1,0,0,1,1,1,1,0,1,0,1,0,0,1,1,1,1,1,1,0,1,1,0,0,0,1,1,0,0,1,0,1,0,0,0,0,0,0,0,0,0,1,1,0,0,0,0,0,0,0,0,0,0,0,0,0,0,0,0,0,0
0,0,0,1,0,1,0,0,1,1,0,0,0,0,0,0,0,0,0,0,0,0,0,0,0,0,0,0,0,0,1,1,1,1,0,0,0,0,1,1,1,1,0,1,0,0,1,1,1,0,0,1,1,1,1,0,0,1,1,0,0,0,1,1,1,0,0,0,1,0,0,0,0,0,0,1,0,0,0,0,0,0,0,1,0,0,0,0,1,0,1,0,0,0,0,0,1,1,1,1,1,0,0,0,0,1,0,0,0,0,0,1,1,1,0,1,1,1,1,1,0,0,1,1,0,0,1,1,1,0,0,0,0,0,0,1,1,1,0,1,0,0,1,1,0,1,1,1,1,0,0,0,0,1,0,0,0,0,0,1,1,0,0,1,1,1,0,0,1,0,1,0,0,1,1,1,0,1,0,0,1,1,0,0,0,1,1,1,0,1,0,0,0,0,0,0,0,0,0,0,0,0,0,0,0,0,0,0,0,0,0,0,0,0,0,0,0,0,0,0,0
0,0,0,1,0,1,0,0,1,0,0,0,0,0,0,0,0,0,0,0,0,0,0,0,0,0,0,0,0,0,1,1,0,1,0,0,0,0,1,1,0,1,0,1,0,0,0,1,1,0,0,1,1,1,1,0,0,1,1,0,0,0,1,1,1,0,0,0,1,0,0,0,0,0,0,1,0,0,0,0,0,0,0,1,0,0,0,0,1,0,1,0,0,0,0,0,1,1,0,1,0,0,0,0,0,1,0,0,0,0,0,1,1,1,0,1,1,1,1,0,0,0,1,1,0,0,1,1,1,0,0,0,0,0,0,1,1,0,0,1,0,0,0,1,0,1,1,1,1,0,0,0,0,1,0,0,0,0,0,1,1,0,0,1,1,1,0,0,1,0,1,0,0,1,1,1,0,1,0,0,1,1,0,0,0,1,1,1,0,1,0,0,0,0,0,0,0,0,0,0,0,0,0,0,0,0,0,0,0,0,0,0,0,0,0,0,0,0,0,0,0
0,0,0,1,0,0,0,0,1,1,0,0,0,0,0,0,0,0,0,0,0,0,0,0,0,0,0,0,0,0,0,1,1,1,0,0,0,0,1,0,1,1,0,0,0,0,1,1,0,0,0,1,1,1,1,0,0,0,0,0,0,0,1,1,1,0,0,0,0,0,1,0,0,0,0,1,0,0,0,0,0,0,0,1,1,0,0,1,1,0,0,0,0,1,0,0,1,0,1,1,1,0,1,0,0,0,0,0,0,0,0,1,0,0,0,1,1,0,1,1,0,0,0,0,0,0,1,0,0,0,0,0,0,0,0,1,0,1,0,0,1,0,1,1,0,0,0,1,1,0,0,0,0,0,0,0,0,0,0,0,1,0,0,1,0,0,0,0,0,0,1,0,0,0,0,0,0,1,0,0,1,0,0,0,0,0,0,0,0,0,0,0,0,0,0,0,0,0,0,0,0,0,0,0,0,0,0,0,0,0,0,0,0,0,0,0,0,0,0,0,0
0,0,0,1,1,1,1,0,1,0,0,0,0,0,0,1,1,1,0,0,0,0,0,0,0,0,0,0,0,0,0,1,0,1,0,0,0,0,1,0,0,1,0,0,0,0,0,1,0,0,0,0,1,1,1,0,0,0,0,0,0,0,1,1,1,0,0,0,0,0,0,0,0,0,0,1,0,0,0,0,0,0,0,1,0,0,0,0,1,0,0,0,0,0,0,0,1,0,0,1,0,0,0,0,0,1,0,0,0,0,0,1,0,0,0,1,1,0,1,0,0,0,1,0,0,0,1,0,0,0,0,0,0,0,0,1,0,0,0,0,0,0,0,1,0,0,0,1,1,0,0,0,0,0,0,0,0,0,0,0,1,0,0,1,1,0,0,0,0,0,1,0,0,0,1,0,1,1,0,0,1,0,0,0,0,1,0,0,0,0,0,0,0,0,0,0,0,0,0,0,0,0,0,0,0,0,0,0,0,0,0,0,0,0,0,0,0,0,0,0,0
0,0,0,1,0,0,0,0,1,0,0,0,0,0,0,1,1,1,0,0,0,0,0,0,0,0,0,0,0,0,0,1,0,1,0,0,0,0,1,0,0,1,0,0,0,0,0,1,0,0,0,0,1,1,1,0,0,0,0,0,0,0,1,1,1,0,0,0,0,0,0,0,0,0,0,1,0,0,0,0,0,0,0,1,0,0,0,0,1,0,0,0,0,0,0,0,1,0,0,1,0,0,0,0,0,1,0,0,0,0,0,1,0,0,0,1,1,0,1,0,0,0,1,0,0,0,1,0,0,0,0,0,0,0,0,1,0,0,0,0,0,0,0,1,0,0,0,1,1,0,0,0,0,0,0,0,0,0,0,0,1,0,0,1,1,0,0,0,0,0,1,0,0,0,1,0,1,1,0,0,1,0,0,0,0,1,0,0,0,0,0,0,0,0,0,0,0,0,0,0,0,0,0,0,0,0,0,0,0,0,0,0,0,0,0,0,0,0,0,0,0
0,0,0,1,1,1,1,0,1,0,0,0,0,0,0,0,0,0,0,0,0,0,0,0,0,0,0,0,0,0,0,1,0,1,0,0,0,0,1,0,0,1,0,0,0,0,0,1,0,0,0,1,1,1,1,0,0,0,0,0,0,0,1,1,1,0,0,0,0,0,1,0,0,0,0,1,0,0,0,0,0,0,0,1,1,0,0,1,1,0,0,0,0,1,0,0,1,0,0,1,0,0,1,0,0,0,0,0,0,0,0,1,0,0,0,1,1,0,1,0,0,0,0,0,0,0,1,0,0,0,0,0,0,0,0,1,0,0,0,0,1,0,0,1,0,0,0,1,1,0,0,0,0,0,0,0,0,0,0,0,1,0,0,1,0,0,0,0,0,0,1,0,0,0,0,0,0,1,0,0,1,0,0,0,0,0,0,0,0,0,0,0,0,0,0,0,0,0,0,0,0,0,0,0,0,0,0,0,0,0,0,0,0,0,0,0,0,0,0,0,0
0,0,0,1,1,1,1,0,1,0,0,0,0,0,0,1,1,1,0,0,0,0,0,0,0,0,0,0,0,0,1,1,0,1,0,0,0,0,1,0,0,1,1,1,0,0,0,1,1,0,0,0,1,1,1,0,0,0,0,0,0,0,1,1,1,0,0,0,1,0,0,0,0,0,0,1,0,0,0,0,0,0,0,1,0,0,0,0,1,0,0,0,0,0,0,0,1,0,0,1,0,0,0,0,0,1,0,0,0,0,0,1,0,0,0,1,1,0,1,0,0,0,1,0,1,0,1,0,0,0,0,0,0,0,0,1,0,0,0,0,0,0,0,1,0,0,0,1,1,0,1,1,0,0,0,0,0,0,0,0,1,0,0,1,1,0,0,0,0,0,1,0,0,0,1,0,1,1,1,0,1,0,0,0,0,1,0,0,0,0,0,0,0,0,0,0,0,0,0,0,0,0,0,0,0,0,0,0,0,0,0,0,0,0,0,0,0,0,0,0,0
0,0,0,1,0,1,0,0,1,0,0,0,0,0,0,0,0,0,0,0,0,0,0,0,0,0,0,0,0,0,1,1,0,1,0,0,0,0,1,1,0,1,0,1,0,0,0,1,1,0,0,1,1,1,1,0,0,1,1,0,0,0,1,1,1,0,0,0,1,0,0,0,0,0,0,1,0,0,0,0,0,0,0,1,0,0,0,0,1,0,1,0,0,0,0,0,1,1,0,1,0,0,0,0,0,1,0,0,0,0,0,1,1,1,0,1,1,1,1,0,0,0,1,1,1,0,1,1,1,0,0,0,0,0,0,1,1,0,0,1,0,0,0,1,0,1,1,1,1,0,0,1,0,1,0,0,0,0,0,1,1,0,0,1,1,1,0,0,1,0,1,0,0,1,1,1,0,1,1,0,1,1,0,0,0,1,1,0,0,1,0,0,0,0,0,0,0,0,0,0,0,0,0,0,0,0,0,0,0,0,0,0,0,0,0,0,0,0,0,0,0
0,0,0,1,0,0,0,0,1,1,0,0,0,0,0,0,0,0,0,0,0,0,0,0,0,0,0,0,0,0,0,1,1,1,0,0,0,0,1,0,1,1,0,0,0,0,1,1,0,0,0,1,1,1,1,0,0,0,0,0,0,0,1,1,1,0,0,0,0,0,0,0,0,0,0,1,0,0,0,0,0,0,0,1,0,0,0,0,1,0,0,0,0,0,0,0,1,0,1,1,1,0,0,0,0,1,0,0,0,0,0,1,0,0,0,1,1,0,1,1,0,0,1,0,0,0,1,0,0,0,0,0,0,0,0,1,0,1,0,0,0,0,1,1,0,0,0,1,1,0,0,0,0,0,0,0,0,0,0,0,1,0,0,1,1,0,0,0,0,0,1,0,0,0,1,0,0,1,0,0,1,0,0,0,0,1,0,0,0,0,0,0,0,0,0,0,0,0,0,0,0,0,0,0,0,0,0,0,0,0,0,0,0,0,0,0,0,0,0,0,0
0,0,0,1,0,1,0,0,1,0,0,0,0,0,0,1,1,1,0,0,0,0,0,0,0,0,0,0,0,0,1,1,0,1,0,0,0,0,1,1,0,1,0,1,0,0,0,1,1,0,0,1,1,1,1,0,0,1,1,0,0,0,1,1,1,0,0,0,1,0,0,0,0,0,0,1,0,0,0,0,0,0,0,1,0,0,0,0,1,0,1,0,0,0,0,0,1,1,0,1,0,0,0,0,0,1,0,0,0,0,0,1,1,1,0,1,1,1,1,0,0,0,1,1,1,0,1,1,1,0,0,0,0,0,0,1,1,0,0,1,0,0,0,1,0,1,1,1,1,0,0,1,0,1,0,0,0,0,0,1,1,0,0,1,1,1,0,0,1,0,1,0,0,1,1,1,1,1,1,0,1,1,0,0,0,1,1,0,0,1,0,0,0,0,0,0,0,0,0,0,0,0,0,0,0,0,0,0,0,0,0,0,0,0,0,0,0,0,0,0,0
0,0,0,1,0,1,1,0,1,0,0,0,0,0,0,1,1,1,0,0,0,0,0,0,0,0,0,0,0,0,1,1,0,1,0,0,0,0,1,1,0,1,1,1,0,0,0,1,1,0,0,1,1,1,1,0,0,1,1,0,0,0,1,1,1,0,0,0,1,0,1,0,0,0,0,1,0,0,0,0,0,0,0,1,1,0,0,1,1,0,1,0,0,1,0,0,0,1,0,1,0,0,1,0,0,1,0,0,0,0,0,1,1,1,0,1,1,1,1,0,0,0,0,1,1,0,1,1,1,0,0,0,0,0,0,0,1,0,0,1,1,0,0,1,0,1,1,1,1,0,1,1,0,1,0,0,0,0,0,1,0,0,0,1,0,1,0,0,1,0,1,0,0,1,0,1,1,0,1,0,1,1,0,0,0,0,1,0,0,1,0,0,0,0,0,0,0,0,0,0,0,0,0,0,0,0,0,0,0,0,0,0,0,0,0,0,0,0,0,0,0
0,0,0,1,0,1,0,0,0,0,0,0,0,0,0,1,1,0,0,0,0,0,0,0,0,1,0,0,0,0,0,0,0,0,1,0,0,0,1,0,0,1,0,0,1,1,0,1,0,1,1,1,0,1,0,0,0,0,0,0,0,1,1,0,0,1,1,1,0,0,1,0,1,0,1,1,0,0,0,1,0,1,1,1,0,0,0,1,1,1,0,1,0,0,1,0,1,0,0,1,0,1,0,1,1,0,1,0,0,1,1,1,0,0,0,1,1,0,1,0,0,1,0,0,0,0,0,0,0,0,1,1,0,0,0,1,0,0,0,0,0,0,0,1,0,0,0,1,0,0,0,0,0,0,0,0,0,0,0,0,1,0,0,1,0,0,0,0,0,0,0,0,0,0,0,0,1,1,0,0,1,0,0,0,0,0,0,0,0,0,0,0,0,0,0,0,0,0,0,0,0,0,0,0,0,0,0,0,0,0,0,0,0,0,0,0,0,0,0,0,0
0,0,0,1,1,1,1,0,0,0,0,0,0,0,0,1,1,1,0,1,1,0,0,0,0,1,1,1,0,0,1,0,0,0,1,0,0,0,0,0,0,1,0,0,0,1,0,1,1,1,1,0,0,1,0,0,0,0,0,0,0,1,1,0,0,1,1,1,1,0,1,0,0,0,1,0,0,0,0,1,0,1,1,1,0,0,0,1,1,1,0,1,0,0,1,0,1,0,0,1,0,1,0,1,1,0,1,0,0,1,1,1,0,0,0,1,1,0,1,0,0,1,0,0,0,0,0,0,0,0,1,1,0,0,0,1,0,0,0,0,0,0,0,1,0,0,0,1,0,0,0,0,0,0,0,0,0,0,0,0,1,0,0,1,0,0,0,0,0,0,0,0,0,0,0,0,1,1,0,0,1,0,0,0,0,0,0,0,0,0,0,0,0,0,0,0,0,0,0,0,0,0,0,0,0,0,0,0,0,0,0,0,0,0,0,0,0,0,0,0,0
0,1,0,1,0,1,1,1,0,0,0,0,0,0,0,1,1,1,1,0,0,1,0,0,0,0,1,0,0,0,1,0,0,0,1,0,0,0,0,1,0,1,0,1,0,0,0,1,1,0,0,1,0,0,0,0,0,1,1,0,0,0,1,0,0,0,0,0,1,1,1,0,0,0,1,0,0,0,0,1,0,0,1,0,0,0,0,0,1,0,1,0,0,0,0,0,0,1,0,0,0,0,0,0,0,0,0,0,0,1,0,1,1,1,1,0,0,1,1,0,0,1,0,1,0,1,0,1,1,0,1,0,0,0,0,0,1,0,0,1,0,0,0,0,0,1,1,1,0,0,0,0,1,1,0,0,0,0,0,1,1,1,0,1,0,1,1,0,1,0,0,0,0,1,0,1,1,0,0,1,0,1,1,0,0,0,1,1,0,1,0,1,0,0,0,1,1,1,1,0,0,1,0,0,0,0,1,1,1,1,1,0,1,0,1,1,1,1,1,0,1
0,1,0,1,0,1,1,1,0,0,0,0,0,0,0,1,1,1,1,0,0,1,0,0,0,0,1,0,0,0,1,0,0,0,1,0,0,0,0,1,0,1,0,1,0,0,0,1,1,0,0,1,0,0,0,0,0,1,1,0,0,0,1,0,0,0,0,0,1,1,1,0,0,0,1,0,0,0,0,1,0,0,1,0,0,0,0,0,1,0,1,0,0,0,0,0,0,1,0,0,0,0,0,0,0,0,0,0,0,1,0,1,1,1,1,0,0,1,1,0,0,1,0,1,0,1,0,1,1,0,1,0,0,0,0,0,1,0,0,1,0,0,0,0,0,1,1,1,0,0,0,0,1,1,0,0,0,0,0,1,1,1,0,1,0,1,0,0,1,0,0,0,0,1,0,1,1,0,0,1,0,1,1,0,0,0,1,1,0,1,0,1,0,0,0,1,1,1,1,0,0,1,0,0,0,0,1,1,1,1,1,0,1,0,1,1,1,1,1,0,1
0,1,0,1,0,1,1,1,0,0,0,0,0,0,0,1,1,1,1,0,0,1,0,0,0,0,1,0,0,0,1,0,0,0,1,0,0,0,0,1,0,1,0,1,0,0,0,1,1,0,0,1,0,0,0,0,0,1,1,0,0,0,1,0,0,0,0,0,1,1,1,0,0,0,1,0,0,0,0,1,0,0,1,0,0,0,0,0,1,0,1,0,0,0,0,0,0,1,0,0,0,0,0,0,0,0,0,0,0,1,0,1,1,1,1,0,0,1,1,0,0,1,0,1,0,1,0,1,1,0,1,0,0,0,0,0,1,0,0,1,0,0,0,0,0,1,1,1,0,0,0,0,1,1,0,0,0,0,0,1,1,1,0,1,0,1,1,0,1,0,0,0,0,1,0,1,1,0,0,1,0,1,1,0,0,0,1,1,0,1,0,1,0,0,0,1,1,1,1,0,0,1,0,0,0,0,1,1,1,1,1,0,1,0,1,1,1,1,1,0,1
0,1,0,1,0,1,1,1,0,1,0,0,0,0,0,1,1,1,1,0,0,1,0,0,0,0,1,0,0,0,1,0,1,0,1,0,0,0,0,1,1,1,0,1,0,0,1,1,1,0,0,1,0,0,0,0,0,1,1,0,0,0,1,0,0,0,0,0,1,1,1,0,0,0,1,0,0,0,0,1,0,0,1,0,0,0,0,0,1,0,1,0,0,0,0,0,0,1,1,0,1,0,0,0,0,0,0,0,0,1,0,1,1,1,1,0,0,1,1,1,0,1,0,1,0,1,0,1,1,0,1,0,0,0,0,0,1,1,0,1,0,0,1,0,0,1,1,1,0,0,0,0,1,1,0,0,0,0,0,1,1,1,0,1,0,1,1,0,1,0,0,0,0,1,0,1,1,0,0,1,0,1,1,0,0,0,1,1,0,1,0,1,0,0,0,1,1,1,1,0,0,1,0,0,0,0,1,1,1,1,1,0,1,0,1,1,1,1,1,0,1
0,1,0,1,0,1,1,1,0,0,0,0,0,0,0,1,1,1,1,0,0,1,0,0,0,0,1,0,0,0,1,0,0,0,1,0,0,0,0,1,0,1,0,1,0,0,0,1,1,0,0,1,0,0,0,0,0,1,1,0,0,0,1,0,0,0,0,0,1,1,1,0,0,0,1,0,0,0,0,1,0,0,1,0,0,0,0,0,1,0,1,0,0,0,0,0,0,1,0,0,0,0,0,0,0,0,0,0,0,1,0,1,1,1,1,0,0,1,1,0,0,1,0,1,0,1,0,1,1,0,1,0,0,0,0,0,1,0,0,1,0,0,0,0,0,1,1,1,0,0,0,0,1,1,0,0,0,0,0,1,1,1,0,1,0,1,1,0,1,0,0,0,0,1,0,1,1,0,0,1,0,1,1,0,0,0,1,1,0,1,0,1,0,0,0,1,1,1,1,0,0,1,0,0,0,0,1,1,1,1,1,0,1,0,1,1,1,1,1,0,1
0,1,0,1,0,1,1,1,0,0,0,0,0,0,0,1,1,1,1,0,0,1,0,0,0,0,1,0,0,0,1,0,0,0,1,0,0,0,0,1,0,1,0,1,0,0,0,1,1,0,0,1,0,0,0,0,0,1,1,0,0,0,1,0,0,0,0,0,1,1,1,0,0,0,1,0,0,0,0,1,0,0,1,0,0,0,0,0,1,0,1,0,0,0,0,0,0,1,0,0,0,0,0,0,0,0,0,0,0,1,0,1,1,1,1,0,0,1,1,0,0,1,0,1,0,1,0,1,1,0,1,0,0,0,0,0,1,0,0,1,0,0,0,0,0,1,1,1,0,0,0,0,1,1,0,0,0,0,0,1,1,1,0,1,0,1,1,0,1,0,0,0,0,1,0,1,1,0,0,1,0,1,1,0,0,0,1,1,0,1,0,1,0,0,0,1,1,1,1,0,0,1,0,0,0,0,1,1,1,1,1,0,1,0,1,1,1,1,1,0,1
0,1,0,1,0,1,1,1,0,0,0,0,0,0,0,1,1,1,1,0,0,1,0,0,0,0,1,0,0,0,1,0,0,0,1,0,0,0,0,1,0,1,0,1,0,0,0,1,1,0,0,1,0,0,0,0,0,1,1,0,0,0,1,0,0,0,0,0,1,1,1,0,0,0,1,0,0,0,0,1,0,0,1,0,0,0,0,0,1,0,1,0,0,0,0,0,0,1,0,0,0,0,0,0,0,0,0,0,0,1,0,1,1,1,1,0,0,1,1,0,0,1,0,1,0,1,0,1,1,0,1,0,0,0,0,0,1,0,0,1,0,0,0,0,0,1,1,1,0,0,0,0,1,1,0,0,0,0,0,1,1,1,0,1,0,1,1,0,1,0,0,0,0,1,0,1,1,0,0,1,0,1,1,0,0,0,1,1,0,1,0,1,0,0,0,1,1,1,1,0,0,1,0,0,0,0,1,1,1,1,1,0,1,0,1,1,1,1,1,0,1
0,1,0,1,0,1,1,1,0,0,0,0,0,0,0,1,1,1,1,0,0,1,1,1,0,0,1,0,1,0,1,0,0,0,1,0,0,1,1,1,0,1,0,1,0,0,0,1,1,0,0,1,0,0,0,0,0,1,1,0,0,0,1,0,0,0,0,0,1,1,1,0,0,0,1,0,0,0,0,1,0,0,1,0,0,0,0,0,1,0,1,0,0,0,0,0,0,1,0,0,0,0,0,0,0,0,0,0,0,1,0,1,1,1,1,0,0,1,1,0,0,1,0,1,0,1,0,1,1,0,1,0,0,0,0,0,1,0,0,1,0,0,0,0,0,1,1,1,0,0,0,0,1,1,0,0,0,0,0,1,1,1,0,1,0,1,1,0,1,0,0,0,0,1,0,1,1,0,0,1,0,1,1,0,0,0,1,1,0,1,0,1,0,0,0,1,1,1,1,0,0,1,1,0,0,0,1,1,1,1,1,0,1,0,1,1,1,1,1,0,1
0,1,0,1,0,1,1,1,0,0,0,0,0,0,0,1,1,1,1,0,0,1,1,1,0,0,1,0,1,0,1,0,0,0,1,0,0,1,1,1,0,1,0,1,0,0,0,1,1,0,0,1,0,0,0,0,0,1,1,0,0,0,1,0,0,0,0,0,1,1,1,0,0,0,1,0,0,0,0,1,0,0,1,0,0,0,0,0,1,0,1,0,0,0,0,0,0,1,0,0,0,0,0,0,0,0,0,0,0,1,0,1,1,1,1,0,0,1,1,0,0,1,0,1,0,1,0,1,1,0,1,0,0,0,0,0,1,0,0,1,0,0,0,0,0,1,1,1,0,0,0,0,1,1,0,0,0,0,0,1,1,1,0,1,0,1,0,0,1,0,0,0,0,1,0,1,1,0,0,1,0,1,1,0,0,0,1,1,0,1,0,1,0,0,0,1,1,1,1,0,0,1,1,0,0,0,1,1,1,1,1,0,1,0,1,1,1,1,1,0,1
0,1,0,1,0,1,1,1,0,0,0,0,0,0,0,1,1,1,1,0,0,1,1,1,0,0,1,0,1,0,1,0,0,0,1,0,0,1,1,1,0,1,0,1,0,0,0,1,1,0,0,1,0,0,0,0,0,1,1,0,0,0,1,0,0,0,0,0,1,1,1,0,0,0,1,0,0,0,0,1,0,0,1,0,0,0,0,0,1,0,1,0,0,0,0,0,0,1,0,0,0,0,0,0,0,0,0,0,0,1,0,1,1,1,1,0,0,1,1,0,0,1,0,1,0,1,0,1,1,0,1,0,0,0,0,0,1,0,0,1,0,0,0,0,0,1,1,1,0,0,0,0,1,1,0,0,0,0,0,1,1,1,0,1,0,1,1,0,1,0,0,0,0,1,0,1,1,0,0,1,0,1,1,0,0,0,1,1,0,1,0,1,0,0,0,1,1,1,1,0,0,1,1,0,0,0,1,1,1,1,1,0,1,0,1,1,1,1,1,0,1
0,1,0,1,0,1,1,1,0,1,0,0,0,0,0,1,1,1,1,0,0,1,1,1,0,0,1,0,1,0,1,0,1,0,1,0,0,1,1,1,1,1,0,1,0,0,1,1,1,0,0,1,0,0,0,0,0,1,1,0,0,0,1,0,0,0,0,0,1,1,1,0,0,0,1,0,0,0,0,1,0,0,1,0,0,0,0,0,1,0,1,0,0,0,0,0,0,1,1,0,1,0,0,0,0,0,0,0,0,1,0,1,1,1,1,0,0,1,1,1,0,1,0,1,0,1,0,1,1,0,1,0,0,0,0,0,1,1,0,1,0,0,1,0,0,1,1,1,0,0,0,0,1,1,0,0,0,0,0,1,1,1,0,1,0,1,1,0,1,0,0,0,0,1,0,1,1,0,0,1,0,1,1,0,0,0,1,1,0,1,0,1,0,0,0,1,1,1,1,0,0,1,1,0,0,0,1,1,1,1,1,0,1,0,1,1,1,1,1,0,1
0,1,0,1,0,1,1,1,0,0,0,0,0,0,0,1,1,1,1,0,0,1,1,1,0,0,1,0,1,0,1,0,0,0,1,0,0,1,1,1,0,1,0,1,0,0,0,1,1,0,0,1,0,0,0,0,0,1,1,0,0,0,1,0,0,0,0,0,1,1,1,0,0,0,1,0,0,0,0,1,0,0,1,0,0,0,0,0,1,0,1,0,0,0,0,0,0,1,0,0,0,0,0,0,0,0,0,0,0,1,0,1,1,1,1,0,0,1,1,0,0,1,0,1,0,1,0,1,1,0,1,0,0,0,0,0,1,0,0,1,0,0,0,0,0,1,1,1,0,0,0,0,1,1,0,0,0,0,0,1,1,1,0,1,0,1,1,0,1,0,0,0,0,1,0,1,1,0,0,1,0,1,1,0,0,0,1,1,0,1,0,1,0,0,0,1,1,1,1,0,0,1,1,0,0,0,1,1,1,1,1,0,1,0,1,1,1,1,1,0,1
0,1,0,1,0,1,1,1,0,0,0,0,0,0,0,1,1,1,1,0,0,1,1,1,0,0,1,0,1,0,1,0,0,0,1,0,0,1,1,1,0,1,0,1,0,0,0,1,1,0,0,1,0,0,0,0,0,1,1,0,0,0,1,0,0,0,0,0,1,1,1,0,0,0,1,0,0,0,0,1,0,0,1,0,0,0,0,0,1,0,1,0,0,0,0,0,0,1,0,0,0,0,0,0,0,0,0,0,0,1,0,1,1,1,1,0,0,1,1,0,0,1,0,1,0,1,0,1,1,0,1,0,0,0,0,0,1,0,0,1,0,0,0,0,0,1,1,1,0,0,0,0,1,1,0,0,0,0,0,1,1,1,0,1,0,1,1,0,1,0,0,0,0,1,0,1,1,0,0,1,0,1,1,0,0,0,1,1,0,1,0,1,0,0,0,1,1,1,1,0,0,1,1,0,0,0,1,1,1,1,1,0,1,0,1,1,1,1,1,0,1
0,1,0,1,0,1,1,1,0,0,0,0,0,0,0,1,1,1,1,0,0,1,1,1,0,0,1,0,1,0,1,0,0,0,1,0,0,1,1,1,0,1,0,1,0,0,0,1,1,0,0,1,0,0,0,0,0,1,1,0,0,0,1,0,0,0,0,0,1,1,1,0,0,0,1,0,0,0,0,1,0,0,1,0,0,0,0,0,1,0,1,0,0,0,0,0,0,1,0,0,0,0,0,0,0,0,0,0,0,1,0,1,1,1,1,0,0,1,1,0,0,1,0,1,0,1,0,1,1,0,1,0,0,0,0,0,1,0,0,1,0,0,0,0,0,1,1,1,0,0,0,0,1,1,0,0,0,0,0,1,1,1,0,1,0,1,1,0,1,0,0,0,0,1,0,1,1,0,0,1,0,1,1,0,0,0,1,1,0,1,0,1,0,0,0,1,1,1,1,0,0,1,1,0,0,0,1,1,1,1,1,0,1,0,1,1,1,1,1,0,1
1,1,0,1,0,1,1,1,0,0,0,0,0,0,0,1,1,1,1,1,1,1,0,1,0,0,1,0,0,0,1,0,0,0,1,0,1,0,0,1,0,1,0,1,0,0,0,1,1,0,0,1,0,0,0,0,0,1,1,0,0,0,1,0,0,0,0,0,1,1,1,0,0,0,1,0,0,0,0,1,0,0,1,0,0,0,0,0,1,0,1,0,0,0,0,0,0,1,0,0,0,0,0,0,0,0,0,0,0,1,0,1,1,1,1,0,0,1,1,0,0,1,0,1,0,1,0,1,1,0,1,0,0,0,0,0,1,0,0,1,0,0,0,0,0,1,1,1,0,0,0,0,1,1,0,0,0,0,0,1,1,1,0,1,0,1,1,0,1,0,0,0,0,1,0,1,1,0,0,1,0,1,1,0,0,0,1,1,0,1,0,1,0,0,0,1,1,1,1,0,0,1,0,0,0,0,1,1,1,1,1,0,1,0,1,1,1,1,1,0,1
1,1,0,1,0,1,1,1,0,0,0,0,0,0,0,1,1,1,1,1,1,1,0,1,0,0,1,0,0,0,1,0,0,0,1,0,1,0,0,1,0,1,0,1,0,0,0,1,1,0,0,1,0,0,0,0,0,1,1,0,0,0,1,0,0,0,0,0,1,1,1,0,0,0,1,0,0,0,0,1,0,0,1,0,0,0,0,0,1,0,1,0,0,0,0,0,0,1,0,0,0,0,0,0,0,0,0,0,0,1,0,1,1,1,1,0,0,1,1,0,0,1,0,1,0,1,0,1,1,0,1,0,0,0,0,0,1,0,0,1,0,0,0,0,0,1,1,1,0,0,0,0,1,1,0,0,0,0,0,1,1,1,0,1,0,1,0,0,1,0,0,0,0,1,0,1,1,0,0,1,0,1,1,0,0,0,1,1,0,1,0,1,0,0,0,1,1,1,1,0,0,1,0,0,0,0,1,1,1,1,1,0,1,0,1,1,1,1,1,0,1
1,1,0,1,0,1,1,1,0,0,0,0,0,0,0,1,1,1,1,1,1,1,0,1,0,0,1,0,0,0,1,0,0,0,1,0,1,0,0,1,0,1,0,1,0,0,0,1,1,0,0,1,0,0,0,0,0,1,1,0,0,0,1,0,0,0,0,0,1,1,1,0,0,0,1,0,0,0,0,1,0,0,1,0,0,0,0,0,1,0,1,0,0,0,0,0,0,1,0,0,0,0,0,0,0,0,0,0,0,1,0,1,1,1,1,0,0,1,1,0,0,1,0,1,0,1,0,1,1,0,1,0,0,0,0,0,1,0,0,1,0,0,0,0,0,1,1,1,0,0,0,0,1,1,0,0,0,0,0,1,1,1,0,1,0,1,1,0,1,0,0,0,0,1,0,1,1,0,0,1,0,1,1,0,0,0,1,1,0,1,0,1,0,0,0,1,1,1,1,0,0,1,0,0,0,0,1,1,1,1,1,0,1,0,1,1,1,1,1,0,1
1,1,0,1,0,1,1,1,0,1,0,0,0,0,0,1,1,1,1,1,1,1,0,1,0,0,1,0,0,0,1,0,1,0,1,0,1,0,0,1,1,1,0,1,0,0,1,1,1,0,0,1,0,0,0,0,0,1,1,0,0,0,1,0,0,0,0,0,1,1,1,0,0,0,1,0,0,0,0,1,0,0,1,0,0,0,0,0,1,0,1,0,0,0,0,0,0,1,1,0,1,0,0,0,0,0,0,0,0,1,0,1,1,1,1,0,0,1,1,1,0,1,0,1,0,1,0,1,1,0,1,0,0,0,0,0,1,1,0,1,0,0,1,0,0,1,1,1,0,0,0,0,1,1,0,0,0,0,0,1,1,1,0,1,0,1,1,0,1,0,0,0,0,1,0,1,1,0,0,1,0,1,1,0,0,0,1,1,0,1,0,1,0,0,0,1,1,1,1,0,0,1,0,0,0,0,1,1,1,1,1,0,1,0,1,1,1,1,1,0,1
1,1,0,1,0,1,1,1,0,0,0,0,0,0,0,1,1,1,1,1,1,1,0,1,0,0,1,0,0,0,1,0,0,0,1,0,1,0,0,1,0,1,0,1,0,0,0,1,1,0,0,1,0,0,0,0,0,1,1,0,0,0,1,0,0,0,0,0,1,1,1,0,0,0,1,0,0,0,0,1,0,0,1,0,0,0,0,0,1,0,1,0,0,0,0,0,0,1,0,0,0,0,0,0,0,0,0,0,0,1,0,1,1,1,1,0,0,1,1,0,0,1,0,1,0,1,0,1,1,0,1,0,0,0,0,0,1,0,0,1,0,0,0,0,0,1,1,1,0,0,0,0,1,1,0,0,0,0,0,1,1,1,0,1,0,1,1,0,1,0,0,0,0,1,0,1,1,0,0,1,0,1,1,0,0,0,1,1,0,1,0,1,0,0,0,1,1,1,1,0,0,1,0,0,0,0,1,1,1,1,1,0,1,0,1,1,1,1,1,0,1
1,1,0,1,0,1,1,1,0,0,0,0,0,0,0,1,1,1,1,1,1,1,0,1,0,0,1,0,0,0,1,0,0,0,1,0,1,0,0,1,0,1,0,1,0,0,0,1,1,0,0,1,0,0,0,0,0,1,1,0,0,0,1,0,0,0,0,0,1,1,1,0,0,0,1,0,0,0,0,1,0,0,1,0,0,0,0,0,1,0,1,0,0,0,0,0,0,1,0,0,0,0,0,0,0,0,0,0,0,1,0,1,1,1,1,0,0,1,1,0,0,1,0,1,0,1,0,1,1,0,1,0,0,0,0,0,1,0,0,1,0,0,0,0,0,1,1,1,0,0,0,0,1,1,0,0,0,0,0,1,1,1,0,1,0,1,1,0,1,0,0,0,0,1,0,1,1,0,0,1,0,1,1,0,0,0,1,1,0,1,0,1,0,0,0,1,1,1,1,0,0,1,0,0,0,0,1,1,1,1,1,0,1,0,1,1,1,1,1,0,1
1,1,0,1,0,1,1,1,0,0,0,0,0,0,0,1,1,1,1,1,1,1,0,1,0,0,1,0,0,0,1,0,0,0,1,0,1,0,0,1,0,1,0,1,0,0,0,1,1,0,0,1,0,0,0,0,0,1,1,0,0,0,1,0,0,0,0,0,1,1,1,0,0,0,1,0,0,0,0,1,0,0,1,0,0,0,0,0,1,0,1,0,0,0,0,0,0,1,0,0,0,0,0,0,0,0,0,0,0,1,0,1,1,1,1,0,0,1,1,0,0,1,0,1,0,1,0,1,1,0,1,0,0,0,0,0,1,0,0,1,0,0,0,0,0,1,1,1,0,0,0,0,1,1,0,0,0,0,0,1,1,1,0,1,0,1,1,0,1,0,0,0,0,1,0,1,1,0,0,1,0,1,1,0,0,0,1,1,0,1,0,1,0,0,0,1,1,1,1,0,0,1,0,0,0,0,1,1,1,1,1,0,1,0,1,1,1,1,1,0,1
1,1,0,1,0,1,1,1,0,0,0,0,0,0,0,1,1,1,1,1,1,1,1,1,1,0,1,0,1,0,1,0,0,0,1,0,1,1,1,1,0,1,0,1,0,0,0,1,1,0,0,1,0,0,0,0,0,1,1,0,0,0,1,0,0,0,0,0,1,1,1,0,0,0,1,0,0,0,0,1,0,0,1,0,0,0,0,0,1,0,1,0,0,0,0,0,0,1,0,0,0,0,0,0,0,0,0,0,0,1,0,1,1,1,1,0,0,1,1,0,0,1,0,1,0,1,0,1,1,0,1,0,0,0,0,0,1,0,0,1,0,0,0,0,0,1,1,1,0,0,0,0,1,1,0,0,0,0,0,1,1,1,0,1,0,1,1,0,1,0,0,0,0,1,0,1,1,0,0,1,0,1,1,0,0,0,1,1,0,1,0,1,0,0,0,1,1,1,1,0,0,1,1,0,0,0,1,1,1,1,1,0,1,0,1,1,1,1,1,0,1
1,1,0,1,0,1,1,1,0,0,0,0,0,0,0,1,1,1,1,1,1,1,1,1,1,0,1,0,1,0,1,0,0,0,1,0,1,1,1,1,0,1,0,1,0,0,0,1,1,0,0,1,0,0,0,0,0,1,1,0,0,0,1,0,0,0,0,0,1,1,1,0,0,0,1,0,0,0,0,1,0,0,1,0,0,0,0,0,1,0,1,0,0,0,0,0,0,1,0,0,0,0,0,0,0,0,0,0,0,1,0,1,1,1,1,0,0,1,1,0,0,1,0,1,0,1,0,1,1,0,1,0,0,0,0,0,1,0,0,1,0,0,0,0,0,1,1,1,0,0,0,0,1,1,0,0,0,0,0,1,1,1,0,1,0,1,0,0,1,0,0,0,0,1,0,1,1,0,0,1,0,1,1,0,0,0,1,1,0,1,0,1,0,0,0,1,1,1,1,0,0,1,1,0,0,0,1,1,1,1,1,0,1,0,1,1,1,1,1,0,1
1,1,1,1,0,1,1,1,0,0,0,0,0,0,0,1,1,1,1,1,1,1,1,1,1,0,1,0,1,0,1,0,0,0,1,0,1,1,1,1,0,1,0,1,0,0,0,1,1,0,0,1,0,0,0,0,0,1,1,0,0,0,1,0,0,0,0,0,1,1,1,0,0,0,1,0,0,0,0,1,0,0,1,0,0,0,0,0,1,0,1,0,0,0,0,0,0,1,0,0,0,0,0,0,0,0,0,0,0,1,0,1,1,1,1,0,0,1,1,0,0,1,0,1,0,1,0,1,1,0,1,0,0,0,0,0,1,0,0,1,0,0,0,0,0,1,1,1,0,0,0,0,1,1,0,0,0,0,0,1,1,1,0,1,0,1,1,0,1,0,0,0,0,1,0,1,1,0,0,1,0,1,1,0,0,0,1,1,0,1,0,1,0,0,0,1,1,1,1,0,0,1,1,0,0,0,1,1,1,1,1,0,1,0,1,1,1,1,1,0,1
1,1,0,1,0,1,1,1,0,1,0,0,0,0,0,1,1,1,1,1,1,1,1,1,1,0,1,0,1,0,1,0,1,0,1,0,1,1,1,1,1,1,0,1,0,0,1,1,1,0,0,1,0,0,0,0,0,1,1,0,0,0,1,0,0,0,0,0,1,1,1,0,0,0,1,0,0,0,0,1,0,0,1,0,0,0,0,0,1,0,1,0,0,0,0,0,0,1,1,0,1,0,0,0,0,0,0,0,0,1,0,1,1,1,1,0,0,1,1,1,0,1,0,1,0,1,0,1,1,0,1,0,0,0,0,0,1,1,0,1,0,0,1,0,0,1,1,1,0,0,0,0,1,1,0,0,0,0,0,1,1,1,0,1,0,1,1,0,1,0,0,0,0,1,0,1,1,0,0,1,0,1,1,0,0,0,1,1,0,1,0,1,0,0,0,1,1,1,1,0,0,1,1,0,0,0,1,1,1,1,1,0,1,0,1,1,1,1,1,0,1
1,1,0,1,0,1,1,1,0,0,0,0,0,0,0,1,1,1,1,1,1,1,1,1,1,0,1,0,1,0,1,0,0,0,1,0,1,1,1,1,0,1,0,1,0,0,0,1,1,0,0,1,0,0,0,0,0,1,1,0,0,0,1,0,0,0,0,0,1,1,1,0,0,0,1,0,0,0,0,1,0,0,1,0,0,0,0,0,1,0,1,0,0,0,0,0,0,1,0,0,0,0,0,0,0,0,0,0,0,1,0,1,1,1,1,0,0,1,1,0,0,1,0,1,0,1,0,1,1,0,1,0,0,0,0,0,1,0,0,1,0,0,0,0,0,1,1,1,0,0,0,0,1,1,0,0,0,0,0,1,1,1,0,1,0,1,1,0,1,0,0,0,0,1,0,1,1,0,0,1,0,1,1,0,0,0,1,1,0,1,0,1,0,0,0,1,1,1,1,0,0,1,1,0,0,0,1,1,1,1,1,0,1,0,1,1,1,1,1,0,1
1,1,0,1,0,1,1,1,0,0,0,0,0,0,0,1,1,1,1,1,1,1,1,1,1,0,1,0,1,0,1,0,0,0,1,0,1,1,1,1,0,1,0,1,0,0,0,1,1,0,0,1,0,0,0,0,0,1,1,0,0,0,1,0,0,0,0,0,1,1,1,0,0,0,1,0,0,0,0,1,0,0,1,0,0,0,0,0,1,0,1,0,0,0,0,0,0,1,0,0,0,0,0,0,0,0,0,0,0,1,0,1,1,1,1,0,0,1,1,0,0,1,0,1,0,1,0,1,1,0,1,0,0,0,0,0,1,0,0,1,0,0,0,0,0,1,1,1,0,0,0,0,1,1,0,0,0,0,0,1,1,1,0,1,0,1,1,0,1,0,0,0,0,1,0,1,1,0,0,1,0,1,1,0,0,0,1,1,0,1,0,1,0,0,0,1,1,1,1,0,0,1,1,0,0,0,1,1,1,1,1,0,1,0,1,1,1,1,1,0,1
0,1,0,0,0,0,0,0,0,0,0,0,0,0,0,1,1,1,1,0,0,1,1,1,0,0,1,0,1,0,0,0,0,0,0,0,1,0,1,0,0,0,0,0,0,0,0,1,0,0,0,1,0,1,1,0,0,0,0,0,0,0,1,0,0,0,0,0,0,0,0,0,0,0,0,1,0,0,0,0,0,0,0,1,0,0,0,0,1,0,0,0,0,0,0,0,1,0,0,1,0,0,0,0,0,0,0,0,0,0,0,1,0,0,0,1,1,0,1,0,0,0,0,0,0,0,0,0,0,0,0,1,0,0,0,1,0,0,0,0,0,0,0,1,0,0,0,1,0,0,0,0,0,0,0,0,0,0,0,0,1,0,0,1,0,0,0,0,0,0,0,0,0,0,0,0,1,1,0,0,1,0,0,0,0,0,0,0,0,0,0,0,0,0,0,1,1,0,0,0,0,0,0,0,0,0,1,0,0,0,0,1,0,1,0,0,0,0,0,1,0
1,1,1,1,0,1,1,1,0,0,0,0,0,0,0,1,1,1,1,1,1,1,1,1,1,0,1,0,1,0,1,0,0,0,1,0,1,1,1,1,0,1,0,1,0,0,0,1,1,0,0,1,0,0,0,0,0,1,1,0,0,0,1,0,0,0,0,0,1,1,1,0,0,0,1,0,0,0,0,1,0,0,1,0,0,0,0,0,1,0,1,0,0,0,0,0,0,1,0,0,0,0,0,0,0,0,0,0,0,1,0,1,1,1,1,0,0,1,1,0,0,1,0,1,0,1,0,1,1,0,1,0,0,0,0,0,1,0,0,1,0,0,0,0,0,1,1,1,0,0,0,0,1,1,0,0,0,0,0,1,1,1,0,1,0,1,1,0,1,0,0,0,0,1,0,1,1,0,0,1,0,1,1,0,0,0,1,1,0,1,0,1,0,0,0,1,1,1,1,0,0,1,1,0,0,0,1,1,1,1,1,0,1,0,1,1,1,1,1,0,1
0,1,0,0,0,1,0,0,0,0,0,0,0,0,0,1,1,1,1,0,0,1,1,1,0,0,1,0,1,0,1,0,0,0,0,0,1,0,1,1,0,0,0,1,0,0,0,1,1,0,0,1,0,1,1,0,0,1,1,0,0,0,1,0,0,0,0,0,1,0,0,0,0,0,0,1,0,0,0,0,0,0,0,1,0,0,0,0,1,0,1,0,0,0,0,0,1,1,0,1,0,0,0,0,0,0,0,0,0,0,0,1,1,1,0,1,1,1,1,0,0,0,0,1,0,0,0,1,1,0,0,1,0,0,0,1,1,0,0,1,0,0,0,1,0,1,1,1,0,0,0,0,0,1,0,0,0,0,0,1,1,0,0,1,0,1,0,0,1,0,0,0,0,1,0,1,1,1,0,0,1,1,0,0,0,0,1,0,0,1,0,0,0,0,0,1,1,1,1,0,0,0,0,0,0,0,1,1,0,0,0,1,0,0,1,0,0,0,0,1,0
0,1,0,0,0,0,0,0,0,0,0,0,0,0,0,1,1,1,1,0,0,1,1,1,0,1,1,0,1,1,0,0,0,0,0,0,0,0,1,0,0,0,0,0,1,1,0,1,0,0,0,1,0,1,1,0,0,0,0,1,1,1,1,0,0,1,1,1,0,0,1,0,1,0,0,1,0,0,0,1,0,0,0,1,0,0,0,1,1,1,0,1,0,0,0,0,1,0,0,1,0,1,0,1,1,0,1,0,0,1,1,1,0,0,0,1,1,0,1,0,0,1,0,0,0,0,0,0,0,0,1,1,0,0,0,1,0,0,0,0,0,0,0,1,0,0,0,1,0,0,0,0,0,0,0,0,0,0,0,0,1,0,0,1,0,0,0,0,0,0,0,0,0,0,0,0,1,1,0,0,1,0,0,0,0,0,0,0,0,0,0,0,0,0,0,1,1,0,0,0,0,0,0,0,0,0,1,0,0,0,0,1,0,0,0,0,0,0,0,1,0
0,1,0,0,0,0,0,0,0,0,0,0,0,0,0,1,1,1,1,0,0,1,1,1,0,1,1,0,1,1,0,0,0,0,0,0,0,0,1,0,0,0,0,0,1,1,0,1,0,0,0,1,0,1,1,0,0,0,0,1,1,1,1,0,0,1,1,1,0,0,1,0,1,0,0,1,0,0,0,1,0,0,0,1,0,0,0,1,1,1,0,1,0,0,0,0,1,0,0,1,0,1,0,1,1,0,1,0,0,1,1,1,0,0,0,1,1,0,1,0,0,1,0,0,0,0,0,0,0,0,1,1,0,0,0,1,0,0,0,0,0,0,0,1,0,0,0,1,0,0,0,0,0,0,0,0,0,0,0,0,1,0,0,1,0,0,0,0,0,0,0,0,0,0,0,0,1,1,0,0,1,0,0,0,0,0,0,0,0,0,0,0,0,0,0,1,1,0,0,0,0,0,0,0,0,0,1,0,0,0,0,1,0,1,0,0,0,0,0,1,0
0,1,0,1,0,0,0,0,0,0,0,0,0,0,0,1,1,1,1,0,0,1,1,1,0,1,1,0,1,1,0,0,0,1,0,0,0,0,1,0,0,0,0,0,1,1,0,1,0,0,0,1,0,1,1,0,0,0,0,1,1,1,1,0,1,1,1,1,0,0,1,0,1,0,0,1,0,0,0,1,0,0,0,1,0,0,0,1,1,1,0,1,0,0,0,0,1,0,0,1,0,1,0,1,1,0,1,0,0,1,1,1,0,0,0,1,1,0,1,0,0,1,0,0,0,0,0,0,0,0,1,1,0,0,0,1,0,0,0,0,0,0,0,1,0,0,0,1,0,0,0,0,0,0,0,0,0,0,0,0,1,0,0,1,0,0,0,0,0,0,1,0,0,0,0,0,1,1,0,0,1,0,0,0,0,0,0,0,0,0,0,0,0,0,0,1,1,0,0,0,0,0,0,0,0,0,1,0,0,0,0,1,0,0,0,0,0,0,0,1,0
0,1,0,1,0,0,0,0,0,0,0,0,0,0,0,1,1,1,1,0,0,1,1,1,0,1,1,0,1,1,0,0,0,0,0,0,0,0,1,0,0,1,0,0,1,1,0,1,0,0,0,1,0,1,1,0,0,0,0,1,1,1,1,0,0,1,1,1,0,0,1,0,1,0,0,1,0,0,0,1,0,0,0,1,0,0,0,1,1,1,0,1,0,0,0,0,1,0,0,1,0,1,0,1,1,0,1,0,0,1,1,1,0,0,0,1,1,0,1,0,0,1,0,0,0,0,0,0,0,0,1,1,0,0,0,1,0,0,0,0,0,0,0,1,0,0,0,1,0,0,0,0,0,0,0,0,0,0,0,0,1,0,0,1,0,0,0,0,0,0,0,0,0,0,0,0,1,1,0,0,1,0,0,0,0,0,0,0,0,0,0,0,0,0,0,1,1,0,0,0,0,0,0,0,0,0,1,0,0,0,0,1,0,0,0,0,0,0,0,1,0
0,1,0,1,0,1,0,0,0,0,0,0,0,0,0,1,1,1,1,0,0,1,1,1,0,1,1,0,1,1,1,0,0,1,0,0,0,0,1,0,0,0,0,1,1,1,0,1,0,0,0,1,0,1,1,0,0,0,0,1,1,1,1,1,1,1,1,1,0,0,1,1,1,0,0,1,0,1,0,1,1,0,0,1,0,1,0,1,1,1,0,1,0,0,0,0,1,0,0,1,0,1,0,1,1,0,1,0,0,1,1,1,0,0,0,1,1,0,1,0,0,1,0,0,0,0,0,0,0,0,1,1,0,0,0,1,0,0,0,0,0,0,0,1,0,0,0,1,0,0,0,0,0,0,0,0,0,0,0,0,1,0,0,1,0,0,0,0,0,0,1,1,0,0,0,0,1,1,0,0,1,0,0,0,0,0,0,0,0,0,0,0,0,0,0,1,1,0,0,0,0,0,0,0,0,0,1,0,0,0,0,1,0,0,0,0,0,0,0,1,0
0,1,0,1,0,1,0,0,0,0,0,0,0,0,0,1,1,1,1,0,0,1,1,1,0,1,1,0,1,1,1,0,0,1,0,0,0,0,1,0,0,0,0,1,1,1,0,1,0,0,0,1,0,1,1,0,0,0,0,1,1,1,1,1,1,1,1,1,0,0,1,1,1,0,0,1,0,1,0,1,1,0,0,1,0,1,0,1,1,1,0,1,0,0,0,0,1,0,0,1,0,1,0,1,1,0,1,0,0,1,1,1,0,0,0,1,1,0,1,0,0,1,0,0,0,0,0,0,0,0,1,1,0,0,0,1,0,0,0,0,0,0,0,1,0,0,0,1,0,0,0,0,0,0,0,0,0,0,0,0,1,0,0,1,0,0,0,0,0,0,1,1,0,0,0,0,1,1,0,0,1,0,0,0,0,0,0,0,0,0,0,0,0,0,0,1,1,0,0,0,0,0,0,0,0,0,1,0,0,0,0,1,0,0,0,0,0,0,0,1,0
0,1,0,0,0,0,0,0,0,0,0,0,0,0,0,1,1,1,1,0,0,1,1,1,0,1,1,0,1,1,0,0,0,0,0,0,0,0,1,0,0,0,0,0,1,1,0,1,0,0,0,1,0,1,1,0,0,0,0,1,1,1,1,0,0,1,1,1,0,0,1,0,1,0,0,1,0,0,0,1,0,0,0,1,0,0,0,1,1,1,0,1,0,0,0,0,1,0,0,1,0,1,0,1,1,0,1,0,0,1,1,1,0,0,0,1,1,0,1,0,0,1,0,0,0,0,0,0,0,0,1,1,0,0,0,1,0,0,0,0,0,0,0,1,0,0,0,1,0,0,0,0,0,0,0,0,0,0,0,0,1,0,0,1,0,0,0,0,0,0,0,0,0,0,0,0,1,1,0,0,1,0,0,0,0,0,0,0,0,0,0,0,0,0,0,1,1,0,0,0,0,0,0,0,0,0,1,0,0,0,0,1,0,0,0,0,0,0,0,1,0
0,1,0,0,0,1,0,0,0,0,0,0,0,0,0,1,1,1,1,0,0,1,1,1,0,1,1,0,1,1,1,0,0,0,0,0,0,0,1,1,0,0,0,1,1,1,0,1,1,0,0,1,0,1,1,0,0,1,1,1,1,1,1,0,0,1,1,1,1,0,1,0,1,0,0,1,0,0,0,1,0,0,0,1,0,0,0,1,1,1,1,1,0,0,0,0,1,1,0,1,0,1,0,1,1,0,1,0,0,1,1,1,1,1,0,1,1,1,1,0,0,1,0,1,0,0,0,1,1,0,1,1,0,0,0,1,1,0,0,1,0,0,0,1,0,1,1,1,0,0,0,0,0,1,0,0,0,0,0,1,1,0,0,1,0,1,0,0,1,0,0,0,0,1,0,1,1,1,0,0,1,1,0,0,0,0,1,0,0,1,0,0,0,0,0,1,1,1,1,0,0,0,0,0,0,0,1,1,0,0,0,1,0,0,1,0,0,0,0,1,0
1,1,0,0,0,1,0,0,0,0,0,0,0,0,0,1,1,1,1,0,0,1,1,1,0,1,1,0,1,1,1,0,0,0,1,1,0,0,1,1,0,0,0,1,1,1,0,1,0,0,0,1,0,1,1,0,0,1,1,1,1,1,1,0,0,1,1,1,0,1,1,0,1,0,0,1,0,0,0,1,0,0,0,1,0,0,0,1,1,1,0,1,0,0,0,0,1,1,0,1,0,1,0,1,1,0,1,0,0,1,1,1,1,0,0,1,1,1,1,0,0,1,0,0,0,0,0,1,1,0,1,1,0,0,0,1,0,0,0,0,0,0,0,1,0,0,1,1,0,0,0,0,1,1,0,0,0,0,0,0,1,0,0,1,0,1,0,0,1,0,0,0,0,1,0,1,1,1,0,0,1,0,1,0,0,0,1,0,0,1,0,1,0,0,0,1,1,1,1,0,0,1,1,0,0,1,1,1,0,0,1,1,0,0,1,1,0,0,1,1,0
0,1,0,0,0,1,0,0,0,0,0,0,0,0,0,1,1,1,1,0,0,1,1,1,0,1,1,0,1,1,1,0,0,0,1,0,0,0,1,1,0,0,0,1,1,1,0,1,0,0,0,1,0,1,1,0,0,1,1,1,1,1,1,0,0,1,1,1,0,1,1,0,1,0,0,1,0,0,0,1,0,0,0,1,0,0,0,1,1,1,0,1,0,0,0,0,1,1,0,1,0,1,0,1,1,0,1,0,0,1,1,1,1,0,0,1,1,1,1,0,0,1,0,0,0,0,0,1,1,0,1,1,0,0,0,1,0,0,0,0,0,0,0,1,0,0,1,1,0,0,0,0,1,1,0,0,0,0,0,0,1,0,0,1,0,1,0,0,1,0,0,0,0,1,0,1,1,1,0,0,1,0,1,0,0,0,1,0,0,1,0,0,0,0,0,1,1,1,1,0,0,0,0,0,0,0,1,1,0,0,1,1,0,0,1,1,0,0,1,1,0
0,1,0,0,0,0,0,0,0,0,0,0,0,0,0,1,1,1,1,0,0,1,1,1,0,1,1,0,1,1,0,0,0,0,0,0,0,0,1,0,0,0,0,0,1,1,0,1,0,0,0,1,0,1,1,0,0,0,0,1,1,1,1,0,0,1,1,1,0,0,1,0,1,0,0,1,0,0,0,1,0,0,0,1,0,0,0,1,1,1,0,1,0,0,0,0,1,0,0,1,0,1,0,1,1,0,1,0,0,1,1,1,0,0,0,1,1,0,1,0,0,1,0,0,0,0,0,0,0,0,1,1,0,0,0,1,0,0,0,0,0,0,0,1,0,0,0,1,0,0,0,0,0,0,0,0,0,0,0,0,1,0,0,1,0,0,0,0,0,0,0,0,0,0,0,0,1,1,0,0,1,0,0,0,0,0,0,0,0,0,0,0,0,0,0,1,1,0,0,0,0,0,0,0,0,0,1,0,0,1,0,1,0,1,0,1,0,1,0,1,0
0,1,0,0,0,0,0,0,1,0,1,0,0,1,0,1,1,1,1,0,0,1,0,0,0,1,1,1,1,1,0,1,0,0,0,0,0,0,1,0,0,0,0,0,1,1,0,1,0,0,0,1,0,1,1,0,0,0,0,1,1,1,1,0,0,1,1,1,0,0,1,0,1,0,0,1,0,0,0,1,0,0,0,1,0,0,0,1,1,1,0,1,0,0,0,0,1,0,0,1,0,1,0,1,1,0,1,0,0,1,1,1,0,0,0,1,1,0,1,0,0,1,0,0,0,0,0,0,0,0,1,1,0,0,0,1,0,0,0,0,0,0,0,1,0,0,0,1,0,0,0,0,0,0,0,0,0,0,0,0,1,0,0,1,0,0,0,0,0,0,0,0,0,0,0,0,1,1,0,0,1,0,0,0,0,0,0,0,0,0,0,0,0,0,0,1,1,0,0,0,0,0,0,0,0,0,1,0,0,0,0,1,0,0,0,0,0,0,0,1,0
0,1,0,0,0,1,0,0,0,0,0,0,0,0,0,1,1,1,1,0,0,1,1,1,1,1,1,0,1,1,1,0,0,0,1,0,0,0,1,1,0,0,0,1,1,1,0,1,0,0,0,1,0,1,1,0,0,1,1,1,1,1,1,0,0,1,1,1,0,1,1,0,1,0,0,1,0,0,0,1,0,0,0,1,0,0,0,1,1,1,0,1,0,0,0,0,1,1,0,1,0,1,0,1,1,0,1,0,0,1,1,1,1,1,0,1,1,1,1,0,0,1,0,0,0,0,0,1,1,0,1,1,0,0,0,1,0,0,0,0,0,0,0,1,0,0,1,1,0,0,0,0,1,1,0,0,0,0,0,0,1,0,0,1,0,1,0,0,1,0,0,0,0,1,0,1,1,1,0,0,1,0,1,0,0,0,1,0,0,1,0,1,0,0,0,1,1,1,1,0,0,1,1,0,0,0,1,1,1,1,1,1,0,0,1,1,1,1,1,1,0
0,1,0,1,0,1,0,0,0,0,0,0,0,0,0,1,1,1,1,1,1,1,0,1,0,0,1,0,0,0,1,0,0,0,0,0,0,1,1,0,0,1,1,1,0,0,0,1,1,0,0,1,0,1,1,0,0,0,0,0,0,0,1,0,0,0,0,0,1,0,0,0,0,0,0,1,0,0,0,0,0,0,0,1,0,0,0,0,1,0,0,0,0,0,0,0,1,0,0,1,0,0,0,0,0,0,0,0,0,0,0,1,0,0,0,1,1,0,1,0,0,0,0,0,1,0,0,0,0,0,0,1,0,0,0,1,0,0,1,0,0,0,0,1,0,0,0,1,0,0,1,1,0,0,0,0,0,0,0,0,1,0,0,1,0,0,0,0,0,0,0,0,0,0,0,0,1,1,1,0,1,0,0,0,0,0,0,0,0,0,0,0,0,0,0,1,1,0,0,0,0,0,0,0,0,0,0,0,0,0,0,1,0,0,0,0,0,0,0,1,0
0,1,0,1,0,0,0,0,1,0,0,0,0,0,0,1,1,1,1,1,1,1,0,1,0,0,1,0,0,0,0,1,0,0,0,0,0,1,1,0,0,1,0,0,0,0,0,1,0,0,0,1,0,1,1,0,0,0,0,0,0,0,1,0,0,0,0,0,0,0,0,0,0,0,0,1,0,0,0,0,0,0,0,1,0,0,0,0,1,0,0,0,0,0,0,0,1,0,0,1,0,0,0,0,0,0,0,0,0,0,0,1,0,0,0,1,1,0,1,0,0,0,0,0,0,0,0,0,0,0,0,1,0,0,0,1,0,0,1,0,0,0,0,1,0,0,0,1,0,0,0,0,0,0,0,0,0,0,0,0,1,0,0,1,0,0,0,0,0,0,0,0,0,0,0,0,1,1,0,0,1,0,0,0,0,0,0,0,0,0,0,0,0,0,0,1,1,0,0,0,0,0,0,0,0,0,0,0,0,0,0,1,0,0,0,0,0,0,0,1,0
0,1,0,1,1,0,0,0,0,0,1,0,1,1,0,1,1,1,1,0,0,1,0,0,0,1,1,0,1,0,0,0,0,0,0,0,0,1,1,0,0,1,0,0,0,0,0,1,0,0,1,1,1,1,1,1,0,0,0,0,0,0,1,0,0,1,0,1,0,0,1,0,0,0,0,1,0,0,0,0,0,0,1,1,1,0,0,1,1,0,0,0,1,1,1,0,1,0,0,1,0,0,1,1,0,0,0,0,0,0,0,1,0,0,0,1,1,0,1,0,0,0,1,0,0,0,0,0,0,0,0,1,0,0,0,1,0,0,1,0,1,0,0,1,0,0,0,1,0,0,0,0,0,0,0,0,0,0,0,0,1,0,0,1,1,0,0,0,0,0,0,0,0,0,1,0,1,1,0,0,1,0,0,0,0,0,0,0,0,0,0,0,0,0,0,1,1,0,0,0,0,0,0,0,0,0,0,0,0,0,0,1,0,0,0,0,0,0,0,1,0
0,1,0,1,1,1,1,0,0,0,1,0,1,1,0,1,1,1,1,0,0,1,0,0,0,1,1,0,1,0,0,0,0,0,0,0,0,1,1,0,0,1,0,0,0,0,0,1,0,0,1,1,1,1,1,1,0,0,0,0,0,0,1,0,0,1,0,1,0,0,1,0,0,0,0,1,0,0,0,0,0,0,1,1,1,0,0,1,1,0,0,0,1,1,1,0,1,0,0,1,0,0,1,1,0,0,0,0,0,0,0,1,0,0,0,1,1,0,1,0,0,0,1,0,0,0,0,0,0,0,0,1,0,0,0,1,0,0,1,0,1,0,0,1,0,0,0,1,0,0,0,0,0,0,0,0,0,0,0,0,1,0,0,1,1,0,0,0,0,0,0,0,0,0,1,0,1,1,0,0,1,0,0,0,0,0,0,0,0,0,0,0,0,0,0,1,1,0,0,0,0,0,0,0,0,0,0,0,0,0,0,1,0,0,0,0,0,0,0,1,0
0,1,0,1,1,0,0,0,0,0,1,0,1,1,0,1,1,1,1,0,0,1,1,1,0,1,1,0,1,1,0,0,0,0,0,0,0,1,1,0,0,1,0,0,1,1,0,1,0,0,0,1,0,1,1,0,0,0,0,0,1,1,1,0,0,1,0,0,0,0,1,0,1,0,0,1,0,0,0,1,0,0,0,1,0,0,0,1,1,0,0,0,0,0,0,0,1,0,0,1,0,0,0,1,1,0,1,0,0,1,1,1,0,0,0,1,1,0,1,0,0,1,0,0,0,0,1,0,0,0,1,1,0,0,0,1,0,0,1,0,0,0,0,1,0,0,0,1,1,0,0,0,0,0,0,0,0,0,0,0,1,0,0,1,0,0,0,0,0,0,0,0,0,0,0,0,1,1,0,0,1,0,0,0,0,0,0,0,0,0,0,0,0,0,0,1,1,0,0,0,0,0,0,0,0,0,0,0,0,0,0,1,0,0,0,0,0,0,0,1,0
0,0,0,1,0,0,0,0,0,0,0,0,0,0,0,1,1,1,1,0,0,1,0,0,0,1,1,0,1,0,0,0,0,1,0,0,0,0,1,0,0,0,0,0,1,1,0,1,0,0,0,1,0,1,1,0,0,0,0,1,1,1,1,0,1,1,1,1,0,0,1,0,1,0,0,1,0,0,0,1,0,0,0,1,0,0,0,1,1,1,0,1,0,0,0,0,1,0,0,1,0,1,0,1,1,0,1,0,0,1,1,1,0,0,0,1,1,0,1,0,0,1,0,0,0,0,0,0,0,0,1,1,0,0,0,1,0,0,1,0,0,0,0,1,1,0,0,1,0,0,0,0,0,0,0,1,0,0,0,0,1,0,0,1,0,0,0,0,0,0,0,0,0,0,0,0,1,1,0,0,1,0,0,0,0,0,0,0,0,0,0,0,0,0,0,1,1,0,0,0,0,0,0,0,0,0,0,0,0,0,0,1,0,0,0,0,0,0,0,1,0
0,1,0,1,0,0,0,0,0,0,1,0,1,1,0,1,1,1,1,0,0,1,1,1,1,1,1,0,1,1,0,0,0,0,0,0,0,1,1,0,0,1,0,0,1,1,0,1,0,0,0,1,0,1,1,0,0,0,0,1,1,1,1,0,0,1,1,1,0,0,1,0,1,0,0,1,0,0,0,1,0,0,0,1,0,0,0,1,1,1,0,1,0,0,0,0,1,0,0,1,0,1,0,1,1,0,1,0,0,1,1,1,0,0,0,1,1,0,1,0,0,1,0,0,0,0,0,0,0,0,1,1,0,0,0,1,0,0,1,0,0,0,0,1,0,0,0,1,0,0,0,0,0,0,0,0,0,0,0,0,1,0,0,1,0,0,0,0,0,0,0,0,0,0,0,0,1,1,0,0,1,0,0,0,0,0,0,0,0,0,0,0,0,0,0,1,1,0,0,0,0,0,0,0,0,0,1,0,0,0,0,1,0,0,0,0,0,0,0,1,0
0,1,0,1,0,0,0,0,0,0,0,0,0,0,0,1,1,1,1,0,0,1,0,0,0,1,1,0,1,0,0,0,0,1,0,0,0,0,1,0,0,1,0,0,1,1,0,1,0,0,0,1,0,1,1,0,0,0,0,1,1,1,1,1,1,1,1,1,0,0,1,0,1,0,0,1,0,0,0,1,0,0,0,1,0,0,0,1,1,1,0,1,0,0,0,0,1,0,0,1,0,1,0,1,1,1,1,0,0,1,1,1,0,0,0,1,1,0,1,0,0,1,0,0,0,0,0,0,0,0,1,1,0,0,0,1,0,0,1,0,0,0,0,1,1,0,0,1,0,0,0,0,0,0,0,1,0,0,0,0,1,0,0,1,0,0,0,0,0,0,1,0,0,0,0,0,1,1,0,0,1,0,0,0,0,0,0,0,0,0,0,0,0,0,0,1,1,0,0,0,0,0,0,0,0,0,0,0,0,0,0,1,0,0,0,0,0,0,0,1,0
0,1,0,1,0,1,1,0,0,0,1,0,1,1,0,0,0,1,1,0,0,0,0,0,0,0,1,0,0,0,1,0,0,0,0,0,0,0,0,1,0,1,0,1,0,0,0,1,1,0,0,1,0,0,0,0,0,1,1,0,0,0,1,0,0,0,0,0,1,0,0,1,0,0,0,0,0,1,0,0,1,0,0,0,0,1,0,0,1,0,1,0,0,0,0,1,0,1,0,0,0,0,0,0,0,0,0,1,0,0,0,1,1,1,0,0,0,1,1,0,1,0,0,1,0,0,0,1,1,0,0,0,1,0,0,0,1,0,1,1,0,1,0,0,0,1,1,1,0,0,0,0,0,1,0,0,0,1,0,1,1,0,0,1,0,1,1,0,1,0,0,1,1,1,0,1,1,0,0,0,0,1,0,1,1,0,1,0,1,1,0,0,1,0,0,1,0,1,0,0,0,0,0,1,0,0,1,0,0,1,1,0,0,0,0,0,0,1,1,0,0
0,1,0,1,0,1,1,0,0,0,1,0,1,1,0,0,0,1,1,0,0,0,0,0,0,0,1,0,0,0,1,0,0,0,0,0,0,0,0,0,0,1,0,1,0,0,0,1,0,0,0,0,0,0,0,0,0,0,0,0,0,0,1,0,0,0,0,0,0,0,0,1,0,0,0,0,0,1,0,0,1,0,0,0,0,1,0,0,1,0,0,0,0,0,0,1,0,0,0,0,0,0,0,0,0,0,0,1,0,0,0,1,0,0,0,0,0,0,1,0,1,0,0,0,0,0,0,0,0,0,0,0,1,0,0,0,0,0,1,0,0,1,0,0,0,0,0,1,0,0,0,0,0,0,0,0,0,1,0,0,1,0,0,1,0,0,0,0,0,0,0,1,1,0,0,0,1,0,0,0,0,0,0,1,1,0,0,0,1,0,0,0,1,0,0,1,0,0,0,0,0,0,0,1,0,0,1,0,0,1,0,0,0,0,0,0,0,1,0,0,0
0,1,0,1,0,1,1,0,0,0,1,0,1,1,0,0,0,1,1,0,0,0,0,0,0,0,1,0,0,0,1,0,0,0,0,0,0,0,0,0,0,1,0,1,0,0,0,1,0,0,0,1,0,0,0,0,0,0,0,0,0,0,1,0,0,0,0,0,0,0,0,1,0,0,0,0,0,1,0,0,1,0,0,0,0,1,0,0,1,0,0,0,0,0,0,1,0,0,0,0,0,0,0,0,0,0,0,1,0,0,0,1,0,0,0,0,0,0,1,0,1,0,0,0,0,0,0,0,0,0,0,0,1,0,0,0,0,0,0,0,0,1,0,0,0,0,0,1,0,0,0,0,0,0,0,0,0,1,0,0,1,0,0,1,0,0,0,0,0,0,0,1,1,0,0,0,1,0,0,0,0,0,0,1,1,0,0,0,1,0,0,0,1,0,0,1,0,0,0,0,0,0,0,1,0,0,1,0,0,1,0,0,0,0,0,0,0,1,0,0,0
0,1,0,1,0,1,1,0,0,0,1,0,1,1,0,0,0,1,1,0,0,0,0,0,0,0,1,0,0,0,1,0,0,0,0,0,0,0,0,1,0,1,0,1,0,0,0,1,1,0,0,1,0,0,0,0,0,1,1,0,0,0,1,0,0,0,0,0,1,0,0,1,0,0,0,0,0,1,0,0,1,0,0,0,0,1,0,0,1,0,1,0,0,0,0,1,0,1,0,0,0,0,0,0,0,0,0,1,0,0,0,1,1,1,0,0,0,1,1,0,1,0,0,1,0,0,0,1,1,0,0,0,1,0,0,0,1,0,0,1,0,1,0,0,0,1,1,1,0,0,0,0,0,1,0,0,0,1,0,1,1,0,0,1,0,1,1,0,1,0,0,1,1,1,0,1,1,0,0,0,0,1,0,1,1,0,1,0,1,1,0,0,1,0,0,1,0,1,0,0,0,0,0,1,0,0,1,0,0,1,1,0,0,0,0,0,0,1,1,0,0
0,1,0,1,0,1,1,0,0,0,1,0,1,1,0,0,0,1,1,0,0,0,0,0,0,0,1,0,0,0,1,0,0,0,0,0,0,0,0,0,0,1,0,1,0,0,0,1,0,0,0,1,0,0,0,0,0,0,0,0,0,0,1,0,0,0,0,0,0,0,0,1,0,0,0,0,0,1,0,0,1,0,0,0,0,1,0,0,1,0,0,0,0,0,0,1,0,0,0,0,0,0,0,0,0,0,0,1,0,0,0,1,0,0,0,0,0,0,1,0,1,0,0,0,0,0,0,0,0,0,0,0,1,0,0,0,0,0,0,0,0,1,0,0,0,0,0,1,0,0,0,0,0,0,0,0,0,1,0,0,1,0,0,1,0,0,0,0,0,0,0,1,1,0,0,0,1,0,0,0,0,0,0,1,1,0,0,0,1,0,0,0,1,0,0,1,0,0,0,0,0,0,0,1,0,0,1,0,0,1,0,0,0,0,0,0,0,1,0,0,0
0,0,0,0,0,0,0,0,0,0,1,1,0,0,0,0,0,0,0,0,0,0,0,0,0,0,0,0,0,0,0,0,0,1,0,0,0,1,1,0,0,1,0,0,0,0,0,1,0,0,0,0,0,0,0,0,0,0,0,0,0,0,0,1,1,0,0,0,0,0,0,0,0,0,0,0,0,0,0,0,0,0,0,0,0,0,0,0,1,0,0,0,0,0,0,0,0,0,0,0,0,0,0,0,0,1,0,0,0,0,0,1,0,0,0,0,0,0,1,0,0,0,0,0,0,0,0,0,0,0,0,0,0,0,0,0,0,0,0,0,0,0,0,0,0,0,0,1,0,0,0,0,0,0,0,0,0,0,0,0,1,0,0,1,0,0,0,0,0,0,1,0,0,0,0,0,1,0,0,0,0,0,0,0,0,0,0,0,0,0,0,0,0,0,0,1,0,0,0,0,0,0,0,0,0,0,1,0,0,1,0,0,0,0,0,0,0,1,0,0,0
0,1,0,1,0,1,1,0,0,0,1,0,1,1,0,0,0,1,1,0,0,0,0,0,0,0,1,0,0,0,1,0,0,0,0,0,0,0,0,1,0,1,0,1,0,0,0,1,1,0,0,1,0,0,0,0,0,1,1,0,0,0,1,0,0,0,0,0,1,0,0,1,0,0,0,0,0,1,0,0,1,0,0,0,0,1,0,0,1,0,1,0,0,0,0,1,0,1,0,0,0,0,0,0,0,0,0,1,0,0,0,1,1,1,0,0,0,1,1,0,1,0,0,1,0,0,0,1,1,0,0,0,1,0,0,0,1,0,0,1,0,1,0,0,0,1,1,1,0,0,0,0,0,1,0,0,0,1,0,1,1,0,0,1,0,1,1,0,1,0,0,1,1,1,0,1,1,0,0,0,0,1,0,1,1,0,1,0,1,1,0,0,1,0,0,1,0,1,0,0,0,0,0,1,0,0,1,0,0,1,1,0,0,0,0,0,0,1,1,0,0
0,1,0,1,0,0,0,0,0,0,1,0,1,1,0,1,1,1,1,0,0,1,0,0,0,1,1,1,1,1,0,0,0,1,0,0,0,0,1,0,0,0,0,0,1,1,0,1,0,0,0,1,0,1,1,0,0,0,0,1,1,1,1,1,1,1,1,1,0,0,1,0,1,0,0,1,0,0,0,1,0,0,0,1,0,0,0,1,1,1,0,1,0,0,0,0,1,0,0,1,0,1,0,1,1,0,1,0,0,1,1,1,0,0,0,1,1,0,1,0,0,1,0,0,0,0,0,0,0,0,1,1,0,0,0,1,0,0,0,0,0,0,0,1,0,0,0,1,0,0,0,0,0,0,0,0,0,0,0,0,1,0,0,1,0,0,0,0,0,0,1,0,0,0,0,0,1,1,0,0,1,0,0,0,0,0,0,0,0,0,0,0,0,0,0,1,0,0,0,0,0,0,0,0,0,0,0,0,0,0,0,1,0,0,0,0,0,0,0,1,0
0,1,0,1,0,0,0,0,0,0,1,0,1,1,0,1,1,1,1,0,0,1,1,1,0,1,1,1,1,1,0,0,0,0,0,0,0,0,1,0,0,1,0,0,1,1,0,1,0,0,0,1,0,1,1,0,0,0,0,1,1,1,1,0,0,1,1,1,0,0,1,0,1,0,0,1,0,0,0,1,0,0,0,1,0,0,0,1,1,1,0,1,0,0,0,0,1,0,0,1,0,1,0,1,1,0,1,0,0,1,1,1,0,0,0,1,1,0,1,0,0,1,0,0,0,0,0,0,0,0,1,1,0,0,0,1,0,0,0,0,0,0,0,1,0,0,0,1,0,0,0,0,0,0,0,0,0,0,0,0,1,0,0,1,0,0,0,0,0,0,0,0,0,0,0,0,1,1,0,0,1,0,0,0,0,0,0,0,0,0,0,0,0,0,0,1,1,0,0,0,0,0,0,0,0,0,1,0,0,0,0,1,0,0,0,1,0,0,0,1,0
0,1,0,1,0,1,0,0,0,0,0,0,0,0,0,1,1,1,1,1,1,1,0,1,0,1,1,0,1,0,1,0,0,0,0,0,0,0,1,0,0,1,1,1,1,1,0,1,1,0,0,1,0,1,1,0,0,0,0,1,1,1,1,0,0,1,1,1,1,0,1,0,1,0,0,1,0,0,0,1,0,0,0,1,0,0,0,1,1,1,0,1,0,0,0,0,1,0,0,1,0,1,0,1,1,0,1,0,0,1,1,1,0,0,0,1,1,0,1,0,0,1,0,0,1,0,0,0,0,0,1,1,0,0,0,1,0,0,0,0,0,0,0,1,0,0,0,1,0,0,1,1,0,0,0,0,0,0,0,0,1,0,0,1,0,0,0,0,0,0,0,0,0,0,0,0,1,1,1,0,1,0,0,0,0,0,0,0,0,0,0,0,0,0,0,1,0,0,0,0,0,0,0,0,0,0,0,0,0,0,0,1,0,0,0,0,0,0,0,1,0
0,1,0,1,0,1,1,0,0,0,0,0,0,0,0,1,1,1,1,1,1,1,0,1,0,1,1,0,1,0,1,0,0,0,0,0,0,0,1,1,0,1,1,1,1,1,0,1,1,0,0,1,0,1,1,0,0,1,1,1,1,1,1,0,0,1,1,1,1,0,1,0,1,0,0,1,0,0,0,1,0,0,0,1,0,0,0,1,1,1,1,1,0,0,0,0,1,1,0,1,0,1,0,1,1,0,1,0,0,1,1,1,1,1,0,1,1,1,1,0,0,1,0,1,1,0,0,1,1,0,1,1,0,0,0,1,1,0,0,1,0,0,0,1,0,1,1,1,0,0,1,1,0,1,0,0,0,0,0,1,1,0,0,1,0,1,0,0,1,0,0,0,0,1,0,1,1,1,1,0,1,1,0,0,0,0,1,0,0,1,0,0,0,0,0,1,0,0,1,0,0,0,0,0,0,0,0,0,1,0,0,1,0,0,0,0,1,0,0,1,0
0,1,0,0,0,0,0,0,0,0,0,0,0,0,0,1,1,1,1,0,0,1,0,0,0,1,1,0,1,0,0,0,0,0,0,0,0,0,1,0,0,0,0,0,1,1,0,1,0,0,0,1,0,1,1,0,0,0,0,1,1,1,1,0,0,1,1,1,0,0,1,0,1,0,0,1,0,0,0,1,0,0,0,1,0,0,0,1,1,1,0,1,0,0,0,0,1,0,0,1,0,1,0,1,1,0,1,0,0,1,1,1,0,0,0,1,1,0,1,0,0,1,0,0,0,0,0,0,0,0,1,1,0,0,0,1,0,0,0,0,0,0,0,1,0,0,0,1,0,0,0,0,0,0,0,0,0,0,0,0,1,0,0,1,0,0,0,0,0,0,0,0,0,0,0,0,1,1,0,0,1,0,0,0,0,0,0,0,0,0,0,0,0,0,0,1,0,0,0,0,0,0,0,0,0,0,0,0,0,0,0,1,0,0,0,0,0,0,0,1,0
0,1,0,0,0,1,0,0,0,0,0,0,0,0,0,1,1,1,1,0,0,1,0,0,0,1,1,0,1,0,1,0,0,0,1,0,0,0,1,1,0,0,0,1,1,1,0,1,0,0,0,1,0,1,1,0,0,1,1,1,1,1,1,0,0,1,1,1,0,1,1,0,1,0,0,1,0,0,0,1,0,0,0,1,0,0,0,1,1,1,0,1,0,0,0,0,1,1,0,1,0,1,0,1,1,0,1,0,0,1,1,1,1,1,0,1,1,1,1,0,0,1,0,0,0,0,0,1,1,0,1,1,0,0,0,1,0,0,0,0,0,0,0,1,0,0,1,1,0,0,0,0,1,1,0,0,0,0,0,0,1,0,0,1,0,1,0,0,1,0,0,0,0,1,0,1,1,1,0,0,1,0,1,0,0,0,1,0,0,1,0,0,0,0,0,1,0,0,0,0,0,0,0,0,0,0,0,1,0,0,0,1,0,0,1,0,0,0,0,1,0
0,1,0,0,0,1,1,0,0,0,0,0,0,0,0,1,1,1,1,0,0,1,0,0,0,1,1,0,1,0,1,0,0,0,1,0,0,0,1,1,0,0,0,1,1,1,0,1,1,0,0,1,0,1,1,0,0,1,1,1,1,1,1,0,0,1,1,1,1,1,1,0,1,0,0,1,0,0,0,1,0,0,0,1,0,0,0,1,1,1,1,1,0,0,0,0,1,1,0,1,0,1,0,1,1,0,1,0,0,1,1,1,1,1,1,1,1,1,1,0,0,1,0,1,0,1,0,1,1,1,1,1,0,0,0,1,1,0,0,1,0,0,0,1,0,1,1,1,0,0,0,0,1,1,0,0,0,0,0,1,1,1,0,1,0,1,0,1,1,0,0,0,0,1,0,1,1,1,0,1,1,1,1,0,0,0,1,0,0,1,1,0,0,0,0,1,0,0,1,1,1,0,0,0,0,0,0,1,1,0,0,1,1,0,1,0,1,0,0,1,1
0,1,0,0,0,1,1,0,0,0,0,0,0,0,0,1,1,1,1,0,0,1,0,0,0,1,1,0,1,0,1,0,0,0,0,0,0,0,1,1,0,0,0,1,1,1,0,1,1,0,0,1,0,1,1,0,0,1,1,1,1,1,1,0,0,1,1,1,1,0,1,0,1,0,0,1,0,0,0,1,0,0,0,1,0,0,0,1,1,1,1,1,0,0,0,0,1,1,0,1,0,1,0,1,1,0,1,0,0,1,1,1,1,1,1,1,1,1,1,0,0,1,0,1,0,1,0,1,1,1,1,1,0,0,0,1,1,0,0,1,0,0,0,1,0,1,1,1,0,0,0,0,0,1,0,0,0,0,0,1,1,1,0,1,0,1,0,1,1,0,0,0,0,1,0,1,1,1,0,1,1,1,0,0,0,0,1,0,0,1,1,0,0,0,0,1,0,0,1,1,1,0,0,0,0,0,0,1,1,0,0,1,1,0,1,0,1,0,0,1,1
0,1,0,0,0,1,0,0,0,0,0,0,0,0,0,1,1,1,1,0,0,1,0,0,0,1,1,0,1,0,1,0,0,0,0,0,0,0,1,1,0,0,0,1,1,1,0,1,1,0,0,1,0,1,1,0,0,1,1,1,1,1,1,0,0,1,1,1,1,0,1,0,1,0,0,1,0,0,0,1,0,0,0,1,0,0,0,1,1,1,1,1,0,0,0,0,1,1,0,1,0,1,0,1,1,0,1,0,0,1,1,1,1,1,0,1,1,1,1,0,0,1,0,1,0,0,0,1,1,0,1,1,0,0,0,1,1,0,0,1,0,0,0,1,0,1,1,1,0,0,0,0,0,1,0,0,0,0,0,1,1,0,0,1,0,1,0,0,1,0,0,0,0,1,0,1,1,1,0,0,1,1,0,0,0,0,1,0,0,1,0,0,0,0,0,1,0,0,1,0,0,0,0,0,0,0,0,0,1,0,0,1,0,0,0,0,1,0,0,1,0
0,1,0,1,0,1,1,0,0,0,0,0,0,0,0,1,1,1,1,0,0,1,0,0,0,1,1,0,1,0,1,0,0,0,1,0,0,0,1,1,0,0,0,1,1,1,0,1,0,0,0,1,0,1,1,0,0,1,1,1,1,1,1,0,0,1,1,1,0,1,1,0,1,0,0,1,0,0,0,1,0,0,0,1,0,0,0,1,1,1,0,1,0,0,0,0,1,1,0,1,0,1,0,1,1,0,1,0,0,1,1,1,1,1,0,1,1,1,1,0,0,1,0,0,0,0,0,1,1,0,1,1,0,0,0,1,0,0,0,0,0,0,0,1,0,0,1,1,0,0,0,0,1,1,0,0,0,0,0,0,1,0,0,1,0,1,0,0,1,0,0,0,0,1,0,1,1,1,0,0,1,0,1,0,0,0,1,1,0,1,0,0,0,0,0,1,0,1,0,0,0,0,0,0,0,0,0,0,0,0,1,1,0,0,0,0,0,0,1,1,0
0,1,0,1,0,0,0,0,0,0,0,0,0,0,0,1,1,1,1,0,0,1,0,0,0,1,1,0,1,0,0,0,0,0,0,0,0,0,1,0,0,0,0,0,1,1,0,1,0,0,0,1,0,1,1,0,0,0,0,1,1,1,1,0,0,1,1,1,0,0,1,0,1,0,0,1,0,0,0,1,0,0,0,1,0,0,0,1,1,1,0,1,0,0,0,0,1,0,0,1,0,1,0,1,1,0,1,0,0,1,1,1,0,0,0,1,1,0,1,0,0,1,0,0,0,0,0,0,0,0,1,1,0,0,0,1,0,0,0,0,0,0,0,1,0,0,0,1,0,0,0,0,0,0,0,0,0,0,0,0,1,0,0,1,0,0,0,0,0,0,0,0,0,0,0,0,1,1,0,0,1,0,0,0,0,0,0,0,0,0,0,0,0,0,0,1,0,0,0,0,0,0,0,0,0,0,0,0,0,0,0,1,0,0,0,0,0,0,0,1,0
0,1,0,1,0,1,0,0,0,0,0,0,0,0,0,1,1,1,1,0,0,1,0,0,0,1,1,0,1,0,1,0,0,0,1,0,0,0,1,1,0,1,0,1,1,1,0,1,0,0,0,1,0,1,1,0,0,1,1,1,1,1,1,0,0,1,1,1,0,1,1,0,1,0,0,1,0,0,0,1,0,0,0,1,0,0,0,1,1,1,0,1,0,0,0,0,1,1,0,1,0,1,0,1,1,0,1,0,0,1,1,1,1,1,0,1,1,1,1,0,0,1,0,0,0,0,0,1,1,0,1,1,0,0,0,1,0,0,0,0,0,0,0,1,0,0,1,1,0,0,0,0,1,1,0,0,0,0,0,0,1,0,0,1,0,1,1,0,1,0,0,0,0,1,0,1,1,1,0,0,1,0,1,0,0,0,1,0,0,1,0,1,0,0,0,1,0,1,0,0,0,1,1,0,0,0,0,0,0,0,1,1,0,0,0,0,0,0,1,1,0
0,1,0,1,0,1,0,0,0,0,0,0,0,0,0,1,1,1,1,0,0,1,0,0,0,1,1,0,1,0,1,0,0,0,0,0,0,0,1,1,0,1,0,1,1,1,0,1,1,0,0,1,0,1,1,0,0,1,1,1,1,1,1,0,0,1,1,1,1,0,1,0,1,0,0,1,0,0,0,1,0,0,0,1,0,0,0,1,1,1,1,1,0,0,0,0,1,1,0,1,0,1,0,1,1,0,1,0,0,1,1,1,1,1,0,1,1,1,1,0,0,1,0,1,0,0,0,1,1,0,1,1,0,0,0,1,1,0,0,1,0,0,0,1,0,1,1,1,0,0,0,0,0,1,0,0,0,0,0,1,1,0,0,1,0,1,1,0,1,0,0,0,0,1,0,1,1,1,0,0,1,1,0,0,0,0,1,0,0,1,0,1,0,0,0,1,0,1,0,0,0,1,1,0,0,0,0,0,0,0,1,1,0,0,0,0,0,0,1,1,0
0,1,0,1,0,0,0,0,0,0,0,0,0,0,0,1,1,1,1,1,1,1,0,1,0,1,1,0,1,0,0,0,0,0,0,0,0,0,1,0,0,1,0,0,1,1,0,1,0,0,0,1,0,1,1,0,0,0,0,1,1,1,1,0,0,1,1,1,0,0,1,0,1,0,0,1,0,0,0,1,0,0,0,1,0,0,0,1,1,1,0,1,0,0,0,0,1,0,0,1,0,1,0,1,1,0,1,0,0,1,1,1,0,0,0,1,1,0,1,0,0,1,0,0,0,0,1,0,0,0,1,1,0,0,0,1,0,0,0,0,0,0,0,1,0,0,0,1,1,0,0,0,0,0,0,0,0,0,0,0,1,0,0,1,0,0,0,0,0,0,0,0,0,0,0,0,1,1,0,0,1,0,0,0,0,0,0,0,0,0,0,0,0,0,0,1,0,0,0,0,0,0,0,0,0,0,0,0,0,0,0,1,0,0,0,0,0,0,0,1,0
0,1,0,1,0,1,0,0,0,0,0,0,0,0,0,1,1,1,1,1,1,1,0,1,0,1,1,0,1,0,1,0,0,0,0,0,0,0,1,1,0,1,0,1,1,1,0,1,1,0,0,1,0,1,1,0,0,1,1,1,1,1,1,0,0,1,1,1,1,0,1,0,1,0,0,1,0,0,0,1,0,0,0,1,0,0,0,1,1,1,1,1,0,0,0,0,1,1,0,1,0,1,0,1,1,0,1,0,0,1,1,1,1,1,0,1,1,1,1,0,0,1,0,1,1,0,1,1,1,0,1,1,0,0,0,1,1,0,0,1,0,0,0,1,0,1,1,1,1,0,0,1,0,1,0,0,0,0,0,1,1,0,0,1,0,1,0,0,1,0,0,0,0,1,0,1,1,1,1,0,1,1,0,0,0,0,1,0,0,1,0,0,0,0,0,1,0,0,1,0,0,0,0,0,0,0,0,0,1,0,0,1,0,0,0,0,1,0,0,1,0
0,1,0,1,0,0,0,0,0,0,0,0,0,0,0,1,1,1,1,0,0,1,0,0,0,1,1,0,1,0,0,0,0,0,0,0,0,0,1,0,0,1,0,0,1,1,0,1,0,0,0,1,0,1,1,0,0,0,0,1,1,1,1,0,0,1,1,1,0,0,1,0,1,0,0,1,0,0,0,1,0,0,0,1,0,0,0,1,1,1,0,1,0,0,0,0,1,0,0,1,0,1,0,1,1,0,1,0,0,1,1,1,0,0,0,1,1,0,1,0,0,1,0,0,0,0,0,0,0,0,1,1,0,0,0,1,0,0,0,0,0,0,0,1,0,0,0,1,0,0,0,0,0,0,0,0,0,0,0,0,1,0,0,1,0,0,0,0,0,0,0,0,0,0,0,0,1,1,0,0,1,0,0,0,0,0,0,0,0,0,0,0,0,0,0,1,0,0,0,0,0,0,0,0,0,0,0,0,0,0,0,1,0,0,0,0,0,0,0,1,0
0,1,0,1,0,0,0,0,0,1,0,0,0,0,0,1,1,1,1,0,0,1,0,0,0,1,1,0,1,0,0,0,1,0,0,0,0,0,1,0,1,1,0,0,1,1,1,1,0,0,0,1,0,1,1,0,0,0,0,1,1,1,1,0,0,1,1,1,0,0,1,0,1,0,0,1,0,0,0,1,0,0,0,1,0,0,0,1,1,1,0,1,0,0,0,0,1,0,1,1,1,1,0,1,1,0,1,0,0,1,1,1,0,0,0,1,1,0,1,1,0,1,0,0,0,0,0,0,0,0,1,1,0,0,0,1,0,1,0,0,0,0,1,1,0,0,0,1,0,0,0,0,0,0,0,0,0,0,0,0,1,0,0,1,0,0,0,0,0,0,0,0,0,0,0,0,1,1,0,0,1,0,0,0,0,0,0,0,0,0,0,0,0,0,0,1,0,0,0,0,0,0,0,0,0,0,0,0,0,0,0,1,0,0,0,0,0,0,0,1,0
0,1,0,0,0,0,0,0,0,0,0,0,0,0,0,1,1,1,1,0,0,1,0,0,0,1,1,0,1,0,0,0,0,0,0,0,0,0,1,0,0,0,0,0,1,1,0,1,0,0,0,1,0,1,1,0,0,0,0,1,1,1,1,0,0,1,1,1,0,0,1,0,1,0,0,1,0,0,0,1,0,0,0,1,0,0,0,1,1,1,0,1,0,0,0,0,1,0,0,1,0,1,0,1,1,0,1,0,0,1,1,1,0,0,0,1,1,0,1,0,0,1,0,0,0,0,0,0,0,0,1,1,0,0,0,1,0,0,0,0,0,0,0,1,0,0,0,1,0,0,0,0,0,0,0,0,0,0,0,0,1,0,0,1,0,0,0,0,0,0,0,0,0,0,0,0,1,1,0,0,1,0,0,0,0,0,0,0,0,0,0,0,0,0,0,1,0,0,0,0,0,0,0,0,0,0,0,0,0,0,0,1,0,0,0,0,0,0,0,1,0
0,1,0,0,0,0,0,0,0,1,0,0,0,0,0,1,1,1,1,0,0,1,0,0,0,1,1,0,1,0,0,0,1,0,0,0,0,0,1,0,1,0,0,0,1,1,1,1,0,0,0,1,0,1,1,0,0,0,0,1,1,1,1,0,0,1,1,1,0,0,1,0,1,0,0,1,0,0,0,1,0,0,0,1,0,0,0,1,1,1,0,1,0,0,0,0,1,0,1,1,1,1,0,1,1,0,1,0,0,1,1,1,0,0,0,1,1,0,1,1,0,1,0,0,0,0,0,0,0,0,1,1,0,0,0,1,0,1,0,0,0,0,1,1,0,0,0,1,0,0,0,0,0,0,0,0,0,0,0,0,1,0,0,1,0,0,0,0,0,0,0,0,0,0,0,0,1,1,0,0,1,0,0,0,0,0,0,0,0,0,0,0,0,0,0,1,0,0,0,0,0,0,0,0,0,0,0,0,0,0,0,1,0,0,0,0,0,0,0,1,0
0,1,0,1,0,1,0,0,0,0,0,0,0,0,0,1,1,1,0,1,1,1,0,0,0,1,1,1,1,0,1,0,0,0,0,0,0,0,1,0,0,1,0,1,1,1,0,1,1,0,0,1,1,1,1,1,0,1,0,1,1,1,1,0,0,1,1,1,1,0,1,0,1,0,0,1,1,0,0,1,0,0,0,1,1,0,0,1,1,1,1,1,1,1,0,0,1,1,0,1,0,1,1,1,1,0,1,0,0,1,1,1,1,0,0,1,1,1,1,0,0,1,1,1,0,0,0,1,1,0,1,1,0,0,0,1,1,0,0,1,1,0,0,1,0,1,1,1,0,0,0,0,0,1,0,0,0,0,0,1,1,0,0,1,1,1,0,0,1,0,0,0,0,1,1,1,1,1,0,0,1,1,0,0,0,1,1,0,0,0,0,1,0,0,0,1,0,0,0,0,0,1,0,0,0,0,0,0,0,0,0,1,0,0,0,0,0,0,0,1,0
0,1,0,1,0,1,0,0,0,0,0,0,0,0,0,1,1,1,0,1,1,1,0,0,0,1,1,1,1,0,1,0,0,0,0,0,0,0,1,0,0,1,0,1,1,1,0,1,1,1,1,1,0,1,1,0,0,1,0,1,1,1,1,0,0,1,1,1,1,0,1,0,1,0,1,1,0,0,0,1,0,1,1,1,0,0,0,1,1,1,1,1,0,0,1,0,1,1,0,1,0,1,0,1,1,0,1,0,0,1,1,1,1,0,0,1,1,1,1,0,0,1,0,1,0,0,0,1,1,0,1,1,0,0,0,1,1,0,0,1,0,0,0,1,0,1,1,1,0,0,0,0,0,1,0,0,0,0,0,1,1,0,0,1,0,1,0,0,1,0,0,0,0,1,0,1,1,1,0,0,1,1,0,0,0,0,1,0,0,0,0,1,0,0,0,1,0,0,0,0,0,0,0,0,0,0,0,0,0,0,0,1,0,0,0,0,0,0,0,1,0
0,1,0,1,0,0,0,0,0,0,0,0,0,0,0,1,1,1,0,1,1,1,0,0,0,1,1,1,1,0,0,0,0,0,0,0,0,0,1,0,0,1,0,0,1,1,0,1,0,1,1,1,0,1,1,0,0,0,0,1,1,1,1,0,0,1,1,1,0,0,1,0,1,0,1,1,0,0,0,1,0,1,1,1,0,0,0,1,1,1,0,1,0,0,1,0,1,0,0,1,0,1,0,1,1,0,1,0,0,1,1,1,0,0,0,1,1,0,1,0,0,1,0,0,0,0,0,0,0,0,1,1,0,0,0,1,0,0,0,0,0,0,0,1,0,0,0,1,0,0,0,0,0,0,0,0,0,0,0,0,1,0,0,1,0,0,0,0,0,0,0,0,0,0,0,0,1,1,0,0,1,0,0,0,0,0,0,0,0,0,0,0,0,0,0,1,0,0,0,0,0,0,0,0,0,0,0,0,0,0,0,1,0,0,0,0,0,0,0,1,0
0,1,0,1,1,0,0,0,0,0,0,0,0,0,0,1,1,1,1,1,1,1,0,1,0,1,1,0,1,0,0,0,0,0,0,0,0,0,1,0,0,1,0,0,1,1,0,1,0,0,0,1,0,1,1,0,0,0,0,1,1,1,1,0,0,1,1,1,0,0,1,0,1,0,0,1,0,0,0,1,0,0,0,1,0,0,0,1,1,1,0,1,0,0,0,0,1,0,0,1,0,1,0,1,1,0,1,0,0,1,1,1,0,0,0,1,1,0,1,0,0,1,0,0,0,0,1,0,0,0,1,1,0,0,0,1,0,0,1,0,0,0,0,1,1,0,0,1,1,0,0,0,0,0,0,1,0,0,0,0,1,0,0,1,0,0,0,0,0,0,0,0,0,0,0,0,1,1,0,0,1,0,0,0,0,0,0,0,0,0,0,0,0,0,0,1,0,0,0,0,0,0,0,0,0,0,0,0,0,0,0,1,0,0,0,0,0,0,0,1,0
1,1,0,1,1,1,0,0,0,0,0,0,0,0,0,1,1,1,1,1,1,1,0,1,0,1,1,0,1,0,1,0,0,0,1,0,0,0,1,1,0,1,0,1,1,1,0,1,0,0,0,1,0,1,1,0,0,1,1,1,1,1,1,0,0,1,1,1,0,1,1,0,1,0,0,1,0,0,0,1,0,0,0,1,0,0,0,1,1,1,0,1,0,0,0,0,1,1,0,1,0,1,0,1,1,0,1,0,0,1,1,1,1,1,0,1,1,1,1,0,0,1,0,0,0,0,1,1,1,0,1,1,0,0,0,1,0,0,1,0,0,0,0,1,1,0,1,1,1,0,0,0,1,1,0,1,0,0,0,0,1,0,0,1,0,1,1,0,1,0,0,0,0,1,0,1,1,1,0,0,1,0,1,0,0,0,1,0,0,1,0,1,0,0,0,1,0,1,0,0,0,1,1,0,0,0,0,0,0,0,1,1,0,0,0,0,0,0,1,1,0
1,1,0,1,1,1,0,0,0,0,0,0,0,0,0,1,1,1,1,1,1,1,0,1,0,1,1,0,1,0,1,0,0,0,0,0,0,0,1,1,0,1,0,1,1,1,0,1,1,0,0,1,0,1,1,0,0,1,1,1,1,1,1,0,0,1,1,1,1,0,1,0,1,0,0,1,0,0,0,1,0,0,0,1,0,0,0,1,1,1,1,1,0,0,0,0,1,1,0,1,0,1,0,1,1,0,1,0,0,1,1,1,1,1,0,1,1,1,1,0,0,1,0,1,0,0,1,1,1,0,1,1,0,0,0,1,1,0,1,1,0,0,0,1,1,1,1,1,1,0,0,0,0,1,0,1,0,0,0,1,1,0,0,1,0,1,1,0,1,0,0,0,0,1,0,1,1,1,0,0,1,1,0,0,0,0,1,0,0,1,0,1,0,0,0,1,0,1,0,0,0,1,1,0,0,0,0,0,0,0,1,1,0,0,0,0,0,0,1,1,0
1,1,0,1,1,0,0,0,0,0,0,0,0,0,0,1,1,1,1,1,1,1,0,1,1,1,1,0,1,0,0,0,0,0,0,0,0,0,1,0,0,1,0,0,1,1,0,1,0,0,0,1,0,1,1,0,0,0,0,1,1,1,1,0,0,1,1,1,0,0,1,0,1,0,0,1,0,0,0,1,0,0,0,1,0,0,0,1,1,1,0,1,0,0,0,0,1,0,0,1,0,1,0,1,1,0,1,0,0,1,1,1,0,0,0,1,1,0,1,0,0,1,0,0,0,0,1,0,0,0,1,1,0,0,0,1,0,0,1,0,0,0,0,1,1,0,0,1,1,0,0,0,0,0,0,1,0,0,0,0,1,0,0,1,0,0,0,0,0,0,0,0,0,0,0,0,1,1,0,0,1,0,0,0,0,0,0,0,0,0,0,0,0,0,0,1,0,0,0,0,0,0,0,0,0,0,0,0,0,0,0,1,0,0,0,0,0,0,0,1,0
1,1,0,1,1,1,0,0,0,0,0,0,0,0,0,1,1,1,1,1,1,1,0,1,1,1,1,0,1,0,1,0,0,0,0,0,0,0,1,1,0,1,0,1,1,1,0,1,1,0,0,1,0,1,1,0,0,1,1,1,1,1,1,0,0,1,1,1,1,0,1,0,1,0,0,1,0,0,0,1,0,0,0,1,0,0,0,1,1,1,1,1,0,0,0,0,1,1,0,1,0,1,0,1,1,0,1,0,0,1,1,1,1,1,0,1,1,1,1,0,0,1,0,1,1,0,1,1,1,0,1,1,0,0,0,1,1,0,1,1,0,0,0,1,1,1,1,1,1,0,0,1,0,1,0,1,0,0,0,1,1,0,0,1,0,1,0,0,1,0,0,0,0,1,0,1,1,1,1,0,1,1,0,0,0,0,1,0,0,1,0,0,0,0,0,1,0,0,1,0,0,0,0,0,0,0,0,0,1,0,0,1,0,0,0,0,1,0,0,1,0
0,1,0,1,0,1,0,0,0,0,0,0,0,0,0,1,1,1,1,1,1,1,0,1,0,1,1,0,1,0,1,0,0,0,0,0,0,0,1,0,0,1,1,1,1,1,0,1,1,0,0,1,0,1,1,0,0,0,0,1,1,1,1,0,0,1,1,1,1,0,1,0,1,0,0,1,0,0,0,1,0,0,0,1,0,0,0,1,1,1,0,1,0,0,0,0,1,0,0,1,0,1,0,1,1,0,1,0,0,1,1,1,0,0,0,1,1,0,1,0,0,1,0,0,1,0,0,0,0,0,1,1,0,0,0,1,0,0,1,0,0,0,0,1,1,0,0,1,0,0,1,1,0,0,0,1,0,0,0,0,1,0,0,1,0,0,0,0,0,0,0,0,0,0,0,0,1,1,1,0,1,0,0,0,0,0,0,0,0,0,0,0,0,0,0,1,0,0,0,0,0,0,0,0,0,0,0,0,0,0,0,1,0,0,0,0,0,0,0,1,0
1,1,0,1,0,1,1,0,0,0,0,0,0,0,0,1,1,1,1,1,1,1,0,1,0,1,1,0,1,0,1,0,0,0,1,0,0,0,1,1,0,1,1,1,1,1,0,1,1,0,0,1,0,1,1,0,0,1,1,1,1,1,1,0,0,1,1,1,1,1,1,0,1,0,0,1,0,0,0,1,0,0,0,1,0,0,0,1,1,1,0,1,0,0,0,0,1,1,0,1,0,1,0,1,1,0,1,0,0,1,1,1,1,1,0,1,1,1,1,0,0,1,0,0,1,0,0,1,1,0,1,1,0,0,0,1,0,0,1,0,0,0,0,1,1,0,1,1,0,0,1,1,1,1,0,1,0,0,0,0,1,0,0,1,0,1,1,0,1,0,0,0,0,1,0,1,1,1,1,0,1,0,1,0,0,0,1,0,0,1,0,1,0,0,0,1,0,1,0,0,0,1,1,0,0,0,0,0,0,0,1,1,0,0,0,0,0,0,1,1,0
1,1,0,1,0,1,1,0,0,0,0,0,0,0,0,1,1,1,1,1,1,1,0,1,0,1,1,0,1,0,1,0,0,0,0,0,0,0,1,1,0,1,1,1,1,1,0,1,1,0,0,1,0,1,1,0,0,1,1,1,1,1,1,0,0,1,1,1,1,0,1,0,1,0,0,1,0,0,0,1,0,0,0,1,0,0,0,1,1,1,1,1,0,0,0,0,1,1,0,1,0,1,0,1,1,0,1,0,0,1,1,1,1,1,0,1,1,1,1,0,0,1,0,1,1,0,0,1,1,0,1,1,0,0,0,1,1,0,1,1,0,0,0,1,1,1,1,1,0,0,1,1,0,1,0,1,0,0,0,1,1,0,0,1,0,1,1,0,1,0,0,0,0,1,0,1,1,1,1,0,1,1,0,0,0,0,1,0,0,1,0,1,0,0,0,1,0,1,0,0,0,1,1,0,0,0,0,0,0,0,1,1,0,0,0,0,0,0,1,1,0
0,1,0,1,0,1,0,0,0,0,1,0,1,1,0,1,1,1,1,1,1,1,0,1,0,1,1,1,1,1,1,0,0,1,0,0,0,0,1,0,0,1,1,1,1,1,0,1,1,0,0,1,0,1,1,0,0,0,0,1,1,1,1,1,1,1,1,1,1,0,1,0,1,0,0,1,0,0,0,1,0,0,0,1,0,0,0,1,1,1,0,1,0,0,0,0,1,0,0,1,0,1,0,1,1,0,1,0,0,1,1,1,0,0,0,1,1,0,1,0,0,1,0,0,1,0,0,0,0,0,1,1,0,0,0,1,0,0,1,0,0,0,0,1,1,0,0,1,0,0,1,1,0,0,0,1,0,0,0,0,1,0,0,1,0,0,0,0,0,0,1,0,0,0,0,0,1,1,1,0,1,0,0,0,0,0,0,0,0,0,0,0,0,0,0,1,0,0,0,0,0,0,0,0,0,0,0,0,0,0,0,1,0,0,0,0,0,0,0,1,0
0,1,0,1,0,1,0,0,0,0,1,0,1,1,0,1,1,1,1,1,1,1,1,1,1,1,1,1,1,1,1,0,0,0,0,0,0,0,1,0,0,1,1,1,1,1,0,1,1,0,0,1,0,1,1,0,0,0,0,1,1,1,1,0,0,1,1,1,1,0,1,0,1,0,0,1,0,0,0,1,0,0,0,1,0,0,0,1,1,1,0,1,0,0,0,0,1,0,0,1,0,1,0,1,1,0,1,0,0,1,1,1,0,0,0,1,1,0,1,0,0,1,0,0,1,0,0,0,0,0,1,1,0,0,0,1,0,0,1,0,0,0,0,1,1,0,0,1,0,0,1,1,0,0,0,1,0,0,0,0,1,0,0,1,0,0,0,0,0,0,0,0,0,0,0,0,1,1,1,0,1,0,0,0,0,0,0,0,0,0,0,0,0,0,0,1,1,0,0,0,0,0,0,0,0,0,1,0,0,0,0,1,0,0,0,1,0,0,0,1,0
1,1,0,1,1,1,0,0,0,0,0,0,0,0,0,1,1,1,1,1,1,1,0,1,0,1,1,0,1,0,1,0,0,0,1,0,0,0,1,0,0,1,1,1,1,1,0,1,1,0,0,1,0,1,1,0,0,0,0,1,1,1,1,0,0,1,1,1,0,1,1,0,1,0,0,1,0,0,0,1,0,0,0,1,0,0,0,1,1,1,0,1,0,0,0,0,1,0,0,1,0,1,0,1,1,0,1,0,0,1,1,1,0,0,0,1,1,0,1,0,0,1,0,0,1,0,1,0,0,0,1,1,0,0,0,1,0,0,1,0,0,0,0,1,1,0,0,1,1,0,0,0,0,0,0,1,0,0,0,0,1,0,0,1,0,0,0,0,0,0,0,0,0,0,0,0,1,1,1,0,1,0,0,0,0,0,0,0,0,0,0,0,0,0,0,1,0,0,0,0,0,0,0,0,0,0,0,0,0,0,0,1,0,0,0,0,0,0,0,1,0
1,1,0,1,1,1,1,0,0,0,0,0,0,0,0,1,1,1,1,1,1,1,0,1,0,1,1,0,1,0,1,0,0,0,1,0,0,0,1,1,0,1,1,1,1,1,0,1,1,0,0,1,0,1,1,0,0,1,1,1,1,1,1,0,0,1,1,1,0,1,1,0,1,0,0,1,0,0,0,1,0,0,0,1,0,0,0,1,1,1,0,1,0,0,0,0,1,1,0,1,0,1,0,1,1,0,1,0,0,1,1,1,1,1,0,1,1,1,1,0,0,1,0,0,1,0,1,1,1,0,1,1,0,0,0,1,0,0,1,0,0,0,0,1,1,0,1,1,1,0,0,0,1,1,0,1,0,0,0,0,1,0,0,1,0,1,1,0,1,0,0,0,0,1,0,1,1,1,1,0,1,0,1,0,0,0,1,0,0,1,0,1,0,0,0,1,0,1,0,0,0,1,1,0,0,0,0,0,0,0,1,1,0,0,0,0,0,0,1,1,0
1,1,0,1,1,1,1,0,0,0,0,0,0,0,0,1,1,1,1,1,1,1,0,1,0,1,1,0,1,0,1,0,0,0,1,0,0,0,1,1,0,1,1,1,1,1,0,1,1,0,0,1,0,1,1,0,0,1,1,1,1,1,1,0,0,1,1,1,1,1,1,0,1,0,0,1,0,0,0,1,0,0,0,1,0,0,0,1,1,1,1,1,0,0,0,0,1,1,0,1,0,1,0,1,1,0,1,0,0,1,1,1,1,1,0,1,1,1,1,0,0,1,0,1,1,0,1,1,1,0,1,1,0,0,0,1,1,0,1,1,0,0,0,1,1,1,1,1,1,0,0,0,0,1,0,1,0,0,0,1,1,0,0,1,0,1,1,0,1,0,0,0,0,1,0,1,1,1,1,0,1,1,0,0,0,0,1,0,0,1,0,1,0,0,0,1,0,1,0,0,0,1,1,0,0,0,0,0,0,0,1,1,0,0,0,0,0,0,1,1,0
0,1,0,1,1,1,0,0,0,0,1,0,1,1,0,1,1,1,1,1,1,1,0,1,0,1,1,1,1,1,1,0,0,1,1,0,0,0,1,0,0,1,1,1,1,1,0,1,1,0,0,1,0,1,1,0,0,0,0,1,1,1,1,1,1,1,1,1,0,1,1,0,1,0,0,1,0,0,0,1,0,0,0,1,0,0,0,1,1,1,0,1,0,0,0,0,1,0,0,1,0,1,0,1,1,0,1,0,0,1,1,1,0,0,0,1,1,0,1,0,0,1,0,0,1,0,1,0,0,0,1,1,0,0,0,1,0,0,1,0,0,0,0,1,1,0,0,1,1,0,0,0,0,0,0,1,0,0,0,0,1,0,0,1,0,0,0,0,0,0,1,0,0,0,0,0,1,1,1,0,1,0,0,0,0,0,0,0,0,0,0,0,0,0,0,1,0,0,0,0,0,0,0,0,0,0,0,0,0,0,0,1,0,0,0,0,0,0,0,1,0
1,1,0,1,0,1,1,1,0,0,0,0,0,0,0,1,1,1,1,1,1,1,0,1,0,1,1,0,1,0,1,0,0,0,1,0,0,0,1,1,0,1,1,1,1,1,0,1,1,0,0,1,0,1,1,0,0,1,1,1,1,1,1,0,0,1,1,1,1,1,1,0,1,0,0,1,0,0,0,1,0,0,0,1,0,0,0,1,1,1,1,1,0,0,0,0,1,1,0,1,0,1,0,1,1,0,1,0,0,1,1,1,1,1,1,1,1,1,1,0,0,1,0,1,1,1,1,1,1,1,1,1,0,0,0,1,1,0,1,1,0,0,0,1,1,1,1,1,1,0,0,0,1,1,0,1,0,0,0,1,1,1,0,1,0,1,0,1,1,0,0,0,0,1,0,1,1,1,1,1,1,1,1,0,0,0,1,0,0,1,1,0,0,0,0,1,0,0,1,1,1,0,0,0,0,0,0,1,1,0,0,1,1,0,1,0,1,0,0,1,1
0,1,0,0,0,1,1,1,0,0,0,0,0,0,0,0,0,1,1,0,0,0,0,0,0,0,1,0,0,0,1,0,0,0,1,0,0,0,0,1,0,0,0,1,0,0,0,0,1,0,0,1,0,0,0,0,0,1,1,0,0,0,0,0,0,0,0,0,1,1,0,1,0,1,0,0,0,0,0,0,1,0,0,0,0,0,0,0,0,0,1,0,0,0,0,0,0,1,0,0,0,0,0,0,0,0,0,1,0,0,0,0,1,1,1,0,0,1,0,0,1,0,0,1,0,1,0,1,1,0,0,0,1,0,0,0,1,0,0,1,0,0,0,0,0,1,1,0,0,0,0,0,1,1,0,0,0,0,0,1,0,1,0,0,0,1,0,0,1,0,0,0,0,1,0,1,0,0,0,1,0,1,1,1,1,0,1,0,0,1,0,0,0,0,0,0,0,0,1,0,0,0,0,0,0,0,0,1,1,0,0,0,1,0,1,0,1,0,0,0,1
0,1,0,1,0,1,0,0,0,0,0,0,0,0,0,1,1,1,1,0,0,1,0,0,0,1,1,0,1,0,1,0,0,0,1,0,0,0,1,1,0,1,0,1,1,1,0,1,0,0,0,1,0,1,1,0,0,1,1,1,1,1,1,0,0,1,0,1,0,1,1,0,1,0,0,1,0,0,0,1,0,0,0,1,0,0,0,1,1,1,0,1,0,0,0,0,1,1,0,1,0,1,0,0,1,0,1,0,0,1,1,1,1,1,0,1,1,1,1,0,0,1,0,0,0,0,0,1,1,0,1,1,0,0,0,1,0,0,0,0,0,0,0,1,0,0,1,1,0,0,0,0,1,1,0,0,0,0,0,0,1,0,0,1,0,1,1,0,1,0,0,0,0,1,0,1,1,1,0,0,1,0,1,0,0,0,1,0,0,1,0,1,0,0,0,1,0,1,0,0,0,1,1,0,0,0,0,0,0,0,1,1,0,0,0,0,0,0,1,1,0
0,0,0,0,0,1,1,0,0,0,0,0,0,0,0,0,0,1,1,0,0,0,0,0,0,0,1,0,0,0,1,0,0,0,1,0,0,0,0,1,0,0,0,1,0,0,0,0,0,0,0,0,0,0,0,0,0,1,1,0,0,0,0,0,0,0,0,0,0,1,0,0,0,0,0,0,0,0,0,0,0,0,0,0,0,0,0,0,0,0,0,0,0,0,0,0,0,1,0,0,0,0,0,0,0,0,0,0,0,0,0,0,1,1,0,0,0,1,0,0,0,0,0,0,0,0,0,1,1,1,0,0,0,0,0,0,0,0,0,0,0,0,0,0,0,0,1,0,0,0,0,0,1,1,0,0,0,0,0,0,0,0,0,0,0,1,0,1,1,0,0,0,0,1,0,1,0,0,0,0,0,0,1,0,0,0,1,0,0,1,1,0,0,0,0,0,0,0,1,0,1,0,0,0,0,0,0,1,1,0,0,0,0,0,1,0,1,0,0,0,0
0,1,0,1,0,0,0,0,0,0,1,0,1,1,0,1,1,1,1,0,0,1,1,1,0,1,1,1,1,1,0,0,0,0,0,0,0,0,1,0,0,1,0,0,1,1,0,1,0,0,0,1,0,1,1,0,0,0,0,1,1,1,1,0,0,1,1,1,0,0,1,0,1,0,0,1,0,0,0,1,0,0,0,1,0,0,0,1,1,1,0,1,0,0,0,0,1,0,0,1,0,1,0,1,1,0,1,0,0,1,1,1,0,0,0,1,1,0,1,0,0,1,0,0,0,0,0,0,0,0,1,1,0,0,0,1,0,0,0,0,0,0,0,1,0,0,0,1,0,0,0,0,0,0,0,0,0,0,0,0,1,0,0,1,0,0,0,0,0,0,0,0,0,0,0,0,1,1,0,0,1,0,0,0,0,0,0,0,0,0,0,0,0,0,0,1,1,0,0,0,0,0,0,0,0,0,1,0,0,0,0,1,0,0,0,1,0,0,0,1,0
1,1,1,1,0,1,1,1,0,0,0,0,0,0,0,1,1,1,1,0,0,1,0,0,0,0,1,0,0,0,1,0,0,1,0,0,1,1,1,0,0,1,1,1,0,0,0,1,1,0,0,1,0,0,0,0,1,0,0,0,0,0,1,1,1,0,0,0,1,0,0,1,0,0,0,0,0,1,1,0,1,0,0,0,0,1,1,0,1,0,0,0,0,0,0,1,0,0,0,0,0,0,0,0,0,1,0,1,1,0,0,1,0,0,0,0,0,0,1,0,1,0,0,0,1,0,0,0,0,0,0,0,1,0,0,0,0,0,0,0,0,1,0,0,0,0,0,1,0,0,1,1,0,0,0,0,0,1,0,0,1,0,0,1,0,1,0,0,0,0,1,1,1,0,0,0,1,0,1,0,0,0,0,1,1,0,1,0,1,1,0,1,1,1,1,0,0,0,0,0,0,1,0,1,0,0,0,0,0,0,0,0,0,0,0,0,0,0,0,0,0
0,1,0,0,0,1,1,1,0,0,0,0,0,0,0,0,0,0,0,0,0,0,0,0,0,0,0,0,0,0,1,0,0,1,0,0,0,1,1,0,0,1,1,1,0,0,0,1,1,0,0,1,0,0,0,0,1,0,0,0,0,0,0,1,1,0,0,0,1,0,0,1,0,0,0,0,0,0,1,0,1,0,0,0,0,1,1,0,0,0,0,0,0,0,0,0,0,0,0,0,0,0,0,0,0,1,0,1,1,0,0,1,0,0,0,0,0,1,0,0,0,0,0,0,1,0,0,1,1,0,0,0,1,0,0,0,0,0,0,1,0,0,0,0,0,1,0,0,0,1,1,1,0,1,0,0,0,0,0,0,0,0,0,0,0,1,0,0,1,0,1,1,1,0,0,1,0,0,1,0,0,1,0,0,0,0,1,1,1,1,1,0,0,1,0,0,0,1,0,1,0,0,0,0,0,0,0,0,0,0,0,0,0,0,0,0,0,0,0,0,0
0,1,0,0,0,1,1,1,0,0,0,0,0,0,0,0,0,0,0,0,0,0,0,0,0,0,0,0,0,0,1,0,0,1,0,0,0,1,1,0,0,1,1,1,0,0,0,1,1,0,0,1,0,0,0,0,1,0,0,0,0,0,0,1,1,0,0,0,1,0,0,1,0,0,0,0,0,0,1,0,1,0,0,0,0,1,1,0,0,0,0,0,0,0,0,0,0,0,0,0,0,0,0,0,0,1,0,1,1,0,0,1,0,0,0,0,0,1,0,0,0,0,0,0,1,0,0,1,1,0,0,0,1,0,0,0,0,0,0,1,0,0,0,0,0,1,0,0,0,1,1,1,0,1,0,0,0,0,0,0,0,0,0,0,0,1,0,0,1,0,1,1,1,0,0,1,0,0,1,0,0,1,0,0,0,0,1,1,1,1,1,0,0,1,0,0,0,1,0,1,0,0,0,0,0,0,0,0,0,0,0,0,0,0,0,0,0,0,0,0,0
1,1,0,1,0,1,1,1,0,0,0,0,0,0,0,1,1,1,1,0,0,1,0,0,0,0,1,0,0,0,1,0,0,1,0,0,1,1,1,0,0,1,1,1,0,0,0,1,1,0,0,1,0,0,0,0,1,0,0,0,0,0,1,1,1,0,0,0,1,0,0,1,0,0,0,0,0,1,1,0,1,0,0,0,0,1,1,0,1,0,0,0,0,0,0,0,0,0,0,0,0,0,0,0,0,1,0,1,1,0,0,1,0,0,0,0,0,1,1,0,0,0,0,0,0,0,1,1,1,0,0,0,1,0,0,0,0,0,0,1,0,0,0,0,0,1,0,1,1,1,1,0,0,1,0,0,0,0,0,0,1,0,0,1,0,1,0,0,1,0,1,1,1,0,0,1,1,0,0,0,0,1,0,0,0,0,1,1,1,1,0,1,0,1,1,0,0,1,0,0,0,1,0,0,0,0,0,0,0,0,0,0,0,0,0,0,0,0,0,0,0
1,1,0,1,0,1,1,1,0,0,0,0,0,0,0,1,1,1,1,0,0,1,0,0,0,0,1,0,0,0,1,0,0,1,0,0,1,1,1,0,0,1,1,1,0,0,0,1,1,0,0,1,0,0,0,0,1,0,0,0,0,0,1,1,1,0,0,0,1,0,0,1,0,0,0,0,0,1,1,0,1,0,0,0,0,1,1,0,1,0,0,0,0,0,0,0,0,0,0,0,0,0,0,0,0,1,0,1,1,0,0,1,0,0,0,0,0,1,1,0,0,0,0,0,0,0,1,1,1,0,0,0,1,0,0,0,0,0,0,1,0,0,0,0,0,1,0,1,1,1,1,0,0,1,0,0,0,0,0,0,1,0,0,1,0,1,0,0,1,0,1,1,1,0,0,1,1,0,0,0,0,1,0,0,0,0,1,1,1,1,0,1,0,1,1,0,0,1,0,0,0,1,0,0,0,0,0,0,0,0,0,0,0,0,0,0,0,0,0,0,0
1,1,0,1,0,1,1,1,0,0,0,0,0,0,0,1,1,1,1,0,0,1,0,0,0,0,1,0,0,0,1,0,0,1,1,0,1,1,1,0,0,1,0,1,0,0,0,1,0,0,0,0,0,0,0,0,1,0,0,0,0,0,1,1,1,0,0,0,0,1,0,1,0,0,0,0,0,1,1,0,1,0,0,0,0,1,1,0,1,0,0,0,0,0,0,1,0,0,0,0,0,0,0,0,0,1,0,1,1,0,0,1,0,0,0,0,0,0,1,0,1,0,0,0,1,0,0,0,0,0,0,0,1,0,0,0,0,0,0,0,0,1,0,0,0,0,0,1,0,0,0,0,1,0,0,0,0,1,0,0,1,0,0,1,0,1,0,0,0,0,1,1,1,0,0,0,1,0,1,0,0,0,0,1,1,0,1,0,1,0,0,1,1,1,1,0,0,0,0,0,0,1,0,1,0,0,0,0,0,0,0,0,0,0,0,0,0,0,0,0,0
1,1,0,1,0,1,1,1,0,0,0,0,0,0,0,1,1,1,1,0,0,1,0,0,0,0,1,0,0,0,1,0,0,1,1,0,1,1,1,0,0,1,0,1,0,0,0,1,0,0,0,0,0,0,0,0,1,0,0,0,0,0,1,1,1,0,0,0,0,1,0,1,0,0,0,0,0,1,1,0,1,0,0,0,0,1,1,0,1,0,0,0,0,0,0,1,0,0,0,0,0,0,0,0,0,1,0,1,1,0,0,1,0,0,0,0,0,0,1,0,1,0,0,0,1,0,0,0,0,0,0,0,1,0,0,0,0,0,0,0,0,1,0,0,0,0,0,1,0,0,0,0,1,0,0,0,0,1,0,0,1,0,0,1,0,1,0,0,0,0,1,1,1,0,0,0,1,0,1,0,0,0,0,1,1,0,1,0,1,0,0,1,1,1,1,0,0,0,0,0,0,1,0,1,0,0,0,0,0,0,0,0,0,0,0,0,0,0,0,0,0
1,1,0,1,1,1,1,1,0,0,1,0,1,1,0,1,1,1,1,0,0,1,0,0,0,1,1,0,1,0,1,0,0,1,1,0,1,1,1,0,0,1,0,1,1,1,0,1,0,1,1,0,0,1,1,0,1,0,0,1,1,1,1,1,1,1,0,1,0,1,1,1,1,0,1,1,0,1,1,1,1,1,1,1,0,1,1,1,1,1,0,1,0,0,1,1,1,0,0,1,0,1,0,1,1,1,1,1,1,1,1,1,0,0,0,1,1,0,1,0,1,1,0,0,1,0,0,0,0,0,1,1,1,1,0,1,0,0,1,0,0,1,0,1,0,0,0,1,0,0,0,0,1,0,0,0,0,1,0,0,1,0,0,1,0,1,0,0,0,0,1,1,1,0,0,0,1,1,1,0,1,0,0,1,1,0,1,0,1,0,0,1,1,1,1,1,1,0,0,0,0,1,0,1,0,0,1,0,0,0,0,1,0,0,0,0,0,0,0,1,0
1,1,0,1,0,1,1,1,0,0,0,0,0,0,0,1,1,1,1,0,0,1,1,1,0,0,1,0,1,0,1,0,0,1,1,0,1,1,1,1,0,1,0,1,0,0,0,1,1,0,0,1,0,0,0,0,1,1,1,1,0,0,1,1,1,0,0,0,1,1,0,1,0,0,0,0,0,1,1,0,1,0,0,0,0,1,1,0,1,0,1,0,0,0,0,1,0,1,0,0,0,0,0,0,0,1,0,1,1,0,0,1,1,1,0,0,0,1,1,0,1,0,0,1,1,0,0,1,1,0,0,0,1,0,0,0,1,0,0,1,0,1,0,0,0,1,1,1,0,0,0,0,1,1,0,0,0,1,0,1,1,0,0,1,0,1,0,0,1,0,1,1,1,1,0,1,1,0,1,0,0,1,0,1,1,0,1,0,1,1,0,1,1,1,1,1,1,1,1,0,0,1,0,1,0,0,1,1,1,1,0,0,0,1,1,1,1,1,0,0,0
1,1,0,1,0,1,1,1,0,0,0,0,0,0,0,1,1,1,1,0,0,1,0,0,0,0,1,0,0,0,1,0,0,1,0,0,1,1,1,0,0,1,1,1,0,0,0,1,1,0,0,1,0,0,0,0,1,0,0,0,0,0,1,1,1,0,0,0,1,0,0,1,0,0,0,0,0,1,1,0,1,0,0,0,0,1,1,0,1,0,0,0,0,0,0,1,0,0,0,0,0,0,0,0,0,1,0,1,1,0,0,1,0,0,0,0,0,0,1,0,1,0,0,0,1,0,0,0,0,0,0,0,1,0,0,0,0,0,0,0,0,1,0,0,0,0,0,1,0,0,1,1,0,0,0,0,0,1,0,0,1,0,0,1,0,1,0,0,0,0,1,1,1,0,0,0,1,0,1,0,0,0,0,1,1,0,1,0,1,0,0,1,1,1,1,0,0,0,0,0,0,1,0,1,0,0,0,0,0,0,0,0,0,0,0,0,0,0,0,0,0
1,1,0,1,0,1,1,1,0,0,0,0,0,0,0,1,1,1,1,0,0,1,0,0,0,0,1,0,0,0,1,0,0,1,0,0,1,1,1,0,0,1,1,1,0,0,0,1,1,0,0,1,0,0,0,0,1,0,0,0,0,0,1,1,1,0,0,0,1,0,0,1,0,0,0,0,0,1,1,0,1,0,0,0,0,1,1,0,1,0,0,0,0,0,0,1,0,0,0,0,0,0,0,0,0,1,0,1,1,0,0,1,0,0,0,0,0,0,1,0,1,0,0,0,1,0,0,0,0,0,0,0,1,0,0,0,0,0,0,0,0,1,0,0,0,0,0,1,0,0,1,1,0,0,0,0,0,1,0,0,1,0,0,1,0,1,0,0,0,0,1,1,1,0,0,0,1,0,1,0,0,0,0,1,1,0,1,0,1,0,0,1,1,1,1,0,0,0,0,0,0,1,0,1,0,0,0,0,0,0,0,0,0,0,0,0,0,0,0,0,0
1,1,0,1,1,1,1,1,0,0,1,0,1,1,0,1,1,1,1,0,0,1,0,0,0,1,1,0,1,0,1,0,0,1,0,0,1,1,1,0,0,1,1,1,1,1,0,1,1,1,1,1,0,1,1,0,1,0,0,1,1,1,1,1,1,1,0,1,1,0,1,1,1,0,1,1,0,1,1,1,1,1,1,1,0,1,1,1,1,1,0,1,0,0,1,1,1,0,0,1,0,1,0,1,1,1,1,1,1,1,1,1,0,0,0,1,1,0,1,0,1,1,0,0,1,0,0,0,0,0,1,1,1,1,0,1,0,0,1,0,0,1,0,1,0,0,0,1,0,0,1,1,0,0,0,0,0,1,0,0,1,0,0,1,0,1,0,0,0,0,1,1,1,0,0,0,1,1,1,0,1,0,0,1,1,0,1,0,1,0,0,1,1,1,1,1,1,0,0,0,0,1,0,1,0,0,1,0,0,0,0,1,0,0,0,0,0,0,0,1,0
1,1,1,1,1,1,1,1,0,0,1,0,1,1,0,1,1,1,1,0,0,1,0,0,0,1,1,0,1,0,1,0,0,1,0,0,1,1,1,0,0,1,1,1,1,1,0,1,1,1,1,1,0,1,1,0,1,0,0,1,1,1,1,1,1,1,0,1,1,0,1,1,1,0,1,1,0,1,1,1,1,1,1,1,0,1,1,1,1,1,0,1,0,0,1,1,1,0,0,1,0,1,0,1,1,1,1,1,1,1,1,1,0,0,0,1,1,0,1,0,1,1,0,0,1,0,0,0,0,0,1,1,1,1,0,1,0,0,1,0,0,1,0,1,0,0,0,1,0,0,1,1,0,0,0,0,0,1,0,0,1,0,0,1,0,1,0,0,0,0,1,1,1,0,0,0,1,1,1,0,1,0,0,1,1,0,1,0,1,1,0,1,1,1,1,1,1,0,0,0,0,1,0,1,0,0,1,0,0,0,0,1,0,0,0,0,0,0,0,1,0
1,1,1,1,0,1,1,1,0,0,0,0,0,0,0,1,1,1,1,0,0,1,1,1,0,0,1,0,1,0,1,0,0,1,0,0,1,1,1,1,0,1,1,1,0,0,0,1,1,0,0,1,0,0,0,0,1,1,1,1,0,0,1,1,1,0,0,0,1,0,0,1,0,0,0,0,0,1,1,0,1,0,0,0,0,1,1,0,1,0,1,0,0,0,0,1,0,1,0,0,0,0,0,0,0,1,0,1,1,0,0,1,1,1,0,0,0,1,1,0,1,0,0,1,1,0,0,1,1,0,0,0,1,0,0,0,1,0,0,1,0,1,0,0,0,1,1,1,0,0,1,1,0,1,0,0,0,1,0,1,1,0,0,1,0,1,0,0,1,0,1,1,1,1,0,1,1,0,1,0,0,1,0,1,1,0,1,0,1,1,0,1,1,1,1,1,1,1,1,0,0,1,0,1,0,0,1,1,1,1,0,0,0,1,1,1,1,1,0,0,0
1,1,1,1,0,1,1,1,0,0,0,0,0,0,0,0,1,1,1,0,0,1,1,1,0,1,1,0,1,1,1,0,0,1,0,0,0,0,0,1,0,1,1,1,0,0,0,1,1,0,0,1,0,0,0,0,0,1,1,0,0,0,1,1,1,0,0,0,1,0,0,1,0,1,0,0,0,1,0,0,1,0,0,0,0,1,0,0,1,0,1,0,0,0,0,1,0,1,0,0,0,0,0,0,0,1,0,1,0,0,0,1,1,1,1,0,0,1,1,0,1,0,0,1,1,1,0,1,1,1,0,0,1,0,1,0,1,0,0,1,0,1,0,0,0,1,1,1,0,0,1,1,0,1,1,0,0,1,1,1,1,1,1,1,0,1,1,1,1,1,1,1,1,1,0,1,1,0,1,1,0,1,0,1,1,0,1,0,1,1,1,0,1,1,0,1,1,1,1,1,1,0,0,1,1,0,0,1,1,0,1,0,1,0,1,0,1,0,1,0,1
1,1,1,1,0,1,1,1,0,0,0,0,0,0,0,0,1,1,1,0,0,1,1,1,0,1,1,0,1,1,1,0,0,1,0,0,0,0,0,1,0,1,1,1,0,0,0,1,1,0,0,1,0,0,0,0,0,1,1,0,0,0,1,1,1,0,0,0,1,0,0,1,0,1,0,0,0,1,0,0,1,0,0,0,0,1,0,0,1,0,1,0,0,0,0,1,0,1,0,0,0,0,0,0,0,1,0,1,0,0,0,1,1,1,1,0,0,1,1,0,1,0,0,1,1,1,0,1,1,1,0,0,1,0,1,0,1,0,0,1,0,1,0,0,0,1,1,1,0,0,1,1,0,1,1,0,0,1,1,1,1,1,1,1,0,1,1,1,1,1,1,1,1,1,0,1,1,0,1,1,0,1,0,1,1,0,1,0,1,1,1,0,1,1,0,1,1,1,1,1,1,0,0,1,1,0,0,1,1,0,1,0,1,0,1,0,1,0,1,0,1
1,1,1,1,0,1,1,1,0,0,0,0,0,0,0,0,1,1,1,0,0,1,1,1,0,1,1,0,1,1,1,0,0,1,1,0,0,0,0,1,0,1,1,1,0,0,0,1,1,0,0,1,0,0,0,0,0,1,1,0,0,0,1,1,1,0,0,0,1,1,0,1,0,1,0,0,0,1,0,0,1,0,0,0,0,1,0,0,1,0,1,0,0,0,0,1,0,1,0,0,0,0,0,0,0,1,0,1,0,0,0,1,1,1,1,0,0,1,1,0,1,0,0,1,1,1,0,1,1,1,0,0,1,0,1,0,1,0,0,1,0,1,0,0,0,1,1,1,0,0,1,1,1,1,1,0,0,1,1,1,1,1,1,1,0,1,1,1,1,1,1,1,1,1,0,1,1,0,1,1,0,1,1,1,1,0,1,0,1,1,1,0,1,1,0,1,1,1,1,1,1,0,0,1,1,0,0,1,1,0,1,0,1,0,1,0,1,0,1,0,1
0,0,0,1,0,1,1,0,0,0,1,0,1,1,0,0,0,0,0,0,0,0,0,0,0,0,0,0,0,0,1,0,0,0,0,0,0,0,1,1,0,0,0,1,0,0,0,1,0,0,0,1,1,1,1,0,0,0,0,0,0,0,1,0,0,0,0,0,0,0,0,1,0,1,0,1,0,1,0,0,1,0,0,1,0,1,0,0,1,0,0,0,0,0,0,1,1,0,0,1,0,0,0,0,0,0,0,1,1,0,0,1,0,0,0,1,1,0,1,0,1,0,1,0,0,0,0,0,0,0,0,0,1,1,0,1,0,0,0,0,0,1,0,1,0,0,0,1,0,0,0,0,0,0,0,0,0,1,0,0,1,0,0,1,1,0,0,0,0,0,0,1,1,0,1,0,1,1,0,0,1,0,0,1,1,1,0,0,1,0,0,0,1,0,0,1,1,0,0,0,0,0,0,1,0,0,0,0,0,0,0,1,0,0,0,1,0,0,0,1,0
0,1,0,0,0,1,1,0,0,0,1,0,1,1,0,0,0,1,1,0,0,0,0,0,0,0,1,0,0,0,1,0,0,0,0,0,0,0,1,1,0,0,0,1,0,0,0,0,0,0,0,1,0,1,1,0,0,0,0,0,0,0,1,0,0,0,0,0,0,0,0,1,0,1,0,1,0,1,0,0,1,0,0,1,0,1,0,0,1,0,0,0,0,0,0,1,1,0,0,1,0,0,0,0,0,0,0,1,1,0,0,0,0,0,0,1,1,0,1,0,1,0,0,0,0,0,0,0,0,0,0,0,1,1,0,1,0,0,0,0,0,1,0,1,0,0,0,1,0,0,0,0,0,0,0,0,0,1,0,0,1,0,0,1,0,0,0,0,0,0,0,1,0,0,0,0,1,1,0,0,1,0,0,1,1,0,0,0,1,0,0,0,1,0,0,1,1,0,0,0,0,0,0,1,0,0,0,0,0,0,0,1,0,0,0,1,0,0,0,1,0
1,1,1,1,0,1,1,1,0,0,0,0,0,0,0,0,1,1,1,0,0,1,1,1,0,1,1,0,1,1,1,0,0,1,1,0,0,0,0,1,0,1,1,1,0,0,0,1,1,0,0,1,0,0,0,0,0,1,1,0,0,0,1,1,1,0,0,0,1,1,0,1,0,1,0,0,0,1,0,0,1,0,0,0,0,1,0,0,1,0,1,0,0,0,0,1,0,1,0,0,0,0,0,0,0,1,0,1,0,0,0,1,1,1,1,0,0,1,1,0,1,0,0,1,1,1,0,1,1,1,0,0,1,0,1,0,1,0,0,1,0,1,0,0,0,1,1,1,0,0,1,1,1,1,1,0,0,1,1,1,1,1,1,1,0,1,1,1,1,1,1,1,1,1,0,1,1,0,1,1,0,1,1,1,1,0,1,0,1,1,1,0,1,1,0,1,1,1,1,1,1,0,0,1,1,0,0,1,1,0,1,0,1,0,1,0,1,0,1,0,1
0,1,0,1,0,1,1,1,0,0,1,0,1,1,0,0,0,1,1,0,0,0,0,0,0,0,1,0,0,0,1,0,0,0,0,0,0,0,1,1,0,1,0,1,0,0,0,1,0,0,0,1,0,1,1,0,0,0,0,0,0,0,1,0,0,0,0,0,0,0,0,1,0,1,0,1,0,1,0,0,1,0,0,1,0,1,0,0,1,0,0,0,0,0,0,1,1,0,0,1,0,0,0,0,0,0,0,1,1,0,0,1,0,0,0,1,1,0,1,0,1,0,0,0,0,0,0,0,0,0,0,0,1,1,0,1,0,0,1,0,0,1,0,1,0,0,0,1,0,0,0,0,0,0,0,0,0,1,0,0,1,0,0,1,0,0,0,0,0,0,0,1,1,0,0,0,1,1,0,0,1,0,0,1,1,0,0,0,1,0,0,0,1,0,0,1,1,0,0,0,0,0,0,1,0,0,0,0,0,0,0,1,0,0,0,1,0,0,0,1,0
0,1,0,0,0,1,1,0,0,0,1,0,1,1,0,0,0,1,1,0,0,0,0,0,0,0,1,0,0,0,1,0,0,0,0,0,0,0,1,1,0,1,0,1,0,0,0,1,0,0,0,1,0,1,1,0,0,0,0,0,0,0,1,0,0,0,0,0,0,0,0,1,0,1,0,1,0,1,0,0,1,0,0,1,0,1,0,0,1,0,0,0,0,0,0,1,1,0,0,1,0,0,0,0,0,0,0,1,1,0,0,1,0,0,0,1,1,0,1,0,1,0,0,0,0,0,0,0,0,0,0,0,1,1,0,1,0,0,0,0,0,1,0,1,0,0,0,1,0,0,0,0,0,0,0,0,0,1,0,0,1,0,0,1,0,0,0,0,0,0,0,1,1,0,0,0,1,1,0,0,1,0,0,1,1,0,0,0,1,0,0,0,1,0,0,1,1,0,0,0,0,0,0,1,0,0,0,0,0,0,0,1,0,0,0,1,0,0,0,1,0
0,0,0,0,0,1,1,0,0,0,1,0,1,1,0,0,0,1,1,0,0,0,0,0,0,0,1,0,0,0,1,0,0,0,0,0,0,0,1,1,0,1,0,1,0,0,0,1,0,0,0,0,0,1,1,0,0,0,0,0,0,0,1,0,0,0,0,0,0,0,0,1,0,1,0,1,0,1,0,0,1,0,0,1,0,1,0,0,1,0,0,0,0,0,0,1,1,0,0,1,0,0,0,0,0,0,0,1,1,0,0,1,0,0,0,1,1,0,1,0,1,0,0,0,0,0,0,0,0,0,0,0,1,1,0,1,0,0,0,0,0,1,0,1,0,0,0,1,0,0,0,0,0,0,0,0,0,1,0,0,1,0,0,1,0,0,0,0,0,0,0,1,1,0,0,0,1,1,0,0,1,0,0,1,1,0,0,0,1,0,0,0,1,0,0,1,0,0,0,0,0,0,0,1,0,0,0,0,0,0,0,1,0,0,0,0,0,0,0,1,0
0,0,0,1,0,1,1,1,0,0,1,0,1,1,0,0,0,1,1,0,0,0,0,0,0,0,1,0,0,0,1,0,0,0,0,0,0,0,1,1,0,1,0,1,0,0,0,1,0,0,0,0,0,1,1,0,0,0,0,0,0,0,1,0,0,0,0,0,0,0,0,1,0,1,0,1,0,1,0,0,1,0,0,1,0,1,0,0,1,0,0,0,0,0,0,1,1,0,0,1,0,0,0,0,0,0,0,1,1,0,0,1,0,0,0,1,1,0,1,0,1,0,0,0,0,0,0,0,0,0,0,0,1,1,0,1,0,0,1,0,0,1,0,1,0,0,0,1,0,0,0,0,0,0,0,0,0,1,0,0,1,0,0,1,0,0,0,0,0,0,0,1,1,0,0,0,1,1,0,0,1,0,0,1,1,0,0,0,1,0,0,0,1,0,0,1,0,0,0,0,0,0,0,1,0,0,0,0,0,0,0,1,0,0,0,0,0,0,0,1,0
0,1,0,1,0,1,1,1,0,0,1,0,1,1,0,0,0,1,1,0,0,1,1,0,0,0,1,0,1,0,1,0,0,1,0,0,0,0,1,1,0,1,0,1,0,0,0,1,1,0,0,1,0,1,1,0,0,1,1,0,0,0,1,1,1,0,0,0,1,0,0,1,0,1,0,1,0,1,0,0,1,0,0,1,0,1,0,0,1,0,1,0,0,0,0,1,1,1,0,1,0,0,0,0,0,1,0,1,1,0,0,1,1,1,0,1,1,1,1,0,1,0,0,1,0,0,0,1,1,0,0,0,1,1,0,1,1,0,0,1,0,1,0,1,0,1,1,1,0,0,0,0,0,1,0,0,0,1,0,1,1,0,0,1,0,1,0,0,1,0,1,1,0,1,0,1,1,1,0,0,1,1,0,1,1,0,1,1,1,1,0,0,1,0,1,1,1,0,0,0,0,0,0,1,0,0,0,0,0,0,0,1,0,0,0,1,0,0,0,1,0
0,1,0,1,0,1,1,0,0,0,1,0,1,1,0,0,0,1,1,0,0,1,1,0,0,0,1,0,1,0,1,0,0,1,0,0,0,0,1,1,0,1,0,1,0,0,0,1,0,0,0,0,0,1,1,0,0,0,0,0,0,0,1,1,1,0,0,0,0,0,0,1,0,1,0,1,0,1,0,0,1,0,0,1,0,1,0,0,1,0,0,0,0,0,0,1,1,0,0,1,0,0,0,0,0,1,0,1,1,0,0,1,0,0,0,1,1,0,1,0,1,0,0,0,0,0,0,0,0,0,0,0,1,1,0,1,0,0,0,0,0,1,0,1,0,0,0,1,0,0,0,0,0,0,0,0,0,1,0,0,1,0,0,1,0,0,0,0,0,0,1,1,0,0,0,0,1,1,0,0,1,0,0,1,1,0,0,0,1,0,0,0,1,0,1,1,1,0,0,0,0,0,0,1,0,0,0,0,0,0,0,1,0,0,0,1,0,0,0,1,0
0,1,0,1,0,1,1,0,0,0,1,0,1,1,0,1,1,1,1,0,0,1,0,0,0,0,1,0,0,0,1,0,0,0,0,0,0,0,1,1,0,1,0,1,0,0,0,1,0,0,0,0,0,1,1,0,0,0,0,0,0,0,1,0,0,0,0,0,0,0,0,1,0,1,0,1,0,1,0,0,1,0,0,1,0,1,0,0,1,0,0,0,0,0,0,1,1,0,0,1,0,0,0,0,0,0,0,1,1,0,0,1,0,0,0,1,1,0,1,0,1,0,0,0,0,0,0,0,0,0,0,0,1,1,0,1,0,0,0,0,0,1,0,1,0,0,0,1,0,0,0,0,0,0,0,0,0,1,0,0,1,0,0,1,0,0,0,0,0,0,0,1,0,0,0,0,1,1,0,0,1,0,0,1,1,0,0,0,1,0,0,0,1,0,1,1,1,0,0,0,0,0,0,1,0,0,0,0,0,0,0,1,0,0,0,1,0,0,0,1,0
0,1,0,1,0,1,1,0,0,0,1,0,1,1,0,1,1,1,1,0,0,1,0,0,0,0,1,0,0,0,1,0,0,0,0,0,0,0,1,1,0,1,0,1,0,0,0,1,0,0,0,1,0,1,1,0,0,0,0,0,0,0,1,0,0,0,0,0,0,0,0,1,0,1,0,1,0,1,0,0,1,0,0,1,0,1,0,0,1,0,0,0,0,0,0,1,1,0,0,1,0,0,0,0,0,0,0,1,1,0,0,1,0,0,0,1,1,0,1,0,1,0,0,0,0,0,1,0,0,0,0,0,1,1,0,1,0,0,0,0,0,1,0,1,0,0,0,1,1,0,0,0,0,0,0,0,0,1,0,0,1,0,0,1,0,0,0,0,0,0,0,1,0,0,0,0,1,1,0,0,1,0,0,1,1,0,0,0,1,0,0,0,1,0,1,1,1,0,0,0,0,0,0,1,0,0,0,0,0,0,0,1,0,0,0,1,0,0,0,1,0
0,1,0,1,0,1,1,0,0,0,0,0,0,0,0,0,0,1,1,0,0,0,0,0,0,0,1,0,0,0,1,0,0,1,0,0,0,0,1,1,0,1,0,1,0,0,0,1,0,0,0,1,0,1,1,0,0,0,0,0,0,0,1,1,1,0,0,0,0,0,0,1,0,1,0,1,0,1,0,0,1,0,0,1,0,1,0,0,1,0,0,0,0,0,0,1,1,0,0,1,0,0,0,0,0,0,0,1,1,0,0,1,0,0,0,1,1,0,1,0,1,0,0,0,0,0,0,0,0,0,0,0,1,1,0,1,0,0,0,0,0,1,0,1,0,0,0,1,0,0,0,0,0,0,0,0,0,1,0,0,1,0,0,1,0,0,0,0,0,0,1,1,1,0,0,0,1,1,0,0,1,0,0,1,1,0,0,0,1,0,0,0,1,0,1,1,1,0,0,0,0,0,0,1,0,0,0,0,0,0,0,1,0,0,0,1,0,0,0,1,0
0,1,0,1,0,1,1,1,0,0,1,0,1,1,0,1,1,1,1,0,0,1,0,0,0,0,1,0,0,0,1,0,0,1,0,0,0,0,1,1,0,1,1,1,0,0,0,1,1,0,0,0,0,1,1,0,0,0,0,0,0,0,1,1,1,0,0,0,1,0,0,1,0,1,0,1,0,1,0,0,1,0,0,1,0,1,0,0,1,0,0,0,0,0,0,1,1,0,0,1,0,0,0,0,0,0,0,1,1,0,0,1,0,0,0,1,1,0,1,0,1,0,0,0,1,0,0,0,0,0,0,0,1,1,0,1,0,0,0,0,0,1,0,1,0,0,0,1,0,0,1,1,0,0,0,0,0,1,0,0,1,0,0,1,0,0,0,0,0,0,1,1,0,0,0,0,1,1,1,0,1,0,0,1,1,0,0,0,1,0,0,0,1,0,1,1,1,0,0,0,0,0,0,1,0,0,0,0,0,0,0,1,0,0,0,1,0,0,0,1,0
0,1,0,0,0,1,1,0,0,0,1,0,1,1,0,0,0,1,1,0,0,0,0,0,0,0,1,0,0,0,1,0,0,0,0,0,0,0,1,0,0,0,0,1,0,0,0,0,0,0,0,1,0,1,1,0,0,0,0,0,0,0,1,0,0,0,0,0,0,0,0,1,0,0,0,1,0,1,0,0,1,0,0,1,0,1,0,0,1,0,0,0,0,0,0,1,1,0,0,1,0,0,0,0,0,0,0,1,0,0,0,0,0,0,0,1,1,0,1,0,1,0,0,0,0,0,0,0,0,0,0,0,1,0,0,1,0,0,0,0,0,1,0,1,0,0,0,1,0,0,0,0,0,0,0,0,0,1,0,0,1,0,0,1,0,0,0,0,0,0,0,1,0,0,0,0,1,1,0,0,1,0,0,1,1,0,0,0,1,0,0,0,1,0,0,1,1,0,0,0,0,0,0,1,0,0,0,0,0,0,0,1,0,0,0,1,0,0,0,1,0
0,1,0,0,0,1,1,1,0,0,0,0,0,0,0,0,0,1,1,0,0,0,0,0,0,0,1,0,0,0,1,0,0,1,0,0,0,0,1,1,0,0,0,1,0,0,0,0,1,0,0,1,0,1,1,0,1,0,0,0,0,0,0,1,1,0,0,0,1,0,0,1,0,1,0,1,0,1,1,0,1,0,0,1,0,1,1,0,1,0,0,0,0,0,0,1,1,0,0,1,0,0,0,0,0,0,0,1,0,0,0,0,0,0,0,1,1,0,1,0,1,0,0,0,0,0,0,0,0,0,0,0,1,1,0,1,0,0,0,0,0,1,0,1,0,0,0,1,0,0,0,0,0,0,0,0,0,1,0,0,1,0,0,1,0,1,0,0,1,0,1,1,0,0,0,1,1,1,0,0,1,0,0,1,1,0,1,1,1,1,0,0,1,0,0,1,1,1,1,0,0,0,0,1,0,0,0,0,0,0,0,1,0,0,0,1,0,0,0,1,0
0,1,0,1,0,1,1,1,0,0,1,0,1,1,0,0,0,1,1,0,0,0,0,0,0,0,1,0,0,0,1,0,0,1,1,0,0,0,1,0,0,1,0,1,0,0,0,1,0,0,0,0,0,1,1,0,1,0,0,0,0,0,1,1,1,0,0,0,0,1,0,1,0,0,0,1,0,1,1,0,1,0,0,1,0,1,1,0,1,0,0,0,0,0,0,1,1,0,0,1,0,0,0,0,0,1,0,1,0,0,0,1,0,0,0,1,1,0,1,0,1,0,0,0,0,0,0,0,0,0,0,0,1,0,0,1,0,0,0,0,0,1,0,1,0,0,0,1,0,0,0,0,1,0,0,0,0,1,0,0,1,0,0,1,0,1,0,0,0,0,1,1,1,0,0,0,1,1,0,0,1,0,0,1,1,0,0,1,1,0,0,0,1,0,0,1,1,0,0,0,0,0,0,1,0,0,0,0,0,0,0,1,0,0,0,1,0,0,0,1,0
1,1,1,0,0,1,1,1,0,0,1,0,0,0,0,0,0,1,0,0,0,0,0,0,0,0,0,0,0,0,1,0,0,0,1,1,1,0,0,1,0,0,1,1,0,0,0,0,1,0,0,1,0,0,0,0,0,0,0,0,0,0,0,0,0,0,0,0,1,1,0,1,0,1,0,0,0,0,0,0,1,0,0,0,0,0,0,0,0,0,1,0,0,0,0,0,0,1,0,0,0,0,0,0,0,0,0,1,0,0,0,0,0,0,0,0,0,0,0,0,1,0,0,0,0,1,0,1,0,0,0,0,1,0,1,0,0,0,0,0,0,0,0,0,0,0,0,0,0,0,1,0,1,0,0,0,0,0,0,0,0,0,0,0,0,1,0,0,1,1,0,0,0,0,0,0,0,0,0,1,0,0,1,1,0,0,1,0,1,1,0,0,1,1,0,1,1,1,1,0,0,0,0,1,1,1,1,0,0,0,0,0,0,1,0,1,0,1,0,0,0
1,1,1,0,0,1,1,1,0,0,1,0,0,0,0,0,0,1,0,0,0,0,0,0,0,0,0,0,0,0,1,0,0,0,1,1,1,0,0,1,0,0,1,1,0,0,0,0,1,0,0,1,0,0,0,0,0,0,0,0,0,0,0,0,0,0,0,0,1,1,0,1,0,1,0,0,0,0,0,0,1,0,0,0,0,0,0,0,0,0,1,0,0,0,0,0,0,1,0,0,0,0,0,0,0,0,0,1,0,0,0,0,0,0,0,0,0,0,0,0,1,0,0,0,0,1,0,1,0,0,0,0,1,0,1,0,0,0,0,0,0,0,0,0,0,0,0,0,0,0,1,0,1,0,0,0,0,0,0,0,0,0,0,0,0,1,0,0,1,1,0,0,0,0,0,0,0,0,0,1,0,0,1,1,0,0,1,0,1,1,0,0,1,1,0,1,1,1,1,0,0,0,0,1,1,1,1,0,0,0,0,0,0,1,0,1,0,1,0,0,0
1,1,1,0,0,1,1,1,0,0,1,0,0,0,0,0,0,1,0,0,0,0,0,0,0,0,0,0,0,0,1,0,0,0,1,1,1,0,0,1,0,0,1,1,0,0,0,0,1,0,0,1,0,0,0,0,0,0,0,0,0,0,0,0,0,0,0,0,1,1,0,1,0,1,0,0,0,0,0,0,1,0,0,0,0,0,0,0,0,0,1,0,0,0,0,0,0,1,0,0,0,0,0,0,0,0,0,1,0,0,0,0,0,0,0,0,0,0,0,0,1,0,0,0,0,1,0,0,0,0,0,0,1,0,1,0,0,0,0,0,0,0,0,0,0,0,0,0,0,0,1,0,1,0,0,0,0,0,0,0,0,0,0,0,0,1,0,0,1,1,0,0,0,0,0,0,0,0,0,1,0,0,0,1,0,0,1,0,1,1,0,0,1,1,0,1,1,1,1,0,0,0,0,1,1,1,1,0,0,0,0,0,0,1,0,1,0,1,0,0,0
1,1,1,0,0,1,1,1,0,0,1,0,0,1,0,0,0,1,0,0,0,0,0,0,0,0,0,0,0,0,1,0,0,0,1,1,1,0,0,1,0,0,1,1,0,0,0,0,1,0,0,1,0,0,0,0,0,0,0,0,0,0,0,0,0,0,0,0,1,1,0,1,0,1,0,0,0,0,0,0,1,0,0,0,0,0,0,0,0,0,1,0,0,0,0,0,0,1,0,0,0,0,0,0,0,0,0,1,0,0,0,0,0,0,0,0,0,0,0,0,1,0,0,0,0,1,0,0,0,0,0,0,1,0,1,0,0,0,0,0,0,0,0,0,0,0,0,0,0,0,1,0,1,0,0,0,0,0,0,0,0,0,0,0,0,1,0,0,0,1,0,0,0,0,0,0,0,0,0,1,0,0,0,1,0,0,1,0,1,1,1,0,1,1,0,1,1,1,1,0,1,0,0,1,1,1,1,0,0,0,0,0,0,1,0,1,0,1,0,0,0
1,1,1,0,0,1,1,1,0,0,1,0,0,1,0,0,0,1,0,0,0,0,0,0,0,0,0,0,0,0,1,0,0,0,1,1,1,0,0,1,0,0,1,1,0,0,0,0,1,0,0,1,0,0,0,0,0,0,0,0,0,0,0,0,0,0,0,0,1,1,0,1,0,1,0,0,0,0,0,0,1,0,0,0,0,0,0,0,0,0,1,0,0,0,0,0,0,1,0,0,0,0,0,0,0,0,0,1,0,0,0,0,0,0,0,0,0,0,0,0,1,0,0,0,0,1,0,0,0,0,0,0,1,0,1,0,0,0,0,0,0,0,0,0,0,0,0,0,0,0,1,0,1,0,0,0,0,0,0,0,0,0,0,0,0,1,0,0,0,1,0,0,0,0,0,0,0,0,0,1,0,0,0,1,0,0,1,0,1,1,1,0,1,1,0,1,1,1,1,0,1,0,0,1,1,1,1,0,0,0,0,0,0,1,0,1,0,1,0,0,0
1,1,1,0,0,1,1,1,0,0,1,0,0,1,0,0,0,1,0,0,0,0,0,0,0,0,0,0,0,0,1,0,0,0,1,1,1,0,0,1,0,0,1,1,0,0,0,0,1,0,0,1,0,0,0,0,0,0,0,0,0,0,0,0,0,0,0,0,1,1,0,1,0,1,0,0,0,0,0,0,1,0,0,0,0,0,0,0,0,0,1,0,0,0,0,0,0,1,0,0,0,0,0,0,0,0,0,1,0,0,0,0,0,0,0,0,0,0,0,0,1,0,0,0,0,1,0,1,0,0,0,0,1,0,1,0,0,0,0,0,0,0,0,0,0,0,0,0,0,0,1,0,1,0,0,0,0,0,0,0,0,0,0,0,0,1,0,0,0,1,0,0,0,0,0,0,0,0,0,1,0,0,1,1,0,0,1,0,1,1,1,0,1,1,0,1,1,1,1,0,1,0,0,1,1,1,1,0,0,0,0,0,0,1,0,1,0,1,0,0,0
1,1,1,0,0,1,1,1,0,0,1,0,0,0,0,0,0,1,0,0,0,0,0,0,0,0,0,0,0,0,1,0,0,0,1,1,1,0,0,1,0,0,1,1,0,0,0,0,1,0,0,1,0,0,0,0,0,0,0,0,0,0,0,0,0,0,0,0,1,1,0,1,0,1,0,0,0,0,0,0,1,0,0,0,0,0,0,0,0,0,1,0,0,0,0,0,0,1,0,0,0,0,0,0,0,0,0,1,0,0,0,0,0,0,0,0,0,0,0,0,1,0,0,0,0,1,0,1,0,0,0,0,1,0,1,0,0,0,0,1,0,0,0,0,0,0,0,0,0,0,1,0,1,1,0,0,0,0,0,0,0,0,0,0,0,1,0,0,1,1,0,0,0,0,0,0,0,0,0,1,0,1,0,1,0,0,1,0,1,1,0,0,1,1,0,1,1,1,1,0,0,0,0,1,1,1,1,0,0,0,0,0,0,1,0,1,0,1,0,0,0
1,1,1,0,0,1,1,1,0,0,1,0,0,0,0,0,0,1,0,0,0,0,0,0,0,0,0,0,0,0,1,0,0,0,1,1,1,0,0,1,0,0,1,1,0,0,0,0,1,0,0,1,0,0,0,0,0,0,0,0,0,0,0,0,0,0,0,0,1,1,0,1,0,1,0,0,0,0,0,0,1,0,0,0,0,0,0,0,0,0,1,0,0,0,0,0,0,1,0,0,0,0,0,0,0,0,0,1,0,0,0,0,0,0,0,0,0,0,0,0,1,0,0,0,0,1,0,1,0,0,0,0,1,0,1,0,0,0,0,1,0,0,0,0,0,0,0,0,0,0,1,0,1,1,0,0,0,0,0,0,0,0,0,0,0,1,0,0,1,1,0,0,0,0,0,0,0,0,0,1,0,1,0,1,0,0,1,0,1,1,0,0,1,1,0,1,1,1,1,0,0,0,0,1,1,1,1,0,0,0,0,0,0,1,0,1,0,1,0,0,0
1,1,1,0,0,1,1,1,0,0,1,0,0,0,0,0,0,1,0,0,0,0,0,0,0,0,0,0,0,0,1,0,0,0,1,1,1,0,0,1,0,0,1,1,0,0,0,0,1,0,0,1,0,0,0,0,0,0,0,0,0,0,0,0,0,0,0,0,1,1,0,1,0,1,0,0,0,0,0,0,1,0,0,0,0,0,0,0,0,0,1,0,0,0,0,0,0,1,0,0,0,0,0,0,0,0,0,1,0,0,0,0,0,0,0,0,0,0,0,0,1,0,0,0,0,1,0,1,0,0,0,0,1,0,1,0,0,0,0,0,0,0,0,0,0,0,0,0,0,0,1,0,1,1,0,0,0,0,0,0,0,0,0,0,0,1,0,1,1,1,0,0,0,0,0,0,0,0,0,1,0,0,1,1,0,0,1,0,1,1,0,0,1,1,0,1,1,1,1,0,0,0,0,1,1,1,1,0,0,0,0,0,0,1,0,1,0,1,0,0,0
1,1,1,0,0,1,1,1,0,0,1,0,0,0,0,0,0,1,0,0,0,0,0,0,0,0,0,0,0,0,1,0,0,0,1,1,1,0,0,1,0,0,1,1,0,0,0,0,1,0,0,1,0,0,0,0,0,0,0,0,0,0,0,0,0,0,0,0,1,1,0,1,0,1,0,0,0,0,0,0,1,0,0,0,0,0,0,0,0,0,1,0,0,0,0,0,0,1,0,0,0,0,0,0,0,0,0,1,0,0,0,0,0,0,0,0,0,0,0,0,1,0,0,0,0,1,0,1,0,0,0,0,1,0,1,0,0,0,0,0,0,0,0,0,0,0,0,0,0,0,1,0,1,1,0,0,0,0,0,0,0,0,0,0,0,1,0,1,1,1,0,0,0,0,0,0,0,0,0,1,0,0,1,1,0,0,1,0,1,1,0,0,1,1,0,1,1,1,1,0,0,0,0,1,1,1,1,0,0,0,0,0,0,1,0,1,0,1,0,0,0
1,1,1,0,0,1,1,1,0,0,1,0,0,0,0,0,0,1,0,0,0,0,0,0,0,0,0,0,0,0,1,0,0,0,1,1,1,0,0,1,0,0,1,1,0,0,0,0,1,0,0,1,0,0,0,0,0,0,0,0,0,0,0,0,0,0,0,0,1,1,0,1,0,1,0,0,0,0,0,0,1,0,0,0,0,0,0,0,0,0,1,0,0,0,0,0,0,1,0,0,0,0,0,0,0,0,0,1,0,0,0,0,0,0,0,0,0,0,0,0,1,0,0,0,0,1,0,1,0,0,0,0,1,0,1,0,0,0,0,0,0,0,0,0,0,0,0,0,0,0,1,0,1,0,0,0,0,0,0,0,0,0,0,0,0,1,0,0,1,1,0,0,0,0,0,0,0,0,0,1,0,0,1,1,0,0,1,0,1,1,0,0,1,1,0,1,1,1,1,0,0,0,0,1,1,1,1,0,0,0,0,0,0,1,0,1,0,1,0,0,0
1,1,1,0,0,1,1,1,0,0,1,0,0,0,0,0,0,1,0,0,0,0,0,0,0,0,0,0,0,0,1,0,0,0,1,1,1,0,0,1,0,0,1,1,0,0,0,0,1,0,0,1,0,0,0,0,0,0,0,0,0,0,0,0,0,0,0,0,1,1,0,1,0,1,0,0,0,0,0,0,1,0,0,0,0,0,0,0,0,0,1,0,0,0,0,0,0,1,0,0,0,0,0,0,0,0,0,1,0,0,0,0,0,0,0,0,0,0,0,0,1,0,0,0,0,1,0,1,0,0,0,0,1,0,1,0,0,0,0,0,0,0,0,0,0,0,0,0,0,0,1,0,1,0,0,0,0,0,0,0,0,0,0,0,0,1,0,0,1,1,0,0,0,0,0,0,0,0,0,1,0,0,1,1,0,0,1,0,1,1,0,0,1,1,0,1,1,1,1,0,0,0,0,1,1,1,1,0,0,0,0,0,0,1,0,1,0,1,0,0,0
1,1,1,0,0,1,1,1,0,0,1,0,0,0,0,0,0,1,0,0,0,0,0,0,0,0,0,0,0,0,1,0,0,0,1,1,1,0,0,1,0,0,1,1,0,0,0,0,1,0,0,1,0,0,0,0,0,0,0,0,0,0,0,0,0,0,0,0,1,1,0,1,0,1,0,0,0,0,0,0,1,0,0,0,0,0,0,0,0,0,1,0,0,0,0,0,0,1,0,0,0,0,0,0,0,0,0,1,0,0,0,0,0,0,0,0,0,0,0,0,1,0,0,0,0,1,0,1,0,0,0,0,1,0,1,0,0,0,0,0,0,0,0,0,0,0,0,0,0,0,1,0,1,1,0,0,0,0,0,0,0,0,0,0,0,1,0,1,1,1,0,0,0,0,0,0,0,0,0,1,0,0,1,1,0,0,1,0,1,1,0,0,1,1,0,1,1,1,1,0,0,0,0,1,1,1,1,0,0,0,0,0,0,1,0,1,0,1,0,0,0
1,1,1,0,0,1,1,1,0,0,1,0,0,0,0,0,0,1,0,0,0,0,0,0,0,0,0,0,0,0,1,0,0,0,1,1,1,0,0,1,0,0,1,1,0,0,0,0,1,0,0,1,0,0,0,0,0,0,0,0,0,0,0,0,0,0,0,0,1,1,0,1,0,1,0,0,0,0,0,0,1,0,0,0,0,0,0,0,0,0,1,0,0,0,0,0,0,1,0,0,0,0,0,0,0,0,0,1,0,0,0,0,0,0,0,0,0,0,0,0,1,0,0,0,0,1,0,1,0,0,0,0,1,0,1,0,0,0,0,0,0,0,0,0,0,0,0,0,0,0,1,0,1,1,0,0,0,0,0,0,0,0,0,0,0,1,0,1,1,1,0,0,0,0,0,0,0,0,0,1,0,0,1,1,0,0,1,0,1,1,0,0,1,1,0,1,1,1,1,0,0,0,0,1,1,1,1,0,0,0,0,0,0,1,0,1,0,1,0,0,0
0,1,0,1,0,1,0,0,0,1,0,0,0,0,0,1,1,1,0,1,1,1,0,0,0,1,1,0,0,0,1,0,1,0,1,0,1,0,1,0,1,1,1,1,1,1,1,1,1,0,0,0,0,1,1,0,0,0,0,1,1,1,1,0,0,1,0,1,0,1,1,0,1,0,0,1,0,0,0,1,0,0,0,1,0,0,0,1,1,1,0,1,0,0,0,0,1,0,1,1,1,1,0,0,1,0,1,0,0,1,1,1,0,0,0,1,1,0,1,1,0,1,0,0,0,0,1,0,0,0,1,1,0,0,0,1,0,1,0,0,0,0,1,1,0,0,0,1,1,0,0,0,1,0,0,0,0,0,0,0,1,0,0,1,0,1,0,0,0,0,0,0,0,0,0,0,1,1,0,0,1,0,0,0,0,0,0,1,0,0,0,0,0,0,0,1,0,0,0,0,0,0,0,0,0,0,0,0,0,0,0,1,0,0,0,0,0,0,0,1,0
0,1,0,1,0,1,0,0,0,1,0,0,0,0,0,1,1,1,0,1,1,1,0,0,0,1,1,0,0,0,1,0,1,0,0,0,1,0,1,0,1,1,1,1,1,1,1,1,1,0,0,0,0,1,1,0,0,0,0,1,1,1,1,0,0,1,0,1,0,0,1,1,1,0,0,1,0,0,0,1,1,0,0,1,0,0,0,1,1,1,0,1,0,0,0,0,1,0,1,1,1,1,0,0,1,0,1,1,0,1,1,1,0,0,0,1,1,0,1,1,0,1,0,0,0,0,1,0,0,0,1,1,1,0,0,1,0,1,0,0,0,0,1,1,0,0,0,1,1,0,0,0,0,0,0,0,0,0,0,0,1,0,0,1,0,0,0,0,0,0,0,0,0,0,0,0,1,1,0,0,1,0,0,0,0,0,0,0,0,0,0,0,0,0,0,1,0,0,0,0,0,0,0,0,0,0,0,0,0,0,0,1,0,0,0,0,0,0,0,1,0
0,1,1,1,0,1,1,1,0,0,0,0,0,0,0,1,1,1,1,0,1,1,1,1,1,1,1,1,1,1,1,0,0,1,1,0,0,0,1,1,0,1,0,1,0,0,0,1,0,0,0,0,0,1,1,0,1,1,1,0,0,0,0,1,1,1,0,1,1,1,1,1,1,1,0,1,0,1,1,1,1,0,0,1,0,1,1,1,1,1,1,1,0,0,0,1,1,1,0,1,0,1,0,0,1,1,1,1,0,1,1,1,1,1,0,1,1,1,1,0,1,1,0,1,0,0,0,1,1,1,1,1,1,1,1,1,1,0,1,1,0,1,0,1,0,1,1,1,0,0,1,0,1,1,1,0,1,1,1,1,1,0,1,1,0,1,0,1,1,1,1,1,1,1,0,1,1,1,0,0,1,1,1,1,1,0,1,0,1,1,1,1,1,1,1,1,1,1,1,1,1,1,0,1,1,0,1,1,0,0,1,1,0,0,1,1,0,0,1,1,0
0,1,0,1,1,1,0,0,0,0,0,0,0,0,0,1,1,1,0,1,1,1,0,0,0,1,1,0,0,0,1,0,0,0,0,0,1,0,1,0,0,1,1,1,1,1,0,1,1,0,0,0,0,1,1,0,0,0,0,1,1,1,1,0,0,1,0,1,0,0,1,1,1,0,0,1,0,0,0,1,1,0,0,1,0,0,0,1,1,1,0,1,0,0,0,0,1,0,0,1,0,1,0,0,1,0,1,1,0,1,1,1,0,0,0,1,1,0,1,0,0,1,0,0,0,0,1,0,0,0,1,1,1,0,0,1,0,0,1,0,0,0,0,1,1,0,0,1,1,0,0,0,0,0,0,1,0,0,0,0,1,0,0,1,0,0,0,0,0,0,0,0,0,0,0,0,1,1,0,0,1,0,0,0,0,0,0,0,0,0,0,0,0,0,0,1,0,0,0,0,0,0,0,0,0,0,0,0,0,0,0,1,0,0,0,0,0,0,0,1,0
0,1,0,1,1,1,1,0,0,0,1,1,0,0,0,1,1,1,1,1,1,1,0,1,0,1,1,0,1,0,1,0,0,0,0,0,1,0,1,1,0,1,0,1,1,1,0,1,1,0,0,1,0,1,1,0,0,1,1,1,1,1,1,0,0,1,0,1,1,0,1,1,1,1,0,1,0,0,0,1,1,0,0,1,0,0,0,1,1,1,1,1,0,0,0,1,1,1,0,1,0,1,0,0,1,0,1,1,0,1,1,1,1,1,1,1,1,1,1,0,1,1,0,1,0,1,1,1,1,0,1,1,1,0,0,1,1,0,1,1,0,1,0,1,1,1,1,1,1,0,0,0,0,1,0,1,0,1,0,1,1,1,0,1,0,1,0,0,1,0,0,0,0,1,0,1,1,1,0,1,1,1,0,1,1,0,1,0,1,1,0,0,1,1,0,1,0,1,1,0,0,0,0,1,1,0,1,1,1,1,0,1,1,0,1,0,1,1,0,1,1
0,1,0,1,0,1,1,0,0,1,1,1,0,0,0,1,1,1,1,1,1,1,0,1,0,1,1,0,1,0,1,0,1,0,0,0,1,0,1,1,1,1,0,1,1,1,1,1,1,0,0,1,0,1,1,0,0,1,1,1,1,1,1,0,0,1,0,1,1,0,1,1,1,1,0,1,0,0,0,1,1,0,0,1,0,0,0,1,1,1,1,1,0,0,0,1,1,1,1,1,1,1,0,0,1,0,1,1,0,1,1,1,1,1,1,1,1,1,1,1,1,1,0,1,0,1,1,1,1,0,1,1,1,0,0,1,1,1,0,1,0,1,1,1,0,1,1,1,1,0,0,0,0,1,0,0,0,1,0,1,1,1,0,1,0,1,0,0,1,0,0,0,0,1,0,1,1,1,0,1,1,1,0,1,1,0,1,0,1,1,0,0,1,1,0,1,0,1,1,0,0,0,0,1,1,0,1,1,1,1,0,1,1,0,1,0,1,1,0,1,1
0,1,0,1,0,1,1,0,0,1,1,1,0,0,0,1,1,1,1,1,1,1,0,1,0,1,1,0,1,0,1,0,1,0,0,0,1,0,1,1,1,1,0,1,1,1,1,1,1,0,0,1,0,1,1,0,0,1,1,1,1,1,1,0,0,1,0,1,1,0,1,1,1,1,0,1,0,0,0,1,1,0,0,1,0,0,0,1,1,1,1,1,0,0,0,1,1,1,1,1,1,1,0,0,1,0,1,1,0,1,1,1,1,1,1,1,1,1,1,1,1,1,0,1,0,1,1,1,1,0,1,1,1,0,0,1,1,1,0,1,0,1,1,1,0,1,1,1,1,0,0,0,0,1,0,0,0,1,0,1,1,1,0,1,0,1,0,0,1,0,0,0,0,1,0,1,1,1,0,1,1,1,0,1,1,0,1,0,1,1,0,0,1,1,0,1,1,1,1,0,0,0,0,1,1,0,1,1,1,1,0,1,1,0,1,0,1,1,0,1,1
0,1,0,1,0,1,1,0,0,0,1,1,0,0,0,1,1,1,1,1,1,1,0,1,0,1,1,0,1,0,1,0,0,1,0,0,1,0,1,1,0,1,0,1,1,1,0,1,1,0,0,1,0,1,1,0,0,1,1,1,1,1,1,0,1,1,0,1,1,0,1,1,1,1,0,1,0,0,0,1,1,0,0,1,0,0,0,1,1,1,1,1,0,0,0,1,1,1,0,1,0,1,0,0,1,0,1,1,0,1,1,1,1,1,1,1,1,1,1,0,1,1,0,1,0,1,1,1,1,0,1,1,1,0,0,1,1,0,1,1,0,1,0,1,1,1,1,1,1,0,0,0,0,1,0,1,0,1,0,1,1,1,0,1,0,1,0,0,1,0,1,0,0,1,0,1,1,1,0,1,1,1,0,1,1,0,1,0,1,1,0,0,1,1,0,1,0,1,1,0,0,0,0,1,1,0,1,1,1,1,0,1,1,0,1,0,1,1,0,1,1
0,1,0,1,0,1,1,0,0,0,1,1,0,0,0,1,1,1,1,1,1,1,0,1,0,1,1,0,1,0,1,0,0,1,0,0,1,0,1,1,0,1,0,1,1,1,0,1,1,0,0,1,0,1,1,0,0,1,1,1,1,1,1,0,1,1,0,1,1,0,1,1,1,1,0,1,0,0,0,1,1,0,0,1,0,0,0,1,1,1,1,1,0,0,0,1,1,1,0,1,0,1,0,0,1,0,1,1,0,1,1,1,1,1,1,1,1,1,1,0,1,1,0,1,0,1,1,1,1,0,1,1,1,0,0,1,1,0,1,1,0,1,0,1,1,1,1,1,1,0,0,0,0,1,0,1,0,1,0,1,1,1,0,1,0,1,0,0,1,0,1,0,0,1,0,1,1,1,0,1,1,1,0,1,1,0,1,0,1,1,0,0,1,1,0,1,1,1,1,0,0,0,0,1,1,0,1,1,1,1,0,1,1,0,1,0,1,1,0,1,1
0,1,0,0,0,1,1,1,0,0,1,0,0,1,0,0,0,1,0,0,0,0,0,0,0,0,0,0,0,0,1,0,0,0,1,1,0,0,0,1,0,1,1,1,0,0,0,1,1,0,0,1,0,0,0,0,0,1,1,0,0,0,1,0,0,0,0,0,1,1,0,0,0,0,0,0,0,0,0,0,0,0,0,0,0,0,0,0,1,0,1,0,0,0,0,0,0,1,0,0,0,0,0,0,0,0,0,0,0,0,0,1,1,1,1,0,0,1,1,0,0,0,0,1,1,1,0,1,1,0,0,0,0,0,0,0,1,0,0,1,0,0,0,0,0,1,1,1,0,0,1,0,1,1,1,0,0,0,0,1,1,1,1,1,0,1,0,1,1,0,0,0,0,1,0,1,1,0,1,1,0,1,1,0,0,0,1,1,0,1,1,1,0,0,0,1,1,1,1,1,1,1,0,0,0,1,1,1,1,1,1,0,1,0,1,0,1,1,1,0,1
1,1,1,1,0,1,1,0,0,1,1,1,0,0,0,1,1,1,1,1,1,1,1,1,1,1,1,0,1,0,1,0,1,1,0,0,1,0,1,1,1,1,0,1,1,1,1,1,1,0,0,1,0,1,1,0,0,1,1,1,1,1,1,1,1,1,0,1,1,0,1,1,1,1,0,1,0,0,0,1,1,0,0,1,0,0,0,1,1,1,1,1,0,0,0,1,1,1,1,1,1,1,0,0,1,1,1,1,0,1,1,1,1,1,1,1,1,1,1,1,1,1,0,1,0,1,0,1,1,0,1,1,1,0,0,1,1,1,1,1,0,1,1,1,1,1,1,1,0,0,0,0,0,1,0,1,0,1,0,1,1,1,0,1,0,1,0,0,1,0,1,0,0,1,0,1,1,1,0,1,1,1,0,1,1,0,1,0,1,1,0,0,1,1,0,1,1,1,1,0,0,0,0,1,1,0,1,1,1,1,0,1,1,0,1,0,1,1,0,1,1
0,1,0,0,0,1,1,1,0,0,1,0,0,1,0,0,0,1,1,0,0,0,0,0,0,0,0,0,0,0,1,0,0,0,1,1,0,0,0,1,0,1,1,1,0,0,0,1,1,0,0,1,0,0,0,0,0,1,1,0,0,0,1,0,0,0,0,0,1,1,0,0,0,0,0,0,0,0,0,0,0,0,0,0,0,0,0,0,1,0,1,0,0,0,0,0,0,1,0,0,0,0,0,0,0,0,0,0,0,0,0,1,1,1,1,0,0,1,1,0,0,0,0,1,0,1,0,1,1,0,0,0,0,0,0,0,1,0,0,1,0,0,0,0,0,1,1,1,0,0,1,0,1,1,1,0,0,0,0,1,1,1,1,1,0,1,0,1,1,0,0,0,0,1,0,1,1,0,0,1,0,1,0,0,0,0,1,1,0,1,1,1,0,0,0,1,1,1,1,1,1,1,0,0,0,1,1,1,1,1,1,0,1,0,1,0,1,1,1,0,1
0,1,0,0,0,1,1,1,0,0,1,0,1,1,0,1,1,1,0,0,0,1,0,0,0,0,0,0,0,0,1,0,0,0,1,0,1,1,1,1,0,1,1,1,0,0,0,1,1,0,0,1,0,0,0,0,0,1,1,0,0,0,1,0,0,0,0,0,1,1,0,0,0,0,0,0,0,0,0,0,0,0,0,0,0,0,0,0,1,0,1,0,0,0,0,0,0,1,0,0,0,0,0,0,0,0,0,0,0,0,0,1,1,1,1,0,0,1,1,0,0,0,0,1,0,1,0,1,1,0,0,0,0,0,0,0,1,0,0,1,0,0,0,0,0,1,1,1,0,0,0,0,1,1,0,0,0,0,0,1,1,1,0,1,0,1,1,0,1,0,0,0,0,1,0,1,1,0,0,1,0,1,1,0,0,0,1,1,0,1,1,1,0,0,0,1,1,1,1,0,1,1,1,0,0,0,1,1,1,1,0,0,1,0,1,1,1,1,0,1,1
0,1,0,1,0,1,1,1,0,0,1,0,1,1,1,1,1,1,0,0,0,1,0,0,0,0,0,0,0,0,1,0,0,0,0,1,0,1,1,1,0,1,1,1,0,0,0,1,1,0,0,1,0,0,0,0,1,1,1,0,0,0,1,0,0,0,0,0,1,0,0,1,0,0,0,0,0,1,0,0,1,0,0,0,0,1,0,0,1,0,1,0,0,0,0,0,0,1,0,0,0,0,0,0,0,0,0,1,1,0,0,1,1,1,1,0,0,1,1,0,0,0,0,1,0,1,1,1,1,0,0,0,1,0,0,0,1,0,1,1,0,0,0,0,0,1,1,1,1,0,0,0,0,1,0,0,0,0,0,1,1,1,0,1,0,1,1,0,1,0,0,1,1,1,0,1,1,0,0,1,0,1,0,0,0,0,1,1,1,1,0,1,1,0,0,1,1,1,1,0,0,1,1,1,0,1,1,1,1,1,0,0,1,0,1,0,1,1,0,0,1
0,1,0,1,0,1,1,1,0,0,1,0,1,1,1,1,1,1,1,0,0,1,0,1,0,0,1,0,0,0,1,0,0,0,1,1,0,1,1,1,0,1,1,1,0,0,0,1,1,0,0,1,0,0,0,0,1,1,1,0,0,0,1,0,0,0,0,0,1,1,0,1,0,0,0,0,0,1,0,0,1,0,0,0,0,1,0,0,1,0,1,0,0,0,0,0,0,1,0,0,0,0,0,0,0,0,0,1,1,0,0,1,1,1,1,0,0,1,1,0,0,0,0,1,0,1,1,1,1,0,0,0,1,0,0,0,1,0,1,1,0,0,0,0,0,1,1,1,1,0,0,0,1,1,0,0,0,0,0,1,1,1,0,1,0,1,1,0,1,0,0,1,1,1,0,1,1,0,0,1,0,1,1,0,0,0,1,1,1,1,0,1,1,0,0,1,1,1,1,0,0,1,1,1,0,1,1,1,1,1,0,0,1,0,1,0,1,1,0,0,1
0,1,0,1,0,1,1,1,0,0,1,0,1,1,1,1,1,1,1,0,0,1,0,1,0,0,1,0,0,0,1,0,0,0,1,1,0,1,1,1,0,1,1,1,0,0,0,1,1,0,0,1,0,0,0,0,1,1,1,0,0,0,1,0,0,0,0,0,1,1,0,1,0,0,0,0,0,1,0,0,1,0,0,0,0,1,0,0,1,0,1,0,0,0,0,0,0,1,0,0,0,0,0,0,0,0,0,1,1,0,0,1,1,1,1,0,0,1,1,0,0,0,0,1,0,1,1,1,1,0,0,0,1,0,0,0,1,0,1,1,0,0,0,0,0,1,1,1,1,0,0,0,1,1,0,0,0,0,0,1,1,1,0,1,0,1,1,0,1,0,0,1,1,1,0,1,1,0,0,1,0,1,1,0,0,0,1,1,1,1,0,1,1,0,0,1,1,1,1,0,0,1,1,1,0,1,1,1,1,1,0,0,1,0,1,0,1,1,0,0,1
0,1,0,1,0,1,1,1,0,0,1,0,1,1,1,1,1,1,1,0,0,1,0,1,0,0,1,0,0,0,1,0,0,0,0,1,0,1,1,1,0,1,1,1,0,0,0,1,1,0,0,1,0,0,0,0,1,1,1,0,0,0,1,0,0,0,0,0,1,0,0,1,0,0,0,0,0,1,0,0,1,0,0,0,0,1,0,0,1,0,1,0,0,0,0,0,0,1,0,0,0,0,0,0,0,0,0,1,1,0,0,1,1,1,1,0,0,1,1,0,0,0,0,1,0,1,1,1,1,0,0,0,1,0,0,0,1,0,1,1,0,0,0,0,0,1,1,1,1,0,0,0,0,1,0,0,0,0,0,1,1,1,0,1,0,1,1,0,1,0,0,1,1,1,0,1,1,0,0,1,0,1,0,0,0,0,1,1,1,1,0,1,1,0,0,1,1,1,1,0,0,1,1,1,0,1,1,1,1,1,0,0,1,0,1,0,1,1,0,0,1
0,1,0,1,0,1,1,1,0,0,1,0,1,1,1,1,1,1,0,0,0,1,0,0,0,0,0,0,0,0,1,0,0,0,0,1,1,1,1,1,0,1,1,1,0,0,0,1,1,0,0,1,0,0,0,0,1,1,1,0,0,0,1,0,0,0,0,0,1,0,0,1,0,0,0,0,0,1,0,0,1,0,0,0,0,1,0,0,1,0,1,0,0,0,0,0,0,1,0,0,0,0,0,0,0,0,0,1,1,0,0,1,1,1,1,0,0,1,1,0,0,0,0,1,0,1,1,1,1,0,0,0,1,0,0,0,1,0,1,1,0,0,0,0,0,1,1,1,1,0,0,0,0,1,0,0,0,0,0,1,1,1,0,1,0,1,1,0,1,0,0,1,1,1,0,1,1,0,0,1,0,1,0,0,0,0,1,1,1,1,0,1,1,0,0,1,1,1,1,0,0,1,1,1,0,1,1,1,1,1,0,0,1,0,1,0,1,1,0,0,1
0,1,0,0,0,1,1,1,0,0,1,0,1,1,0,1,1,1,0,0,0,1,0,0,0,0,0,0,0,0,1,0,0,0,1,0,1,1,1,1,0,1,1,1,0,0,0,1,1,0,0,1,0,0,0,0,0,1,1,0,0,0,1,0,0,0,0,0,1,1,0,0,0,0,0,0,0,0,0,0,0,0,0,0,0,0,0,0,1,0,1,0,0,0,0,0,0,1,0,0,0,0,0,0,0,0,0,0,0,0,0,1,1,1,1,0,0,1,1,0,0,0,0,1,0,1,0,1,1,0,0,0,0,0,0,0,1,0,0,1,0,0,0,0,0,1,1,1,0,0,0,0,1,1,0,0,0,0,0,1,1,1,0,1,0,1,1,0,1,0,0,0,0,1,0,1,1,0,0,1,0,1,1,0,0,0,1,1,0,1,1,1,0,0,0,1,1,1,1,0,1,1,1,0,0,0,1,1,1,1,0,0,1,0,1,1,1,1,0,1,1
0,1,0,0,0,1,1,1,0,0,1,0,1,1,0,1,1,1,0,0,0,1,0,0,0,0,0,0,0,0,1,0,0,0,1,0,1,1,1,1,0,1,1,1,0,0,0,1,1,0,0,1,0,0,0,0,0,1,1,0,0,0,1,0,0,0,0,0,1,1,0,0,0,0,0,0,0,0,0,0,0,0,0,0,0,0,0,0,1,0,1,0,0,0,0,0,0,1,0,0,0,0,0,0,0,0,0,0,0,0,0,1,1,1,1,0,0,1,1,0,0,0,0,1,0,1,0,1,1,0,0,0,0,0,0,0,1,0,0,1,0,0,0,0,0,1,1,1,0,0,0,0,1,1,0,0,0,0,0,1,1,1,0,1,0,1,1,0,1,0,0,0,0,1,0,1,1,0,0,1,0,1,0,0,0,0,1,1,0,1,1,1,0,0,0,1,1,1,1,1,1,1,1,0,0,0,1,1,1,1,0,0,1,0,1,1,1,1,0,1,1
1,1,0,1,0,1,1,1,0,0,1,0,0,1,0,1,1,1,0,0,0,1,0,0,0,0,0,0,0,0,1,0,0,0,0,1,1,1,1,1,0,1,1,1,0,0,0,1,1,0,0,1,0,0,0,0,1,1,1,0,0,0,1,0,0,0,0,0,1,0,0,1,0,0,0,0,0,0,0,0,0,0,0,0,0,1,0,0,1,0,1,0,0,0,0,0,0,1,0,0,0,0,0,0,0,0,0,0,0,0,0,1,1,1,1,0,0,1,1,0,0,0,0,1,0,1,0,1,1,0,0,0,0,0,0,0,1,0,1,1,0,0,0,0,0,1,1,1,0,0,0,0,0,1,0,0,0,0,0,1,1,1,0,1,0,1,1,0,1,0,0,1,1,1,0,1,1,0,0,1,0,1,0,0,0,0,1,1,0,1,0,1,0,0,0,1,1,1,1,0,0,1,1,0,0,1,1,1,1,1,0,0,1,0,1,0,1,1,0,0,1
0,1,0,1,0,1,1,1,0,0,1,0,1,1,1,1,1,1,0,0,0,1,0,0,0,0,0,0,0,0,1,0,0,0,0,1,1,1,1,1,0,1,1,1,0,0,0,1,1,0,0,1,0,0,0,0,1,1,1,0,0,0,1,0,0,0,0,0,1,0,0,1,0,0,0,0,0,1,0,0,1,0,0,0,0,1,0,0,1,0,1,0,0,0,0,1,0,1,0,0,0,0,0,0,0,0,0,1,0,0,0,1,1,1,1,0,0,1,1,0,1,0,0,1,0,1,1,1,1,0,0,0,1,0,0,0,1,0,1,1,0,1,0,0,0,1,1,1,1,0,0,0,0,1,0,0,0,1,0,1,1,1,0,1,0,1,1,0,1,0,0,1,1,1,0,1,1,0,0,1,0,1,0,1,1,0,1,1,1,1,0,1,1,1,1,1,1,1,1,0,0,1,1,1,1,1,1,1,1,1,0,0,1,0,1,0,1,1,0,0,1
0,1,0,1,0,1,1,1,0,0,1,0,1,1,1,1,1,1,0,0,0,1,0,0,0,0,0,0,0,0,1,0,0,0,0,1,0,1,1,1,0,1,1,1,0,0,0,1,1,0,0,1,0,0,0,0,1,1,1,0,0,0,1,0,0,0,0,0,1,0,0,1,0,0,0,0,0,1,0,0,1,0,0,0,0,1,0,0,1,0,1,0,0,0,0,1,0,1,0,0,0,0,0,0,0,0,0,1,1,0,0,1,1,1,1,0,0,1,1,0,1,0,0,1,0,1,1,1,1,0,0,0,1,0,0,0,1,0,1,1,0,1,0,0,0,1,1,1,1,0,0,0,0,1,0,0,0,1,0,1,1,1,0,1,0,1,1,0,1,0,0,1,1,1,0,1,1,0,0,1,0,1,0,1,1,0,1,1,1,1,0,1,1,1,1,1,1,1,1,0,0,1,1,1,1,1,1,1,1,1,0,0,1,0,1,0,1,1,0,0,1
0,1,0,1,0,1,1,1,0,0,1,0,1,1,1,1,1,1,1,0,0,1,0,1,0,0,1,0,0,0,1,0,0,0,0,1,0,1,1,1,0,1,1,1,0,0,0,1,1,0,0,1,0,0,0,0,1,1,1,0,0,0,1,0,0,0,0,0,1,0,0,1,0,0,0,0,0,1,0,0,1,0,0,0,0,1,0,0,1,0,1,0,0,0,0,0,0,1,0,0,0,0,0,0,0,0,0,1,1,0,0,1,1,1,1,0,0,1,1,0,0,0,0,1,0,1,1,1,1,0,0,0,1,0,0,0,1,0,1,1,0,0,0,0,0,1,1,1,1,0,0,0,0,1,0,0,0,0,0,1,1,1,0,1,0,1,1,0,1,0,0,1,1,1,0,1,1,0,0,1,0,1,0,0,0,0,1,1,1,1,0,1,1,0,0,1,1,1,1,0,0,1,1,1,0,1,1,1,1,1,0,0,1,0,1,0,1,1,0,0,1
0,1,0,1,0,1,1,1,0,0,1,0,1,1,1,1,1,1,0,0,0,1,0,0,0,0,0,0,0,0,1,0,0,0,0,1,1,1,1,1,0,1,1,1,0,0,0,1,1,0,0,1,0,0,0,0,1,1,1,0,0,0,1,0,0,0,0,0,1,0,0,1,0,0,0,0,0,1,0,0,1,0,0,0,0,1,0,0,1,0,1,0,0,0,0,1,0,1,0,0,0,0,0,0,0,0,0,1,1,0,0,1,1,1,1,0,0,1,1,0,1,0,0,1,0,1,1,1,1,0,0,0,1,0,0,0,1,0,1,1,0,1,0,0,0,1,1,1,1,0,0,0,0,1,0,0,0,1,0,1,1,1,0,1,0,1,1,0,1,0,0,1,1,1,0,1,1,0,0,1,0,1,0,1,1,0,1,1,1,1,0,1,1,1,1,1,1,1,1,0,0,1,1,1,1,1,1,1,1,1,0,0,1,0,1,0,1,1,0,0,1
0,1,0,1,0,1,1,1,0,0,1,0,0,1,0,1,1,1,0,0,0,1,0,0,0,0,0,0,0,0,1,0,0,1,0,1,1,1,1,1,0,1,1,1,0,0,0,1,1,0,0,1,0,0,0,0,1,1,1,0,0,0,1,1,1,0,0,0,1,0,0,1,0,0,0,0,0,1,0,0,1,0,0,0,0,1,0,0,1,0,1,0,0,0,0,0,0,1,0,0,0,0,0,0,0,1,0,1,0,0,0,1,1,1,1,0,0,1,1,0,0,0,0,1,0,1,0,1,1,0,0,0,1,1,0,0,1,0,1,1,0,1,0,0,0,1,1,1,0,0,0,0,0,1,0,0,0,0,0,1,1,1,0,1,0,1,1,0,1,0,1,1,1,1,0,1,1,0,0,1,0,1,0,0,0,0,1,1,1,1,0,1,1,1,1,1,1,1,1,0,0,1,1,1,1,1,1,1,1,1,0,0,1,0,1,0,1,1,0,0,1
1,1,0,1,0,1,1,1,0,0,1,0,1,1,1,1,1,1,0,0,0,1,0,0,0,0,0,0,0,0,1,0,0,0,0,1,1,1,1,1,0,1,1,1,0,0,0,1,1,0,0,1,0,0,0,0,1,1,1,0,0,0,1,0,0,0,0,0,1,0,0,1,0,1,0,0,0,1,0,0,1,0,0,0,0,1,0,0,1,0,1,0,0,0,0,0,0,1,0,0,0,0,0,0,0,0,0,1,1,0,0,1,1,1,1,0,0,1,1,0,0,0,0,1,0,1,1,1,1,0,0,0,1,1,0,0,1,0,1,1,0,0,0,0,0,1,1,1,1,0,0,0,0,1,0,0,0,0,0,1,1,1,0,1,0,1,1,0,1,0,0,1,1,1,0,1,1,0,0,1,0,1,0,0,0,0,1,1,1,1,0,1,1,0,0,1,1,1,1,0,0,1,1,1,0,1,1,1,1,1,0,0,1,0,1,0,1,1,0,0,1
0,1,0,0,0,1,1,0,0,0,1,0,0,1,0,0,0,1,1,0,0,0,0,0,0,0,0,0,0,0,1,0,0,0,1,1,0,0,0,1,0,1,1,1,0,0,0,1,1,0,0,1,0,0,0,0,0,1,1,0,0,0,1,0,0,0,0,0,1,1,0,0,0,0,0,0,0,0,0,0,0,0,0,0,0,0,0,0,1,0,1,0,0,0,0,0,0,1,0,0,0,0,0,0,0,0,0,0,0,0,0,1,1,1,1,0,0,1,1,0,0,0,0,1,0,1,0,1,1,0,0,0,0,0,0,0,1,0,0,1,0,0,0,0,0,1,1,1,0,0,1,0,1,1,1,0,0,0,0,1,1,1,1,1,0,1,0,1,1,0,0,0,0,1,0,1,1,0,0,1,0,1,0,0,0,0,1,1,0,1,1,1,0,0,0,1,1,1,1,1,1,1,0,0,0,1,1,1,1,1,1,0,1,0,1,0,1,1,1,0,1
0,1,0,0,0,1,1,1,0,0,1,0,1,1,0,1,1,1,0,0,0,1,0,0,0,0,0,0,0,0,1,0,0,0,1,0,1,1,1,1,0,1,1,1,0,0,0,1,1,0,0,1,0,0,0,0,0,1,1,0,0,0,1,0,0,0,0,0,1,1,0,0,0,0,0,0,0,0,0,0,0,0,0,0,0,0,0,0,1,0,1,0,0,0,0,0,0,1,0,0,0,0,0,0,0,0,0,0,0,0,0,1,1,1,1,0,0,1,1,0,0,0,0,1,0,1,0,1,1,0,0,0,0,0,0,0,1,0,0,1,0,0,0,0,0,1,1,1,0,0,0,0,1,1,0,0,0,0,0,1,1,1,0,1,0,1,1,0,1,0,0,0,0,1,0,1,1,0,0,1,0,1,1,0,0,0,1,1,0,1,1,1,0,0,0,1,1,1,1,0,1,1,1,0,0,0,1,1,1,1,0,0,1,0,1,1,1,1,0,1,1
0,1,0,0,0,1,1,0,0,0,1,0,0,1,0,0,0,1,1,0,0,0,0,0,0,0,0,0,0,0,1,0,0,0,1,1,0,0,0,1,0,1,1,1,0,0,0,1,1,0,0,1,0,0,0,0,0,1,1,0,0,0,1,0,0,0,0,0,1,1,0,0,0,0,0,0,0,0,0,0,0,0,0,0,0,0,0,0,1,0,1,0,0,0,0,0,0,1,0,0,0,0,0,0,0,0,0,0,0,0,0,1,1,1,1,0,0,1,1,0,0,0,0,1,0,1,0,1,1,0,0,0,0,0,0,0,1,0,0,1,0,0,0,0,0,1,1,1,0,0,1,0,1,1,1,0,0,0,0,1,1,1,1,1,0,1,0,1,1,0,0,0,0,1,0,1,1,0,0,1,0,1,0,0,0,0,1,1,0,1,1,1,0,0,0,1,1,1,1,1,1,1,0,0,0,1,1,1,1,1,1,0,1,0,1,0,1,1,1,0,1
0,1,0,0,0,1,1,1,0,0,1,0,1,1,0,1,1,1,0,0,0,1,0,0,0,0,0,0,0,0,1,0,0,0,1,0,1,1,1,1,0,1,1,1,0,0,0,1,1,0,0,1,0,0,0,0,0,1,1,0,0,0,1,0,0,0,0,0,1,1,0,0,0,0,0,0,0,0,0,0,0,0,0,0,0,0,0,0,1,0,1,0,0,0,0,0,0,1,0,0,0,0,0,0,0,0,0,0,0,0,0,1,1,1,1,0,0,1,1,0,0,0,0,1,0,1,0,1,1,0,0,0,0,0,0,0,1,0,0,1,0,0,0,0,0,1,1,1,0,0,0,0,1,1,0,0,0,0,0,1,1,1,0,1,0,1,1,0,1,0,0,0,0,1,0,1,1,0,0,1,0,1,0,0,0,0,1,1,0,1,1,1,0,0,0,1,1,1,1,1,1,1,1,0,0,0,1,1,1,1,0,0,1,0,1,1,1,1,0,1,1
0,1,0,0,0,1,1,0,0,0,1,0,1,1,0,1,1,1,1,0,0,1,0,0,0,1,1,0,1,0,1,0,0,0,0,0,0,0,1,1,0,1,0,1,0,0,0,1,1,0,0,1,0,1,1,0,0,1,1,0,0,0,1,0,0,1,0,0,1,0,1,1,1,1,1,1,0,0,0,1,1,1,1,1,0,0,0,1,1,1,1,1,0,0,1,1,1,1,0,0,0,1,0,1,1,0,1,1,0,1,0,1,1,1,0,1,0,1,1,0,1,1,0,1,0,0,0,1,1,0,1,0,1,0,0,1,1,0,0,1,0,0,0,1,0,1,1,1,0,0,0,0,0,1,0,0,0,1,0,1,1,0,0,1,0,1,0,0,1,0,0,0,0,1,0,1,1,1,0,0,1,1,0,1,1,0,1,1,1,1,0,1,1,0,1,1,1,1,1,0,0,1,0,1,0,0,1,0,1,0,0,1,0,0,1,1,1,1,0,1,0
0,1,0,1,0,1,1,1,0,0,1,0,1,1,1,1,1,1,0,0,0,1,0,0,0,0,0,0,0,0,1,0,0,0,1,1,0,1,1,1,0,1,1,1,0,0,0,1,1,0,0,1,0,0,0,0,1,1,1,0,0,0,1,0,0,0,0,0,1,1,0,1,0,0,0,0,0,1,0,0,1,0,0,0,0,1,0,0,1,0,1,0,0,0,0,0,0,1,0,0,0,0,0,0,0,0,0,1,1,0,0,1,1,1,1,0,0,1,1,0,0,0,0,1,1,1,1,1,1,0,0,0,1,0,0,0,1,0,1,1,0,0,0,0,0,1,1,1,1,0,0,0,0,1,0,0,0,0,0,1,1,1,0,1,0,1,1,0,1,0,0,1,1,1,0,1,1,0,1,1,0,1,0,0,0,0,1,1,1,1,0,1,1,0,0,1,1,1,1,0,0,1,1,1,0,1,1,1,1,1,0,0,1,0,1,0,1,1,0,0,1
0,1,0,1,0,1,0,0,0,1,0,0,0,0,0,1,1,1,1,0,0,1,0,0,0,1,1,0,1,0,1,0,1,1,0,0,0,0,0,0,1,1,0,1,0,1,1,1,0,0,0,0,0,1,0,0,0,0,0,1,0,1,0,1,1,1,0,1,0,0,1,1,0,0,0,0,0,1,0,1,1,0,0,1,0,1,0,1,1,1,0,1,0,0,0,1,1,0,1,1,1,1,0,0,1,1,1,1,0,1,1,1,0,0,0,1,1,0,1,1,1,1,0,0,0,0,0,0,0,0,0,1,1,0,0,1,0,1,0,0,0,1,1,1,0,0,0,1,0,0,0,0,0,0,0,0,0,1,0,0,1,0,0,1,0,0,0,0,0,0,1,1,1,0,0,0,1,1,0,0,1,0,0,1,1,0,0,0,0,0,0,0,0,0,0,1,1,0,0,0,0,0,0,0,0,0,1,0,0,1,0,0,0,1,0,1,0,1,0,0,0
0,1,0,1,1,1,0,0,0,1,1,0,1,1,0,1,1,1,0,0,0,0,0,0,0,1,1,1,1,0,1,0,1,1,0,0,0,0,1,0,1,1,0,1,1,1,1,1,0,1,1,0,0,1,1,0,0,0,0,1,1,1,0,1,1,1,0,1,0,0,1,1,1,0,1,1,0,1,0,1,1,1,1,1,0,1,0,1,1,1,0,1,0,0,1,1,1,0,1,1,1,1,0,1,1,1,1,1,0,1,1,1,0,0,0,1,1,0,1,1,1,1,0,0,0,0,0,0,0,0,1,1,1,0,0,1,0,1,1,0,0,1,1,1,0,0,0,1,0,0,0,0,0,0,0,0,0,1,0,0,1,0,0,1,0,0,0,0,0,0,1,1,1,0,0,0,1,1,0,0,1,0,0,1,1,0,0,0,0,0,0,0,0,0,0,1,1,0,0,0,0,0,0,0,0,0,1,0,0,0,0,1,0,0,0,0,0,0,0,1,0
0,1,0,1,0,1,1,0,0,1,0,0,0,0,0,1,1,1,0,0,0,0,0,0,0,1,1,0,0,0,1,0,1,1,0,0,0,0,0,1,1,1,0,1,0,1,1,1,1,0,0,1,0,1,0,0,0,1,1,0,0,1,0,1,1,1,0,1,1,0,1,1,0,0,0,0,0,1,0,1,1,0,0,1,0,1,0,1,1,1,1,1,0,0,0,1,1,1,1,1,1,1,0,0,1,1,1,1,0,1,1,1,1,1,0,1,1,1,1,1,1,1,0,1,0,0,0,1,1,0,0,1,1,0,0,1,1,1,0,1,0,1,1,1,0,1,1,1,0,0,0,0,0,1,0,0,0,1,0,1,1,0,0,1,0,1,1,0,1,0,1,1,1,1,0,1,1,1,0,0,1,1,0,1,1,0,1,0,0,1,0,0,0,0,0,0,0,1,0,0,0,0,0,0,0,0,0,0,0,0,1,0,0,0,0,0,0,0,1,0,0
0,1,0,1,0,1,0,0,0,1,0,0,0,0,0,1,1,1,0,0,0,0,0,0,0,1,1,0,0,0,1,0,1,1,0,0,0,0,0,0,1,1,0,1,0,1,1,1,0,0,0,0,0,1,0,0,0,0,0,0,0,1,0,1,1,1,0,1,0,0,1,1,0,0,0,0,0,1,0,1,1,0,0,1,0,1,0,1,1,1,0,1,0,0,0,1,1,0,1,1,1,1,0,0,1,1,1,1,0,1,1,1,0,0,0,1,1,0,1,1,1,1,0,0,0,0,0,0,0,0,0,1,1,0,0,1,0,1,0,0,0,1,1,1,0,0,0,1,0,0,0,0,0,0,0,0,0,1,0,0,1,0,0,1,0,0,0,0,0,0,1,1,1,0,0,0,1,1,0,0,1,0,0,1,1,0,0,0,0,0,0,0,0,0,0,0,0,0,0,0,0,0,0,0,0,0,0,0,0,0,0,0,0,0,0,0,0,0,0,0,0
0,1,0,1,0,1,1,0,0,0,0,0,0,0,0,1,1,1,0,0,0,0,0,0,0,1,1,0,0,0,1,0,0,1,0,0,0,0,1,0,0,1,1,1,0,1,0,1,1,1,1,0,0,1,1,0,1,0,0,0,0,1,0,1,1,1,0,1,1,0,1,1,0,0,1,1,0,0,0,1,0,1,1,1,0,1,1,1,1,1,0,1,0,0,1,0,1,0,0,1,0,1,0,1,1,1,1,0,0,1,1,1,0,0,0,1,1,0,1,0,0,1,0,0,0,0,0,0,0,0,1,1,0,0,0,1,0,0,1,0,0,0,0,1,1,0,0,1,0,1,0,0,0,0,0,1,0,0,0,0,1,0,0,1,0,1,0,0,0,0,1,1,0,0,0,0,1,1,0,0,1,0,0,0,0,0,1,0,0,0,0,1,0,0,0,0,0,0,0,0,0,1,0,0,0,0,0,0,0,0,0,0,0,0,0,0,0,0,0,0,0
0,1,0,1,1,1,1,0,0,1,1,0,1,1,0,1,1,1,0,0,0,0,0,0,0,1,1,1,1,0,1,0,1,1,0,0,0,0,1,0,1,1,1,1,1,1,1,1,1,1,1,0,0,1,1,0,1,0,0,1,1,1,0,1,1,1,0,1,1,0,1,1,1,0,1,1,0,0,0,1,0,1,1,1,0,1,1,1,1,1,0,1,0,0,1,0,1,0,1,1,1,1,0,1,1,1,1,0,0,1,1,1,0,0,0,1,1,0,1,1,0,1,0,0,0,0,0,0,0,0,1,1,0,0,0,1,0,1,1,0,0,0,1,1,1,0,0,1,0,1,0,0,0,0,0,1,0,0,0,0,1,0,0,1,0,1,0,0,0,0,1,1,0,0,0,0,1,1,0,0,1,0,0,0,0,0,1,0,0,0,0,1,0,0,0,1,1,0,0,0,0,1,0,0,0,0,1,0,0,0,0,1,0,0,0,0,0,0,0,1,0
0,1,0,1,0,1,1,0,0,1,0,0,0,0,0,1,1,1,0,0,0,0,0,0,0,1,1,0,0,0,1,0,1,1,0,0,0,0,1,1,1,1,1,1,0,1,1,1,1,0,0,1,0,1,1,0,1,1,1,0,0,1,0,1,1,1,0,1,1,0,1,1,0,0,0,1,0,0,0,1,0,0,0,1,0,1,1,1,1,1,1,1,0,0,0,0,1,1,1,1,1,1,0,0,1,1,1,0,0,1,1,1,1,1,0,1,1,1,1,1,0,1,0,1,0,0,0,1,1,0,0,1,0,0,0,1,1,1,1,1,0,0,1,1,1,1,1,1,0,1,0,0,0,1,0,1,0,0,0,1,1,0,0,1,0,1,1,0,1,0,1,1,0,1,0,1,1,1,0,0,1,1,0,0,0,0,1,0,0,1,0,1,0,0,0,0,0,1,0,0,0,1,0,0,0,0,0,0,0,0,1,0,0,0,0,0,0,0,1,0,0
0,1,0,1,0,1,1,0,0,1,0,0,0,0,0,1,1,1,0,0,0,0,0,0,0,1,1,0,0,0,1,0,1,1,0,0,0,0,1,0,1,1,1,1,0,1,1,1,1,0,0,0,0,1,1,0,1,0,0,0,0,1,0,1,1,1,0,1,1,0,1,1,0,0,0,1,0,0,0,1,0,0,0,1,0,1,1,1,1,1,0,1,0,0,0,0,1,0,1,1,1,1,0,0,1,1,1,0,0,1,1,1,0,0,0,1,1,0,1,1,0,1,0,0,0,0,0,0,0,0,0,1,0,0,0,1,0,1,1,0,0,0,1,1,1,0,0,1,0,1,0,0,0,0,0,1,0,0,0,0,1,0,0,1,0,1,0,0,0,0,1,1,0,0,0,0,1,1,0,0,1,0,0,0,0,0,1,0,0,1,0,0,0,0,0,0,0,0,0,0,0,0,0,0,0,0,0,0,0,0,0,0,0,0,0,0,0,0,0,0,0
0,1,0,1,0,1,1,0,0,1,0,0,0,0,0,1,1,1,0,0,0,0,0,0,0,1,1,0,0,0,1,0,1,1,0,0,0,0,1,0,1,1,1,1,0,1,1,1,1,0,0,0,0,1,1,0,1,0,0,0,0,1,0,1,1,1,0,1,1,0,1,1,0,0,0,1,0,0,0,1,0,0,0,1,0,1,1,1,1,1,0,1,0,0,0,0,1,0,1,1,1,1,0,0,1,1,1,0,0,1,1,1,0,0,0,1,1,0,1,1,0,1,0,0,0,0,0,0,0,0,0,1,0,0,0,1,0,1,1,0,0,0,1,1,1,0,0,1,0,1,0,0,0,0,0,1,0,0,0,0,1,0,0,1,0,1,0,0,0,0,1,1,0,0,0,0,1,1,0,0,1,0,0,0,0,0,1,0,0,0,0,1,0,0,0,0,0,0,0,0,0,1,0,0,0,0,0,0,0,0,0,0,0,0,0,0,0,0,0,0,0
0,1,0,1,0,1,0,0,0,0,1,0,1,1,0,1,1,1,0,0,0,0,0,0,0,1,1,0,0,0,1,0,0,0,0,0,0,0,1,1,0,1,1,1,1,1,0,1,1,0,0,1,0,1,1,0,0,1,1,1,1,1,1,0,0,1,1,1,1,0,1,0,1,0,0,1,0,0,0,1,0,0,0,1,0,0,0,1,1,1,1,1,0,0,0,0,1,1,0,1,0,1,0,1,1,0,1,0,0,1,1,1,1,1,0,1,1,1,1,0,0,1,0,1,0,0,1,1,1,0,1,1,0,0,0,1,1,0,0,1,0,0,0,1,0,1,1,1,1,0,1,0,0,1,1,0,0,0,0,1,1,0,1,1,0,1,1,0,1,0,0,0,0,1,0,1,1,1,0,0,1,1,0,0,0,0,1,1,0,1,0,1,0,0,0,1,0,1,1,0,0,1,1,0,0,0,0,0,1,0,0,1,0,0,0,0,1,0,0,1,0
0,1,0,1,0,1,1,0,0,0,1,0,1,1,0,0,0,1,0,0,0,1,0,1,0,1,0,0,0,0,1,0,0,1,0,1,0,0,1,1,0,1,0,1,1,1,0,1,0,1,1,0,0,1,0,0,0,0,0,0,0,1,0,1,1,1,0,1,0,0,1,1,1,1,1,1,0,0,0,1,1,1,1,1,0,0,0,1,1,1,0,1,0,0,1,1,1,0,0,1,0,1,0,1,1,1,1,1,1,1,0,1,0,0,0,1,0,0,1,0,1,1,0,0,0,0,0,0,0,0,0,1,1,0,0,1,0,0,1,0,0,1,0,1,0,0,0,1,0,0,0,0,0,0,0,0,0,1,0,0,1,0,0,1,0,0,0,0,0,0,0,0,0,0,0,0,1,1,0,0,1,0,0,1,1,0,0,0,1,0,0,0,1,0,1,1,1,0,0,0,0,0,0,1,0,1,1,0,0,0,0,0,0,0,0,1,0,0,0,0,0
0,1,0,1,0,1,1,0,0,0,1,0,1,1,0,0,0,1,0,0,0,1,0,1,0,1,0,0,0,0,1,0,0,1,1,1,0,0,1,1,0,1,1,1,1,1,0,1,1,1,1,0,0,1,0,0,0,0,0,0,0,1,0,1,1,1,0,1,0,1,1,1,1,1,1,1,0,0,0,1,1,1,1,1,0,0,0,1,1,1,0,1,0,0,1,1,1,0,0,1,0,1,0,1,1,1,1,1,1,1,0,1,0,0,0,1,0,0,1,0,1,1,0,0,0,0,0,1,0,0,0,1,1,0,0,1,0,0,1,0,0,1,0,1,0,0,0,1,0,0,0,0,0,1,0,0,0,1,0,0,1,0,0,1,0,0,0,0,0,0,0,0,0,0,0,0,1,1,0,0,1,0,1,1,0,0,0,0,1,0,0,0,1,0,1,1,1,0,0,0,0,0,0,1,0,1,1,0,0,0,0,0,0,0,0,1,0,0,0,0,0
0,1,0,1,0,1,1,0,1,0,1,0,1,1,1,0,0,1,0,0,0,1,0,1,0,1,0,0,0,0,1,1,0,1,0,1,0,0,1,1,0,1,0,1,1,1,0,1,0,1,1,0,0,1,0,0,0,0,0,0,0,1,0,1,1,1,0,1,0,0,1,1,1,1,1,1,0,0,0,1,1,1,1,1,0,0,0,1,1,1,0,1,0,0,1,1,1,0,0,0,0,1,0,1,1,1,1,1,1,1,0,1,0,0,0,1,0,0,1,0,1,1,0,0,0,0,0,0,0,0,0,1,1,0,0,1,0,0,1,0,0,1,0,1,0,0,0,1,0,0,0,0,0,0,0,0,0,1,0,0,1,0,0,1,0,0,0,0,0,0,1,0,0,0,0,0,1,1,0,0,1,0,0,1,1,0,0,0,1,0,0,0,1,0,1,1,1,0,0,0,0,0,0,1,0,1,1,0,0,0,0,0,0,0,0,1,0,0,0,0,0
0,0,0,1,0,1,1,0,0,0,1,0,1,1,1,0,0,0,0,0,0,0,0,0,0,0,0,0,0,0,1,0,0,1,0,1,0,0,1,1,0,1,0,1,0,0,0,1,0,0,0,1,1,1,1,0,1,1,1,0,0,0,0,1,1,0,0,0,1,0,0,1,0,0,0,1,0,0,0,0,0,0,0,1,0,1,1,0,1,0,1,0,0,0,0,0,1,1,0,1,0,0,0,0,0,1,0,0,0,0,0,1,1,1,0,1,1,1,1,0,0,0,1,1,0,0,0,1,1,0,0,0,0,0,0,1,1,0,0,1,0,0,0,1,0,1,1,1,0,1,0,0,0,1,0,0,1,0,0,1,1,0,0,1,1,1,0,0,1,0,1,0,1,1,1,1,1,1,0,0,1,1,0,0,0,1,1,1,0,1,0,1,0,0,0,1,1,1,1,0,0,1,0,0,0,1,1,0,1,0,0,1,0,0,0,0,1,0,0,1,0
0,1,0,1,0,1,1,0,1,0,1,0,1,1,1,0,0,1,0,0,0,1,0,1,1,1,0,0,0,0,1,1,0,1,1,1,0,1,1,1,0,1,1,1,1,1,0,1,1,1,1,0,0,1,0,0,0,0,0,0,0,1,1,1,1,1,0,1,0,1,1,1,1,1,1,1,0,0,0,1,1,1,1,1,0,0,0,1,1,1,0,1,0,0,1,1,1,0,0,0,0,1,0,1,1,1,1,1,1,1,0,1,0,0,0,1,0,0,1,0,1,1,0,0,1,0,0,0,0,0,0,1,1,0,1,1,0,0,1,0,0,1,0,1,0,0,0,1,0,0,0,0,1,0,0,0,0,1,0,0,1,0,0,1,0,1,0,0,1,1,1,0,0,0,0,0,1,1,1,0,1,0,0,1,0,0,1,1,1,1,0,0,1,0,1,1,1,1,1,0,0,0,0,1,0,1,1,0,0,0,0,0,0,0,0,1,0,0,0,0,0
0,0,0,0,0,1,0,0,0,0,0,0,0,0,0,0,0,0,0,0,0,0,0,0,0,0,0,0,0,0,1,0,0,0,1,0,1,0,0,1,0,0,0,1,0,0,0,0,0,0,0,1,0,0,0,0,0,0,0,0,0,0,0,0,0,0,0,0,0,1,0,0,0,0,0,0,0,0,0,0,0,0,0,0,0,0,0,0,0,0,0,0,0,0,0,0,0,0,0,0,0,0,0,0,0,0,0,0,0,0,0,0,0,0,0,0,0,0,0,0,0,0,0,0,0,0,0,0,0,0,0,0,0,0,0,0,0,0,0,0,0,0,0,0,0,0,0,0,0,0,0,0,1,0,0,0,0,0,0,0,0,0,0,0,0,1,0,0,0,0,0,0,0,0,0,0,0,0,0,0,0,0,0,0,0,0,1,0,0,1,0,0,0,0,0,1,1,0,0,0,0,0,0,0,0,0,1,0,0,0,0,0,0,1,0,0,0,0,0,0,0
0,1,0,0,0,1,1,1,0,0,1,0,0,1,1,1,1,1,1,0,0,1,0,0,0,0,1,0,0,0,1,0,0,0,1,0,0,1,1,1,0,1,1,1,0,0,0,1,1,0,0,1,0,0,0,0,1,1,1,0,0,0,1,0,0,0,0,0,1,1,0,0,0,0,0,0,0,0,0,0,0,0,0,0,0,0,0,0,1,0,1,0,0,0,0,0,0,1,0,0,0,0,0,0,0,0,0,0,0,0,0,1,1,1,1,0,0,1,1,0,0,0,0,1,1,1,0,1,1,1,0,0,0,0,0,0,1,0,0,1,0,0,0,0,0,1,1,1,0,0,1,1,1,1,0,0,0,0,0,1,1,1,0,1,0,1,0,1,1,0,0,0,0,1,0,1,1,0,1,1,0,1,1,0,0,0,1,1,0,1,1,1,0,0,0,1,1,1,1,1,1,1,1,0,0,0,1,1,1,1,1,0,1,0,1,0,1,1,1,0,1
0,1,0,0,0,1,1,1,0,0,1,1,0,1,1,1,1,1,1,0,0,1,0,0,0,0,1,0,0,0,1,0,0,0,1,0,0,0,1,1,0,1,1,1,0,0,0,1,1,0,0,1,0,0,0,0,1,1,1,0,0,0,1,0,0,0,0,0,1,1,0,1,0,1,0,0,0,0,0,0,1,0,0,0,0,0,0,0,1,0,1,0,0,0,0,1,0,1,0,0,0,0,0,0,0,0,0,1,1,0,0,1,1,1,1,0,0,1,1,0,1,0,0,1,1,1,0,1,1,1,0,0,1,0,1,0,1,0,0,1,0,1,0,0,0,1,1,1,0,0,0,0,1,1,0,0,0,1,0,1,1,1,0,1,0,1,0,1,1,1,0,0,0,1,0,1,1,0,1,1,0,1,1,1,1,0,1,1,1,1,1,1,1,1,1,1,1,1,1,1,1,1,1,1,1,0,1,1,1,1,1,0,1,0,1,0,1,1,1,0,1
0,1,0,0,0,1,1,1,0,0,1,0,0,1,1,1,1,1,1,0,0,1,0,0,0,0,1,0,0,0,1,0,0,0,0,0,0,1,1,1,0,1,1,1,0,0,0,1,1,0,0,1,0,0,0,0,1,1,1,0,0,0,1,0,0,0,0,0,1,0,0,1,0,0,0,0,0,0,1,0,1,0,0,0,0,0,1,0,1,0,1,0,0,0,0,1,0,1,0,0,0,0,0,0,0,0,0,1,0,0,0,1,1,1,1,0,0,1,1,0,1,0,0,1,1,1,0,1,1,1,0,0,1,0,1,0,1,0,0,1,0,1,0,0,0,1,1,1,0,0,1,1,0,1,0,0,0,1,1,1,1,1,0,1,0,1,0,1,1,1,0,0,0,1,0,1,1,0,1,1,0,1,0,1,0,0,1,1,1,1,1,1,1,0,1,1,1,1,1,1,1,1,1,1,0,0,1,1,1,1,1,0,1,0,1,0,1,1,1,0,1
0,0,0,0,0,1,1,0,0,0,1,0,0,1,0,1,1,1,0,0,0,0,0,0,0,0,0,0,0,0,1,0,0,0,0,0,0,0,0,1,0,1,0,1,0,0,0,1,1,0,0,1,0,0,0,0,1,1,1,0,0,0,1,0,0,0,0,0,1,0,0,1,0,0,0,0,0,1,0,0,1,0,0,0,0,1,0,0,1,0,1,0,0,0,0,1,0,1,0,0,0,0,0,0,0,0,0,1,0,0,0,1,1,1,1,0,0,1,1,0,1,0,0,1,0,1,0,1,1,0,0,0,1,0,0,0,1,0,0,1,0,1,0,0,0,1,1,1,0,0,0,0,0,1,0,0,0,1,0,1,1,1,0,1,0,1,0,0,1,0,0,1,1,1,0,1,1,0,0,1,0,1,0,1,1,0,1,1,1,1,0,1,1,1,1,1,0,1,1,0,0,1,0,1,1,0,1,1,1,1,0,0,1,0,1,0,1,1,0,0,1
0,1,0,0,0,1,1,1,0,0,1,0,0,1,0,1,1,1,1,1,1,1,0,1,0,0,1,0,0,0,1,0,0,0,1,0,0,1,1,1,0,1,0,1,0,0,0,1,1,0,0,1,0,0,0,0,1,1,1,0,0,0,1,0,0,0,0,0,1,1,0,0,0,0,0,0,0,0,0,0,0,0,0,0,0,0,0,0,1,0,1,0,0,0,0,0,0,1,0,0,0,0,0,0,0,0,0,0,0,0,0,1,1,1,1,0,0,1,1,0,0,0,0,1,0,1,0,1,1,0,0,0,0,0,0,0,1,0,0,1,0,0,0,0,0,1,1,1,0,0,0,0,1,1,0,0,0,0,0,1,1,1,0,1,0,1,1,0,1,0,0,0,0,1,0,1,1,0,0,1,0,1,1,0,0,0,1,1,0,1,0,1,0,0,0,1,1,1,1,0,0,1,1,0,0,0,1,1,1,1,1,0,1,0,1,0,1,1,1,0,1
0,1,0,0,0,1,1,1,0,0,1,0,0,1,1,0,0,1,1,0,0,0,0,0,0,0,1,0,0,0,1,0,0,0,0,0,0,0,0,1,0,1,0,1,0,0,0,1,1,0,0,1,0,0,0,0,1,1,1,0,0,0,1,0,0,0,0,0,1,0,0,1,0,1,0,0,0,0,0,0,1,0,0,0,0,0,0,0,1,0,1,0,0,0,0,1,0,1,0,0,0,0,0,0,0,0,0,1,0,0,0,1,1,1,1,0,0,1,1,0,1,0,0,1,0,1,0,1,1,0,0,0,1,0,0,0,1,0,0,1,0,1,0,0,0,1,1,1,0,0,0,0,0,1,0,0,0,1,0,1,1,1,0,1,0,1,1,0,1,0,0,0,0,1,0,1,1,0,0,1,0,1,0,1,1,0,1,1,1,1,0,1,1,1,1,1,1,1,1,0,0,1,0,1,1,0,1,1,1,1,1,0,1,0,1,0,1,1,1,0,1
0,1,0,0,0,1,1,1,0,0,1,0,0,1,1,1,1,1,1,0,0,1,0,0,0,0,1,0,0,0,1,0,0,0,0,0,0,1,1,1,0,1,1,1,0,0,0,1,1,0,0,1,0,0,0,0,1,1,1,0,0,0,1,0,0,0,0,0,1,0,0,0,0,0,0,0,0,0,0,0,0,0,0,0,0,0,0,0,1,0,1,0,0,0,0,0,0,1,0,0,0,0,0,0,0,0,0,0,0,0,0,1,1,1,1,0,0,1,1,0,0,0,0,1,1,1,0,1,1,1,0,0,0,0,0,0,1,0,0,1,0,0,0,0,0,1,1,1,0,0,1,1,0,1,0,0,0,0,0,1,1,1,0,1,0,1,0,1,1,0,0,0,0,1,0,1,1,0,1,1,0,1,0,0,0,0,1,1,0,1,1,1,0,0,0,1,1,1,1,1,1,1,1,0,0,0,1,1,1,1,1,0,1,0,1,0,1,1,1,0,1
0,1,0,0,0,1,1,1,0,0,1,0,0,1,1,1,1,1,1,0,1,1,0,1,0,0,1,0,0,0,1,0,0,0,0,0,0,0,1,1,0,1,1,1,0,0,0,1,1,0,0,1,0,0,0,0,1,1,1,0,0,0,1,0,0,0,0,0,1,0,0,1,0,1,0,0,0,0,0,0,1,0,0,0,0,0,0,0,1,0,1,0,0,0,0,1,0,1,0,0,0,0,0,0,0,0,0,1,1,0,0,1,1,1,1,0,0,1,1,0,1,0,0,1,0,1,0,1,1,1,0,0,1,0,0,0,1,0,0,1,0,1,0,0,0,1,1,1,0,1,1,0,0,1,0,0,0,1,0,1,1,1,0,1,0,1,0,1,1,0,0,0,0,1,0,1,1,0,0,1,0,1,0,1,1,0,1,1,1,1,1,1,1,1,0,1,1,1,1,1,1,1,1,1,1,0,1,1,1,1,1,0,1,0,1,0,1,1,1,0,1
0,1,0,0,0,1,1,1,0,0,1,0,0,1,1,1,1,1,1,0,0,1,1,1,0,0,1,0,1,0,1,0,0,0,0,0,0,0,1,1,0,1,0,1,0,0,0,1,1,0,0,1,0,1,1,0,1,1,1,1,0,0,1,0,0,0,0,0,1,0,0,0,0,0,0,1,0,0,0,0,0,0,0,1,0,0,0,0,1,0,1,0,0,0,0,0,1,1,0,0,0,0,0,0,0,0,0,0,0,0,0,1,1,1,1,1,0,1,1,0,0,0,0,1,0,1,0,1,1,0,0,0,0,0,0,1,1,0,0,1,0,0,0,1,0,1,1,1,0,0,0,0,0,1,0,0,0,0,0,1,1,1,0,1,0,1,1,0,1,0,0,0,0,1,0,1,1,1,0,1,1,1,0,0,0,0,1,1,0,1,0,1,0,0,0,1,1,1,1,0,0,1,1,0,0,0,1,1,1,1,1,1,1,1,1,1,1,1,1,1,1
0,1,0,0,0,1,1,1,0,0,1,0,0,1,1,1,1,1,1,0,0,1,1,1,0,0,1,0,1,0,1,0,0,0,0,0,0,0,1,1,0,1,1,1,0,0,0,1,1,0,0,1,0,1,1,0,1,1,1,1,0,0,1,0,0,0,0,0,1,0,0,0,0,0,0,1,0,0,0,0,0,0,0,1,0,0,0,0,1,0,1,0,0,0,0,0,1,1,0,0,0,0,0,0,0,0,0,0,0,0,0,1,1,1,1,1,0,1,1,0,0,0,0,1,0,1,0,1,1,1,0,0,0,0,0,1,1,0,0,1,0,0,0,1,0,1,1,1,0,0,0,0,0,1,0,0,0,0,0,1,1,1,0,1,0,1,1,1,1,0,0,0,0,1,0,1,1,1,0,1,1,1,0,0,0,0,1,1,0,1,0,1,0,0,0,1,1,1,1,0,0,1,1,0,0,0,1,1,1,1,1,1,1,1,1,1,1,1,1,1,1
0,1,0,0,0,1,1,1,0,0,1,0,0,1,1,1,1,1,1,0,0,1,0,0,0,1,1,0,1,0,1,0,0,0,1,0,0,0,1,1,0,1,1,1,1,1,0,1,1,1,1,1,0,1,0,0,1,1,1,1,0,1,0,0,0,1,0,1,1,1,1,0,1,0,1,1,0,0,0,1,0,1,1,1,0,0,0,1,1,1,1,1,0,0,1,0,1,1,0,1,0,1,0,1,1,0,1,0,0,1,1,1,1,1,1,1,1,1,1,0,0,1,0,1,1,1,0,1,1,1,1,1,0,0,0,1,1,0,0,1,0,0,0,1,0,1,1,1,0,0,1,1,1,1,0,0,0,0,0,1,1,1,0,1,0,1,0,1,1,0,0,0,0,1,0,1,1,1,1,1,1,1,1,0,0,0,1,1,0,1,1,1,0,0,0,1,1,1,1,1,1,1,1,0,0,0,1,1,1,1,1,0,1,0,1,0,1,1,1,0,1
0,1,0,0,0,1,1,1,0,0,1,0,0,1,1,1,1,1,1,0,0,1,0,0,0,1,1,0,1,0,1,0,0,0,0,0,0,0,1,1,0,1,1,1,1,1,0,1,1,1,1,1,0,1,0,0,1,1,1,1,0,1,0,0,0,1,0,1,1,0,1,0,1,0,1,1,0,0,0,1,0,1,1,1,0,0,0,1,1,1,1,1,0,0,1,0,1,1,0,1,0,1,0,1,1,0,1,0,0,1,1,1,1,1,1,1,1,1,1,0,0,1,0,1,1,1,0,1,1,1,1,1,0,0,0,1,1,0,0,1,0,0,0,1,0,1,1,1,0,0,1,1,0,1,0,0,0,0,0,1,1,1,0,1,0,1,0,1,1,0,0,0,0,1,0,1,1,1,1,1,1,1,0,0,0,0,1,1,0,1,1,1,0,0,0,1,1,1,1,1,1,1,1,0,0,0,1,1,1,1,1,0,1,0,1,0,1,1,1,0,1
0,1,0,0,0,1,1,1,0,0,1,0,0,1,1,1,1,1,1,0,0,1,0,0,0,1,1,0,1,0,1,0,0,0,0,0,0,0,1,1,0,1,1,1,1,1,0,1,1,1,1,1,0,1,0,0,1,1,1,1,0,1,0,0,0,1,0,1,1,0,1,0,1,0,1,1,0,0,0,1,0,1,1,1,0,0,0,1,1,1,1,1,0,0,1,0,1,1,0,1,0,1,0,1,1,0,1,0,0,1,1,1,1,1,1,1,1,1,1,0,0,1,0,1,1,1,0,1,1,1,1,1,0,0,0,1,1,0,0,1,0,0,0,1,0,1,1,1,0,0,1,1,0,1,0,0,0,0,0,1,1,1,0,1,0,1,0,1,1,0,0,0,0,1,0,1,1,1,1,1,1,1,0,0,0,0,1,1,0,1,1,1,0,0,0,1,1,1,1,1,1,1,1,0,0,0,1,1,1,1,1,0,1,0,1,0,1,1,1,0,1
0,1,0,0,0,1,1,1,0,0,1,0,0,1,1,1,1,1,1,0,0,1,0,0,0,1,1,0,1,0,1,0,0,0,0,0,0,0,1,1,0,1,1,1,1,1,0,1,1,1,1,1,0,1,0,0,1,1,1,1,0,1,0,0,0,1,0,1,1,0,1,0,1,0,1,1,0,0,0,1,0,1,1,1,0,0,0,1,1,1,1,1,0,0,1,0,1,1,0,1,0,1,0,1,1,0,1,0,0,1,1,1,1,1,1,1,1,1,1,0,0,1,0,1,1,1,0,1,1,1,1,1,0,0,0,1,1,0,0,1,0,0,0,1,0,1,1,1,0,0,1,1,0,1,0,0,0,0,0,1,1,1,0,1,0,1,0,1,1,0,0,0,0,1,0,1,1,1,1,1,1,1,0,0,0,0,1,1,0,1,1,1,0,0,0,1,1,1,1,1,1,1,1,0,0,0,1,1,1,1,1,0,1,0,1,0,1,1,1,0,1
0,1,0,0,0,1,1,1,0,0,1,0,0,1,1,1,1,1,1,0,0,1,0,0,0,1,1,0,1,0,1,0,0,0,0,0,0,0,1,1,0,1,1,1,1,1,0,1,1,1,1,1,0,1,0,0,1,1,1,1,0,1,0,0,0,1,0,1,1,0,1,0,1,0,1,1,0,0,0,1,0,1,1,1,0,0,0,1,1,1,1,1,0,0,1,0,1,1,0,1,0,1,0,1,1,0,1,0,0,1,1,1,1,1,1,1,1,1,1,0,0,1,0,1,1,1,0,1,1,1,1,1,0,0,0,1,1,0,0,1,0,0,0,1,0,1,1,1,0,0,1,1,0,1,0,0,0,0,0,1,1,1,0,1,0,1,0,1,1,0,0,0,0,1,0,1,1,1,1,1,1,1,0,0,0,0,1,1,0,1,1,1,0,0,0,1,1,1,1,1,1,1,1,0,0,0,1,1,1,1,1,0,1,0,1,0,1,1,1,0,1
0,1,0,0,0,1,1,1,0,0,1,0,0,1,1,1,1,1,1,0,0,1,0,0,0,1,1,0,1,0,1,0,0,0,0,0,0,0,1,1,0,1,1,1,1,1,0,1,1,1,1,0,0,1,0,0,1,1,1,1,0,1,0,0,0,1,0,1,1,0,1,0,1,0,1,1,0,0,0,1,0,1,1,1,0,0,0,1,1,1,1,1,0,0,1,0,1,1,0,1,0,1,0,1,1,0,1,0,0,1,1,1,1,1,1,1,1,1,1,0,0,1,0,1,1,1,0,1,1,1,1,1,0,0,0,1,1,0,0,1,0,0,0,1,0,1,1,1,0,0,1,1,0,1,1,0,0,0,0,1,1,1,1,1,0,1,0,1,1,0,0,0,0,1,0,1,1,1,1,1,1,1,0,0,0,0,1,1,0,1,1,1,0,0,0,1,0,1,1,1,1,1,1,0,0,0,1,1,1,1,0,0,1,0,1,0,1,1,0,0,1
0,1,0,0,0,1,1,1,0,0,1,0,0,1,1,1,1,1,1,0,0,1,0,0,0,1,1,0,1,0,1,0,0,0,0,0,0,0,1,1,0,1,1,1,1,1,0,1,1,1,1,0,0,1,0,0,1,1,1,1,0,1,0,0,0,1,0,1,1,0,1,0,1,0,1,1,0,0,0,1,0,1,1,1,0,0,0,1,1,1,1,1,0,0,1,0,1,1,0,1,0,1,0,1,1,0,1,0,0,1,1,1,1,1,1,1,1,1,1,0,0,1,0,1,1,1,0,1,1,1,1,1,0,0,0,1,1,0,0,1,0,0,0,1,0,1,1,1,0,0,1,1,0,1,1,0,0,0,0,1,1,1,1,1,0,1,0,1,1,0,0,0,0,1,0,1,1,1,1,1,1,1,0,0,0,0,1,1,0,1,1,1,0,0,0,1,0,1,1,1,1,1,1,0,0,0,1,1,1,1,0,0,1,0,1,0,1,1,0,0,1
0,1,0,0,0,1,1,1,0,0,1,0,0,1,1,1,1,1,1,0,0,1,0,0,0,1,1,0,1,0,1,0,0,0,0,0,0,0,1,1,0,1,0,1,1,1,0,1,1,1,1,1,0,1,0,0,1,1,1,1,0,1,0,0,0,1,0,1,1,0,1,0,1,0,1,1,0,0,0,1,0,1,1,1,0,0,0,1,1,1,1,1,0,0,1,0,1,1,0,1,0,1,0,1,1,0,1,0,0,1,1,1,1,1,1,1,1,1,1,0,0,1,0,1,1,1,0,1,1,1,1,1,0,0,0,1,1,0,0,1,0,0,0,1,0,1,1,1,0,0,1,1,0,1,1,0,0,0,0,1,1,1,1,1,0,1,0,1,1,0,0,0,0,1,0,1,1,1,1,1,1,1,0,0,0,0,1,1,0,1,1,1,0,0,0,1,0,1,1,1,1,1,1,0,0,0,1,1,1,1,0,0,1,0,1,0,1,1,0,0,1
0,1,0,0,0,1,1,1,0,0,1,0,0,1,1,1,1,1,1,0,0,1,0,0,0,1,1,0,1,0,1,0,0,0,0,0,0,0,1,1,0,1,0,1,1,1,0,1,1,1,1,1,0,1,0,0,1,1,1,1,0,1,0,0,0,1,0,1,1,0,1,0,1,0,1,1,0,0,0,1,0,1,1,1,0,0,0,1,1,1,1,1,0,0,1,0,1,1,0,1,0,1,0,1,1,0,1,0,0,1,1,1,1,1,1,1,1,1,1,0,0,1,0,1,1,1,0,1,1,1,1,1,0,0,0,1,1,0,0,1,0,0,0,1,0,1,1,1,0,0,1,1,0,1,1,0,0,0,0,1,1,1,1,1,0,1,0,1,1,0,0,0,0,1,0,1,1,1,1,1,1,1,0,0,0,0,1,1,0,1,1,1,0,0,0,1,0,1,1,1,1,1,1,0,0,0,1,1,1,1,0,0,1,0,1,0,1,1,0,0,1
0,1,0,0,0,1,1,1,0,0,1,0,0,1,1,1,1,1,1,0,0,1,0,0,0,1,1,0,1,0,1,0,0,0,1,0,1,0,1,1,0,1,0,1,1,1,0,1,1,1,1,1,0,1,0,0,1,1,1,1,0,1,0,0,0,1,0,1,1,1,1,0,1,0,1,1,0,0,0,1,0,1,1,1,0,0,0,1,1,1,1,1,0,0,1,0,1,1,0,1,0,1,0,1,1,0,1,0,0,1,1,1,1,1,1,1,1,1,1,0,0,1,0,1,0,1,0,1,1,1,1,1,0,0,0,1,1,0,0,1,0,0,0,1,0,1,1,1,0,0,0,0,1,1,0,0,0,0,0,1,1,1,0,1,0,1,0,1,1,0,0,0,0,1,0,1,1,1,0,1,1,1,1,0,0,0,1,1,0,1,1,1,0,0,0,1,1,1,1,1,1,1,1,0,0,0,1,1,1,1,1,0,1,0,1,0,1,1,1,0,1
0,1,0,0,0,1,1,1,0,0,1,0,0,1,1,1,1,1,1,0,0,1,0,0,0,1,1,0,1,0,1,0,0,0,1,0,1,0,1,1,0,1,0,1,1,1,0,1,1,1,1,1,0,1,0,0,1,1,1,1,0,1,0,0,0,1,0,1,1,1,1,0,1,0,1,1,0,0,0,1,0,1,1,1,0,0,0,1,1,1,1,1,0,0,1,0,1,1,0,1,0,1,0,1,1,0,1,0,0,1,1,1,1,1,1,1,1,1,1,0,0,1,0,1,0,1,0,1,1,1,1,1,0,0,0,1,1,0,0,1,0,0,0,1,0,1,1,1,0,0,0,0,1,1,0,0,0,0,0,1,1,1,0,1,0,1,0,1,1,0,0,0,0,1,0,1,1,1,0,1,1,1,1,0,0,0,1,1,0,1,1,1,0,0,0,1,1,1,1,1,1,1,1,0,0,0,1,1,1,1,1,0,1,0,1,0,1,1,1,0,1
0,1,0,1,0,1,1,0,0,0,0,0,0,0,0,1,1,1,1,0,0,1,0,0,0,1,1,0,1,0,1,0,0,0,0,0,0,0,0,1,0,1,0,1,0,1,0,1,1,1,1,1,0,1,0,0,0,1,1,0,0,1,1,0,0,1,1,1,1,0,1,1,0,1,1,0,0,0,0,1,1,1,1,1,0,0,0,1,1,1,1,1,0,0,1,1,1,1,0,1,0,1,0,1,1,0,1,1,0,1,1,1,1,1,1,1,1,1,1,0,1,1,0,1,0,1,0,1,1,0,1,1,1,0,0,1,1,0,0,1,0,1,0,1,0,1,1,1,0,0,0,0,0,1,0,0,0,1,0,1,1,1,0,1,0,1,0,0,1,0,0,0,0,1,0,1,1,1,0,1,1,1,0,1,1,0,1,0,1,1,0,0,1,1,0,1,1,1,1,0,0,0,0,1,1,0,1,1,1,0,0,0,1,0,1,0,1,0,0,0,1
0,1,0,1,0,1,1,0,0,0,0,0,0,0,0,1,1,1,1,0,0,1,0,0,0,1,1,0,1,0,1,0,0,0,0,0,0,0,0,1,0,1,0,1,0,1,0,1,1,1,1,1,0,1,0,0,0,1,1,0,0,1,1,0,0,1,1,1,1,0,1,1,0,1,1,0,0,0,0,1,1,1,1,1,0,0,0,1,1,1,1,1,0,0,1,1,1,1,0,1,0,1,0,1,1,0,1,1,0,1,1,1,1,1,1,1,1,1,1,0,1,1,0,1,0,1,0,1,1,0,1,1,1,0,0,1,1,0,0,1,0,1,0,1,0,1,1,1,0,0,0,0,0,1,0,0,0,1,0,1,1,1,0,1,0,1,0,0,1,0,0,0,0,1,0,1,1,1,0,1,1,1,0,1,1,0,1,0,1,1,0,0,1,1,0,1,1,1,1,0,0,0,0,1,1,0,1,1,1,1,0,0,1,0,1,0,1,1,0,0,1
0,1,0,1,0,1,1,0,0,1,0,0,0,0,0,1,1,1,1,0,0,1,0,0,0,1,1,0,1,0,1,0,1,0,0,0,0,0,0,1,1,1,0,1,0,1,1,1,1,1,1,1,0,1,0,0,0,1,1,0,0,1,1,0,0,1,1,1,1,0,1,1,0,1,1,0,0,0,0,1,1,1,1,1,0,0,0,1,1,1,1,1,0,0,1,1,1,1,1,1,1,1,0,1,1,0,1,1,0,1,1,1,1,1,1,1,1,1,1,1,1,1,0,1,0,1,0,1,1,0,1,1,1,0,0,1,1,1,0,1,0,1,1,1,0,1,1,1,0,0,0,0,0,1,0,0,0,1,0,1,1,1,0,1,0,1,0,0,1,0,0,0,0,1,0,1,1,1,0,1,1,1,0,1,1,0,1,0,1,1,0,0,1,1,0,1,1,1,1,0,0,0,0,1,1,0,1,1,1,0,0,0,1,0,1,0,1,0,0,0,1
0,1,0,1,0,1,1,0,0,1,0,0,0,0,0,1,1,1,1,0,0,1,0,0,0,1,1,0,1,0,1,0,1,0,0,0,0,0,0,1,1,1,0,1,0,1,1,1,1,1,1,1,0,1,0,0,0,1,1,0,0,1,1,0,0,1,1,1,1,0,1,1,0,1,1,0,0,0,0,1,1,1,1,1,0,0,0,1,1,1,1,1,0,0,1,1,1,1,1,1,1,1,0,1,1,0,1,1,0,1,1,1,1,1,1,1,1,1,1,1,1,1,0,1,0,1,0,1,1,0,1,1,1,0,0,1,1,1,0,1,0,1,1,1,0,1,1,1,0,0,0,0,0,1,0,0,0,1,0,1,1,1,0,1,0,1,0,0,1,0,0,0,0,1,0,1,1,1,0,1,1,1,0,1,1,0,1,0,1,1,0,0,1,1,0,1,1,1,1,0,0,0,0,1,1,0,1,1,1,0,0,0,1,0,1,0,1,0,0,0,1
0,1,0,1,0,1,1,0,0,0,0,0,0,0,0,1,1,1,1,0,0,1,1,1,0,1,1,0,1,0,1,0,0,1,0,0,1,0,0,1,0,1,0,1,0,1,0,1,1,1,1,1,0,1,0,0,0,1,1,0,0,1,1,1,1,1,1,1,1,0,1,1,0,1,1,0,0,1,0,1,1,1,1,1,0,1,0,1,1,1,1,1,0,0,1,1,1,1,0,1,0,1,0,1,1,1,1,1,0,1,1,1,1,1,0,1,1,1,1,0,1,1,0,1,0,0,0,1,1,0,1,1,1,1,0,1,1,0,1,1,0,1,0,1,0,1,1,1,0,0,0,0,0,1,0,0,0,1,0,1,1,0,0,1,0,1,0,0,1,0,0,0,1,1,0,1,1,1,0,0,1,1,0,1,1,0,1,0,1,1,0,0,1,1,1,1,1,1,1,0,0,0,0,1,1,0,1,1,1,1,0,0,0,1,1,1,1,1,0,0,0
0,1,0,0,0,1,1,0,0,0,0,0,0,0,0,1,1,1,1,0,0,1,1,1,0,1,1,0,1,0,1,0,0,0,0,0,1,0,0,1,0,1,0,1,0,1,0,1,1,1,1,1,0,1,0,0,0,1,1,0,0,1,1,0,0,1,1,1,1,0,1,1,0,1,1,0,0,0,0,1,1,1,1,1,0,0,0,1,1,1,1,1,0,0,1,1,1,1,0,1,0,1,0,1,1,0,1,1,0,1,1,1,1,1,0,1,1,1,1,0,1,1,0,1,0,0,0,1,1,0,1,1,1,0,0,1,1,0,0,1,0,1,0,1,0,1,1,1,0,0,0,0,0,1,0,0,0,1,0,1,1,0,0,1,0,1,0,0,1,0,0,0,0,1,0,1,1,1,0,0,1,1,0,1,1,0,1,0,1,1,0,0,1,1,0,1,1,1,1,0,0,0,0,1,1,0,1,1,1,1,0,0,0,1,1,1,1,1,0,0,0
0,1,0,1,0,1,1,1,0,1,0,0,0,0,0,1,1,1,1,0,0,1,0,0,0,1,1,0,1,0,1,0,1,1,0,0,0,0,0,1,1,1,0,1,0,1,1,1,1,1,1,1,0,1,0,0,0,1,1,0,0,1,1,0,1,1,1,1,1,0,1,1,0,1,1,0,0,1,0,1,1,1,1,1,0,1,0,1,1,1,1,1,0,0,1,1,1,1,1,1,1,1,0,1,1,0,1,1,0,1,1,1,1,1,1,1,1,1,1,1,1,1,0,1,0,1,0,1,1,0,1,1,1,1,0,1,1,1,1,1,0,1,1,1,0,1,1,1,0,0,0,0,0,1,0,0,0,1,0,1,1,1,0,1,0,1,0,0,1,0,0,0,0,1,0,1,1,1,0,1,1,1,0,1,1,0,1,0,1,1,0,0,1,1,1,1,1,1,1,0,0,0,0,1,1,0,1,1,1,0,0,0,1,0,1,0,1,0,0,0,1
0,1,0,1,0,1,1,0,0,1,0,0,0,0,0,1,1,1,1,0,0,1,1,1,0,1,1,0,1,0,1,0,1,1,0,0,1,0,0,1,1,1,0,1,0,1,1,1,1,1,1,1,0,1,0,0,0,1,1,0,0,1,1,0,1,1,1,1,1,0,1,1,0,1,1,0,0,1,0,1,1,1,1,1,0,1,0,1,1,1,1,1,0,0,1,1,1,1,1,1,1,1,0,1,1,0,1,1,0,1,1,1,1,1,0,1,1,1,1,1,1,1,0,1,0,0,0,1,1,0,1,1,1,1,0,1,1,1,1,1,0,1,1,1,0,1,1,1,0,0,0,0,0,1,0,0,0,1,0,1,1,0,0,1,0,1,0,0,1,0,0,0,0,1,0,1,1,1,0,0,1,1,0,1,1,0,1,0,1,1,0,0,1,1,1,1,1,1,1,0,0,0,0,1,1,0,1,1,1,1,0,0,0,1,1,1,1,1,0,0,0
0,1,0,1,0,1,1,0,0,0,0,0,0,0,0,1,1,1,1,0,0,1,1,1,0,1,1,0,1,0,1,0,0,1,0,0,1,0,0,1,0,1,0,1,0,1,0,1,1,1,1,1,0,1,0,0,0,1,1,0,0,1,1,0,1,1,1,1,1,0,1,1,0,1,1,0,0,1,0,1,1,1,1,1,0,1,0,1,1,1,1,1,0,0,1,1,1,1,0,1,0,1,0,1,1,0,1,1,0,1,1,1,1,1,0,1,1,1,1,0,1,1,0,1,0,0,0,1,1,0,1,1,1,1,0,1,1,0,1,1,0,1,0,1,0,1,1,1,0,0,0,0,0,1,0,0,0,1,0,1,1,0,0,1,0,1,0,0,1,0,0,0,0,1,0,1,1,1,0,0,1,1,0,1,1,0,1,0,1,1,0,0,1,1,1,1,1,1,1,0,0,0,0,1,1,0,1,1,1,1,0,0,0,1,1,1,1,1,0,0,0
0,1,0,1,0,1,1,1,0,0,1,1,1,1,1,1,1,1,1,0,0,1,0,0,0,1,1,1,1,1,1,0,0,1,0,0,1,0,1,1,0,1,0,1,1,1,0,1,1,1,1,1,0,1,1,0,0,1,1,0,1,1,1,0,1,1,1,1,1,0,1,1,1,1,1,1,0,1,0,1,1,1,1,1,0,1,0,1,1,1,1,1,0,0,1,1,1,1,0,1,0,1,0,1,1,0,1,1,1,1,1,1,1,1,1,1,1,1,1,0,1,1,0,1,1,1,1,1,1,0,1,1,1,1,0,1,1,0,1,1,0,1,0,1,0,1,1,1,1,1,1,1,0,1,1,0,0,1,0,1,1,1,1,1,0,1,0,0,1,0,0,1,0,1,0,1,1,1,1,1,1,1,0,1,1,0,1,0,1,1,0,0,1,1,1,1,1,1,1,0,0,0,0,1,1,0,1,1,1,1,0,0,1,0,1,0,1,1,0,0,1
0,1,0,1,0,1,1,1,0,0,1,1,0,0,0,1,1,1,0,1,1,1,0,0,0,1,1,1,1,0,1,0,0,1,0,0,1,0,1,1,0,1,0,1,1,1,0,1,1,1,1,1,0,1,0,0,0,1,1,0,0,1,1,0,1,1,1,1,1,0,1,1,1,1,1,1,0,1,0,1,1,1,1,1,0,1,0,1,1,1,1,1,0,0,1,1,1,1,0,1,0,1,0,1,1,0,1,1,0,1,1,1,1,1,1,1,1,1,1,0,1,1,0,1,0,1,1,1,1,0,1,1,1,1,0,1,1,0,1,1,0,1,0,1,0,1,1,1,1,0,0,0,0,1,0,0,0,1,0,1,1,1,0,1,0,1,0,0,1,0,0,0,0,1,0,1,1,1,0,1,1,1,0,1,1,0,1,0,1,1,0,0,1,1,1,1,1,1,1,0,0,0,0,1,1,0,1,1,1,1,0,0,1,0,1,0,1,1,0,0,1
0,1,0,1,0,1,1,1,0,0,1,1,0,0,0,1,1,1,1,0,0,1,0,0,0,1,1,0,1,0,1,0,0,1,0,0,1,0,0,1,0,1,0,1,0,1,0,1,1,1,1,1,0,1,0,0,0,1,1,0,0,1,1,0,1,1,1,1,1,0,1,1,0,1,1,0,0,1,0,1,1,1,1,1,0,1,0,1,1,1,1,1,0,0,1,1,1,1,0,1,0,1,0,1,1,0,1,1,0,1,1,1,1,1,1,1,1,1,1,0,1,1,0,1,0,1,0,1,1,0,1,1,1,1,0,1,1,0,1,1,0,1,0,1,0,1,1,1,0,0,0,0,0,1,0,0,0,1,0,1,1,1,0,1,0,1,0,0,1,0,0,0,0,1,0,1,1,1,0,1,1,1,0,1,1,0,1,0,1,1,0,0,1,1,1,1,1,1,1,0,0,0,0,1,1,0,1,1,1,1,0,0,1,0,1,0,1,1,0,0,1
0,1,0,1,0,1,1,1,1,0,1,1,0,0,0,1,1,1,1,0,0,1,0,0,0,1,1,0,1,0,1,1,0,1,0,0,1,0,0,1,0,1,0,1,0,1,0,1,1,1,1,1,0,1,0,0,0,1,1,0,0,1,1,0,1,1,1,1,1,0,1,1,0,1,1,0,0,1,0,1,1,1,1,1,0,1,0,1,1,1,1,1,0,0,1,1,1,1,0,1,0,1,0,1,1,0,1,1,0,1,1,1,1,1,1,1,1,1,1,0,1,1,0,1,0,1,0,1,1,0,1,1,1,1,0,1,1,0,1,1,0,1,0,1,0,1,1,1,0,0,0,0,0,1,0,0,0,1,0,1,1,1,0,1,0,1,0,0,1,0,0,0,0,1,0,1,1,1,0,1,1,1,0,1,1,0,1,0,1,1,0,0,1,1,1,1,1,1,1,0,0,0,0,1,1,0,1,1,1,1,0,0,1,0,1,0,1,1,0,0,1
0,1,0,1,0,1,1,1,0,0,1,1,0,0,0,1,1,1,1,0,0,1,0,0,0,1,1,0,1,0,1,0,0,1,1,0,1,0,0,1,0,1,0,1,0,1,0,1,1,1,1,1,0,1,0,0,0,1,1,0,0,1,1,0,1,1,1,1,1,1,1,1,0,1,1,0,0,1,0,1,1,1,1,1,0,1,0,1,1,1,1,1,0,0,1,1,1,1,0,1,0,1,0,1,1,0,1,1,0,1,1,1,1,1,1,1,1,1,1,0,1,1,0,1,0,1,0,1,1,0,1,1,1,1,0,1,1,0,1,1,0,1,0,1,0,1,1,1,0,0,0,0,1,1,0,0,0,1,0,1,1,1,0,1,0,1,0,0,1,0,0,0,0,1,0,1,1,1,0,1,1,1,1,1,1,0,1,1,1,1,0,0,1,1,1,1,1,1,1,0,0,0,0,1,1,0,1,1,1,1,0,0,1,0,1,0,1,1,0,0,1
0,1,1,0,0,1,1,1,0,1,1,1,0,0,0,1,1,1,1,0,0,1,1,1,0,1,1,0,1,1,1,0,1,0,0,0,1,0,0,1,1,1,0,1,0,1,1,1,1,1,1,1,0,1,0,0,1,1,1,0,0,1,1,0,0,1,1,1,1,0,1,1,0,1,1,0,0,0,1,1,1,1,1,1,0,0,1,1,1,1,1,1,0,0,1,1,1,1,1,1,1,1,0,1,1,0,1,1,0,1,1,1,1,1,1,1,1,1,1,1,1,1,0,1,0,1,0,1,1,0,1,1,1,1,0,1,1,1,0,1,0,1,1,1,0,1,1,1,0,0,1,0,0,1,1,0,1,1,0,1,1,1,1,1,0,1,1,0,1,0,0,0,0,1,0,1,1,1,0,1,1,1,0,1,1,0,1,1,1,1,0,1,1,1,1,1,1,1,1,0,0,1,0,1,1,0,1,1,1,1,0,0,1,0,1,0,1,1,0,0,1
0,1,0,0,0,1,1,1,0,1,1,1,0,0,0,1,1,1,1,0,0,1,0,0,0,1,1,0,1,0,1,0,1,0,1,0,1,0,0,1,1,1,0,1,0,1,1,1,1,1,1,1,0,1,0,0,1,1,1,0,0,1,1,0,0,1,1,1,1,1,1,1,0,1,1,0,0,0,1,1,1,1,1,1,0,0,1,1,1,1,1,1,0,0,1,1,1,1,1,1,1,1,0,1,1,0,1,1,0,1,1,1,1,1,1,1,1,1,1,1,1,1,0,1,0,1,0,1,1,0,1,1,1,1,0,1,1,1,0,1,0,1,1,1,0,1,1,1,0,0,0,0,1,1,0,0,0,1,0,1,1,1,0,1,0,1,1,0,1,0,0,0,0,1,0,1,1,1,0,1,1,1,1,1,1,0,1,0,1,1,0,1,1,1,1,1,1,1,1,0,0,1,0,1,1,0,1,1,1,1,0,0,1,0,1,0,1,1,0,0,1
0,1,0,0,0,1,1,1,0,1,0,0,0,0,0,1,1,1,1,0,0,1,0,0,0,1,1,0,1,0,1,0,1,0,1,0,0,0,0,1,1,1,0,1,0,1,1,1,1,1,1,1,0,1,0,0,1,1,1,0,0,1,1,0,0,1,1,1,1,1,1,1,0,1,1,0,0,0,1,1,1,1,1,1,0,0,1,1,1,1,1,1,0,0,1,1,1,1,1,1,1,1,0,1,1,0,1,1,0,1,1,1,1,1,1,1,1,1,1,1,1,1,0,1,0,1,0,1,1,0,1,1,1,1,0,1,1,1,0,1,0,1,1,1,0,1,1,1,0,0,0,0,1,1,0,0,0,1,0,1,1,1,0,1,0,1,1,0,1,0,0,0,0,1,0,1,1,1,0,1,1,1,1,1,1,0,1,0,1,1,0,1,1,1,1,1,1,1,1,0,0,1,0,1,1,0,1,1,1,0,0,0,1,0,1,0,1,0,0,0,1
0,1,0,0,0,1,1,1,0,1,0,0,0,0,0,1,1,1,1,0,0,1,0,0,0,1,1,0,1,0,1,0,1,0,0,0,0,0,0,1,1,1,0,1,0,1,1,1,1,1,1,1,0,1,0,0,0,1,1,0,0,1,1,0,0,1,1,1,1,0,1,1,0,1,1,0,0,0,0,1,1,1,1,1,0,0,0,1,1,1,1,1,0,0,1,1,1,1,1,1,1,1,0,1,1,0,1,1,0,1,1,1,1,1,1,1,1,1,1,1,1,1,0,1,0,1,0,1,1,0,1,1,1,1,0,1,1,1,0,1,0,1,1,1,0,1,1,1,0,0,0,0,0,1,0,0,0,1,0,1,1,1,0,1,0,1,0,0,1,0,0,0,0,1,0,1,1,1,0,1,1,1,0,1,1,0,1,0,1,1,0,0,1,1,1,1,1,1,1,0,0,0,0,1,1,0,1,1,1,0,0,0,1,0,1,0,1,0,0,0,1
0,1,0,0,0,1,1,0,0,0,0,0,0,0,0,1,1,1,1,0,0,1,0,0,0,1,1,0,0,0,1,0,0,0,0,0,1,0,0,1,0,1,0,1,0,1,0,1,1,1,1,1,0,1,0,0,0,1,1,0,0,1,1,0,0,1,1,1,1,0,1,1,0,1,1,0,0,0,0,1,1,1,1,1,0,0,0,1,1,1,1,1,0,0,1,1,1,1,0,1,0,1,0,1,1,0,1,1,0,1,1,1,1,1,0,1,1,1,1,0,1,1,0,1,0,0,0,1,1,0,1,1,1,1,0,1,1,0,0,1,0,1,0,1,0,1,1,1,0,0,0,0,0,1,0,0,0,1,0,1,1,0,0,1,0,1,0,0,1,0,0,0,0,1,0,1,1,1,0,0,1,1,0,1,1,0,1,0,1,1,0,0,1,1,1,1,1,1,1,0,0,0,0,1,1,0,1,1,1,1,0,0,0,1,1,1,1,1,0,0,0
1,1,0,0,0,1,1,0,0,0,0,0,0,0,0,1,1,1,1,0,0,1,1,1,0,1,1,0,0,0,1,0,0,0,0,0,1,0,0,1,0,1,0,1,0,1,0,1,1,1,1,1,0,1,0,0,0,1,1,0,0,1,1,0,0,1,1,1,1,0,1,1,0,1,1,0,0,0,0,1,1,1,1,1,0,0,0,1,1,1,1,1,0,0,1,1,1,1,0,1,0,1,0,1,1,0,1,1,0,1,1,1,1,1,0,1,1,1,1,0,1,1,0,1,0,0,0,1,1,0,1,1,1,1,0,1,1,0,0,1,0,1,0,1,0,1,1,1,0,0,0,0,0,1,0,0,0,1,0,1,1,0,0,1,0,1,0,0,1,0,0,0,0,1,0,1,1,1,0,0,1,1,0,1,1,0,1,0,1,1,0,0,1,1,1,1,1,1,1,0,0,0,0,1,1,0,1,1,1,1,0,0,0,1,1,1,1,1,0,0,0
0,1,0,0,0,1,1,0,0,0,0,0,0,0,0,1,1,1,1,0,0,1,1,1,0,1,1,0,1,0,1,0,0,0,0,0,1,0,0,1,0,1,0,1,0,1,0,1,1,1,1,1,0,1,0,0,0,1,1,0,0,1,1,0,0,1,1,1,1,0,1,1,0,1,1,0,0,0,0,1,1,1,1,1,0,0,0,1,1,1,1,1,0,0,1,1,1,1,0,1,0,1,0,1,1,0,1,1,0,1,1,1,1,1,0,1,1,1,1,0,1,1,0,1,0,0,0,1,1,0,1,1,1,1,0,1,1,0,0,1,0,1,0,1,0,1,1,1,0,0,0,0,0,1,0,0,0,1,0,1,1,0,0,1,0,1,0,0,1,0,0,0,0,1,0,1,1,1,0,0,1,1,0,1,1,0,1,0,1,1,0,0,1,1,1,1,1,1,1,0,0,0,0,1,1,0,1,1,1,1,0,0,0,1,1,1,1,1,0,0,0
0,1,0,0,0,1,1,0,0,1,0,0,0,0,0,1,1,1,1,0,0,1,1,1,0,1,1,0,1,0,1,0,1,0,0,0,1,0,0,1,1,1,0,1,0,1,1,1,1,1,1,1,0,1,0,0,0,1,1,0,0,1,1,0,0,1,1,1,1,0,1,1,0,1,1,0,0,0,0,1,1,1,1,1,0,0,0,1,1,1,1,1,0,0,1,1,1,1,1,1,1,1,0,1,1,0,1,1,0,1,1,1,1,1,0,1,1,1,1,1,1,1,0,1,0,0,0,1,1,0,1,1,1,1,0,1,1,1,0,1,0,1,1,1,0,1,1,1,0,0,0,0,0,1,0,0,0,1,0,1,1,0,0,1,0,1,0,0,1,0,0,0,0,1,0,1,1,1,0,0,1,1,0,1,1,0,1,0,1,1,0,0,1,1,1,1,1,1,1,0,0,0,0,1,1,0,1,1,1,1,0,0,0,1,1,1,1,1,0,0,0
0,1,0,0,0,1,1,0,0,0,0,0,0,0,0,1,1,1,1,0,0,1,1,1,0,1,1,0,1,0,1,0,0,0,0,0,1,0,0,1,0,1,0,1,0,1,0,1,1,1,1,1,0,1,0,0,0,1,1,0,0,1,1,0,0,1,1,1,1,0,1,1,0,1,1,0,0,0,0,1,1,1,1,1,0,0,0,1,1,1,1,1,0,0,1,1,1,1,0,1,0,1,0,1,1,0,1,1,0,1,1,1,1,1,0,1,1,1,1,0,1,1,0,1,0,0,0,1,1,0,1,1,1,1,0,1,1,0,0,1,0,1,0,1,0,1,1,1,0,0,0,0,0,1,0,0,0,1,0,1,1,0,0,1,0,1,0,0,1,0,0,0,0,1,0,1,1,1,0,0,1,1,0,1,1,0,1,0,1,1,0,0,1,1,1,1,1,1,1,0,0,0,0,1,1,0,1,1,1,1,0,0,0,1,1,1,1,1,0,0,0
0,1,0,0,0,1,1,0,0,0,0,0,0,0,0,1,1,1,1,0,0,1,1,1,0,1,1,0,1,0,1,0,0,0,0,0,1,0,0,1,0,1,0,1,0,1,0,1,1,1,1,1,0,1,0,0,0,1,1,0,0,1,1,0,0,1,1,1,1,0,1,1,0,1,1,0,0,0,0,1,1,1,1,1,0,0,0,1,1,1,1,1,0,0,1,1,1,1,0,1,0,1,0,1,1,0,1,1,0,1,1,1,1,1,0,1,1,1,1,0,1,1,0,1,0,0,0,1,1,0,1,1,1,1,0,1,1,0,0,1,0,1,0,1,0,1,1,1,0,0,0,0,0,1,0,0,0,1,0,1,1,0,0,1,0,1,0,0,1,0,0,0,0,1,0,1,1,1,0,0,1,1,0,1,1,0,1,0,1,1,0,0,1,1,1,1,1,1,1,0,0,0,0,1,1,0,1,1,1,1,0,0,0,1,1,1,1,1,0,0,0
0,1,0,0,0,1,1,0,0,0,0,0,0,0,0,1,1,1,1,0,0,1,1,1,0,1,1,0,1,0,1,0,0,0,0,0,1,0,0,1,0,1,0,1,0,1,0,1,1,1,1,1,0,1,0,0,0,1,1,0,0,1,1,0,0,1,1,1,1,0,1,1,0,1,1,0,0,0,0,1,1,1,1,1,0,0,0,1,1,1,1,1,0,0,1,1,1,1,0,1,0,1,0,1,1,0,1,1,0,1,1,1,1,1,0,1,1,1,1,0,1,1,0,1,0,0,0,1,1,0,1,1,1,1,0,1,1,0,0,1,0,1,0,1,0,1,1,1,0,0,0,0,0,1,0,0,0,1,0,1,1,0,0,1,0,1,0,0,1,0,0,0,0,1,0,1,1,1,0,0,1,1,0,1,1,0,1,0,1,1,0,0,1,1,1,1,1,1,1,0,0,0,0,1,1,0,1,1,1,1,0,0,0,1,1,1,1,1,0,0,0
0,1,0,0,0,1,1,0,0,0,0,0,0,0,0,1,1,1,1,0,0,1,1,1,0,1,1,0,1,0,1,0,0,0,0,0,1,0,0,1,0,1,0,1,0,1,0,1,1,1,1,1,0,1,0,0,0,1,1,0,0,1,1,0,0,1,1,1,1,0,1,1,0,1,1,0,0,0,0,1,1,1,1,1,0,0,0,1,1,1,1,1,0,0,1,1,1,1,0,1,0,1,0,1,1,0,1,1,0,1,1,1,1,1,0,1,1,1,1,0,1,1,0,1,0,0,0,1,1,0,1,1,1,1,0,1,1,0,0,1,0,1,0,1,0,1,1,1,0,0,0,0,0,1,0,0,0,1,0,1,1,0,0,1,0,1,0,0,1,0,0,0,0,1,0,1,1,1,0,0,1,1,0,1,1,0,1,0,1,1,0,0,1,1,1,1,1,1,1,0,0,0,0,1,1,0,1,1,1,1,0,0,0,1,1,1,1,1,0,0,0
0,1,0,0,0,1,1,0,0,0,0,0,0,0,0,1,1,1,1,0,0,1,1,1,0,1,1,0,1,0,1,0,0,0,0,0,1,0,0,1,0,1,0,1,0,1,0,1,1,1,1,1,0,1,0,0,0,1,1,0,0,1,1,0,0,1,1,1,1,0,1,1,0,1,1,0,0,0,0,1,1,1,1,1,0,0,0,1,1,1,1,1,0,0,1,1,1,1,0,1,0,1,0,1,1,0,1,1,0,1,1,1,1,1,0,1,1,1,1,0,1,1,0,1,0,0,0,1,1,0,1,1,1,1,0,1,1,0,0,1,0,1,0,1,0,1,1,1,0,0,0,0,0,1,0,0,0,1,0,1,1,0,0,1,0,1,0,0,1,0,0,0,0,1,0,1,1,1,0,0,1,1,0,1,1,0,1,0,1,1,0,0,1,1,1,1,1,1,1,0,0,0,0,1,1,0,1,1,1,1,0,0,0,1,1,1,1,1,0,0,0
0,1,0,0,0,1,1,0,0,1,0,0,0,0,0,1,1,1,1,0,0,1,1,1,0,1,1,0,1,0,1,0,1,0,0,0,1,0,0,1,1,1,0,1,0,1,1,1,1,1,1,1,0,1,0,0,0,1,1,0,0,1,1,0,0,1,1,1,1,0,1,1,0,1,1,0,0,0,0,1,1,1,1,1,0,0,0,1,1,1,1,1,0,0,1,1,1,1,1,1,1,1,0,1,1,0,1,1,0,1,1,1,1,1,0,1,1,1,1,1,1,1,0,1,0,0,0,1,1,0,1,1,1,1,0,1,1,1,0,1,0,1,1,1,0,1,1,1,0,0,0,0,0,1,0,0,0,1,0,1,1,0,0,1,0,1,0,0,1,0,0,0,0,1,0,1,1,1,0,0,1,1,0,1,1,0,1,0,1,1,0,0,1,1,1,1,1,1,1,0,0,0,0,1,1,0,1,1,1,1,0,0,0,1,1,1,1,1,0,0,0
0,1,0,0,0,1,1,0,0,1,0,0,0,0,0,1,1,1,1,0,0,1,1,1,0,1,1,0,1,0,1,0,1,0,0,0,1,0,0,1,1,1,0,1,0,1,1,1,1,1,1,1,0,1,0,0,0,1,1,0,0,1,1,0,0,1,1,1,1,0,1,1,0,1,1,0,0,0,0,1,1,1,1,1,0,0,0,1,1,1,1,1,0,0,1,1,1,1,1,1,1,1,0,1,1,0,1,1,0,1,1,1,1,1,0,1,1,1,1,1,1,1,0,1,0,0,0,1,1,0,1,1,1,1,0,1,1,1,0,1,0,1,1,1,0,1,1,1,0,0,0,0,0,1,0,0,0,1,0,1,1,0,0,1,0,1,0,0,1,0,0,0,0,1,0,1,1,1,0,0,1,1,0,1,1,0,1,0,1,1,0,0,1,1,1,1,1,1,1,0,0,0,0,1,1,0,1,1,1,1,0,0,0,1,1,1,1,1,0,0,0
0,1,0,0,0,1,1,1,0,0,0,0,0,0,0,1,1,1,1,0,0,1,1,1,0,1,1,0,1,0,1,0,0,0,0,0,1,0,0,1,0,1,0,1,0,1,0,1,1,1,1,1,0,1,0,0,0,1,1,0,0,1,1,0,0,1,1,1,1,0,1,1,0,1,1,0,0,0,0,1,1,1,1,1,0,0,0,1,1,1,1,1,0,0,1,1,1,1,0,1,0,1,0,1,1,0,1,1,0,1,1,1,1,1,1,1,1,1,1,0,1,1,0,1,0,1,0,1,1,0,1,1,1,1,0,1,1,0,0,1,0,1,0,1,0,1,1,1,0,0,0,0,0,1,0,0,0,1,0,1,1,1,0,1,0,1,0,0,1,0,0,0,0,1,0,1,1,1,0,1,1,1,0,1,1,0,1,0,1,1,0,0,1,1,1,1,1,1,1,0,0,0,0,1,1,0,1,1,1,1,0,0,1,1,1,1,1,1,0,0,1
0,1,0,0,0,1,1,1,0,1,0,0,0,0,0,1,1,1,1,0,0,1,1,1,0,1,1,0,1,0,1,0,1,0,0,0,1,0,0,1,1,1,0,1,0,1,1,1,1,1,1,1,0,1,0,0,0,1,1,0,0,1,1,0,0,1,1,1,1,0,1,1,0,1,1,0,0,0,0,1,1,1,1,1,0,0,0,1,1,1,1,1,0,0,1,1,1,1,1,1,1,1,0,1,1,0,1,1,0,1,1,1,1,1,1,1,1,1,1,1,1,1,0,1,0,1,0,1,1,0,1,1,1,1,0,1,1,1,0,1,0,1,1,1,0,1,1,1,0,0,0,0,0,1,0,0,0,1,0,1,1,1,0,1,0,1,0,0,1,0,0,0,0,1,0,1,1,1,0,1,1,1,0,1,1,0,1,0,1,1,0,0,1,1,1,1,1,1,1,0,0,0,0,1,1,0,1,1,1,1,0,0,1,1,1,1,1,1,0,0,1
0,1,0,0,0,1,1,0,0,1,1,1,0,0,0,1,1,1,1,0,0,1,0,0,0,1,1,0,1,0,1,0,1,0,1,0,1,0,0,1,1,1,0,1,0,1,1,1,0,1,1,1,0,1,0,0,0,1,1,0,0,1,1,0,0,1,1,1,0,1,1,1,0,1,1,0,0,0,0,1,1,1,1,1,0,0,0,1,1,1,0,1,0,0,1,1,1,1,1,1,1,1,0,1,1,0,1,1,0,1,1,1,1,1,0,1,1,1,1,1,1,1,0,0,0,0,0,1,1,0,1,1,1,1,0,1,0,1,0,0,0,1,1,1,0,0,1,1,0,0,0,0,1,1,0,0,0,1,0,0,1,0,0,1,0,1,0,0,1,0,0,0,0,1,0,1,1,1,0,0,1,0,1,1,1,0,1,0,1,1,0,0,1,1,1,1,1,1,1,0,0,0,0,1,1,0,1,1,1,1,0,0,0,0,1,0,1,1,0,0,0
0,1,0,0,0,1,1,1,0,1,1,1,0,0,0,1,1,1,1,0,0,1,0,0,0,1,1,0,1,0,1,0,1,0,1,0,1,0,0,1,1,1,0,1,0,1,1,1,1,1,1,1,0,1,0,0,0,1,1,0,0,1,1,0,0,1,1,1,1,1,1,1,0,1,1,0,0,0,0,1,1,1,1,1,0,0,0,1,1,1,1,1,0,0,1,1,1,1,1,1,1,1,0,1,1,0,1,1,0,1,1,1,1,1,1,1,1,1,1,1,1,1,0,1,0,1,0,1,1,0,1,1,1,1,0,1,1,1,0,1,0,1,1,1,0,1,1,1,0,0,0,0,1,1,0,0,0,1,0,1,1,1,0,1,0,1,0,0,1,0,0,0,0,1,0,1,1,1,0,1,1,1,1,1,1,0,1,0,1,1,0,0,1,1,1,1,1,1,1,0,0,0,0,1,1,0,1,1,1,1,0,0,1,0,1,0,1,1,0,0,1
0,1,0,0,0,1,1,0,0,0,1,1,0,0,0,1,1,1,1,0,0,1,0,0,0,1,1,0,1,0,1,0,0,0,0,0,1,0,0,1,0,1,1,1,0,1,0,1,1,1,1,1,0,1,0,0,0,1,1,0,0,1,1,0,0,1,1,1,1,0,1,1,0,1,1,0,0,0,0,1,1,1,1,1,0,0,0,1,1,1,1,1,0,0,1,1,1,1,0,1,0,1,0,1,1,0,1,1,0,1,1,1,1,1,0,1,1,1,1,0,1,1,0,1,0,0,0,1,1,0,1,1,1,1,0,1,1,0,0,1,0,1,0,1,0,1,1,1,0,0,1,0,0,1,1,0,0,1,0,1,1,0,1,1,0,1,0,0,1,0,0,0,0,1,0,1,1,1,0,0,1,1,0,1,1,0,1,0,1,1,0,0,1,1,1,1,1,1,1,0,0,0,0,1,1,0,1,1,1,1,0,0,0,0,1,0,1,1,0,0,0
0,1,0,0,0,1,1,0,0,1,1,1,0,0,0,1,1,1,1,0,0,1,0,0,0,1,1,0,1,0,1,0,1,0,0,0,1,0,0,1,1,1,0,1,0,1,1,1,0,1,1,1,0,1,0,0,0,0,0,0,0,1,1,0,0,1,1,1,0,0,1,1,0,1,1,0,0,0,0,1,1,1,1,1,0,0,0,1,1,1,0,1,0,0,1,1,1,0,1,1,1,1,0,1,1,0,1,1,0,1,1,1,0,0,0,1,1,0,1,1,1,1,0,0,0,0,0,0,0,0,1,1,1,1,0,1,0,1,0,0,0,1,1,1,0,0,0,1,0,0,0,0,0,0,0,0,0,1,0,0,1,0,0,1,0,0,0,0,0,0,0,0,0,0,0,0,1,1,0,0,1,0,0,1,1,0,0,0,1,0,0,0,1,0,1,1,1,0,0,0,0,0,0,1,0,0,1,0,0,1,0,0,0,0,0,0,0,1,0,0,0
0,1,0,0,0,1,1,0,0,0,0,0,0,0,0,1,1,1,1,0,0,1,1,1,0,1,1,0,1,0,1,0,0,0,0,0,1,0,0,1,0,1,0,1,0,1,0,1,1,1,1,1,0,1,0,0,0,1,1,0,0,1,1,0,0,1,1,1,1,0,1,1,0,1,1,0,0,0,0,1,1,1,1,1,0,0,0,1,1,1,1,1,0,0,1,1,1,1,0,1,0,1,0,1,1,0,1,1,0,1,1,1,1,1,0,1,1,1,1,0,1,1,0,1,0,0,0,1,1,0,1,1,1,0,0,1,1,0,0,1,0,1,0,1,0,1,1,1,0,0,0,0,0,1,0,0,0,1,0,1,1,0,0,1,0,1,0,0,1,0,0,0,0,1,0,1,1,1,0,0,1,1,0,1,1,0,1,0,1,1,0,0,1,1,0,1,1,1,1,0,0,0,0,1,1,0,1,1,1,1,0,0,0,1,1,1,1,1,0,0,0
0,1,0,0,0,1,1,0,0,0,1,1,0,0,0,1,1,1,1,0,0,1,0,0,0,1,1,0,1,0,1,0,0,0,0,0,1,0,0,1,0,1,0,1,0,1,0,1,1,1,1,1,0,1,0,0,0,1,1,0,0,1,1,0,0,1,1,1,1,0,1,1,0,1,1,0,0,0,0,1,1,1,1,1,0,0,0,1,1,1,1,1,0,0,1,1,1,1,0,1,0,1,0,1,1,0,1,1,0,1,1,1,1,1,1,1,1,1,1,0,1,1,0,1,0,1,0,1,1,0,1,1,1,0,0,1,1,0,0,1,0,1,0,1,0,1,1,1,0,0,0,0,0,1,0,0,0,1,0,1,1,1,0,1,0,1,0,0,1,0,0,0,0,1,0,1,1,1,0,1,1,1,0,1,1,0,1,0,1,1,0,0,1,1,0,1,1,1,1,0,0,0,0,1,1,0,1,1,1,1,0,0,1,0,1,0,1,1,0,0,1
0,1,0,0,0,1,1,1,0,1,0,0,0,0,0,1,1,1,1,0,0,1,0,0,0,1,1,0,1,0,1,0,1,0,0,0,0,0,0,1,1,1,0,1,0,1,1,1,1,1,1,1,0,1,0,0,1,1,1,0,0,1,1,0,0,1,1,1,1,0,1,1,0,1,1,0,0,0,1,1,1,1,1,1,0,0,1,1,1,1,1,1,0,0,1,1,1,1,1,1,1,1,0,1,1,0,1,1,0,1,1,1,1,1,1,1,1,1,1,1,1,1,0,1,0,1,0,1,1,0,1,1,1,1,0,1,1,1,0,1,0,1,1,1,0,1,1,1,0,0,0,0,0,1,0,0,0,1,0,1,1,1,0,1,0,1,1,0,1,0,0,0,0,1,0,1,1,1,0,1,1,1,0,1,1,0,1,0,1,1,0,1,1,1,1,1,1,1,1,0,0,1,0,1,1,0,1,1,1,0,0,0,1,0,1,0,1,0,0,0,1
0,1,0,1,0,1,1,0,0,1,0,0,0,0,0,0,0,1,1,0,0,1,0,0,0,0,1,0,0,0,1,0,1,0,0,0,1,0,0,1,1,1,0,1,0,0,1,1,1,0,0,1,0,0,0,0,0,1,1,0,0,0,1,0,0,0,0,0,1,0,0,1,0,1,0,0,0,0,0,0,1,1,0,1,0,0,0,0,1,0,1,0,0,0,0,1,0,1,1,1,1,0,0,0,0,0,0,1,0,0,0,1,1,1,1,0,0,1,1,1,1,0,0,1,0,1,0,1,1,0,0,0,1,0,0,0,1,1,0,1,0,1,1,0,0,1,1,1,0,0,0,0,0,1,0,0,0,1,0,1,1,1,0,1,0,1,0,0,1,0,0,0,0,1,0,1,0,0,0,1,0,1,0,1,1,0,1,0,1,1,0,0,1,1,0,1,1,1,1,0,0,0,0,1,1,0,0,1,1,0,0,0,1,0,1,0,1,0,0,0,1
0,1,0,0,0,1,1,1,0,1,0,0,0,0,0,0,0,1,1,0,0,1,0,0,0,0,1,0,0,0,1,0,1,0,0,0,1,0,0,1,1,1,0,1,0,0,1,1,1,0,0,1,0,0,0,0,1,1,1,0,0,0,1,0,0,0,0,0,1,0,0,1,0,1,0,0,0,0,1,0,1,1,0,1,0,0,1,0,1,0,1,0,0,0,0,1,0,1,1,1,1,0,0,0,0,0,0,1,0,0,0,1,1,1,1,0,0,1,1,1,1,0,0,1,0,1,0,1,1,0,0,0,1,0,0,0,1,1,0,1,0,1,1,0,0,1,1,1,0,0,0,0,0,1,0,0,0,1,0,1,1,1,0,1,0,1,0,0,1,0,0,0,0,1,0,1,0,0,0,1,0,1,0,1,1,0,1,0,1,1,0,0,1,1,0,1,1,1,1,0,0,0,0,1,1,0,0,1,1,0,0,0,1,0,1,0,1,0,0,0,1
0,1,0,0,0,1,1,1,0,1,0,0,0,0,0,0,0,1,1,0,0,1,0,0,0,0,1,0,0,0,1,0,1,0,0,0,1,0,0,1,1,1,0,1,0,0,1,1,1,0,0,1,0,0,0,0,0,1,1,0,0,0,1,0,0,0,0,0,1,0,0,1,0,1,0,0,0,0,0,0,1,1,0,1,0,0,0,0,1,0,1,0,0,0,0,1,0,1,1,1,1,0,0,0,0,0,0,1,0,0,0,1,1,1,1,0,0,1,1,1,1,0,0,1,0,1,0,1,1,0,0,0,1,0,0,0,1,1,0,1,0,1,1,0,0,1,1,1,0,0,0,0,0,1,0,0,0,1,0,1,1,1,0,1,0,1,0,0,1,0,0,0,0,1,0,1,0,0,0,1,0,1,0,1,1,0,1,0,1,1,0,0,1,1,0,1,1,1,1,0,0,0,0,1,1,0,0,1,1,0,0,0,1,0,1,0,1,0,0,0,1
0,1,0,1,0,1,1,1,0,1,0,0,0,0,0,0,0,1,1,0,0,1,0,0,0,0,1,0,0,0,1,0,1,1,0,0,1,0,0,1,1,1,0,1,0,0,1,1,1,0,0,1,0,0,0,0,0,1,1,0,0,0,1,0,1,0,0,0,1,0,0,1,0,1,0,0,0,1,0,0,1,1,0,1,0,1,0,0,1,0,1,0,0,0,0,1,0,1,1,1,1,0,0,0,0,0,0,1,0,0,0,1,1,1,1,0,0,1,1,1,1,0,0,1,0,1,0,1,1,0,0,0,1,0,0,0,1,1,0,1,0,1,1,0,0,1,1,1,0,0,0,0,0,1,0,0,0,1,0,1,1,1,0,1,0,1,0,0,1,0,0,0,0,1,0,1,0,0,0,1,0,1,0,1,1,0,1,0,1,1,0,0,1,1,0,1,1,1,1,0,0,0,0,1,1,0,0,1,1,0,0,0,1,0,1,0,1,0,0,0,1
0,1,0,0,0,1,1,0,0,1,1,1,0,0,0,0,0,1,1,0,0,1,0,0,0,0,1,0,0,0,1,0,1,0,0,0,1,0,0,1,1,1,0,1,0,0,1,1,0,0,0,1,0,0,0,0,0,0,0,0,0,0,1,0,0,0,0,0,0,0,0,1,0,1,0,0,0,0,0,0,1,1,0,1,0,0,0,0,1,0,0,0,0,0,0,1,0,0,1,1,1,0,0,0,0,0,0,1,0,0,0,1,0,0,0,0,0,0,1,1,1,0,0,0,0,0,0,0,0,0,0,0,1,0,0,0,0,1,0,0,0,1,1,0,0,0,0,1,0,0,0,0,0,0,0,0,0,1,0,0,1,0,0,1,0,0,0,0,0,0,0,0,0,0,0,0,0,0,0,0,0,0,0,1,1,0,0,0,1,0,0,0,1,0,0,1,1,0,0,0,0,0,0,1,0,0,1,0,0,1,0,0,0,0,0,0,0,1,0,0,0
0,1,0,0,0,1,1,1,0,0,0,0,0,0,0,0,0,1,1,0,0,1,1,1,0,0,1,0,0,0,1,0,0,0,0,0,1,0,0,1,0,1,0,1,0,0,0,1,1,0,0,1,0,0,0,0,0,1,1,0,0,0,1,0,0,0,0,0,1,0,0,1,0,1,0,0,0,0,0,0,1,1,0,1,0,0,0,0,1,0,1,0,0,0,0,1,0,1,0,1,0,0,0,0,0,0,0,1,0,0,0,1,1,1,1,0,0,1,1,0,1,0,0,1,0,1,0,1,1,0,0,0,1,0,0,0,1,0,0,1,0,1,0,0,0,1,1,1,0,0,0,0,0,1,0,0,0,1,0,1,1,1,0,1,0,1,0,0,1,0,0,0,0,1,0,1,0,0,0,1,0,1,0,1,1,0,1,0,1,1,0,0,1,1,0,1,1,1,1,0,0,0,0,1,1,0,1,1,1,1,0,0,1,1,1,1,1,1,0,0,1
0,1,0,0,0,1,1,0,0,0,0,0,0,0,0,0,0,1,1,0,0,1,1,1,0,0,1,0,0,0,1,0,0,0,0,0,1,0,0,1,0,1,0,1,0,0,0,1,1,0,0,1,0,0,0,0,0,1,1,0,0,0,1,0,0,0,0,0,1,0,0,1,0,1,0,0,0,0,0,0,1,1,0,1,0,0,0,0,1,0,1,0,0,0,0,1,0,1,0,1,0,0,0,0,0,0,0,1,0,0,0,1,1,1,0,0,0,1,1,0,1,0,0,1,0,0,0,1,1,0,0,0,1,0,0,0,1,0,0,1,0,1,0,0,0,1,1,1,0,0,0,0,0,1,0,0,0,1,0,1,1,0,0,1,0,1,0,0,1,0,0,0,0,1,0,1,0,0,0,0,0,1,0,1,1,0,1,0,1,1,0,0,1,1,0,1,1,1,1,0,0,0,0,1,1,0,1,1,1,1,0,0,0,1,1,1,1,1,0,0,0
0,1,0,0,0,1,1,0,0,0,0,0,0,0,0,0,0,1,1,0,0,1,1,1,0,0,1,0,0,0,1,0,0,0,0,0,1,0,0,1,0,1,0,1,0,0,0,1,1,0,0,1,0,0,0,0,0,1,1,0,0,0,1,0,0,0,0,0,1,0,0,1,0,1,0,0,0,0,0,0,1,1,0,1,0,0,0,0,1,0,1,0,0,0,0,1,0,1,0,1,0,0,0,0,0,0,0,1,0,0,0,1,1,1,0,0,0,1,1,0,1,0,0,1,0,0,0,1,1,0,0,0,1,0,0,0,1,0,0,1,0,1,0,0,0,1,1,1,0,0,0,0,0,1,0,0,0,1,0,1,1,0,0,1,0,1,0,0,1,0,0,0,0,1,0,1,0,0,0,0,0,1,0,1,1,0,1,0,1,1,0,0,1,1,0,1,1,1,1,0,0,0,0,1,1,0,1,1,1,1,0,0,0,1,1,1,1,1,0,0,0
0,1,0,0,0,1,1,0,0,1,0,0,0,0,0,0,0,1,1,0,0,1,1,1,0,0,1,0,0,0,1,0,1,0,0,0,1,0,0,1,1,1,0,1,0,0,1,1,1,0,0,1,0,0,0,0,0,1,1,0,0,0,1,0,0,0,0,0,1,0,0,1,0,1,0,0,0,0,0,0,1,1,0,1,0,0,0,0,1,0,1,0,0,0,0,1,0,1,1,1,1,0,0,0,0,0,0,1,0,0,0,1,1,1,0,0,0,1,1,1,1,0,0,1,0,0,0,1,1,0,0,0,1,0,0,0,1,1,0,1,0,1,1,0,0,1,1,1,0,0,0,0,0,1,0,0,0,1,0,1,1,0,0,1,0,1,0,0,1,0,0,0,0,1,0,1,0,0,0,0,0,1,0,1,1,0,1,0,1,1,0,0,1,1,0,1,1,1,1,0,0,0,0,1,1,0,1,1,1,1,0,0,0,1,1,1,1,1,0,0,0
0,1,0,0,0,1,1,0,0,0,0,0,0,0,0,0,0,1,1,0,0,1,1,1,0,0,1,0,0,0,1,0,0,0,0,0,1,0,0,1,0,1,0,1,0,0,0,1,1,0,0,1,0,0,0,0,0,1,1,0,0,0,1,0,0,0,0,0,1,0,0,1,0,1,0,0,0,0,0,0,1,1,0,1,0,0,0,0,1,0,1,0,0,0,0,1,0,1,0,1,0,0,0,0,0,0,0,1,0,0,0,1,1,1,0,0,0,1,1,0,1,0,0,1,0,0,0,1,1,0,0,0,1,0,0,0,1,0,0,1,0,1,0,0,0,1,1,1,0,0,0,0,0,1,0,0,0,1,0,1,1,0,0,1,0,1,0,0,1,0,0,0,0,1,0,1,0,0,0,0,0,1,0,1,1,0,1,0,1,1,0,0,1,1,0,1,1,1,1,0,0,0,0,1,1,0,1,1,1,1,0,0,0,1,1,1,1,1,0,0,0
0,1,0,0,0,1,1,0,0,0,0,0,0,0,0,0,0,1,1,0,0,1,1,1,0,0,1,0,0,0,1,0,0,0,0,0,1,0,0,1,0,1,0,1,0,0,0,1,1,0,0,1,0,0,0,0,0,1,1,0,0,0,1,0,0,0,0,0,1,0,0,1,0,1,0,0,0,0,0,0,1,1,0,1,0,0,0,0,1,0,1,0,0,0,0,1,0,1,0,1,0,0,0,0,0,0,0,1,0,0,0,1,1,1,0,0,0,1,1,0,1,0,0,1,0,0,0,1,1,0,0,0,1,0,0,0,1,0,0,1,0,1,0,0,0,1,1,1,0,0,0,0,0,1,0,0,0,1,0,1,1,0,0,1,0,1,0,0,1,0,0,0,0,1,0,1,0,0,0,0,0,1,0,1,1,0,1,0,1,1,0,0,1,1,0,1,1,1,1,0,0,0,0,1,1,0,1,1,1,1,0,0,0,1,1,1,1,1,0,0,0
0,1,0,0,0,1,1,0,0,1,0,0,0,0,0,0,0,1,1,0,0,1,1,1,0,0,1,0,0,0,1,0,1,0,0,0,1,0,0,1,1,1,0,1,0,0,1,1,1,0,0,1,0,0,0,0,0,1,1,0,0,0,1,0,0,0,0,0,1,0,0,1,0,1,0,0,0,0,0,0,1,1,0,1,0,0,0,0,1,0,1,0,0,0,0,1,0,1,1,1,1,0,0,0,0,0,0,1,0,0,0,1,1,1,0,0,0,1,1,1,1,0,0,1,0,0,0,1,1,0,0,0,1,0,0,0,1,1,0,1,0,1,1,0,0,1,1,1,0,0,0,0,0,1,0,0,0,1,0,1,1,0,0,1,0,1,0,0,1,0,0,0,0,1,0,1,0,0,0,0,0,1,0,1,1,0,1,0,1,1,0,0,1,1,0,1,1,1,1,0,0,0,0,1,1,0,1,1,1,1,0,0,0,1,1,1,1,1,0,0,0
0,1,0,0,0,1,1,0,0,0,0,0,0,0,0,0,0,1,1,0,0,1,1,1,0,0,1,0,0,0,1,0,0,0,0,0,1,0,0,1,0,1,0,1,0,0,0,1,1,0,0,1,0,0,0,0,0,1,1,0,0,0,1,0,0,0,0,0,1,0,0,1,0,1,0,0,0,0,0,0,1,1,0,1,0,0,0,0,1,0,1,0,0,0,0,1,0,1,0,1,0,0,0,0,0,0,0,1,0,0,0,1,1,1,0,0,0,1,1,0,1,0,0,1,0,0,0,1,1,0,0,0,1,0,0,0,1,0,0,1,0,1,0,0,0,1,1,1,0,0,0,0,0,1,0,0,0,1,0,1,1,0,0,1,0,1,0,0,1,0,0,0,0,1,0,1,0,0,0,0,0,1,0,1,1,0,1,0,1,1,0,0,1,1,0,1,1,1,1,0,0,0,0,1,1,0,1,1,1,1,0,0,0,1,1,1,1,1,0,0,0
0,1,0,1,0,1,1,0,0,0,0,0,0,0,0,0,0,1,1,0,0,1,1,1,0,0,1,0,0,0,1,0,0,1,0,0,1,0,0,1,0,1,0,1,0,0,0,1,1,0,0,1,0,0,0,0,0,1,1,0,0,0,1,0,1,0,0,0,1,0,0,1,0,1,0,0,0,1,0,0,1,1,0,1,0,1,0,0,1,0,1,0,0,0,0,1,0,1,0,1,0,0,0,0,0,0,0,1,0,0,0,1,1,1,0,0,0,1,1,0,1,0,0,1,0,0,0,1,1,0,0,0,1,0,0,0,1,0,0,1,0,1,0,0,0,1,1,1,0,0,0,0,0,1,0,0,0,1,0,1,1,0,0,1,0,1,0,0,1,0,0,0,0,1,0,1,0,0,0,0,0,1,0,1,1,0,1,0,1,1,0,0,1,1,0,1,1,1,1,0,0,0,0,1,1,0,1,1,1,1,0,0,0,1,1,1,1,1,0,0,0
0,1,0,1,0,1,1,1,0,1,0,0,0,0,0,1,1,1,1,0,0,1,0,0,0,1,1,0,1,0,1,0,1,1,0,0,0,0,0,1,1,1,0,1,0,1,1,1,1,1,1,1,0,1,0,0,0,1,1,0,0,1,1,0,1,1,1,1,1,0,1,1,0,1,1,0,0,1,0,1,1,1,1,1,0,1,0,1,1,1,1,1,0,0,1,1,1,1,1,1,1,1,0,1,1,0,1,1,0,1,1,1,1,1,1,1,1,1,1,1,1,1,0,1,0,1,0,1,1,0,1,1,1,1,0,1,1,1,1,1,0,1,1,1,0,1,1,1,0,0,0,0,0,1,0,0,0,1,0,1,1,1,0,1,0,1,0,0,1,0,0,0,0,1,0,1,1,1,0,1,1,1,0,1,1,0,1,0,1,1,0,0,1,1,1,1,1,1,1,0,0,0,0,1,1,0,1,1,1,0,0,0,1,0,1,0,1,0,0,0,1
0,1,0,0,0,1,1,0,1,0,0,0,0,0,0,1,1,1,0,0,1,1,0,0,0,1,1,0,0,0,1,1,0,0,0,0,0,0,0,1,0,1,1,1,0,0,0,1,1,0,0,1,0,0,0,0,1,1,1,0,0,0,1,0,0,0,0,0,1,0,0,1,0,1,0,0,0,0,1,0,1,0,0,0,0,0,1,0,0,0,1,0,0,0,0,1,0,1,0,0,0,0,0,0,0,0,0,1,0,0,0,1,1,1,0,0,0,1,0,0,1,0,0,1,0,0,0,1,1,1,0,0,1,0,1,0,1,0,0,1,0,1,0,0,0,1,1,0,0,0,1,0,0,1,1,0,1,1,1,1,0,0,1,0,0,1,0,1,1,1,0,0,0,1,0,1,1,0,0,0,0,1,0,1,1,0,1,0,1,1,1,0,1,1,0,1,1,1,1,1,1,0,0,1,1,0,1,1,0,0,1,0,0,0,1,0,0,0,1,0,0
0,1,0,1,0,1,1,1,0,1,1,1,0,0,0,1,1,1,1,0,0,1,0,0,0,1,1,0,1,0,1,0,1,1,0,0,1,0,0,1,1,1,0,1,0,1,1,1,1,1,1,1,0,1,0,0,0,1,1,0,0,1,1,0,1,1,1,1,1,0,1,1,0,1,1,0,0,1,0,1,1,1,1,1,0,1,0,1,1,1,1,1,0,0,1,1,1,1,1,1,1,1,0,1,1,0,1,1,0,1,1,1,1,1,1,1,1,1,1,1,1,1,0,1,0,1,0,1,1,0,1,1,1,1,0,1,1,1,1,1,0,1,1,1,0,1,1,1,0,0,0,0,0,1,0,0,0,1,0,1,1,1,0,1,0,1,0,0,1,0,0,0,0,1,0,1,1,1,0,1,1,1,0,1,1,0,1,0,1,1,0,0,1,1,1,1,1,1,1,0,0,0,0,1,1,0,1,1,1,1,0,0,1,0,1,0,1,1,0,0,1
0,1,0,0,0,1,1,0,1,0,0,0,0,0,0,1,1,1,0,0,1,1,0,0,0,1,1,0,0,0,1,1,0,0,0,0,0,0,0,1,0,1,1,1,0,0,0,1,1,0,0,1,0,0,0,0,1,1,1,0,0,0,1,0,0,0,0,0,1,0,0,1,0,1,0,0,0,0,1,0,1,0,0,0,0,0,1,0,0,0,1,0,0,0,0,1,0,1,0,0,0,0,0,0,0,0,0,1,0,0,0,1,1,1,0,0,0,1,0,0,1,0,0,1,0,0,0,1,1,1,0,0,1,0,1,0,1,0,0,1,0,1,0,0,0,1,1,0,0,0,1,0,0,1,1,0,1,1,1,1,0,0,1,0,0,1,0,1,1,1,0,0,0,1,0,1,1,0,0,0,0,1,0,1,1,0,1,0,1,1,1,0,1,1,0,1,1,1,1,1,1,0,0,1,1,0,1,1,0,0,1,0,0,0,1,0,0,0,1,0,0
0,1,0,0,0,1,1,0,1,0,0,0,0,0,0,1,1,1,0,0,1,1,0,0,0,1,1,0,0,0,1,1,0,0,0,0,0,0,0,1,0,1,1,1,0,0,0,1,1,0,0,1,0,0,0,0,1,1,1,0,0,0,1,0,0,0,0,0,1,0,0,1,0,1,0,0,0,0,1,0,1,0,0,0,0,0,1,0,0,0,1,0,0,0,0,1,0,1,0,0,0,0,0,0,0,0,0,1,0,0,0,1,1,1,0,0,0,1,0,0,1,0,0,1,0,0,0,1,1,1,0,0,1,0,1,0,1,0,0,1,0,1,0,0,0,1,1,0,0,0,1,0,0,1,1,0,1,1,1,1,0,0,1,0,0,1,0,1,1,1,0,0,0,1,0,1,1,0,0,0,0,1,0,1,1,0,1,0,1,1,1,0,1,1,0,1,1,1,1,1,1,0,0,1,1,0,1,1,0,0,1,0,0,0,1,0,0,0,1,0,0
0,1,0,0,0,1,1,0,1,0,0,0,0,0,0,1,1,1,0,0,1,1,0,0,0,1,1,0,0,0,1,1,0,0,0,0,0,0,0,1,0,1,1,1,0,0,0,1,1,0,0,1,0,0,0,0,1,1,1,0,0,0,1,0,0,0,0,0,1,0,0,1,0,1,0,0,0,0,1,0,1,0,0,0,0,0,1,0,0,0,1,0,0,0,0,1,0,1,0,0,0,0,0,0,0,0,0,1,0,0,0,1,1,1,0,0,0,1,0,0,1,0,0,1,0,0,0,1,1,1,0,0,1,0,1,0,1,0,0,1,0,1,0,0,0,1,1,0,0,0,1,0,0,1,1,0,1,1,1,1,0,0,1,0,0,1,0,1,1,1,0,0,0,1,0,1,1,0,0,0,0,1,0,1,1,0,1,0,1,1,1,0,1,1,0,1,1,1,1,1,1,0,0,1,1,0,1,1,0,0,1,0,0,0,1,0,0,0,1,0,0
0,1,0,1,0,1,1,0,1,0,0,0,0,0,0,1,1,1,0,1,1,1,0,1,0,1,1,0,0,0,1,1,0,0,0,0,0,1,1,1,0,1,1,1,0,0,0,1,1,0,0,1,0,0,0,0,1,1,1,0,0,0,1,0,0,0,0,0,1,0,0,1,0,1,0,0,0,0,1,0,1,0,0,0,0,0,1,0,0,0,1,0,0,0,0,1,0,1,0,0,0,0,0,0,0,0,0,1,0,0,0,1,1,1,0,0,0,1,0,0,1,0,0,1,0,0,0,1,1,1,0,0,1,0,1,0,1,0,1,1,0,1,0,0,0,1,1,0,0,0,1,0,0,1,1,0,1,1,1,1,0,0,1,0,0,1,0,1,1,1,0,0,0,1,0,1,1,0,0,0,0,1,0,1,1,0,1,0,1,1,1,0,1,1,0,1,1,1,1,1,1,0,0,1,1,0,1,1,0,0,1,0,0,0,1,0,0,0,1,0,0
0,1,0,1,0,1,1,0,1,0,0,0,0,0,0,1,1,1,0,0,1,1,0,0,0,1,1,0,0,0,1,1,0,0,0,0,0,1,1,1,0,1,1,1,0,0,0,1,1,0,0,1,0,0,0,0,1,1,1,0,0,0,1,0,0,0,0,0,1,0,0,1,0,1,0,0,0,0,1,0,1,0,0,0,0,0,1,0,0,0,1,0,0,0,0,1,0,1,0,0,0,0,0,0,0,0,0,1,0,0,0,1,1,1,0,0,0,1,0,0,1,0,0,1,0,0,1,1,1,1,0,0,1,0,1,0,1,0,0,1,0,1,0,0,0,1,1,0,1,0,1,0,0,1,1,0,1,1,1,1,0,0,1,0,0,1,0,1,1,1,0,0,0,1,0,1,1,0,0,0,0,1,0,1,1,0,1,0,1,1,1,0,1,1,0,1,1,1,1,1,1,0,0,1,1,0,1,1,0,0,1,0,0,0,1,0,0,0,1,0,0
0,1,0,0,0,1,1,0,1,0,0,0,0,0,0,1,1,1,0,0,1,1,0,0,0,1,1,0,0,0,1,1,0,0,0,0,0,0,0,1,0,1,1,1,0,0,0,1,1,0,0,1,0,0,0,0,1,1,1,0,0,0,1,0,0,0,0,0,1,0,0,1,0,1,0,0,0,0,1,0,1,0,0,0,0,0,1,0,0,0,1,0,0,0,0,1,0,1,0,0,0,0,0,0,0,0,0,1,0,0,0,1,1,1,0,0,0,1,0,0,1,0,0,1,0,0,0,1,1,1,0,0,1,0,1,0,1,0,0,1,0,1,0,0,0,1,1,0,0,0,1,0,0,1,1,0,1,1,1,1,0,0,1,0,0,1,0,1,1,1,0,0,0,1,0,1,1,0,0,0,0,1,0,1,1,0,1,0,1,1,1,0,1,1,0,1,1,1,1,1,1,0,0,1,1,0,1,1,0,0,1,0,0,0,1,0,0,0,1,0,0
0,1,0,0,0,1,1,0,1,0,1,0,1,1,0,0,1,1,0,0,0,0,0,0,0,1,1,0,0,0,1,1,0,0,0,0,0,0,0,1,0,1,1,1,0,0,0,1,1,0,0,1,0,0,0,0,1,1,1,0,0,0,1,0,0,0,0,0,1,0,0,1,0,1,0,0,0,0,1,0,1,0,0,0,0,0,1,0,0,0,1,0,0,0,0,1,0,1,0,0,0,0,0,0,0,0,0,1,0,0,0,1,1,1,0,0,0,1,0,0,1,0,0,1,0,0,0,1,1,1,0,0,1,0,1,0,1,0,0,1,0,1,0,0,0,1,1,0,0,0,1,0,0,1,1,0,1,1,1,1,0,0,1,0,0,1,0,1,1,1,0,0,0,1,0,1,1,0,0,0,0,1,0,1,1,0,1,0,1,1,1,0,1,1,0,1,1,1,1,1,1,0,0,1,1,0,1,1,0,0,1,0,0,0,1,0,0,0,1,0,0
0,1,0,0,0,1,1,0,1,0,0,0,0,0,0,0,1,1,0,0,0,0,0,0,0,1,1,0,0,0,1,1,0,0,0,0,0,0,0,1,0,1,1,1,0,0,0,1,1,0,0,1,0,0,0,0,1,1,1,0,0,0,1,0,0,0,0,0,1,0,0,1,0,1,0,0,0,0,1,0,1,0,0,0,0,0,1,0,0,0,1,0,0,0,0,1,0,1,0,0,0,0,0,0,0,0,0,1,0,0,0,1,1,1,0,0,0,1,0,0,1,0,0,1,0,0,0,1,1,1,0,0,1,0,1,0,1,0,0,1,0,1,0,0,0,1,1,0,0,0,1,0,0,1,1,0,1,1,1,1,0,0,1,0,0,1,0,1,1,1,0,0,0,1,0,1,1,0,0,0,0,1,0,1,1,0,1,0,1,1,1,0,1,1,0,1,1,1,1,1,1,0,0,1,1,0,1,1,0,0,1,0,0,0,1,0,0,0,1,0,0
0,0,0,0,0,1,1,0,1,0,0,0,0,0,0,0,1,1,0,0,0,0,0,0,0,1,1,0,0,0,1,1,0,0,0,0,0,0,0,1,0,0,1,1,0,0,0,1,1,0,0,1,0,0,0,0,1,1,1,0,0,0,1,0,0,0,0,0,1,0,0,1,0,1,0,0,0,0,1,0,1,0,0,0,0,0,1,0,0,0,1,0,0,0,0,1,0,1,0,0,0,0,0,0,0,0,0,1,0,0,0,1,1,1,0,0,0,1,0,0,1,0,0,1,0,0,0,1,1,1,0,0,1,0,1,0,1,0,0,1,0,1,0,0,0,1,1,0,0,0,1,0,0,1,1,0,1,1,1,1,0,0,1,0,0,1,0,1,1,1,0,0,0,1,0,1,0,0,0,0,0,1,0,1,1,0,1,0,1,1,1,0,1,1,0,1,1,1,1,1,1,0,0,1,1,0,1,1,0,0,1,0,0,0,1,0,0,0,1,0,0
1,1,0,1,1,0,0,0,0,0,0,0,0,0,0,1,1,1,1,1,1,1,0,1,0,1,1,0,0,0,0,0,0,1,0,0,0,1,1,0,0,1,0,0,1,1,0,1,0,1,1,0,0,1,0,0,0,0,0,0,0,1,1,1,1,1,0,1,0,0,1,0,1,0,1,1,0,0,0,1,0,1,1,1,0,0,0,1,1,1,0,1,0,0,1,0,1,0,0,1,0,1,0,1,1,1,1,0,0,1,1,1,0,0,0,1,1,0,1,0,0,1,0,0,0,0,1,0,0,0,1,1,0,0,0,1,0,0,0,0,0,0,0,1,0,0,0,1,1,0,0,0,0,0,0,0,0,0,0,0,1,0,0,1,0,0,0,0,0,0,1,0,0,0,0,0,1,1,0,0,1,0,0,0,0,0,0,0,0,0,0,0,0,0,0,1,0,0,0,0,0,0,0,0,0,0,1,0,0,1,0,0,0,0,0,0,0,1,0,1,0
1,1,0,1,1,0,0,0,0,0,0,0,0,0,0,1,1,1,1,1,1,1,0,1,1,1,1,0,0,0,0,0,0,1,0,0,0,1,1,0,0,1,0,0,1,1,0,1,0,1,1,0,0,1,0,0,0,0,0,0,0,1,1,1,1,1,0,1,0,0,1,0,1,0,1,1,0,0,0,1,0,1,1,1,0,0,0,1,1,1,0,1,0,0,1,0,1,0,0,1,0,1,0,1,1,1,1,0,0,1,1,1,0,0,0,1,1,0,1,0,0,1,0,0,0,0,1,0,0,0,1,1,0,0,0,1,0,0,1,0,0,0,0,1,0,0,0,1,1,0,0,0,0,0,0,0,0,0,0,0,1,0,0,1,0,0,0,0,0,0,1,0,0,0,0,0,1,1,0,0,1,0,0,0,0,0,0,0,0,0,0,0,0,0,0,1,0,0,0,0,0,0,0,0,0,0,1,0,0,1,0,0,0,0,0,0,0,1,0,1,0
1,1,0,1,1,0,0,0,0,0,0,0,0,0,0,1,1,1,1,1,1,1,0,1,1,1,1,0,0,0,0,0,0,1,0,0,1,1,1,0,0,1,0,0,1,1,0,1,0,1,1,0,0,1,0,0,0,0,0,0,0,1,1,1,1,1,0,1,0,0,1,0,1,0,1,1,0,0,0,1,0,1,1,1,0,0,0,1,1,1,0,1,0,0,1,0,1,0,0,1,0,1,0,1,1,1,1,0,0,1,1,1,0,0,0,1,1,0,1,0,0,1,0,0,0,0,1,0,0,0,1,1,0,0,0,1,0,0,0,0,0,0,0,1,0,0,0,1,1,0,0,0,0,0,0,0,0,0,0,0,1,0,0,1,0,0,0,0,0,0,1,0,0,0,0,0,1,1,0,0,1,0,0,0,0,0,0,0,0,0,0,0,0,0,0,1,0,0,0,0,0,0,0,0,0,0,1,0,0,1,0,0,0,0,0,0,0,1,0,1,0
0,1,0,1,0,1,1,0,0,0,0,0,0,0,0,1,1,1,0,0,0,0,0,0,0,1,1,0,0,0,1,0,0,0,0,0,0,0,1,1,0,1,0,1,1,1,0,1,0,1,1,1,0,1,1,0,1,1,1,1,1,1,1,0,0,1,1,1,1,0,1,1,1,0,1,1,0,1,0,1,1,1,1,1,0,1,1,1,1,1,1,1,0,0,1,1,1,1,0,1,0,1,0,1,1,0,1,1,0,1,1,1,1,1,0,1,1,1,1,0,1,1,0,1,0,0,0,1,1,0,1,1,1,1,0,1,1,0,1,1,0,1,0,1,0,1,1,1,0,1,0,0,0,1,0,0,1,1,0,1,1,0,0,1,0,1,1,0,1,0,0,0,1,1,0,1,1,1,0,0,1,1,0,1,1,0,1,0,1,1,0,1,1,1,1,1,1,1,0,0,0,1,1,1,1,0,0,0,0,0,1,1,0,0,0,0,0,0,1,1,0
0,1,0,1,0,1,1,0,0,0,0,0,0,0,0,1,1,1,0,0,0,0,0,0,0,1,1,0,0,0,1,0,0,0,0,0,0,0,1,1,0,0,0,1,1,1,0,1,0,0,0,1,0,1,1,0,1,1,1,1,1,1,1,0,0,1,1,1,1,0,1,1,1,0,0,1,0,1,0,1,1,0,0,1,0,1,1,1,1,1,1,1,0,0,0,1,1,1,0,1,0,1,0,1,1,0,1,1,0,1,1,1,1,1,0,1,1,1,1,0,1,1,0,1,0,0,0,1,1,0,1,1,1,1,0,1,1,0,1,1,0,1,0,1,0,1,1,1,0,1,0,0,0,1,0,0,1,1,0,1,1,0,0,1,0,1,1,0,1,0,0,0,1,1,0,1,1,1,0,0,1,1,0,1,1,0,1,0,1,1,0,1,1,1,1,1,1,1,0,0,0,1,1,1,1,0,0,0,0,0,1,1,0,0,0,0,0,0,1,1,0
0,1,0,1,0,1,1,0,0,0,0,0,0,0,0,1,1,1,0,0,0,0,0,0,0,1,1,0,0,0,1,0,0,0,0,0,0,0,1,1,0,1,0,1,1,1,0,1,0,1,1,1,0,1,1,0,1,1,1,1,1,1,1,0,0,1,1,1,1,0,1,1,1,0,1,1,0,1,0,1,1,1,1,1,0,1,1,1,1,1,1,1,0,0,1,1,1,1,0,1,0,1,0,1,1,0,1,1,0,1,1,1,1,1,0,1,1,1,1,0,1,1,0,1,0,0,0,1,1,0,1,1,1,1,0,1,1,0,1,1,0,1,0,1,0,1,1,1,0,1,0,0,0,1,0,0,1,1,0,1,1,0,0,1,0,1,1,0,1,0,0,0,1,1,0,1,1,1,0,0,1,1,0,1,1,0,1,0,1,1,0,1,1,1,1,1,1,1,0,0,0,1,1,1,1,0,1,0,0,0,1,1,0,0,0,0,0,0,1,1,0
0,1,0,1,0,1,1,0,0,0,0,0,0,0,0,1,1,1,0,0,0,0,0,0,0,1,1,0,0,0,1,0,0,0,0,0,0,0,1,1,0,0,0,1,1,1,0,1,0,0,0,1,0,1,1,0,1,1,1,1,1,1,1,0,0,1,1,1,1,0,1,1,1,0,0,1,0,1,0,1,1,0,0,1,0,1,1,1,1,1,1,1,0,0,0,1,1,1,0,1,0,1,0,1,1,0,1,1,0,1,1,1,1,1,0,1,1,1,1,0,1,1,0,1,0,0,0,1,1,0,1,1,1,1,0,1,1,0,1,1,0,1,0,1,0,1,1,1,0,1,0,0,0,1,0,0,1,1,0,1,1,0,0,1,0,1,1,0,1,0,0,0,1,1,0,1,1,1,0,0,1,1,0,1,0,0,1,0,1,1,0,1,1,1,1,1,1,1,0,0,0,1,1,1,1,0,1,0,0,0,1,1,0,0,0,0,0,0,1,1,0
0,1,0,1,0,1,1,0,0,0,0,0,0,0,0,1,1,1,0,0,0,0,0,0,0,1,1,0,0,0,1,0,0,1,0,0,0,1,1,1,0,1,0,1,1,1,0,1,0,1,1,1,0,1,1,0,1,1,1,1,1,1,1,1,1,1,1,1,1,0,1,1,1,0,1,1,0,1,0,1,1,1,1,1,0,1,1,1,1,1,1,1,0,0,1,1,1,1,0,1,0,1,0,1,1,1,1,1,0,1,1,1,1,1,0,1,1,1,1,0,1,1,0,1,0,0,0,1,1,0,1,1,1,1,0,1,1,0,1,1,0,1,0,1,0,1,1,1,0,1,0,0,0,1,0,0,1,1,0,1,1,0,0,1,0,1,1,0,1,0,1,1,1,1,0,1,1,1,0,0,1,1,0,1,1,0,1,0,1,1,0,1,1,1,1,1,1,1,0,0,0,1,1,1,1,0,0,0,0,0,1,1,0,0,0,0,0,0,1,1,0
0,1,0,1,0,1,1,0,0,0,0,0,0,0,0,1,1,1,0,0,0,0,0,0,0,1,1,0,0,0,1,0,0,1,0,0,0,1,1,1,0,1,0,1,1,1,0,1,0,1,1,1,0,1,1,0,1,1,1,1,1,1,1,1,1,1,1,1,1,0,1,1,1,0,1,1,0,1,0,1,1,1,1,1,0,1,1,1,1,1,1,1,0,0,1,1,1,1,0,1,0,1,0,1,1,1,1,1,0,1,1,1,1,1,0,1,1,1,1,0,1,1,0,1,0,0,0,1,1,0,1,1,1,1,0,1,1,0,1,1,0,1,0,1,0,1,1,1,0,1,0,0,0,1,0,0,1,1,0,1,1,0,0,1,0,1,1,0,1,0,1,1,1,1,0,1,1,1,0,0,1,1,0,1,1,0,1,0,1,1,0,1,1,1,1,1,1,1,0,0,0,1,1,1,1,0,0,0,0,0,1,1,0,0,0,0,0,0,1,1,0
0,1,0,1,0,1,1,0,0,0,1,0,1,1,0,1,1,1,0,0,0,0,0,0,0,1,1,0,0,0,1,0,0,1,0,0,0,1,1,1,0,1,0,1,1,1,0,1,0,1,1,1,0,1,1,0,1,1,1,1,1,1,1,1,1,1,1,1,1,0,1,1,1,0,1,1,0,1,0,1,1,1,1,1,0,1,1,1,1,1,1,1,0,0,1,1,1,1,0,1,0,1,0,1,1,1,1,1,0,1,1,1,1,1,0,1,1,1,1,0,1,1,0,1,0,0,0,1,1,0,1,1,1,1,0,1,1,0,1,1,0,1,0,1,0,1,1,1,0,1,0,0,0,1,0,0,1,1,0,1,1,0,0,1,0,1,1,0,1,0,1,1,1,1,0,1,1,1,0,0,1,1,0,1,1,0,1,0,1,1,0,1,1,1,1,1,1,1,0,0,0,1,1,1,1,0,0,0,0,0,1,1,0,0,0,0,0,0,1,1,0
0,1,0,1,0,1,1,1,0,0,0,0,0,0,0,1,1,1,0,0,0,0,0,0,0,1,1,0,0,0,1,0,0,1,0,0,0,0,1,1,0,1,1,1,1,1,0,1,1,1,1,1,0,1,1,0,1,1,1,1,1,1,1,1,1,1,1,1,1,0,1,1,1,0,1,1,0,1,0,1,1,1,1,1,0,1,1,1,1,1,1,1,0,0,1,1,1,1,0,1,0,1,0,1,1,1,1,1,0,1,1,1,1,1,0,1,1,1,1,0,1,1,0,1,1,0,0,1,1,0,1,1,1,1,0,1,1,0,1,1,0,1,0,1,0,1,1,1,0,1,0,1,0,1,0,0,1,1,0,1,1,0,0,1,0,1,1,0,1,0,1,1,1,1,0,1,1,1,1,0,1,1,0,1,1,0,1,0,1,1,0,1,1,1,1,1,1,1,0,0,0,1,1,1,1,0,0,0,0,0,1,1,0,0,0,0,0,0,1,1,0
0,1,0,1,0,1,1,0,0,0,0,0,0,0,0,1,1,1,1,0,0,1,0,0,0,1,1,0,1,0,1,0,0,1,0,0,0,0,1,1,0,1,0,1,1,1,0,1,0,1,1,1,0,1,1,0,1,1,1,1,1,1,1,1,1,1,1,1,1,0,1,1,1,0,1,1,0,1,0,1,1,1,1,1,0,1,1,1,1,1,1,1,0,0,1,1,1,1,0,1,0,1,0,1,1,0,1,1,0,1,1,1,1,1,0,1,1,1,1,0,1,1,0,1,0,0,0,1,1,0,1,1,1,1,0,1,1,0,1,1,0,1,0,1,0,1,1,1,0,1,0,0,0,1,0,0,1,1,0,1,1,0,0,1,0,1,1,0,1,0,1,1,1,1,0,1,1,1,0,0,1,1,0,1,1,0,1,0,1,1,0,1,1,1,1,1,1,1,0,0,0,1,1,1,1,0,0,0,0,0,1,1,0,0,0,0,0,0,1,1,0
0,1,0,1,0,1,1,1,0,0,0,0,0,0,0,1,1,1,0,0,0,0,0,0,0,1,1,0,0,0,1,0,0,1,0,0,0,0,1,1,0,1,0,1,1,1,0,1,1,1,1,1,0,1,1,0,1,1,1,1,1,1,1,1,1,1,1,1,1,0,1,1,1,0,1,1,0,1,1,1,1,1,1,1,0,1,1,1,1,1,1,1,0,0,1,1,1,1,0,1,0,1,0,1,1,1,1,1,1,1,1,1,1,1,0,1,1,1,1,0,1,1,0,1,1,0,0,1,1,0,1,1,1,1,0,1,1,0,1,1,0,1,0,1,0,1,1,1,0,1,0,1,0,1,0,0,1,1,0,1,1,0,0,1,0,1,1,0,1,0,0,1,1,1,0,1,1,1,1,0,1,1,0,1,1,0,1,0,1,1,0,1,1,1,1,1,1,1,0,0,0,1,1,1,1,0,0,0,0,0,1,1,0,0,0,0,0,0,1,1,0
0,1,0,1,0,1,1,0,0,0,0,0,0,0,0,1,1,1,1,0,0,1,0,0,0,1,1,0,0,0,1,0,0,1,0,0,0,1,1,1,0,1,0,1,1,1,0,1,0,1,1,1,0,1,1,0,1,1,1,1,1,1,1,1,1,1,1,1,1,0,1,1,1,0,1,1,0,1,0,1,1,1,1,1,0,1,1,1,1,1,1,1,0,0,1,1,1,1,0,1,0,1,0,1,1,1,1,1,0,1,1,1,1,1,0,1,1,1,1,0,1,1,0,1,0,0,0,1,1,0,1,1,1,1,0,1,1,0,1,1,0,1,0,1,0,1,1,1,0,1,0,0,0,1,0,0,1,1,0,1,1,0,0,1,0,1,1,0,1,0,1,1,1,1,0,1,1,1,0,0,1,1,0,1,1,0,1,0,1,1,0,1,1,1,1,1,1,1,0,0,0,1,1,1,1,0,0,0,0,0,1,1,0,0,0,0,0,0,1,1,0
0,0,0,1,0,1,1,0,0,0,0,0,0,0,0,1,1,1,0,0,0,0,0,0,0,1,1,0,0,0,1,0,0,1,0,0,0,0,1,1,0,1,0,1,1,1,0,1,0,1,1,1,0,1,1,0,1,1,1,1,1,1,1,1,1,1,1,1,1,0,1,1,1,0,1,1,0,1,0,1,1,1,1,1,0,1,1,1,1,1,1,1,0,0,1,1,1,1,0,1,0,1,0,1,1,1,1,1,0,1,1,1,1,1,0,1,1,1,1,0,1,1,0,1,0,0,0,1,1,0,1,1,1,1,0,1,1,0,1,1,0,1,0,1,0,1,1,1,0,1,0,0,0,1,0,0,1,1,0,1,1,0,0,1,0,1,1,0,1,0,0,0,1,1,0,1,1,1,0,0,1,1,0,1,1,0,1,0,1,1,0,1,1,1,1,1,1,1,0,0,0,1,1,1,1,0,0,0,0,0,1,1,0,0,0,0,0,0,1,1,0
0,1,0,1,0,1,1,0,0,0,0,0,0,0,0,1,1,1,0,0,0,0,0,0,0,1,1,0,0,0,1,0,0,1,0,0,0,0,1,1,0,1,0,1,1,1,0,1,0,1,1,1,0,1,1,0,1,1,1,1,1,1,1,1,1,1,1,1,1,0,1,1,1,0,1,1,0,1,0,1,1,1,1,1,0,1,1,1,1,1,1,1,0,0,1,1,1,1,0,1,0,1,0,1,1,1,1,1,0,1,1,1,1,1,0,1,1,1,1,0,1,1,0,1,0,0,0,1,1,0,1,1,1,1,0,1,1,0,1,1,0,1,0,1,0,1,1,1,0,1,0,0,0,1,0,0,1,1,0,1,1,0,0,1,0,1,1,0,1,0,0,0,1,1,0,1,1,1,0,0,1,1,0,1,1,0,1,0,1,1,0,1,1,1,1,1,1,1,0,0,0,1,1,1,1,0,0,0,0,0,1,1,0,0,0,0,0,0,1,1,0
0,1,0,1,0,1,1,0,0,0,0,0,0,0,0,1,1,1,1,0,0,1,0,0,0,1,1,0,1,0,1,0,0,1,0,0,0,0,1,1,0,1,0,1,1,1,0,1,0,1,1,1,0,1,1,0,1,1,1,1,1,1,1,1,1,1,1,1,1,0,1,1,1,0,1,1,0,1,0,1,1,1,1,1,0,1,1,1,1,1,1,1,0,0,1,1,1,1,0,1,0,1,0,1,1,1,1,1,0,1,1,1,1,1,0,1,1,1,1,0,1,1,0,1,0,0,0,1,1,0,1,1,1,1,0,1,1,0,1,1,0,1,0,1,0,1,1,1,0,1,0,0,0,1,0,0,1,1,0,1,1,0,0,1,0,1,1,0,1,0,0,0,1,1,0,1,1,1,0,0,1,1,0,1,1,0,1,0,1,1,0,1,1,1,1,1,1,1,0,0,0,1,1,1,1,0,0,0,0,0,1,1,0,0,0,0,0,0,1,1,0
0,0,0,1,0,1,1,1,0,0,0,0,0,0,0,1,1,1,0,0,0,0,0,0,0,1,1,0,0,0,1,0,0,0,0,0,0,0,1,1,0,1,0,1,1,1,0,1,1,1,1,1,0,1,1,0,1,1,1,1,1,1,1,0,0,1,1,1,1,0,1,1,1,0,1,1,0,0,1,1,1,1,1,1,0,1,1,1,1,1,1,1,0,0,1,1,1,1,0,1,0,1,0,1,1,0,1,1,0,1,1,1,1,1,0,1,1,1,1,0,1,1,0,1,0,0,0,1,1,0,1,1,1,1,0,1,1,0,0,1,0,1,0,1,0,1,1,1,0,1,0,0,0,1,0,0,1,1,0,1,1,0,0,1,0,1,1,0,1,0,0,0,1,1,0,1,1,1,0,0,1,1,0,1,1,0,1,0,1,1,1,1,1,1,1,1,1,1,0,1,1,1,1,1,1,0,0,0,0,0,1,1,0,0,0,0,0,0,1,1,0
0,1,0,1,0,1,1,1,0,0,0,0,0,0,0,1,1,1,0,0,0,0,0,0,0,1,1,0,0,0,1,0,0,1,1,0,0,0,1,1,0,1,1,1,1,1,0,1,1,1,1,1,0,1,1,0,1,1,1,1,1,1,1,1,1,1,1,1,1,1,1,1,1,0,1,1,0,1,0,1,1,1,1,1,0,1,1,1,1,1,1,1,0,0,1,1,1,1,0,1,0,1,0,1,1,1,1,1,0,1,1,1,1,1,0,1,1,1,1,0,1,1,0,1,1,1,0,1,1,0,1,1,1,1,0,1,1,0,1,1,0,1,0,1,0,1,1,1,0,1,1,1,0,1,0,0,1,1,0,1,1,0,0,1,0,1,1,0,1,0,1,1,1,1,0,1,1,1,1,1,1,1,0,1,1,0,1,0,1,1,0,1,1,1,1,1,1,1,0,0,0,1,1,1,1,0,0,0,0,0,1,1,0,0,0,0,0,0,1,1,0
0,1,1,0,0,1,1,1,0,0,1,1,0,1,1,0,0,1,1,0,0,1,1,1,1,1,1,0,1,1,1,0,0,0,1,0,1,0,0,1,0,0,0,1,0,0,0,0,0,0,0,0,0,0,0,0,0,1,1,1,0,0,0,0,0,0,0,0,1,1,0,1,0,1,0,0,0,0,0,0,1,0,0,0,0,0,0,0,0,0,1,0,0,0,0,1,0,1,0,0,0,0,0,0,0,0,0,1,0,0,0,0,1,1,0,0,0,1,0,0,1,0,0,1,0,0,0,1,1,1,0,0,1,0,1,0,1,0,0,1,0,1,0,0,0,1,1,0,0,0,1,0,1,1,1,0,0,1,1,1,0,0,1,0,0,1,0,1,1,1,0,0,0,1,0,1,0,0,0,0,0,1,1,1,1,0,1,0,1,1,1,0,1,1,0,1,1,1,1,1,1,0,0,1,1,0,1,1,1,1,1,0,0,0,1,1,1,1,1,0,0
1,1,0,1,1,1,1,1,0,0,1,0,1,1,0,0,0,1,1,0,0,1,0,0,0,0,1,0,0,0,1,0,0,1,0,0,0,0,1,1,0,1,1,1,0,0,0,1,1,0,0,1,0,1,1,0,1,1,1,0,0,0,1,1,1,0,0,0,1,0,0,1,0,0,0,1,0,1,0,0,1,1,0,1,0,1,1,0,1,0,1,0,0,0,0,1,1,1,0,1,0,0,0,0,0,1,0,1,0,0,0,1,1,1,0,1,1,1,1,0,1,0,0,1,1,1,0,1,1,0,0,0,1,0,0,1,1,0,0,1,0,1,0,1,0,1,1,1,0,1,1,1,0,1,0,0,1,1,0,1,1,0,0,1,0,1,1,0,1,0,1,1,1,1,0,1,1,1,1,1,1,1,0,1,1,0,1,0,1,1,0,1,1,1,1,1,0,1,0,0,0,1,1,1,1,0,1,0,0,1,1,1,0,0,0,0,0,1,1,1,0
0,1,0,1,1,1,1,1,0,0,1,0,1,1,0,1,1,1,1,0,0,1,0,0,0,1,1,0,1,0,1,0,0,1,0,0,0,0,1,1,0,1,1,1,1,1,0,1,1,1,1,1,0,1,1,0,1,1,1,1,1,1,1,1,1,1,1,1,1,0,1,1,1,0,1,1,0,1,0,1,1,1,1,1,0,1,1,1,1,1,1,1,0,0,1,1,1,1,0,1,0,1,0,1,1,1,1,1,0,1,1,1,1,1,0,1,1,1,1,0,1,1,0,1,1,1,0,1,1,0,1,1,1,1,0,1,1,0,1,1,0,1,0,1,0,1,1,1,0,1,1,1,0,1,0,0,1,1,0,1,1,0,0,1,0,1,1,0,1,0,1,1,1,1,0,1,1,1,1,1,1,1,0,1,1,0,1,0,1,1,0,1,1,1,1,1,1,1,0,0,0,1,1,1,1,0,1,0,0,1,1,1,0,0,0,0,0,1,1,1,0
0,1,0,1,1,0,0,0,1,0,0,0,0,0,0,1,1,1,1,1,1,1,0,1,0,1,1,0,0,0,0,1,0,1,0,0,0,1,1,0,0,1,0,0,1,1,0,1,0,0,0,0,1,1,1,1,0,0,0,0,0,1,0,1,1,1,0,1,0,0,1,0,1,0,0,1,1,0,0,1,0,0,0,1,1,0,0,1,1,1,0,1,1,1,0,0,1,0,0,0,0,1,1,0,1,1,1,0,0,1,1,1,0,0,0,1,0,0,1,0,0,1,1,0,0,0,0,0,0,0,0,1,0,0,0,1,0,0,1,0,0,0,0,1,1,0,0,1,0,0,0,0,0,0,0,1,0,0,0,0,1,0,0,1,1,0,0,0,0,0,0,0,0,0,1,0,1,1,0,0,1,0,0,0,0,1,0,0,0,0,0,0,0,0,0,1,1,0,0,0,0,0,0,0,0,0,0,0,0,0,0,0,0,0,0,0,0,0,0,1,0
0,1,0,1,0,1,1,1,0,0,1,0,1,1,0,1,1,1,1,0,0,1,0,0,0,1,1,0,1,0,1,0,0,1,1,0,0,0,1,1,0,1,1,1,1,1,0,1,1,1,1,1,0,1,1,0,0,1,1,1,1,1,1,1,1,1,1,1,1,1,1,1,1,0,1,1,0,1,0,1,1,1,1,1,0,1,0,1,1,1,0,1,0,0,1,1,1,1,0,1,0,1,0,1,1,1,1,1,0,1,1,1,1,1,0,1,1,1,1,0,1,1,0,0,1,1,0,1,1,0,1,1,1,1,0,1,0,0,1,0,0,1,0,1,0,0,1,1,0,0,1,1,1,1,0,0,0,1,0,0,1,0,0,1,0,1,1,0,1,0,1,1,1,1,0,1,1,1,1,1,1,0,1,1,1,0,1,0,1,1,0,1,1,1,1,1,1,1,0,0,0,1,1,1,1,0,1,0,0,1,1,1,0,0,0,0,0,1,1,1,0
0,1,0,1,1,0,0,0,1,0,0,0,0,0,0,1,1,1,1,1,1,1,0,1,0,1,1,0,0,0,0,1,0,1,0,0,0,1,1,0,0,1,0,0,1,1,0,1,0,0,0,1,1,1,1,1,0,0,0,0,0,1,0,1,1,1,0,1,0,0,1,0,1,0,0,1,1,0,0,1,0,0,0,1,1,0,0,1,1,1,0,1,1,1,0,0,1,0,0,0,0,1,1,0,1,1,1,0,0,1,1,1,0,0,0,1,0,0,1,0,0,1,1,0,0,0,0,0,0,0,0,1,0,0,0,1,0,0,1,0,0,0,0,1,1,0,0,1,0,0,0,0,0,0,0,1,0,0,0,0,1,0,0,1,1,0,0,0,0,0,0,0,0,0,1,0,1,1,0,0,1,0,0,0,0,1,0,0,0,0,0,0,0,0,0,1,1,0,0,0,0,0,0,0,0,0,0,0,0,0,0,0,0,1,0,0,0,0,0,1,0
0,1,0,1,1,0,0,0,1,0,0,0,0,0,0,1,1,1,1,1,1,1,0,1,0,1,1,0,0,0,0,1,0,1,0,0,0,1,1,0,0,1,0,0,1,1,0,1,0,0,0,1,1,1,1,1,0,0,0,0,0,1,0,1,1,1,0,1,0,0,1,0,1,0,0,1,1,0,0,1,0,0,0,1,1,0,0,1,1,1,0,1,1,1,0,0,1,0,0,0,0,1,1,0,1,1,1,0,0,1,1,1,0,0,0,1,0,0,1,0,0,1,1,0,0,0,0,0,0,0,0,1,0,0,0,1,0,0,1,0,0,0,0,1,1,0,0,1,0,0,0,0,0,0,0,1,0,0,0,0,1,0,0,1,1,0,0,0,0,0,0,0,0,0,1,0,1,1,0,0,1,0,0,0,0,1,0,0,0,0,0,0,0,0,0,1,1,0,0,0,0,0,0,0,0,0,0,0,0,0,0,0,0,0,0,1,0,0,0,1,0
0,1,0,1,1,1,0,0,1,0,0,0,0,0,0,1,1,1,1,1,1,1,0,1,0,1,1,0,0,0,1,1,0,1,0,0,0,1,1,1,0,1,0,1,1,1,0,1,1,0,0,1,1,1,1,1,0,1,1,0,0,1,0,1,1,1,0,1,1,0,1,0,1,0,0,1,1,0,0,1,0,0,0,1,1,0,0,1,1,1,1,1,1,1,0,0,1,1,0,0,0,1,1,0,1,1,1,0,0,1,1,1,1,1,0,1,0,1,1,0,0,1,1,1,0,0,0,1,1,0,0,1,0,0,0,1,1,0,1,1,0,0,0,1,1,1,1,1,0,0,0,0,0,1,0,1,0,0,0,1,1,0,0,1,1,1,0,0,1,0,0,0,0,1,1,1,1,1,0,0,1,1,0,0,0,1,1,0,0,1,0,1,0,0,0,1,1,1,0,0,0,1,1,0,0,0,0,1,0,0,0,0,0,0,1,0,0,0,0,1,0
0,1,0,1,1,1,0,0,1,0,0,0,0,0,0,1,1,1,1,1,1,1,0,1,0,1,1,0,0,0,1,1,0,1,0,0,0,1,1,1,0,1,0,1,1,1,0,1,1,0,0,1,1,1,1,1,0,1,1,0,0,1,0,1,1,1,0,1,1,0,1,0,1,0,0,1,1,0,0,1,0,0,0,1,1,0,0,1,1,1,1,1,1,1,0,0,1,1,0,0,0,1,1,0,1,1,1,0,0,1,1,1,1,1,0,1,0,1,1,0,0,1,1,1,0,0,0,1,1,0,0,1,0,0,0,1,1,0,1,1,0,0,0,1,1,1,1,1,0,0,0,0,0,1,0,1,0,0,0,1,1,0,0,1,1,1,0,0,1,0,0,0,0,1,1,1,1,1,0,0,1,1,0,0,0,1,1,1,0,1,0,0,0,0,0,1,1,1,1,0,0,0,0,0,0,0,0,0,1,0,0,0,0,0,0,0,1,0,0,1,0
0,1,0,1,1,1,0,0,1,0,0,0,0,0,0,1,1,1,1,1,1,1,0,1,0,1,1,0,0,0,1,1,0,1,0,0,0,1,1,1,0,1,0,1,1,1,0,1,1,0,0,1,1,1,1,1,0,1,1,0,0,1,0,1,1,1,0,1,1,0,1,0,1,0,0,1,1,0,0,1,0,0,0,1,1,0,0,1,1,1,1,1,1,1,0,0,1,1,0,0,0,1,1,0,1,1,1,0,0,1,1,1,1,1,0,1,0,1,1,0,0,1,1,1,0,0,0,1,1,0,0,1,0,0,0,1,1,0,1,1,0,0,0,1,1,1,1,1,0,0,0,0,0,1,0,1,0,0,0,1,1,0,0,1,1,1,1,0,1,0,0,0,0,1,1,1,1,1,0,0,1,1,0,0,0,1,1,0,0,1,0,1,0,0,0,1,1,1,0,0,0,1,1,0,0,0,0,0,0,0,1,0,0,0,0,0,0,0,1,1,0
0,1,0,1,1,1,1,0,1,0,1,0,0,1,0,1,1,1,1,1,1,1,0,1,0,1,1,0,0,0,1,1,0,1,0,0,0,1,1,1,0,1,0,1,1,1,0,1,1,0,0,0,1,1,1,1,1,1,1,0,0,1,0,1,1,1,0,1,1,0,1,0,1,0,0,1,1,0,0,1,0,0,0,1,1,0,0,1,1,1,1,1,1,1,0,0,1,1,0,0,0,1,1,0,1,1,1,0,0,1,1,1,1,1,1,1,0,1,1,0,0,1,1,1,0,1,0,1,1,0,0,1,0,0,0,1,1,0,1,1,0,0,0,1,1,1,1,1,0,0,0,0,0,1,0,1,0,0,0,1,1,1,0,1,1,1,0,0,1,0,0,0,0,1,1,1,1,1,0,1,1,1,0,0,0,1,1,1,0,1,0,1,0,0,0,1,1,1,1,0,0,1,1,0,0,0,0,1,1,0,0,0,1,0,1,0,1,0,0,1,1
0,1,0,1,1,0,0,0,1,0,0,0,0,0,0,1,1,1,1,1,1,1,0,1,0,1,1,0,0,0,0,1,0,1,0,0,0,1,1,0,0,1,0,0,1,1,0,1,0,0,0,1,1,1,1,1,0,0,0,0,0,1,1,1,1,1,0,1,0,0,1,0,1,0,0,1,1,0,0,1,0,0,0,1,1,0,0,1,1,1,0,1,1,1,0,0,1,0,0,1,0,1,1,0,1,1,1,0,0,1,1,1,0,0,0,1,1,0,1,0,0,1,1,0,0,0,0,0,0,0,0,1,0,0,0,1,0,0,1,0,0,0,0,1,1,0,0,1,0,0,0,0,0,0,0,1,0,0,0,0,1,0,0,1,1,0,0,0,0,0,0,0,0,0,1,0,1,1,0,0,1,0,0,0,0,1,0,0,0,0,0,0,0,0,0,1,1,0,0,0,0,0,0,0,0,0,0,0,0,0,0,0,0,0,0,0,0,0,0,1,0
0,1,0,1,1,0,0,0,1,0,0,0,0,0,0,1,1,1,1,1,1,1,0,1,0,1,1,0,0,0,0,1,0,1,0,0,0,1,1,0,0,1,0,0,1,1,0,1,0,0,0,0,1,1,1,1,0,0,0,0,0,1,0,1,1,1,0,1,0,0,1,0,1,0,0,1,1,0,0,1,0,0,0,1,1,0,0,1,1,1,0,1,1,1,0,0,1,0,0,0,0,1,1,0,1,1,1,0,0,1,1,1,0,0,0,1,0,0,1,0,0,1,1,0,0,0,0,0,0,0,0,1,0,0,0,1,0,0,1,0,0,0,0,1,1,0,0,1,0,0,0,0,0,0,0,1,0,0,0,0,1,0,0,1,1,0,0,0,0,0,0,0,0,0,1,0,1,1,0,0,1,0,0,0,0,1,0,0,0,0,0,0,0,0,0,1,1,0,0,0,0,0,0,0,0,0,0,0,0,0,0,0,0,0,0,0,0,0,0,1,0
0,1,0,1,1,0,0,0,1,1,0,0,0,0,0,1,1,1,1,1,1,1,0,1,0,1,1,0,0,0,0,1,1,1,0,0,0,1,1,0,1,1,0,0,1,1,1,1,0,0,0,0,1,1,1,1,0,0,0,0,0,1,0,1,1,1,0,1,0,0,1,0,1,0,0,1,1,0,0,1,0,0,0,1,1,0,0,1,1,1,0,1,1,1,0,0,1,0,1,0,1,1,1,0,1,1,1,0,0,1,1,1,0,0,0,1,0,0,1,1,0,1,1,0,0,0,0,0,0,0,0,1,0,0,0,1,0,1,1,0,0,0,1,1,1,0,0,1,0,0,0,0,0,0,0,1,0,0,0,0,1,0,0,1,1,0,0,0,0,0,0,0,0,0,1,0,1,1,0,0,1,0,0,0,0,1,0,0,0,0,0,0,0,0,0,1,1,0,0,0,0,0,0,0,0,0,0,0,0,0,0,0,0,0,0,0,0,0,0,1,0
0,1,0,1,1,0,0,0,1,0,0,0,0,0,0,1,1,1,1,1,1,1,0,1,0,1,1,0,0,0,0,1,0,1,0,0,0,1,1,0,0,1,0,0,1,1,0,1,0,0,0,0,1,1,1,1,0,0,0,0,0,1,0,1,1,1,0,1,0,0,1,0,1,0,0,1,1,0,0,1,0,0,0,1,1,0,0,1,1,1,0,1,1,1,0,0,1,0,0,0,0,1,1,0,1,1,1,0,0,1,1,1,0,0,0,1,0,0,1,0,0,1,1,0,0,0,0,0,0,0,0,1,0,0,0,1,0,0,1,0,0,0,0,1,1,0,0,1,0,0,0,0,0,0,0,1,0,0,0,0,1,0,0,1,1,0,0,0,0,0,0,0,0,0,1,0,1,1,0,0,1,0,0,0,0,1,0,0,0,0,0,0,0,0,0,1,1,0,0,0,0,0,0,0,0,0,0,0,0,0,0,0,0,0,0,0,0,0,0,1,0
0,0,0,1,0,1,0,0,0,0,0,0,0,0,0,1,1,1,0,0,0,0,0,0,0,0,0,0,0,0,1,0,0,1,0,0,0,0,1,0,0,1,0,1,0,0,0,1,0,0,0,0,0,1,1,0,0,0,0,0,0,0,0,1,1,0,0,0,0,0,0,1,0,0,0,1,0,1,0,0,1,0,0,1,0,1,0,0,1,0,0,0,0,0,0,0,0,0,0,1,0,0,0,0,0,1,0,1,0,0,0,1,0,0,0,1,1,0,1,0,0,0,0,0,0,0,0,0,0,0,0,0,1,0,0,0,0,0,0,0,0,1,0,1,0,0,0,1,0,0,0,0,0,0,0,0,0,0,0,0,1,0,0,1,0,0,0,0,0,0,1,1,1,0,0,0,1,0,0,0,1,0,0,0,0,0,0,0,1,0,0,0,1,0,1,1,0,0,0,0,0,0,0,1,0,0,1,0,0,1,0,0,0,0,0,0,0,1,0,0,0
0,1,0,1,1,1,1,0,1,0,0,0,0,0,0,1,1,1,1,1,1,1,0,1,0,1,1,0,0,0,0,1,0,1,0,0,0,1,1,0,0,1,0,0,1,1,0,1,0,0,0,0,1,1,1,1,0,0,0,0,0,1,0,1,1,1,0,1,0,0,1,0,1,0,0,1,1,0,0,1,0,0,0,1,1,0,0,1,1,1,0,1,1,1,0,0,1,0,0,1,0,1,1,0,1,1,1,0,0,1,1,1,0,0,0,1,1,0,1,0,0,1,1,0,0,0,0,0,0,0,0,1,0,0,0,1,0,0,1,0,0,0,0,1,1,0,0,1,0,0,0,0,0,0,0,1,0,0,0,0,1,0,0,1,1,0,0,0,0,0,0,0,0,0,1,0,1,1,0,0,1,0,0,0,0,1,0,0,0,0,0,0,0,0,0,1,1,0,0,0,0,0,0,0,0,0,0,0,0,0,0,0,0,0,0,0,0,0,0,1,0
0,1,0,1,0,1,1,0,0,0,0,0,0,0,0,1,1,1,1,0,0,1,0,0,0,0,1,0,0,0,1,0,0,1,0,0,0,0,1,0,0,1,0,1,0,0,0,1,0,0,0,0,0,1,1,0,0,0,0,0,0,0,0,1,1,0,0,0,0,0,0,1,0,0,0,1,0,1,0,0,1,0,0,1,0,1,0,0,1,0,0,0,0,0,0,1,1,0,0,1,0,0,0,0,0,1,0,1,0,0,0,1,0,0,0,1,1,0,1,0,1,0,0,0,0,0,0,0,0,0,0,0,1,0,0,1,0,0,0,0,0,1,0,1,0,0,0,1,0,0,0,0,0,0,0,0,0,1,0,0,1,0,0,1,0,0,0,0,0,0,1,1,1,0,0,0,1,1,0,0,1,0,0,1,1,0,0,0,1,0,0,0,1,0,1,1,0,0,0,0,0,0,0,1,0,0,1,0,0,1,0,0,0,0,0,0,0,1,0,0,0
0,1,0,1,0,1,1,0,0,1,0,0,0,0,0,1,1,1,1,0,0,1,0,0,0,0,1,0,0,0,1,0,1,1,0,0,0,0,1,0,1,1,0,1,0,0,1,1,0,0,0,0,0,1,1,0,0,0,0,0,0,0,0,1,1,0,0,0,0,0,0,1,0,0,0,1,0,1,0,0,1,0,0,1,0,1,0,0,1,0,0,0,0,0,0,1,1,0,1,1,1,0,0,0,0,1,0,1,0,0,0,1,0,0,0,1,1,0,1,1,1,0,0,0,0,0,0,0,0,0,0,0,1,0,0,1,0,1,0,0,0,1,1,1,0,0,0,1,0,0,0,0,0,0,0,0,0,1,0,0,1,0,0,1,0,0,0,0,0,0,1,1,1,0,0,0,1,1,0,0,1,0,0,1,1,0,0,0,1,0,0,0,1,0,1,1,0,0,0,0,0,0,0,1,0,0,1,0,0,1,0,0,0,0,0,0,0,1,0,0,0
0,1,0,1,0,1,1,0,0,0,0,0,0,0,0,1,1,1,1,0,0,1,0,0,0,0,1,0,0,0,1,0,0,1,0,0,0,0,1,0,0,1,0,1,0,0,0,1,0,0,0,1,0,1,1,0,0,0,0,0,0,0,0,1,1,0,0,0,0,0,0,1,0,0,0,1,0,1,0,0,1,0,0,1,0,1,0,0,1,0,0,0,0,0,0,1,1,0,0,1,0,0,0,0,0,1,0,1,0,0,0,1,0,0,0,1,1,0,1,0,1,0,0,0,0,0,0,0,0,0,0,0,1,0,0,1,0,0,0,0,0,1,0,1,0,0,0,1,0,0,0,0,0,0,0,0,0,1,0,0,1,0,0,1,0,0,0,0,0,0,1,1,1,0,0,0,1,1,0,0,1,0,0,1,1,0,0,0,1,0,0,0,1,0,1,1,1,0,0,0,0,0,0,1,0,0,1,0,0,1,0,0,0,0,0,1,0,1,0,0,0
0,1,0,1,0,1,1,0,0,0,0,0,0,0,0,1,1,1,1,0,0,1,0,0,0,0,1,0,0,0,1,0,0,1,0,0,0,0,1,1,0,1,0,1,0,0,0,1,1,0,0,1,0,1,1,0,0,1,1,0,0,0,0,1,1,0,0,0,1,0,0,1,0,0,0,1,0,1,0,0,1,0,0,1,0,1,0,0,1,0,1,0,0,0,0,1,1,1,0,1,0,0,0,0,0,1,0,1,0,0,0,1,1,1,0,1,1,1,1,0,1,0,0,1,0,0,0,1,1,0,0,0,1,0,1,1,1,0,0,1,0,1,0,1,0,1,1,1,0,0,0,0,0,1,0,0,0,1,1,1,1,0,0,1,0,1,1,0,1,1,1,1,1,1,0,1,1,1,0,0,1,1,0,1,1,0,1,0,1,1,0,0,1,0,1,1,0,1,0,0,0,0,0,1,0,0,1,0,0,1,1,0,0,0,0,0,0,1,1,0,0
0,1,0,1,0,1,1,0,0,0,0,0,0,0,0,1,1,1,1,0,0,1,1,1,0,0,1,0,1,0,1,0,0,1,0,0,0,0,1,0,0,1,0,1,0,0,0,1,0,0,0,0,0,1,1,0,0,0,0,0,0,0,1,1,1,0,0,0,0,0,0,1,0,0,0,1,0,1,0,0,1,0,0,1,0,1,0,0,1,0,0,0,0,0,0,1,1,0,0,1,0,0,0,0,0,0,0,1,0,0,0,1,0,0,0,1,1,0,1,0,1,0,0,0,0,0,0,0,0,0,0,0,1,0,0,1,0,0,0,0,0,1,0,1,0,0,0,1,0,0,0,0,0,0,0,0,0,1,0,0,1,0,0,1,0,0,0,0,0,0,1,1,1,0,0,0,1,1,0,0,1,0,0,1,1,0,0,0,1,0,0,0,1,0,1,1,0,0,0,0,0,0,0,1,0,0,1,0,0,1,0,0,0,0,0,0,0,1,0,0,0
0,1,0,1,0,1,1,0,0,1,0,0,0,0,0,1,1,1,1,0,0,1,1,1,0,0,1,0,1,0,1,0,1,1,0,0,0,0,1,0,1,1,0,1,0,0,1,1,0,0,0,0,0,1,1,0,0,0,0,0,0,0,1,1,1,0,0,0,0,0,0,1,0,0,0,1,0,1,0,0,1,0,0,1,0,1,0,0,1,0,0,0,0,0,0,1,1,0,1,1,1,0,0,0,0,0,0,1,0,0,0,1,0,0,0,1,1,0,1,1,1,0,0,0,0,0,0,0,0,0,0,0,1,0,0,1,0,1,0,0,0,1,1,1,0,0,0,1,0,0,0,0,0,0,0,0,0,1,0,0,1,0,0,1,0,0,0,0,0,0,1,1,1,0,0,0,1,1,0,0,1,0,0,1,1,0,0,0,1,0,0,0,1,0,1,1,0,0,0,0,0,0,0,1,0,0,1,0,0,1,0,0,0,0,0,0,0,1,0,0,0
0,1,0,1,0,1,1,0,0,0,0,0,0,0,0,1,1,1,1,0,0,1,1,1,0,0,1,0,1,0,1,0,0,1,0,0,0,0,1,0,0,1,0,1,0,0,0,1,0,0,0,1,0,1,1,0,0,0,0,0,0,0,1,1,1,0,0,0,0,0,0,1,0,0,0,1,0,1,0,0,1,0,0,1,0,1,0,0,1,0,0,0,0,0,0,1,1,0,0,1,0,0,0,0,0,0,0,1,0,0,0,1,0,0,0,1,1,0,1,0,1,0,0,0,0,0,0,0,0,0,0,0,1,0,0,1,0,0,0,0,0,1,0,1,0,0,0,1,0,0,0,0,0,0,0,0,0,1,0,0,1,0,0,1,0,0,0,0,0,0,1,1,1,0,0,0,1,1,0,0,1,0,0,1,1,0,0,0,1,0,0,0,1,0,1,1,1,0,0,0,0,0,0,1,0,0,1,0,0,1,0,0,0,0,0,1,0,1,0,0,0
0,1,0,1,0,1,1,1,0,0,0,0,0,0,0,1,1,1,1,0,0,1,1,1,0,0,1,0,1,0,1,0,0,1,0,0,0,0,1,1,0,1,0,1,0,0,0,1,1,0,0,1,0,1,1,0,0,1,1,0,0,0,1,1,1,0,0,0,1,0,0,1,0,0,0,1,0,1,0,0,1,0,0,1,0,1,0,0,1,0,1,0,0,0,0,1,1,1,0,1,0,0,0,0,0,0,0,1,0,0,0,1,1,1,0,1,1,1,1,0,1,0,0,1,0,0,0,1,1,0,0,0,1,0,1,1,1,0,0,1,0,1,0,1,0,1,1,1,0,0,0,0,0,1,0,0,0,1,1,1,1,0,0,1,0,1,1,0,1,1,1,1,1,1,0,1,1,1,0,0,1,1,0,1,1,0,1,0,1,1,0,0,1,0,1,1,0,1,0,0,0,0,0,1,0,0,1,0,0,1,1,0,0,0,0,0,0,1,1,0,0
0,1,0,1,0,1,1,0,0,1,0,0,0,0,0,1,1,1,1,0,0,1,1,1,0,0,1,0,1,0,1,0,1,1,0,0,0,0,1,0,1,1,0,1,0,0,1,1,0,0,0,0,0,1,1,0,0,0,0,0,0,0,1,1,1,0,0,0,0,0,0,1,0,0,0,1,0,1,0,0,1,0,0,1,0,1,0,0,1,0,0,0,0,0,0,1,1,0,1,1,1,0,0,0,0,0,0,1,0,0,0,1,0,0,0,1,1,0,1,1,1,0,0,0,0,0,0,0,0,0,0,0,1,0,0,1,0,1,0,0,0,1,1,1,0,0,0,1,0,0,0,0,0,0,0,0,0,1,0,0,1,0,0,1,0,0,0,0,0,0,1,1,1,0,0,0,1,1,0,0,1,0,0,1,1,0,0,0,1,0,0,0,1,0,1,1,0,0,0,0,0,0,0,1,0,0,1,0,0,1,0,0,0,0,0,0,0,1,0,0,0
0,1,0,1,0,1,1,0,0,1,0,0,0,0,0,1,1,1,1,0,0,1,1,1,0,0,1,0,1,0,1,0,1,1,0,0,0,0,1,0,1,1,0,1,0,0,1,1,0,0,0,0,0,1,1,0,0,0,0,0,0,0,1,1,1,0,0,0,0,0,0,1,0,0,0,1,0,1,0,0,1,0,0,1,0,1,0,0,1,0,0,0,0,0,0,1,1,0,1,1,1,0,0,0,0,0,0,1,0,0,0,1,0,0,0,1,1,0,1,1,1,0,0,0,0,0,0,0,0,0,0,0,1,0,0,1,0,1,0,0,0,1,1,1,0,0,0,1,0,0,0,0,0,0,0,0,0,1,0,0,1,0,0,1,0,0,0,0,0,0,1,1,1,0,0,0,1,1,0,0,1,0,0,1,1,0,0,0,1,0,0,0,1,0,1,1,0,0,0,0,0,0,0,1,0,0,1,0,0,1,0,0,0,0,0,0,0,1,0,0,0
0,1,0,1,0,1,1,0,0,1,0,0,0,0,0,1,1,1,1,0,0,1,1,1,0,0,1,0,1,0,1,0,1,1,0,0,0,0,1,0,1,1,0,1,0,0,1,1,0,0,0,1,0,1,1,0,0,0,0,0,0,0,1,1,1,0,0,0,0,0,0,1,0,0,0,1,0,1,0,0,1,0,0,1,0,1,0,0,1,0,0,0,0,0,0,1,1,0,1,1,1,0,0,0,0,0,0,1,0,0,0,1,0,0,0,1,1,0,1,1,1,0,0,0,0,0,0,0,0,0,0,0,1,0,0,1,0,1,0,0,0,1,1,1,0,0,0,1,0,0,0,0,0,0,0,0,0,1,0,0,1,0,0,1,0,0,0,0,0,0,1,1,1,0,0,0,1,1,0,0,1,0,0,1,1,0,0,0,1,0,0,0,1,0,1,1,1,0,0,0,0,0,0,1,0,0,1,0,0,1,0,0,0,0,0,1,0,1,0,0,0
0,1,0,1,0,1,1,1,0,1,0,0,0,0,0,1,1,1,1,0,0,1,1,1,0,0,1,0,1,0,1,0,1,1,0,0,0,0,1,1,1,1,0,1,0,0,1,1,1,0,0,1,0,1,1,0,0,1,1,0,0,0,1,1,1,0,0,0,1,0,0,1,0,0,0,1,0,1,0,0,1,0,0,1,0,1,0,0,1,0,1,0,0,0,0,1,1,1,1,1,1,0,0,0,0,0,0,1,0,0,0,1,1,1,0,1,1,1,1,1,1,0,0,1,0,0,0,1,1,0,0,0,1,0,1,1,1,1,0,1,0,1,1,1,0,1,1,1,0,0,0,0,0,1,0,0,0,1,1,1,1,0,0,1,0,1,1,0,1,1,1,1,1,1,0,1,1,1,0,0,1,1,0,1,1,0,1,0,1,1,0,0,1,0,1,1,0,1,0,0,0,0,0,1,0,0,1,0,0,1,1,0,0,0,0,0,0,1,1,0,0
0,1,0,1,0,1,1,0,0,1,0,0,0,0,0,1,1,1,1,0,0,1,1,1,0,0,1,0,1,0,1,0,1,1,0,0,0,0,1,0,1,1,0,1,0,0,1,1,0,0,0,1,0,1,1,0,0,0,0,0,0,0,1,1,1,0,0,0,0,0,0,1,0,0,0,1,0,1,0,0,1,0,0,1,0,1,0,0,1,0,0,0,0,0,0,1,1,0,1,1,1,0,0,0,0,0,0,1,0,0,0,1,0,0,0,1,1,0,1,1,1,0,0,0,0,0,0,0,0,0,0,0,1,0,0,1,0,1,0,0,0,1,1,1,0,0,0,1,0,0,0,0,0,0,0,0,0,1,0,0,1,0,0,1,0,0,0,0,0,0,1,1,1,0,0,0,1,1,0,0,1,0,0,1,1,0,0,0,1,0,0,0,1,0,1,1,1,0,0,0,0,0,0,1,0,0,1,0,0,1,0,0,0,0,0,1,0,1,0,0,0
0,1,0,1,0,1,1,0,0,0,0,0,0,0,0,1,1,1,1,0,0,1,1,1,0,0,1,0,1,0,1,0,0,1,0,0,0,0,1,0,0,1,0,1,0,0,0,1,0,0,0,1,0,1,1,0,0,0,0,0,0,0,1,1,1,0,0,0,0,0,0,1,0,0,0,1,0,1,0,0,1,0,0,1,0,1,0,0,1,0,0,0,0,0,0,1,1,0,0,1,0,0,0,0,0,0,0,1,0,0,0,1,0,0,0,1,1,0,1,0,1,0,0,0,0,0,0,0,0,0,0,0,1,0,0,1,0,0,0,0,0,1,0,1,0,0,0,1,0,0,0,0,0,0,0,0,0,1,0,0,1,0,0,1,0,0,0,0,0,0,1,1,1,0,0,0,1,1,0,0,1,0,0,1,1,0,0,0,1,0,0,0,1,0,1,1,1,0,0,0,0,0,0,1,0,0,1,0,0,1,0,0,0,0,0,1,0,1,0,0,0
0,1,0,1,0,1,1,1,0,0,0,0,0,0,0,1,1,1,1,0,0,1,1,1,0,0,1,0,1,0,1,0,0,1,0,0,0,0,1,1,0,1,0,1,0,0,0,1,1,0,0,1,0,1,1,0,0,1,1,0,0,0,1,1,1,0,0,0,1,0,0,1,0,0,0,1,0,1,0,0,1,0,0,1,0,1,0,0,1,0,1,0,0,0,0,1,1,1,0,1,0,0,0,0,0,0,0,1,0,0,0,1,1,1,0,1,1,1,1,0,1,0,0,1,0,0,0,1,1,0,0,0,1,0,1,1,1,0,0,1,0,1,0,1,0,1,1,1,0,0,0,0,0,1,0,0,0,1,1,1,1,0,0,1,0,1,1,0,1,1,1,1,1,1,0,1,1,1,0,0,1,1,0,1,1,0,1,0,1,1,0,0,1,0,1,1,0,1,0,0,0,0,0,1,0,0,1,0,0,1,1,0,0,0,0,0,0,1,1,0,0
0,1,0,1,0,1,1,1,0,1,0,0,0,0,0,1,1,1,1,0,0,1,1,1,0,0,1,0,1,0,1,0,1,1,0,0,0,0,1,1,1,1,0,1,0,0,1,1,1,0,0,1,0,1,1,0,0,1,1,0,0,0,1,1,1,0,0,0,1,0,0,1,0,0,0,1,0,1,0,0,1,0,0,1,0,1,0,0,1,0,1,0,0,0,0,1,1,1,1,1,1,0,0,0,0,0,0,1,0,0,0,1,1,1,0,1,1,1,1,1,1,0,0,1,0,0,0,1,1,0,0,0,1,0,1,1,1,1,0,1,0,1,1,1,0,1,1,1,0,0,0,0,0,1,0,0,0,1,1,1,1,0,0,1,0,1,1,0,1,1,1,1,1,1,0,1,1,1,0,0,1,1,0,1,1,0,1,0,1,1,0,0,1,0,1,1,0,1,0,0,0,0,0,1,0,0,1,0,0,1,1,0,0,0,0,0,0,1,1,0,0
0,1,0,1,0,1,1,1,0,0,0,0,0,0,0,1,1,1,1,0,0,1,1,1,0,0,1,0,1,0,1,0,0,1,0,0,0,0,1,1,0,1,0,1,0,0,0,1,1,0,0,1,0,1,1,0,0,1,1,0,0,0,1,1,1,0,0,0,1,0,0,1,0,0,0,1,0,1,0,0,1,0,0,1,0,1,0,0,1,0,1,0,0,0,0,1,1,1,0,1,0,0,0,0,0,0,0,1,0,0,0,1,1,1,0,1,1,1,1,0,1,0,0,1,0,0,0,1,1,0,0,0,1,0,1,1,1,0,0,1,0,1,0,1,0,1,1,1,0,0,0,0,0,1,0,0,0,1,1,1,1,0,0,1,0,1,1,0,1,1,1,1,1,1,0,1,1,1,0,0,1,1,0,1,1,0,1,0,1,1,0,0,1,0,1,1,1,1,0,0,0,0,0,1,0,0,1,0,0,1,1,0,0,0,0,1,0,1,1,0,0
0,1,0,1,0,1,1,1,0,0,0,0,0,0,0,1,1,1,1,0,0,1,1,1,0,0,1,0,1,0,1,0,0,1,0,0,0,0,1,1,0,1,0,1,0,0,0,1,1,0,0,1,0,1,1,0,0,1,1,0,0,0,1,1,1,0,0,0,1,0,0,1,0,0,0,1,0,1,0,0,1,0,0,1,0,1,0,0,1,0,1,0,0,0,0,1,1,1,0,1,0,0,0,0,0,0,0,1,0,0,0,1,1,1,0,1,1,1,1,0,1,0,0,1,0,0,0,1,1,0,0,0,1,0,1,1,1,0,0,1,0,1,0,1,0,1,1,1,0,0,0,0,0,1,0,0,0,1,1,1,1,0,0,1,0,1,1,0,1,1,1,1,1,1,0,1,1,1,0,0,1,1,0,1,1,0,1,0,1,1,0,0,1,0,1,1,0,1,0,0,0,0,0,1,0,0,1,0,0,1,1,0,0,0,0,0,0,1,1,0,0
1,1,1,1,1,0,0,0,0,0,0,0,0,0,0,1,1,1,1,1,1,1,1,1,1,1,1,1,1,1,0,0,0,1,0,0,0,0,1,0,0,1,0,0,1,1,0,1,0,0,0,0,0,1,1,0,0,0,0,1,1,1,0,1,1,1,0,1,0,0,1,0,1,0,0,1,0,0,0,1,0,0,0,1,0,0,0,1,1,1,0,1,0,0,0,0,1,0,0,1,0,1,0,0,1,1,1,0,0,1,1,1,0,0,0,1,1,0,1,0,0,1,0,0,0,0,0,0,0,0,1,1,0,0,0,1,0,0,1,0,0,0,0,1,1,0,0,1,0,0,0,0,0,0,0,1,0,0,0,0,1,0,0,1,0,0,0,0,0,0,1,0,0,0,0,0,1,1,0,0,1,0,0,0,0,0,0,0,0,0,0,0,0,0,0,1,1,0,0,0,0,0,0,0,0,0,0,0,0,0,0,1,0,0,0,0,0,0,0,1,0
1,1,1,1,1,0,0,0,1,0,0,0,0,0,0,1,1,1,1,1,1,1,1,1,1,1,1,1,1,1,0,1,0,1,0,0,0,0,1,0,0,1,0,0,1,1,0,1,0,0,0,0,0,1,1,0,0,0,0,1,1,1,0,1,1,1,0,1,0,0,1,0,1,0,0,1,0,0,0,1,0,0,0,1,0,0,0,1,1,1,0,1,0,0,0,0,1,0,0,1,0,1,0,0,1,1,1,0,0,1,1,1,0,0,0,1,1,0,1,0,0,1,0,0,0,0,0,0,0,0,1,1,0,0,0,1,0,0,1,0,0,0,0,1,1,0,0,1,0,0,0,0,0,0,0,1,0,0,0,0,1,0,0,1,0,0,0,0,0,0,1,0,0,0,0,0,1,1,0,0,1,0,0,0,0,0,0,0,0,0,0,0,0,0,0,1,1,0,0,0,0,0,0,0,0,0,0,0,0,0,0,1,0,0,0,0,0,0,0,1,0
0,1,0,0,0,1,1,0,0,0,0,0,0,0,0,1,1,1,1,0,1,1,0,1,0,1,1,1,1,1,1,0,0,0,0,0,0,0,0,1,0,1,1,1,0,1,0,1,1,1,1,1,0,1,0,0,1,1,1,0,0,1,1,0,0,1,1,1,1,0,1,1,0,1,1,0,0,0,1,1,1,1,1,1,0,0,1,1,1,1,1,1,0,0,1,1,1,1,0,1,0,1,0,1,1,0,1,1,0,1,1,1,1,1,0,1,1,1,1,0,1,1,0,1,0,0,0,1,1,1,1,1,1,0,1,1,1,0,0,1,0,1,0,1,0,1,1,1,0,0,1,0,0,1,1,0,1,1,1,1,1,0,1,1,0,1,0,1,1,1,0,0,0,1,0,1,1,1,0,0,1,1,0,1,1,0,1,1,1,1,1,0,1,1,0,1,1,1,1,1,1,0,0,1,1,0,1,1,0,0,1,0,0,0,1,0,0,0,1,0,0
1,1,1,1,1,0,0,0,0,0,0,0,0,0,0,1,1,1,1,1,1,1,1,1,1,1,1,1,1,1,0,0,0,1,0,0,0,0,1,0,0,1,0,0,1,1,0,1,0,0,0,0,0,1,1,0,0,0,0,1,1,1,0,1,1,1,0,1,0,0,1,0,1,0,0,1,0,0,0,1,0,0,0,1,0,0,0,1,1,1,0,1,0,0,0,0,1,0,0,1,0,1,0,0,1,1,1,0,0,1,1,1,0,0,0,1,1,0,1,0,0,1,0,0,0,0,0,0,0,0,1,1,0,0,0,1,0,0,1,0,0,0,0,1,1,0,0,1,0,0,0,0,0,0,0,1,0,0,0,0,1,0,0,1,0,0,0,0,0,0,1,0,0,0,0,0,1,1,0,0,1,0,0,0,0,0,0,0,0,0,0,0,0,0,0,1,1,0,0,0,0,0,0,0,0,0,0,0,0,0,0,1,0,0,0,0,0,0,0,1,0
0,1,0,0,0,1,1,0,0,0,0,0,0,0,0,1,1,1,1,0,1,1,0,1,0,1,1,1,1,1,1,0,0,0,0,0,0,0,0,1,0,1,1,1,0,1,0,1,1,1,1,1,0,1,0,0,1,1,1,0,0,1,1,0,0,1,1,1,1,0,1,1,0,1,1,0,0,0,1,1,1,1,1,1,0,0,1,1,1,1,1,1,0,0,1,1,1,1,0,1,0,1,0,1,1,0,1,1,0,1,1,1,1,1,0,1,1,1,1,0,1,1,0,1,0,0,0,1,1,1,1,1,1,0,1,1,1,0,0,1,0,1,0,1,0,1,1,1,0,0,1,0,0,1,1,0,1,1,1,1,1,0,1,1,0,1,0,1,1,1,0,0,0,1,0,1,1,1,0,0,1,1,0,1,1,0,1,1,1,1,1,0,1,1,0,1,1,1,1,1,1,0,0,1,1,0,1,1,0,0,1,0,0,0,1,0,0,0,1,0,0
0,1,0,0,0,1,1,0,0,0,0,0,0,0,0,1,1,1,1,0,1,1,0,1,0,1,1,1,1,1,1,0,0,0,0,0,0,0,0,1,0,1,1,1,0,1,0,1,1,1,1,1,0,1,0,0,1,1,1,0,0,1,1,0,0,1,1,1,1,0,1,1,0,1,1,0,0,0,1,1,1,1,1,1,0,0,1,1,1,1,1,1,0,0,1,1,1,1,0,1,0,1,0,1,1,0,1,1,0,1,1,1,1,1,0,1,1,1,1,0,1,1,0,1,0,0,0,1,1,1,1,1,1,0,1,1,1,0,0,1,0,1,0,1,0,1,1,1,0,0,1,0,0,1,1,0,1,1,1,1,1,0,1,1,0,1,0,1,1,1,0,0,0,1,0,1,1,1,0,0,1,1,0,1,1,0,1,1,1,1,1,0,1,1,0,1,1,1,1,1,1,0,0,1,1,0,1,1,0,0,1,0,0,0,1,0,0,0,1,0,0
0,1,0,0,0,1,1,0,0,0,0,0,0,0,0,1,1,1,1,0,1,1,0,1,0,1,1,1,1,1,1,0,0,0,0,0,0,0,0,1,0,1,1,1,0,1,0,1,1,1,1,1,0,1,0,0,1,1,1,0,0,1,1,0,0,1,1,1,1,0,1,1,0,1,1,0,0,0,1,1,1,1,1,1,0,0,1,1,1,1,1,1,0,0,1,1,1,1,0,1,0,1,0,1,1,0,1,1,0,1,1,1,1,1,0,1,1,1,1,0,1,1,0,1,0,0,0,1,1,1,1,1,1,0,1,1,1,0,0,1,0,1,0,1,0,1,1,1,0,0,1,0,0,1,1,0,1,1,1,1,1,0,1,1,0,1,0,1,1,1,0,0,0,1,0,1,1,1,0,0,1,1,0,1,1,0,1,1,1,1,1,0,1,1,0,1,1,1,1,1,1,0,0,1,1,0,1,1,0,0,1,0,0,0,1,0,0,0,1,0,0
0,1,0,0,0,1,1,0,0,0,0,0,0,0,0,1,1,1,1,0,1,1,0,1,0,1,1,1,1,1,1,0,0,0,0,0,0,0,0,1,0,1,1,1,0,1,0,1,1,1,1,1,0,1,0,0,1,1,1,0,0,1,1,0,0,1,1,1,1,0,1,1,0,1,1,0,0,0,1,1,1,1,1,1,0,0,1,1,1,1,1,1,0,0,1,1,1,1,0,1,0,1,0,1,1,0,1,1,0,1,1,1,1,1,0,1,1,1,1,0,1,1,0,1,0,0,0,1,1,1,1,1,1,0,1,1,1,0,0,1,0,1,0,1,0,1,1,1,0,0,1,0,0,1,1,0,1,1,1,1,1,0,1,1,0,1,0,1,1,1,0,0,0,1,0,1,1,1,0,0,1,1,0,1,1,0,1,1,1,1,1,0,1,1,0,1,1,1,1,1,1,0,0,1,1,0,1,1,0,1,1,0,0,0,1,0,0,1,1,0,0
0,1,0,0,0,1,1,0,0,0,0,0,0,0,0,1,1,1,1,0,1,1,0,1,0,1,1,1,1,1,1,0,0,0,0,0,0,0,0,1,0,1,1,1,0,1,0,1,1,1,1,1,0,1,0,0,1,1,1,0,0,1,1,0,0,1,1,1,1,0,1,1,0,1,1,0,0,0,1,1,1,1,1,1,0,0,1,1,1,1,1,1,0,0,1,1,1,1,0,1,0,1,0,1,1,0,1,1,0,1,1,1,1,1,0,1,1,1,1,0,1,1,0,1,0,0,0,1,1,1,1,1,1,0,1,1,1,0,0,1,0,1,0,1,0,1,1,1,0,0,1,0,0,1,1,0,1,1,1,1,1,0,1,1,0,1,0,1,1,1,0,0,0,1,0,1,1,1,0,0,1,1,0,1,1,0,1,1,1,1,1,0,1,1,0,1,1,1,1,1,1,0,0,1,1,0,1,1,0,0,1,0,0,0,1,1,0,0,1,0,0
0,1,0,0,0,1,1,0,0,0,0,0,0,0,0,1,1,1,1,0,1,1,0,1,0,1,1,1,1,1,1,0,0,0,0,0,0,0,0,1,0,1,1,1,0,1,0,1,1,1,1,1,0,1,0,0,1,1,1,0,0,1,1,0,0,1,1,1,1,0,1,1,0,1,1,0,0,0,1,1,1,1,1,1,0,0,1,1,1,1,1,1,0,0,1,1,1,1,0,1,0,1,0,1,1,0,1,1,0,1,1,1,1,1,0,1,1,1,1,0,1,1,0,1,0,0,0,1,1,1,1,1,1,0,1,1,1,0,0,1,0,1,0,1,0,1,1,1,0,0,1,0,0,1,1,0,1,1,1,1,1,0,1,1,0,1,0,1,1,1,0,0,0,1,0,1,1,1,0,0,1,1,0,1,1,0,1,1,1,1,1,0,1,1,0,1,1,1,1,1,1,0,0,1,1,0,1,1,0,0,1,0,0,1,1,0,0,0,1,0,0
0,1,0,0,0,1,1,0,0,0,0,0,0,0,0,1,1,1,1,0,1,1,0,1,0,1,1,1,1,1,1,0,0,0,0,0,0,0,0,1,0,1,1,1,0,1,0,1,1,1,1,1,0,1,0,0,1,1,1,0,0,1,1,0,0,1,1,1,1,0,1,1,0,1,1,0,0,0,1,1,1,1,1,1,0,0,1,1,1,1,1,1,0,0,1,1,1,1,0,1,0,1,0,1,1,0,1,1,0,1,1,1,1,1,0,1,1,1,1,0,1,1,0,1,0,0,0,1,1,1,1,1,1,0,1,1,1,0,0,1,0,1,0,1,0,1,1,1,0,0,1,0,0,1,1,0,1,1,1,1,1,0,1,1,0,1,0,1,1,1,0,0,0,1,0,1,1,1,0,0,1,1,0,1,1,0,1,1,1,1,1,0,1,1,0,1,1,1,1,1,1,0,0,1,1,0,1,1,0,0,1,0,0,0,1,0,0,0,1,0,0
0,1,0,0,0,1,1,0,0,0,0,0,0,0,0,1,1,1,1,0,1,1,0,1,0,1,1,1,1,1,1,0,0,0,0,0,0,0,0,1,0,1,1,1,0,1,0,1,1,1,1,1,0,1,0,0,1,1,1,0,0,1,1,0,0,1,1,1,1,0,1,1,0,1,1,0,0,0,1,1,1,1,1,1,0,0,1,1,1,1,1,1,0,0,1,1,1,1,0,1,0,1,0,1,1,0,1,1,0,1,1,1,1,1,0,1,1,1,1,0,1,1,0,1,0,0,0,1,1,1,1,1,1,0,1,1,1,0,0,1,0,1,0,1,0,1,1,1,0,0,1,0,0,1,1,0,1,1,1,1,1,0,1,1,0,1,0,1,1,1,0,0,0,1,0,1,1,1,0,0,1,1,0,1,1,0,1,1,1,1,1,0,1,1,0,1,1,1,1,1,1,0,0,1,1,0,1,1,0,0,1,0,0,0,1,0,0,0,1,0,0
0,1,0,0,0,1,1,0,0,0,0,0,0,0,0,1,1,1,1,0,1,1,0,1,0,1,1,1,1,1,1,0,0,0,0,0,0,0,0,1,0,1,1,1,0,1,0,1,1,1,1,1,0,1,0,0,1,1,1,0,0,1,1,0,0,1,1,1,1,0,1,1,0,1,1,0,0,0,1,1,1,1,1,1,0,0,1,1,1,1,1,1,0,0,1,1,1,1,0,1,0,1,0,1,1,0,1,1,0,1,1,1,1,1,0,1,1,1,1,0,1,1,0,1,0,0,0,1,1,1,1,1,1,0,1,1,1,0,0,1,0,1,0,1,0,1,1,1,0,0,1,0,0,1,1,0,1,1,1,1,1,0,1,1,0,1,0,1,1,1,0,0,0,1,0,1,1,1,0,0,1,1,0,1,1,0,1,1,1,1,1,0,1,1,0,1,1,1,1,1,1,0,0,1,1,0,1,1,0,0,1,0,0,0,1,0,0,0,1,0,0
0,1,0,1,0,1,1,1,0,0,0,0,0,0,0,1,1,1,1,0,1,1,0,1,0,1,1,1,1,1,1,0,0,0,0,0,0,0,1,1,0,1,1,1,0,1,0,1,1,1,1,1,0,1,1,0,1,1,1,0,0,1,1,0,0,1,1,1,1,0,1,1,0,1,1,1,0,0,1,1,1,1,1,1,0,0,1,1,1,1,1,1,0,0,1,1,1,1,0,1,0,1,0,1,1,0,1,1,0,1,1,1,1,1,0,1,1,1,1,0,1,1,0,1,0,0,0,1,1,1,1,1,1,0,1,1,1,0,0,1,0,1,0,1,0,1,1,1,0,0,1,0,0,1,1,0,1,1,1,1,1,0,1,1,0,1,0,1,1,1,0,0,0,1,0,1,1,1,0,0,1,1,0,1,1,0,1,1,1,1,1,0,1,1,0,1,1,1,1,1,1,0,0,1,1,0,1,1,0,0,1,0,0,0,1,0,0,0,1,0,0
0,1,0,1,0,1,1,1,0,0,0,0,0,0,0,1,1,1,1,0,1,1,0,1,0,1,1,1,1,1,1,0,0,0,0,0,0,0,1,1,0,1,1,1,0,1,0,1,1,1,1,1,0,1,1,0,1,1,1,0,0,1,1,0,0,1,1,1,1,0,1,1,0,1,1,1,0,0,1,1,1,1,1,1,0,0,1,1,1,1,1,1,0,0,1,1,1,1,0,1,0,1,0,1,1,0,1,1,0,1,1,1,1,1,0,1,1,1,1,0,1,1,0,1,0,0,0,1,1,1,1,1,1,0,1,1,1,0,0,1,0,1,0,1,0,1,1,1,0,0,1,0,0,1,1,0,1,1,1,1,1,0,1,1,0,1,0,1,1,1,0,0,0,1,0,1,1,1,0,0,1,1,0,1,1,0,1,1,1,1,1,0,1,1,0,1,1,1,1,1,1,0,0,1,1,0,1,1,0,0,1,0,0,0,1,0,0,0,1,0,0
0,1,0,1,0,1,0,0,0,0,0,0,0,0,0,0,0,1,1,0,0,1,1,0,0,0,1,0,1,0,1,0,0,1,0,0,0,0,1,0,0,1,0,1,0,0,0,1,0,0,0,1,0,1,1,0,0,0,0,0,0,0,1,1,1,0,0,0,0,0,0,1,0,0,0,1,0,1,0,0,1,0,0,1,0,1,0,0,1,0,0,0,0,0,0,0,1,0,0,1,0,0,0,0,0,0,0,1,0,0,0,1,0,0,0,1,1,0,1,0,0,0,0,0,0,0,0,0,0,0,0,0,1,0,0,1,0,0,0,0,0,1,0,1,0,0,0,1,0,0,0,0,0,0,0,0,0,0,0,0,1,0,0,1,0,0,0,0,0,0,1,1,0,0,0,0,1,1,0,0,1,0,0,0,0,0,0,0,1,0,0,0,1,0,0,1,0,0,0,0,0,0,0,1,0,0,0,0,0,0,0,0,0,0,0,0,0,0,0,0,0
0,1,0,1,0,1,1,0,0,0,0,0,0,0,0,0,0,1,1,0,0,1,1,0,0,0,1,0,1,0,1,0,0,1,1,0,0,0,1,1,0,1,0,1,0,0,0,1,0,0,0,1,0,1,1,0,0,1,1,0,0,0,1,1,1,0,0,0,0,1,0,1,0,0,0,1,0,1,0,0,1,0,0,1,0,1,0,0,1,0,0,0,0,0,0,0,1,1,0,1,0,0,0,0,0,0,0,1,0,0,0,1,1,1,0,1,1,1,1,0,0,0,0,0,0,0,0,1,1,0,0,0,1,0,0,1,0,0,0,0,0,1,0,1,0,0,1,1,0,0,0,0,1,1,0,0,0,0,0,0,1,0,0,1,0,1,0,0,1,0,1,1,0,1,0,1,1,1,0,0,1,0,1,0,0,0,1,0,1,1,0,0,1,0,0,1,0,0,0,0,0,0,0,1,0,0,0,1,0,0,0,0,0,0,1,0,0,0,0,0,0
0,1,0,1,0,1,1,0,0,0,0,0,0,0,0,0,0,1,1,0,0,1,1,0,0,0,1,0,1,0,1,0,0,1,1,0,0,0,1,1,0,1,0,1,0,0,0,1,0,0,0,1,0,1,1,0,0,1,1,0,0,0,1,1,1,0,0,0,0,1,0,1,0,0,0,1,0,1,0,0,1,0,0,1,0,1,0,0,1,0,0,0,0,0,0,0,1,1,0,1,0,0,0,0,0,0,0,1,0,0,0,1,1,1,0,1,1,1,1,0,0,0,0,0,0,0,0,1,1,0,0,0,1,0,0,1,0,0,0,0,0,1,0,1,0,0,1,1,0,0,0,0,1,1,0,0,0,0,0,0,1,0,0,1,0,1,0,0,1,0,1,1,0,1,0,1,1,1,0,0,1,0,1,0,0,0,1,0,1,1,0,0,1,0,0,1,0,0,0,0,0,0,0,1,0,0,0,1,0,0,0,0,0,0,1,0,0,0,0,0,0
0,1,0,1,0,1,1,0,0,0,0,0,0,0,0,0,0,1,1,0,0,1,1,0,0,0,1,0,1,0,1,0,0,1,1,0,0,0,1,1,0,1,0,1,0,0,0,1,0,0,0,1,0,1,1,0,0,1,1,0,0,0,1,1,1,0,0,0,0,1,0,1,0,0,0,1,0,1,0,0,1,0,0,1,0,1,0,0,1,0,0,0,0,0,0,0,1,1,0,1,0,0,0,0,0,0,0,1,0,0,0,1,1,1,1,1,1,1,1,0,0,0,0,0,0,1,0,1,1,0,0,0,1,0,0,1,0,0,0,0,0,1,0,1,0,0,1,1,0,0,0,0,1,1,0,0,0,0,0,0,1,0,0,1,0,1,0,0,1,0,1,1,0,1,0,1,1,1,0,0,1,0,1,0,0,0,1,0,1,1,0,1,1,1,0,1,0,1,1,0,0,1,0,1,1,0,0,1,1,0,0,0,1,0,1,0,1,0,0,0,1
0,1,0,1,0,1,1,0,0,0,0,0,0,0,0,0,0,1,1,0,0,1,1,0,0,0,1,0,1,0,1,0,0,1,1,0,0,0,1,1,0,1,0,1,0,0,0,1,0,0,0,1,0,1,1,0,0,1,1,0,0,0,1,1,1,0,0,0,0,1,0,1,0,0,0,1,0,1,0,0,1,0,0,1,0,1,0,0,1,0,0,0,0,0,0,0,1,1,0,1,0,0,0,0,0,0,0,1,0,0,0,1,1,1,1,1,1,1,1,0,0,0,0,0,0,1,0,1,1,0,0,0,1,0,0,1,0,0,0,0,0,1,0,1,0,0,1,1,0,0,0,0,1,1,0,0,0,0,0,0,1,0,0,1,0,1,0,0,1,0,1,1,0,1,0,1,1,1,0,0,1,0,1,0,0,0,1,0,1,1,0,1,1,1,0,1,0,1,1,0,0,1,0,1,1,0,0,1,1,0,0,0,1,0,1,0,1,0,0,0,1
0,1,0,1,0,1,1,0,0,0,0,0,0,0,0,0,0,1,1,0,0,1,1,0,0,0,1,0,1,0,1,0,0,1,1,0,0,0,1,1,0,1,0,1,0,0,0,1,1,0,0,1,0,1,1,0,0,1,1,0,0,0,1,1,1,0,0,0,1,1,0,1,0,0,0,1,0,1,0,0,1,0,0,1,0,1,0,0,1,0,1,0,0,0,0,0,1,1,0,1,0,0,0,0,0,0,0,1,0,0,0,1,1,1,1,1,1,1,1,0,0,0,0,1,0,1,0,1,1,0,0,0,1,0,0,1,1,0,0,1,0,1,0,1,0,1,1,1,0,0,0,0,1,1,0,0,0,0,0,1,1,1,0,1,0,1,0,0,1,0,1,1,0,1,0,1,1,1,0,1,1,1,1,0,0,0,1,0,1,1,0,1,1,1,0,1,0,1,1,0,0,1,0,1,1,0,0,1,1,0,0,0,1,0,1,0,1,0,0,0,1
0,1,0,1,0,1,1,0,0,0,0,0,0,0,0,0,0,1,1,0,0,1,1,0,0,0,1,0,1,0,1,0,0,1,1,0,0,0,1,1,0,1,0,1,0,0,0,1,1,0,0,1,0,1,1,0,0,1,1,0,0,0,1,1,1,0,0,0,1,1,0,1,0,0,0,1,0,1,0,0,1,0,0,1,0,1,0,0,1,0,1,0,0,0,0,0,1,1,0,1,0,0,0,0,0,0,0,1,0,0,0,1,1,1,1,1,1,1,1,0,0,0,0,1,0,1,0,1,1,0,0,0,1,0,0,1,1,0,0,1,0,1,0,1,0,1,1,1,0,0,0,0,1,1,0,0,0,0,0,1,1,1,0,1,0,1,0,0,1,0,1,1,0,1,0,1,1,1,0,1,1,1,1,0,0,0,1,0,1,1,0,1,1,1,0,1,0,1,1,0,0,1,0,1,1,0,0,1,1,0,0,0,1,0,1,0,1,0,0,0,1
0,1,0,1,0,1,1,0,0,0,0,0,0,0,0,0,0,1,1,0,0,1,1,0,0,0,1,0,1,0,1,0,0,1,0,0,0,0,1,1,0,1,0,1,0,0,0,1,1,0,0,1,0,1,1,0,0,1,1,0,0,0,1,1,1,0,0,0,1,0,0,1,0,0,0,1,0,1,0,0,1,0,0,1,0,1,0,0,1,0,1,0,0,0,0,0,1,1,0,1,0,0,0,0,0,0,0,1,0,0,0,1,1,1,1,1,1,1,1,0,0,0,0,1,0,1,0,1,1,0,0,0,1,0,0,1,1,0,0,1,0,1,0,1,0,1,1,1,0,0,0,0,0,1,0,0,0,0,0,1,1,1,0,1,0,1,0,0,1,0,1,1,0,1,0,1,1,1,0,1,1,1,0,0,0,0,1,0,1,1,0,1,1,1,0,1,0,1,1,0,0,1,0,1,1,0,0,1,1,0,0,0,1,0,1,0,1,0,0,0,1
0,1,0,1,0,1,1,0,0,0,0,0,0,0,0,0,0,1,1,0,0,1,1,0,0,0,1,0,1,0,1,0,0,1,0,0,0,0,1,1,0,1,0,1,0,0,0,1,1,0,0,1,0,1,1,0,0,1,1,0,0,0,1,1,1,0,0,0,1,0,0,1,0,0,0,1,0,1,0,0,1,0,0,1,0,1,0,0,1,0,1,0,0,0,0,0,1,1,0,1,0,0,0,0,0,0,0,1,0,0,0,1,1,1,1,1,1,1,1,0,0,0,0,1,0,1,0,1,1,0,0,0,1,0,0,1,1,0,0,1,0,1,0,1,0,1,1,1,0,0,0,0,0,1,0,0,0,0,0,1,1,1,0,1,0,1,0,0,1,0,1,1,0,1,0,1,1,1,0,1,1,1,0,0,0,0,1,0,1,1,0,1,1,1,0,1,0,1,1,0,0,1,0,1,1,0,0,1,1,0,0,0,1,0,1,0,1,0,0,0,1
0,1,0,1,0,1,1,0,0,0,0,0,0,0,0,0,0,1,1,0,0,1,1,0,0,0,1,0,1,0,1,0,0,1,1,0,0,0,1,1,0,1,0,1,0,0,0,1,0,0,0,1,0,1,1,0,0,1,1,0,0,0,1,1,1,0,0,0,0,1,0,1,0,0,0,1,0,1,0,0,1,0,0,1,0,1,0,0,1,0,0,0,0,0,0,0,1,1,0,1,0,0,0,0,0,0,0,0,0,0,0,1,1,1,1,1,1,1,1,0,1,0,0,0,0,1,0,1,1,0,0,0,0,0,0,1,0,0,0,0,0,0,0,1,0,0,1,1,0,0,0,0,1,1,0,0,0,0,0,0,1,0,0,1,0,1,0,0,1,0,1,1,0,1,0,1,1,1,0,0,1,0,1,1,1,0,1,0,0,1,0,0,0,0,0,0,0,0,1,0,0,0,0,0,0,0,0,1,1,0,0,0,1,0,1,0,1,0,0,0,1
0,1,0,1,0,1,1,0,0,0,0,0,0,0,0,0,0,1,1,0,0,1,1,0,0,0,1,0,1,0,1,0,0,1,1,0,0,0,1,1,0,1,0,1,0,0,0,1,1,0,0,1,0,1,1,0,0,1,1,0,0,0,1,1,1,0,0,0,1,1,0,1,0,0,0,1,0,1,0,0,1,0,0,1,0,1,0,0,1,0,1,0,0,0,0,0,1,1,0,1,0,0,0,0,0,0,0,0,0,0,0,1,1,1,1,1,1,1,1,0,1,0,0,1,0,1,0,1,1,0,0,0,0,0,0,1,1,0,0,1,0,0,0,1,0,1,1,1,0,0,0,0,1,1,0,0,0,0,0,1,1,1,0,1,0,1,0,0,1,0,1,1,0,1,0,1,1,1,0,1,1,1,1,1,1,0,1,0,0,1,0,0,0,0,0,0,0,0,1,0,0,0,0,0,0,0,0,1,1,0,0,0,1,0,1,0,1,0,0,0,1
0,1,0,1,1,1,1,0,0,0,1,0,1,1,0,1,1,1,1,0,0,1,0,0,0,1,1,0,1,0,1,0,0,1,0,0,0,0,1,0,0,1,0,1,0,0,0,1,0,0,0,0,1,1,1,0,0,1,0,0,0,0,1,1,1,1,0,0,0,0,1,1,1,0,0,1,1,1,0,1,1,0,0,1,1,1,0,1,1,1,0,1,1,1,0,1,1,0,0,1,0,1,1,1,1,1,1,1,1,1,1,1,0,0,0,1,1,0,1,0,1,1,1,0,0,0,1,0,0,0,1,0,1,1,0,1,0,0,1,0,1,1,0,1,1,0,0,1,1,0,0,0,0,0,0,0,0,1,0,0,1,0,0,1,1,0,0,0,0,0,1,1,1,0,1,0,1,1,0,0,1,0,0,1,1,1,0,0,1,0,0,0,1,0,0,1,0,0,0,0,0,0,0,1,0,0,1,0,0,1,0,1,0,0,0,0,0,1,0,1,0
0,1,0,1,1,1,1,1,0,0,1,0,1,1,0,1,1,1,1,0,0,1,0,0,0,1,1,0,1,0,1,0,0,1,0,0,0,0,1,0,0,1,0,1,0,0,0,1,0,0,0,0,1,1,1,0,0,1,0,0,0,0,1,1,1,1,0,0,0,0,1,1,1,0,0,1,1,1,0,1,1,0,0,1,1,1,0,1,1,1,0,1,1,1,0,1,1,0,0,1,0,1,1,1,1,1,1,1,1,1,1,1,0,0,0,1,1,0,1,0,1,1,1,0,0,0,1,0,0,0,1,0,1,1,0,1,0,0,1,0,1,1,0,1,1,0,0,1,1,0,0,0,0,0,0,0,0,1,0,0,1,0,0,1,1,0,0,0,0,0,1,1,1,0,1,0,1,1,0,0,1,0,0,1,1,1,0,0,1,0,0,0,1,0,0,0,0,0,0,0,0,0,0,1,0,0,0,0,0,0,0,1,0,0,0,0,0,0,0,1,0
0,1,0,1,1,1,1,0,0,0,1,0,1,1,0,1,1,1,1,0,0,1,0,0,0,1,1,0,1,0,1,0,0,1,0,0,0,0,1,0,0,1,0,1,0,0,0,1,0,0,0,0,1,1,1,0,0,1,0,0,0,0,1,1,1,1,0,0,0,0,1,1,1,0,0,1,1,1,0,1,1,0,0,1,1,1,0,1,1,1,0,1,1,1,0,1,1,0,0,1,0,1,1,1,1,1,1,1,1,1,1,1,0,0,0,1,1,0,1,0,1,1,1,0,0,0,1,0,0,0,1,0,1,1,0,1,0,0,1,0,1,1,0,1,1,0,0,1,1,0,0,0,0,0,0,0,0,1,0,0,1,0,0,1,1,0,0,0,0,0,1,1,1,0,1,0,1,1,0,0,1,0,0,1,1,1,0,0,1,0,0,0,1,0,0,0,0,0,0,0,0,0,0,1,0,0,0,0,0,0,0,1,0,0,0,0,0,0,0,1,0
0,1,0,1,1,1,1,0,0,0,1,0,1,1,0,1,1,1,1,0,0,1,0,0,0,1,1,0,1,0,1,0,0,1,0,0,0,0,1,0,0,1,0,1,0,0,0,1,0,0,0,0,1,1,1,0,0,1,0,0,0,0,1,1,1,1,0,0,0,0,1,1,1,0,0,1,1,1,0,1,1,0,0,1,1,1,0,1,1,1,0,1,1,1,0,1,1,0,0,1,0,1,1,1,1,1,1,1,1,1,1,1,0,0,0,1,1,0,1,0,1,1,1,0,0,0,1,0,0,0,1,0,1,1,0,1,0,0,1,0,1,1,0,1,1,0,0,1,1,0,0,0,0,0,0,0,0,1,0,0,1,0,0,1,1,0,0,0,0,0,1,1,1,0,1,0,1,1,0,0,1,0,0,1,1,1,0,0,1,0,0,0,1,0,0,0,0,0,0,0,0,0,0,1,0,0,0,0,0,0,0,1,0,0,0,0,0,0,0,1,0
0,1,0,1,1,1,1,0,0,0,1,0,1,1,0,1,1,1,1,0,0,1,0,0,0,1,1,0,1,0,1,0,0,1,0,0,0,0,1,0,0,1,0,1,0,0,0,1,0,0,0,1,1,1,1,0,0,1,0,0,0,0,1,1,1,1,0,0,0,0,1,1,1,0,0,1,1,1,0,1,1,0,0,1,1,1,0,1,1,1,0,1,1,1,0,1,1,0,0,1,0,1,1,1,1,1,1,1,1,1,1,1,0,0,0,1,1,0,1,0,1,1,1,0,0,0,1,0,0,0,1,0,1,1,0,1,0,0,1,0,1,1,0,1,1,0,0,1,1,0,0,0,0,0,0,0,0,1,0,0,1,0,0,1,1,0,0,0,0,0,1,1,1,0,1,0,1,1,0,0,1,0,0,1,1,1,0,0,1,0,0,0,1,0,0,1,0,0,0,0,0,0,0,1,0,0,1,0,0,1,0,1,0,0,0,0,0,1,0,1,0
0,1,0,1,1,1,1,0,0,0,1,0,1,1,0,1,1,1,1,0,0,1,0,0,0,1,1,0,1,0,1,0,0,1,0,0,0,0,1,0,0,1,0,1,0,0,0,1,0,0,0,0,1,1,1,0,0,1,0,0,0,0,1,1,1,1,0,0,0,0,1,1,1,0,0,1,1,1,0,1,1,0,0,1,1,1,0,1,1,1,0,1,1,1,0,1,1,0,0,1,0,1,1,1,1,1,1,1,1,1,1,1,0,0,0,1,1,0,1,0,1,1,1,0,0,0,1,0,0,0,1,0,1,1,0,1,0,0,1,0,1,1,0,1,1,0,0,1,1,0,0,0,0,0,0,0,0,1,0,0,1,0,0,1,1,0,0,0,0,0,1,1,1,0,1,0,1,1,0,0,1,0,0,1,1,1,0,0,1,0,0,0,1,0,0,0,0,0,0,0,0,0,0,1,0,0,0,0,0,0,0,1,0,0,0,0,0,0,0,1,0
0,1,0,1,1,1,1,0,0,0,1,0,1,1,0,1,1,1,1,0,0,1,0,0,0,1,1,0,1,0,1,0,0,1,0,0,0,0,1,0,0,1,0,1,0,0,0,1,0,0,0,0,1,1,1,0,0,1,0,0,0,0,1,1,1,1,0,0,0,0,1,1,1,0,0,1,1,1,0,1,1,0,0,1,1,1,0,1,1,1,0,1,1,1,0,1,1,0,0,1,0,1,1,1,1,1,1,1,1,1,1,1,0,0,0,1,1,0,1,0,1,1,1,0,0,0,1,0,0,0,1,0,1,1,0,1,0,0,1,0,1,1,0,1,1,0,0,1,1,0,0,0,0,0,0,0,0,1,0,0,1,0,0,1,1,0,0,0,0,0,1,1,1,0,1,0,1,1,0,0,1,0,0,1,1,1,0,0,1,0,0,0,1,0,0,1,0,0,0,0,0,0,0,1,0,0,0,0,0,0,0,1,0,0,0,0,0,0,0,1,0
0,1,0,1,1,1,1,0,0,0,1,0,1,1,0,1,1,1,0,0,0,0,0,0,0,1,1,0,0,0,1,0,0,1,0,0,0,0,1,0,0,1,0,1,0,0,0,1,0,0,0,0,1,1,1,0,0,1,0,0,0,0,1,1,1,1,0,0,0,0,1,1,1,0,0,1,1,1,0,1,1,0,0,1,1,1,0,1,1,1,0,1,1,1,0,1,1,0,0,1,0,1,1,1,1,1,1,1,1,1,1,1,0,0,0,1,1,0,1,0,1,1,1,0,0,0,1,0,0,0,1,0,1,1,0,1,0,0,1,0,1,1,0,1,1,0,0,1,1,0,0,0,0,0,0,0,0,1,0,0,1,0,0,1,1,0,0,0,0,0,1,1,1,0,1,0,1,1,0,0,1,0,0,1,1,1,0,0,1,0,0,0,1,0,0,0,0,0,0,0,0,0,0,1,0,0,0,0,0,0,0,1,0,0,0,0,0,0,0,1,0
0,1,0,1,1,1,1,0,0,0,1,0,1,1,0,1,1,1,0,0,0,0,0,0,0,1,1,0,0,0,1,0,0,1,0,0,0,0,1,0,0,1,0,1,0,0,0,1,0,0,0,1,1,1,1,0,0,1,0,0,0,0,1,1,1,1,0,0,0,0,1,1,1,0,0,1,1,1,0,1,1,0,0,1,1,1,0,1,1,1,0,1,1,1,0,1,1,0,0,1,0,1,1,1,1,1,1,1,1,1,1,1,0,0,0,1,1,0,1,0,1,1,1,0,0,0,1,0,0,0,1,0,1,1,0,1,0,0,1,0,1,1,0,1,1,0,0,1,1,0,0,0,0,0,0,0,0,1,0,0,1,0,0,1,1,0,0,0,0,0,1,1,1,0,1,0,1,1,0,0,1,0,0,1,1,1,0,0,1,0,0,0,1,0,0,0,0,0,0,0,0,0,0,1,0,0,0,0,0,0,0,1,0,0,0,0,0,0,0,1,0
0,1,0,1,1,1,1,0,0,0,1,0,1,1,0,1,1,1,0,0,0,0,0,0,0,1,1,0,0,0,1,0,0,1,0,0,0,0,1,0,0,1,0,1,0,0,0,1,0,0,0,0,1,1,1,0,0,1,0,0,0,0,1,1,1,1,0,0,0,0,1,1,1,0,0,1,1,1,0,1,1,0,0,1,1,1,0,1,1,1,0,1,1,1,0,1,1,0,0,1,0,1,1,1,1,1,1,1,1,1,1,1,0,0,0,1,1,0,1,0,1,1,1,0,0,0,1,0,0,0,1,0,1,1,0,1,0,0,1,0,1,1,0,1,1,0,0,1,1,0,0,0,0,0,0,0,0,1,0,0,1,0,0,1,1,0,0,0,0,0,1,1,1,0,1,0,1,1,0,0,1,0,0,1,1,1,0,0,1,0,0,0,1,0,0,0,0,0,0,0,0,0,0,1,0,0,0,0,0,0,0,1,0,0,0,0,0,0,0,1,0
0,1,0,1,1,1,1,0,0,0,1,0,1,1,0,1,1,1,0,0,0,0,0,0,0,1,1,0,0,0,1,0,0,1,0,0,0,0,1,0,0,1,0,1,0,0,0,1,0,0,0,0,1,1,1,0,0,1,0,0,0,0,1,1,1,1,0,0,0,0,1,1,1,0,0,1,1,1,0,1,1,0,0,1,1,1,0,1,1,1,0,1,1,1,0,1,1,0,0,1,0,1,1,1,1,1,1,1,1,1,1,1,0,0,0,1,1,0,1,0,1,1,1,0,0,0,1,0,0,0,1,0,1,1,0,1,0,0,1,0,1,1,0,1,1,0,0,1,1,0,0,0,0,0,0,0,0,1,0,0,1,0,0,1,1,0,0,0,0,0,1,1,1,0,1,0,1,1,0,0,1,0,0,1,1,1,0,0,1,0,0,0,1,0,0,0,0,0,0,0,0,0,0,1,0,0,0,0,0,0,0,1,0,0,0,0,0,0,0,1,0
1,1,0,1,1,1,1,0,0,0,1,0,1,1,0,1,1,1,0,0,0,0,0,0,0,1,1,0,0,0,1,0,0,1,0,0,0,0,1,0,0,1,0,1,0,0,0,1,0,0,0,1,1,1,1,0,0,1,0,0,0,0,1,1,1,1,0,0,0,0,1,1,1,0,0,1,1,1,0,1,1,0,0,1,1,1,0,1,1,1,0,1,1,1,0,1,1,0,0,1,0,1,1,1,1,1,1,1,1,1,1,1,0,0,0,1,1,0,1,0,1,1,1,0,0,0,1,0,0,0,1,0,1,1,0,1,0,0,1,0,1,1,0,1,1,0,0,1,1,0,0,0,0,0,0,0,0,1,0,0,1,0,0,1,1,0,0,0,0,0,1,1,1,0,1,0,1,1,0,0,1,0,0,1,1,1,0,0,1,0,0,0,1,0,0,1,0,0,0,0,0,0,0,1,0,0,0,0,0,0,0,1,0,0,0,0,0,0,0,1,0
1,1,0,1,1,1,1,0,0,0,1,0,1,1,0,1,1,1,0,0,0,0,0,0,0,1,1,0,0,0,1,0,0,1,0,0,0,0,1,0,0,1,0,1,0,0,0,1,0,0,0,1,1,1,1,0,0,1,0,0,0,0,1,1,1,1,0,0,0,0,1,1,1,0,0,1,1,1,0,1,1,0,0,1,1,1,0,1,1,1,0,1,1,1,0,1,1,0,0,1,0,1,1,1,1,1,1,1,1,1,1,1,0,0,0,1,1,0,1,0,1,1,1,0,0,0,1,0,0,0,1,0,1,1,0,1,0,0,1,0,1,1,0,1,1,0,0,1,1,0,0,0,0,0,0,0,0,1,0,0,1,0,0,1,1,0,0,0,0,0,1,1,1,0,1,0,1,1,0,0,1,0,0,1,1,1,0,0,1,0,0,0,1,0,0,1,0,0,0,0,0,0,0,1,0,0,0,0,0,0,0,1,0,0,0,0,0,0,0,1,0
1,1,0,1,1,1,1,0,0,0,1,0,1,1,0,1,1,1,0,0,0,0,0,0,0,1,1,0,0,0,1,0,0,1,0,0,0,0,1,0,0,1,0,1,0,0,0,1,0,0,0,1,1,1,1,0,0,1,0,0,0,0,1,1,1,1,0,0,0,0,1,1,1,0,0,1,1,1,0,1,1,0,0,1,1,1,0,1,1,1,0,1,1,1,0,1,1,0,0,1,0,1,1,1,1,1,1,1,1,1,1,1,0,0,0,1,1,0,1,0,1,1,1,0,0,0,1,0,0,0,1,0,1,1,0,1,0,0,1,0,1,1,0,1,1,0,0,1,1,0,0,0,0,0,0,0,0,1,0,0,1,0,0,1,1,0,0,0,0,0,1,1,1,0,1,0,1,1,0,0,1,0,0,1,1,1,0,0,1,0,0,0,1,0,0,1,0,0,0,0,0,0,0,1,0,0,0,0,0,0,0,1,0,0,0,0,0,0,0,1,0
0,1,0,1,1,1,1,0,0,0,1,0,1,1,0,1,1,1,0,0,0,0,0,0,0,1,1,0,0,0,1,0,0,1,0,0,0,0,1,0,0,1,0,1,0,0,0,1,0,0,0,1,1,1,1,0,0,1,0,0,0,0,1,1,1,1,0,0,0,0,1,1,1,0,0,1,1,1,0,1,1,0,0,1,1,1,0,1,1,1,0,1,1,1,0,1,1,0,0,1,0,1,1,1,1,1,1,1,1,1,1,1,0,0,0,1,1,0,1,0,1,1,1,0,0,0,1,0,0,0,1,0,1,1,0,1,0,0,1,0,1,1,0,1,1,0,0,1,1,0,0,0,0,0,0,0,0,1,0,0,1,0,0,1,1,0,0,0,0,0,1,1,1,0,1,0,1,1,0,0,1,0,0,1,1,1,0,0,1,0,0,0,1,0,0,1,0,0,0,0,0,0,0,1,0,0,0,0,0,0,0,1,0,0,0,0,0,0,0,1,0
0,1,0,1,1,1,1,0,0,0,1,0,1,1,0,1,1,1,0,0,0,0,0,0,0,1,1,0,0,0,1,0,0,1,0,0,0,0,1,0,0,1,0,1,0,0,0,1,0,0,0,1,1,1,1,0,0,1,0,0,0,0,1,1,1,1,0,0,0,0,1,1,1,0,0,1,1,1,0,1,1,0,0,1,1,1,0,1,1,1,0,1,1,1,0,1,1,0,0,1,0,1,1,1,1,1,1,1,1,1,1,1,0,0,0,1,1,0,1,0,1,1,1,0,0,0,1,0,0,0,1,0,1,1,0,1,0,0,1,0,1,1,0,1,1,0,0,1,1,0,0,0,0,0,0,0,0,1,0,0,1,0,0,1,1,0,0,0,0,0,1,1,1,0,1,0,1,1,0,0,1,0,0,1,1,1,0,0,1,0,0,0,1,0,0,0,0,0,0,0,0,0,0,1,0,0,0,0,0,0,0,1,0,0,0,0,0,0,0,1,0
0,1,0,1,1,1,1,0,0,0,1,0,1,1,0,1,1,1,0,0,0,0,0,0,0,1,1,0,0,0,1,0,0,1,0,0,0,0,1,0,0,1,0,1,0,0,0,1,0,0,0,1,1,1,1,0,0,1,0,0,0,0,1,1,1,1,0,0,0,0,1,1,1,0,0,1,1,1,0,1,1,0,0,1,1,1,0,1,1,1,0,1,1,1,0,1,1,0,0,1,0,1,1,1,1,1,1,1,1,1,1,1,0,0,0,1,1,0,1,0,1,1,1,0,0,0,1,0,0,0,1,0,1,1,0,1,0,0,1,0,1,1,0,1,1,0,0,1,1,0,0,0,0,0,0,0,0,1,0,0,1,0,0,1,1,0,0,0,0,0,1,1,1,0,1,0,1,1,0,0,1,0,0,1,1,1,0,0,1,0,0,0,1,0,0,0,0,0,0,0,0,0,0,1,0,0,0,0,0,0,0,1,0,0,0,0,0,0,0,1,0
0,0,0,1,1,1,1,0,0,0,1,0,1,1,0,1,1,1,0,0,0,0,0,0,0,1,1,0,0,0,1,0,0,1,0,0,0,0,1,0,0,1,0,1,0,0,0,1,0,0,0,1,1,1,1,0,0,1,0,0,0,0,1,1,1,1,0,0,0,0,1,1,1,0,0,1,1,1,0,1,1,0,0,1,1,1,0,1,1,1,0,1,1,1,0,1,1,0,0,1,0,1,1,1,1,1,1,1,1,1,1,1,0,0,0,1,1,0,1,0,1,1,1,0,0,0,1,0,0,0,1,0,1,1,0,1,0,0,1,0,1,1,0,1,1,0,0,1,1,0,0,0,0,0,0,0,0,1,0,0,1,0,0,1,1,0,0,0,0,0,1,1,1,0,1,0,1,1,0,0,1,0,0,1,1,1,0,0,1,0,0,0,1,0,0,0,0,0,0,0,0,0,0,1,0,0,0,0,0,0,0,1,0,0,0,0,0,0,0,1,0
0,1,0,1,1,1,1,0,0,0,1,0,1,1,0,1,1,1,0,0,0,0,0,0,0,1,1,0,0,0,1,0,0,1,0,0,0,0,1,0,0,1,0,1,0,0,0,1,0,0,0,1,1,1,1,0,0,1,0,0,0,0,1,1,1,1,0,0,0,0,1,1,1,0,0,1,1,1,0,1,1,0,0,1,1,1,0,1,1,1,0,1,1,1,0,1,1,0,0,1,0,1,1,1,1,1,1,1,1,1,1,1,0,0,0,1,1,0,1,0,1,1,1,0,0,0,1,0,0,0,1,0,1,1,0,1,0,0,1,0,1,1,0,1,1,0,0,1,1,0,0,0,0,0,0,0,0,1,0,0,1,0,0,1,1,0,0,0,0,0,1,1,1,0,1,0,1,1,0,0,1,0,0,1,1,1,0,0,1,0,0,0,1,0,0,0,0,0,0,0,0,0,0,1,0,0,0,0,0,0,0,1,0,0,0,0,0,0,0,1,0
1,1,0,1,0,1,1,1,0,0,0,0,0,0,0,1,1,1,1,0,0,1,1,1,0,1,1,0,1,0,1,0,0,1,1,0,0,0,1,1,0,1,0,1,1,1,0,1,1,0,0,1,0,1,1,0,0,1,1,1,1,1,0,1,1,1,0,1,1,1,1,1,1,0,0,1,0,1,0,1,1,0,0,1,0,1,0,1,1,1,1,1,0,0,0,0,1,1,0,1,0,1,0,0,1,1,1,0,0,1,1,1,1,1,1,1,1,1,1,0,1,1,0,1,0,1,0,1,1,1,1,1,0,0,0,1,1,0,1,1,0,0,0,1,1,1,1,1,0,0,0,0,1,1,0,1,0,0,0,1,1,1,0,1,0,1,0,1,1,0,1,1,1,1,0,1,1,1,0,1,1,1,1,1,1,0,1,0,0,1,1,0,0,0,0,1,1,0,1,1,1,0,0,0,0,0,0,1,1,0,0,1,1,0,1,0,1,0,0,1,1
1,1,1,1,1,1,1,1,0,0,0,0,0,0,0,1,1,1,1,1,1,1,1,1,1,1,1,1,1,1,1,0,0,1,0,0,0,0,1,1,0,1,1,1,1,1,0,1,1,0,0,1,0,1,1,0,0,1,1,1,1,1,0,1,1,1,0,1,1,0,1,1,1,0,0,1,0,1,0,1,1,0,0,1,0,1,0,1,1,1,1,1,0,0,0,0,1,1,0,1,0,1,0,0,1,1,1,0,0,1,1,1,1,1,1,1,1,1,1,0,1,1,0,1,1,1,1,1,1,1,1,1,0,0,0,1,1,0,1,1,0,0,0,1,1,1,1,1,1,0,1,1,0,1,1,1,0,0,0,1,1,1,1,1,0,1,1,1,1,0,1,1,1,1,0,1,1,1,1,1,1,1,0,1,1,0,1,0,0,1,1,0,0,0,0,1,1,0,1,1,1,0,0,0,0,0,0,1,1,0,0,1,1,0,1,0,1,0,0,1,1
1,1,1,1,1,1,1,0,0,1,0,0,0,0,0,1,1,1,1,1,1,1,1,1,1,1,1,1,1,1,1,0,1,1,0,0,0,0,1,1,1,1,0,1,1,1,1,1,1,0,0,1,0,1,1,0,0,1,1,1,1,1,1,1,1,1,0,1,1,0,1,1,1,1,1,1,0,1,0,1,1,1,1,1,0,1,0,1,1,1,1,1,0,0,1,1,1,1,1,1,1,1,0,1,1,1,1,1,0,1,1,1,1,1,0,1,1,1,1,1,1,1,0,1,0,0,0,1,1,0,1,1,1,1,0,1,1,1,1,1,0,1,1,1,1,1,1,1,0,0,0,0,0,1,0,1,0,1,0,1,1,0,0,1,0,1,0,0,1,0,1,1,1,1,0,1,1,1,0,0,1,1,0,1,1,0,1,0,1,1,0,1,1,0,1,1,1,0,0,0,0,1,0,1,0,0,0,1,0,0,0,1,0,0,1,0,0,0,0,1,0
1,1,1,1,1,1,1,0,0,1,0,0,0,0,0,1,1,1,1,1,1,1,1,1,1,1,1,1,1,1,1,0,1,1,0,0,0,0,1,1,1,1,0,1,1,1,1,1,1,0,0,1,0,1,1,0,0,1,1,1,1,1,1,1,1,1,0,1,1,0,1,1,1,1,1,1,0,1,0,1,1,1,1,1,0,1,0,1,1,1,1,1,0,0,1,1,1,1,1,1,1,1,0,1,1,1,1,1,0,1,1,1,1,1,0,1,1,1,1,1,1,1,0,1,0,0,0,1,1,0,1,1,1,1,0,1,1,1,1,1,0,1,1,1,1,1,1,1,0,0,0,0,0,1,0,1,0,1,0,1,1,0,0,1,0,1,0,0,1,0,1,1,1,1,0,1,1,1,0,0,1,1,0,1,1,0,1,0,1,1,0,1,1,0,1,1,1,0,0,0,0,1,0,1,0,0,0,1,0,0,0,1,0,0,1,0,0,0,0,1,0
1,1,1,1,1,1,1,0,0,1,0,0,0,0,0,1,1,1,1,1,1,1,1,1,1,1,1,1,1,1,1,0,1,1,0,0,0,0,1,1,1,1,0,1,1,1,1,1,1,0,0,1,0,1,1,0,0,1,1,1,1,1,1,1,1,1,0,1,1,0,1,1,1,1,1,1,0,1,0,1,1,1,1,1,0,1,0,1,1,1,1,1,0,0,1,1,1,1,1,1,1,1,0,1,1,1,1,1,0,1,1,1,1,1,0,1,1,1,1,1,1,1,0,1,0,0,0,1,1,0,1,1,1,1,0,1,1,1,1,1,0,1,1,1,1,1,1,1,0,0,0,0,0,1,0,1,0,1,0,1,1,0,0,1,0,1,0,0,1,0,1,1,1,1,0,1,1,1,0,0,1,1,0,1,1,0,1,0,1,1,0,1,1,0,1,1,1,0,0,0,0,1,0,1,0,0,0,1,0,0,0,1,0,0,1,0,0,0,0,1,0
1,1,1,1,1,1,1,0,0,1,0,0,0,0,0,1,1,1,1,1,1,1,1,1,1,1,1,1,1,1,1,0,1,1,0,0,0,0,1,1,1,1,0,1,1,1,1,1,1,0,0,1,0,1,1,0,0,1,1,1,1,1,1,1,1,1,0,1,1,0,1,1,1,1,1,1,0,1,0,1,1,1,1,1,0,1,0,1,1,1,1,1,0,0,1,1,1,1,1,1,1,1,0,1,1,1,1,1,0,1,1,1,1,1,0,1,1,1,1,1,1,1,0,1,0,0,0,1,1,0,1,1,1,1,0,1,1,1,1,1,0,1,1,1,1,1,1,1,0,0,0,0,0,1,0,1,0,1,0,1,1,0,0,1,0,1,0,0,1,0,1,1,1,1,0,1,1,1,0,0,1,1,0,1,1,0,1,0,1,1,0,1,1,0,1,1,1,0,0,0,0,1,0,1,0,0,0,1,0,0,0,1,0,0,1,0,0,0,0,1,0
1,1,1,1,1,1,1,0,0,1,0,0,0,0,0,1,1,1,1,1,1,1,1,1,1,1,1,1,1,1,1,0,1,1,0,0,0,0,1,1,1,1,0,1,1,1,1,1,1,0,0,1,0,1,1,0,0,1,1,1,1,1,1,1,1,1,0,1,1,0,1,1,1,1,1,1,0,1,0,1,1,1,1,1,0,1,0,1,1,1,1,1,0,0,1,1,1,1,1,1,1,1,0,1,1,1,1,1,0,1,1,1,1,1,0,1,1,1,1,1,1,1,0,1,0,0,0,1,1,0,1,1,1,1,0,1,1,1,1,1,0,1,1,1,1,1,1,1,0,0,0,0,0,1,0,1,0,1,0,1,1,0,0,1,0,1,0,0,1,0,1,1,1,1,0,1,1,1,0,0,1,1,0,1,1,0,1,0,1,1,0,1,1,0,1,1,1,0,0,0,0,1,0,1,0,0,0,1,0,0,0,1,0,0,1,0,0,0,0,1,0
1,1,1,1,1,1,1,0,0,1,0,0,0,0,0,1,1,1,1,1,1,1,1,1,1,1,1,1,1,1,1,0,1,1,0,0,0,0,1,1,1,1,0,1,1,1,1,1,1,0,0,1,0,1,1,0,0,1,1,1,1,1,1,1,1,1,0,1,1,0,1,1,1,1,1,1,0,1,0,1,1,1,1,1,0,1,0,1,1,1,1,1,0,0,1,1,1,1,1,1,1,1,0,1,1,1,1,1,0,1,1,1,1,1,0,1,1,1,1,1,1,1,0,1,0,0,0,1,1,0,1,1,1,1,0,1,1,1,1,1,0,1,1,1,1,1,1,1,0,0,0,0,0,1,0,1,0,1,0,1,1,0,0,1,0,1,0,0,1,0,1,1,1,1,0,1,1,1,0,0,1,1,0,1,1,0,1,0,1,1,0,1,1,0,1,1,1,0,0,0,0,1,0,1,0,0,0,1,0,0,0,1,0,0,1,0,0,0,0,1,0
0,1,1,1,1,1,1,0,0,1,0,0,0,0,0,1,1,1,1,1,1,1,1,1,1,1,1,1,1,1,1,0,1,1,0,0,0,0,1,1,1,1,0,1,1,1,1,1,1,0,0,1,0,1,1,0,0,1,1,1,1,1,1,1,1,1,0,1,1,0,1,1,1,1,1,1,0,1,0,1,1,1,1,1,0,1,0,1,1,1,1,1,0,0,1,1,1,1,1,1,1,1,0,1,1,1,1,1,0,1,1,1,1,1,0,1,1,1,1,1,1,1,0,1,0,0,1,1,1,0,1,1,1,1,0,1,1,1,1,1,0,1,1,1,1,1,1,1,1,0,0,0,0,1,0,1,0,1,0,1,1,0,0,1,0,1,0,0,1,0,1,1,1,1,0,1,1,1,0,0,1,1,0,1,1,0,1,0,1,1,0,1,1,0,1,1,1,0,0,0,0,1,0,1,0,0,0,1,0,0,0,1,0,0,1,0,0,0,0,1,0
1,1,1,1,1,1,1,0,0,0,0,0,0,0,0,1,1,1,1,1,1,1,1,1,1,1,1,1,1,1,1,0,0,1,0,0,0,0,1,1,0,1,0,1,1,1,0,1,1,0,0,1,0,1,1,0,0,1,1,1,1,1,1,1,1,1,0,1,1,0,1,1,1,1,1,1,0,1,0,1,1,1,1,1,0,1,0,1,1,1,1,1,0,0,1,1,1,1,0,1,0,1,0,1,1,1,1,1,0,1,1,1,1,1,0,1,1,1,1,0,1,1,0,1,0,0,0,1,1,0,1,1,1,1,0,1,1,0,1,1,0,1,0,1,1,1,1,1,0,0,0,0,0,1,0,1,0,1,0,1,1,0,0,1,0,1,0,0,1,0,1,1,1,1,0,1,1,1,0,0,1,1,0,1,1,0,1,0,1,1,0,1,1,0,1,1,1,0,0,0,0,1,0,1,0,0,0,1,0,0,0,1,0,0,1,0,0,0,0,1,0
1,1,1,1,1,1,1,0,0,0,0,0,0,0,0,1,1,1,1,1,1,1,1,1,1,1,1,1,1,1,1,0,0,1,0,0,0,0,1,1,0,1,0,1,1,1,0,1,1,0,0,1,0,1,1,0,0,1,1,1,1,1,1,1,1,1,0,1,1,0,1,1,1,1,1,1,0,1,0,1,1,1,1,1,0,1,0,1,1,1,1,1,0,0,1,1,1,1,0,1,0,1,0,1,1,1,1,1,0,1,1,1,1,1,0,1,1,1,1,0,1,1,0,1,0,0,0,1,1,0,1,1,1,1,0,1,1,0,1,1,0,1,0,1,1,1,1,1,0,0,0,0,0,1,0,1,0,1,0,1,1,0,0,1,0,1,0,0,1,0,1,1,1,1,0,1,1,1,0,0,1,1,0,1,1,0,1,0,1,1,0,1,1,0,1,1,1,0,0,0,0,1,0,1,0,0,0,1,0,0,0,1,0,0,1,0,0,0,0,1,0
1,1,1,1,1,1,1,0,0,0,0,0,0,0,0,1,1,1,1,1,1,1,1,1,1,1,1,1,1,1,1,0,0,1,0,0,0,0,1,1,0,1,0,1,1,1,0,1,1,0,0,1,0,1,1,0,0,1,1,1,1,1,1,1,1,1,0,1,1,0,1,1,1,1,1,1,0,1,0,1,1,1,1,1,0,1,0,1,1,1,1,1,0,0,1,1,1,1,0,1,0,1,0,1,1,1,1,1,0,1,1,1,1,1,0,1,1,1,1,0,1,1,0,1,0,0,0,1,1,0,1,1,1,1,0,1,1,0,1,1,0,1,0,1,1,1,1,1,0,0,0,0,0,1,0,1,0,1,0,1,1,0,0,1,0,1,0,0,1,0,1,1,1,1,0,1,1,1,0,0,1,1,0,1,1,0,1,0,1,1,0,1,1,0,1,1,1,0,0,0,0,1,0,1,0,0,0,1,0,0,0,1,0,0,1,0,0,0,0,1,0
1,1,1,1,1,1,1,0,0,0,0,0,0,0,0,1,1,1,1,1,1,1,1,1,1,1,1,1,1,1,1,0,0,1,0,0,0,0,1,1,0,1,0,1,1,1,0,1,1,0,0,1,0,1,1,0,0,1,1,1,1,1,1,1,1,1,0,1,1,0,1,1,1,1,1,1,0,1,0,1,1,1,1,1,0,1,0,1,1,1,1,1,0,0,1,1,1,1,0,1,0,1,0,1,1,1,1,1,0,1,1,1,1,1,0,1,1,1,1,0,1,1,0,1,0,0,0,1,1,0,1,1,1,1,0,1,1,0,1,1,0,1,0,1,1,1,1,1,0,0,0,0,0,1,0,1,0,1,0,1,1,0,0,1,0,1,0,0,1,0,1,1,1,1,0,1,1,1,0,0,1,1,0,1,1,0,1,0,1,1,0,1,1,0,1,1,1,0,0,0,0,1,0,1,0,0,0,1,0,0,0,1,0,0,1,0,0,0,0,1,0
1,1,1,1,1,1,1,0,0,0,0,0,0,0,0,1,1,1,1,1,1,1,1,1,1,1,1,1,1,1,1,0,0,1,0,0,0,0,1,1,0,1,0,1,1,1,0,1,1,0,0,1,0,1,1,0,0,1,1,1,1,1,1,1,1,1,0,1,1,0,1,1,1,1,1,1,0,1,0,1,1,1,1,1,0,1,0,1,1,1,1,1,0,0,1,1,1,1,0,1,0,1,0,1,1,1,1,1,0,1,1,1,1,1,0,1,1,1,1,0,1,1,0,1,0,0,0,1,1,0,1,1,1,1,0,1,1,0,1,1,0,1,0,1,1,1,1,1,0,0,0,0,0,1,0,1,0,1,0,1,1,0,0,1,0,1,0,0,1,0,1,1,1,1,0,1,1,1,0,0,1,1,0,1,1,0,1,0,1,1,0,1,1,0,1,1,1,0,0,0,0,1,0,1,0,0,0,1,0,0,0,1,0,0,1,0,0,0,0,1,0
1,1,1,1,1,1,1,0,0,0,0,0,0,0,0,1,1,1,1,1,1,1,1,1,1,1,1,1,1,1,1,0,0,1,0,0,0,0,1,1,0,1,0,1,1,1,0,1,1,0,0,1,0,1,1,0,0,1,1,1,1,1,1,1,1,1,0,1,1,0,1,1,1,1,1,1,0,1,0,1,1,1,1,1,0,1,0,1,1,1,1,1,0,0,1,1,1,1,0,1,0,1,0,1,1,1,1,1,0,1,1,1,1,1,0,1,1,1,1,0,1,1,0,1,0,0,0,1,1,0,1,1,1,1,0,1,1,0,1,1,0,1,0,1,1,1,1,1,0,0,0,0,0,1,0,1,0,1,0,1,1,0,0,1,0,1,0,0,1,0,1,1,1,1,0,1,1,1,0,0,1,1,0,1,1,0,1,0,1,1,0,1,1,0,1,1,1,0,0,0,0,1,0,1,0,0,0,1,0,0,0,1,0,0,1,0,0,0,0,1,0
1,1,1,1,1,1,1,0,0,0,0,0,0,0,0,1,1,1,1,1,1,1,1,1,1,1,1,1,1,1,1,0,0,1,0,0,0,0,1,1,0,1,0,1,1,1,0,1,1,0,0,1,0,1,1,0,0,1,1,1,1,1,1,1,1,1,0,1,1,0,1,1,1,1,1,1,0,1,0,1,1,1,1,1,0,1,0,1,1,1,1,1,0,0,1,1,1,1,0,1,0,1,0,1,1,1,1,1,0,1,1,1,1,1,0,1,1,1,1,0,1,1,0,1,0,0,1,1,1,0,1,1,1,1,0,1,1,0,1,1,0,1,0,1,1,1,1,1,1,0,0,0,0,1,0,1,0,1,0,1,1,0,0,1,0,1,0,0,1,0,1,1,1,1,0,1,1,1,0,0,1,1,0,1,1,0,1,0,1,1,0,1,1,0,1,1,1,0,0,0,0,1,0,1,0,0,0,1,0,0,0,1,0,0,1,0,0,0,0,1,0
1,1,1,1,1,1,1,1,0,0,0,0,0,0,0,1,1,1,1,1,1,1,1,1,1,1,1,1,1,1,1,0,0,1,0,0,0,0,1,1,0,1,0,1,1,1,0,1,1,0,0,1,0,1,1,0,0,1,1,1,1,1,1,1,1,1,0,1,1,0,1,1,1,1,1,1,0,1,0,1,1,1,1,1,0,1,0,1,1,1,1,1,0,0,1,1,1,1,0,1,0,1,0,1,1,1,1,1,0,1,1,1,1,1,0,1,1,1,1,0,1,1,0,1,0,0,0,1,1,0,1,1,1,1,0,1,1,0,1,1,0,1,0,1,1,1,1,1,0,0,0,0,0,1,0,1,0,1,0,1,1,0,0,1,0,1,0,0,1,0,1,1,1,1,0,1,1,1,0,0,1,1,0,1,1,0,1,1,1,1,0,1,1,0,1,1,1,1,1,0,0,1,0,1,0,0,0,1,1,0,0,1,0,0,1,0,1,0,0,1,0
1,1,1,1,1,1,1,1,0,0,0,0,0,0,0,1,1,1,1,1,1,1,1,1,1,1,1,1,1,1,1,0,0,1,0,0,0,0,1,1,0,1,0,1,1,1,0,1,1,0,0,1,0,1,1,0,0,1,1,1,1,1,1,1,1,1,0,1,1,0,1,1,1,1,1,1,0,1,0,1,1,1,1,1,0,1,0,1,1,1,1,1,0,0,1,1,1,1,0,1,0,1,0,1,1,1,1,1,0,1,1,1,1,1,0,1,1,1,1,0,1,1,0,1,0,0,0,1,1,0,1,1,1,1,0,1,1,0,1,1,0,1,0,1,1,1,1,1,0,0,0,0,0,1,0,1,0,1,0,1,1,0,0,1,0,1,0,0,1,0,1,1,1,1,0,1,1,1,0,0,1,1,0,1,1,0,1,1,1,1,0,1,1,0,1,1,1,1,1,0,0,1,0,1,0,0,0,1,1,0,0,1,0,0,1,0,1,0,0,1,0
1,1,1,1,1,1,1,1,0,0,0,0,0,0,0,1,1,1,1,1,1,1,1,1,1,1,1,1,1,1,1,0,0,1,0,0,0,0,1,1,0,1,0,1,1,1,0,1,1,0,0,1,0,1,1,0,0,1,1,1,1,1,1,1,1,1,0,1,1,0,1,1,1,1,1,1,0,1,0,1,1,1,1,1,0,1,0,1,1,1,1,1,0,0,1,1,1,1,0,1,0,1,0,1,1,1,1,1,0,1,1,1,1,1,0,1,1,1,1,0,1,1,0,1,0,0,0,1,1,0,1,1,1,1,0,1,1,0,1,1,0,1,0,1,1,1,1,1,0,0,0,0,0,1,0,1,0,1,0,1,1,0,0,1,0,1,0,0,1,0,1,1,1,1,0,1,1,1,0,0,1,1,0,1,1,0,1,1,1,1,0,1,1,0,1,1,1,1,1,0,0,1,0,1,0,0,0,1,1,0,0,1,0,0,1,0,1,0,0,1,0
1,1,1,1,1,1,1,1,0,0,0,0,0,0,0,1,1,1,1,1,1,1,1,1,1,1,1,1,1,1,1,0,0,1,0,0,0,0,1,1,0,1,0,1,1,1,0,1,1,0,0,1,0,1,1,0,0,1,1,1,1,1,1,1,1,1,0,1,1,0,1,1,1,1,1,1,0,1,0,1,1,1,1,1,0,1,0,1,1,1,1,1,0,0,1,1,1,1,0,1,0,1,0,1,1,1,1,1,0,1,1,1,1,1,0,1,1,1,1,0,1,1,0,1,0,0,0,1,1,0,1,1,1,1,0,1,1,0,1,1,0,1,0,1,1,1,1,1,0,0,0,0,0,1,0,1,0,1,0,1,1,0,0,1,0,1,0,0,1,0,1,1,1,1,0,1,1,1,0,0,1,1,0,1,1,0,1,1,1,1,0,1,1,0,1,1,1,1,1,0,0,1,0,1,0,0,0,1,1,0,0,1,0,0,1,0,1,0,0,1,0
1,1,1,1,1,1,1,1,0,0,0,0,0,0,0,1,1,1,1,1,1,1,1,1,1,1,1,1,1,1,1,0,0,1,0,0,0,0,1,1,0,1,0,1,1,1,0,1,1,0,0,1,0,1,1,0,0,1,1,1,1,1,1,1,1,1,0,1,1,0,1,1,1,1,1,1,0,1,0,1,1,1,1,1,0,1,0,1,1,1,1,1,0,0,1,1,1,1,0,1,0,1,0,1,1,1,1,1,0,1,1,1,1,1,0,1,1,1,1,0,1,1,0,1,0,0,0,1,1,0,1,1,1,1,0,1,1,0,1,1,0,1,0,1,1,1,1,1,0,0,0,0,0,1,0,1,0,1,0,1,1,0,0,1,0,1,0,0,1,0,1,1,1,1,0,1,1,1,0,0,1,1,0,1,1,0,1,1,1,1,0,1,1,0,1,1,1,1,1,0,0,1,0,1,0,0,0,1,1,0,0,1,0,0,1,0,1,0,0,1,0
1,1,1,1,1,1,1,1,0,0,0,0,0,0,0,1,1,1,1,1,1,1,1,1,1,1,1,1,1,1,1,0,0,1,0,0,0,0,1,1,0,1,0,1,1,1,0,1,1,0,0,1,0,1,1,0,0,1,1,1,1,1,1,1,1,1,0,1,1,0,1,1,1,1,1,1,0,1,0,1,1,1,1,1,0,1,0,1,1,1,1,1,0,0,1,1,1,1,0,1,0,1,0,1,1,1,1,1,0,1,1,1,1,1,0,1,1,1,1,0,1,1,0,1,0,0,0,1,1,0,1,1,1,1,0,1,1,0,1,1,0,1,0,1,1,1,1,1,0,0,0,0,0,1,0,1,0,1,0,1,1,0,0,1,0,1,0,0,1,0,1,1,1,1,0,1,1,1,0,0,1,1,0,1,1,0,1,1,1,1,0,1,1,0,1,1,1,1,1,0,0,1,0,1,0,0,0,1,1,0,0,1,0,0,1,0,1,0,0,1,0
0,1,0,0,0,1,1,1,0,0,0,0,0,0,0,1,1,1,1,0,0,1,0,0,0,1,1,0,1,0,1,0,0,0,1,0,0,0,1,1,0,1,0,1,0,0,0,1,1,0,0,1,0,1,1,0,1,1,1,0,0,0,1,0,0,1,0,0,1,1,1,1,1,1,1,1,0,0,1,1,1,1,1,1,0,0,1,1,1,1,1,1,0,0,1,1,1,1,0,1,0,1,0,1,1,0,1,1,0,1,1,1,1,1,0,1,1,1,1,0,1,1,0,1,0,0,0,1,1,0,1,0,1,1,1,1,1,0,0,1,0,1,0,1,0,1,1,1,0,0,0,0,1,1,0,0,0,1,0,1,1,0,0,1,0,1,1,0,1,1,0,0,0,1,0,1,1,1,0,0,1,1,1,1,1,0,1,0,1,1,0,1,1,0,1,1,1,1,0,0,0,1,1,1,0,0,0,1,0,0,0,1,0,0,1,0,0,0,0,1,0
0,1,0,1,1,1,1,0,0,1,0,0,0,0,0,1,1,1,1,1,1,1,0,1,0,1,1,1,1,0,1,0,1,1,1,0,0,0,1,1,1,1,0,1,1,1,1,1,0,0,0,0,0,1,1,0,0,1,1,1,1,1,0,1,1,1,0,1,0,1,1,0,1,0,1,1,0,0,0,1,0,0,1,1,0,0,0,1,1,1,0,1,0,0,0,0,1,1,1,1,1,1,0,0,1,1,1,0,0,1,1,1,1,1,0,1,1,1,1,1,0,1,0,0,1,0,0,1,1,0,1,1,0,0,0,1,0,1,1,0,0,0,1,1,1,0,1,1,0,0,0,0,1,1,0,1,0,0,0,0,1,0,0,1,0,1,0,0,1,0,1,0,0,1,0,1,1,1,1,0,1,0,1,0,0,0,1,1,0,1,0,0,0,0,0,1,1,1,0,0,0,0,0,0,0,0,0,0,0,0,0,1,0,0,0,0,0,0,0,1,0
0,0,0,1,0,1,0,0,0,0,0,0,0,0,0,1,1,0,0,0,0,0,0,0,0,1,0,0,0,0,0,0,0,0,1,0,0,0,1,0,0,1,0,0,1,1,0,1,0,1,1,0,0,1,0,0,0,0,0,0,0,1,0,0,0,1,0,1,0,0,1,0,1,0,1,1,0,0,0,1,0,1,1,1,0,0,0,1,1,1,0,1,0,0,1,0,1,0,0,1,0,1,0,1,1,0,1,0,0,1,1,1,0,0,0,1,1,0,1,0,0,1,0,0,0,0,0,0,0,0,1,1,0,0,0,1,0,0,0,0,0,0,0,1,0,0,0,1,0,0,0,0,0,0,0,0,0,0,0,0,1,0,0,1,0,0,0,0,0,0,0,0,0,0,0,0,1,1,0,0,1,0,0,0,0,0,0,0,0,0,0,0,0,0,0,0,0,0,0,0,0,0,0,0,0,0,0,0,0,0,0,0,0,0,0,0,0,0,0,0,0
1,1,1,1,1,1,1,1,0,0,0,0,0,0,0,1,1,1,1,1,1,1,1,1,1,1,1,1,1,1,1,0,0,1,0,0,0,0,1,1,0,1,0,1,1,1,0,1,1,0,0,1,0,1,1,0,0,1,1,1,1,1,1,1,1,1,0,1,1,0,1,1,1,1,1,1,0,1,0,1,1,1,1,1,0,1,0,1,1,1,1,1,0,0,1,1,1,1,0,1,0,1,0,1,1,1,1,1,0,1,1,1,1,1,0,1,1,1,1,0,1,1,0,1,0,0,1,1,1,0,1,1,1,1,0,1,1,0,1,1,0,1,0,1,1,1,1,1,1,0,0,0,0,1,0,1,0,1,0,1,1,0,0,1,0,1,0,0,1,0,1,1,1,1,0,1,1,1,0,0,1,1,0,1,1,0,1,1,1,1,0,1,1,0,1,1,1,1,1,0,0,1,0,1,0,0,0,1,1,0,0,1,0,0,1,0,1,0,0,1,0
1,1,1,0,0,1,1,1,0,0,1,1,0,0,0,0,0,1,0,0,0,1,0,0,0,0,0,0,0,0,1,0,0,0,1,1,1,0,0,1,0,0,1,1,0,0,0,0,1,0,0,1,0,0,0,0,1,0,0,0,0,0,0,0,0,0,0,0,1,1,0,1,0,1,0,0,0,0,1,0,1,0,0,0,0,0,1,0,0,0,0,0,0,0,0,0,0,0,0,0,0,0,0,0,0,0,0,1,0,0,0,0,0,0,0,0,0,0,0,0,1,0,0,0,0,0,0,1,0,0,0,0,1,0,0,0,0,0,0,1,0,0,0,0,0,0,0,0,0,0,1,0,1,1,0,0,0,0,0,0,0,0,0,0,0,1,0,1,1,0,0,0,0,0,0,0,0,0,0,0,0,1,0,1,1,0,1,0,1,1,1,0,1,0,0,1,1,1,1,1,1,0,0,1,0,1,1,0,0,0,0,0,0,1,1,1,1,1,1,0,0
1,1,1,0,0,1,1,1,0,0,1,1,0,0,0,0,0,1,0,0,0,0,0,0,0,0,0,0,0,0,1,0,0,0,1,1,1,0,0,1,0,0,1,1,0,0,0,0,1,0,0,1,0,0,0,0,1,0,0,0,0,0,0,0,0,0,0,0,1,1,0,1,0,1,0,0,0,0,1,0,1,0,0,0,0,0,1,0,0,0,0,0,0,0,0,0,0,0,0,0,0,0,0,0,0,0,0,1,0,0,0,0,0,0,0,0,0,0,0,0,1,0,0,0,0,0,0,1,0,0,0,0,1,0,0,0,0,0,0,1,0,0,0,0,0,0,0,0,0,0,1,0,1,1,0,0,0,0,0,0,0,0,0,0,0,1,0,1,1,0,0,0,0,0,0,0,0,0,0,0,0,1,1,1,1,0,1,0,1,1,0,0,1,1,0,1,1,1,1,0,0,0,0,1,1,1,1,0,0,0,0,0,0,1,0,1,0,1,0,0,0
0,1,0,1,1,1,1,1,0,0,1,0,0,1,0,1,1,1,0,0,0,0,0,0,0,1,1,0,0,0,1,0,0,1,0,0,0,0,1,1,0,1,1,1,1,1,0,1,1,0,0,1,1,1,1,1,0,1,1,1,1,1,1,1,1,1,0,1,1,0,1,1,1,0,0,1,1,1,0,1,1,0,0,1,1,1,0,1,1,1,1,1,1,1,0,0,1,1,0,1,0,1,1,0,1,1,1,1,0,1,1,1,1,1,1,1,1,1,1,0,0,1,1,1,1,1,0,1,1,0,1,0,1,0,0,1,1,0,1,1,1,0,0,1,1,1,1,1,0,0,1,1,0,1,0,1,0,0,0,1,1,1,0,1,1,1,1,0,1,0,1,1,1,1,1,1,1,1,1,1,1,1,0,0,0,1,1,1,1,1,0,1,0,1,0,0,0,0,1,0,0,1,1,0,0,0,0,1,1,0,0,1,1,0,1,0,1,0,0,1,1
0,1,0,0,0,1,1,0,0,0,0,0,0,0,0,1,1,1,0,0,0,0,0,0,0,0,0,0,0,0,1,0,0,0,0,0,0,0,0,1,0,1,1,1,0,0,0,1,1,0,0,1,0,0,0,0,0,1,1,0,0,0,1,0,0,0,0,0,1,0,0,1,0,1,0,0,0,0,0,0,1,0,0,0,0,0,0,0,0,0,1,0,0,0,0,1,0,1,0,0,0,0,0,0,0,0,0,1,0,0,0,1,1,1,0,0,0,1,0,0,1,0,0,1,0,0,0,1,1,0,0,0,1,1,0,0,1,0,0,1,0,1,0,0,0,1,1,0,0,0,1,0,0,1,1,0,0,1,0,1,0,0,1,0,0,1,0,0,1,0,0,0,0,1,0,1,1,0,0,0,0,1,0,1,1,0,1,0,1,1,0,0,1,1,0,1,0,1,0,0,0,0,0,1,1,0,0,1,0,0,0,0,0,0,1,0,0,0,0,0,0
1,1,0,1,1,1,1,0,0,1,1,0,1,1,0,1,1,1,1,0,0,1,0,0,0,1,1,0,1,0,1,0,1,0,0,0,0,0,1,1,1,1,1,1,0,0,1,1,1,0,0,1,1,1,1,0,0,1,1,0,0,0,1,0,0,0,0,0,1,0,1,1,0,0,0,1,1,0,0,1,0,0,0,1,1,1,0,1,1,1,1,0,1,1,0,0,1,1,1,1,1,1,1,1,0,0,0,0,0,1,1,1,1,1,0,1,1,1,1,1,0,0,1,1,1,0,1,1,1,0,0,0,0,0,0,1,1,1,1,1,1,0,1,1,0,1,1,1,1,0,1,1,0,1,1,0,0,0,0,1,1,0,1,1,1,1,0,0,1,0,0,1,1,1,1,1,1,1,1,0,1,1,0,0,0,0,1,0,0,1,0,0,0,0,0,0,0,0,0,0,0,0,0,0,0,0,0,0,0,0,0,0,0,0,0,0,0,0,0,0,0
0,1,0,0,0,1,1,0,0,0,1,1,0,0,0,1,1,1,1,0,0,1,0,0,0,0,1,0,0,0,1,0,0,0,0,0,1,0,0,1,0,1,0,1,0,0,0,1,1,0,0,1,0,0,0,0,0,1,1,0,0,0,1,0,0,0,0,0,1,0,0,1,0,1,0,0,0,0,0,0,1,0,0,0,0,0,0,0,1,0,1,0,0,0,0,1,0,1,0,0,0,0,0,0,0,0,0,1,0,0,0,1,1,1,0,0,0,1,1,0,1,0,0,1,0,0,0,1,1,0,0,0,1,0,0,0,1,0,0,1,0,1,0,0,0,1,1,1,0,0,0,0,0,1,0,0,0,1,0,1,1,0,0,1,0,1,0,0,1,0,0,0,0,1,0,1,1,0,0,0,0,1,0,1,1,0,1,0,1,1,0,0,1,1,0,1,0,1,1,0,0,0,0,1,1,0,1,1,1,1,0,0,0,0,1,0,1,1,0,0,0
0,1,0,0,0,1,1,0,0,0,1,1,0,0,0,0,0,1,1,0,0,1,1,0,0,0,1,0,1,0,1,0,0,0,0,0,0,0,0,1,0,0,0,1,0,0,0,0,1,0,0,1,0,0,0,0,0,1,1,1,0,0,0,0,0,0,0,0,1,0,0,1,0,1,0,0,0,0,0,0,1,0,0,0,0,0,0,0,0,0,1,0,0,0,0,1,0,1,0,0,0,0,0,0,0,0,0,1,0,0,0,0,1,1,0,0,0,1,0,0,1,0,0,1,0,0,0,1,1,0,0,0,1,0,0,0,1,0,0,1,0,1,0,0,0,1,1,0,0,0,0,0,0,1,0,0,0,1,0,1,0,0,0,0,0,1,0,0,1,0,0,0,0,1,0,1,0,0,0,0,0,1,0,1,1,0,1,0,1,1,0,0,1,1,0,1,1,1,1,0,0,0,0,1,1,0,1,1,1,1,0,0,0,0,1,0,1,1,0,0,0
0,1,0,0,0,1,1,0,0,0,1,1,0,0,0,0,0,1,1,0,0,1,1,0,0,0,1,0,1,0,1,0,0,0,0,0,0,0,0,1,0,0,0,1,0,0,0,0,1,0,0,1,0,0,0,0,0,1,1,1,0,0,0,0,0,0,0,0,1,0,0,1,0,1,0,0,0,0,0,0,1,0,0,0,0,0,0,0,0,0,1,0,0,0,0,1,0,1,0,0,0,0,0,0,0,0,0,1,0,0,0,0,1,1,0,0,0,1,0,0,1,0,0,1,0,0,0,1,1,0,0,0,1,0,0,0,1,0,0,1,0,1,0,0,0,1,1,0,0,0,0,0,0,1,0,0,0,1,0,1,0,0,0,0,0,1,0,0,1,0,0,0,0,1,0,1,0,0,0,0,0,1,0,1,1,0,1,0,1,1,0,0,1,1,0,1,1,1,1,0,0,0,0,1,1,0,1,1,1,1,0,0,0,0,1,0,1,1,0,0,0
0,1,0,1,0,1,1,0,0,0,1,1,0,0,0,1,1,1,1,0,0,1,1,1,0,1,1,0,1,1,1,0,0,1,0,0,0,0,1,1,0,0,0,1,1,1,0,0,1,0,0,1,1,1,1,1,0,1,1,1,1,1,0,0,1,1,0,1,1,0,1,1,1,1,0,1,1,0,0,1,1,0,0,1,1,0,0,1,1,1,1,1,1,1,0,1,1,1,0,1,0,1,0,0,1,0,1,1,0,1,1,0,1,1,0,1,1,1,1,0,1,1,1,1,0,0,0,1,1,0,1,1,1,0,0,1,1,0,0,1,0,1,0,1,0,1,1,1,0,0,0,0,0,1,0,0,0,1,0,1,1,0,0,1,0,1,0,0,1,0,1,0,0,1,1,1,1,1,0,0,1,1,0,1,1,1,1,0,1,1,0,0,1,1,0,1,1,1,1,0,0,0,0,1,1,0,1,1,1,1,0,1,0,0,1,1,1,1,0,1,0
0,1,0,0,0,1,1,0,0,0,1,1,0,0,0,0,0,1,1,0,0,1,1,1,0,0,1,0,1,1,1,0,0,0,0,0,0,0,0,1,0,0,0,1,0,0,0,0,1,0,0,1,0,0,0,0,0,1,1,1,0,0,0,0,0,0,0,0,1,0,0,1,0,1,0,0,0,0,0,0,1,0,0,0,0,0,0,0,0,0,1,0,0,0,0,1,0,1,0,0,0,0,0,0,0,0,0,1,0,0,0,0,1,1,0,0,0,1,0,0,1,0,0,1,0,0,0,1,1,0,0,0,1,0,0,0,1,0,0,1,0,1,0,0,0,1,1,0,0,0,0,0,0,1,0,0,0,1,0,1,0,0,0,0,0,1,0,0,1,0,0,0,0,1,0,1,0,0,0,0,0,1,0,1,1,0,1,0,1,1,0,0,1,1,0,1,1,1,1,0,0,0,0,1,1,0,1,1,1,1,0,0,0,1,1,1,1,1,0,0,0
0,1,0,0,0,1,1,1,0,0,0,0,0,0,0,1,1,1,0,0,1,1,0,0,0,1,1,0,0,0,1,0,0,0,0,0,0,0,1,1,0,1,1,1,0,0,0,1,1,0,0,1,0,0,0,0,1,1,1,0,0,0,1,0,0,0,0,0,1,0,0,1,0,1,0,1,0,0,1,0,1,0,0,1,0,0,1,0,1,0,1,0,0,0,0,1,0,1,0,1,0,0,0,0,0,0,0,1,1,0,0,1,1,1,1,0,0,1,1,0,1,0,0,1,1,1,0,1,1,0,0,0,1,1,1,0,1,0,0,1,0,1,0,0,0,1,1,1,0,0,1,1,0,1,1,0,0,1,1,1,0,1,1,1,0,1,1,0,1,1,0,0,0,1,0,1,1,0,1,1,0,1,0,1,1,0,1,0,1,1,0,1,1,0,1,1,1,1,1,0,0,1,0,1,0,0,0,0,1,0,1,0,1,0,0,0,1,0,1,0,1
0,1,0,0,0,1,1,1,0,0,0,0,0,0,0,1,1,1,0,0,1,1,0,0,0,1,1,0,0,0,1,0,0,0,0,0,0,0,1,1,0,1,0,1,0,0,0,1,1,0,0,1,0,0,0,0,1,1,1,0,0,0,1,0,0,0,0,0,1,0,0,1,0,1,0,1,0,0,1,0,1,0,0,1,0,0,1,0,1,0,1,0,0,0,0,1,0,1,0,1,0,0,0,0,0,0,0,1,1,0,0,1,1,1,0,0,0,1,1,0,1,0,0,1,1,0,0,1,1,0,0,0,1,1,1,0,1,0,0,1,0,1,0,0,0,1,1,1,0,0,1,1,0,1,1,0,0,1,1,1,0,0,1,1,0,1,1,0,1,1,0,0,0,1,0,1,1,0,1,0,0,1,0,1,1,0,1,0,1,1,0,1,1,0,1,1,1,1,0,0,0,1,0,1,0,0,0,0,0,0,1,0,0,0,0,0,0,0,1,0,0
0,1,0,0,0,1,1,1,0,0,0,0,0,0,0,0,1,1,1,0,0,1,0,0,0,1,1,0,1,0,1,0,0,0,0,0,0,0,1,1,0,1,0,1,0,0,0,1,1,0,0,1,0,0,0,0,1,1,1,0,0,0,1,0,0,0,0,0,1,0,0,1,0,1,0,1,0,0,1,0,1,0,0,1,0,0,1,0,1,0,1,0,0,0,0,1,0,1,0,1,0,0,0,0,0,0,0,1,1,0,0,1,1,1,0,0,0,1,1,0,1,0,0,1,1,0,0,1,1,0,0,0,1,1,1,0,1,0,0,1,0,1,0,0,0,1,1,1,0,0,1,1,0,1,1,0,0,1,1,1,1,0,1,1,0,1,1,0,1,1,0,0,0,1,0,1,1,0,1,0,0,1,0,1,1,0,1,0,1,1,0,1,1,0,1,1,1,1,0,0,0,1,0,1,0,0,0,0,0,0,1,0,0,0,0,0,0,0,1,0,0
0,1,0,0,0,1,1,1,0,0,0,0,0,0,0,0,1,1,1,0,0,1,0,0,0,1,1,0,1,0,1,0,0,0,0,0,0,0,1,1,0,1,0,1,0,0,0,1,1,0,0,1,0,0,0,0,1,1,1,0,0,0,1,0,0,0,0,0,1,0,0,1,0,1,0,1,0,0,1,0,1,0,0,1,0,0,1,0,1,0,1,0,0,0,0,1,0,1,0,1,0,0,0,0,0,0,0,1,1,0,0,1,1,1,0,0,0,1,1,0,1,0,0,1,1,0,0,1,1,0,0,0,1,1,1,0,1,0,0,1,0,1,0,0,0,1,1,1,0,0,1,1,0,1,1,0,0,1,1,1,1,0,1,1,0,1,1,0,1,1,0,0,0,1,0,1,1,0,1,0,0,1,0,1,1,0,1,0,1,1,0,1,1,0,1,1,1,1,0,0,0,1,0,1,0,0,0,0,0,0,1,0,0,0,0,0,0,0,1,0,0
0,1,0,0,0,1,1,0,0,0,0,0,0,0,0,0,1,1,1,0,0,1,0,0,0,1,1,0,1,0,1,0,0,0,0,0,0,0,0,1,0,1,0,1,0,0,0,1,0,0,0,1,0,0,0,0,0,1,1,0,0,0,1,0,0,0,0,0,1,0,0,1,0,1,0,0,0,0,0,0,1,1,0,1,0,0,0,0,1,0,1,0,0,0,0,1,0,1,0,1,0,0,0,0,0,0,0,1,0,0,0,1,1,1,0,0,0,1,1,0,1,0,0,1,0,0,0,1,1,0,0,0,1,1,1,0,1,0,0,1,0,1,0,0,0,1,1,1,0,0,1,0,0,1,1,0,0,1,1,1,1,0,1,1,0,1,1,0,1,1,0,0,0,1,0,1,1,0,0,0,0,1,0,1,1,0,1,0,1,1,0,1,1,0,1,1,1,1,0,0,0,1,0,1,0,0,0,0,0,0,1,0,0,0,0,0,0,0,1,0,0
0,1,0,0,0,1,1,0,0,0,0,0,0,0,0,0,1,1,1,0,0,1,0,0,0,1,1,0,1,0,1,0,0,0,0,0,0,0,0,1,0,1,0,1,0,0,0,1,0,0,0,1,0,0,0,0,0,1,1,0,0,0,1,0,0,0,0,0,1,0,0,1,0,1,0,0,0,0,0,0,1,1,0,1,0,0,0,0,1,0,1,0,0,0,0,1,0,1,0,1,0,0,0,0,0,0,0,1,0,0,0,1,1,1,0,0,0,1,1,0,1,0,0,1,0,0,0,1,1,0,0,0,1,1,1,0,1,0,0,1,0,1,0,0,0,1,1,1,0,0,1,0,0,1,1,0,0,1,1,1,1,0,1,1,0,1,1,0,1,1,0,0,0,1,0,1,1,0,0,0,0,1,0,1,1,0,1,0,1,1,0,1,1,0,1,1,1,1,0,0,0,1,0,1,0,0,0,0,0,0,1,0,0,0,0,0,0,0,1,0,0
0,1,0,0,0,1,1,1,0,0,0,0,0,0,0,0,1,1,0,0,0,0,0,0,0,1,1,0,0,0,1,0,0,0,0,0,0,0,0,1,0,1,0,1,0,0,0,1,1,0,0,1,0,0,0,0,1,1,1,0,0,0,1,0,0,0,0,0,1,0,0,1,0,1,0,0,0,0,1,0,1,1,0,1,0,0,1,0,1,0,1,0,0,0,0,1,0,1,0,1,0,0,0,0,0,0,0,1,0,0,0,1,1,1,0,0,0,1,1,0,1,0,0,1,0,0,0,1,1,0,0,0,1,1,1,0,1,0,0,1,0,1,0,0,0,1,1,1,0,0,1,0,0,1,1,0,0,1,1,1,0,0,1,1,0,1,1,0,1,1,0,0,0,1,0,1,0,0,0,0,0,1,0,1,1,0,1,0,1,1,0,1,1,0,1,1,1,1,0,0,0,1,0,1,0,0,0,0,0,0,1,0,0,0,0,0,0,0,1,0,0
0,1,0,0,0,1,1,1,0,0,0,0,0,0,0,0,1,1,1,0,0,1,0,0,0,1,1,0,1,0,1,0,0,0,0,0,0,0,0,1,0,1,0,1,0,0,0,1,1,0,0,1,0,0,0,0,1,1,1,0,0,0,1,0,0,0,0,0,1,0,0,1,0,1,0,0,0,0,1,0,1,1,0,1,0,0,1,0,1,0,1,0,0,0,0,1,0,1,0,1,0,0,0,0,0,0,0,1,0,0,0,1,1,1,0,0,0,1,1,0,1,0,0,1,0,0,0,1,1,0,0,0,1,1,1,0,1,0,0,1,0,1,0,0,0,1,1,1,0,0,1,0,0,1,1,0,0,1,1,1,1,0,1,1,0,1,1,0,1,1,0,0,0,1,0,1,1,0,0,0,0,1,0,1,1,0,1,0,1,1,0,1,1,0,1,1,1,1,0,0,0,1,0,1,0,0,0,0,0,0,1,0,0,0,0,0,0,0,1,0,0
0,1,0,0,0,1,1,1,0,0,0,0,0,0,0,0,1,1,1,0,0,1,0,0,0,1,1,0,1,0,1,0,0,0,0,0,0,0,0,1,0,1,0,1,0,0,0,1,1,0,0,1,0,0,0,0,1,1,1,0,0,0,1,0,0,0,0,0,1,0,0,1,0,1,0,0,0,0,1,0,1,1,0,1,0,0,1,0,1,0,1,0,0,0,0,1,0,1,0,1,0,0,0,0,0,0,0,1,0,0,0,1,1,1,0,0,0,1,1,0,1,0,0,1,0,0,0,1,1,0,0,0,1,1,1,0,1,0,0,1,0,1,0,0,0,1,1,1,0,0,1,0,0,1,1,0,0,1,1,1,1,0,1,1,0,1,1,0,1,1,0,0,0,1,0,1,1,0,0,0,0,1,0,1,1,0,1,0,1,1,0,1,1,0,1,1,1,1,0,0,0,1,0,1,0,0,0,0,0,0,1,0,0,0,0,0,0,0,1,0,0
0,0,0,0,0,1,1,0,0,0,0,0,0,0,0,1,1,1,0,0,1,1,0,0,0,1,1,0,0,0,1,0,0,0,0,0,0,0,0,1,0,1,1,1,0,0,0,1,1,0,0,1,0,0,0,0,0,1,1,0,0,0,1,0,0,0,0,0,1,0,0,1,0,1,0,0,0,0,0,0,1,0,0,0,0,0,0,0,1,0,1,0,0,0,0,1,0,1,0,0,0,0,0,0,0,0,0,1,0,0,0,1,1,1,1,0,0,1,1,0,1,0,0,1,0,1,0,1,1,0,0,0,1,1,1,0,1,0,0,1,0,1,0,0,0,1,1,1,0,0,1,0,0,1,1,0,0,1,1,1,0,1,1,1,0,1,1,0,1,1,0,0,0,1,0,1,1,0,0,1,0,1,0,1,1,0,1,0,1,1,0,1,1,0,1,1,1,1,1,0,0,1,0,1,0,0,0,0,1,0,1,0,1,0,0,0,1,0,1,0,1
0,0,0,0,0,1,1,0,0,0,0,0,0,0,0,1,1,1,0,0,1,1,0,0,0,1,1,0,0,0,1,0,0,0,0,0,0,0,0,1,0,1,0,1,0,0,0,1,0,0,0,1,0,0,0,0,0,1,1,0,0,0,1,0,0,0,0,0,1,0,0,1,0,1,0,0,0,0,0,0,1,0,0,0,0,0,0,0,1,0,1,0,0,0,0,1,0,1,0,0,0,0,0,0,0,0,0,1,0,0,0,1,1,1,0,0,0,1,1,0,1,0,0,1,0,0,0,1,1,0,0,0,1,1,1,0,1,0,0,1,0,1,0,0,0,1,1,1,0,0,1,0,0,1,1,0,0,1,1,1,0,0,1,1,0,1,1,0,1,1,0,0,0,1,0,1,1,0,0,0,0,1,0,1,1,0,1,0,1,1,0,1,1,0,1,1,1,1,0,0,0,1,0,1,0,0,0,0,0,0,1,0,0,0,0,0,0,0,1,0,0
0,1,0,0,0,1,1,0,0,0,0,0,0,0,0,1,1,1,1,0,1,1,0,1,0,1,1,0,1,0,1,0,0,0,0,0,0,0,0,1,0,1,0,1,0,0,0,1,0,0,0,0,0,0,0,0,0,1,1,0,0,0,1,0,0,0,0,0,1,0,0,1,0,1,0,0,0,0,0,0,1,0,0,0,0,0,0,0,1,0,1,0,0,0,0,1,0,1,0,0,0,0,0,0,0,0,0,1,0,0,0,1,1,1,0,0,0,1,1,0,1,0,0,1,0,0,0,1,1,0,0,0,1,1,1,0,1,0,0,1,0,1,0,0,0,1,1,1,0,0,1,0,0,1,1,0,0,1,1,1,1,0,1,1,0,1,1,0,1,1,0,0,0,1,0,1,1,0,0,0,0,1,0,1,1,0,1,0,1,1,0,1,1,0,1,1,1,1,0,0,0,1,0,1,0,0,0,0,0,0,1,0,0,0,0,0,0,0,1,0,0
0,1,0,0,0,1,1,0,0,0,0,0,0,0,0,1,1,1,1,0,1,1,0,1,0,1,1,0,1,0,1,0,0,0,0,0,0,0,0,1,0,1,1,1,0,0,0,1,1,0,0,1,0,0,0,0,0,1,1,0,0,0,1,0,0,0,0,0,1,0,0,1,0,1,0,0,0,0,0,0,1,0,0,0,0,0,0,0,1,0,1,0,0,0,0,1,0,1,0,0,0,0,0,0,0,0,0,1,0,0,0,1,1,1,1,0,0,1,1,0,1,0,0,1,0,1,0,1,1,0,0,0,1,1,1,0,1,0,0,1,0,1,0,0,0,1,1,1,0,0,1,0,0,1,1,0,0,1,1,1,1,1,1,1,0,1,1,0,1,1,0,0,0,1,0,1,1,0,0,1,0,1,0,1,1,0,1,0,1,1,0,1,1,0,1,1,1,1,1,0,0,1,0,1,0,0,0,0,1,0,1,0,1,0,0,0,1,0,1,0,1
0,1,0,0,0,1,1,0,0,0,0,0,0,0,0,1,1,1,1,0,1,1,0,1,0,1,1,0,1,0,1,0,0,0,0,0,0,0,0,1,0,1,0,1,0,0,0,1,0,0,0,0,0,0,0,0,0,1,1,0,0,0,1,0,0,0,0,0,1,0,0,1,0,1,0,0,0,0,0,0,1,0,0,0,0,0,0,0,1,0,1,0,0,0,0,1,0,1,0,0,0,0,0,0,0,0,0,1,0,0,0,1,1,1,0,0,0,1,1,0,1,0,0,1,0,0,0,1,1,0,0,0,1,1,1,0,1,0,0,1,0,1,0,0,0,1,1,1,0,0,1,0,0,1,1,0,0,1,1,1,1,0,1,1,0,1,1,0,1,1,0,0,0,1,0,1,1,0,0,0,0,1,0,1,1,0,1,0,1,1,0,1,1,0,1,1,1,1,0,0,0,1,0,1,0,0,0,0,0,0,1,0,0,0,0,0,0,0,1,0,0
1,1,0,1,0,1,0,0,0,0,1,0,1,1,0,1,1,1,1,0,0,1,0,0,0,1,1,0,1,0,1,0,0,1,0,0,1,0,1,0,0,1,0,1,1,1,0,1,0,1,1,0,0,1,1,0,0,0,0,1,1,1,1,1,1,1,0,1,0,0,1,1,1,0,1,1,0,1,0,1,1,1,1,1,0,1,0,1,1,1,0,1,0,0,1,0,1,0,0,1,0,1,0,1,1,1,1,1,0,1,1,1,0,0,0,1,1,0,1,0,0,1,0,0,0,0,0,0,0,0,1,1,1,0,0,1,0,0,0,0,0,0,0,1,0,0,0,1,0,0,0,0,0,0,0,0,0,0,0,0,1,0,0,1,0,0,0,0,0,0,1,1,1,0,0,0,1,1,0,0,1,0,0,0,0,0,0,0,1,0,0,0,1,0,0,1,1,0,0,0,0,0,0,1,0,0,1,0,0,0,0,1,0,0,0,0,0,0,0,1,0
0,1,0,1,0,1,0,0,0,0,1,0,1,1,0,1,1,1,1,0,0,1,0,0,0,1,1,0,1,0,1,0,0,1,0,0,1,0,1,0,0,1,0,1,1,1,0,1,0,1,1,0,0,1,1,0,0,0,0,1,1,1,1,1,1,1,0,1,0,0,1,1,1,0,1,1,0,1,0,1,1,1,1,1,0,1,0,1,1,1,0,1,0,0,1,0,1,0,0,1,0,1,0,1,1,1,1,1,0,1,1,1,0,0,0,1,1,0,1,0,0,1,0,0,0,0,0,0,0,0,1,1,1,0,0,1,0,0,0,0,0,1,0,1,0,0,0,1,0,0,0,0,0,0,0,0,0,0,0,0,1,0,0,1,0,0,0,0,0,0,1,1,1,0,0,0,1,1,0,0,1,0,0,0,0,0,0,0,1,0,0,0,1,0,1,1,1,0,0,0,0,0,0,1,0,0,1,0,0,0,0,1,0,0,0,0,0,0,0,1,0
0,1,0,1,0,1,0,0,0,0,1,0,1,1,0,1,1,1,1,0,0,1,0,0,0,1,1,0,1,0,1,0,0,1,0,0,1,0,1,0,0,1,0,1,1,1,0,1,0,0,0,1,0,1,1,0,0,0,0,1,1,1,1,1,1,1,0,1,0,0,1,1,1,0,0,1,0,1,0,1,1,0,0,1,0,1,0,1,1,1,0,1,0,0,0,0,1,0,0,1,0,1,0,0,1,1,1,1,0,1,1,1,0,0,0,1,1,0,1,0,0,1,0,0,0,0,0,0,0,0,1,1,1,0,0,1,0,0,0,0,0,1,0,1,0,0,0,1,0,0,0,0,0,0,0,0,0,0,0,0,1,0,0,1,0,0,0,0,0,0,1,1,1,0,0,0,1,1,0,0,1,0,0,0,0,0,0,0,1,0,0,0,1,0,1,1,1,0,0,0,0,0,0,1,0,0,1,0,0,0,0,1,0,0,0,0,0,0,0,1,0
0,1,0,1,0,1,0,0,0,0,1,0,1,1,0,1,1,1,1,0,0,1,0,0,0,1,1,0,1,0,1,0,0,1,0,0,1,0,1,0,0,1,0,1,1,1,0,1,0,1,1,1,0,1,1,0,0,0,0,1,1,1,1,1,1,1,1,1,0,0,1,1,1,0,1,1,0,1,0,1,1,1,1,1,0,1,0,1,1,1,0,1,0,0,1,1,1,0,0,1,0,1,0,1,1,1,1,1,0,1,1,1,0,0,0,1,1,0,1,0,1,1,0,0,0,0,0,0,0,0,1,1,1,1,0,1,0,0,1,0,0,1,0,1,0,0,0,1,0,0,0,0,0,0,0,0,0,1,0,0,1,0,0,1,0,0,0,0,0,0,1,1,1,0,0,0,1,1,0,0,1,0,0,1,1,0,0,0,1,0,0,0,1,0,0,1,1,0,0,0,0,0,0,1,0,0,1,0,0,0,0,1,0,0,0,0,0,0,0,1,0
0,1,0,1,0,1,0,0,0,0,1,0,1,1,0,1,1,1,1,0,0,1,0,0,0,1,1,0,1,0,1,0,0,1,0,0,1,0,1,0,0,1,0,1,1,1,0,1,0,1,1,1,0,1,1,0,0,0,0,1,1,1,1,1,1,1,1,1,0,0,1,1,1,0,1,1,0,1,0,1,1,1,1,1,0,1,0,1,1,1,0,1,0,0,1,0,1,0,0,1,0,1,0,1,1,1,1,1,0,1,1,1,0,0,0,1,1,0,1,0,0,1,0,0,0,0,0,0,0,0,1,1,1,0,0,1,0,0,0,0,0,1,0,1,0,0,0,1,0,0,0,0,0,0,0,0,0,0,0,0,1,0,0,1,0,0,0,0,0,0,1,1,1,0,0,0,1,1,0,0,1,0,0,0,0,0,0,0,1,0,0,0,1,0,1,1,1,0,0,0,0,0,0,1,0,0,1,0,0,0,0,1,0,0,0,0,0,0,0,1,0
0,1,0,1,0,1,0,0,0,0,1,0,1,1,0,1,1,1,1,0,0,1,0,0,0,1,1,0,1,0,1,0,0,1,0,0,1,0,1,0,0,1,0,1,1,1,0,1,0,1,1,0,0,1,1,0,0,0,0,1,1,1,1,1,1,1,0,1,0,0,1,1,1,0,1,1,0,1,0,1,1,1,1,1,0,1,0,1,1,1,0,1,0,0,1,0,1,0,0,1,0,1,0,1,1,1,1,1,0,1,1,1,0,0,0,1,1,0,1,0,0,1,0,0,0,0,0,0,0,0,1,1,1,0,0,1,0,0,0,0,0,1,0,1,0,0,0,1,0,0,0,0,0,0,0,0,0,0,0,0,1,0,0,1,0,0,0,0,0,0,1,1,1,0,0,0,1,1,0,0,1,0,0,0,0,0,0,0,1,0,0,0,1,0,1,1,1,0,0,0,0,0,0,1,0,0,1,0,0,0,0,1,0,0,0,0,0,0,0,1,0
1,1,0,1,1,1,1,1,1,0,1,0,1,1,0,1,1,1,1,1,1,1,0,1,0,1,1,1,1,1,1,1,0,1,0,0,1,0,1,1,0,1,0,1,1,1,0,1,1,1,1,1,1,1,1,1,0,1,1,1,1,1,0,1,1,1,0,1,1,0,1,1,1,0,1,1,1,1,0,1,1,1,1,1,1,1,0,1,1,1,1,1,1,1,1,1,1,1,0,1,0,1,1,1,1,1,1,1,0,1,1,1,1,1,0,1,1,1,1,0,1,1,1,1,0,0,0,1,1,0,1,1,1,1,1,1,1,0,1,1,1,0,0,1,1,1,1,1,0,0,0,0,0,1,0,1,0,0,1,1,1,0,0,1,1,1,1,0,1,1,1,1,1,1,1,1,1,1,0,0,1,1,0,0,0,1,1,1,0,1,0,0,0,0,0,1,1,1,1,0,0,0,0,0,0,0,0,0,1,0,0,1,0,0,0,0,1,0,0,1,0
1,1,0,1,1,1,1,1,1,0,1,0,1,1,0,1,1,1,1,1,1,1,0,1,0,1,1,1,1,1,1,1,0,1,0,0,1,0,1,1,0,1,0,1,1,1,0,1,1,1,1,1,1,1,1,1,0,1,1,1,1,1,0,1,1,1,0,1,1,0,1,1,1,0,1,1,1,1,0,1,1,1,1,1,1,1,0,1,1,1,1,1,1,1,1,1,1,1,0,1,0,1,1,1,1,1,1,1,0,1,1,1,1,1,0,1,1,1,1,0,1,1,1,1,0,0,1,1,1,0,1,1,1,1,1,1,1,0,1,1,1,0,0,1,1,1,1,1,1,0,0,0,0,1,0,1,0,0,1,1,1,0,0,1,1,1,1,0,1,1,1,1,1,1,1,1,1,1,0,0,1,1,0,0,0,1,1,1,0,1,0,0,0,0,0,1,1,1,1,0,0,0,0,0,0,0,0,0,1,0,0,1,0,0,0,0,1,0,0,1,0
0,1,0,1,1,1,1,0,1,1,1,0,1,1,0,1,1,1,1,1,1,1,0,1,0,1,1,1,1,1,1,1,1,1,0,0,1,0,1,0,1,1,0,1,1,1,1,1,1,1,1,1,1,1,1,1,0,1,0,1,1,1,0,1,1,1,0,1,1,0,1,1,1,0,1,1,1,1,0,1,1,1,1,1,1,1,0,1,1,1,1,1,1,1,1,1,1,1,1,1,1,1,1,1,1,1,1,1,0,1,1,1,1,0,0,1,1,0,1,1,1,1,1,1,0,0,0,0,0,0,1,1,1,1,1,1,1,1,1,0,1,0,1,1,1,0,0,1,0,0,0,0,0,0,0,1,0,0,1,1,1,0,0,1,1,0,1,0,0,1,1,1,1,0,1,0,1,1,0,0,1,0,0,0,0,1,0,0,0,0,0,0,0,0,0,1,1,0,0,0,0,0,0,0,0,0,0,0,0,0,0,1,0,0,0,0,0,0,0,1,0
0,1,0,1,1,1,1,0,1,1,1,0,1,1,0,1,1,1,1,1,1,1,0,1,0,1,1,1,1,1,1,1,1,1,0,0,1,0,1,0,1,1,0,1,1,1,1,1,1,1,1,1,1,1,1,1,0,1,0,1,1,1,0,1,1,1,0,1,1,0,1,1,1,0,1,1,1,1,0,1,1,1,1,1,1,1,0,1,1,1,1,1,1,1,1,1,1,1,1,1,1,1,1,1,1,1,1,1,0,1,1,1,1,0,0,1,1,0,1,1,1,1,1,1,0,0,1,0,0,0,1,1,1,1,1,1,1,1,1,0,1,0,1,1,1,0,0,1,1,0,0,0,0,0,0,1,0,0,1,1,1,0,0,1,1,0,1,0,0,1,1,1,1,0,1,0,1,1,0,0,1,0,0,0,0,1,0,0,0,0,0,0,0,0,0,1,1,0,0,0,0,0,0,0,0,0,0,0,0,0,0,1,0,0,0,0,0,0,0,1,0
1,1,1,1,1,1,1,0,1,0,1,0,1,1,0,1,1,1,1,1,1,1,0,1,0,1,1,1,1,1,1,1,0,1,0,0,1,0,1,0,0,1,0,1,1,1,0,1,1,1,1,1,1,1,1,1,0,1,0,1,1,1,0,1,1,1,0,1,1,0,1,1,1,0,1,1,1,1,0,1,1,1,1,1,1,1,0,1,1,1,1,1,1,1,1,1,1,1,0,1,0,1,1,1,1,1,1,1,0,1,1,1,1,0,0,1,1,0,1,0,1,1,1,1,0,0,0,0,0,0,1,1,1,1,1,1,1,0,1,0,1,0,0,1,1,0,0,1,0,0,0,0,0,0,0,1,0,0,1,1,1,0,0,1,1,0,1,0,0,1,1,1,1,0,1,0,1,1,0,0,1,0,0,0,0,1,0,0,0,0,0,0,0,0,0,1,1,0,0,0,0,0,0,0,0,0,0,0,0,0,0,1,0,0,0,0,0,0,0,1,0
1,1,0,1,1,1,1,0,1,0,1,0,1,1,0,1,1,1,1,1,1,1,0,1,0,1,1,1,1,1,1,1,0,1,0,0,1,0,1,0,0,1,0,1,1,1,0,1,1,1,1,1,1,1,1,1,0,1,0,1,1,1,0,1,1,1,0,1,1,0,1,1,1,0,1,1,1,1,0,1,1,1,1,1,1,1,0,1,1,1,1,1,1,1,1,1,1,1,0,1,0,1,1,1,1,1,1,1,0,1,1,1,1,0,0,1,1,0,1,0,1,1,1,1,0,0,0,0,0,0,1,1,1,1,1,1,1,0,1,0,1,0,0,1,1,0,0,1,0,0,0,0,0,0,0,1,0,0,1,1,1,0,0,1,1,0,1,0,0,1,1,1,1,0,1,0,1,1,0,0,1,0,0,0,0,1,0,0,0,0,0,0,0,0,0,1,1,0,0,0,0,0,0,0,0,0,0,0,0,0,0,1,0,0,0,0,0,0,0,1,0
0,1,0,1,1,1,1,0,1,0,1,0,1,1,0,1,1,1,1,1,1,1,0,1,0,1,1,1,1,1,1,1,0,1,0,0,1,0,1,0,0,1,0,1,1,1,0,1,1,1,1,1,1,1,1,1,0,1,0,1,1,1,0,1,1,1,0,1,1,0,1,1,1,0,1,1,1,1,0,1,1,1,1,1,1,1,0,1,1,1,1,1,1,1,1,1,1,1,0,1,0,1,1,1,1,1,1,1,0,1,1,1,1,0,0,1,1,0,1,0,1,1,1,1,0,0,1,0,0,0,1,1,1,1,1,1,1,0,1,0,1,0,0,1,1,0,0,1,1,0,0,0,0,0,0,1,0,0,1,1,1,0,0,1,1,0,1,0,0,1,1,1,1,0,1,0,1,1,0,0,1,0,0,0,0,1,0,0,0,0,0,0,0,0,0,1,1,0,0,0,0,0,0,0,0,0,0,0,0,0,0,1,0,0,0,0,0,0,0,1,0
0,1,0,1,1,1,1,1,1,0,1,0,1,1,0,1,1,1,1,1,1,1,0,1,0,1,1,1,1,1,1,1,0,1,0,0,1,0,1,0,0,1,1,1,1,1,0,1,1,1,1,1,1,1,1,1,1,1,0,1,1,1,0,1,1,1,0,1,1,0,1,1,1,0,1,1,1,1,1,1,1,1,1,1,1,1,1,1,1,1,1,1,1,1,1,1,1,1,0,1,0,1,1,1,1,1,1,1,0,1,1,1,1,0,0,1,1,1,1,0,1,1,1,1,1,0,0,1,0,1,1,1,1,1,1,1,1,0,1,1,1,0,0,1,1,1,0,1,0,1,1,1,0,0,1,1,0,0,1,1,1,0,1,1,1,0,1,1,0,1,1,1,0,0,1,0,1,1,1,0,1,1,0,0,0,1,0,0,0,0,0,0,0,0,0,1,1,0,0,0,0,0,0,0,0,0,0,0,0,0,0,1,0,0,0,0,0,0,0,1,0
0,1,0,1,1,1,1,0,1,0,1,0,1,1,0,1,1,1,1,1,1,1,0,1,0,1,1,1,1,1,1,1,0,1,0,0,1,0,1,0,0,1,1,1,1,1,0,1,1,1,1,0,1,1,1,1,0,1,0,1,1,1,0,1,1,1,0,1,1,0,1,1,1,0,1,1,1,1,0,1,1,1,1,1,1,1,0,1,1,1,1,1,1,1,1,1,1,1,0,1,0,1,1,1,1,1,1,1,0,1,1,1,1,0,0,1,1,0,1,0,1,1,1,1,1,0,0,0,0,0,1,1,1,1,1,1,1,0,1,0,1,0,0,1,1,0,0,1,0,1,1,1,0,0,1,1,0,0,1,1,1,0,1,1,1,0,1,0,0,1,1,1,0,0,1,0,1,1,1,0,1,0,0,0,0,1,0,0,0,0,0,0,0,0,0,1,1,0,0,0,0,0,0,0,0,0,0,0,0,0,0,1,0,0,0,0,0,0,0,1,0
0,1,0,1,1,1,1,1,1,0,1,0,1,1,0,1,1,1,1,1,1,1,0,1,0,1,1,1,1,1,1,1,0,1,1,0,1,0,1,0,0,1,1,1,1,1,0,1,1,1,1,0,1,1,1,1,1,1,0,1,1,1,0,1,1,1,0,1,1,1,1,1,1,0,1,1,1,1,1,1,1,1,1,1,1,1,1,1,1,1,1,1,1,1,1,1,1,1,0,1,0,1,1,1,1,1,1,1,0,1,1,1,1,0,0,1,1,1,1,0,1,1,1,1,1,0,0,1,0,1,1,1,1,1,1,1,1,0,1,0,1,0,0,1,1,0,0,1,0,1,1,1,1,0,1,1,0,0,1,1,1,0,1,1,1,0,1,1,0,1,1,1,0,0,1,0,1,1,1,0,1,0,1,0,0,1,0,0,0,0,0,0,0,0,0,1,1,0,0,0,0,0,0,0,0,0,0,0,0,0,0,1,0,0,0,0,0,0,0,1,0
0,1,0,0,0,1,1,0,0,0,0,0,0,0,0,1,1,1,1,1,1,1,0,1,0,0,0,0,0,0,1,0,0,0,0,0,1,0,1,1,0,1,0,1,0,0,0,1,0,0,0,1,0,0,0,0,0,0,0,0,0,0,1,0,0,0,0,0,0,0,0,1,0,1,0,0,0,0,0,0,1,0,0,0,0,0,0,0,0,0,0,0,0,0,0,0,0,0,0,0,0,0,0,0,0,0,0,1,0,0,0,1,0,0,0,0,0,0,0,0,0,0,0,0,0,0,0,0,0,0,0,0,1,1,0,0,0,0,0,0,0,0,0,0,0,0,0,0,0,0,0,0,0,0,0,0,0,0,0,0,0,0,0,0,0,0,0,0,0,0,0,0,0,0,0,0,1,0,0,0,0,0,0,0,0,0,0,0,1,0,0,0,1,0,1,1,1,0,0,0,0,0,0,1,0,0,1,0,0,0,0,0,0,1,0,1,0,1,0,1,0
0,1,0,0,0,1,0,0,0,0,0,0,0,0,0,1,1,1,1,1,1,1,0,1,0,0,0,0,0,0,1,0,0,0,0,0,1,0,1,1,0,1,0,1,0,0,0,1,0,0,0,1,0,0,0,0,0,0,0,0,0,0,1,0,0,0,0,0,0,0,0,1,0,1,0,0,0,0,0,0,1,0,0,0,0,0,0,0,0,0,0,0,0,0,0,0,0,0,0,0,0,0,0,0,0,0,0,1,0,0,0,1,0,0,0,0,0,0,0,0,0,0,0,0,0,0,0,0,0,0,0,0,1,1,0,0,0,0,0,0,0,0,0,0,0,0,0,0,0,0,0,0,0,0,0,0,0,0,0,0,0,0,0,0,0,0,0,0,0,0,0,0,0,0,0,0,1,0,0,0,0,0,0,0,0,0,0,0,1,0,0,0,1,0,1,1,1,0,0,0,0,0,0,1,0,0,1,0,0,0,0,0,0,1,0,1,0,1,0,1,0
0,1,0,1,1,1,1,1,1,0,1,0,1,1,0,1,1,1,1,1,1,1,0,1,0,1,1,1,1,1,1,1,0,1,0,0,1,0,1,0,0,1,1,1,1,1,0,1,1,1,1,1,1,1,1,1,1,1,0,1,1,1,0,1,1,1,0,1,1,0,1,1,1,0,1,1,1,1,1,1,1,1,1,1,1,1,1,1,1,1,1,1,1,1,1,1,1,1,0,1,0,1,1,1,1,1,1,1,0,1,1,1,1,0,0,1,1,1,1,0,1,1,1,1,1,0,0,1,0,1,1,1,1,1,1,1,1,0,1,1,1,0,0,1,1,1,0,1,0,1,1,1,0,0,1,1,0,0,1,1,1,0,1,1,1,0,1,1,0,1,1,1,0,0,1,0,1,1,1,0,1,1,0,0,0,1,0,0,0,0,0,0,0,0,0,1,1,0,0,0,0,0,0,0,0,0,0,0,0,0,0,1,0,0,0,0,0,0,0,1,0
0,1,0,0,0,1,1,0,0,0,0,0,0,0,0,1,1,1,1,1,1,1,0,1,0,0,0,0,0,0,1,0,0,0,1,0,1,0,1,1,0,1,0,1,0,0,0,1,0,0,0,1,0,0,0,0,0,0,0,0,0,0,1,0,0,0,0,0,0,1,0,1,0,1,0,0,0,0,0,0,1,0,0,0,0,0,0,0,0,0,0,0,0,0,0,0,0,0,0,0,0,0,0,0,0,0,0,1,0,0,0,1,0,0,0,0,0,0,0,0,0,0,0,0,1,0,0,0,0,0,0,0,1,1,0,0,0,0,0,0,0,0,0,0,0,0,0,0,0,0,0,0,1,0,0,0,0,0,0,0,0,0,0,0,0,1,0,0,0,0,0,0,0,0,0,0,1,0,1,0,0,0,0,0,0,0,1,1,1,1,0,0,1,0,1,1,1,1,1,0,0,0,0,1,0,0,1,0,0,0,0,0,0,1,1,1,1,1,1,1,0
1,1,1,1,1,1,1,0,0,0,1,0,0,0,0,1,1,1,1,0,0,1,0,0,0,1,1,0,0,0,1,0,0,1,0,0,0,0,1,0,0,1,1,1,1,1,0,1,1,0,0,1,0,1,1,0,0,0,0,1,1,1,1,1,1,1,0,1,1,0,1,0,1,0,0,1,0,0,0,1,0,0,0,1,0,0,0,1,1,1,0,1,0,0,0,0,1,0,0,1,0,1,0,0,1,1,1,0,0,1,1,1,0,0,0,1,1,0,1,0,0,1,0,0,0,0,0,0,0,0,1,1,0,0,0,1,0,0,1,0,0,0,0,1,1,0,0,1,0,0,1,0,0,0,0,1,0,0,0,0,1,0,0,1,0,0,0,1,0,0,1,0,0,0,0,0,1,1,0,0,1,0,0,0,0,0,0,0,0,0,0,0,0,0,0,1,1,0,0,0,0,0,0,0,0,0,0,0,0,0,0,1,0,0,0,0,0,0,0,1,0
1,1,0,1,1,1,1,0,0,0,1,0,0,0,0,1,1,1,1,0,0,1,0,0,0,1,1,0,0,0,1,0,0,1,0,0,0,0,1,0,0,1,1,1,1,1,0,1,1,0,0,1,0,1,1,0,0,0,0,1,1,1,1,1,1,1,0,1,1,0,1,0,1,0,0,1,0,0,0,1,0,0,0,1,0,0,0,1,1,1,0,1,0,0,0,0,1,0,0,1,0,1,0,0,1,1,1,0,0,1,1,1,0,0,0,1,1,0,1,0,0,1,0,0,0,0,0,0,0,0,1,1,0,0,0,1,0,0,1,0,0,0,0,1,1,0,0,1,0,0,1,0,0,0,0,1,0,0,0,0,1,0,0,1,0,0,0,1,0,0,1,0,0,0,0,0,1,1,0,0,1,0,0,0,0,0,0,0,0,0,0,0,0,0,0,1,1,0,0,0,0,0,0,0,0,0,0,0,0,0,0,1,0,0,0,0,0,0,0,1,0
1,1,1,1,1,1,1,1,0,0,1,0,1,1,1,0,0,0,0,0,0,0,0,0,0,0,0,0,0,0,1,0,0,0,0,0,0,0,0,0,0,1,1,1,0,0,0,1,1,0,0,1,0,0,0,0,0,0,0,0,0,0,1,0,0,0,0,0,1,0,1,1,0,0,0,0,0,1,0,1,1,0,0,0,0,1,0,0,1,0,0,0,0,0,0,1,0,0,0,0,0,0,0,0,0,0,0,1,0,1,1,1,0,0,0,0,0,0,1,0,1,0,0,0,0,0,0,0,0,0,0,0,1,0,0,0,0,0,1,0,0,1,0,0,0,0,0,1,0,0,1,0,0,0,0,0,0,1,0,0,1,0,0,1,0,0,0,1,0,0,0,1,1,0,0,0,1,0,0,0,0,0,0,1,1,0,0,0,1,0,0,0,1,0,0,1,0,0,0,0,0,0,0,1,0,0,1,0,0,1,0,0,0,0,0,0,0,1,0,0,0
1,1,1,1,1,1,1,1,0,0,1,0,0,0,0,1,1,1,1,0,0,1,0,0,0,0,1,0,0,0,1,0,0,0,0,1,0,0,0,0,0,1,1,1,0,0,0,1,1,0,0,1,0,0,0,0,0,0,0,1,0,0,1,0,0,0,0,0,1,0,1,1,0,0,0,0,0,1,0,1,1,0,0,0,0,1,0,0,1,0,0,0,0,0,0,1,0,0,0,0,0,0,0,0,0,0,0,1,0,1,1,1,0,0,0,0,0,0,1,0,1,0,0,0,0,0,0,0,0,0,0,0,1,0,0,0,0,0,1,0,0,1,0,0,0,0,0,1,0,0,1,0,0,0,0,0,0,1,0,0,1,0,0,1,0,0,0,1,0,0,0,1,1,0,0,0,1,0,0,0,0,0,0,1,1,0,0,0,1,0,0,0,1,0,1,1,1,0,0,0,0,0,0,1,0,0,1,0,0,1,0,0,0,0,0,1,0,1,0,0,0
0,1,0,1,0,1,0,0,0,0,1,0,1,1,1,1,1,1,0,0,0,0,0,0,0,1,1,0,0,0,1,0,0,0,0,0,1,0,1,1,0,1,0,1,1,1,0,1,0,0,0,0,0,1,0,0,0,1,1,1,0,1,1,0,0,0,0,0,0,0,1,1,1,1,0,1,0,0,0,1,1,0,0,1,0,0,0,0,1,0,0,0,0,0,0,1,0,1,0,0,0,0,0,0,1,0,1,1,0,1,1,1,1,1,0,1,0,1,1,0,1,1,0,0,0,0,1,1,1,0,1,0,1,1,0,0,0,0,0,0,0,1,0,1,0,0,1,1,1,0,0,0,0,1,0,0,0,1,0,0,0,0,0,1,0,1,1,0,1,0,0,0,0,1,0,1,1,0,0,0,1,0,0,1,1,0,1,0,1,1,0,0,1,0,0,1,1,1,0,0,0,0,0,1,0,0,0,0,0,0,1,0,0,0,0,0,0,0,1,0,0
0,1,0,1,0,1,0,0,0,0,1,0,1,1,0,1,1,1,0,1,1,1,0,0,0,1,1,0,0,0,1,0,0,0,0,0,1,0,1,1,0,1,0,1,1,1,0,1,0,0,0,0,0,1,0,0,0,1,1,1,0,1,1,0,0,0,0,0,0,0,1,1,1,1,0,1,0,0,0,1,1,0,0,1,0,0,0,0,1,0,0,0,0,0,0,1,0,1,0,0,0,0,0,0,1,0,1,1,0,1,1,1,1,1,0,1,0,1,1,0,1,1,0,0,0,0,1,1,1,0,1,0,1,1,0,0,0,0,0,0,0,1,0,1,0,0,1,1,1,0,0,0,0,1,0,0,0,1,0,0,0,0,0,1,0,1,1,0,1,0,0,0,0,1,0,1,1,0,0,0,1,0,0,1,1,0,1,0,1,1,0,0,1,0,0,1,1,1,0,0,0,0,0,1,0,0,0,0,0,0,1,0,0,0,0,0,0,0,1,0,0
1,1,1,1,1,0,0,0,0,0,1,0,1,1,0,1,1,1,1,1,1,1,1,1,1,1,1,1,1,1,0,0,0,1,0,0,0,0,1,0,0,1,0,0,1,1,0,1,0,0,0,1,1,1,1,0,0,0,0,1,1,1,1,1,1,1,0,1,0,0,1,0,1,0,0,1,1,0,0,1,0,0,0,1,1,0,0,1,1,1,0,1,1,1,0,0,1,0,0,1,0,1,1,1,1,1,1,0,0,1,1,1,0,0,0,1,1,0,1,0,0,1,1,0,0,0,0,0,0,0,1,1,0,0,0,1,0,0,1,0,1,0,0,1,1,0,0,1,0,0,0,0,0,0,0,1,0,0,0,0,1,0,0,1,1,0,0,0,0,0,1,0,0,0,1,0,1,1,0,0,1,0,0,0,0,1,0,0,0,0,0,0,0,0,0,1,1,0,0,0,0,0,0,0,0,0,1,0,0,0,0,1,0,0,0,0,0,0,0,1,0
1,1,1,1,1,0,0,0,0,0,1,0,1,1,0,1,1,1,1,1,1,1,1,1,1,1,1,1,1,1,0,0,0,1,0,0,0,0,1,0,0,1,0,0,1,1,0,1,0,0,0,1,1,1,1,0,0,0,0,1,1,1,1,1,1,1,0,1,0,0,1,0,1,0,0,1,1,0,0,1,0,0,0,1,1,0,0,1,1,1,0,1,1,1,0,0,1,0,0,1,0,1,1,1,1,1,1,0,0,1,1,1,0,0,0,1,1,0,1,0,0,1,1,0,0,0,0,0,0,0,1,1,0,0,0,1,0,0,1,0,1,0,0,1,1,0,0,1,0,0,0,0,0,0,0,1,0,0,0,0,1,0,0,1,1,0,0,0,0,0,1,0,0,0,1,0,1,1,0,0,1,0,0,0,0,1,0,0,0,0,0,0,0,0,0,1,1,0,0,0,0,0,0,0,0,0,1,0,0,0,0,1,0,0,0,0,0,0,0,1,0
0,1,0,1,1,1,0,0,0,1,1,0,1,1,0,1,1,1,1,0,0,1,0,1,0,1,1,1,1,0,1,0,1,1,1,0,1,0,1,0,1,1,1,1,1,1,1,1,1,1,1,0,0,1,1,0,0,0,0,1,1,1,0,0,1,1,0,1,0,1,1,0,1,0,1,1,0,0,0,1,0,1,1,1,0,0,0,1,1,1,0,1,0,0,1,0,1,0,1,1,1,1,0,1,1,0,1,0,0,1,1,1,0,0,0,1,1,1,1,1,0,1,0,0,1,0,1,1,0,0,1,1,0,0,0,1,0,1,1,0,0,0,1,1,1,0,0,1,1,0,0,0,1,0,0,1,0,0,0,0,1,0,0,1,0,0,1,0,0,0,0,0,0,0,0,0,1,1,0,0,1,0,1,0,0,0,0,0,0,0,0,0,0,0,0,1,1,0,0,0,0,0,0,0,0,0,1,0,0,0,0,1,0,1,0,1,0,1,0,1,0
0,1,0,0,0,1,1,0,0,0,0,0,0,0,0,0,1,1,1,0,0,1,0,0,0,0,1,0,0,0,1,0,0,0,0,0,0,0,0,1,0,1,1,1,0,0,0,1,1,0,0,1,0,0,0,0,0,1,1,0,0,0,1,0,0,0,0,0,1,0,0,1,0,1,0,0,0,0,0,0,1,0,0,0,0,0,0,0,0,0,1,0,0,0,0,1,0,1,0,0,0,0,0,0,0,0,0,1,0,0,0,1,1,1,0,0,0,1,0,0,1,0,0,1,1,0,0,1,1,0,0,0,1,0,1,0,1,0,0,1,0,1,0,0,0,1,1,0,0,0,1,1,0,1,1,0,0,1,1,1,0,0,1,0,0,1,0,0,1,1,0,0,0,1,0,1,0,0,1,0,0,1,0,1,1,0,1,0,1,1,0,0,1,0,0,1,0,1,0,0,0,0,0,1,0,0,0,1,0,0,1,0,0,0,1,0,0,0,1,0,0
1,1,1,1,1,0,0,0,0,0,1,0,1,1,0,1,1,1,1,1,1,1,1,1,1,1,1,1,1,1,0,0,0,1,0,0,0,0,1,0,0,1,0,0,1,1,0,1,0,0,0,1,1,1,1,0,0,0,0,1,1,1,1,1,1,1,0,1,0,0,1,0,1,0,0,1,1,0,0,1,0,0,0,1,1,0,0,1,1,1,0,1,1,1,0,0,1,0,0,1,0,1,1,1,1,1,1,0,0,1,1,1,0,0,0,1,1,0,1,0,0,1,1,0,0,0,0,0,0,0,1,1,0,0,0,1,0,0,1,0,1,0,0,1,1,0,0,1,0,0,0,0,0,0,0,1,0,0,0,0,1,0,0,1,1,0,0,0,0,0,1,0,0,0,1,0,1,1,0,0,1,0,0,0,0,1,0,0,0,0,0,0,0,0,0,1,1,0,0,0,0,0,0,0,0,0,1,0,0,0,0,1,0,0,0,0,0,0,0,1,0
0,1,0,0,0,1,1,0,0,0,0,0,0,0,0,0,1,1,1,0,0,1,0,0,0,0,1,0,0,0,1,0,0,0,0,0,0,0,0,1,0,1,1,1,0,0,0,1,1,0,0,1,0,0,0,0,0,1,1,0,0,0,1,0,0,0,0,0,1,0,0,1,0,1,0,0,0,0,0,0,1,0,0,0,0,0,0,0,0,0,1,0,0,0,0,1,0,1,0,0,0,0,0,0,0,0,0,1,0,0,0,1,1,1,0,0,0,1,0,0,1,0,0,1,1,0,0,1,1,0,0,0,1,0,1,0,1,0,0,1,0,1,0,0,0,1,1,0,0,0,1,1,0,1,1,0,0,1,1,1,0,0,1,0,0,1,0,0,1,1,0,0,0,1,0,1,1,0,1,0,0,1,0,1,1,0,1,0,1,1,0,0,1,0,0,1,0,1,0,0,0,0,0,1,0,0,0,1,0,0,1,0,0,0,1,0,0,0,1,0,0
0,1,0,0,0,1,1,0,0,0,0,0,0,0,0,0,1,1,1,0,0,1,0,0,0,0,1,0,0,0,1,0,0,0,0,0,0,0,0,1,0,1,1,1,0,0,0,1,1,0,0,1,0,0,0,0,0,1,1,0,0,0,1,0,0,0,0,0,1,0,0,1,0,1,0,0,0,0,0,0,1,0,0,0,0,0,0,0,0,0,1,0,0,0,0,1,0,1,0,0,0,0,0,0,0,0,0,1,0,0,0,1,1,1,0,0,0,1,0,0,1,0,0,1,0,0,0,1,1,0,0,0,1,0,1,0,1,0,0,1,0,1,0,0,0,1,1,0,0,0,1,0,0,1,1,0,0,1,1,1,0,0,1,0,0,1,0,0,1,1,0,0,0,1,0,1,1,0,0,0,0,1,0,1,1,0,1,1,1,1,0,0,1,0,0,1,0,1,0,0,0,0,0,1,0,0,0,1,0,0,1,0,0,0,1,0,0,0,1,0,0
1,1,0,0,0,1,1,0,0,0,0,0,0,0,0,0,1,1,1,0,0,1,0,0,0,0,1,0,0,0,1,0,0,0,0,0,0,0,0,1,0,1,1,1,0,0,0,1,1,0,0,1,0,0,0,0,0,1,1,0,0,0,1,0,0,0,0,0,1,0,0,1,0,1,0,0,0,0,0,0,1,0,0,0,0,0,0,0,0,0,1,0,0,0,0,1,0,1,0,0,0,0,0,0,0,0,0,1,0,0,0,1,1,1,0,0,0,1,0,0,1,0,0,1,0,0,0,1,1,0,0,0,1,0,1,0,1,0,0,1,0,1,0,0,0,1,1,0,0,0,1,0,0,1,1,0,0,1,1,1,0,0,1,0,0,1,0,0,1,1,0,0,0,1,0,1,1,0,0,0,0,1,0,1,1,0,1,0,1,1,0,0,1,0,0,1,0,1,0,0,0,0,0,1,0,0,0,1,0,0,1,0,0,0,1,0,0,0,1,0,0
1,1,0,0,0,1,1,0,0,0,0,0,0,0,0,0,1,1,1,0,0,1,1,1,0,0,1,0,1,0,1,0,0,0,0,0,0,0,0,1,0,1,1,1,0,0,0,1,1,0,0,1,0,0,0,0,0,1,1,0,0,0,1,0,0,0,0,0,1,0,0,1,0,1,0,0,0,0,0,0,1,0,0,0,0,0,0,0,1,0,1,0,0,0,0,1,0,1,0,0,0,0,0,0,0,0,0,1,0,0,0,1,1,1,0,0,0,1,1,0,1,0,0,1,0,0,0,1,1,0,0,0,1,0,1,0,1,0,0,1,0,1,0,0,0,1,1,1,0,0,1,0,0,1,1,0,0,1,1,1,1,0,1,1,0,1,0,0,1,1,0,0,0,1,0,1,1,0,0,0,0,1,0,1,1,0,1,0,1,1,0,0,1,0,0,1,0,1,0,0,0,0,0,1,0,0,0,1,0,0,1,0,0,0,1,0,0,0,1,0,0
0,1,0,0,0,1,1,0,0,0,0,0,0,0,0,0,1,1,1,0,0,1,1,1,0,0,1,0,1,0,1,0,0,0,0,0,0,0,0,1,0,1,1,1,0,0,0,1,1,0,0,1,0,0,0,0,0,1,1,0,0,0,1,0,0,0,0,0,1,0,0,1,0,1,0,0,0,0,0,0,1,0,0,0,0,0,0,0,1,0,1,0,0,0,0,1,0,1,0,0,0,0,0,0,0,0,0,1,0,0,0,1,1,1,0,0,0,1,1,0,1,0,0,1,1,0,0,1,1,0,0,0,1,0,1,0,1,0,0,1,0,1,0,0,0,1,1,1,0,0,1,1,0,1,1,0,0,1,1,1,1,0,1,1,0,1,0,0,1,1,0,0,0,1,0,1,1,0,1,0,0,1,0,1,1,0,1,0,1,1,0,0,1,0,0,1,0,1,0,0,0,0,0,1,0,0,0,1,0,0,1,0,0,0,1,0,0,0,1,0,0
0,1,0,0,0,1,1,0,0,0,0,0,0,0,0,0,1,1,1,0,0,1,0,0,0,0,1,0,0,0,1,0,0,0,0,0,0,0,0,1,0,1,1,1,0,0,0,1,1,0,0,1,0,0,0,0,0,1,1,0,0,0,1,0,0,0,0,0,1,0,0,1,0,1,0,0,0,0,0,0,1,0,0,0,0,0,0,0,0,0,1,0,0,0,0,1,0,1,0,0,0,0,0,0,0,0,0,1,0,0,0,1,1,1,0,0,0,1,0,0,1,0,0,1,1,0,0,1,1,0,0,0,1,0,1,0,1,0,0,1,0,1,0,0,0,1,1,0,0,0,1,1,0,1,1,0,0,1,1,1,0,0,1,0,0,1,0,0,1,1,0,0,0,1,0,1,0,0,1,0,0,1,0,1,1,0,1,0,1,1,0,0,1,0,0,1,0,1,1,0,0,0,0,1,0,0,0,0,1,0,1,0,0,0,0,0,1,0,1,0,0
1,1,0,1,0,1,1,0,0,0,0,0,0,0,0,1,1,1,1,0,1,1,1,1,1,0,1,0,1,0,1,0,0,0,0,0,0,0,0,1,0,1,1,1,0,0,0,1,1,0,0,0,0,0,0,0,0,1,1,0,0,0,1,0,0,0,0,0,1,0,0,1,0,1,0,0,0,0,0,0,1,0,0,0,0,0,0,0,1,0,1,0,0,0,0,1,0,1,0,0,0,0,0,0,0,0,0,1,0,0,0,1,1,1,0,0,0,1,1,0,1,0,0,1,0,0,1,1,1,0,0,0,1,0,1,0,1,0,0,1,0,1,0,0,0,1,1,1,1,0,1,0,0,1,1,0,0,1,1,1,1,0,1,1,0,1,1,0,1,1,0,0,0,1,0,1,1,0,0,0,0,1,0,1,1,0,1,0,1,1,0,0,1,0,0,1,0,1,0,0,0,0,0,1,0,0,0,1,0,0,1,0,0,0,1,0,0,0,1,0,0
0,1,0,0,0,1,1,0,0,0,0,0,0,0,0,0,1,1,1,0,0,1,0,0,0,0,1,0,0,0,1,0,0,0,0,0,0,0,0,1,0,1,1,1,0,0,0,1,1,0,0,1,0,0,0,0,0,1,1,0,0,0,1,0,0,0,0,0,1,0,0,1,0,1,0,0,0,0,0,0,1,0,0,0,0,0,0,0,0,0,1,0,0,0,0,1,0,1,0,0,0,0,0,0,0,0,0,1,0,0,0,1,1,1,0,0,0,1,0,0,1,0,0,1,0,0,0,1,1,0,0,0,1,0,1,0,1,0,0,1,0,1,0,0,0,1,1,0,0,0,1,0,0,1,1,0,0,1,1,1,0,0,1,0,0,1,1,0,1,1,0,0,0,1,0,1,0,0,0,0,0,1,0,1,1,0,1,0,1,1,0,0,1,0,0,1,0,1,1,0,0,0,0,1,0,0,0,0,1,0,1,0,0,0,0,0,1,0,1,0,0
0,1,0,0,0,1,1,0,0,0,0,0,0,0,0,0,1,1,1,0,0,1,0,0,0,0,1,0,0,0,1,0,0,0,1,0,0,0,0,1,0,0,1,1,0,0,0,0,1,0,0,0,0,0,0,0,0,1,1,0,0,0,0,0,0,0,0,0,1,1,0,1,0,1,0,0,0,0,0,0,1,0,0,0,0,0,0,0,0,0,1,0,0,0,0,1,0,1,0,0,0,0,0,0,0,0,0,1,0,0,0,0,1,1,0,0,0,1,0,0,1,0,0,1,0,0,0,1,1,0,0,0,1,0,1,0,1,0,0,1,0,1,0,0,0,1,1,0,0,0,1,0,1,1,1,0,0,1,1,1,0,0,1,0,0,1,0,0,1,1,0,0,0,1,0,1,0,0,0,0,0,1,1,1,1,0,1,0,1,1,0,0,1,0,0,1,0,1,0,0,0,0,0,1,0,0,0,1,0,0,1,0,0,0,1,0,0,0,1,0,0
0,1,0,0,0,1,1,0,0,0,0,0,0,0,0,0,1,1,1,0,0,1,0,0,0,0,1,0,0,0,1,0,0,0,0,0,0,0,0,1,0,1,1,1,0,0,0,1,1,0,0,1,0,0,0,0,0,1,1,0,0,0,1,0,0,0,0,0,1,0,0,1,0,1,0,0,0,0,0,0,1,0,0,0,0,0,0,0,0,0,1,0,0,0,0,1,0,1,0,0,0,0,0,0,0,0,0,1,0,0,0,1,1,1,0,0,0,1,0,0,1,0,0,1,1,0,0,1,1,0,0,0,1,0,1,0,1,0,0,1,0,1,0,0,0,1,1,0,0,0,1,1,0,1,1,0,0,1,1,1,0,0,1,0,0,1,0,0,1,1,0,0,0,1,0,1,1,0,1,0,0,1,0,1,1,0,1,0,1,1,0,0,1,0,0,1,0,1,1,0,0,0,0,1,0,0,0,0,1,0,1,0,0,0,0,0,1,0,1,0,0
0,1,0,1,0,1,1,0,1,0,1,0,1,1,0,0,0,1,1,0,0,0,0,0,0,0,1,0,0,0,1,1,0,0,0,0,0,0,0,0,0,1,0,1,0,0,0,1,0,0,0,1,0,0,0,0,0,0,0,0,0,0,1,0,0,0,0,0,0,0,0,1,0,0,0,0,0,1,0,0,1,0,0,0,0,1,0,0,1,0,0,0,0,0,0,1,0,0,0,0,0,0,0,0,0,0,0,1,0,0,0,1,0,0,0,0,0,0,1,0,1,0,0,0,0,0,0,0,0,0,0,0,1,0,0,0,0,0,0,0,0,1,0,0,0,0,0,1,0,0,0,0,0,0,0,0,0,1,0,0,1,0,0,1,0,0,0,0,0,0,0,1,1,0,0,0,1,0,0,0,0,0,0,1,1,0,0,0,1,0,0,0,1,0,0,0,0,0,0,0,0,0,0,1,0,0,0,0,0,0,0,0,0,0,0,0,0,0,0,0,0
0,1,0,1,0,0,0,0,0,0,0,0,0,0,0,1,1,1,1,1,1,1,0,1,0,1,1,0,1,0,0,0,0,0,0,0,0,0,1,0,0,1,0,0,1,1,0,1,0,0,0,1,0,1,1,0,0,0,0,1,1,1,1,0,0,1,0,1,0,0,1,0,1,0,0,1,0,0,0,1,0,0,0,1,0,0,0,1,1,1,0,1,0,0,0,0,1,0,0,1,0,1,0,0,1,0,1,0,0,1,1,1,0,0,0,1,1,0,1,0,0,1,0,0,0,0,0,0,0,0,1,1,0,0,0,1,0,0,1,0,0,0,0,1,1,0,0,1,0,0,0,0,0,0,0,1,0,0,0,0,1,0,0,1,0,0,0,0,0,0,0,0,0,0,0,0,1,1,0,0,1,0,0,0,0,0,0,0,0,0,0,0,0,0,0,1,0,0,0,0,0,0,0,0,0,0,0,0,0,0,0,1,0,0,0,0,0,0,0,1,0
0,1,0,1,1,0,0,0,0,0,0,0,0,0,0,1,1,1,0,1,1,1,0,0,0,1,1,0,0,0,0,0,0,1,0,0,1,0,0,0,0,1,0,0,0,1,0,1,0,0,0,0,1,1,0,1,0,0,0,0,0,1,1,1,1,1,0,1,0,0,1,0,0,0,0,0,1,0,0,1,0,0,0,1,1,0,0,1,1,1,0,1,1,1,0,0,1,0,0,0,0,1,1,0,1,1,1,0,0,1,0,1,0,0,0,1,0,0,1,0,0,1,1,0,0,0,0,0,0,0,1,1,0,0,0,1,0,0,0,0,1,0,0,1,0,0,0,1,0,0,0,0,0,0,0,0,0,0,0,0,1,0,0,1,1,0,0,0,0,0,1,0,0,0,1,0,1,1,0,0,1,0,0,0,0,1,0,0,0,0,0,0,0,0,0,0,0,0,0,0,0,0,0,0,0,0,0,0,0,0,0,0,0,0,0,0,0,0,0,0,0
0,1,0,0,0,1,1,1,0,0,0,0,0,0,0,0,1,1,1,0,0,1,0,0,0,1,1,0,1,0,1,0,0,1,1,0,0,0,1,1,0,0,1,1,0,0,0,0,1,0,0,1,0,1,1,0,1,1,1,0,0,0,0,1,1,0,0,0,1,1,0,1,0,1,0,1,0,1,1,0,1,0,0,1,0,1,1,0,1,0,1,0,0,0,0,1,1,1,0,1,0,0,0,0,0,0,0,1,0,0,0,0,1,1,0,1,1,1,1,0,1,0,0,1,0,0,0,1,1,0,0,0,1,1,1,1,1,0,0,1,0,1,0,1,0,1,1,1,0,0,1,0,0,1,1,0,0,1,1,1,1,0,1,1,0,1,1,0,1,1,1,1,0,1,0,1,1,1,0,0,1,1,1,1,1,0,1,1,1,1,0,1,1,1,1,1,1,1,0,0,0,1,0,1,1,0,0,1,0,0,1,0,0,0,1,1,0,0,1,0,0
0,1,0,0,0,1,1,1,0,0,0,0,0,0,0,0,1,1,1,0,0,1,0,0,0,1,1,0,1,0,1,0,0,1,1,0,0,0,1,1,0,0,1,1,0,0,0,0,1,0,0,0,0,1,1,0,1,1,1,0,0,0,0,1,1,0,0,0,1,1,0,1,0,1,0,1,0,1,1,0,1,0,0,1,0,1,1,0,1,0,1,0,0,0,0,1,1,1,0,1,0,0,0,0,0,0,0,1,0,0,0,0,1,1,0,1,1,1,1,0,1,0,0,1,0,0,0,1,1,0,0,0,1,1,1,1,1,0,0,1,0,1,0,1,0,1,1,1,0,0,1,0,0,1,1,0,0,1,1,1,1,0,1,1,0,1,1,0,1,1,1,1,0,1,0,1,1,1,0,0,1,1,1,1,1,0,1,0,1,1,0,1,1,1,1,1,1,1,0,0,0,1,0,1,1,0,0,1,0,0,1,0,0,0,1,1,0,0,1,0,0
0,1,0,0,0,1,1,1,0,0,0,0,0,0,0,0,1,1,1,0,0,1,0,0,0,1,1,0,1,0,1,0,0,1,1,0,0,0,1,1,0,0,0,1,0,0,0,0,1,0,0,1,0,1,1,0,1,1,1,0,0,0,0,1,1,0,0,0,1,1,0,1,0,1,0,1,0,1,1,0,1,0,0,1,0,1,1,0,1,0,1,0,0,0,0,1,1,1,0,1,0,0,0,0,0,0,0,1,1,0,0,0,1,1,0,1,1,1,1,0,1,0,0,1,1,0,0,1,1,0,0,0,1,0,1,1,1,0,0,1,0,1,0,1,0,1,1,1,0,0,1,1,0,1,1,0,0,1,1,1,1,0,1,1,0,1,0,0,1,1,1,1,0,1,0,1,1,1,1,0,1,1,1,1,1,0,1,1,1,1,0,0,1,0,0,1,1,1,0,0,0,0,0,1,0,0,0,1,0,0,1,0,0,0,1,1,0,0,1,0,0
0,1,0,0,0,1,1,1,0,0,0,0,0,0,0,0,1,1,1,0,0,1,0,0,0,1,1,0,1,0,1,0,0,1,1,0,0,0,1,1,0,0,0,1,0,0,0,0,0,0,0,1,0,1,1,0,1,1,1,0,0,0,0,1,1,0,0,0,1,1,0,1,0,1,0,1,0,1,1,0,1,0,0,1,0,1,1,0,1,0,1,0,0,0,0,1,1,1,0,1,0,0,0,0,0,0,0,1,1,0,0,0,1,1,0,1,1,1,1,0,1,0,0,1,1,0,0,1,1,0,0,0,1,0,1,1,1,0,0,1,0,1,0,1,0,1,1,1,0,0,1,1,0,1,1,0,0,1,1,1,1,0,1,1,0,1,0,0,1,1,1,1,0,1,0,1,1,1,1,0,1,1,1,1,1,0,1,0,1,1,0,0,1,0,0,1,1,1,0,0,0,0,0,1,0,0,0,1,0,0,1,0,0,0,1,1,0,0,1,0,0
0,1,0,0,0,1,1,1,0,0,0,0,0,0,0,0,1,1,1,0,0,1,0,0,0,1,1,0,1,0,1,0,0,1,1,0,0,0,1,1,0,0,0,1,0,0,0,0,0,0,0,0,0,1,1,0,1,1,1,0,0,0,0,1,1,0,0,0,1,1,0,1,0,1,0,1,0,1,1,0,1,0,0,1,0,1,1,0,1,0,1,0,0,0,0,1,1,1,0,1,0,0,0,0,0,0,0,1,1,0,0,0,1,1,0,1,1,1,1,0,1,0,0,1,1,0,0,1,1,0,0,0,1,0,1,1,1,0,0,1,0,1,0,1,0,1,1,1,0,0,1,1,0,1,1,0,0,1,1,1,1,0,1,1,0,1,0,0,1,1,1,1,0,1,0,1,1,1,1,0,1,1,1,1,1,0,1,0,1,1,0,0,1,0,0,1,1,1,0,0,0,0,0,1,0,0,0,1,0,0,1,0,0,0,1,1,0,0,1,0,0
0,1,0,1,0,1,1,1,0,1,0,0,0,0,0,0,1,1,1,0,0,1,0,0,0,1,1,0,1,0,1,0,1,1,0,0,0,0,1,1,1,1,1,1,0,0,1,1,1,0,0,1,0,1,1,0,1,1,1,0,0,0,1,1,1,0,0,0,1,0,0,1,0,1,0,1,0,1,1,0,1,0,0,1,0,1,1,0,1,0,1,0,0,0,0,1,1,1,1,1,1,0,0,0,0,0,0,1,0,0,0,1,1,1,0,1,1,1,1,1,1,0,0,1,1,0,0,1,1,0,0,0,1,1,1,1,1,1,0,1,0,1,1,1,0,1,1,1,0,0,1,1,0,1,1,0,0,1,1,1,1,0,1,1,0,1,1,0,1,1,1,1,0,1,0,1,1,1,1,0,1,1,0,1,1,0,1,0,1,1,0,1,1,1,1,1,1,1,0,0,0,1,0,1,1,0,0,1,0,0,1,0,0,0,1,1,0,0,1,0,0
0,1,0,1,0,1,1,1,0,1,0,0,0,0,0,0,1,1,1,0,0,1,0,0,0,1,1,0,1,0,1,0,1,1,0,0,0,0,1,1,1,1,1,1,0,0,1,1,1,0,0,1,0,1,1,0,1,1,1,0,0,0,1,1,1,0,0,0,1,0,0,1,0,1,0,1,0,1,1,0,1,0,0,1,0,1,1,0,1,0,1,0,0,0,0,1,1,1,1,1,1,0,0,0,0,0,0,1,0,0,0,1,1,1,0,1,1,1,1,1,1,0,0,1,1,0,0,1,1,0,0,0,1,1,1,1,1,1,0,1,0,1,1,1,0,1,1,1,0,0,1,1,0,1,1,0,0,1,1,1,1,0,1,1,0,1,1,0,1,1,1,1,0,1,0,1,1,1,1,0,1,1,0,1,1,0,1,0,1,1,0,1,1,1,1,1,1,1,0,0,0,1,0,1,1,0,0,1,0,0,1,0,0,0,1,1,0,0,1,0,0
0,1,0,1,0,1,1,1,0,0,0,0,0,0,0,0,1,1,1,0,0,1,0,0,0,1,1,0,1,0,1,0,0,1,0,0,0,0,1,1,0,1,1,1,0,0,0,1,1,0,0,1,0,1,1,0,1,1,1,0,0,0,1,1,1,0,0,0,1,0,0,1,0,1,0,1,0,1,1,0,1,0,0,1,0,1,1,0,1,0,1,0,0,0,0,1,1,1,0,1,0,0,0,0,0,0,0,1,0,0,0,1,1,1,0,1,1,1,1,0,1,0,0,1,1,0,0,1,1,0,0,0,1,1,1,1,1,0,0,1,0,1,0,1,0,1,1,1,0,0,1,1,0,1,1,0,0,1,1,1,1,0,1,1,0,1,1,0,1,1,1,1,0,1,0,1,1,1,1,0,1,1,0,1,1,0,1,1,1,1,0,1,1,1,1,1,1,1,0,0,0,1,0,1,1,0,0,1,0,0,1,0,0,0,1,1,0,0,1,0,0
0,1,0,1,0,1,1,1,0,0,0,0,0,0,0,0,1,1,1,0,0,1,0,0,0,1,1,0,1,0,1,0,0,1,0,0,0,0,1,1,0,1,1,1,0,0,0,1,1,0,0,1,0,1,1,0,1,1,1,0,0,0,1,1,1,0,0,0,1,0,0,1,0,1,0,1,0,1,1,0,1,0,0,1,0,1,1,0,1,0,1,0,0,0,0,1,1,1,0,1,0,0,0,0,0,0,0,1,0,0,0,1,1,1,0,1,1,1,1,0,1,0,0,1,1,0,0,1,1,0,0,0,1,1,1,1,1,0,0,1,0,1,0,1,0,1,1,1,0,0,1,1,0,1,1,0,0,1,1,1,1,0,1,1,0,1,1,0,1,1,1,1,0,1,0,1,1,1,1,0,1,1,0,1,1,0,1,0,1,1,0,1,1,1,1,1,1,1,0,0,0,1,0,1,1,0,0,1,0,0,1,0,0,0,1,1,0,0,1,0,0
0,1,0,1,0,1,1,1,0,1,0,0,0,0,0,0,1,1,1,0,0,1,0,0,0,1,1,0,1,0,1,0,1,1,0,0,0,0,1,1,1,1,1,1,0,0,1,1,1,0,0,1,0,1,1,0,1,1,1,0,0,0,1,1,1,0,0,0,1,0,0,1,0,1,0,1,0,1,1,0,1,0,0,1,0,1,1,0,1,0,1,0,0,0,0,1,1,1,1,1,1,0,0,0,0,0,0,1,0,0,0,1,1,1,0,1,1,1,1,1,1,0,0,1,1,0,0,1,1,0,0,0,1,1,1,1,1,1,0,1,0,1,1,1,0,1,1,1,0,0,1,1,0,1,1,0,0,1,1,1,1,0,1,1,0,1,1,0,1,1,1,1,0,1,0,1,1,1,1,0,1,1,0,1,1,0,1,0,1,1,0,1,1,1,1,1,1,1,0,0,0,1,0,1,1,0,0,1,0,0,1,0,0,0,1,1,0,0,1,0,0
0,1,0,1,0,1,1,1,0,0,0,0,0,0,0,0,1,1,1,0,0,1,0,0,0,1,1,0,1,0,1,0,0,1,0,0,0,0,1,1,0,1,1,1,0,0,0,1,1,0,0,1,0,1,1,0,1,1,1,0,0,0,1,1,1,0,0,0,1,0,0,1,0,1,0,1,0,1,1,0,1,0,0,1,0,1,1,0,1,0,1,0,0,0,0,1,1,1,0,1,0,0,0,0,0,0,0,1,0,0,0,1,1,1,0,1,1,1,1,0,1,0,0,1,1,0,0,1,1,0,0,0,1,1,1,1,1,0,0,1,0,1,0,1,0,1,1,1,0,0,1,1,0,1,1,0,0,1,1,1,1,0,1,1,0,1,1,0,1,1,1,1,0,1,0,1,1,1,1,0,1,1,0,1,1,0,1,1,1,1,0,1,1,1,1,1,1,1,0,0,0,1,0,1,1,0,0,1,0,0,1,0,0,0,1,1,0,0,1,0,0
0,1,0,1,0,1,1,1,0,0,0,0,0,0,0,0,1,1,1,0,0,1,0,0,0,1,1,0,1,0,1,0,0,1,0,0,0,0,1,1,0,1,1,1,0,0,0,1,1,0,0,1,0,1,1,0,1,1,1,0,0,0,1,1,1,0,0,0,1,0,0,1,0,1,0,1,0,1,1,0,1,0,0,1,0,1,1,0,1,0,1,0,0,0,0,1,1,1,0,1,0,0,0,0,0,0,0,1,0,0,0,1,1,1,0,1,1,1,1,0,1,0,0,1,1,0,0,1,1,0,0,0,1,1,1,1,1,0,0,1,0,1,0,1,0,1,1,1,0,0,1,1,0,1,1,0,0,1,1,1,1,0,1,1,0,1,1,0,1,1,1,1,0,1,0,1,1,1,1,0,1,1,0,1,1,0,1,0,1,1,0,1,1,1,1,1,1,1,0,0,0,1,0,1,1,0,0,1,0,0,1,0,0,0,1,1,0,0,1,0,0
0,1,0,1,0,1,1,1,0,0,0,0,0,0,0,0,1,1,1,0,0,1,0,0,0,1,1,0,1,0,1,0,0,1,0,0,0,0,1,1,0,1,1,1,0,0,0,1,1,0,0,1,0,1,1,0,1,1,1,0,0,0,1,1,1,0,0,0,1,0,0,1,0,1,0,1,0,1,1,0,1,0,0,1,0,1,1,0,1,0,1,0,0,0,0,1,1,1,0,1,0,0,0,0,0,0,0,1,0,0,0,1,1,1,0,1,1,1,1,0,1,0,0,1,1,0,0,1,1,0,0,0,1,1,1,1,1,0,0,1,0,1,0,1,0,1,1,1,0,0,1,1,0,1,1,0,0,1,1,1,1,0,1,1,0,1,1,0,1,1,1,1,0,1,0,1,1,1,1,0,1,1,0,1,1,0,1,0,1,1,0,1,1,1,1,1,1,1,0,0,0,1,0,1,1,0,0,1,0,0,1,0,0,0,1,1,0,0,1,0,0
0,1,0,1,0,1,1,1,0,0,0,0,0,0,0,0,1,1,1,0,0,1,0,0,0,1,1,0,1,0,1,0,0,1,0,0,0,0,1,1,0,1,1,1,0,0,0,1,1,0,0,1,0,1,1,0,1,1,1,0,0,0,1,1,1,0,0,0,1,0,0,1,0,1,0,1,0,1,1,0,1,0,0,1,0,1,1,0,1,0,1,0,0,0,0,1,1,1,0,1,0,0,0,0,0,0,0,1,1,0,0,1,1,1,0,1,1,1,1,0,1,0,0,1,1,0,0,1,1,0,0,0,1,0,1,1,1,0,0,1,0,1,0,1,0,1,1,1,0,0,1,1,0,1,1,0,0,1,1,1,1,0,1,1,0,1,0,0,1,1,1,1,0,1,0,1,1,1,1,0,1,1,0,1,1,0,1,0,1,1,0,0,1,0,0,1,1,1,0,0,0,0,0,1,0,0,1,1,0,1,1,0,0,0,1,1,0,1,1,0,0
0,1,0,1,0,1,1,1,0,1,0,0,0,0,0,0,1,1,1,0,0,1,0,0,0,1,1,0,1,0,1,0,1,1,0,0,0,0,1,1,1,1,1,1,0,0,1,1,1,0,0,1,0,1,1,0,1,1,1,0,0,0,1,1,1,0,0,0,1,0,0,1,0,1,0,1,0,1,1,0,1,0,0,1,0,1,1,0,1,0,1,0,0,0,0,1,1,1,1,1,1,0,0,0,0,0,0,1,1,0,0,1,1,1,0,1,1,1,1,1,1,0,0,1,1,0,0,1,1,0,0,0,1,0,1,1,1,1,0,1,0,1,1,1,0,1,1,1,0,0,1,1,0,1,1,0,0,1,1,1,1,0,1,1,0,1,0,0,1,1,1,1,0,1,0,1,1,1,1,0,1,1,0,1,1,0,1,0,1,1,0,0,1,0,0,1,1,1,0,0,0,0,0,1,0,0,0,1,0,0,1,0,0,0,1,1,0,0,1,0,0
0,1,0,1,0,1,1,1,0,1,0,0,0,0,0,0,1,1,1,0,0,1,0,0,0,1,1,0,1,0,1,0,1,1,0,0,0,0,1,1,1,1,1,1,0,0,1,1,1,0,0,1,0,1,1,0,1,1,1,0,0,0,1,1,1,0,0,0,1,0,0,1,0,1,0,1,0,1,1,0,1,0,0,1,0,1,1,0,1,0,1,0,0,0,0,1,1,1,1,1,1,0,0,0,0,0,0,1,1,0,0,1,1,1,0,1,1,1,1,1,1,0,0,1,1,0,0,1,1,0,0,0,1,0,1,1,1,1,0,1,0,1,1,1,0,1,1,1,0,0,1,1,0,1,1,0,0,1,1,1,1,0,1,1,0,1,0,0,1,1,1,1,0,1,0,1,1,1,1,0,1,1,0,1,1,0,1,0,1,1,0,0,1,0,0,1,1,1,0,0,0,0,0,1,0,0,0,1,0,0,1,0,0,0,1,1,0,0,1,0,0
0,1,0,1,0,1,1,1,0,0,0,0,0,0,0,0,1,1,1,0,0,1,0,0,0,1,1,0,1,0,1,0,0,1,0,0,0,0,1,1,0,1,1,1,0,0,0,1,1,0,0,1,0,1,1,0,1,1,1,0,0,0,1,1,1,0,0,0,1,0,0,1,0,1,0,1,0,1,1,0,1,0,0,1,0,1,1,0,1,0,1,0,0,0,0,1,1,1,0,1,0,0,0,0,0,0,0,1,1,0,0,1,1,1,0,1,1,1,1,0,1,0,0,1,1,0,0,1,1,0,0,0,1,0,1,1,1,0,0,1,0,1,0,1,0,1,1,1,0,0,1,1,0,1,1,0,0,1,1,1,1,0,1,1,0,1,0,0,1,1,1,1,0,1,0,1,1,1,1,0,1,1,0,1,1,0,1,1,1,1,0,0,1,0,0,1,1,1,0,0,0,0,0,1,0,0,0,1,0,0,1,0,0,0,1,1,0,0,1,0,0
0,1,0,1,0,1,1,1,0,0,0,0,0,0,0,0,1,1,1,0,0,1,0,0,0,1,1,0,1,0,1,0,0,1,0,0,0,0,1,1,0,1,1,1,0,0,0,1,1,0,0,1,0,1,1,0,1,1,1,0,0,0,1,1,1,0,0,0,1,0,0,1,0,1,0,1,0,1,1,0,1,0,0,1,0,1,1,0,1,0,1,0,0,0,0,1,1,1,0,1,0,0,0,0,0,0,0,1,1,0,0,1,1,1,0,1,1,1,1,0,1,0,0,1,1,0,0,1,1,0,0,0,1,0,1,1,1,0,0,1,0,1,0,1,0,1,1,1,0,0,1,1,0,1,1,0,0,1,1,1,1,0,1,1,0,1,0,0,1,1,1,1,0,1,0,1,1,1,1,0,1,1,0,1,1,0,1,0,1,1,0,0,1,0,0,1,1,1,0,0,0,0,0,1,0,0,0,1,0,0,1,0,0,0,1,1,0,0,1,0,0
0,1,0,1,0,1,1,1,0,0,0,0,0,0,0,0,1,1,1,0,0,1,0,0,0,1,1,0,1,0,1,0,0,1,0,0,0,0,1,1,0,1,1,1,0,0,0,1,1,0,0,1,0,1,1,0,1,1,1,0,0,0,1,1,1,0,0,0,1,0,0,1,0,1,0,1,0,1,1,0,1,0,0,1,0,1,1,0,1,0,1,0,0,0,0,1,1,1,0,1,0,0,0,0,0,0,0,1,1,0,0,1,1,1,0,1,1,1,1,0,1,0,0,1,1,0,0,1,1,0,0,0,1,0,1,1,1,0,0,1,0,1,0,1,0,1,1,1,0,0,1,1,0,1,1,0,0,1,1,1,1,0,1,1,0,1,0,0,1,1,1,1,0,1,0,1,1,1,1,0,1,1,0,1,1,0,1,0,1,1,0,0,1,0,0,1,1,1,0,0,0,0,0,1,0,0,0,1,0,0,1,0,0,0,1,1,0,0,1,0,0
0,1,0,1,0,1,1,1,0,0,0,0,0,0,0,0,1,1,1,0,0,1,0,0,0,1,1,0,1,0,1,0,0,1,0,0,0,0,1,1,0,1,1,1,0,0,0,1,1,0,0,1,0,1,1,0,1,1,1,0,0,0,1,1,1,0,0,0,1,0,0,1,0,1,0,1,0,1,1,0,1,0,0,1,0,1,1,0,1,0,1,0,0,0,0,1,1,1,0,1,0,0,0,0,0,0,0,1,1,0,0,1,1,1,0,1,1,1,1,0,1,0,0,1,1,0,0,1,1,0,0,0,1,0,1,1,1,0,0,1,0,1,0,1,0,1,1,1,0,0,1,1,0,1,1,0,0,1,1,1,1,0,1,1,0,1,0,0,1,1,1,1,0,1,0,1,1,1,1,0,1,1,0,1,1,0,1,0,1,1,0,0,1,0,0,1,1,1,0,0,0,0,0,1,0,0,1,1,0,1,1,0,0,0,1,1,0,1,1,0,0
0,1,0,1,0,1,1,1,0,1,0,0,0,0,0,0,1,1,1,0,0,1,0,0,0,1,1,0,1,0,1,0,1,1,0,0,0,0,1,1,1,1,1,1,0,0,1,1,1,0,0,1,0,1,1,0,1,1,1,0,0,0,1,1,1,0,0,0,1,0,0,1,0,1,0,1,0,1,1,0,1,0,0,1,0,1,1,0,1,0,1,0,0,0,0,1,1,1,1,1,1,0,0,0,0,0,0,1,1,0,0,1,1,1,0,1,1,1,1,1,1,0,0,1,1,0,0,1,1,0,0,0,1,0,1,1,1,1,0,1,0,1,1,1,0,1,1,1,0,0,1,1,0,1,1,0,0,1,1,1,1,0,1,1,0,1,0,0,1,1,1,1,0,1,0,1,1,1,1,0,1,1,0,1,1,0,1,0,1,1,0,0,1,0,0,1,1,1,0,0,0,0,0,1,0,0,0,1,0,0,1,0,0,0,1,1,0,0,1,0,0
0,1,0,1,0,1,1,1,0,1,0,0,0,0,0,0,1,1,1,0,0,1,0,0,0,1,1,0,1,0,1,0,1,1,0,0,0,0,1,1,1,1,1,1,0,0,1,1,1,0,0,1,0,1,1,0,1,1,1,0,0,0,1,1,1,0,0,0,1,0,0,1,0,1,0,1,0,1,1,0,1,0,0,1,0,1,1,0,1,0,1,0,0,0,0,1,1,1,1,1,1,0,0,0,0,0,0,1,1,0,0,1,1,1,0,1,1,1,1,1,1,0,0,1,1,0,0,1,1,0,0,0,1,0,1,1,1,1,0,1,0,1,1,1,0,1,1,1,0,0,1,1,0,1,1,0,0,1,1,1,1,0,1,1,0,1,0,0,1,1,1,1,0,1,0,1,1,1,1,0,1,1,0,1,1,0,1,0,1,1,0,0,1,0,0,1,1,1,0,0,0,0,0,1,0,0,0,1,0,0,1,0,0,0,1,1,0,0,1,0,0
0,1,0,1,0,1,1,1,0,0,0,0,0,0,0,0,1,1,1,0,0,1,0,0,0,1,1,0,1,0,1,0,0,1,0,0,0,0,1,1,0,1,1,1,0,0,0,1,1,0,0,1,0,1,1,0,1,1,1,0,0,0,1,1,1,0,0,0,1,0,0,1,0,1,0,1,0,1,1,0,1,0,0,1,0,1,1,0,1,0,1,0,0,0,0,1,1,1,0,1,0,0,0,0,0,0,0,1,1,0,0,1,1,1,0,1,1,1,1,0,1,0,0,1,1,0,0,1,1,0,0,0,1,0,1,1,1,0,0,1,0,1,0,1,0,1,1,1,0,0,1,1,0,1,1,0,0,1,1,1,1,0,1,1,0,1,0,0,1,1,1,1,0,1,0,1,1,1,1,0,1,1,0,1,1,0,1,1,1,1,0,0,1,0,0,1,1,1,0,0,0,0,0,1,0,0,0,1,0,0,1,0,0,0,1,1,0,0,1,0,0
0,1,0,1,0,1,1,1,0,0,0,0,0,0,0,0,1,1,1,0,0,1,0,0,0,1,1,0,1,0,1,0,0,1,0,0,0,0,1,1,0,1,1,1,0,0,0,1,1,0,0,1,0,1,1,0,1,1,1,0,0,0,1,1,1,0,0,0,1,0,0,1,0,1,0,1,0,1,1,0,1,0,0,1,0,1,1,0,1,0,1,0,0,0,0,1,1,1,0,1,0,0,0,0,0,0,0,1,1,0,0,1,1,1,0,1,1,1,1,0,1,0,0,1,1,0,0,1,1,0,0,0,1,0,1,1,1,0,0,1,0,1,0,1,0,1,1,1,0,0,1,1,0,1,1,0,0,1,1,1,1,0,1,1,0,1,0,0,1,1,1,1,0,1,0,1,1,1,1,0,1,1,0,1,1,0,1,0,1,1,0,0,1,0,0,1,1,1,0,0,0,0,0,1,0,0,0,1,0,0,1,0,0,0,1,1,0,0,1,0,0
0,1,0,1,0,1,1,1,0,0,0,0,0,0,0,0,1,1,1,0,0,1,0,0,0,1,1,0,1,0,1,0,0,1,0,0,0,0,1,1,0,1,1,1,0,0,0,1,1,0,0,1,0,1,1,0,1,1,1,0,0,0,1,1,1,0,0,0,1,0,0,1,0,1,0,1,0,1,1,0,1,0,0,1,0,1,1,0,1,0,1,0,0,0,0,1,1,1,0,1,0,0,0,0,0,0,0,1,1,0,0,1,1,1,0,1,1,1,1,0,1,0,0,1,1,0,0,1,1,0,0,0,1,0,1,1,1,0,0,1,0,1,0,1,0,1,1,1,0,0,1,1,0,1,1,0,0,1,1,1,1,0,1,1,0,1,0,0,1,1,1,1,0,1,0,1,1,1,1,0,1,1,0,1,1,0,1,0,1,1,0,0,1,0,0,1,1,1,0,0,0,0,0,1,0,0,0,1,0,0,1,0,0,0,1,1,0,0,1,0,0
0,1,0,1,0,1,1,0,0,0,0,0,0,0,0,1,1,1,1,0,0,1,0,0,0,0,1,0,0,0,1,0,0,0,0,0,0,0,0,1,0,1,1,1,0,0,0,1,1,0,0,1,0,0,0,0,0,1,1,1,0,0,1,0,0,0,0,0,1,0,0,1,0,0,0,0,0,1,0,0,1,0,0,0,0,1,0,0,0,0,1,0,0,0,0,0,0,1,0,0,0,0,0,0,0,0,0,0,0,0,0,1,1,1,0,0,0,1,0,0,0,0,0,1,1,0,1,1,1,0,0,0,0,0,0,0,1,0,0,1,0,0,0,0,0,1,1,0,1,0,1,1,0,1,1,0,0,0,0,1,0,0,1,0,0,1,0,0,1,0,0,1,1,1,0,1,1,0,1,0,0,1,0,0,0,0,1,0,0,1,0,0,0,0,0,1,1,1,1,0,0,0,0,0,0,0,1,1,0,0,0,0,0,0,1,0,0,0,0,0,0
0,1,0,1,0,1,1,0,0,0,0,0,0,0,0,1,1,1,1,1,1,1,0,1,0,0,1,0,0,0,1,0,0,0,0,0,0,1,1,1,0,1,1,1,0,0,0,1,1,0,0,1,0,0,0,0,0,1,1,1,0,0,1,0,0,0,0,0,1,0,0,1,0,0,0,0,0,1,0,0,1,0,0,0,0,1,0,0,0,0,1,0,0,0,0,0,0,1,0,0,0,0,0,0,0,0,0,0,0,0,0,1,1,1,0,0,0,1,0,0,0,0,0,1,1,0,1,1,1,0,0,0,0,0,0,0,1,0,1,1,0,0,0,0,0,1,1,0,1,0,1,1,0,1,1,0,0,0,0,1,0,0,1,0,0,1,0,0,1,0,0,1,1,1,0,1,1,0,1,0,0,1,0,0,0,0,1,0,0,1,0,0,0,0,0,1,1,1,1,0,0,0,0,0,0,0,1,1,0,0,0,0,0,0,1,0,0,0,0,0,0
0,1,0,1,0,1,1,0,0,0,0,0,0,0,0,1,1,1,1,1,1,1,0,1,0,0,1,0,0,0,1,0,0,0,0,0,0,1,1,1,0,1,1,1,0,0,0,1,1,0,0,0,0,0,0,0,0,1,1,1,0,0,1,0,0,0,0,0,1,0,0,1,0,0,0,0,0,1,0,0,1,0,0,0,0,1,0,0,0,0,1,0,0,0,0,0,0,1,0,0,0,0,0,0,0,0,0,0,0,0,0,1,1,1,0,0,0,1,0,0,0,0,0,1,1,0,0,1,1,0,0,0,0,0,0,0,1,0,1,1,0,0,0,0,0,1,1,0,0,0,1,1,0,1,1,0,0,0,0,1,0,0,1,0,0,1,0,0,1,0,0,1,1,1,0,1,1,0,1,0,0,1,0,0,0,0,1,0,0,1,0,0,0,0,0,1,1,1,1,0,0,0,0,0,0,0,1,1,0,0,0,0,0,0,1,0,0,0,0,0,0
0,1,0,1,0,1,1,0,0,0,0,0,0,0,0,1,1,1,1,1,1,1,0,1,0,0,1,0,0,0,1,0,0,0,0,0,0,1,1,1,0,1,1,1,0,0,0,1,1,0,0,0,0,0,0,0,0,1,1,1,0,0,1,0,0,0,0,0,1,0,0,1,0,0,0,0,0,1,0,0,1,0,0,0,0,1,0,0,0,0,1,0,0,0,0,0,0,1,0,0,0,0,0,0,0,0,0,0,0,0,0,1,1,1,0,0,0,1,0,0,0,0,0,1,1,0,0,1,1,0,0,0,0,0,0,0,1,0,1,1,0,0,0,0,0,1,1,0,0,0,1,1,0,1,1,0,0,0,0,1,0,0,1,0,0,1,0,0,1,0,0,1,1,1,0,1,1,0,1,0,0,1,0,0,0,0,1,0,0,1,0,0,0,0,0,1,1,1,1,0,0,0,0,0,0,0,1,1,0,0,0,0,0,0,1,0,0,0,0,0,0
0,1,0,1,0,1,1,0,0,0,0,0,0,0,0,1,1,1,1,0,0,1,0,0,0,0,1,0,0,0,1,0,0,1,0,0,0,0,0,1,0,1,1,1,0,0,0,1,1,0,0,1,0,0,0,0,0,1,1,1,0,0,1,1,1,0,0,0,1,0,0,1,0,0,0,0,0,1,0,0,1,0,0,0,0,1,0,0,0,0,1,0,0,0,0,0,0,1,0,0,0,0,0,0,0,1,0,0,0,0,0,1,1,1,0,0,0,1,0,0,0,0,0,1,1,0,1,1,1,0,0,0,0,0,0,0,1,0,1,1,0,0,0,0,0,1,1,0,1,0,1,1,0,1,1,0,0,0,0,1,0,0,1,0,0,1,0,0,1,0,1,1,1,1,0,1,1,0,1,0,0,1,0,0,0,0,1,0,0,1,0,0,0,0,0,1,1,1,1,0,0,0,0,0,0,0,1,1,0,0,0,0,0,0,1,0,0,0,0,0,0
0,1,0,1,0,1,1,0,0,0,0,0,0,0,0,1,1,1,1,0,0,1,0,0,0,0,1,0,0,0,1,0,0,1,0,0,0,0,0,1,0,1,1,1,0,0,0,1,1,0,0,1,0,0,0,0,0,1,1,1,0,0,1,1,1,0,0,0,1,0,0,1,0,0,0,0,0,1,0,0,1,0,0,0,0,1,0,0,0,0,1,0,0,0,0,0,0,1,0,0,0,0,0,0,0,1,0,0,0,0,0,1,1,1,0,0,0,1,0,0,0,0,0,1,1,0,1,1,1,0,0,0,0,0,0,0,1,0,1,1,0,0,0,0,0,1,1,0,1,0,1,1,0,1,1,0,0,0,0,1,0,0,1,0,0,1,0,0,1,0,1,1,1,1,0,1,1,0,1,0,0,1,0,0,0,0,1,0,0,1,0,0,0,0,0,1,1,1,1,0,0,0,0,0,0,0,1,1,0,0,0,0,0,0,1,0,0,0,0,0,0
0,1,0,1,0,1,1,0,0,0,0,0,0,0,0,1,1,1,0,1,1,1,0,0,0,0,0,0,0,0,1,0,0,0,0,0,0,1,1,1,0,1,1,1,0,0,0,1,1,0,0,1,0,0,0,0,0,1,1,0,0,0,1,0,0,0,0,0,1,0,0,1,0,0,0,0,0,1,0,0,1,0,0,0,0,1,0,0,0,0,1,0,0,0,0,0,0,1,0,0,0,0,0,0,0,0,0,0,0,0,0,1,1,1,0,0,0,1,0,0,0,0,0,1,1,0,1,1,1,0,0,0,0,0,0,0,1,0,1,1,0,0,0,0,0,1,1,0,1,0,1,1,0,1,1,0,0,0,0,1,0,0,1,0,0,1,0,0,1,0,0,1,1,1,0,1,1,0,1,0,0,1,0,0,0,0,1,0,0,1,0,0,0,0,0,0,0,0,0,0,0,0,0,0,0,0,0,0,0,0,0,0,0,0,0,0,0,0,0,0,0
0,1,0,1,0,1,1,0,0,0,0,0,0,0,0,1,1,1,0,0,0,0,0,0,0,0,0,0,0,0,1,0,0,1,0,0,0,0,0,1,0,1,1,1,0,0,0,1,1,0,0,1,0,0,0,0,0,1,1,0,0,0,1,1,1,0,0,0,1,0,0,1,0,0,0,0,0,1,0,0,1,0,0,0,0,1,0,0,0,0,1,0,0,0,0,0,0,1,0,0,0,0,0,0,0,1,0,0,0,0,0,1,1,1,0,0,0,1,0,0,0,0,0,1,1,0,1,1,1,0,0,0,0,0,0,0,1,0,1,1,0,0,0,0,0,1,1,0,1,0,1,1,0,1,1,0,0,0,0,1,0,0,1,0,0,1,0,0,1,0,1,1,1,1,0,1,1,0,1,0,0,1,0,0,0,0,1,0,0,1,0,0,0,0,0,0,0,0,0,0,0,0,0,0,0,0,0,0,0,0,0,0,0,0,0,0,0,0,0,0,0
0,1,0,1,0,1,1,0,0,0,0,0,0,0,0,1,1,1,1,0,0,1,0,0,0,0,1,0,0,0,1,0,0,1,0,0,0,0,0,1,0,1,1,1,0,0,0,1,1,0,0,0,0,0,0,0,0,1,1,1,0,0,1,1,1,0,0,0,1,0,0,1,0,0,0,0,0,1,0,0,1,0,0,0,0,1,0,0,0,0,1,0,0,0,0,0,0,1,0,0,0,0,0,0,0,1,0,0,0,0,0,1,1,1,0,0,0,1,0,0,0,0,0,1,1,0,0,1,1,0,0,0,0,0,0,0,1,0,1,1,0,0,0,0,0,1,1,0,0,0,1,1,0,1,1,0,0,0,0,1,0,0,1,0,0,1,0,0,1,0,1,1,1,1,0,1,1,0,1,0,0,1,0,0,0,0,1,0,0,1,0,0,0,0,0,1,1,1,1,0,0,0,0,0,0,0,1,1,0,0,0,0,0,0,1,0,0,0,0,0,0
0,1,0,1,0,1,1,0,0,0,0,0,0,0,0,1,1,1,0,0,0,0,0,0,0,0,0,0,0,0,1,0,0,1,0,0,0,0,0,1,0,1,1,1,0,0,0,1,1,0,0,1,0,0,0,0,0,1,1,0,0,0,1,1,1,0,0,0,1,0,0,1,0,0,0,0,0,1,0,0,1,0,0,0,0,1,0,0,0,0,1,0,0,0,0,0,0,1,0,0,0,0,0,0,0,1,0,0,0,0,0,1,1,1,0,0,0,1,0,0,0,0,0,1,1,0,1,1,1,0,0,0,0,0,0,0,1,0,1,1,0,0,0,0,0,1,1,0,1,0,1,1,0,1,1,0,0,0,0,1,0,0,1,0,0,1,0,0,1,0,1,1,1,1,0,1,1,0,1,0,0,1,0,0,0,0,1,0,0,1,0,0,0,0,0,0,0,0,0,0,0,0,0,0,0,0,0,0,0,0,0,0,0,0,0,0,0,0,0,0,0
0,1,0,1,0,1,1,0,0,0,0,0,0,0,0,1,1,1,0,0,0,0,0,0,0,0,0,0,0,0,1,0,0,1,0,0,0,0,0,1,0,1,1,1,0,0,0,1,1,0,0,0,0,0,0,0,0,1,1,0,0,0,1,1,1,0,0,0,1,0,0,1,0,0,0,0,0,1,0,0,1,0,0,0,0,1,0,0,0,0,1,0,0,0,0,0,0,1,0,0,0,0,0,0,0,1,0,0,0,0,0,1,1,1,0,0,0,1,0,0,0,0,0,1,1,0,0,1,1,0,0,0,0,0,0,0,1,0,1,1,0,0,0,0,0,1,1,0,0,0,1,1,0,1,1,0,0,0,0,1,0,0,1,0,0,1,0,0,1,0,1,1,1,1,0,1,1,0,1,0,0,1,0,0,0,0,1,0,0,1,0,0,0,0,0,0,0,0,0,0,0,0,0,0,0,0,0,0,0,0,0,0,0,0,0,0,0,0,0,0,0
1,1,0,1,0,1,1,0,0,0,0,0,0,0,0,1,1,1,1,0,0,1,0,0,0,0,1,0,0,0,1,0,0,1,0,0,0,0,0,1,0,1,1,1,0,0,0,1,1,0,0,1,0,0,0,0,0,1,1,1,0,0,1,1,1,0,0,0,1,0,0,1,0,0,0,0,0,1,0,0,1,0,0,0,0,1,0,0,0,0,1,0,0,0,0,0,0,1,0,0,0,0,0,0,0,1,0,0,0,0,0,1,1,1,0,0,0,1,0,0,0,0,0,1,1,0,1,1,1,0,0,0,0,0,0,0,1,0,1,1,0,0,0,0,0,1,1,0,1,0,1,1,0,1,1,0,0,0,0,1,0,0,1,0,0,1,0,0,1,0,1,1,1,1,0,1,1,0,1,0,0,1,0,0,0,0,1,0,0,1,0,0,0,0,0,1,1,1,1,0,0,0,0,0,0,0,1,1,0,0,0,0,0,0,1,0,0,0,0,0,0
1,1,0,1,0,1,1,0,0,0,0,0,0,0,0,1,1,1,1,1,1,1,0,1,0,0,1,0,0,0,1,0,0,0,0,0,0,1,1,1,0,1,1,1,0,0,0,1,1,0,0,1,0,0,0,0,0,1,1,1,0,0,1,0,0,0,0,0,1,0,0,1,0,0,0,0,0,1,0,0,1,0,0,0,0,1,0,0,0,0,1,0,0,0,0,0,0,1,0,0,0,0,0,0,0,0,0,0,0,0,0,1,1,1,0,0,0,1,0,0,0,0,0,1,1,0,1,1,1,0,0,0,0,0,0,0,1,0,1,1,0,0,0,0,0,1,1,0,1,0,1,1,0,1,1,0,0,0,0,1,0,0,1,0,0,1,0,0,1,0,0,1,1,1,0,1,1,0,1,0,0,1,0,0,0,0,1,0,0,1,0,0,0,0,0,1,1,1,1,0,0,0,0,0,0,0,1,1,0,0,0,0,0,0,1,0,0,0,0,0,0
0,1,0,1,0,1,1,0,0,0,0,0,0,0,0,1,1,1,1,0,0,1,0,0,0,0,1,0,0,0,1,0,0,1,0,0,0,0,0,1,0,1,1,1,0,0,0,1,1,0,0,1,0,0,0,0,0,1,1,1,0,0,1,1,1,0,0,0,1,0,0,1,0,0,0,0,0,1,0,0,1,0,0,0,0,1,0,0,0,0,1,0,0,0,0,0,0,1,0,0,0,0,0,0,0,1,0,0,0,0,0,1,1,1,0,0,0,1,0,0,0,0,0,1,1,0,1,1,1,0,0,0,0,0,0,0,1,0,1,1,0,0,0,0,0,1,1,0,1,0,1,1,0,1,1,0,0,0,0,1,0,0,1,0,0,1,0,0,1,0,1,1,1,1,0,1,1,0,1,0,0,1,0,0,0,0,1,0,0,1,0,0,0,0,0,1,1,1,1,0,0,0,0,0,0,0,1,1,0,0,0,0,0,0,1,0,0,0,0,0,0
0,1,0,1,0,1,1,0,0,0,0,0,0,0,0,1,1,1,1,0,0,1,0,0,0,0,1,0,0,0,1,0,0,1,0,0,0,0,0,1,0,1,1,1,0,0,0,1,1,0,0,1,0,0,0,0,0,1,1,1,0,0,1,1,1,0,0,0,1,0,0,1,0,0,0,0,0,1,0,0,1,0,0,0,0,1,0,0,0,0,1,0,0,0,0,0,0,1,0,0,0,0,0,0,0,1,0,0,0,0,0,1,1,1,0,0,0,1,0,0,0,0,0,1,1,0,0,1,1,0,0,0,0,0,0,0,1,0,1,1,0,0,0,0,0,1,1,0,0,0,1,1,0,1,1,0,0,0,0,1,0,0,1,0,0,1,0,0,1,0,1,1,1,1,0,1,1,0,1,0,0,1,0,0,0,0,1,0,0,1,0,0,0,0,0,1,1,1,1,0,0,0,0,0,0,0,1,1,0,0,0,0,0,0,1,0,0,0,0,0,0
0,1,0,1,0,1,1,0,0,0,1,1,0,0,0,1,1,1,0,1,1,1,0,0,0,0,0,0,0,0,1,0,0,0,0,0,0,1,1,1,0,1,1,1,0,0,0,1,1,0,0,1,0,0,0,0,0,1,1,0,0,0,1,0,0,0,0,0,1,0,0,1,0,1,0,0,0,1,0,0,1,0,0,0,0,1,0,0,0,0,1,0,0,0,0,1,0,1,0,0,0,0,0,0,0,0,0,1,0,0,0,1,1,1,0,0,0,1,0,0,1,0,0,1,1,0,1,1,1,0,0,0,1,0,0,0,1,0,1,1,0,1,0,0,0,1,1,0,1,0,1,1,0,1,1,0,0,1,0,1,0,0,1,0,0,1,0,0,1,0,0,1,1,1,0,1,1,0,1,0,0,1,0,1,1,0,1,0,1,1,0,0,1,1,0,1,0,1,1,0,0,0,0,1,1,0,1,1,1,1,0,0,0,0,1,0,1,1,0,0,0
1,1,0,1,0,1,1,0,0,0,0,0,0,0,0,1,1,1,1,1,1,1,0,1,0,0,1,0,0,0,1,0,0,0,0,0,0,1,1,1,0,1,1,1,0,0,0,1,1,0,0,1,0,0,0,0,0,1,1,1,0,0,1,0,0,0,0,0,1,0,0,1,0,0,0,0,0,1,0,0,1,0,0,0,0,1,0,0,0,0,1,0,0,0,0,0,0,1,0,0,0,0,0,0,0,0,0,0,0,0,0,1,1,1,0,0,0,1,0,0,0,0,0,1,1,0,1,1,1,0,0,0,0,0,0,0,1,0,1,1,0,0,0,0,0,1,1,0,1,0,1,1,0,1,1,0,0,0,0,1,0,0,1,0,0,1,0,0,1,0,0,1,1,1,0,1,1,0,1,0,0,1,0,0,0,0,1,0,0,1,0,0,0,0,0,1,1,1,1,0,0,0,0,0,0,0,1,1,0,0,0,0,0,0,1,0,0,0,0,0,0
1,1,0,1,1,1,1,1,0,0,0,0,0,0,0,1,1,1,1,1,1,1,0,1,0,0,1,0,0,0,1,0,0,0,0,0,0,1,1,1,0,1,1,1,0,0,0,1,1,0,0,1,0,1,1,0,0,1,1,1,0,0,1,0,0,0,0,0,1,0,0,1,0,0,0,1,0,1,0,0,1,0,0,1,0,1,0,0,1,0,1,0,0,0,0,0,0,1,0,1,0,0,0,0,0,0,0,0,0,0,0,1,1,1,0,1,1,1,1,0,0,0,0,1,1,0,1,1,1,0,0,0,0,0,0,0,1,0,1,1,0,0,0,1,0,1,1,1,1,0,1,1,0,1,1,0,0,0,0,1,0,0,1,1,0,1,0,0,1,0,0,1,1,1,0,1,1,0,1,0,1,1,0,0,0,0,1,0,0,1,0,0,0,0,0,1,1,1,1,0,0,0,0,0,0,0,1,1,0,0,0,0,0,0,1,0,0,0,0,0,0
0,1,0,0,0,1,1,1,0,0,1,0,0,1,0,0,0,1,1,0,0,0,0,0,0,1,1,1,1,1,1,0,0,0,0,0,0,0,0,1,0,0,1,1,0,0,0,0,1,0,0,1,0,0,0,0,1,1,1,1,0,0,0,0,0,0,0,0,1,0,0,1,0,1,0,0,0,0,1,0,1,0,0,0,0,0,1,0,0,0,1,0,0,0,0,1,0,1,0,0,0,0,0,0,0,0,0,1,0,0,0,0,1,0,0,0,0,1,0,0,1,0,0,1,0,0,0,1,1,1,0,0,1,0,1,0,1,0,0,1,0,1,0,0,0,1,1,0,0,0,1,0,0,1,1,0,1,1,1,1,0,0,1,0,0,1,0,1,1,1,0,0,0,1,0,1,0,0,0,0,0,1,0,1,1,0,1,0,1,1,0,0,1,0,0,1,1,1,1,0,0,0,0,1,0,0,1,0,0,1,0,0,0,1,0,1,0,1,0,0,0
0,1,0,0,0,1,1,1,0,0,1,0,0,1,0,0,0,1,1,0,0,0,0,0,0,1,1,1,1,0,1,0,0,0,0,1,0,0,0,1,0,0,1,1,0,0,0,0,1,0,0,1,0,0,0,0,1,1,1,1,0,0,0,0,0,0,0,0,1,0,0,1,0,1,0,0,0,0,1,0,1,0,0,0,0,0,1,0,0,0,1,0,0,0,0,1,0,1,0,0,0,0,0,0,0,0,0,1,0,0,0,0,1,0,0,0,0,1,0,0,1,0,0,1,0,0,0,1,1,1,0,0,1,0,1,0,1,0,0,1,0,1,0,0,0,1,1,0,0,0,1,0,0,1,1,0,1,1,1,1,0,0,1,0,0,1,0,1,1,1,0,0,0,1,0,1,0,0,0,0,0,1,0,1,1,0,1,0,1,1,0,0,1,0,0,1,1,1,1,0,0,0,0,1,0,1,1,0,0,1,0,0,0,1,0,1,0,1,0,0,0
0,1,0,0,0,1,1,1,0,0,1,0,0,1,0,0,0,1,1,0,0,0,0,0,0,1,1,0,1,0,1,0,0,0,0,0,1,0,0,1,0,0,1,1,0,0,0,0,1,0,0,1,0,0,0,0,1,1,0,1,0,0,0,0,0,0,0,0,1,0,0,1,0,0,0,0,0,0,1,0,1,0,0,0,0,0,1,0,0,0,1,0,0,0,0,1,0,1,0,0,0,0,0,0,0,0,0,1,0,0,0,0,1,0,0,0,0,1,0,0,1,0,0,1,0,0,0,1,1,1,0,0,1,0,1,0,1,0,0,1,0,1,0,0,0,1,1,0,0,0,1,0,0,1,0,0,1,1,1,1,0,0,1,0,0,1,0,1,1,1,0,0,0,1,0,1,0,0,0,0,0,1,0,1,0,0,1,0,1,1,0,0,1,0,0,1,1,1,1,0,0,0,0,1,0,0,1,0,0,1,0,0,0,1,0,1,0,1,0,0,0
0,1,0,0,0,1,1,1,0,0,1,0,0,1,0,0,0,1,1,0,0,0,0,0,0,1,1,0,0,0,1,0,0,0,0,1,1,0,0,1,0,0,1,1,0,0,0,0,1,0,0,1,0,0,0,0,1,1,0,0,0,0,0,0,0,0,0,0,1,0,0,1,0,0,0,0,0,0,1,0,1,0,0,0,0,0,1,0,0,0,1,0,0,0,0,1,0,1,0,0,0,0,0,0,0,0,0,1,0,0,0,0,1,0,0,0,0,1,0,0,1,0,0,1,0,0,0,1,1,1,0,0,1,0,1,0,1,0,0,1,0,1,0,0,0,1,1,0,0,0,1,0,0,1,0,0,1,1,1,1,0,0,1,0,0,1,0,1,1,1,0,0,0,1,0,1,0,0,0,0,0,1,0,1,0,0,1,0,1,1,0,0,1,0,0,1,1,1,1,0,0,0,0,1,0,1,1,0,0,1,0,0,0,1,0,1,0,1,0,0,0
1,1,0,1,0,1,1,1,0,0,0,0,0,0,0,1,1,1,1,1,1,1,0,1,0,1,1,0,1,0,1,0,0,1,0,0,1,0,1,1,0,1,0,1,1,1,0,1,1,0,0,1,0,1,1,0,0,1,1,1,1,1,1,1,1,1,0,1,1,0,1,1,1,0,0,1,0,1,0,1,1,0,0,1,0,1,0,1,1,1,1,1,0,0,0,1,1,1,0,1,0,1,0,0,1,1,1,1,1,1,1,1,1,1,1,1,1,1,1,0,1,1,0,1,0,1,1,1,1,0,1,1,1,0,0,1,1,0,0,1,0,1,0,1,0,1,1,1,1,0,0,0,0,1,0,0,0,1,0,1,1,1,0,1,0,1,1,0,1,0,1,1,1,1,0,1,1,1,0,1,1,1,0,1,1,0,1,1,1,1,1,1,1,0,0,1,0,1,1,1,1,1,1,1,0,0,0,1,1,0,0,1,1,0,1,0,1,0,0,1,1
0,1,0,1,0,1,1,1,0,0,0,0,0,0,0,1,1,1,1,1,1,1,0,1,0,1,1,0,1,0,1,0,0,1,0,0,1,0,1,1,0,1,0,1,0,0,0,1,1,0,0,1,0,1,1,0,0,1,1,0,0,0,1,1,1,1,0,0,1,0,1,1,1,1,0,1,0,1,0,1,1,0,0,1,0,1,0,1,1,1,1,1,0,0,0,1,1,1,0,1,0,1,0,0,1,1,1,1,1,1,1,1,1,1,1,1,1,1,1,0,1,1,0,1,0,1,1,1,1,0,1,0,1,1,0,1,1,0,0,1,0,1,0,1,0,1,1,1,1,0,0,0,0,1,0,0,0,1,0,1,1,1,0,1,0,1,1,0,1,0,1,1,1,1,0,1,1,1,0,1,1,1,0,1,1,0,1,1,1,1,0,1,1,1,0,1,0,1,1,0,0,1,1,1,1,0,0,1,1,0,0,1,1,0,1,0,1,0,0,1,1
0,1,0,1,0,1,1,0,0,0,0,0,0,0,0,1,1,1,1,1,1,1,0,1,0,1,1,0,1,0,1,0,0,1,1,0,1,0,1,1,0,1,0,1,0,0,0,1,0,0,0,0,0,1,1,0,0,1,1,0,0,0,1,1,1,1,0,0,0,1,1,1,1,1,0,1,0,1,0,1,1,0,0,1,0,1,0,1,1,1,0,1,0,0,0,1,1,1,0,1,0,1,0,0,1,1,1,1,1,1,1,1,1,1,0,1,1,1,1,0,1,1,0,0,1,0,1,1,1,0,1,0,1,1,0,1,0,0,0,0,0,1,0,1,0,0,1,1,1,0,0,0,1,1,0,0,0,1,0,0,1,0,0,1,0,1,0,0,1,0,1,1,1,1,0,1,1,1,1,0,1,0,1,1,1,0,1,0,1,1,0,0,1,0,0,1,0,1,1,0,0,0,0,1,0,0,0,0,1,0,0,1,0,0,0,0,1,0,0,1,0
0,1,0,1,0,1,1,0,0,0,0,0,0,0,0,1,1,1,1,1,1,1,0,1,0,1,1,0,1,0,1,0,0,1,0,0,1,0,1,1,0,1,0,1,0,0,0,1,1,0,0,1,0,1,1,0,0,1,1,0,0,0,1,1,1,1,0,0,1,0,1,1,1,1,0,1,0,1,0,1,1,0,0,1,0,1,0,1,1,1,1,1,0,0,0,1,1,1,0,1,0,1,0,0,1,1,1,1,1,1,1,1,1,1,0,1,1,1,1,0,1,1,0,1,1,0,1,1,1,0,1,0,1,1,0,1,1,0,0,1,0,1,0,1,0,1,1,1,1,0,0,1,0,1,0,0,0,1,0,1,1,0,0,1,0,1,0,0,1,0,1,1,1,1,0,1,1,1,1,0,1,1,0,1,1,0,1,0,1,1,0,0,1,0,0,1,0,1,1,0,0,0,0,1,0,0,0,0,1,0,0,1,0,0,0,0,1,0,0,1,0
0,1,0,1,0,1,1,0,0,0,0,0,0,0,0,1,1,1,1,1,1,1,0,1,0,1,1,0,1,0,1,0,0,1,0,0,1,0,1,1,0,1,0,1,0,0,0,1,1,0,0,1,0,1,1,0,0,1,1,0,0,0,1,1,1,1,0,0,1,0,1,1,1,1,0,1,0,1,0,1,1,0,0,1,0,1,0,1,1,1,1,1,0,0,0,1,1,1,0,1,0,1,0,0,1,1,1,1,1,1,1,1,1,1,0,1,1,1,1,0,1,1,0,1,0,0,1,1,1,0,1,0,1,1,0,1,1,0,0,1,0,1,0,1,0,1,1,1,1,0,0,0,0,1,0,0,0,1,0,1,1,0,0,1,0,1,1,0,1,0,1,1,1,1,0,1,1,1,0,0,1,1,0,1,1,0,1,0,1,1,0,1,1,1,0,1,0,1,0,0,0,1,1,1,1,0,0,1,0,0,0,1,0,0,1,0,0,0,0,1,0
0,1,0,1,0,1,1,0,0,0,0,0,0,0,0,1,1,1,1,1,1,1,0,1,0,1,1,0,1,0,1,0,0,1,1,0,1,0,1,1,0,1,0,1,0,0,0,1,0,0,0,0,0,1,1,0,0,1,1,0,0,0,1,1,1,1,0,0,0,1,1,1,1,1,0,1,0,1,0,1,1,0,0,1,0,1,0,1,1,1,0,1,0,0,0,1,1,1,0,1,0,1,0,0,1,1,1,1,1,1,1,1,1,1,0,1,1,1,1,0,1,1,0,0,0,0,1,1,1,0,1,0,1,1,0,1,0,0,0,0,0,1,0,1,0,0,1,1,1,0,0,0,1,1,0,0,0,1,0,0,1,0,0,1,0,1,0,0,1,0,1,1,1,1,0,1,1,1,0,0,1,0,1,1,1,0,1,1,1,1,0,0,1,0,0,1,0,1,1,0,0,0,0,1,0,0,0,0,1,0,0,1,0,0,0,0,1,0,0,1,0
0,1,0,1,0,1,1,0,0,0,0,0,0,0,0,1,1,1,1,1,1,1,0,1,0,1,1,0,1,0,1,0,0,1,0,0,1,0,1,1,0,1,0,1,0,0,0,1,1,0,0,1,0,1,1,0,0,1,1,0,0,0,1,1,1,1,0,0,1,0,1,1,1,1,0,1,0,1,0,1,1,0,0,1,0,1,0,1,1,1,1,1,0,0,0,1,1,1,0,1,0,1,0,0,1,1,1,1,1,1,1,1,1,1,0,1,1,1,1,0,1,1,0,1,0,0,1,1,1,0,1,0,1,1,0,1,1,0,0,1,0,1,0,1,0,1,1,1,1,0,0,0,0,1,0,0,0,1,0,1,1,0,0,1,0,1,0,0,1,0,1,1,1,1,0,1,1,1,0,0,1,1,0,1,1,0,1,1,1,1,0,0,1,0,0,1,0,1,1,0,0,0,0,1,0,0,0,0,1,0,0,1,0,0,0,0,1,0,0,1,0
1,1,0,1,0,1,1,1,0,0,0,0,0,0,0,1,1,1,1,0,1,1,0,1,0,1,1,0,1,0,1,0,0,1,0,0,1,0,0,1,0,1,0,1,0,0,0,1,1,0,0,1,0,0,0,0,0,1,1,0,0,0,1,1,1,0,0,0,1,0,0,1,0,1,0,0,0,1,0,0,1,0,0,0,0,1,0,0,1,0,1,0,0,0,0,1,0,1,0,0,0,0,0,0,0,1,0,1,1,0,0,1,1,1,1,0,0,1,1,0,1,0,0,1,1,1,0,1,1,1,0,0,1,0,1,0,1,0,0,1,0,1,0,0,0,1,1,1,0,0,1,1,0,1,1,0,0,1,1,1,1,1,1,1,0,1,0,1,1,1,1,1,1,1,0,1,1,0,1,1,0,1,0,1,1,0,1,0,1,1,1,0,1,1,0,1,0,1,1,1,1,0,0,1,1,0,0,1,1,0,1,0,1,0,1,0,1,0,1,0,1
0,1,0,1,0,1,1,1,0,0,0,0,0,0,0,1,1,1,1,0,1,1,0,1,0,1,1,0,1,0,1,0,0,1,1,0,1,0,0,1,0,1,0,1,0,0,0,1,0,0,0,0,0,0,0,0,0,1,1,0,0,0,1,1,1,0,0,0,1,1,0,1,0,1,0,0,0,1,0,0,1,0,0,0,0,1,0,0,1,0,1,0,0,0,0,1,0,1,0,0,0,0,0,0,0,1,0,1,1,0,0,1,1,1,0,0,0,1,1,0,1,0,0,1,1,0,0,1,1,0,0,0,1,0,1,0,1,0,0,1,0,1,0,0,0,1,1,1,0,0,1,1,1,1,1,0,0,1,1,1,1,0,1,1,0,1,0,0,1,1,1,1,1,1,0,1,1,0,1,0,0,1,1,1,1,0,1,0,1,1,0,0,1,0,0,1,0,1,1,0,0,0,0,1,0,0,0,0,1,0,1,0,0,0,0,0,1,0,1,0,0
0,1,0,1,0,1,1,1,0,0,0,0,0,0,0,1,1,1,1,0,1,1,0,1,0,1,1,0,1,0,1,0,0,1,0,0,1,0,0,1,0,1,0,1,0,0,0,1,1,0,0,1,0,0,0,0,0,1,1,0,0,0,1,1,1,0,0,0,1,0,0,1,0,1,0,0,0,1,0,0,1,0,0,0,0,1,0,0,1,0,1,0,0,0,0,1,0,1,0,0,0,0,0,0,0,1,0,1,1,0,0,1,1,1,0,0,0,1,1,0,1,0,0,1,1,0,0,1,1,0,0,0,1,0,1,0,1,0,0,1,0,1,0,0,0,1,1,1,0,0,1,1,0,1,1,0,0,1,1,1,1,0,1,1,0,1,0,0,1,1,1,1,1,1,0,1,1,0,1,0,0,1,0,1,1,0,1,0,1,1,0,0,1,0,0,1,0,1,1,0,0,0,0,1,0,0,0,0,1,0,1,0,0,0,0,0,1,0,1,0,0
0,1,0,1,0,1,1,1,0,0,0,0,0,0,0,1,1,1,1,0,1,1,0,1,0,1,1,0,1,0,1,0,0,1,1,0,1,0,0,1,0,1,0,1,0,0,0,1,0,0,0,0,0,0,0,0,0,1,1,0,0,0,1,1,1,0,0,0,1,1,0,1,0,1,0,0,0,1,0,0,1,0,0,0,0,1,0,0,1,0,1,0,0,0,0,1,0,1,0,0,0,0,0,0,0,1,0,1,1,0,0,1,1,1,1,0,0,1,1,0,1,0,0,1,1,1,0,1,1,1,0,0,1,0,1,0,1,0,0,1,0,1,0,0,0,1,1,1,0,0,1,1,1,1,1,0,0,1,1,1,1,0,1,1,0,1,0,1,1,1,1,1,1,1,0,1,1,0,1,0,0,1,1,1,1,0,1,0,1,1,1,0,1,1,0,1,0,1,1,1,1,0,0,1,1,0,0,1,1,0,1,0,1,0,1,0,1,0,1,0,1
0,1,0,1,0,1,1,1,0,0,0,0,0,0,0,1,1,1,1,0,1,1,0,1,0,1,1,0,1,0,1,0,0,1,0,0,1,0,0,1,0,1,0,1,0,0,0,1,1,0,0,1,0,0,0,0,0,1,1,0,0,0,1,1,1,0,0,0,1,0,0,1,0,1,0,0,0,1,0,0,1,0,0,0,0,1,0,0,1,0,1,0,0,0,0,1,0,1,0,0,0,0,0,0,0,1,0,1,1,0,0,1,1,1,1,0,0,1,1,0,1,0,0,1,1,1,0,1,1,1,0,0,1,0,1,0,1,0,0,1,0,1,0,0,0,1,1,1,0,0,1,1,0,1,1,0,0,1,1,1,1,1,1,1,0,1,0,1,1,1,1,1,1,1,0,1,1,0,1,1,0,1,0,1,1,0,1,0,1,1,1,0,1,1,0,1,0,1,1,1,1,0,0,1,1,0,0,1,1,0,1,0,1,0,1,0,1,0,1,0,1
0,1,0,1,0,1,1,1,0,0,0,0,0,0,0,1,1,1,1,0,1,1,0,1,0,1,1,0,1,0,1,0,0,1,1,0,1,0,0,1,0,1,0,1,0,0,0,1,0,0,0,0,0,0,0,0,0,1,1,0,0,0,1,1,1,0,0,0,1,1,0,1,0,1,0,0,0,1,0,0,1,0,0,0,0,1,0,0,1,0,1,0,0,0,0,1,0,1,0,0,0,0,0,0,0,1,0,1,1,0,0,1,1,1,0,0,0,1,1,0,1,0,0,1,1,0,0,1,1,1,0,0,1,0,1,0,1,0,0,1,0,1,0,0,0,1,1,1,0,0,1,1,1,1,1,0,0,1,1,1,1,0,1,1,0,1,0,1,1,1,1,1,1,1,0,1,1,0,1,0,0,1,1,1,1,0,1,0,1,1,1,0,1,1,0,1,0,1,0,1,1,0,0,1,1,0,0,1,0,0,1,0,0,0,1,0,0,0,1,0,0
0,1,0,1,0,1,1,0,0,0,0,0,0,0,0,1,1,1,1,0,1,1,0,1,0,1,1,0,1,0,1,0,0,1,0,0,1,0,1,1,0,1,0,1,0,0,0,1,0,0,0,0,0,1,1,0,0,1,1,0,0,0,1,1,1,0,0,0,1,0,0,1,0,1,0,1,0,1,0,0,1,0,0,1,0,1,0,0,1,0,1,0,0,0,0,1,0,1,0,1,0,0,0,0,0,1,0,1,1,0,0,1,1,1,0,1,1,1,1,0,1,0,0,1,1,0,0,1,1,0,0,0,1,0,1,0,1,0,0,1,0,1,0,1,0,1,1,1,0,0,1,1,0,1,1,0,0,1,1,1,1,0,1,1,0,1,0,0,1,1,1,1,1,1,0,1,1,0,1,0,1,1,0,1,1,0,1,1,1,1,0,0,1,0,0,1,0,1,0,0,0,0,0,1,0,0,0,0,0,0,1,0,0,0,0,0,0,0,1,0,0
0,1,0,1,0,1,1,1,0,0,0,0,0,0,0,1,1,1,1,0,1,1,0,1,0,1,1,0,1,0,1,0,0,1,0,0,1,0,0,1,0,1,0,1,0,0,0,1,1,0,0,1,0,0,0,0,0,1,1,0,0,0,1,1,1,0,0,0,1,0,0,1,0,1,0,0,0,1,0,0,1,0,0,0,0,1,0,0,1,0,1,0,0,0,0,1,0,1,0,0,0,0,0,0,0,1,0,1,1,0,0,1,1,1,0,0,0,1,1,0,1,0,0,1,1,0,0,1,1,1,0,0,1,0,1,0,1,0,0,1,0,1,0,0,0,1,1,1,0,0,1,1,0,1,1,0,0,1,1,1,1,0,1,1,0,1,0,1,1,1,1,1,1,1,0,1,1,0,1,0,0,1,0,1,1,0,1,0,1,1,1,0,1,1,0,1,0,1,0,1,1,0,0,1,1,0,0,1,0,0,1,0,0,0,1,0,0,0,1,0,0
0,1,0,1,0,1,1,1,0,0,0,0,0,0,0,1,1,1,1,0,1,1,0,1,0,1,1,0,1,0,1,0,0,1,0,0,1,0,1,1,0,1,0,1,0,0,0,1,0,0,0,0,0,1,1,0,0,1,1,0,0,0,1,1,1,0,0,0,1,0,0,1,0,1,0,1,0,1,0,0,1,0,0,1,0,1,0,0,1,0,1,0,0,0,0,1,0,1,0,1,0,0,0,0,0,1,0,1,1,0,0,1,1,1,0,1,1,1,1,0,1,0,0,1,1,0,0,1,1,0,0,0,1,0,1,0,1,0,0,1,0,1,0,1,0,1,1,1,0,0,1,1,0,1,1,0,0,1,1,1,1,0,1,1,0,1,0,0,1,1,1,1,1,1,0,1,1,0,1,0,1,1,0,1,1,0,1,1,1,1,0,0,1,0,0,1,0,1,0,0,0,0,0,1,0,0,0,0,0,0,1,0,0,0,0,0,0,0,1,0,0
0,1,0,1,0,1,1,1,0,0,0,0,0,0,0,1,1,1,1,0,1,1,0,1,0,1,1,0,1,0,1,0,0,1,0,0,1,0,0,1,0,1,0,1,0,0,0,1,1,0,0,1,0,0,0,0,0,1,1,0,0,0,1,1,1,0,0,0,1,0,0,1,0,1,0,0,0,1,0,0,1,0,0,0,0,1,0,0,1,0,1,0,0,0,0,1,0,1,0,0,0,0,0,0,0,1,0,1,1,0,0,1,1,1,0,0,0,1,1,0,1,0,0,1,1,0,0,1,1,1,0,0,1,0,1,0,1,0,0,1,0,1,0,0,0,1,1,1,0,0,1,1,0,1,1,0,0,1,1,1,1,0,1,1,0,1,0,1,1,1,1,1,1,1,0,1,1,0,1,0,0,1,0,1,1,0,1,0,1,1,1,0,1,1,0,1,0,1,0,1,1,0,0,1,1,0,0,1,0,0,1,0,0,0,1,0,0,0,1,0,0
0,1,0,1,0,1,1,1,0,0,0,0,0,0,0,1,1,1,1,0,1,1,0,1,0,1,1,0,1,0,1,0,0,1,1,0,1,0,0,1,0,1,0,1,0,0,0,1,0,0,0,0,0,0,0,0,0,1,1,0,0,0,1,1,1,0,0,0,1,1,0,1,0,1,0,0,0,1,0,0,1,0,0,0,0,1,0,0,1,0,1,0,0,0,0,1,0,1,0,0,0,0,0,0,0,1,0,1,1,0,0,1,1,1,0,0,0,1,1,0,1,0,0,1,1,0,0,1,1,0,0,0,1,0,1,0,1,0,0,1,0,1,0,0,0,1,1,1,0,0,1,1,1,1,1,0,0,1,1,1,1,0,1,1,0,1,0,0,1,1,1,1,1,1,0,1,1,0,1,0,0,1,1,1,1,0,1,0,1,1,0,0,1,0,0,1,0,1,1,0,0,0,0,1,0,0,0,0,1,0,1,0,0,0,0,0,1,0,1,0,0
0,1,0,1,0,1,1,1,0,0,0,0,0,0,0,1,1,1,1,0,1,1,0,1,0,1,1,0,1,0,1,0,0,1,0,0,1,0,0,1,0,1,0,1,0,0,0,1,1,0,0,1,0,0,0,0,0,1,1,0,0,0,1,1,1,0,0,0,1,0,0,1,0,1,0,0,0,1,0,0,1,0,0,0,0,1,0,0,1,0,1,0,0,0,0,1,0,1,0,0,0,0,0,0,0,1,0,1,1,0,0,1,1,1,0,0,0,1,1,0,1,0,0,1,1,0,0,1,1,0,0,0,1,0,1,0,1,0,0,1,0,1,0,0,0,1,1,1,0,0,1,1,0,1,1,0,0,1,1,1,1,0,1,1,0,1,0,0,1,1,1,1,1,1,0,1,1,0,1,0,0,1,0,1,1,0,1,0,1,1,0,0,1,0,0,1,0,1,1,0,0,0,0,1,0,0,0,0,1,0,1,0,0,0,0,0,1,0,1,0,0
0,1,0,1,0,1,1,1,0,0,0,0,0,0,0,1,1,1,1,0,1,1,0,1,0,1,1,0,1,0,1,0,0,1,0,0,1,0,0,1,0,1,0,1,0,0,0,1,1,0,0,1,0,0,0,0,0,1,1,0,0,0,1,1,1,0,0,0,1,0,0,1,0,1,0,0,0,1,0,0,1,0,0,0,0,1,0,0,1,0,1,0,0,0,0,1,0,1,0,0,0,0,0,0,0,1,0,1,1,0,0,1,1,1,0,0,0,1,1,0,1,0,0,1,1,0,0,1,1,1,0,0,1,0,1,0,1,0,0,1,0,1,0,0,0,1,1,1,0,0,1,1,0,1,1,0,0,1,1,1,1,0,1,1,0,1,0,1,1,1,1,1,1,1,0,1,1,0,1,0,0,1,0,1,1,0,1,0,1,1,1,0,1,1,0,1,0,1,0,1,1,0,0,1,1,0,0,0,0,0,1,0,0,0,0,0,0,0,1,0,0
0,1,0,1,0,1,1,0,0,0,0,0,0,0,0,1,1,1,1,0,1,1,0,1,0,1,1,0,1,0,1,0,0,1,0,0,1,0,0,1,0,1,0,1,0,0,0,1,0,0,0,0,0,0,0,0,0,1,1,0,0,0,1,1,1,0,0,0,1,0,0,1,0,1,0,0,0,1,0,0,1,0,0,0,0,1,0,0,1,0,1,0,0,0,0,1,0,1,0,0,0,0,0,0,0,1,0,1,1,0,0,1,1,1,0,0,0,1,1,0,1,0,0,1,1,0,0,1,1,0,0,0,1,0,1,0,1,0,0,1,0,1,0,0,0,1,1,1,0,0,1,1,0,1,1,0,0,1,1,1,1,0,1,1,0,1,0,0,1,1,1,1,1,1,0,1,1,0,1,0,0,1,0,1,1,0,1,0,1,1,0,0,1,0,0,1,0,1,0,0,0,0,0,1,0,0,0,0,0,0,1,0,0,0,0,0,0,0,1,0,0
0,1,0,1,0,1,1,1,0,0,0,0,0,0,0,1,1,1,1,0,1,1,0,1,0,1,1,0,1,0,1,0,0,1,0,0,1,0,0,1,0,1,0,1,0,0,0,1,1,0,0,1,0,0,0,0,0,1,1,0,0,0,1,1,1,0,0,0,1,0,0,1,0,1,0,0,0,1,0,0,1,0,0,0,0,1,0,0,1,0,1,0,0,0,0,1,0,1,0,0,0,0,0,0,0,1,0,1,1,0,0,1,1,1,1,0,0,1,1,0,1,0,0,1,1,1,0,1,1,1,0,0,1,0,1,0,1,0,0,1,0,1,0,0,0,1,1,1,0,0,1,1,0,1,1,0,0,1,1,1,1,1,1,1,0,1,0,1,1,1,1,1,1,1,0,1,1,0,1,1,0,1,0,1,1,0,1,0,1,1,1,0,1,1,0,1,0,1,1,1,1,0,0,1,1,0,0,1,1,0,1,0,1,0,1,0,1,0,1,0,1
0,1,0,0,0,1,1,1,0,0,0,0,0,0,0,1,1,1,1,0,1,1,0,1,0,1,1,0,1,0,1,0,0,0,0,0,1,0,0,1,0,1,1,1,0,0,0,1,1,0,0,1,0,0,0,0,1,1,1,0,0,0,1,0,0,0,0,0,1,0,0,1,0,1,0,0,0,0,1,0,1,0,0,0,0,0,1,0,1,0,1,0,0,0,0,1,0,1,0,0,0,0,0,0,0,0,0,1,0,0,0,1,1,1,1,0,0,1,1,0,1,0,0,1,0,1,0,1,1,1,0,0,1,0,1,0,1,0,0,1,0,1,0,0,0,1,1,1,0,0,1,0,0,1,1,0,0,1,1,1,1,1,1,1,0,1,0,1,1,1,0,0,0,1,0,1,1,0,0,1,0,1,0,1,1,0,1,0,1,1,1,1,1,1,0,1,0,1,1,1,1,1,0,1,1,0,0,1,1,0,1,0,1,0,1,0,1,0,1,0,1
0,1,0,1,0,1,1,1,0,0,0,0,0,0,0,1,1,1,1,0,1,1,0,1,0,1,1,0,1,0,1,0,0,1,0,0,1,0,0,1,0,1,0,1,0,0,0,1,1,0,0,1,0,0,0,0,0,1,1,0,0,0,1,1,1,0,0,0,1,0,0,1,0,1,0,0,0,1,0,0,1,0,0,0,0,1,0,0,1,0,1,0,0,0,0,1,0,1,0,0,0,0,0,0,0,1,0,1,1,0,0,1,1,1,0,0,0,1,1,0,1,0,0,1,1,0,0,1,1,0,0,0,1,0,1,0,1,0,0,1,0,1,0,0,0,1,1,1,0,0,1,1,0,1,1,0,0,1,1,1,1,0,1,1,0,1,0,0,1,1,1,1,1,1,0,1,1,0,1,0,0,1,0,1,1,0,1,0,1,1,0,0,1,0,0,1,0,1,1,0,0,0,0,1,0,0,0,0,1,0,1,0,0,0,0,0,1,0,1,0,0
0,1,0,0,0,1,1,1,0,0,0,0,0,0,0,1,1,1,1,0,1,1,0,1,0,1,1,0,1,0,1,0,0,0,0,0,1,0,0,1,0,1,1,1,0,0,0,1,1,0,0,1,0,0,0,0,1,1,1,0,0,0,1,0,0,0,0,0,1,0,0,1,0,1,0,0,0,0,1,0,1,0,0,0,0,0,1,0,1,0,1,0,0,0,0,1,0,1,0,0,0,0,0,0,0,0,0,1,0,0,0,1,1,1,1,0,0,1,1,0,1,0,0,1,0,1,0,1,1,1,0,0,1,0,1,0,1,0,0,1,0,1,0,0,0,1,1,1,0,0,1,0,0,1,1,0,0,1,1,1,1,1,1,1,0,1,0,1,1,1,0,0,0,1,0,1,1,0,0,1,0,1,0,1,1,0,1,1,1,1,1,0,1,1,0,1,0,1,1,1,1,0,0,1,1,0,0,1,1,0,1,0,1,0,1,0,1,0,1,0,1
0,1,0,0,0,1,1,1,0,0,0,0,0,0,0,1,1,1,1,0,1,1,0,1,0,1,1,0,1,0,1,0,0,0,0,0,1,0,0,1,0,1,1,1,0,0,0,1,1,0,0,1,0,0,0,0,1,1,1,0,0,0,1,0,0,0,0,0,1,0,0,1,0,1,0,0,0,0,1,0,1,0,0,0,0,0,1,0,1,0,1,0,0,0,0,1,0,1,0,0,0,0,0,0,0,0,0,1,0,0,0,1,1,1,0,0,0,1,1,0,1,0,0,1,0,1,0,1,1,0,0,0,1,0,1,0,1,0,0,1,0,1,0,0,0,1,1,1,0,0,1,0,0,1,1,0,0,1,1,1,1,0,1,1,0,1,0,0,1,1,0,0,0,1,0,1,1,0,0,1,0,1,0,1,1,0,1,1,1,1,0,0,1,0,0,1,0,1,1,0,0,0,0,1,0,0,0,0,1,0,1,0,0,0,0,0,1,0,1,0,0
0,1,0,1,0,1,1,1,0,0,0,0,0,0,0,1,1,1,1,0,1,1,0,1,0,1,1,0,1,0,1,0,0,1,0,0,0,1,1,1,0,1,0,1,0,0,0,1,1,0,0,1,0,0,0,0,0,1,1,0,0,0,1,1,1,0,0,0,1,0,0,1,0,1,0,0,0,1,0,0,1,0,0,0,0,1,0,0,1,0,1,0,0,0,0,1,0,1,0,0,0,0,0,0,0,1,0,1,1,0,0,1,1,1,1,0,0,1,1,0,1,0,0,1,1,1,0,1,1,1,0,0,1,0,1,0,1,0,1,1,0,1,0,0,0,1,1,1,0,0,1,1,0,1,1,0,0,1,1,1,1,1,1,1,0,1,0,1,1,1,1,1,1,1,0,1,1,0,1,1,0,1,0,1,1,0,1,0,1,1,1,0,1,1,0,1,0,1,1,1,1,0,0,1,1,0,0,1,1,0,1,0,1,0,1,0,1,0,1,0,1
0,1,0,1,0,1,1,1,0,0,0,0,0,0,0,1,1,1,1,0,1,1,0,1,0,1,1,0,1,0,1,0,0,1,1,0,0,1,1,1,0,1,0,1,0,0,0,1,0,0,0,0,0,0,0,0,0,1,1,0,0,0,1,1,1,0,0,0,1,1,0,1,0,1,0,0,0,1,0,0,1,0,0,0,0,1,0,0,1,0,1,0,0,0,0,1,0,1,0,0,0,0,0,0,0,1,0,1,1,0,0,1,1,1,0,0,0,1,1,0,1,0,0,1,1,0,0,1,1,0,0,0,1,0,1,0,1,0,1,1,0,1,0,0,0,1,1,1,0,0,1,1,1,1,1,0,0,1,1,1,1,0,1,1,0,1,0,0,1,1,1,1,1,1,0,1,1,0,1,0,0,1,1,1,1,0,1,0,1,1,0,0,1,0,0,1,0,1,1,0,0,0,0,1,0,0,0,0,1,0,1,0,0,0,0,0,1,0,1,0,0
0,1,0,1,0,1,1,1,0,0,0,0,0,0,0,1,1,1,1,0,1,1,0,1,0,1,1,0,1,0,1,0,0,1,0,0,0,1,1,1,0,1,0,1,0,0,0,1,1,0,0,1,0,0,0,0,0,1,1,0,0,0,1,1,1,0,0,0,1,0,0,1,0,1,0,0,0,1,0,0,1,0,0,0,0,1,0,0,1,0,1,0,0,0,0,1,0,1,0,0,0,0,0,0,0,1,0,1,1,0,0,1,1,1,0,0,0,1,1,0,1,0,0,1,1,0,0,1,1,0,0,0,1,0,1,0,1,0,1,1,0,1,0,0,0,1,1,1,0,0,1,1,0,1,1,0,0,1,1,1,1,0,1,1,0,1,0,0,1,1,1,1,1,1,0,1,1,0,1,0,0,1,0,1,1,0,1,0,1,1,0,0,1,0,0,1,0,1,1,0,0,0,0,1,0,0,0,0,1,0,1,0,0,0,0,0,1,0,1,0,0
0,0,0,1,0,1,0,0,0,0,1,0,1,1,0,0,0,0,0,0,0,0,0,0,0,1,1,0,0,0,1,0,0,1,1,0,0,0,1,1,0,1,0,1,0,1,0,1,0,1,1,0,0,1,1,0,0,1,1,0,0,1,0,0,1,1,0,0,0,1,1,0,0,0,1,1,0,0,0,1,0,1,1,1,0,0,0,1,1,0,0,0,0,0,1,0,1,1,0,1,0,0,0,1,1,0,1,0,0,1,1,1,1,1,0,1,1,1,1,0,0,1,0,0,0,0,0,1,1,0,1,0,0,0,0,1,0,0,1,0,0,0,0,1,1,0,1,1,0,0,0,0,1,1,0,1,0,0,0,0,1,0,0,1,0,1,1,0,1,0,1,0,0,1,0,1,1,1,0,0,1,0,1,0,0,0,1,1,0,1,0,0,0,0,0,0,0,1,0,0,0,0,0,0,0,0,0,0,0,0,1,0,0,0,0,0,0,0,1,0,0
0,0,0,1,0,1,0,0,0,0,1,0,1,1,0,0,0,0,0,0,0,0,0,0,0,1,1,0,0,0,1,0,0,1,1,0,0,0,1,1,0,1,0,1,0,1,0,1,0,1,1,0,1,1,1,1,0,1,1,0,0,1,1,0,1,1,1,1,0,1,1,0,0,0,1,1,0,0,0,1,0,1,1,1,1,0,0,1,1,1,0,1,1,1,1,0,1,1,0,1,0,1,1,1,0,0,0,0,0,0,1,1,1,1,0,1,1,1,1,0,0,0,1,0,0,0,1,1,1,0,0,0,0,0,0,0,0,0,0,0,1,0,0,1,0,0,1,1,1,0,0,0,1,1,0,0,0,0,0,0,1,0,0,1,1,1,1,0,1,0,1,0,0,1,1,1,1,0,0,0,1,0,1,0,0,1,1,1,0,1,0,0,0,0,0,0,0,1,0,0,0,0,0,0,0,0,0,0,0,0,1,0,0,0,0,0,0,0,1,0,0
0,0,0,1,0,1,1,0,0,0,0,0,0,0,0,1,1,1,0,0,0,0,0,0,0,0,0,0,0,0,1,0,0,1,1,0,0,0,1,1,0,1,1,1,0,0,0,1,1,0,0,0,0,1,1,0,0,1,1,0,0,0,1,0,1,0,0,0,1,1,0,0,0,0,0,1,0,0,0,0,0,0,0,1,0,0,0,0,1,0,0,0,0,0,0,0,0,1,0,1,0,0,0,0,0,0,0,0,0,0,0,1,1,1,0,1,1,1,1,0,0,0,0,0,1,0,0,1,1,0,0,0,0,0,0,0,0,0,0,0,0,0,0,1,0,0,1,1,0,0,1,1,1,1,0,0,0,0,0,0,1,0,0,1,0,1,1,0,1,0,1,0,0,1,0,1,1,0,1,0,1,0,1,0,0,0,1,1,0,1,0,0,0,0,0,0,0,1,0,0,0,0,0,0,0,0,0,0,0,0,1,0,0,0,0,0,0,0,1,0,0
0,0,0,1,0,1,0,0,0,0,0,0,0,0,0,1,1,1,0,0,0,0,0,0,0,0,0,0,0,0,1,0,0,1,1,0,0,0,1,1,0,1,0,1,0,0,0,1,0,0,0,0,0,1,1,0,0,1,1,0,0,0,1,0,1,0,0,0,0,1,0,0,0,0,0,1,0,0,0,0,0,0,0,1,0,0,0,0,1,0,0,0,0,0,0,0,0,1,0,1,0,0,0,0,0,0,0,0,0,0,0,1,1,1,0,1,1,1,1,0,0,0,0,0,0,0,0,1,1,0,0,0,0,0,0,0,0,0,0,0,0,0,0,1,0,0,1,1,0,0,0,0,1,1,0,0,0,0,0,0,1,0,0,1,0,1,1,0,1,0,1,0,0,1,0,1,1,0,0,0,1,0,1,0,0,0,1,1,0,1,0,0,0,0,0,0,0,1,0,0,0,0,0,0,0,0,0,0,0,0,1,0,0,0,0,0,0,0,1,0,0
0,0,0,1,0,1,0,0,0,0,1,0,1,1,0,0,0,0,0,0,0,0,0,0,0,0,0,0,0,0,1,0,0,1,1,0,0,0,1,1,0,1,0,1,0,0,0,1,0,0,0,0,0,1,1,0,0,1,1,0,0,0,1,0,1,0,0,0,0,1,0,0,0,0,0,1,0,0,0,0,0,0,0,1,0,0,0,0,1,0,0,0,0,0,0,0,0,1,0,1,0,0,0,0,0,0,0,0,0,0,0,1,1,1,0,1,1,1,1,0,0,0,0,0,0,0,0,1,1,0,0,0,0,0,0,0,0,0,0,0,0,0,0,1,0,0,1,1,0,0,0,0,1,1,0,0,0,0,0,0,1,0,0,1,0,1,1,0,1,0,1,0,0,1,0,1,1,0,0,0,1,0,1,0,0,0,1,1,0,1,0,0,0,0,0,0,0,1,0,0,0,0,0,0,0,0,0,0,0,0,1,0,0,0,0,0,0,0,1,0,0
0,0,0,1,0,1,0,0,0,0,0,0,0,0,0,0,0,0,0,0,0,0,0,0,0,0,0,0,0,0,1,0,0,1,1,0,0,0,1,1,0,1,0,1,0,0,0,1,0,0,0,1,0,1,1,0,0,1,1,0,0,0,1,0,1,0,0,0,0,1,0,0,0,0,0,1,0,0,0,0,0,0,0,1,0,0,0,0,1,0,0,0,0,0,0,0,0,1,0,1,0,0,0,0,0,0,0,0,0,0,0,1,1,1,0,1,1,1,1,0,0,0,0,0,0,0,0,1,1,0,0,0,0,0,0,0,0,0,0,0,0,0,0,1,0,0,1,1,0,0,0,0,1,1,0,0,0,0,0,0,1,0,0,1,0,1,1,0,1,0,1,0,0,1,0,1,1,0,0,0,1,0,1,0,0,0,1,1,0,1,0,0,0,0,0,0,0,1,0,0,0,0,0,0,0,0,0,0,0,0,1,0,0,0,0,0,0,0,1,0,0
0,0,0,1,0,1,0,0,0,0,0,0,0,0,0,0,0,0,0,0,0,0,0,0,0,0,0,0,0,0,1,0,0,1,1,0,0,0,1,1,0,1,0,1,0,0,0,1,0,0,0,1,0,1,1,0,0,1,1,0,0,0,1,0,1,0,0,0,0,1,0,0,0,0,0,1,0,0,0,0,0,0,0,1,0,0,0,0,1,0,0,0,0,0,0,0,0,1,0,1,0,0,0,0,0,0,0,0,0,0,0,1,1,1,0,1,1,1,1,0,0,0,0,0,0,0,0,1,1,0,0,0,0,0,0,0,0,0,0,0,0,0,0,1,0,0,1,1,0,0,0,0,1,1,0,0,0,0,0,0,1,0,0,1,0,1,1,0,1,0,1,0,0,1,0,1,1,0,0,0,1,0,1,0,0,0,1,1,0,1,0,0,0,0,0,0,0,1,0,0,0,0,0,0,0,0,0,0,0,0,1,0,0,0,0,0,0,0,1,0,0
0,0,0,1,0,1,0,0,0,0,0,0,0,0,0,0,0,0,0,0,0,0,0,0,0,0,0,0,0,0,1,0,0,1,1,0,0,0,1,1,0,1,0,1,0,0,0,1,0,0,0,1,0,1,1,0,0,1,1,0,0,0,1,0,1,0,0,0,0,1,0,0,0,0,0,1,0,0,0,0,0,0,0,1,0,0,0,0,1,0,0,0,0,0,0,0,0,1,0,1,0,0,0,0,0,0,0,0,0,0,0,1,1,1,0,1,1,1,1,0,0,0,0,0,0,0,0,1,1,0,0,0,0,0,0,0,0,0,0,0,0,0,0,1,0,0,1,1,0,0,0,0,1,1,0,0,0,0,0,0,1,0,0,1,0,1,1,0,1,0,1,0,0,1,0,1,1,0,0,0,1,0,1,0,0,0,1,1,0,1,0,0,0,0,0,0,0,1,0,0,0,0,0,0,0,0,0,0,0,0,1,0,0,0,0,0,0,0,1,0,0
0,0,0,1,0,1,0,0,0,0,0,0,0,0,0,0,0,0,0,0,0,0,0,0,0,0,0,0,0,0,1,0,0,1,1,0,0,0,1,1,0,1,0,1,0,0,0,1,0,0,0,1,0,1,1,0,0,1,1,0,0,0,1,0,1,0,0,0,0,1,0,0,0,0,0,1,0,0,0,0,0,0,0,1,0,0,0,0,1,0,0,0,0,0,0,0,0,1,0,1,0,0,0,0,0,0,0,0,0,0,0,1,1,1,0,1,1,1,1,0,0,0,0,0,0,0,0,1,1,0,0,0,0,0,0,0,0,0,0,0,0,0,0,1,0,0,1,1,0,0,0,0,1,1,0,0,0,0,0,0,1,0,0,1,0,1,1,0,1,0,1,0,0,1,0,1,1,0,0,0,1,0,1,0,0,0,1,1,0,1,0,0,0,0,0,0,0,1,0,0,0,0,0,0,0,0,0,0,0,0,1,0,0,0,0,0,0,0,1,0,0
0,0,0,1,0,1,0,0,0,0,0,0,0,0,0,0,0,0,0,0,0,0,0,0,0,0,0,0,0,0,1,0,0,1,1,0,0,0,1,1,0,1,0,1,0,0,0,1,0,0,0,1,0,1,1,0,0,1,1,0,0,0,1,0,1,0,0,0,0,1,0,0,0,0,0,1,0,0,0,0,0,0,0,1,0,0,0,0,1,0,0,0,0,0,0,0,0,1,0,1,0,0,0,0,0,0,0,0,0,0,0,1,1,1,0,1,1,1,1,0,0,0,0,0,0,0,0,1,1,0,0,0,0,0,0,0,0,0,0,0,0,0,0,1,0,0,1,1,0,0,0,0,1,1,0,0,0,0,0,0,1,0,0,1,0,1,1,0,1,0,1,0,0,1,0,1,1,0,0,0,1,0,1,0,0,0,1,1,0,1,0,0,0,0,0,0,0,1,0,0,0,0,0,0,0,0,0,0,0,0,1,0,0,0,0,0,0,0,1,0,0
0,0,0,1,0,1,0,0,0,0,0,0,0,0,0,0,0,0,0,0,0,0,0,0,0,0,0,0,0,0,1,0,0,1,1,0,0,0,1,1,0,1,0,1,0,0,0,1,0,0,0,1,0,1,1,0,0,1,1,0,0,0,1,0,1,0,0,0,0,1,0,0,0,0,0,1,0,0,0,0,0,0,0,1,0,0,0,0,1,0,0,0,0,0,0,0,0,1,0,1,0,0,0,0,0,0,0,0,0,0,0,1,1,1,0,1,1,1,1,0,0,0,0,0,0,0,0,1,1,0,0,0,0,0,0,0,0,0,0,0,0,0,0,1,0,0,1,1,0,0,0,0,1,1,0,0,0,0,0,0,1,0,0,1,0,1,1,0,1,0,1,0,0,1,0,1,1,0,0,0,1,0,1,0,0,0,1,1,0,1,0,0,0,0,0,0,0,1,0,0,0,0,0,0,0,0,0,0,0,0,1,0,0,0,0,0,0,0,1,0,0
0,0,0,1,0,1,0,0,0,0,0,0,0,0,0,0,0,0,0,0,0,0,0,0,0,0,0,0,0,0,1,0,0,1,1,0,0,0,1,1,0,1,0,1,0,0,0,1,0,0,0,1,0,1,1,0,0,1,1,0,0,0,1,0,1,0,0,0,0,1,0,0,0,0,0,1,0,0,0,0,0,0,0,1,0,0,0,0,1,0,0,0,0,0,0,0,0,1,0,1,0,0,0,0,0,0,0,0,0,0,0,1,1,1,0,1,1,1,1,0,0,0,0,0,0,0,0,1,1,0,0,0,0,0,0,0,0,0,0,0,0,0,0,1,0,0,1,1,0,0,0,0,1,1,0,0,0,0,0,0,1,0,0,1,0,1,1,0,1,0,1,0,0,1,0,1,0,0,0,0,1,0,1,0,0,0,1,1,0,1,0,0,0,0,0,0,0,1,0,0,0,0,0,0,0,0,0,0,0,0,1,0,0,0,0,0,0,0,1,0,0
0,0,0,1,0,1,0,0,0,0,0,0,0,0,0,0,0,0,0,0,0,0,0,0,0,0,0,0,0,0,1,0,0,1,1,0,0,0,1,1,0,1,0,1,0,0,0,1,0,0,0,1,0,1,1,0,0,1,1,0,0,0,1,0,1,0,0,0,0,1,0,0,0,0,0,1,0,0,0,0,0,0,0,1,0,0,0,0,1,0,0,0,0,0,0,0,0,1,0,1,0,0,0,0,0,0,0,0,0,0,0,1,1,1,0,1,1,1,1,0,0,0,0,0,0,0,0,1,1,0,0,0,0,0,0,0,0,0,0,0,0,0,0,1,0,0,1,1,0,0,0,0,1,1,0,0,0,0,0,0,1,0,0,1,0,1,1,0,1,0,1,0,0,1,0,1,1,0,0,0,1,0,1,0,0,0,1,1,0,1,0,0,0,0,0,0,0,1,0,0,0,0,0,0,0,0,0,0,0,0,1,0,0,0,0,0,0,0,1,0,0
0,0,0,1,0,1,0,0,0,0,0,0,0,0,0,0,0,0,0,0,0,0,0,0,0,0,0,0,0,0,1,0,0,1,1,0,0,0,1,1,0,1,0,1,0,0,0,1,0,0,0,1,0,1,1,0,0,1,1,0,0,0,0,1,1,0,0,0,0,1,0,0,0,0,0,1,0,0,0,0,0,0,0,1,0,0,0,0,1,0,0,0,0,0,0,0,0,1,0,1,0,0,0,0,0,1,0,0,0,0,0,1,1,1,0,1,1,1,1,0,0,0,0,0,0,0,0,1,1,0,0,0,0,0,0,0,0,0,0,0,0,0,0,1,0,0,1,1,0,0,0,0,1,1,0,0,0,0,0,0,1,0,0,1,0,1,1,0,1,0,1,0,0,1,0,1,0,0,0,0,1,0,1,0,0,0,1,1,0,1,0,0,0,0,0,0,0,1,0,0,0,0,0,0,0,0,0,0,0,0,1,0,0,0,0,0,0,0,1,0,0
1,1,0,1,0,1,1,0,0,0,0,0,0,0,0,1,1,1,1,0,0,1,0,0,0,0,1,0,0,0,1,0,0,1,1,1,1,0,0,1,0,1,0,1,0,0,0,1,0,0,0,1,0,0,0,0,0,1,1,0,0,0,1,1,1,0,0,0,0,1,0,1,0,0,0,0,0,1,0,0,1,0,0,0,0,1,0,0,1,0,0,0,0,0,0,0,0,1,0,0,0,0,0,0,0,1,0,1,0,0,0,1,1,0,0,0,0,1,1,0,0,0,0,0,0,0,0,1,1,0,0,0,1,0,0,0,0,0,0,0,0,0,0,0,0,0,1,1,0,0,0,0,1,1,0,0,0,0,0,0,1,0,0,1,0,1,0,0,1,0,1,1,1,1,0,1,1,0,0,0,0,0,1,0,0,0,1,0,1,1,0,0,1,0,0,1,1,1,0,0,0,0,0,1,0,1,1,1,0,0,1,0,0,0,1,1,0,0,1,0,0
1,1,0,1,0,1,1,0,0,0,0,0,0,0,0,1,1,1,1,0,0,1,0,0,0,0,1,0,0,0,1,0,0,1,1,1,1,0,0,1,0,1,0,1,0,0,0,1,0,0,0,1,0,0,0,0,0,1,1,0,0,0,1,1,1,0,0,0,0,1,0,1,0,0,0,0,0,1,0,0,1,0,0,0,0,1,0,0,1,0,0,0,0,0,0,0,0,1,0,0,0,0,0,0,0,1,0,0,0,0,0,1,1,0,0,0,0,1,1,0,1,0,0,0,0,0,0,1,1,0,0,0,0,0,0,0,0,0,0,0,0,0,0,0,0,0,1,1,0,0,0,0,1,1,0,0,0,0,0,0,1,0,0,1,0,1,0,0,1,0,1,1,1,1,0,1,1,0,0,0,0,0,1,1,1,0,1,0,0,1,0,0,0,0,0,1,1,1,0,0,0,0,0,0,0,1,1,1,0,0,1,0,0,0,1,1,0,0,1,0,0
1,1,0,1,0,1,1,0,0,0,0,0,0,0,0,1,1,1,1,0,0,1,0,0,0,0,1,0,0,0,1,0,0,1,1,1,1,0,0,1,0,1,0,1,0,0,0,1,0,0,0,1,0,0,0,0,0,1,1,0,0,0,1,1,1,0,0,0,0,1,0,1,0,1,0,0,0,0,0,0,1,0,0,0,0,0,0,0,1,0,0,0,0,0,0,1,0,1,0,0,0,0,0,0,0,1,0,1,1,0,0,1,1,0,0,0,0,1,1,0,1,0,0,0,0,0,0,1,1,0,0,0,1,0,0,0,0,0,0,0,0,1,0,0,0,0,1,1,0,0,0,0,1,1,0,0,0,1,0,0,1,0,0,1,0,1,0,0,1,0,1,0,0,1,0,1,1,0,0,0,0,0,1,1,1,0,1,0,1,1,0,0,1,1,0,1,1,1,0,0,0,0,0,1,1,1,1,1,0,0,1,0,0,0,1,1,0,0,1,0,0
1,1,0,1,0,1,1,0,0,0,0,0,0,0,0,1,1,1,1,0,0,1,0,0,0,0,1,0,0,0,1,0,0,1,1,1,1,0,0,1,0,1,0,1,0,0,0,1,0,0,0,1,0,0,0,0,0,1,1,0,0,0,1,1,1,0,0,0,0,1,0,1,0,1,0,0,0,0,0,0,1,0,0,0,0,0,0,0,1,0,0,0,0,0,0,1,0,1,0,0,0,0,0,0,0,1,0,1,1,0,0,1,1,0,0,0,0,1,1,0,1,0,0,0,0,0,0,1,1,0,0,0,1,0,0,0,0,0,0,0,0,1,0,0,0,0,1,1,0,0,0,0,1,1,0,0,0,1,0,0,1,0,0,1,0,1,0,0,1,0,1,0,0,1,0,1,1,0,0,0,0,0,1,1,1,0,1,0,1,1,0,0,1,1,0,1,1,1,0,0,0,0,0,1,1,1,1,1,0,0,1,0,0,0,1,1,0,0,1,0,0
1,1,1,1,0,1,1,0,0,0,0,0,0,0,0,1,1,1,1,0,0,1,0,0,0,0,1,0,0,0,1,0,0,1,1,1,1,0,0,1,0,1,0,1,0,0,0,1,1,0,0,1,0,0,0,0,0,1,1,0,0,0,1,1,1,0,0,0,1,1,0,1,0,0,0,0,0,1,0,0,1,0,0,0,0,1,0,0,1,0,1,0,0,0,0,0,0,1,0,0,0,0,0,0,0,1,0,0,0,0,0,1,1,1,0,0,0,1,1,0,1,0,0,1,0,0,0,1,1,0,0,0,0,0,0,0,1,0,0,1,0,0,0,0,0,1,1,1,0,0,0,0,1,1,0,0,0,0,0,1,1,0,0,1,0,1,0,0,1,0,1,1,1,1,0,1,1,0,0,0,0,1,1,1,1,0,1,0,0,1,0,1,0,0,0,1,1,1,0,0,0,1,0,0,0,1,1,1,0,0,1,0,0,0,1,1,0,0,1,0,0
1,1,1,1,0,1,1,0,0,0,0,0,0,0,0,1,1,1,1,0,0,1,0,0,0,0,1,0,0,0,1,0,0,1,1,1,1,0,0,1,0,1,0,1,0,0,0,1,0,0,0,1,0,0,0,0,0,1,1,0,0,0,1,1,1,0,0,0,0,1,0,1,0,0,0,0,0,1,0,0,1,0,0,0,0,1,0,0,1,0,0,0,0,0,0,0,0,1,0,0,0,0,0,0,0,1,0,0,0,0,0,1,1,0,0,0,0,1,1,0,1,0,0,0,0,0,0,1,1,0,0,0,0,0,0,0,0,0,0,0,0,0,0,0,0,0,1,1,0,0,0,0,1,1,0,0,0,0,0,0,1,0,0,1,0,1,0,0,1,0,1,1,1,1,0,1,1,0,0,0,0,0,1,1,1,0,1,0,0,1,0,0,0,0,0,1,1,1,0,0,0,0,0,0,0,1,1,1,0,1,1,0,0,0,1,1,0,1,1,0,0
1,1,1,1,0,1,1,0,0,0,0,0,0,0,0,1,1,1,1,0,0,1,0,0,0,0,1,0,0,0,1,0,0,1,1,1,1,0,0,1,0,1,0,1,0,0,0,1,0,0,0,1,0,0,0,0,0,1,1,0,0,0,1,1,1,0,0,0,0,1,0,1,0,0,0,0,0,1,0,0,1,0,0,0,0,1,0,0,1,0,0,0,0,0,0,0,0,1,0,0,0,0,0,0,0,1,0,0,0,0,0,1,1,0,0,0,0,1,1,0,1,0,0,0,0,0,0,1,1,0,0,0,0,0,0,0,0,0,0,0,0,0,0,0,0,0,1,1,0,0,0,0,1,1,0,0,0,0,0,0,1,0,0,1,0,1,0,0,1,0,1,1,1,1,0,1,1,0,0,0,0,0,1,1,1,0,1,0,0,1,0,0,0,0,0,1,1,1,0,0,0,0,0,0,0,1,1,1,0,0,1,0,0,1,1,1,0,0,1,0,0
1,1,0,1,0,1,1,0,0,0,0,0,0,0,0,1,1,1,1,0,0,1,0,0,0,0,1,0,0,0,1,0,0,1,1,1,1,0,0,1,0,1,0,1,0,0,0,1,0,0,0,1,0,0,0,0,0,1,1,0,0,0,1,1,1,0,0,0,0,1,0,1,0,0,0,0,0,1,0,0,1,0,0,0,0,1,0,0,1,0,0,0,0,0,0,0,0,1,0,0,0,0,0,0,0,1,0,0,0,0,0,1,1,0,0,0,0,1,1,0,1,0,0,0,0,0,0,1,1,0,0,0,0,0,0,0,0,0,0,0,0,0,0,0,0,0,1,1,0,0,0,0,1,1,0,0,0,0,0,0,1,0,0,1,0,1,0,0,1,0,1,1,1,1,0,1,1,0,0,0,0,0,1,1,1,0,1,0,0,1,0,0,0,0,0,1,1,1,0,0,0,0,0,0,0,1,1,1,0,0,1,0,0,0,1,1,0,0,1,0,0
1,1,0,1,0,1,1,0,0,0,0,0,0,0,0,1,1,1,1,0,0,1,0,0,0,0,1,0,0,0,1,0,0,1,1,1,1,0,0,1,0,1,0,1,0,0,0,1,0,0,0,1,0,0,0,0,0,1,1,0,0,0,1,1,1,0,0,0,0,1,0,1,0,0,0,0,0,1,0,0,1,0,0,0,0,1,0,0,1,0,0,0,0,0,0,0,0,1,0,0,0,0,0,0,0,1,0,0,0,0,0,1,1,0,0,0,0,1,1,0,1,0,0,0,0,0,0,1,1,0,0,0,0,0,0,0,0,0,0,0,0,0,0,0,0,0,1,1,0,0,0,0,1,1,0,0,0,0,0,0,1,0,0,1,0,1,0,0,1,0,1,1,1,1,0,1,1,0,0,0,0,0,1,1,1,0,1,0,0,1,0,0,0,0,0,1,1,1,0,0,0,0,0,0,0,1,1,1,0,0,1,0,0,0,1,1,0,0,1,0,0
1,1,0,1,0,1,1,0,0,0,0,0,0,0,0,1,1,1,1,0,0,1,0,0,0,0,1,0,0,0,1,0,0,1,1,1,1,0,0,1,0,1,0,1,0,0,0,1,0,0,0,1,0,0,0,0,0,1,1,0,0,0,1,1,1,0,0,0,0,1,0,1,0,0,0,0,0,1,0,0,1,0,0,0,0,1,0,0,1,0,0,0,0,0,0,0,0,1,0,0,0,0,0,0,0,1,0,0,0,0,0,1,1,0,0,0,0,1,1,0,1,0,0,0,0,0,0,1,1,0,0,0,0,0,0,0,0,0,0,0,0,0,0,0,0,0,1,1,0,0,0,0,1,1,0,0,0,0,0,0,1,0,0,1,0,1,0,0,1,0,1,1,1,1,0,1,1,0,0,0,0,0,1,1,1,0,1,0,0,1,0,0,0,0,0,1,1,1,0,0,0,0,0,0,0,1,1,1,0,0,1,0,0,0,1,1,0,0,1,0,0
1,1,0,1,0,1,1,0,0,0,0,0,0,0,0,1,1,1,1,0,0,1,0,0,0,0,1,0,0,0,1,0,0,1,1,1,1,0,0,1,0,1,0,1,0,0,0,1,0,0,0,1,0,0,0,0,0,1,1,0,0,0,1,1,1,0,0,0,0,1,0,1,0,0,0,0,0,1,0,0,1,0,0,0,0,1,0,0,1,0,0,0,0,0,0,0,0,1,0,0,0,0,0,0,0,1,0,0,0,0,0,1,1,0,0,0,0,1,1,0,1,0,0,0,0,0,0,1,1,0,0,0,0,0,0,0,0,0,0,0,0,0,0,0,0,0,1,1,0,0,0,0,1,1,0,0,0,0,0,0,1,0,0,1,0,1,0,0,1,0,1,1,1,1,0,1,1,0,0,0,0,0,1,1,1,0,1,0,0,1,0,0,0,0,0,1,1,1,0,0,0,0,0,0,0,1,1,1,0,0,1,0,0,0,1,1,0,0,1,0,0
1,1,0,1,0,1,1,0,0,0,0,0,0,0,0,1,1,1,1,0,0,1,0,0,0,0,1,0,0,0,1,0,0,1,1,1,1,0,0,1,0,1,0,1,0,0,0,1,0,0,0,1,0,0,0,0,0,1,1,0,0,0,1,1,1,0,0,0,0,1,0,1,0,0,0,0,0,1,0,0,1,0,0,0,0,1,0,0,1,0,0,0,0,0,0,0,0,1,0,0,0,0,0,0,0,1,0,0,0,0,0,1,1,0,0,0,0,1,1,0,1,0,0,0,0,0,0,1,1,0,0,0,0,0,0,0,0,0,0,0,0,0,0,0,0,0,1,1,0,0,0,0,1,1,0,0,0,0,0,0,1,0,0,1,0,1,0,0,1,0,1,1,1,1,0,1,1,0,0,0,0,0,1,1,1,0,1,0,0,1,0,0,0,0,0,1,1,1,0,0,0,0,0,0,0,1,1,1,0,0,1,0,0,0,1,1,0,0,1,0,0
1,1,0,1,0,1,1,0,0,1,0,0,0,0,0,1,1,1,1,0,0,1,0,0,0,0,1,0,0,0,1,0,1,1,1,1,1,0,0,1,1,1,0,1,0,0,1,1,0,0,0,1,0,0,0,0,0,1,1,0,0,0,1,1,1,0,0,0,0,1,0,1,0,0,0,0,0,1,0,0,1,0,0,0,0,1,0,0,1,0,0,0,0,0,0,0,0,1,1,0,1,0,0,0,0,1,0,0,0,0,0,1,1,0,0,0,0,1,1,1,1,0,0,0,0,0,0,1,1,0,0,0,0,0,0,0,0,1,0,0,0,0,1,0,0,0,1,1,0,0,0,0,1,1,0,0,0,0,0,0,1,0,0,1,0,1,0,0,1,0,1,1,1,1,0,1,1,0,0,0,0,0,1,1,1,0,1,0,0,1,0,0,0,0,0,1,1,1,0,0,0,0,0,0,0,1,1,1,0,0,1,0,0,0,1,1,0,0,1,0,0
1,1,0,1,0,1,1,0,0,1,0,0,0,0,0,1,1,1,1,0,0,1,0,0,0,0,1,0,0,0,1,0,1,1,1,1,1,0,0,1,1,1,0,1,0,0,1,1,0,0,0,1,0,0,0,0,0,1,1,0,0,0,1,1,1,0,0,0,0,1,0,1,0,0,0,0,0,1,0,0,1,0,0,0,0,1,0,0,1,0,0,0,0,0,0,0,0,1,1,0,1,0,0,0,0,1,0,0,0,0,0,1,1,0,0,0,0,1,1,1,1,0,0,0,0,0,0,1,1,0,0,0,0,0,0,0,0,1,0,0,0,0,1,0,0,0,1,1,0,0,0,0,1,1,0,0,0,0,0,0,1,0,0,1,0,1,0,0,1,0,1,1,1,1,0,1,1,0,0,0,0,0,1,1,1,0,1,0,0,1,0,0,0,0,0,1,1,1,0,0,0,0,0,0,0,1,1,1,0,0,1,0,0,0,1,1,0,0,1,0,0
1,1,0,1,0,1,1,0,0,0,0,0,0,0,0,1,1,1,1,0,0,1,0,0,0,0,1,0,0,0,1,0,0,1,1,1,1,0,0,1,0,1,0,1,0,0,0,1,0,0,0,1,0,0,0,0,0,1,1,0,0,0,1,1,1,0,0,0,0,1,0,1,0,0,0,0,0,1,0,0,1,0,0,0,0,1,0,0,1,0,0,0,0,0,0,0,0,1,0,0,0,0,0,0,0,1,0,0,0,0,0,1,1,0,0,0,0,1,1,0,1,0,0,0,0,0,0,1,1,0,0,0,0,0,0,0,0,0,0,0,0,0,0,0,0,0,1,1,0,0,0,0,1,1,0,0,0,0,0,0,1,0,0,1,0,1,0,0,1,0,1,1,1,1,0,1,1,0,0,0,0,0,1,1,1,0,1,0,0,1,0,0,0,0,0,1,1,1,0,0,0,0,0,0,0,1,1,1,0,0,1,0,0,0,1,1,0,0,1,0,0
1,1,0,1,0,1,1,1,0,0,0,0,0,0,0,1,1,1,1,0,0,1,0,0,0,0,1,0,0,0,1,0,0,1,1,1,1,0,1,1,0,1,0,1,0,0,0,1,0,0,0,1,0,1,1,0,0,1,1,0,0,0,1,1,1,0,0,0,0,1,0,1,0,0,0,1,0,1,0,0,1,0,0,1,0,1,0,0,1,0,0,0,0,0,0,0,0,1,0,1,0,0,0,0,0,1,0,0,0,0,0,1,1,0,0,1,1,1,1,0,1,0,0,0,0,0,0,1,1,0,0,0,0,0,0,0,0,0,0,0,0,0,0,1,0,0,1,1,0,0,0,0,1,1,0,0,0,0,0,0,1,0,0,1,0,1,0,0,1,0,1,1,1,1,0,1,1,0,0,0,1,0,1,1,1,0,1,0,0,1,0,0,0,0,0,1,1,1,0,0,0,0,0,0,0,1,1,1,0,0,1,0,0,0,1,1,0,0,1,0,0
1,1,1,1,0,1,1,0,0,0,0,0,0,0,0,1,1,1,1,0,0,1,0,0,0,0,1,0,0,0,1,0,0,1,1,1,1,0,0,1,0,1,0,1,0,0,0,1,0,0,0,1,0,0,0,0,0,1,1,0,0,0,1,1,1,0,0,0,0,1,0,1,0,0,0,0,0,1,0,0,1,0,0,0,0,1,0,0,1,0,0,0,0,0,0,0,0,1,0,0,0,0,0,0,0,1,0,0,0,0,0,1,1,0,0,0,0,1,1,0,1,0,0,0,0,0,0,1,1,0,0,0,0,0,0,0,0,0,0,0,0,0,0,0,0,0,1,1,0,0,0,0,1,1,0,0,0,0,0,0,1,0,0,1,0,1,0,0,1,0,1,1,1,1,0,1,1,0,0,0,0,0,1,1,1,0,1,0,0,1,0,0,0,0,0,1,1,1,0,0,0,0,0,0,0,1,1,1,0,0,1,0,0,1,1,1,0,0,1,0,0
1,1,0,1,1,1,0,0,1,0,0,0,0,0,0,1,1,1,1,0,0,1,1,1,1,1,1,0,0,0,1,1,0,1,0,0,1,0,1,1,0,1,0,1,1,1,0,1,1,0,0,1,1,1,1,0,0,1,1,1,1,1,0,1,1,1,0,1,1,0,1,0,1,0,0,1,0,0,0,1,0,0,0,1,0,0,0,1,1,1,1,1,0,0,0,0,1,1,0,1,0,1,0,0,1,1,1,0,0,1,1,1,1,1,0,1,1,1,1,0,0,1,1,1,0,0,0,1,1,0,1,1,0,0,0,1,1,0,1,1,0,0,0,1,1,1,1,1,0,0,0,0,0,1,0,1,0,0,0,1,1,0,0,1,1,1,0,0,1,0,1,0,0,1,1,1,1,1,0,0,1,1,0,0,0,0,1,1,0,1,0,0,0,0,0,1,1,1,1,0,0,0,0,0,0,0,0,0,1,0,0,1,0,0,0,1,1,0,0,1,0
1,1,1,1,1,1,0,0,0,1,0,0,0,0,0,1,1,1,1,0,0,1,1,1,1,1,1,0,1,0,1,0,1,1,0,0,1,0,1,0,1,1,0,1,1,1,1,1,0,0,0,0,0,1,1,0,0,0,0,1,1,1,0,1,1,1,0,1,0,0,1,1,1,0,0,1,0,1,0,1,1,0,0,1,0,1,0,1,1,1,0,1,0,0,0,0,1,0,1,1,1,1,0,0,1,1,1,1,0,1,1,1,0,0,0,1,1,0,1,1,0,1,0,0,0,0,0,0,0,0,1,1,1,0,0,1,0,1,1,0,0,0,1,1,1,0,0,1,0,0,0,0,0,0,0,1,0,0,0,0,1,0,0,1,0,0,0,0,0,0,1,1,0,0,0,0,1,1,0,0,1,0,0,0,0,0,0,0,1,0,0,0,0,0,1,1,1,0,0,0,0,0,0,0,0,0,1,0,0,1,0,1,0,0,0,1,0,1,0,1,0
1,1,1,1,1,1,0,0,0,1,0,0,0,0,0,1,1,1,1,0,0,1,1,1,1,1,1,0,1,0,1,0,1,1,0,0,1,0,1,0,1,1,0,1,1,1,1,1,0,0,0,0,0,1,1,0,0,0,0,1,1,1,0,1,1,1,0,1,0,0,1,1,1,0,0,1,0,1,0,1,1,0,0,1,0,1,0,1,1,1,0,1,0,0,0,0,1,0,1,1,1,1,0,0,1,1,1,1,0,1,1,1,0,0,0,1,1,0,1,1,0,1,0,0,0,0,0,0,0,0,1,1,1,0,0,1,0,1,1,0,0,0,1,1,1,0,0,1,0,0,0,0,0,0,0,1,0,0,0,0,1,0,0,1,0,0,0,0,0,0,1,1,0,0,0,0,1,1,0,0,1,0,0,0,0,0,0,0,0,0,0,0,0,0,0,1,1,0,0,0,0,0,0,0,0,0,1,0,0,1,0,1,0,0,0,1,0,1,0,1,0
1,1,1,1,0,0,0,0,0,1,0,0,0,0,0,1,1,1,1,0,0,1,1,1,1,1,1,0,1,0,0,0,1,1,0,0,1,0,1,0,1,1,0,0,1,1,1,1,0,0,0,0,0,1,1,0,0,0,0,1,1,1,0,1,1,1,0,1,0,0,1,0,1,0,0,1,0,0,0,1,0,0,0,1,0,0,0,1,1,1,0,1,0,0,0,0,1,0,1,1,1,1,0,0,1,1,1,0,0,1,1,1,0,0,0,1,1,0,1,1,0,1,0,0,0,0,0,0,0,0,1,1,0,0,0,1,0,1,1,0,0,0,1,1,1,0,0,1,0,0,0,0,0,0,0,1,0,0,0,0,1,0,0,1,0,0,0,0,0,0,1,0,0,0,0,0,1,1,0,0,1,0,0,0,0,0,0,0,0,0,0,0,0,0,0,1,1,0,0,0,0,0,0,0,0,0,1,0,0,1,0,1,0,0,0,1,0,1,0,1,0
1,1,1,1,0,0,0,0,0,1,0,0,0,0,0,1,1,1,1,0,0,1,1,1,1,1,1,0,1,0,0,0,1,1,0,0,1,0,1,0,1,1,0,0,1,1,1,1,0,0,0,0,0,1,1,0,0,0,0,1,1,1,0,1,1,1,0,1,0,0,1,0,1,0,0,1,0,0,0,1,0,0,0,1,0,0,0,1,1,1,0,1,0,0,0,0,1,0,1,1,1,1,0,0,1,1,1,0,0,1,1,1,0,0,0,1,1,0,1,1,0,1,0,0,0,0,0,0,0,0,1,1,0,0,0,1,0,1,1,0,0,0,1,1,1,0,0,1,0,0,0,0,0,0,0,1,0,0,0,0,1,0,0,1,0,0,0,0,0,0,1,0,0,0,0,0,1,1,0,0,1,0,0,0,0,0,0,0,0,0,0,0,0,0,0,1,1,0,0,0,0,0,0,0,0,0,1,0,0,1,0,1,0,0,0,1,0,1,0,1,0
1,1,1,1,0,1,0,0,0,1,0,0,0,0,0,1,1,1,1,0,0,1,1,1,1,1,1,0,1,0,1,0,1,1,0,0,1,0,1,0,1,1,0,1,1,1,1,1,0,0,0,0,0,1,1,0,0,0,0,1,1,1,0,1,1,1,0,1,0,0,1,1,1,0,0,1,0,1,0,1,1,0,0,1,0,1,0,1,1,1,0,1,0,0,0,0,1,0,1,1,1,1,0,0,1,1,1,1,0,1,1,1,0,0,0,1,1,0,1,1,0,1,0,0,0,0,0,0,0,0,1,1,1,0,0,1,0,1,1,0,0,0,1,1,1,0,0,1,0,0,0,0,0,0,0,1,0,0,0,0,1,0,0,1,0,0,0,0,0,0,1,1,0,0,0,0,1,1,0,0,1,0,0,0,0,0,0,0,0,0,0,0,0,0,0,1,1,0,0,0,0,0,0,0,0,0,1,0,0,1,0,1,0,0,0,1,0,1,0,1,0
1,1,1,1,0,1,0,0,0,1,0,0,0,0,0,1,1,1,1,0,0,1,1,1,1,1,1,0,1,0,1,0,1,1,0,0,1,0,1,0,1,1,0,1,1,1,1,1,0,0,0,0,0,1,1,0,0,0,0,1,1,1,0,1,1,1,0,1,0,0,1,1,1,0,0,1,0,1,0,1,1,0,0,1,0,1,0,1,1,1,0,1,0,0,0,0,1,0,1,1,1,1,0,0,1,1,1,1,0,1,1,1,0,0,0,1,1,0,1,1,0,1,0,0,0,0,0,0,0,0,1,1,1,0,0,1,0,1,1,0,0,0,1,1,1,0,0,1,0,0,0,0,0,0,0,1,0,0,0,0,1,0,0,1,0,0,0,0,0,0,1,1,0,0,0,0,1,1,0,0,1,0,0,0,0,0,0,0,1,0,0,0,0,0,1,1,1,0,0,0,0,0,0,0,0,0,1,0,0,1,0,1,0,0,0,1,0,1,0,1,0
0,1,0,0,0,1,1,1,0,0,0,0,0,0,0,0,1,1,1,0,0,1,0,0,0,1,1,0,1,0,1,0,0,0,1,0,0,0,0,1,0,0,0,1,0,0,0,0,1,0,0,1,0,0,0,0,0,1,1,0,0,0,0,0,0,0,0,0,1,1,0,1,0,1,0,0,0,0,0,0,1,0,0,0,0,0,0,0,0,0,1,0,0,0,0,1,0,1,0,0,0,0,0,0,0,0,0,1,0,0,0,0,1,1,1,0,0,1,0,0,1,0,0,1,0,1,0,1,1,1,0,0,1,0,1,0,1,0,0,1,0,1,0,0,0,1,1,0,0,0,1,0,1,1,1,0,0,1,1,1,0,1,1,0,0,1,0,1,1,1,0,0,0,1,0,1,0,0,0,1,0,1,1,1,1,0,1,0,1,1,1,0,1,1,0,1,1,1,1,1,1,0,0,1,1,0,0,1,1,0,1,0,1,0,1,0,1,0,1,0,1
0,1,0,0,0,1,1,1,0,0,1,0,1,1,0,0,1,1,1,0,0,1,0,0,0,1,1,0,1,0,1,0,0,1,1,0,0,1,1,1,0,1,0,1,0,0,0,1,1,0,0,1,0,0,0,0,0,1,1,0,0,0,0,1,1,0,0,0,1,1,0,1,0,1,0,0,0,1,0,0,1,0,0,0,0,1,0,0,1,0,1,0,0,0,0,1,0,1,0,0,0,0,0,0,0,1,0,1,0,0,0,1,1,1,1,0,0,1,1,0,1,0,0,1,0,1,0,1,1,1,0,0,1,1,1,0,1,0,0,1,0,1,0,0,0,1,1,1,0,0,1,0,1,1,1,0,0,1,1,1,1,1,1,1,0,1,1,1,1,1,1,1,1,1,0,1,1,0,0,1,0,1,1,1,1,0,1,1,1,1,1,0,1,1,1,1,1,1,1,1,1,0,0,1,1,0,0,1,1,0,1,0,1,0,1,1,1,0,1,0,1
0,1,0,0,0,1,1,1,0,0,1,0,1,1,0,0,1,1,1,0,0,1,0,0,0,1,1,0,1,0,1,0,0,1,1,0,0,1,1,1,0,1,0,1,0,0,0,1,1,0,0,1,0,0,0,0,0,1,1,0,0,0,0,1,1,0,0,0,1,1,0,1,0,1,0,0,0,1,0,0,1,0,0,0,0,1,0,0,1,0,1,0,0,0,0,1,0,1,0,0,0,0,0,0,0,1,0,1,0,0,0,1,1,1,1,0,0,1,1,0,1,0,0,1,0,1,0,1,1,1,0,0,1,1,1,0,1,0,0,1,0,1,0,0,0,1,1,1,0,0,1,0,1,1,1,0,0,1,1,1,1,1,1,1,0,1,1,1,1,1,1,1,1,1,0,1,1,0,0,1,0,1,1,1,1,0,1,1,1,1,1,0,1,1,1,1,1,1,1,1,1,0,0,1,1,0,0,1,1,0,1,0,1,0,1,1,1,0,1,0,1
1,1,1,1,0,1,1,1,0,0,1,0,1,1,1,0,0,1,1,0,0,0,0,0,0,0,1,0,0,0,1,0,0,0,1,0,0,0,0,1,0,1,1,1,0,0,0,1,1,0,0,0,0,0,0,0,0,1,1,0,0,0,1,0,0,0,0,0,1,1,0,1,0,1,0,0,0,0,0,0,1,0,0,0,0,0,0,0,0,0,1,0,0,0,0,1,0,1,0,0,0,0,0,0,0,0,0,1,0,0,0,1,1,1,0,0,0,1,0,0,1,0,0,1,0,0,0,1,1,1,0,0,1,0,1,0,1,0,0,1,0,1,0,0,0,1,1,0,0,0,1,0,1,1,1,0,0,1,1,1,0,0,1,0,0,1,0,1,1,1,0,0,0,1,0,1,1,0,0,0,0,1,1,1,1,0,1,0,1,1,1,0,1,1,0,1,0,1,0,1,1,0,0,1,1,0,0,1,0,0,1,0,0,0,1,0,0,0,1,0,0
0,1,0,0,0,1,1,0,0,0,1,0,1,1,0,0,0,1,1,0,0,0,0,0,0,0,1,0,0,0,1,0,0,0,1,0,0,0,0,1,0,1,1,1,0,0,0,1,1,0,0,0,0,0,0,0,0,1,1,0,0,0,1,0,0,0,0,0,1,1,0,1,0,1,0,0,0,0,0,0,1,0,0,0,0,0,0,0,0,0,1,0,0,0,0,1,0,1,0,0,0,0,0,0,0,0,0,1,0,0,0,1,1,1,0,0,0,1,0,0,1,0,0,1,0,0,0,1,1,1,0,0,1,0,1,0,1,0,0,1,0,1,0,0,0,1,1,0,0,0,1,0,1,1,1,0,0,1,1,1,0,0,1,0,0,1,0,1,1,1,0,0,0,1,0,1,1,0,0,0,0,1,1,1,1,0,1,0,1,1,1,0,1,1,0,1,0,1,0,1,1,0,0,1,1,0,0,1,0,0,1,0,0,0,1,0,0,0,1,0,0
0,1,0,0,0,1,1,1,0,0,0,0,0,0,0,0,0,1,1,0,0,1,0,0,0,0,1,0,0,0,1,0,0,0,1,0,0,0,0,1,0,0,0,1,0,0,0,0,1,0,0,1,0,0,0,0,0,1,1,0,0,0,0,0,0,0,0,0,1,1,0,1,0,1,0,0,0,0,0,0,1,0,0,0,0,0,0,0,0,0,1,0,0,0,0,1,0,1,0,0,0,0,0,0,0,0,0,1,0,0,0,0,1,1,0,0,0,1,0,0,1,0,0,1,0,0,0,1,1,1,0,0,1,0,1,0,1,0,0,1,0,1,0,0,0,1,1,0,0,0,1,0,1,1,1,0,0,1,1,1,0,0,1,0,0,1,0,1,1,1,0,0,0,1,0,1,0,0,0,0,0,1,1,1,1,0,1,0,1,1,1,0,1,1,0,1,1,1,0,1,1,0,0,1,1,0,0,1,0,0,1,0,0,0,1,1,0,0,1,0,0
0,1,0,0,0,1,1,1,0,0,0,0,0,0,0,0,1,1,1,0,0,1,0,1,0,0,1,0,0,0,1,0,0,0,0,0,0,0,0,1,0,0,1,1,0,0,0,0,1,0,0,1,0,0,0,0,0,1,1,0,0,0,0,0,0,0,0,0,1,0,0,1,0,1,0,0,0,0,0,0,1,0,0,0,0,0,0,0,0,0,1,0,0,0,0,1,0,1,0,0,0,0,0,0,0,0,0,1,0,0,0,0,1,1,0,0,0,1,0,0,1,0,0,1,0,0,0,1,1,1,0,0,1,0,1,0,1,0,0,1,0,1,0,0,0,1,1,0,0,0,1,0,0,1,1,0,0,1,1,1,0,0,1,0,0,1,0,1,1,1,0,0,0,1,0,1,0,0,0,0,0,1,0,1,1,0,1,0,1,1,1,0,1,1,0,1,1,1,0,1,1,0,0,1,1,0,0,1,0,0,1,0,0,0,1,1,0,0,1,0,0
0,1,0,0,0,1,1,1,0,0,0,0,0,0,0,0,0,1,1,0,0,1,0,0,0,0,1,0,0,0,1,0,0,0,1,0,0,0,0,1,0,0,0,1,0,0,0,0,0,0,0,1,0,0,0,0,0,1,1,0,0,0,0,0,0,0,0,0,1,1,0,1,0,1,0,0,0,0,0,0,1,0,0,0,0,0,0,0,0,0,1,0,0,0,0,1,0,1,0,0,0,0,0,0,0,0,0,1,0,0,0,0,1,1,0,0,0,1,0,0,1,0,0,1,0,0,0,1,1,1,0,0,1,0,1,0,1,0,0,1,0,1,0,0,0,1,1,0,0,0,1,0,1,1,1,0,0,1,1,1,0,0,1,0,0,1,0,1,1,1,0,0,0,1,0,1,0,0,0,0,0,1,1,1,1,0,1,0,1,1,1,0,1,1,0,1,1,1,0,1,1,0,0,1,1,0,0,1,0,0,1,0,0,0,1,1,0,0,1,0,0
0,1,0,0,0,1,1,1,0,0,0,0,0,0,0,0,1,1,1,0,1,1,0,1,1,0,1,0,0,0,1,0,0,0,0,0,1,0,0,1,0,0,1,1,0,0,0,0,1,0,0,1,0,0,0,0,0,1,1,0,0,0,0,0,0,0,0,0,1,0,0,1,0,1,0,0,0,0,0,0,1,0,0,0,0,0,0,0,0,0,1,0,0,0,0,1,0,1,0,0,0,0,0,0,0,0,0,1,0,0,0,0,1,1,1,0,0,1,0,0,1,0,0,1,0,1,0,1,1,1,0,0,1,0,1,0,1,0,0,1,0,1,0,0,0,1,1,0,0,0,1,0,0,1,1,0,0,1,1,1,0,1,1,0,0,1,0,1,1,1,0,0,0,1,0,1,0,0,0,1,0,1,0,1,1,0,1,0,1,1,1,0,1,1,0,1,1,1,1,1,1,0,0,1,1,0,1,1,1,0,1,0,1,0,1,1,1,0,1,0,1
0,1,0,0,0,1,1,1,0,0,0,0,0,0,0,0,1,1,1,0,1,1,0,1,1,0,1,0,0,0,1,0,0,0,1,0,0,0,0,1,0,0,1,1,0,0,0,0,1,0,0,1,0,0,0,0,0,1,1,0,0,0,0,0,0,0,0,0,1,1,0,1,0,1,0,0,0,0,0,0,1,0,0,0,0,0,0,0,0,0,1,0,0,0,0,1,0,1,0,0,0,0,0,0,0,0,0,1,0,0,0,0,1,1,1,0,0,1,0,0,1,0,0,1,0,1,0,1,1,1,0,0,1,0,1,0,1,0,0,1,0,1,0,0,0,1,1,0,0,0,1,0,1,1,1,0,0,1,1,1,0,1,1,0,0,1,0,1,1,1,0,0,0,1,0,1,0,0,0,1,0,1,1,1,1,0,1,0,1,1,1,0,1,1,0,1,1,1,1,1,1,0,0,1,1,0,1,1,1,0,1,0,1,0,1,1,1,0,1,0,1
0,1,0,0,0,1,1,1,0,0,0,0,0,0,0,0,1,1,1,0,0,1,0,1,0,1,1,0,1,0,1,0,0,0,0,0,0,0,0,1,0,0,1,1,0,0,0,0,1,0,0,1,0,0,0,0,0,1,1,0,0,0,0,0,0,0,0,0,1,0,0,1,0,1,0,0,0,0,0,0,1,0,0,0,0,0,0,0,0,0,1,0,0,0,0,1,0,1,0,0,0,0,0,0,0,0,0,1,0,0,0,0,1,1,1,0,0,1,0,0,1,0,0,1,0,1,0,1,1,1,0,0,1,0,1,0,1,0,0,1,0,1,0,0,0,1,1,0,0,0,1,0,0,1,1,0,0,1,1,1,0,1,1,0,0,1,0,1,1,1,0,0,0,1,0,1,0,0,0,1,0,1,0,1,1,0,1,0,1,1,1,0,1,1,0,1,1,1,1,1,1,0,0,1,1,0,1,1,1,0,1,0,1,0,1,1,1,0,1,0,1
0,1,0,0,0,1,1,1,0,0,0,0,0,0,0,0,1,1,1,0,0,1,0,1,0,1,1,0,1,0,1,0,0,0,0,0,0,0,0,1,0,0,1,1,0,0,0,0,1,0,0,1,0,0,0,0,0,1,1,0,0,0,0,0,0,0,0,0,1,0,0,1,0,1,0,0,0,0,0,0,1,0,0,0,0,0,0,0,0,0,1,0,0,0,0,1,0,1,0,0,0,0,0,0,0,0,0,1,0,0,0,0,1,1,1,0,0,1,0,0,1,0,0,1,0,1,0,1,1,1,0,0,1,0,1,0,1,0,0,1,0,1,0,0,0,1,1,0,0,0,1,0,0,1,1,0,0,1,1,1,0,1,1,0,0,1,0,1,1,1,0,0,0,1,0,1,0,0,0,1,0,1,0,1,1,0,1,0,1,1,1,0,1,1,0,1,1,1,1,1,1,0,0,1,1,0,1,1,1,0,1,0,1,0,1,1,1,0,1,0,1
1,1,0,1,0,1,1,0,0,0,0,0,0,0,0,1,1,1,1,1,1,1,0,1,0,0,1,0,0,0,1,0,0,1,0,0,0,0,1,1,0,1,0,1,0,0,0,1,0,0,0,1,1,1,1,0,1,1,1,0,0,0,1,1,1,0,0,0,1,0,0,1,0,0,0,1,0,0,0,0,0,0,0,1,0,1,1,0,1,0,1,0,0,0,0,0,1,1,0,1,0,0,0,0,0,1,0,0,0,0,0,1,1,1,0,1,1,1,1,0,0,0,1,1,0,0,0,1,1,0,0,0,0,0,0,1,1,0,1,1,0,0,0,1,0,1,1,1,0,1,0,0,0,1,0,0,1,0,0,1,1,0,0,1,1,1,0,0,1,0,1,1,1,1,1,1,1,1,0,0,1,1,0,0,0,1,1,1,0,1,0,0,0,0,0,1,0,0,1,0,0,0,0,0,0,0,1,0,1,1,0,1,0,0,0,0,1,1,0,1,0
1,1,0,1,1,1,1,0,0,0,1,0,1,1,0,1,1,1,1,1,1,1,0,1,0,0,1,0,0,0,1,0,0,1,0,0,0,0,1,1,0,1,0,1,0,0,0,1,0,0,0,1,1,1,1,0,1,1,1,0,0,0,1,1,1,0,0,0,1,0,0,1,0,0,0,1,0,0,0,0,0,0,0,1,0,1,1,0,1,0,1,0,0,0,0,0,1,1,0,1,0,0,0,0,0,1,0,0,0,0,0,1,1,1,0,1,1,1,1,0,0,0,1,1,0,0,0,1,1,0,0,0,0,0,0,1,1,0,1,1,0,0,0,1,0,1,1,1,0,1,0,0,0,1,0,0,1,0,0,1,1,0,0,1,1,1,0,0,1,0,1,1,1,1,1,1,1,1,0,0,1,1,0,0,0,1,1,1,0,1,0,0,0,0,0,1,0,0,1,0,0,0,0,0,0,0,1,0,1,1,0,1,0,0,0,0,1,1,0,1,0
1,1,0,1,1,1,1,0,0,0,0,0,0,0,0,1,1,1,1,1,1,1,0,1,1,0,1,0,0,0,1,0,0,1,0,0,0,0,1,1,0,1,0,1,0,0,0,1,0,0,0,1,1,1,1,0,1,1,1,0,0,0,1,1,1,0,0,0,1,0,0,1,0,0,0,1,0,0,0,0,0,0,0,1,0,1,1,0,1,0,1,0,0,0,0,0,1,1,0,1,0,0,0,0,0,1,0,0,0,0,0,1,1,1,0,1,1,1,1,0,0,0,1,1,0,0,0,1,1,0,0,0,0,0,0,1,1,0,1,1,0,0,0,1,0,1,1,1,0,1,0,0,0,1,0,0,1,0,0,1,1,0,0,1,1,1,0,0,1,0,1,1,1,1,1,1,1,1,0,0,1,1,0,0,0,1,1,1,0,1,0,0,0,0,0,1,0,0,1,0,0,0,0,0,0,0,1,0,1,1,0,1,0,0,0,0,1,1,0,1,0
1,1,0,1,1,1,1,0,0,0,0,0,0,0,0,1,1,1,1,0,0,1,1,1,0,1,1,0,1,0,1,0,0,1,0,0,0,0,1,0,0,1,0,1,1,1,0,1,0,0,0,0,0,1,1,0,0,0,0,1,1,1,0,1,1,1,0,1,0,0,1,1,1,0,0,1,0,1,0,1,1,0,0,1,0,1,0,1,1,1,0,1,0,0,0,0,1,0,0,1,0,1,0,0,1,1,1,0,0,1,1,1,0,0,0,1,1,0,1,0,1,1,0,0,0,0,0,0,0,0,1,1,0,0,0,1,0,0,1,0,0,0,0,1,1,0,0,1,0,0,0,0,0,0,0,1,0,0,0,0,1,0,0,1,0,0,0,0,0,0,1,1,1,0,0,0,1,1,0,0,1,0,0,1,1,0,0,0,0,0,0,0,0,0,0,1,1,0,0,0,0,0,0,0,0,0,0,0,0,0,0,1,0,0,0,0,0,0,0,1,0
1,1,1,1,1,1,0,0,0,0,0,0,0,0,0,1,1,1,1,1,1,1,1,1,1,1,1,1,1,1,1,0,0,1,0,0,0,0,1,0,0,1,0,1,1,1,0,1,0,0,0,0,0,1,1,0,0,0,0,1,1,1,0,1,1,1,0,1,0,0,1,1,1,0,0,1,0,1,0,1,1,0,0,1,0,1,0,1,1,1,0,1,0,0,0,1,1,0,0,1,0,1,0,0,1,1,1,1,0,1,1,1,0,0,0,1,1,0,1,0,1,1,0,0,0,0,0,0,0,0,1,1,1,0,0,1,0,0,1,0,0,1,0,1,1,0,0,1,0,0,0,0,0,0,0,1,0,1,0,0,1,0,0,1,0,0,0,0,0,0,1,1,1,0,0,0,1,1,0,0,1,0,0,1,0,0,0,0,1,0,0,0,1,0,0,1,1,0,0,0,0,0,0,1,0,0,1,0,0,0,0,1,0,0,0,0,0,0,0,1,0
0,1,0,0,0,1,1,1,0,0,0,0,0,0,0,1,1,1,1,0,1,1,0,1,0,1,1,0,1,0,1,0,0,0,1,0,1,0,0,1,0,1,1,1,0,0,0,1,1,0,0,1,0,0,0,0,1,1,1,0,0,0,1,0,0,0,0,0,1,1,0,1,0,1,0,0,0,0,1,0,1,0,0,0,0,0,1,0,1,0,1,0,0,0,0,1,0,1,0,0,0,0,0,0,0,0,0,1,0,0,0,1,1,1,0,0,0,1,1,0,1,0,0,1,0,0,0,1,1,1,0,0,1,0,1,0,1,0,0,1,0,1,0,0,0,1,1,1,0,0,1,0,1,1,1,0,1,1,1,1,1,0,1,1,0,1,0,1,1,1,0,0,0,1,0,1,1,0,0,0,0,1,1,1,1,0,1,1,1,1,1,1,1,1,0,1,1,1,1,1,1,1,0,1,1,0,1,1,0,0,1,0,0,0,1,1,0,0,1,0,0
1,1,1,1,0,1,1,1,1,0,0,0,0,0,0,0,0,1,1,0,0,1,1,1,1,0,1,0,1,0,1,1,0,1,0,1,1,0,1,1,0,0,0,1,0,0,0,0,0,0,0,1,0,1,1,0,0,0,0,0,0,0,1,0,1,0,0,0,0,0,0,1,0,1,0,1,0,0,0,0,1,0,0,1,0,0,0,0,1,0,0,0,0,0,0,0,1,0,0,1,0,0,0,0,0,0,0,1,0,0,0,0,0,0,0,1,1,0,1,0,1,0,0,0,0,0,0,0,0,0,0,0,1,0,0,1,0,0,0,0,0,0,0,1,0,0,0,1,0,0,0,0,0,0,0,0,0,0,0,0,1,0,0,1,0,0,0,0,0,0,1,0,0,0,0,0,1,1,0,0,1,0,0,1,0,0,0,0,1,0,0,0,1,0,1,1,1,0,0,0,0,0,0,1,0,1,1,0,0,0,0,0,0,1,0,1,0,0,0,0,0
0,1,0,0,0,1,1,1,0,0,0,0,0,0,0,1,1,1,0,0,1,1,0,0,0,1,1,0,0,0,1,0,0,0,1,0,1,0,0,1,0,1,1,1,0,0,0,1,1,0,0,1,0,0,0,0,1,1,1,0,0,0,1,0,0,0,0,0,1,1,0,1,0,1,0,0,0,0,1,0,1,0,0,0,0,0,1,0,0,0,1,0,0,0,0,1,0,1,0,0,0,0,0,0,0,0,0,1,0,0,0,1,1,1,0,0,0,1,0,0,1,0,0,1,0,0,0,1,1,1,0,0,1,0,1,0,1,0,0,1,0,1,0,0,0,1,1,0,0,0,1,0,1,1,1,0,1,1,1,1,0,0,1,0,0,1,1,1,1,1,0,0,0,1,0,1,1,0,0,0,0,1,0,1,1,0,1,1,1,1,1,0,1,1,0,1,1,1,1,1,1,0,0,1,1,0,1,1,0,0,1,0,0,0,1,0,0,0,1,0,0
1,1,0,0,0,1,1,1,0,0,0,0,0,0,0,1,1,1,1,0,1,1,0,1,0,1,1,0,1,0,1,0,0,0,1,0,1,0,0,1,0,1,1,1,0,0,0,1,1,0,0,1,0,0,0,0,1,1,1,0,0,0,1,0,0,0,0,0,1,1,0,1,0,1,0,0,0,0,1,0,1,0,0,0,0,0,1,0,1,0,1,0,0,0,0,1,0,1,0,0,0,0,0,0,0,0,0,1,0,0,0,1,1,1,0,0,0,1,1,0,1,0,0,1,0,0,0,1,1,1,0,0,1,0,1,0,1,0,0,1,0,1,0,0,0,1,1,1,0,0,1,0,1,1,1,0,1,1,1,1,1,0,1,1,0,1,0,1,1,1,0,0,0,1,0,1,1,0,0,0,0,1,0,1,1,0,1,1,1,1,1,0,1,1,0,1,1,1,1,1,1,0,0,1,1,0,1,1,1,0,1,0,0,0,1,0,1,0,1,0,0
0,1,0,1,0,1,1,1,0,0,0,0,0,0,0,1,1,1,1,0,1,1,0,1,0,1,1,0,1,0,1,0,0,0,0,0,1,0,0,1,0,1,1,1,0,0,0,1,1,0,0,1,0,0,0,0,1,1,1,0,0,0,1,0,0,0,0,0,1,0,0,1,0,1,0,0,0,0,1,0,1,0,0,0,0,0,1,0,1,0,1,0,0,0,0,1,0,1,0,0,0,0,0,0,0,0,0,1,0,0,0,1,1,1,0,0,0,1,1,0,1,0,0,1,0,0,0,1,1,1,0,0,1,0,1,0,1,0,0,1,0,1,0,0,0,1,1,1,0,0,1,0,0,1,1,0,1,1,1,1,1,0,1,1,0,1,0,1,1,1,0,0,0,1,0,1,1,0,0,0,0,1,0,1,1,0,1,1,1,1,1,1,1,1,0,1,1,1,1,1,1,1,0,1,1,0,1,1,0,0,1,0,0,0,1,1,0,0,1,0,0
0,1,0,1,0,1,1,1,0,0,0,0,0,0,0,1,1,1,0,0,1,1,0,0,0,1,1,0,0,0,1,0,0,0,0,0,1,0,0,1,0,1,1,1,0,0,0,1,1,0,0,1,0,0,0,0,1,1,1,0,0,0,1,0,0,0,0,0,1,0,0,1,0,1,0,0,0,0,1,0,1,0,0,0,0,0,1,0,0,0,1,0,0,0,0,1,0,1,0,0,0,0,0,0,0,0,0,1,0,0,0,1,1,1,0,0,0,1,0,0,1,0,0,1,0,0,0,1,1,1,0,0,1,0,1,0,1,0,0,1,0,1,0,0,0,1,1,0,0,0,1,0,0,1,1,0,1,1,1,1,0,0,1,0,0,1,1,1,1,1,0,0,0,1,0,1,1,0,0,0,0,1,0,1,1,0,1,1,1,1,1,0,1,1,0,1,1,1,1,1,1,0,0,1,1,0,1,1,0,0,1,0,0,0,1,0,0,0,1,0,0
1,1,0,1,0,1,1,0,0,1,1,0,1,1,0,1,1,1,1,0,0,1,0,0,0,1,1,0,0,0,1,0,1,1,0,0,1,0,1,1,1,1,0,1,1,1,1,1,1,1,1,1,0,1,1,0,0,1,1,1,1,1,1,1,1,1,0,1,1,0,1,1,1,1,1,1,0,0,0,1,1,1,1,1,0,0,0,1,1,1,1,1,0,0,1,1,1,1,1,1,1,1,0,1,1,1,1,1,0,1,1,1,1,0,0,1,1,1,1,1,1,1,0,1,0,0,0,1,1,0,1,1,1,0,1,1,1,1,0,1,0,1,1,1,0,1,1,1,0,0,0,0,0,1,0,0,0,1,1,1,1,0,0,1,0,1,1,0,1,1,1,0,0,1,0,1,1,1,0,0,1,1,0,1,1,0,1,1,1,1,0,1,1,0,1,1,1,1,0,0,0,1,1,1,0,0,0,0,0,0,1,1,0,0,0,1,0,0,1,1,0
1,1,0,1,0,1,1,1,0,0,0,0,0,0,0,1,1,1,1,0,1,1,0,1,0,1,1,0,1,0,1,0,0,0,0,0,1,0,0,1,0,1,1,1,0,0,0,1,1,0,0,1,0,0,0,0,1,1,1,0,0,0,1,0,0,0,0,0,1,0,0,1,0,1,0,0,0,0,1,0,1,0,0,0,0,0,1,0,1,0,1,0,0,0,0,1,0,1,0,0,0,0,0,0,0,0,0,1,0,0,0,1,1,1,0,0,0,1,1,0,1,0,0,1,0,0,0,1,1,1,0,0,1,0,1,0,1,0,0,1,0,1,0,0,0,1,1,1,0,0,1,0,0,1,1,0,1,1,1,1,1,0,1,1,0,1,0,1,1,1,0,0,0,1,0,1,1,0,0,0,0,1,0,1,1,0,1,1,1,1,1,0,1,1,0,1,1,1,1,1,1,0,0,1,1,0,1,1,1,0,1,0,0,0,1,0,1,0,1,0,0
1,1,0,1,0,1,1,0,0,1,1,0,1,1,0,1,1,1,1,0,0,1,0,0,0,1,1,0,1,0,1,0,1,1,0,0,1,0,1,1,1,1,0,1,1,1,1,1,1,0,0,1,0,1,1,0,0,1,1,1,1,1,1,1,1,1,0,1,1,0,1,1,1,1,0,1,0,0,0,1,1,0,0,1,0,0,0,1,1,1,1,1,0,0,0,1,1,1,1,1,1,1,0,0,1,0,1,1,0,1,1,1,1,0,0,1,1,1,1,1,1,1,0,1,0,0,0,1,1,0,1,1,1,0,1,1,1,1,0,1,0,1,1,1,0,1,1,1,0,0,0,0,0,1,0,0,0,1,1,1,1,0,0,1,0,1,1,0,1,1,1,0,0,1,0,1,1,1,0,0,1,1,0,1,1,0,1,1,1,1,0,1,1,0,1,1,1,1,0,0,0,1,1,1,0,0,0,0,0,0,1,1,0,0,0,1,0,0,1,1,0
0,1,0,1,0,1,1,0,0,1,1,0,1,1,0,1,1,1,1,0,0,1,0,0,0,1,1,0,1,0,1,0,1,1,0,0,1,0,1,1,1,1,0,1,1,1,1,1,1,1,1,1,0,1,1,0,0,1,1,1,1,1,1,1,1,1,0,1,1,0,1,1,1,1,1,1,0,0,0,1,1,1,1,1,0,0,0,1,1,1,1,1,0,0,1,1,1,1,1,1,1,1,0,1,1,1,1,1,0,1,1,1,1,0,0,1,1,1,1,1,1,1,0,1,0,0,0,1,1,0,1,1,1,0,1,1,1,1,0,1,0,1,1,1,0,1,1,1,0,0,0,0,0,1,0,0,0,1,1,1,1,0,0,1,0,1,1,0,1,1,1,0,0,1,0,1,1,1,0,0,1,1,0,1,1,0,1,1,1,1,0,1,1,0,1,1,1,1,0,0,0,1,1,1,0,0,0,0,0,0,1,1,0,0,0,1,0,0,1,1,0
0,1,0,1,0,1,0,0,0,1,1,0,1,1,0,1,1,1,1,0,0,1,0,0,0,1,1,0,0,0,1,0,1,1,0,0,1,0,1,1,1,1,0,1,1,1,1,1,0,1,1,0,0,1,1,0,0,0,0,1,1,1,1,1,1,1,0,1,0,0,1,1,1,1,1,1,0,0,0,1,1,1,1,1,0,0,0,1,1,1,0,1,0,0,1,1,1,0,1,1,1,1,0,1,1,1,1,1,0,1,1,1,0,0,0,1,1,0,1,1,1,1,0,0,0,0,0,0,0,0,1,1,1,0,0,1,0,1,0,0,0,1,1,1,0,0,0,1,0,0,0,0,0,0,0,0,0,1,0,0,1,0,0,1,0,0,0,0,0,0,1,0,0,0,0,0,1,1,0,0,1,0,0,1,1,0,0,0,1,0,0,0,1,0,1,1,1,0,0,0,0,0,0,1,0,0,0,0,0,0,0,1,0,0,0,1,0,0,0,1,0
0,1,0,1,0,1,0,0,0,0,1,0,1,1,0,1,1,1,1,0,0,1,0,0,0,1,1,0,1,0,1,0,0,1,0,0,1,0,1,1,0,1,0,1,1,1,0,1,0,1,1,0,0,1,1,0,0,0,0,1,1,1,1,1,1,1,0,1,0,0,1,1,1,1,1,1,0,0,0,1,1,1,1,1,0,0,0,1,1,1,0,1,0,0,1,1,1,0,0,1,0,1,0,1,1,1,1,1,0,1,1,1,0,0,0,1,1,0,1,0,1,1,0,0,0,0,0,0,0,0,1,1,1,0,0,1,0,0,0,0,0,1,0,1,0,0,0,1,0,0,0,0,0,0,0,0,0,1,0,0,1,0,0,1,0,0,0,0,0,0,1,0,0,0,0,0,1,1,0,0,1,0,0,1,1,0,0,0,1,0,0,0,1,0,1,1,1,0,0,0,0,0,0,1,0,0,0,0,0,0,0,1,0,0,0,1,0,0,0,1,0
1,1,0,1,0,1,0,0,0,0,1,0,1,1,0,1,1,1,1,0,0,1,0,0,0,1,1,0,0,0,1,0,0,1,0,0,1,0,1,1,0,1,0,1,1,1,0,1,0,1,1,0,0,1,1,0,0,0,0,1,1,1,1,1,1,1,0,1,0,0,1,1,1,1,1,1,0,0,0,1,1,1,1,1,0,0,0,1,1,1,0,1,0,0,1,1,1,0,0,1,0,1,0,1,1,1,1,1,0,1,1,1,0,0,0,1,1,0,1,0,1,1,0,0,0,0,0,0,0,0,1,1,1,0,0,1,0,0,0,0,0,1,0,1,0,0,0,1,0,0,0,0,0,0,0,0,0,1,0,0,1,0,0,1,0,0,0,0,0,0,1,0,0,0,0,0,1,1,0,0,1,0,0,1,1,0,0,0,1,0,0,0,1,0,1,1,1,0,0,0,0,0,0,1,0,0,0,0,0,0,0,1,0,0,0,1,0,0,0,1,0
0,1,0,1,0,1,0,0,0,0,1,1,1,1,1,1,1,1,0,0,0,0,0,0,0,1,1,0,0,0,1,0,0,1,0,0,1,0,1,1,0,1,0,1,1,1,0,1,0,1,1,0,0,1,1,0,0,0,0,1,1,1,1,1,1,1,0,1,0,0,1,1,1,1,1,1,0,0,0,1,1,1,1,1,0,0,0,1,1,1,0,1,0,0,1,1,1,0,0,1,0,1,0,1,1,1,1,1,0,1,1,1,0,0,0,1,1,0,1,0,1,1,0,0,0,0,0,0,0,0,1,1,1,0,0,1,0,0,0,0,0,1,0,1,0,0,0,1,0,0,0,0,0,0,0,0,0,1,0,0,1,0,0,1,0,0,0,0,0,0,1,0,0,0,0,0,1,1,0,0,1,0,0,1,1,0,0,0,1,0,0,0,1,0,1,1,1,0,0,0,0,0,0,1,0,0,0,0,0,0,0,1,0,0,0,1,0,0,0,1,0
0,1,0,1,0,1,0,0,0,0,1,0,1,1,0,1,1,1,0,0,0,0,0,0,0,1,1,0,0,0,1,0,0,1,0,0,1,0,1,1,0,1,0,1,1,1,0,1,0,1,1,1,0,1,1,0,0,0,0,1,1,1,1,1,1,1,0,1,0,0,1,1,1,1,1,1,0,0,0,1,1,1,1,1,0,0,0,1,1,1,0,1,0,0,1,1,1,0,0,1,0,1,0,1,1,1,1,1,0,1,1,1,0,0,0,1,1,0,1,0,1,1,0,0,0,0,0,0,0,0,1,1,1,0,0,1,0,0,0,0,0,1,0,1,0,0,0,1,0,0,0,0,0,0,0,0,0,1,0,0,1,0,0,1,0,0,0,0,0,0,1,0,0,0,0,0,1,1,0,0,1,0,0,1,1,0,0,0,1,0,0,0,1,0,1,1,1,0,0,0,0,0,0,1,0,0,0,0,0,0,0,1,0,0,0,1,0,0,0,1,0
1,1,0,1,0,1,1,0,0,0,1,0,1,1,0,1,1,1,1,0,0,1,0,0,0,1,1,0,0,0,1,0,0,1,0,0,1,0,1,1,0,1,0,1,1,1,0,1,1,1,1,1,0,1,1,0,0,1,1,1,1,1,1,1,1,1,0,1,1,0,1,1,1,1,1,1,0,0,0,1,1,1,1,1,0,0,0,1,1,1,1,1,0,0,1,1,1,1,0,1,0,1,0,1,1,1,1,1,0,1,1,1,1,0,0,1,1,1,1,0,1,1,0,1,0,0,0,1,1,0,1,1,1,0,1,1,1,0,0,1,0,1,0,1,0,1,1,1,0,0,0,0,0,1,0,0,0,1,1,1,1,0,0,1,0,1,1,0,1,1,1,0,0,1,0,1,1,1,0,0,1,1,0,1,1,0,1,1,1,1,0,1,1,0,1,1,1,1,0,0,0,1,1,1,0,0,0,0,0,0,1,1,0,0,0,1,0,0,1,1,0
1,1,0,1,0,1,1,0,0,1,1,0,1,1,0,1,1,1,1,0,0,1,0,0,0,1,1,0,0,0,1,0,1,0,0,0,1,0,1,1,1,1,0,1,1,1,1,1,1,1,1,1,0,1,1,0,0,1,1,1,1,1,1,0,0,1,1,1,1,0,1,1,1,1,1,1,0,0,0,1,1,1,1,1,0,0,0,1,1,1,1,1,0,0,1,1,1,1,1,1,1,1,0,1,1,0,1,1,0,1,1,1,1,0,0,1,1,1,1,1,1,1,0,1,0,0,0,1,1,0,1,1,1,0,1,1,1,1,0,1,0,1,1,1,0,1,1,1,0,0,0,0,0,1,0,0,0,1,1,1,1,0,0,1,0,1,1,0,1,1,0,0,0,1,0,1,1,1,0,0,1,1,0,1,1,0,1,1,1,1,0,1,1,0,1,1,1,1,0,0,0,1,1,1,0,0,0,0,0,0,1,1,0,0,0,1,0,0,1,1,0
1,1,0,1,0,1,1,0,0,1,1,0,1,1,0,1,1,1,1,0,0,1,1,1,0,1,1,0,1,0,1,0,1,0,0,0,1,0,1,1,1,1,0,1,1,1,1,1,1,1,1,1,0,1,1,0,0,1,1,1,1,1,1,0,0,1,1,1,1,0,1,1,1,1,1,1,0,0,0,1,1,1,1,1,0,0,0,1,1,1,1,1,0,0,1,1,1,1,1,1,1,1,0,1,1,0,1,1,0,1,1,1,1,0,0,1,1,1,1,1,1,1,0,1,0,0,0,1,1,0,1,1,1,0,1,1,1,1,0,1,0,1,1,1,0,1,1,1,0,0,0,0,0,1,0,0,0,1,1,1,1,0,0,1,0,1,1,0,1,1,0,0,0,1,0,1,1,1,0,0,1,1,0,1,1,0,1,1,1,1,0,1,1,0,1,1,1,1,0,0,0,1,1,1,0,0,0,0,0,0,1,1,0,0,0,1,0,0,1,1,0
1,1,0,1,0,1,1,1,1,1,1,0,1,1,0,1,1,1,1,0,0,1,1,1,0,1,1,0,1,0,1,1,1,0,0,0,1,0,1,1,1,1,0,1,1,1,1,1,1,1,1,1,0,1,1,0,0,1,1,1,1,1,1,0,0,1,0,1,1,0,1,1,1,1,1,1,0,0,0,1,1,1,1,1,0,0,0,1,1,1,1,1,0,0,1,1,1,1,1,1,1,1,0,1,1,0,1,1,0,1,1,1,1,0,0,1,1,1,1,1,1,1,0,1,0,0,0,1,1,0,1,1,1,0,1,1,1,1,0,1,0,1,1,1,0,1,1,1,0,0,0,0,0,1,0,0,0,1,1,1,1,0,0,1,0,1,1,0,1,1,0,0,0,1,0,1,1,1,0,0,1,1,0,1,1,0,1,1,1,1,0,1,1,0,1,1,1,1,0,0,0,1,1,1,0,0,0,0,0,0,1,1,0,0,0,1,0,0,1,1,0
0,1,0,0,0,1,1,0,0,0,1,1,0,1,1,1,1,1,0,0,0,0,0,0,0,0,0,0,0,0,1,0,0,0,1,1,1,0,0,1,0,1,1,1,0,0,0,1,1,0,0,1,0,0,0,0,1,0,0,0,0,0,1,0,0,0,0,0,1,1,0,0,0,0,0,0,0,0,0,0,0,0,0,0,0,0,0,0,0,0,0,0,0,0,0,0,0,0,0,0,0,0,0,0,0,0,0,0,0,0,0,1,0,0,0,0,0,0,0,0,0,0,0,0,0,1,0,0,0,0,0,0,0,0,0,0,0,0,0,0,0,0,0,0,0,0,0,0,0,0,1,0,1,0,0,0,0,0,0,0,0,0,0,0,0,1,1,1,0,0,0,0,0,0,0,0,1,0,0,1,0,0,0,0,0,0,1,1,0,1,1,1,0,0,0,1,1,1,1,1,1,1,0,0,0,1,1,0,0,0,0,0,0,1,0,1,1,1,1,0,0
1,1,0,1,0,1,0,0,0,0,1,0,1,1,0,1,1,1,1,0,0,1,1,1,0,1,1,0,1,0,1,0,0,0,0,0,1,0,1,1,0,1,0,1,1,1,0,1,0,1,1,0,0,1,1,0,0,0,0,1,1,1,1,0,0,1,1,1,0,0,1,1,1,1,1,1,0,0,0,1,1,1,1,1,0,0,0,1,1,1,0,1,0,0,1,1,1,0,0,1,0,1,0,1,1,0,1,1,0,1,1,1,0,0,0,1,1,0,1,0,1,1,0,0,0,0,0,0,0,0,1,1,1,0,0,1,0,0,0,0,0,1,0,1,0,0,0,1,0,0,0,0,0,0,0,0,0,1,0,0,1,0,0,1,0,0,0,0,0,0,0,0,0,0,0,0,1,1,0,0,1,0,0,1,1,0,0,0,1,0,0,0,1,0,1,1,1,0,0,0,0,0,0,1,0,0,0,0,0,0,0,1,0,0,0,1,0,0,0,1,0
0,0,0,1,0,1,0,0,0,0,0,0,0,0,0,0,0,1,0,0,0,1,0,0,0,0,0,0,0,0,1,0,0,1,0,0,1,0,1,0,0,0,0,1,0,0,0,0,0,0,0,1,0,0,0,0,0,0,0,0,0,0,0,1,1,0,0,0,0,0,0,1,0,0,0,1,0,1,0,0,1,0,0,1,0,1,0,0,1,0,0,0,0,0,0,0,0,0,0,0,0,0,0,0,0,0,0,1,0,0,0,0,0,0,0,0,0,0,0,0,0,0,0,0,0,0,0,0,0,0,0,0,1,0,0,0,0,0,0,0,0,0,0,0,0,0,0,0,0,0,0,0,0,0,0,0,0,0,0,0,0,0,0,0,0,0,0,0,0,0,1,1,0,0,0,0,1,0,0,0,0,0,0,0,0,0,0,0,1,0,0,0,1,0,1,1,1,0,0,0,0,0,0,1,0,0,1,0,0,0,0,0,0,1,0,1,0,1,0,1,0
0,1,0,1,0,0,0,0,0,0,0,0,0,0,0,1,1,1,1,1,1,1,0,1,1,1,0,0,0,0,0,0,0,1,0,0,1,1,1,0,0,1,0,0,1,1,0,1,0,1,1,1,0,1,0,0,0,0,0,0,0,1,0,1,1,1,0,1,0,0,1,0,1,0,1,1,0,0,0,1,0,1,1,1,0,0,0,1,1,1,0,1,0,0,1,0,1,0,0,0,0,1,0,1,1,1,1,0,0,1,1,1,0,0,0,1,0,0,1,0,0,1,0,0,0,0,0,0,0,0,1,1,0,0,0,1,0,0,1,0,0,0,0,1,0,0,0,1,0,0,0,0,0,0,0,0,0,0,0,0,1,0,0,1,0,0,0,0,0,0,1,0,0,0,0,0,1,1,0,0,1,0,0,0,0,0,0,0,0,0,0,0,0,0,0,1,1,0,0,0,0,0,0,0,0,0,1,0,0,0,0,0,0,1,0,1,0,1,0,1,0
0,1,0,0,0,1,1,1,0,0,0,0,0,0,0,1,1,1,1,1,1,1,0,1,0,1,1,0,1,0,1,0,0,0,0,0,0,0,1,1,0,1,0,1,1,1,0,1,1,1,1,1,0,1,1,0,0,1,1,1,1,1,1,0,0,1,1,1,1,0,1,0,1,0,1,1,0,0,0,1,0,1,1,1,0,0,0,1,1,1,1,1,0,0,1,0,1,1,0,1,0,1,0,1,1,0,1,0,0,1,1,1,1,1,1,1,1,1,1,0,0,1,0,1,0,1,0,1,1,0,1,1,0,0,0,1,1,0,0,1,0,0,0,1,0,1,1,1,0,0,0,0,0,1,0,0,0,0,0,1,1,1,0,1,0,1,1,0,1,0,0,0,0,1,0,1,1,1,0,1,1,1,0,0,0,0,1,1,0,1,0,1,0,0,0,1,1,1,1,0,0,1,1,0,0,0,1,1,1,1,1,0,1,0,1,0,1,1,1,0,1
1,1,1,1,0,1,1,1,0,0,0,0,0,0,0,1,1,1,1,1,1,1,1,1,1,0,1,0,1,1,1,0,0,0,1,0,0,1,1,1,0,1,0,1,0,0,0,1,1,0,0,1,0,0,0,0,0,1,1,0,0,0,1,0,0,0,0,0,1,1,0,0,0,0,0,0,0,0,0,0,0,0,0,0,0,0,0,0,1,0,1,0,0,0,0,0,0,1,0,0,0,0,0,0,0,0,0,0,0,0,0,1,1,1,1,0,0,1,1,0,0,0,0,1,0,1,0,1,1,0,0,0,0,0,0,0,1,0,0,1,0,0,0,0,0,1,1,1,0,0,1,0,1,1,1,0,0,0,0,1,1,1,1,1,0,1,0,0,1,0,0,0,0,1,0,1,1,0,0,1,0,1,1,0,0,0,1,1,0,1,0,1,0,0,0,1,1,1,1,0,0,1,1,0,0,0,1,1,1,1,0,0,1,0,1,0,1,1,0,0,1
1,1,1,1,0,1,1,1,0,0,0,0,0,0,0,1,1,1,1,1,1,1,1,1,1,0,1,0,1,1,1,0,0,0,1,0,0,1,1,1,0,1,0,1,0,0,0,1,1,0,0,1,0,0,0,0,0,1,1,0,0,0,1,0,0,0,0,0,1,1,0,0,0,0,0,0,0,0,0,0,0,0,0,0,0,0,0,0,1,0,1,0,0,0,0,0,0,1,0,0,0,0,0,0,0,0,0,0,0,0,0,1,1,1,1,0,0,1,1,0,0,0,0,1,0,1,0,1,1,1,0,0,0,0,0,0,1,0,0,1,0,0,0,0,0,1,1,1,0,0,1,0,1,1,1,0,0,0,0,1,1,1,1,1,0,1,1,1,1,0,0,0,0,1,0,1,1,0,0,1,0,1,1,0,0,0,1,1,0,1,1,1,0,0,0,1,1,1,1,1,1,1,1,0,0,0,1,1,1,1,1,0,1,0,1,0,1,1,1,0,1
1,1,1,1,0,1,1,1,0,0,0,0,0,0,0,1,1,1,1,1,1,1,1,1,1,0,1,0,1,1,1,0,0,0,1,0,0,1,1,1,0,1,0,1,0,0,0,1,1,0,0,1,0,0,0,0,0,1,1,0,0,0,1,0,0,0,0,0,1,1,0,0,0,0,0,0,0,0,0,0,0,0,0,0,0,0,0,0,1,0,1,0,0,0,0,0,0,1,0,0,0,0,0,0,0,0,0,0,0,0,0,1,1,1,1,0,0,1,1,0,0,0,0,1,0,1,0,1,1,1,0,0,0,0,0,0,1,0,0,1,0,0,0,0,0,1,1,1,0,0,1,0,1,1,1,0,0,0,0,1,1,1,1,1,0,1,1,1,1,0,0,0,0,1,0,1,1,0,0,1,0,1,1,0,0,0,1,1,0,1,1,1,0,0,0,1,1,1,1,1,1,1,1,0,0,0,1,1,1,1,1,0,1,0,1,0,1,1,1,0,1
1,1,1,1,0,1,1,1,0,0,0,0,0,0,0,1,1,1,1,1,1,1,1,1,1,0,1,0,1,1,1,0,0,0,1,0,0,1,1,1,0,1,0,1,0,0,0,1,1,0,0,1,0,0,0,0,0,1,1,0,0,0,1,0,0,0,0,0,1,1,0,0,0,0,0,0,0,0,0,0,0,0,0,0,0,0,0,0,1,0,1,0,0,0,0,0,0,1,0,0,0,0,0,0,0,0,0,0,0,0,0,1,1,1,1,0,0,1,1,0,0,0,0,1,0,1,0,1,1,1,0,0,0,0,0,0,1,0,0,1,0,0,0,0,0,1,1,1,0,0,1,0,1,1,1,0,0,0,0,1,1,1,1,1,0,1,1,1,1,0,0,0,0,1,0,1,1,0,0,1,0,1,1,0,0,0,1,1,0,1,1,1,0,0,0,1,1,1,1,1,1,1,1,0,0,0,1,1,1,1,1,0,1,0,1,0,1,1,1,0,1
1,1,0,1,0,1,1,1,0,0,0,0,0,0,0,1,1,1,1,1,1,1,1,1,1,0,1,0,1,0,1,0,0,0,1,0,0,1,1,1,0,1,0,1,0,0,0,1,1,0,0,1,0,0,0,0,0,1,1,0,0,0,1,0,0,0,0,0,1,1,0,0,0,0,0,0,0,0,0,0,0,0,0,0,0,0,0,0,1,0,1,0,0,0,0,0,0,1,0,0,0,0,0,0,0,0,0,0,0,0,0,1,1,1,1,0,0,1,1,0,0,0,0,1,0,1,0,1,1,1,0,0,0,0,0,0,1,0,0,1,0,0,0,0,0,1,1,1,0,0,1,0,1,1,1,0,0,0,0,1,1,1,1,1,0,1,1,1,1,0,0,0,0,1,0,1,1,0,0,1,0,1,1,0,0,0,1,1,0,1,1,1,0,0,0,1,1,1,1,1,1,1,1,0,0,0,1,1,1,1,1,0,1,0,1,0,1,1,1,0,1
0,1,0,0,0,1,1,1,0,0,1,0,0,1,0,1,1,1,1,1,1,1,0,1,0,1,1,0,1,0,1,0,0,0,0,0,0,0,1,1,0,1,0,1,0,0,0,1,1,0,0,1,0,1,0,0,1,1,1,0,0,0,1,0,0,0,0,0,1,0,1,1,1,0,0,1,0,1,0,1,1,0,0,1,0,1,0,1,1,1,1,1,0,0,0,1,1,1,0,1,0,1,0,1,1,0,1,1,0,1,1,1,1,1,1,1,1,1,1,0,1,1,0,1,0,1,0,1,1,0,1,0,1,0,1,1,1,0,0,1,0,1,0,1,0,1,1,1,0,0,0,0,0,1,0,0,0,1,1,1,1,1,0,1,0,1,1,0,1,1,0,1,1,1,0,1,1,1,0,1,1,1,0,1,0,0,1,1,1,1,0,1,1,0,1,1,1,1,1,0,0,1,1,1,0,0,1,1,1,1,1,0,1,0,1,0,1,1,1,0,1
0,1,0,1,1,1,1,0,0,0,1,0,1,1,1,0,0,1,1,0,0,0,0,0,0,1,1,0,1,0,1,0,0,0,0,0,0,1,1,1,0,1,0,1,1,1,0,1,1,0,1,1,1,1,1,1,0,1,1,0,1,1,0,0,0,1,0,1,1,0,1,1,1,0,0,1,0,1,0,1,1,0,1,1,1,1,0,1,1,1,1,1,1,1,1,0,1,1,0,1,0,1,1,1,1,0,1,0,0,1,1,1,1,1,1,1,1,1,1,0,0,1,1,1,0,1,0,1,1,0,1,0,0,0,0,1,1,0,0,1,1,0,0,1,0,1,1,1,0,0,0,0,0,1,0,0,0,0,0,1,1,1,0,1,1,1,0,0,1,0,0,1,1,1,1,1,1,1,0,1,1,1,0,0,0,1,1,0,0,1,0,0,0,0,0,1,1,1,1,0,0,0,0,0,0,0,0,1,1,0,0,0,1,0,1,0,1,0,0,0,1
1,1,1,1,0,1,1,1,0,0,0,0,0,0,0,1,1,1,1,1,1,1,1,1,1,0,1,0,1,1,1,0,0,0,1,0,0,1,1,1,0,1,0,1,0,0,0,1,1,0,0,1,0,0,0,0,0,1,1,0,0,0,1,0,0,0,0,0,1,1,0,0,0,0,0,0,0,0,0,0,0,0,0,0,0,0,0,0,1,0,1,0,0,0,0,0,0,1,0,0,0,0,0,0,0,0,0,0,0,0,0,1,1,1,1,0,0,1,1,0,0,0,0,1,0,1,0,1,1,1,0,0,0,0,0,0,1,0,0,1,0,0,0,0,0,1,1,1,0,0,1,0,1,1,1,0,0,0,0,1,1,1,1,1,0,1,1,1,1,0,0,0,0,1,0,1,1,0,0,1,0,1,1,0,0,0,1,1,0,1,1,1,0,0,0,1,1,1,1,1,1,1,1,0,0,0,1,1,1,1,1,0,1,0,1,1,1,1,1,0,1
0,1,0,1,1,1,1,0,0,0,1,0,1,1,1,0,0,1,1,0,0,0,0,0,0,1,1,0,1,0,1,0,0,0,0,0,0,1,1,1,0,1,0,1,1,1,0,1,1,1,1,1,1,1,1,1,0,1,1,0,1,1,1,0,0,1,1,1,1,0,1,1,1,0,1,1,0,1,0,1,1,1,1,1,1,1,0,1,1,1,1,1,1,1,1,0,1,1,0,1,0,1,1,1,1,0,1,0,0,1,1,1,1,1,1,1,1,1,1,0,0,1,1,1,0,1,1,1,1,0,1,1,0,0,0,1,1,0,0,1,1,0,0,1,0,1,1,1,1,0,0,0,0,1,0,0,0,0,0,1,1,1,0,1,1,1,0,0,1,0,0,1,1,1,1,1,1,1,0,1,1,1,0,0,0,1,1,0,0,1,0,0,0,0,0,1,1,1,1,0,0,0,0,0,0,0,0,1,1,0,0,0,1,0,1,0,1,0,0,0,1
0,1,0,1,1,1,1,0,0,0,1,0,1,1,1,0,0,1,1,0,0,1,1,0,0,1,1,0,1,1,1,0,0,0,0,0,0,1,1,1,0,1,0,1,1,1,0,1,1,0,1,1,1,1,1,1,0,1,1,0,1,1,1,0,0,1,1,1,1,0,1,1,1,0,0,1,0,1,0,1,1,0,1,1,1,1,0,1,1,1,1,1,1,1,1,0,1,1,0,1,0,1,1,1,1,0,1,0,0,1,1,1,1,1,1,1,1,1,1,0,0,1,1,1,0,1,1,1,1,0,1,1,0,0,0,1,1,0,0,1,1,0,0,1,0,1,1,1,1,0,0,0,0,1,0,0,0,0,0,1,1,1,0,1,1,1,0,0,1,0,0,1,1,1,1,1,1,1,0,1,1,1,0,0,0,1,1,0,0,1,0,0,0,0,0,1,1,1,1,0,0,0,0,0,0,0,0,1,1,0,0,0,1,0,1,0,1,0,0,0,1
1,1,0,1,1,1,1,0,0,0,1,0,0,0,0,1,1,1,1,0,0,1,1,1,0,0,1,0,1,0,1,0,0,0,0,0,0,1,1,1,0,1,0,1,0,0,0,1,1,0,0,1,0,1,1,0,0,1,1,0,0,0,1,0,0,0,0,0,1,0,1,1,1,0,0,1,0,1,0,1,1,0,0,1,0,1,0,0,1,0,1,0,0,0,0,0,1,1,0,1,0,0,0,0,0,0,0,0,0,1,1,1,1,1,1,1,1,1,1,0,0,1,0,1,0,1,1,1,1,0,1,0,0,0,0,1,1,0,0,1,0,0,0,1,0,1,1,1,1,0,0,0,0,1,0,0,0,0,0,1,1,1,0,1,0,1,0,0,1,0,0,1,1,1,0,1,1,1,0,1,1,1,0,0,0,0,1,0,0,1,0,0,0,0,0,1,1,1,1,0,0,0,0,0,0,0,0,1,1,0,0,0,1,0,1,0,1,0,0,0,1
1,1,0,1,0,1,1,0,0,0,1,0,0,0,0,1,1,1,1,0,0,1,1,1,0,0,1,0,1,0,1,0,0,0,0,0,1,1,1,1,0,1,0,1,0,0,0,1,1,0,0,1,0,1,1,0,0,1,1,0,0,0,1,0,0,0,0,0,1,0,1,1,1,0,0,1,0,1,0,1,1,0,0,1,0,1,0,0,1,0,1,0,0,0,0,0,1,1,0,1,0,0,0,0,0,0,0,0,0,1,1,1,1,1,1,1,1,1,1,0,0,1,0,1,0,1,0,1,1,0,1,0,0,0,0,1,1,0,0,1,0,0,0,1,0,1,1,1,0,0,0,0,0,1,0,0,0,0,0,1,1,1,0,1,0,1,0,0,1,0,0,1,1,1,0,1,1,1,0,1,1,1,0,0,0,0,1,0,0,1,0,0,0,0,0,1,1,1,1,0,0,0,0,0,0,0,0,1,1,0,0,0,1,0,1,0,1,0,0,0,1
0,1,0,1,1,1,1,0,0,0,1,0,0,0,0,1,1,1,1,0,0,1,0,0,0,0,1,0,0,0,1,0,0,0,0,0,0,1,1,1,0,1,0,1,0,0,0,1,1,0,0,1,0,1,1,0,0,1,1,0,0,0,1,0,0,0,0,0,1,0,1,1,1,0,0,1,0,1,0,1,1,0,0,1,0,1,0,0,1,0,1,0,0,0,0,0,1,1,0,1,0,0,0,0,0,0,0,0,0,1,1,1,1,1,1,1,1,1,1,0,0,1,0,1,0,1,1,1,1,0,1,0,0,0,0,1,1,0,0,1,0,0,0,1,0,1,1,1,1,0,0,0,0,1,0,0,0,0,0,1,1,1,0,1,0,1,0,0,1,0,0,1,1,1,0,1,1,1,0,1,1,1,0,0,0,0,1,0,0,1,0,0,0,0,0,1,1,1,1,0,0,0,0,0,0,0,0,1,1,0,0,0,1,0,1,0,1,0,0,0,1
1,1,0,1,1,1,1,0,0,0,1,0,0,0,0,1,1,1,1,0,0,1,0,0,0,0,1,0,0,0,1,0,0,0,0,0,0,1,1,1,0,1,0,1,0,0,0,1,1,0,0,1,0,1,1,0,0,1,1,0,0,0,1,0,0,0,0,0,1,0,1,1,1,0,0,1,0,1,0,1,1,0,0,1,0,1,0,0,1,0,1,0,0,0,0,0,1,1,0,1,0,0,0,0,0,0,0,0,0,1,1,1,1,1,1,1,1,1,1,0,0,1,0,1,0,1,1,1,1,0,1,0,0,0,0,1,1,0,0,1,0,0,0,1,0,1,1,1,1,0,0,0,0,1,0,0,0,0,0,1,1,1,0,1,0,1,0,0,1,0,0,1,1,1,0,1,1,1,0,1,1,1,0,0,0,0,1,0,0,1,0,0,0,0,0,1,1,1,1,0,0,0,0,0,0,0,0,1,1,0,0,0,1,0,1,0,1,0,0,0,1
0,1,0,1,0,1,1,0,0,0,1,0,0,0,0,1,1,1,1,0,0,1,0,0,0,0,1,0,0,0,1,0,0,0,0,0,1,1,1,1,0,1,0,1,0,0,0,1,1,0,0,1,0,1,1,0,0,1,1,0,0,0,1,0,0,0,0,0,1,0,1,1,1,0,0,1,0,1,0,1,1,0,0,1,0,1,0,0,1,0,1,0,0,0,0,0,1,1,0,1,0,0,0,0,0,0,0,0,0,1,1,1,1,1,1,1,1,1,1,0,0,1,0,1,0,1,0,1,1,0,1,0,0,0,0,1,1,0,0,1,0,0,0,1,0,1,1,1,0,0,0,0,0,1,0,0,0,0,0,1,1,1,0,1,0,1,0,0,1,0,0,1,1,1,0,1,1,1,0,1,1,1,0,0,0,0,1,0,0,1,0,0,0,0,0,1,1,1,1,0,0,0,0,0,0,0,0,1,1,0,0,0,1,0,1,0,1,0,0,0,1
1,1,0,1,1,1,1,0,0,0,1,0,0,0,0,1,1,1,1,0,0,1,1,1,0,0,1,0,1,0,1,0,0,0,0,0,0,1,1,1,0,1,0,1,0,0,0,1,1,0,0,1,0,1,1,0,0,1,1,0,0,0,1,0,0,0,0,0,1,0,1,1,1,0,0,1,0,1,0,1,1,0,0,1,0,1,0,0,1,0,1,0,0,0,0,0,1,1,0,1,0,0,0,0,0,0,0,0,0,1,1,1,1,1,1,1,1,1,1,0,0,1,0,1,0,1,1,1,1,0,1,0,0,0,0,1,1,0,0,1,0,0,0,1,0,1,1,1,1,0,0,0,0,1,0,0,0,0,0,1,1,1,0,1,0,1,0,0,1,0,0,1,1,1,0,1,1,1,0,1,1,1,0,0,0,0,1,0,0,1,0,0,0,0,0,1,1,1,1,0,0,0,0,0,0,0,0,1,1,0,0,0,1,0,1,0,1,0,0,0,1
1,1,0,1,1,1,1,0,0,0,1,0,0,0,0,1,1,1,1,0,0,1,1,1,0,0,1,0,1,0,1,0,0,0,0,0,0,1,1,1,0,1,0,1,0,0,0,1,1,0,0,1,0,1,1,0,0,1,1,0,0,0,1,0,0,0,0,0,1,0,1,1,1,0,0,1,0,1,0,1,1,0,0,1,0,1,0,0,1,0,1,0,0,0,0,0,1,1,0,1,0,0,0,0,0,0,0,0,0,1,1,1,1,1,0,1,1,1,1,0,0,1,0,1,0,0,1,1,1,0,1,0,0,0,0,1,1,0,0,1,0,0,0,1,0,1,1,1,1,0,0,0,0,1,0,0,0,0,0,1,1,0,0,1,0,1,0,0,1,0,0,1,1,1,0,1,1,1,0,0,1,1,0,0,0,0,1,0,0,1,0,0,0,0,0,1,1,1,0,0,0,0,0,0,0,0,0,1,0,0,0,0,0,0,1,0,0,0,0,0,0
0,1,0,1,0,1,1,0,0,0,1,0,1,1,0,0,0,0,0,0,0,0,0,0,0,1,1,0,0,0,1,0,0,1,0,0,1,0,1,1,0,1,1,1,1,1,0,1,1,1,1,0,1,1,0,1,0,1,1,0,0,1,0,1,1,1,0,1,1,0,1,1,1,1,1,1,0,0,0,1,1,1,1,1,1,0,0,1,0,1,1,1,1,1,1,1,1,1,0,1,0,1,1,1,1,1,0,1,0,1,1,1,1,1,0,1,1,1,0,0,1,0,1,1,0,0,1,1,1,0,0,0,1,0,0,1,1,0,0,1,1,1,0,0,0,1,1,0,1,0,1,0,0,1,1,0,0,1,0,1,0,0,1,0,1,1,0,0,1,0,0,0,0,1,1,1,0,1,0,0,1,1,0,1,1,1,1,1,1,1,0,1,1,1,0,1,1,1,0,0,0,1,0,1,1,0,0,1,0,0,0,0,0,0,1,0,0,0,0,0,0
0,1,0,1,1,1,1,0,0,0,1,0,0,0,0,1,1,1,1,0,0,1,0,0,0,0,1,0,0,0,1,0,0,0,0,0,0,1,1,1,0,1,0,1,0,0,0,1,1,0,0,1,0,1,1,0,0,1,1,0,0,0,1,0,0,0,0,0,1,0,1,1,1,0,0,1,0,1,0,1,1,0,0,1,0,1,0,0,1,0,1,0,0,0,0,0,1,1,0,1,0,0,0,0,0,0,0,0,0,1,1,1,1,1,0,1,1,1,1,0,0,1,0,1,0,0,1,1,1,0,1,0,0,0,0,1,1,0,0,1,0,0,0,1,0,1,1,1,1,0,0,0,0,1,0,0,0,0,0,1,1,0,0,1,0,1,0,0,1,0,0,1,1,1,0,1,1,1,0,0,1,1,0,0,0,0,1,0,0,1,0,0,0,0,0,1,1,1,0,0,0,0,0,0,0,0,0,1,0,0,0,0,0,0,1,0,0,0,0,0,0
1,1,0,1,0,1,1,0,0,0,1,0,1,1,0,1,1,1,1,0,0,1,1,1,0,1,1,0,1,1,1,0,0,1,0,0,0,0,1,1,0,1,1,1,1,1,0,1,1,0,0,1,0,1,1,0,0,1,1,1,1,1,1,1,1,1,0,1,1,0,1,0,1,0,0,1,0,0,0,1,0,0,0,1,0,0,0,1,1,1,1,1,0,0,0,0,1,1,0,1,0,1,0,0,1,0,1,0,0,1,1,1,1,1,0,1,1,1,1,0,0,1,0,1,0,0,1,1,1,0,1,1,0,0,0,1,1,0,0,1,0,0,0,1,0,1,1,1,1,0,1,0,0,1,1,0,0,0,0,1,1,0,1,1,0,1,1,0,1,0,1,0,0,1,0,1,1,1,0,0,1,1,0,0,0,0,1,1,0,1,0,1,0,0,0,1,1,1,0,0,0,1,1,0,0,0,1,0,0,0,1,1,0,0,0,0,0,0,1,1,0
1,1,1,1,1,1,0,0,0,0,0,0,0,0,0,1,1,1,1,1,1,1,1,1,1,1,1,0,1,0,1,0,0,1,0,0,0,0,1,1,0,1,1,1,1,1,0,1,1,0,0,1,0,1,1,0,0,1,1,0,0,1,1,1,1,1,0,1,1,0,1,0,1,0,0,1,0,0,0,1,0,0,0,1,0,0,0,1,1,1,1,1,0,0,0,0,1,1,0,1,0,1,0,0,1,1,1,0,0,1,1,1,1,1,0,1,1,1,1,0,0,1,0,1,0,0,1,1,1,0,0,1,0,0,0,1,1,0,1,1,0,0,0,1,1,1,1,1,1,0,1,0,0,1,1,1,0,0,0,1,1,0,1,1,0,1,1,0,1,0,1,0,0,1,0,1,1,1,0,0,1,1,0,0,0,0,1,0,0,1,0,1,0,0,0,1,1,1,0,0,0,1,1,0,0,0,0,0,0,0,1,1,0,0,0,0,0,0,1,1,0
0,1,0,1,0,1,1,1,0,0,0,0,0,0,0,1,1,1,0,1,1,1,0,1,0,1,1,0,0,0,1,0,0,1,0,0,0,0,1,1,0,1,1,1,0,0,0,1,1,0,0,1,1,1,0,0,0,1,1,0,0,0,1,1,1,0,0,0,1,0,1,1,1,0,0,1,0,0,0,1,0,0,0,1,1,1,0,1,1,1,1,1,1,1,0,0,1,1,0,1,0,1,1,1,1,0,1,0,0,1,1,1,1,1,1,1,1,1,1,0,0,1,1,1,1,1,0,1,1,0,1,0,0,0,0,1,1,0,1,1,1,0,0,1,1,1,1,1,0,1,1,1,0,1,0,0,0,0,0,1,1,1,0,1,1,1,1,0,1,0,1,1,1,1,1,1,1,1,1,1,1,1,0,0,0,1,1,1,0,1,0,1,0,0,0,1,0,1,1,0,0,1,1,0,0,0,1,1,1,1,0,0,1,0,1,0,1,1,0,0,1
0,1,0,1,0,1,0,0,0,0,0,0,0,0,0,1,1,1,1,0,0,1,1,1,0,1,1,0,1,0,1,0,0,1,0,0,0,0,1,1,0,1,1,1,1,1,0,1,1,0,0,0,0,1,1,0,0,1,1,1,1,1,0,0,1,1,0,1,1,0,1,0,1,0,1,1,0,0,0,1,0,0,1,1,0,0,0,1,1,1,1,1,0,0,0,0,1,1,0,1,0,1,0,0,1,0,1,0,0,1,1,0,1,1,0,1,1,1,1,0,0,1,0,1,0,0,0,1,1,0,1,1,0,0,0,1,1,0,1,1,0,0,0,1,1,1,1,1,0,0,1,0,0,1,1,1,0,0,0,1,1,0,1,1,0,1,0,0,1,0,0,0,0,1,0,1,1,1,0,0,1,1,0,0,0,0,1,0,0,1,0,0,0,0,0,1,1,0,0,0,0,0,0,0,0,0,0,1,0,0,0,1,0,0,1,0,0,0,0,1,0
1,1,1,1,1,1,0,0,1,0,0,0,0,0,0,1,1,1,1,0,0,1,1,1,1,1,1,0,0,0,1,1,0,1,0,0,1,0,1,1,0,1,0,1,1,1,0,1,1,0,0,1,1,1,1,0,0,1,1,1,1,1,0,1,1,1,0,1,1,0,1,0,1,0,0,1,0,0,0,1,0,0,0,1,0,0,0,1,1,1,1,1,0,0,0,0,1,1,0,1,0,1,0,0,1,1,1,0,0,1,1,1,1,1,0,1,1,1,1,0,0,1,1,1,0,0,0,1,1,0,1,1,0,0,0,1,1,0,1,1,0,0,0,1,1,1,1,1,0,0,0,0,0,1,0,1,0,0,0,1,1,0,0,1,1,1,0,0,1,0,1,0,0,1,1,1,1,1,0,0,1,1,0,0,0,0,1,1,0,1,0,0,0,0,0,1,1,1,1,0,0,0,0,0,0,0,0,0,1,0,0,1,0,0,0,1,1,0,0,1,0
0,1,0,1,1,1,0,0,0,0,1,0,1,1,0,1,1,1,1,0,0,1,1,1,1,1,1,1,1,1,1,0,0,1,0,0,0,0,1,1,0,1,1,1,1,1,0,1,1,1,1,0,0,1,1,0,0,1,1,1,1,1,0,0,1,1,0,1,1,0,1,0,1,0,1,1,0,0,0,1,0,1,1,1,0,0,0,1,1,1,1,1,0,0,1,0,1,1,0,1,0,1,0,1,1,0,1,0,0,1,1,1,1,1,0,1,1,1,1,0,0,1,0,1,1,0,1,1,1,0,1,1,0,0,0,1,1,0,1,1,0,0,0,1,1,1,1,1,1,0,1,1,0,1,1,1,0,0,0,1,1,0,1,1,0,1,1,0,1,0,0,0,0,1,0,1,1,1,0,0,1,1,0,0,0,0,1,0,0,1,0,0,0,0,0,1,1,0,0,0,0,0,0,0,0,0,0,1,0,0,0,1,0,0,1,0,0,0,0,1,0
0,1,0,1,1,1,0,0,0,1,1,0,1,1,0,1,1,1,1,0,0,1,1,1,1,1,1,1,1,1,1,0,1,1,0,0,0,0,1,1,1,1,1,1,1,1,1,1,1,1,1,0,0,1,1,0,0,1,1,1,1,1,0,0,1,1,0,1,1,0,1,0,1,0,1,1,0,0,0,1,0,1,1,1,0,0,0,1,1,1,1,1,0,0,1,0,1,1,1,1,1,1,0,1,1,0,1,0,0,1,1,1,1,1,0,1,1,1,1,1,0,1,0,1,1,0,1,1,1,0,1,1,0,0,0,1,1,1,1,1,0,0,1,1,1,1,1,1,1,0,1,1,0,1,1,1,0,0,0,1,1,0,1,1,0,1,1,0,1,0,0,0,0,1,0,1,1,1,0,0,1,1,0,0,0,0,1,0,0,1,0,0,0,0,0,1,1,0,0,0,0,0,0,0,0,0,0,1,0,0,0,1,0,0,1,0,0,0,0,1,0
0,1,0,1,1,1,0,0,0,0,1,0,1,1,0,1,1,1,1,0,0,1,1,1,1,1,1,1,1,1,1,0,0,1,0,0,0,0,1,1,0,1,1,1,1,1,0,1,1,1,1,0,0,1,1,0,0,1,1,1,1,1,0,0,1,1,0,1,1,0,1,0,1,0,1,1,0,0,0,1,0,1,1,1,0,0,0,1,1,1,1,1,0,0,1,0,1,1,0,1,0,1,0,1,1,0,1,0,0,1,1,1,1,1,0,1,1,1,1,0,0,1,0,1,1,0,1,1,1,0,1,1,0,0,0,1,1,0,1,1,0,0,0,1,1,1,1,1,1,0,1,1,0,1,1,1,0,0,0,1,1,0,1,1,0,1,1,0,1,0,0,0,0,1,0,1,1,1,0,0,1,1,0,0,0,0,1,0,0,1,0,0,0,0,0,1,1,0,0,0,0,0,0,0,0,0,0,1,0,0,0,1,0,0,1,0,0,0,0,1,0
0,1,0,1,1,1,0,0,0,0,1,0,1,1,0,1,1,1,1,0,0,1,1,1,1,1,1,1,1,1,1,0,0,1,0,0,0,0,1,1,0,1,1,1,1,1,0,1,1,1,1,1,0,1,1,0,0,1,1,1,1,1,0,0,1,1,0,1,1,0,1,0,1,0,1,1,0,0,0,1,0,1,1,1,0,0,0,1,1,1,1,1,0,0,1,0,1,1,0,1,0,1,0,1,1,0,1,0,0,1,1,1,1,1,0,1,1,1,1,0,0,1,0,1,1,0,1,1,1,0,1,1,0,0,0,1,1,0,1,1,0,0,0,1,1,1,1,1,1,0,1,1,0,1,1,1,0,0,0,1,1,0,1,1,0,1,1,0,1,0,0,0,0,1,0,1,1,1,0,0,1,1,0,0,0,0,1,0,0,1,0,0,0,0,0,1,1,0,0,0,0,0,0,0,0,0,0,1,0,0,0,1,0,0,1,0,0,0,0,1,0
0,1,0,1,1,1,1,0,0,0,1,0,1,1,0,1,1,1,1,0,0,1,1,1,1,1,1,1,1,1,1,0,0,1,0,0,0,0,1,1,0,1,1,1,1,1,0,1,1,1,1,1,0,1,1,0,0,1,1,1,1,1,0,0,1,1,0,1,1,0,1,0,1,0,1,1,0,0,0,1,0,1,1,1,0,0,0,1,1,1,1,1,0,0,1,0,1,1,0,1,0,1,0,1,1,0,1,0,0,1,1,1,1,1,0,1,1,1,1,0,0,1,0,1,1,0,1,1,1,0,1,1,0,0,0,1,1,0,1,1,0,0,0,1,1,1,1,1,1,0,1,1,0,1,1,1,0,0,0,1,1,0,1,1,0,1,1,0,1,0,0,0,0,1,0,1,1,1,0,0,1,1,0,0,0,0,1,1,0,1,0,0,0,0,0,1,1,0,0,0,0,0,0,0,0,0,0,1,0,0,0,1,0,0,1,0,0,0,0,1,0
0,1,0,1,1,1,1,0,0,0,1,0,1,1,0,1,1,1,1,0,0,1,1,1,1,1,1,1,1,1,1,0,0,1,1,0,0,0,1,1,0,1,1,1,1,1,0,1,1,1,1,0,0,1,1,0,1,1,1,1,1,1,0,0,1,1,0,1,1,1,1,1,1,0,1,1,0,0,1,1,1,1,1,1,0,0,1,1,1,1,1,1,0,0,1,1,1,1,0,1,0,1,0,1,1,0,1,1,0,1,1,1,1,1,0,1,1,1,1,0,1,1,0,1,1,0,1,1,1,0,1,1,1,0,0,1,1,0,1,1,0,1,0,1,1,1,1,1,1,0,1,1,1,1,1,1,0,1,0,1,1,0,1,1,0,1,1,0,1,0,0,0,0,1,0,1,1,1,0,0,1,1,1,1,1,0,1,0,1,1,0,1,1,0,1,1,1,1,0,0,0,1,1,1,0,0,0,1,0,0,0,1,0,0,1,0,0,0,0,1,0
0,1,0,1,1,1,1,0,0,0,1,0,1,1,0,1,1,1,1,0,0,1,1,1,1,1,1,1,1,1,1,0,0,1,0,0,0,0,1,1,0,1,1,1,1,1,0,1,1,1,1,0,0,1,1,0,0,1,1,1,1,1,0,0,1,1,0,1,1,0,1,0,1,0,1,1,0,0,0,1,0,1,1,1,0,0,0,1,1,1,1,1,0,0,1,0,1,1,0,1,0,1,0,1,1,0,1,0,0,1,1,1,1,1,0,1,1,1,1,0,0,1,0,1,1,0,1,1,1,0,1,1,0,0,0,1,1,0,1,1,0,0,0,1,1,1,1,1,1,0,1,1,0,1,1,1,0,0,0,1,1,0,1,1,0,1,1,0,1,0,0,0,0,1,0,1,1,1,0,0,1,1,0,0,0,0,1,0,0,1,0,0,0,0,0,1,1,0,0,0,0,0,0,0,0,0,0,1,0,0,0,1,0,0,1,0,0,0,0,1,0
0,1,0,1,1,1,1,0,0,0,1,0,1,1,0,1,1,1,1,0,0,1,1,1,1,1,1,1,1,1,1,0,0,1,0,0,0,0,1,1,0,1,1,1,1,1,0,1,1,1,1,0,0,1,1,0,0,1,1,1,1,1,0,0,1,1,0,1,1,0,1,0,1,0,1,1,0,0,0,1,0,1,1,1,0,0,0,1,1,1,1,1,0,0,1,0,1,1,0,1,0,1,0,1,1,0,1,0,0,1,1,1,1,1,0,1,1,1,1,0,0,1,0,1,1,0,1,1,1,0,1,1,0,0,0,1,1,0,1,1,0,0,0,1,1,1,1,1,1,0,1,1,0,1,1,1,0,0,0,1,1,0,1,1,0,1,1,0,1,0,0,0,0,1,0,1,1,1,0,0,1,1,0,0,0,0,1,0,0,1,0,0,0,0,0,1,1,0,0,0,0,0,0,0,0,0,0,1,0,0,0,1,0,0,1,0,0,0,0,1,0
0,1,0,1,1,1,0,0,0,0,1,0,1,1,0,1,1,1,1,0,0,1,1,1,1,1,1,1,1,1,1,0,0,1,0,0,0,0,1,1,0,1,1,1,1,1,0,1,1,1,1,0,0,1,1,0,0,1,1,1,1,1,0,0,1,1,0,1,1,0,1,0,1,0,1,1,0,0,0,1,0,1,1,1,0,0,0,1,1,1,1,1,0,0,1,0,1,1,0,1,0,1,0,1,1,0,1,0,0,1,1,1,1,1,0,1,1,1,1,0,0,1,0,1,1,0,1,1,1,0,1,1,0,0,0,1,1,0,1,1,0,0,0,1,1,1,1,1,1,0,1,1,0,1,1,1,0,0,0,1,1,0,1,1,0,1,1,0,1,0,0,0,0,1,0,1,1,1,0,0,1,1,0,0,0,0,1,0,0,1,0,0,0,0,0,1,1,0,0,0,0,0,0,0,0,0,0,1,0,0,0,1,0,0,1,0,0,0,0,1,0
0,1,0,1,1,0,0,0,1,0,0,0,0,0,0,1,1,1,1,0,0,1,1,1,0,1,1,0,1,0,0,1,0,1,0,0,0,0,1,0,0,0,0,0,1,1,0,0,0,0,0,0,1,1,1,0,0,0,0,1,1,1,0,1,1,1,0,1,0,0,1,0,1,0,0,1,0,0,0,1,0,0,0,1,0,0,0,1,1,1,0,1,0,0,0,0,1,0,0,1,0,1,0,0,1,0,1,0,0,1,1,0,0,0,0,1,1,0,1,0,0,1,1,0,0,0,0,0,0,0,1,1,0,0,0,1,0,0,1,0,0,0,0,1,1,0,0,1,0,0,0,0,0,0,0,1,0,0,0,0,1,0,0,1,0,0,0,0,0,0,1,0,0,0,1,0,1,1,0,0,1,0,0,0,0,1,0,0,0,0,0,0,0,0,0,1,1,0,0,0,0,0,0,0,0,0,0,0,0,0,0,1,0,0,0,0,0,0,0,1,0
0,1,0,1,1,1,1,0,1,0,1,0,1,1,0,1,1,1,1,0,0,1,1,1,1,1,1,1,1,1,1,1,0,1,0,0,0,0,1,1,0,1,1,1,1,1,0,1,1,1,1,0,0,1,1,0,0,1,1,1,1,1,0,0,1,1,0,1,1,0,1,0,1,0,1,1,0,0,0,1,0,1,1,1,0,0,0,1,1,1,1,1,0,0,1,0,1,1,0,1,0,1,0,1,1,0,1,0,0,1,1,1,1,1,0,1,1,1,1,0,0,1,0,1,1,0,1,1,1,0,1,1,0,0,0,1,1,0,1,1,0,0,0,1,1,1,1,1,1,0,1,1,0,1,1,1,0,0,0,1,1,0,1,1,0,1,1,0,1,0,0,0,0,1,0,1,1,1,0,0,1,1,0,0,0,0,1,0,0,1,0,0,0,0,0,1,1,0,0,0,0,0,0,0,0,0,0,1,0,0,0,1,0,0,1,0,0,0,0,1,0
0,1,0,1,1,0,0,0,1,1,0,0,0,0,0,1,1,1,1,0,0,1,1,1,0,1,1,0,1,0,0,1,1,1,0,0,0,0,1,0,1,0,0,0,1,1,1,0,0,0,0,0,1,1,1,0,0,0,0,1,1,1,0,1,1,1,0,1,0,0,1,0,1,0,0,1,0,0,0,1,0,0,0,1,0,0,0,1,1,1,0,1,0,0,0,0,1,0,1,1,1,1,0,0,1,0,1,0,0,1,1,0,0,0,0,1,1,0,1,1,0,1,1,0,0,0,0,0,0,0,1,1,0,0,0,1,0,1,1,0,0,0,1,1,1,0,0,1,0,0,0,0,0,0,0,1,0,0,0,0,1,0,0,1,0,0,0,0,0,0,1,0,0,0,1,0,1,1,0,0,1,0,0,0,0,1,0,0,0,0,0,0,0,0,0,1,1,0,0,0,0,0,0,0,0,0,0,0,0,0,0,1,0,0,0,0,0,0,0,1,0
0,1,0,1,1,0,0,0,1,0,0,0,0,0,0,1,1,1,1,0,0,1,1,1,0,1,1,0,1,0,0,1,0,1,0,0,0,0,1,0,0,0,0,0,1,1,0,0,0,0,0,0,1,1,1,0,0,0,0,1,1,1,0,1,1,1,0,1,0,0,1,0,1,0,0,1,0,0,0,1,0,0,0,1,0,0,0,1,1,1,0,1,0,0,0,0,1,0,0,1,0,1,0,0,1,0,1,0,0,1,1,0,0,0,0,1,1,0,1,0,0,1,1,0,0,0,0,0,0,0,1,1,0,0,0,1,0,0,1,0,0,0,0,1,1,0,0,1,0,0,0,0,0,0,0,1,0,0,0,0,1,0,0,1,0,0,0,0,0,0,1,0,0,0,1,0,1,1,0,0,1,0,0,0,0,1,0,0,0,0,0,0,0,0,0,1,1,0,0,0,0,0,0,0,0,0,0,0,0,0,0,1,0,0,0,0,0,0,0,1,0
0,1,0,1,1,1,0,0,1,0,0,0,0,0,0,1,1,1,1,0,0,1,1,1,0,1,1,0,1,0,1,1,0,1,0,0,0,0,1,1,0,0,0,1,1,1,0,0,1,0,0,1,1,1,1,0,0,1,1,1,1,1,0,1,1,1,0,1,1,0,1,0,1,0,0,1,0,0,0,1,0,0,0,1,0,0,0,1,1,1,1,1,0,0,0,0,1,1,0,1,0,1,0,0,1,0,1,0,0,1,1,0,1,1,0,1,1,1,1,0,0,1,1,1,0,0,0,1,1,0,1,1,0,0,0,1,1,0,1,1,0,0,0,1,1,1,1,1,0,0,0,0,0,1,0,1,0,0,0,1,1,0,0,1,0,1,0,0,1,0,1,0,0,1,1,1,1,1,0,0,1,1,0,0,0,1,1,1,0,1,0,0,0,0,0,1,1,0,0,0,0,0,0,0,0,0,0,0,0,0,0,1,0,0,0,0,0,0,0,1,0
0,1,0,1,1,0,0,0,1,0,0,0,0,0,0,1,1,1,1,0,0,1,0,0,0,1,1,0,0,0,0,1,0,1,0,0,0,0,1,0,0,1,0,0,1,1,0,1,0,0,0,0,1,1,1,0,0,0,0,1,1,1,0,1,1,1,0,1,0,0,1,0,1,0,0,1,0,0,0,1,0,0,0,1,0,0,0,1,1,1,0,1,0,0,0,0,1,0,0,1,0,1,0,0,1,1,1,0,0,1,1,1,0,0,0,1,1,0,1,0,0,1,1,0,0,0,0,0,0,0,1,1,0,0,0,1,0,0,1,0,0,0,0,1,1,0,0,1,0,0,0,0,0,0,0,1,0,0,0,0,1,0,0,1,0,0,0,0,0,0,1,0,0,0,1,0,1,1,0,0,1,0,0,0,0,0,0,0,0,0,0,0,0,0,0,1,1,0,0,0,0,0,0,0,0,0,0,0,0,0,0,1,0,0,0,0,0,0,0,1,0
0,1,0,1,1,0,0,0,1,0,0,0,0,0,0,1,1,1,1,0,0,1,1,1,0,1,1,0,1,0,0,1,0,1,0,0,0,0,1,0,0,1,0,0,1,1,0,1,0,0,0,0,1,1,1,0,0,0,0,1,1,1,0,1,1,1,0,1,0,0,1,0,1,0,0,1,0,0,0,1,0,0,0,1,0,0,0,1,1,1,0,1,0,0,0,0,1,0,0,1,0,1,0,0,1,1,1,0,0,1,1,1,0,0,0,1,1,0,1,0,0,1,1,0,0,0,0,0,0,0,1,1,0,0,0,1,0,0,1,0,0,0,0,1,1,0,0,1,0,0,0,0,0,0,0,1,0,0,0,0,1,0,0,1,0,0,0,0,0,0,0,0,0,0,1,0,1,1,0,0,1,0,0,0,0,0,0,0,0,0,0,0,0,0,0,1,1,0,0,0,0,0,0,0,0,0,0,0,0,0,0,1,0,0,0,0,0,0,0,1,0
0,1,0,1,1,1,1,0,1,0,0,0,0,0,0,1,1,1,1,0,0,1,1,1,0,1,1,0,1,0,0,1,0,1,0,0,0,0,1,0,0,0,0,0,1,1,0,0,0,0,0,0,1,1,1,0,0,0,0,1,1,1,0,1,1,1,0,1,0,0,1,0,1,0,0,1,0,0,0,1,0,0,0,1,0,0,0,1,1,1,0,1,0,0,0,0,1,0,0,1,0,1,0,0,1,0,1,0,0,1,1,0,0,0,0,1,1,0,1,0,0,1,1,0,0,0,0,0,0,0,1,1,0,0,0,1,0,0,1,0,0,0,0,1,1,0,0,1,0,0,0,0,0,0,0,1,0,0,0,0,1,0,0,1,0,0,0,0,0,0,1,0,0,0,1,0,1,1,0,0,1,0,0,0,0,1,0,0,0,0,0,0,0,0,0,1,1,0,0,0,0,0,0,0,0,0,0,0,0,0,0,1,0,0,0,0,0,0,0,1,0
1,1,1,1,1,1,1,1,0,0,1,0,1,1,0,1,1,1,1,0,0,1,1,1,0,1,1,0,1,1,1,0,0,1,1,0,1,0,1,1,0,1,0,1,1,1,0,1,1,1,1,1,0,1,1,0,0,1,1,1,1,1,1,1,1,1,0,1,1,1,1,1,1,0,1,1,0,1,0,1,1,1,1,1,0,1,0,1,1,1,1,1,0,0,1,0,1,1,0,1,0,1,0,1,1,1,1,0,1,1,1,1,1,1,1,1,1,1,1,0,1,1,0,1,0,1,1,1,1,0,1,1,0,0,0,1,1,0,0,1,0,0,0,1,0,1,1,1,1,0,0,0,1,1,0,0,0,0,0,1,1,1,0,1,0,1,0,0,1,0,1,1,1,1,0,1,1,1,0,1,1,1,1,1,1,0,1,1,0,1,0,1,0,0,0,1,1,1,1,0,0,1,0,0,0,0,1,1,1,0,0,1,1,0,1,0,1,0,0,1,1
1,1,1,1,1,1,1,1,0,0,1,0,1,1,0,1,1,1,1,0,0,1,1,1,0,1,1,0,1,1,1,0,0,1,1,0,1,0,1,1,0,1,0,1,1,1,0,1,1,1,1,1,0,1,1,0,0,1,1,1,1,1,1,1,1,1,0,1,1,1,1,1,1,0,1,1,0,1,0,1,1,1,1,1,0,1,0,1,1,1,1,1,0,0,1,0,1,1,0,1,0,1,0,1,1,1,1,0,1,1,1,1,1,1,1,1,1,1,1,0,1,1,0,1,0,1,1,1,1,0,1,1,0,0,0,1,1,0,0,1,0,0,0,1,0,1,1,1,1,0,0,0,1,1,0,0,0,0,0,1,1,1,0,1,0,1,0,0,1,0,1,1,1,1,0,1,1,1,0,1,1,1,1,1,1,0,1,1,0,1,0,1,0,0,0,1,1,1,1,0,0,1,0,0,0,0,1,1,1,0,0,1,1,0,1,0,1,0,0,1,1
0,1,0,1,0,1,1,0,0,0,0,0,0,0,0,1,1,1,1,0,0,1,1,1,1,1,1,0,1,1,1,0,0,1,0,0,0,0,1,1,0,1,1,1,1,1,0,1,1,0,0,0,0,1,1,0,0,1,1,1,1,1,0,1,1,1,0,1,1,0,1,1,1,0,0,1,0,1,0,1,1,0,0,1,0,1,0,1,1,1,1,1,0,0,0,0,1,1,0,1,0,1,0,0,1,1,1,0,0,1,1,1,1,1,0,1,1,1,1,0,1,1,0,1,0,0,1,1,1,0,1,1,0,0,0,1,1,0,1,1,0,0,0,1,1,1,1,1,1,0,1,0,0,1,1,1,0,0,0,1,1,0,1,1,0,1,0,0,1,0,1,1,1,1,0,1,1,1,0,0,1,1,0,1,1,0,1,0,0,1,0,0,0,0,0,1,1,1,0,0,0,0,0,0,0,0,0,1,0,0,0,1,0,0,1,0,0,0,0,1,0
1,1,1,1,1,0,0,0,0,0,0,0,0,0,0,1,1,1,1,1,1,1,1,1,1,1,1,1,1,1,0,0,0,1,0,0,0,0,1,0,0,1,0,0,1,1,0,1,0,0,0,0,0,1,1,0,0,0,0,1,1,1,0,1,1,1,0,1,0,0,1,0,1,0,0,1,0,0,0,1,0,0,0,1,0,0,0,1,1,1,0,1,0,0,0,0,1,0,0,1,0,1,0,0,1,1,1,0,0,1,1,1,0,0,0,1,1,0,1,0,0,1,0,0,0,0,0,0,0,0,1,1,0,0,0,1,0,0,1,0,0,0,0,1,1,0,0,1,0,0,0,0,0,0,0,1,0,0,0,0,1,0,0,1,0,0,0,0,0,0,0,0,0,0,0,0,1,1,0,0,1,0,0,0,0,0,0,0,0,0,0,0,0,0,0,1,1,0,0,0,0,0,0,0,0,0,1,0,0,0,0,1,0,1,0,0,0,0,0,1,0
1,1,1,1,0,1,1,0,0,0,0,0,0,0,0,1,1,1,1,0,0,1,1,1,1,1,1,0,1,1,1,0,0,1,0,0,0,0,1,1,0,1,1,1,1,1,0,1,1,0,0,1,0,1,1,0,0,1,1,1,1,1,0,1,1,1,0,1,1,0,1,1,1,0,0,1,0,1,0,1,1,0,0,1,0,1,0,1,1,1,1,1,0,0,0,0,1,1,0,1,0,1,0,0,1,1,1,0,0,1,1,1,1,1,1,1,1,1,1,0,1,1,0,1,0,1,1,1,1,0,1,1,0,0,0,1,1,0,1,1,0,0,0,1,1,1,1,1,1,0,1,0,0,1,1,1,0,0,0,1,1,1,1,1,0,1,0,0,1,0,1,1,1,1,0,1,1,1,0,1,1,1,0,1,1,0,1,0,0,1,0,0,0,0,0,1,1,1,1,0,0,0,0,0,0,0,0,1,1,0,0,1,1,0,1,0,1,0,0,1,1
1,1,1,1,0,1,1,1,0,1,0,0,0,0,0,1,1,1,1,0,1,1,1,1,1,1,1,1,1,1,1,0,1,1,0,0,0,0,1,1,1,1,0,1,1,1,1,1,1,0,0,1,0,1,1,0,0,1,1,1,1,1,0,1,1,1,0,1,1,0,1,1,1,1,0,1,0,0,0,1,1,0,0,1,0,0,0,1,1,1,1,1,0,0,0,1,1,1,1,1,1,1,0,0,1,1,1,1,0,1,1,1,1,1,1,1,1,1,1,1,1,1,0,1,0,1,1,1,1,1,1,1,1,0,1,1,1,1,1,1,0,1,1,1,1,1,1,1,1,0,1,0,0,1,1,1,0,1,1,1,1,1,1,1,0,1,0,1,1,1,1,0,0,1,0,1,1,1,0,1,1,1,0,1,1,0,1,0,1,1,1,1,1,1,1,1,1,1,1,1,1,1,1,1,1,0,0,1,1,0,1,1,1,0,1,0,1,0,1,1,1
1,1,1,1,0,1,1,1,0,1,0,0,0,0,0,1,1,1,1,0,1,1,1,1,1,1,1,1,1,1,1,0,1,1,0,0,0,0,1,1,1,1,0,1,1,1,1,1,1,0,0,1,0,1,1,0,0,1,1,1,1,1,0,1,1,1,0,1,1,0,1,1,1,1,0,1,0,0,0,1,1,0,0,1,0,0,0,1,1,1,1,1,0,0,0,1,1,1,1,1,1,1,0,0,1,1,1,1,0,1,1,1,1,1,1,1,1,1,1,1,1,1,0,1,0,1,0,1,1,1,1,1,1,0,1,1,1,1,1,1,0,1,1,1,1,1,1,1,0,0,1,0,0,1,1,1,0,1,1,1,1,1,1,1,0,1,0,1,1,1,1,0,0,1,0,1,1,1,0,1,1,1,0,1,1,0,1,0,1,1,1,1,1,1,1,1,1,1,1,1,1,1,1,1,1,0,0,1,1,0,1,1,1,0,1,0,1,0,1,1,1
1,1,0,1,1,1,0,0,0,0,1,0,1,1,0,1,1,1,1,0,0,1,1,1,0,1,1,1,1,1,1,0,0,1,0,0,0,0,1,0,0,1,0,1,1,1,0,1,0,1,1,0,0,1,1,0,0,0,0,1,1,1,0,1,1,1,0,1,0,0,1,1,1,0,1,1,0,1,0,1,1,1,1,1,0,1,0,1,1,1,0,1,0,0,1,0,1,0,0,1,0,1,0,1,1,1,1,1,0,1,1,1,0,0,0,1,1,0,1,0,0,1,0,0,0,0,0,0,0,0,1,1,1,0,0,1,0,0,1,0,0,0,0,1,1,0,0,1,0,0,0,0,0,0,0,1,0,0,0,0,1,0,0,1,0,0,0,0,0,0,1,1,1,0,0,0,1,1,0,0,1,0,0,0,0,0,0,0,1,0,0,0,0,0,1,1,1,0,0,0,0,0,0,0,0,0,1,0,0,0,0,1,0,0,0,0,0,0,0,1,0
1,1,1,1,0,1,1,1,0,1,0,0,0,0,0,1,1,1,1,0,1,1,1,1,1,1,1,1,1,1,1,0,1,1,0,0,0,0,1,1,1,1,0,1,1,1,1,1,1,0,0,1,0,1,1,0,0,1,1,1,1,1,0,1,1,1,0,1,1,0,1,1,1,1,0,1,0,0,0,1,1,0,0,1,0,0,0,1,1,1,1,1,0,0,0,1,1,1,1,1,1,1,0,0,1,1,1,1,0,1,1,1,1,1,1,1,1,1,1,1,1,1,0,1,0,1,0,1,1,1,1,1,1,0,1,1,1,1,1,1,0,1,1,1,1,1,1,1,0,0,1,0,0,1,1,1,0,1,1,1,1,1,1,1,0,1,0,1,1,1,1,0,0,1,0,1,1,1,0,1,1,1,0,1,1,0,1,0,1,1,1,1,1,1,1,1,1,1,1,1,1,1,1,1,1,0,0,1,1,0,1,1,1,0,1,0,1,0,1,1,1
1,1,0,1,1,1,0,0,0,0,1,0,1,1,0,1,1,1,1,0,0,1,1,1,0,1,1,1,1,1,1,0,0,1,0,0,0,0,1,0,0,1,0,1,1,1,0,1,0,1,1,0,0,1,1,0,0,0,0,1,1,1,0,1,1,1,0,1,0,0,1,1,1,0,1,1,0,1,0,1,1,1,1,1,0,1,0,1,1,1,0,1,0,0,1,0,1,0,0,1,0,1,0,1,1,1,1,1,0,1,1,1,0,0,0,1,1,0,1,0,0,1,0,0,0,0,0,0,0,0,1,1,1,0,0,1,0,0,1,0,0,0,0,1,1,0,0,1,0,0,0,0,0,0,0,1,0,0,0,0,1,0,0,1,0,0,0,0,0,0,1,1,1,0,0,0,1,1,0,0,1,0,0,0,0,0,0,0,1,0,0,0,1,0,0,1,1,0,0,0,0,0,0,0,0,0,1,0,0,0,0,1,0,0,0,0,0,0,0,1,0
1,1,0,1,1,1,0,0,0,0,1,0,1,1,0,1,1,1,1,0,0,1,1,1,0,1,1,1,1,1,1,0,0,1,0,0,0,0,1,0,0,1,0,1,1,1,0,1,0,1,1,0,0,1,1,0,0,0,0,1,1,1,0,1,1,1,0,1,0,0,1,1,1,0,1,1,0,1,0,1,1,1,1,1,0,1,0,1,1,1,0,1,0,0,1,0,1,0,0,1,0,1,0,1,1,1,1,1,0,1,1,1,0,0,0,1,1,0,1,0,0,1,0,0,0,0,0,0,0,0,1,1,1,0,0,1,0,0,1,0,0,0,0,1,1,0,0,1,0,0,0,0,0,0,0,1,0,0,0,0,1,0,0,1,0,0,0,0,0,0,1,1,1,0,0,0,1,1,0,0,1,0,0,0,0,0,0,0,1,0,0,0,1,0,0,1,1,0,0,0,0,0,0,1,0,0,1,0,0,0,0,1,0,0,0,0,0,0,0,1,0
1,1,0,1,1,1,0,0,0,1,1,0,1,1,0,1,1,1,1,0,0,1,1,1,0,1,1,1,1,1,1,0,1,1,0,0,0,0,1,0,1,1,0,1,1,1,1,1,0,1,1,0,0,1,1,0,0,0,0,1,1,1,0,1,1,1,0,1,0,0,1,1,1,0,1,1,0,1,0,1,1,1,1,1,0,1,0,1,1,1,0,1,0,0,1,0,1,0,1,1,1,1,0,1,1,1,1,1,0,1,1,1,0,0,0,1,1,0,1,1,0,1,0,0,0,0,0,0,0,0,1,1,1,0,0,1,0,1,1,0,0,0,1,1,1,0,0,1,0,0,0,0,0,0,0,1,0,0,0,0,1,0,0,1,0,0,0,0,0,0,1,1,1,0,0,0,1,1,0,0,1,0,0,0,0,0,0,0,1,0,0,0,1,0,0,1,1,0,0,0,0,0,0,0,0,0,1,0,0,0,0,1,0,0,0,0,0,0,0,1,0
1,1,0,1,1,1,0,0,0,1,1,0,1,1,0,1,1,1,1,0,0,1,1,1,0,1,1,1,1,1,1,0,1,1,0,0,0,0,1,0,1,1,0,1,1,1,1,1,0,1,1,0,0,1,1,0,0,0,0,1,1,1,0,1,1,1,0,1,0,0,1,1,1,0,1,1,0,1,0,1,1,1,1,1,0,1,0,1,1,1,0,1,0,0,1,0,1,0,1,1,1,1,0,1,1,1,1,1,0,1,1,1,0,0,0,1,1,0,1,1,0,1,0,0,0,0,0,0,0,0,1,1,1,0,0,1,0,1,1,0,0,0,1,1,1,0,0,1,0,0,0,0,0,0,0,1,0,0,0,0,1,0,0,1,0,0,0,0,0,0,1,1,1,0,0,0,1,1,0,0,1,0,0,0,0,0,0,0,1,0,0,0,1,0,0,1,1,0,0,0,0,0,0,0,0,0,1,0,0,0,0,1,0,0,0,0,0,0,0,1,0
1,1,0,1,1,1,0,0,0,1,1,0,1,1,0,1,1,1,1,0,0,1,1,1,0,1,1,1,1,1,1,0,1,1,0,0,0,0,1,0,1,1,0,1,1,1,1,1,0,1,1,0,0,1,1,0,0,0,0,1,1,1,0,1,1,1,0,1,0,0,1,1,1,0,1,1,0,1,0,1,1,1,1,1,0,1,0,1,1,1,0,1,0,0,1,0,1,0,1,1,1,1,0,1,1,1,1,1,0,1,1,1,0,0,0,1,1,0,1,1,0,1,0,0,0,0,0,0,0,0,1,1,1,0,0,1,0,1,1,0,0,0,1,1,1,0,0,1,0,0,0,0,0,0,0,1,0,0,0,0,1,0,0,1,0,0,0,0,0,0,1,1,1,0,0,0,1,1,0,0,1,0,0,0,0,0,0,0,1,0,0,0,1,0,0,1,1,0,0,0,0,0,0,0,0,0,1,0,0,0,0,1,0,0,0,0,0,0,0,1,0
1,1,0,1,1,1,0,0,0,1,1,0,1,1,0,1,1,1,1,0,0,1,1,1,0,1,1,1,1,1,1,0,1,1,0,0,0,0,1,0,1,1,0,1,1,1,1,1,0,1,1,0,0,1,1,0,0,0,0,1,1,1,0,1,1,1,0,1,0,0,1,1,1,0,1,1,0,1,0,1,1,1,1,1,0,1,0,1,1,1,0,1,0,0,1,0,1,0,1,1,1,1,0,1,1,1,1,1,0,1,1,1,0,0,0,1,1,0,1,1,0,1,0,0,0,0,0,0,0,0,1,1,1,0,0,1,0,1,1,0,0,0,1,1,1,0,0,1,0,0,0,0,0,0,0,1,0,0,0,0,1,0,0,1,0,0,0,0,0,0,1,1,1,0,0,0,1,1,0,0,1,0,0,0,0,0,0,0,1,0,0,0,1,0,0,1,1,0,0,0,0,0,0,1,0,0,1,0,0,0,0,1,0,0,0,0,0,0,0,1,0
1,1,0,1,1,1,0,0,0,0,1,0,1,1,0,1,1,1,1,0,0,1,1,1,0,1,1,1,1,1,1,0,0,1,0,0,0,0,1,0,0,1,0,1,1,1,0,1,0,1,1,0,0,1,1,0,0,0,0,1,1,1,0,1,1,1,0,1,0,0,1,1,1,0,1,1,0,1,0,1,1,1,1,1,0,1,0,1,1,1,0,1,0,0,1,0,1,0,0,1,0,1,0,1,1,1,1,1,0,1,1,1,0,0,0,1,1,0,1,0,0,1,0,0,0,0,0,0,0,0,1,1,1,0,0,1,0,0,1,0,0,0,0,1,1,0,0,1,0,0,0,0,0,0,0,1,0,0,0,0,1,0,0,1,0,0,0,0,0,0,1,1,1,0,0,0,1,1,0,0,1,0,0,0,0,0,0,0,1,0,0,0,1,0,0,1,1,0,0,0,0,0,0,0,0,0,1,0,0,0,0,1,0,0,0,0,0,0,0,1,0
1,1,0,1,1,1,1,0,0,0,1,0,1,1,0,1,1,1,1,0,0,1,1,1,0,1,1,1,1,1,1,0,0,1,0,0,0,0,1,1,0,1,0,1,1,1,0,1,1,1,1,1,0,1,1,0,0,1,1,1,1,1,0,1,1,1,0,1,1,0,1,1,1,0,1,1,0,1,0,1,1,1,1,1,0,1,0,1,1,1,1,1,0,0,1,0,1,1,0,1,0,1,0,1,1,1,1,1,0,1,1,1,1,1,0,1,1,1,1,0,0,1,0,1,0,0,0,1,1,0,1,1,1,0,0,1,1,0,1,1,0,0,0,1,1,1,1,1,0,0,0,0,0,1,0,1,0,0,0,1,1,0,0,1,0,1,0,0,1,0,1,1,1,1,0,1,1,1,0,0,1,1,0,0,0,0,1,1,1,1,0,1,0,0,1,1,1,1,1,0,0,1,0,0,0,0,1,0,1,0,0,1,0,0,0,0,1,0,0,1,0
1,1,0,1,1,1,1,0,0,0,1,0,1,1,0,1,1,1,1,0,0,1,1,1,0,1,1,1,1,1,1,0,0,1,0,0,0,0,1,1,0,1,0,1,1,1,0,1,1,1,1,1,0,1,1,0,0,1,1,1,1,1,0,1,1,1,0,1,1,0,1,1,1,0,1,1,0,1,0,1,1,1,1,1,0,1,0,1,1,1,1,1,0,0,1,0,1,1,0,1,0,1,0,1,1,1,1,1,0,1,1,1,1,1,0,1,1,1,1,0,0,1,0,1,0,0,0,1,1,0,1,1,1,0,0,1,1,0,1,1,0,0,0,1,1,1,1,1,0,0,0,0,0,1,0,1,0,0,0,1,1,0,0,1,0,1,0,0,1,0,1,1,1,1,0,1,1,1,0,0,1,1,0,0,0,0,1,1,1,1,0,1,1,0,0,1,1,1,1,0,0,1,0,0,0,0,1,0,1,0,0,1,0,0,0,0,1,0,0,1,0
1,1,1,1,1,1,1,0,0,0,1,0,1,1,0,1,1,1,1,0,0,1,1,1,0,1,1,1,1,1,1,0,0,1,0,0,0,0,1,1,0,1,0,1,1,1,0,1,1,1,1,1,0,1,1,0,0,1,1,1,1,1,0,1,1,1,0,1,1,0,1,1,1,0,1,1,0,1,0,1,1,1,1,1,0,1,0,1,1,1,1,1,0,0,1,0,1,1,0,1,0,1,0,1,1,1,1,1,0,1,1,1,1,1,0,1,1,1,1,0,0,1,0,1,0,0,0,1,1,0,1,1,1,0,0,1,1,0,1,1,0,0,0,1,1,1,1,1,0,0,0,0,0,1,0,1,0,0,0,1,1,0,0,1,0,1,0,0,1,0,1,1,1,1,0,1,1,1,0,0,1,1,0,0,0,0,1,1,1,1,0,1,1,0,0,1,1,1,1,0,0,1,0,1,0,0,1,0,1,0,0,1,0,0,0,0,1,0,0,1,0
1,1,0,1,1,1,1,0,0,1,1,0,1,1,0,1,1,1,1,0,0,1,1,1,0,1,1,1,1,1,1,0,1,1,0,0,0,0,1,1,1,1,0,1,1,1,1,1,1,1,1,1,0,1,1,0,0,1,1,1,1,1,0,1,1,1,0,1,1,0,1,1,1,0,1,1,0,1,0,1,1,1,1,1,0,1,0,1,1,1,1,1,0,0,1,0,1,1,1,1,1,1,0,1,1,1,1,1,0,1,1,1,1,1,0,1,1,1,1,1,0,1,0,1,0,0,0,1,1,0,1,1,1,0,0,1,1,1,1,1,0,0,1,1,1,1,1,1,0,0,0,0,0,1,0,1,0,0,0,1,1,0,0,1,0,1,0,0,1,0,1,1,1,1,0,1,1,1,0,0,1,1,0,0,0,0,1,1,1,1,0,1,1,0,0,1,1,1,1,0,0,1,0,0,0,0,1,0,1,0,0,1,0,0,0,0,1,0,0,1,0
1,1,0,1,1,1,1,0,0,1,1,0,1,1,0,1,1,1,1,0,0,1,1,1,0,1,1,1,1,1,1,0,1,1,0,0,0,0,1,1,1,1,0,1,1,1,1,1,1,1,1,1,0,1,1,0,0,1,1,1,1,1,0,1,1,1,0,1,1,0,1,1,1,0,1,1,0,1,0,1,1,1,1,1,0,1,0,1,1,1,1,1,0,0,1,0,1,1,1,1,1,1,0,1,1,1,1,1,0,1,1,1,1,1,0,1,1,1,1,1,0,1,0,1,0,0,0,1,1,0,1,1,1,0,0,1,1,1,1,1,0,0,1,1,1,1,1,1,0,0,0,0,0,1,0,1,0,0,0,1,1,0,0,1,0,1,0,0,1,0,1,1,1,1,0,1,1,1,0,0,1,1,0,0,0,0,1,1,1,1,0,1,1,0,0,1,1,1,1,0,0,1,0,0,0,0,1,0,1,0,0,1,0,0,0,0,1,0,0,1,0
1,1,0,1,1,1,1,0,0,1,1,0,1,1,0,1,1,1,1,0,0,1,1,1,0,1,1,1,1,1,1,0,1,1,0,0,0,0,1,1,1,1,0,1,1,1,1,1,1,1,1,1,0,1,1,0,0,1,1,1,1,1,0,1,1,1,0,1,1,0,1,1,1,0,1,1,0,1,0,1,1,1,1,1,0,1,0,1,1,1,1,1,0,0,1,0,1,1,1,1,1,1,0,1,1,1,1,1,0,1,1,1,1,1,0,1,1,1,1,1,0,1,0,1,0,0,0,1,1,0,1,1,1,0,0,1,1,1,1,1,0,0,1,1,1,1,1,1,0,0,0,0,0,1,0,1,0,0,0,1,1,0,0,1,0,1,0,0,1,0,1,1,1,1,0,1,1,1,0,0,1,1,0,0,0,0,1,1,1,1,0,1,1,0,0,1,1,1,1,0,0,1,0,0,0,0,1,0,1,0,0,1,0,0,0,0,1,0,0,1,0
1,1,0,1,1,1,1,0,0,0,1,0,1,1,0,1,1,1,1,0,0,1,1,1,0,1,1,1,1,1,1,0,0,1,1,0,0,0,1,1,0,1,0,1,1,1,0,1,0,1,1,0,0,1,1,0,0,1,1,1,1,1,0,1,1,1,0,1,0,1,1,1,1,0,1,1,0,1,0,1,1,1,1,1,0,1,0,1,1,1,0,1,0,0,1,0,1,1,0,1,0,1,0,1,1,1,1,1,0,1,1,1,1,1,0,1,1,1,1,0,0,1,0,0,0,0,0,1,1,0,1,1,1,0,0,1,0,0,1,0,0,0,0,1,1,0,1,1,0,0,0,0,1,1,0,1,0,0,0,0,1,0,0,1,0,1,0,0,1,0,1,1,1,1,0,1,1,1,0,0,1,0,1,0,0,0,1,1,1,1,0,1,1,0,0,1,1,1,1,0,0,1,0,1,0,0,1,0,1,0,0,1,0,0,0,0,1,0,0,1,0
1,1,0,1,1,0,0,0,1,0,1,0,1,1,0,1,1,1,1,0,0,1,1,1,0,1,1,1,1,1,0,1,0,1,0,0,0,0,1,0,0,1,0,0,1,1,0,1,0,1,1,0,0,1,1,0,0,0,0,1,1,1,0,1,1,1,0,1,0,0,1,0,1,0,1,1,0,0,0,1,0,1,1,1,0,0,0,1,1,1,0,1,0,0,1,0,1,0,0,1,0,1,0,1,1,1,1,0,0,1,1,1,0,0,0,1,1,0,1,0,0,1,0,0,0,0,0,0,0,0,1,1,0,0,0,1,0,0,1,0,0,0,0,1,1,0,0,1,0,0,0,0,0,0,0,1,0,0,0,0,1,0,0,1,0,0,0,0,0,0,1,0,0,0,0,0,1,1,0,0,1,0,0,0,0,0,0,0,0,0,0,0,0,0,0,1,1,0,0,0,0,0,0,0,0,0,1,0,0,0,0,1,0,0,0,0,0,0,0,1,0
1,1,0,1,1,0,0,0,1,0,1,0,1,1,0,1,1,1,1,0,0,1,1,1,0,1,1,1,1,1,0,1,0,1,0,0,0,0,1,0,0,1,0,0,1,1,0,1,0,1,1,0,0,1,1,0,0,0,0,1,1,1,0,1,1,1,0,1,0,0,1,0,1,0,1,1,0,0,0,1,0,1,1,1,0,0,0,1,1,1,0,1,0,0,1,0,1,0,0,1,0,1,0,1,1,1,1,0,0,1,1,1,0,0,0,1,1,0,1,0,0,1,0,0,0,0,0,0,0,0,1,1,0,0,0,1,0,0,1,0,0,0,0,1,1,0,0,1,0,0,0,0,0,0,0,1,0,0,0,0,1,0,0,1,0,0,0,0,0,0,1,0,0,0,0,0,1,1,0,0,1,0,0,0,0,0,0,0,0,0,0,0,0,0,0,1,1,0,0,0,0,0,0,0,0,0,1,0,0,0,0,1,0,0,0,0,0,0,0,1,0
0,1,0,1,1,1,1,0,0,0,1,0,1,1,0,1,1,1,0,1,1,1,0,1,0,1,1,1,1,1,1,0,0,0,0,0,0,0,1,1,0,1,1,1,1,1,0,1,1,0,1,1,1,1,1,1,1,1,1,0,1,1,1,0,0,1,1,1,1,0,1,1,1,1,0,1,1,0,1,1,1,0,1,1,1,0,1,1,1,1,1,1,1,1,1,1,1,1,0,0,0,1,1,1,1,0,1,1,0,1,0,1,1,1,0,1,0,1,1,0,1,1,1,1,0,0,1,1,1,0,0,0,1,0,0,1,1,0,1,1,1,1,0,0,1,1,1,0,1,0,1,0,0,1,1,1,1,1,0,1,1,0,1,0,1,1,0,0,1,0,0,0,0,1,1,1,1,1,0,0,0,1,0,1,1,1,1,0,1,1,0,0,1,1,0,1,1,1,1,0,0,0,0,1,1,0,1,0,1,0,1,0,0,0,0,0,1,0,1,0,0
0,1,0,1,0,1,1,0,0,1,1,1,0,0,0,0,0,0,0,0,0,0,0,0,0,0,0,0,0,0,1,0,1,1,0,0,0,1,1,1,1,1,0,1,0,0,1,1,0,0,0,1,0,0,0,0,1,1,1,0,0,0,1,1,1,0,0,0,1,0,0,1,0,0,0,0,0,0,0,0,0,0,0,0,0,1,1,0,1,0,1,0,0,0,0,0,0,1,1,0,1,0,0,0,0,1,0,0,0,0,0,1,1,1,0,0,0,1,1,1,0,0,0,1,0,0,0,1,1,0,0,0,0,0,0,0,1,1,0,1,0,0,1,0,0,1,1,1,0,1,0,0,0,1,0,0,1,0,0,1,1,0,0,1,0,1,0,0,1,0,1,1,1,1,0,1,1,0,0,0,0,1,0,0,0,0,1,1,0,1,0,0,0,0,0,1,0,1,1,0,0,0,0,0,0,0,1,1,1,1,0,0,0,0,1,0,1,1,0,0,0
0,1,0,1,0,1,1,0,0,0,0,0,0,0,0,0,0,1,1,0,0,0,0,0,0,0,0,0,0,0,1,0,0,1,0,0,0,1,1,1,0,1,0,1,0,0,0,1,0,0,0,1,0,0,0,0,1,1,1,0,0,0,1,1,1,0,0,0,1,0,0,1,0,0,0,0,0,0,0,0,0,0,0,0,0,1,1,0,1,0,1,0,0,0,0,0,0,1,0,0,0,0,0,0,0,1,0,0,0,0,0,1,1,1,0,0,0,1,1,0,0,0,0,1,0,0,0,1,1,0,0,0,0,0,0,0,1,0,0,1,0,0,0,0,0,1,1,1,0,1,0,0,0,1,0,0,1,0,0,1,1,0,0,1,0,1,0,0,1,0,1,1,1,1,0,1,1,0,0,0,0,1,0,0,0,0,1,1,0,1,0,0,0,0,0,1,0,1,1,0,0,0,0,0,0,0,1,1,1,1,0,0,0,0,1,0,1,1,0,1,0
0,1,0,1,0,1,1,1,0,1,0,0,0,0,0,0,0,1,1,0,0,1,1,0,0,0,1,0,1,0,1,0,1,1,0,0,0,0,1,1,1,1,0,1,0,0,1,1,1,0,0,1,0,1,1,0,0,1,1,0,0,0,0,1,1,0,0,0,1,0,0,0,0,0,0,1,0,0,0,0,0,0,0,1,0,0,0,0,1,0,1,0,0,0,0,0,1,1,1,1,1,0,0,0,0,1,0,0,0,0,0,1,1,1,1,1,1,1,1,1,0,0,0,1,1,1,0,1,1,1,0,0,0,0,0,1,1,1,0,1,0,0,1,1,0,1,1,1,0,0,1,1,0,1,1,0,0,0,0,1,1,1,1,1,0,1,1,1,1,0,1,0,0,1,0,1,1,1,0,1,1,1,0,0,0,0,1,1,0,1,1,1,0,0,0,0,0,0,0,1,1,1,1,0,0,0,0,1,0,0,0,0,1,0,1,0,0,0,0,0,1
0,1,0,1,0,1,1,0,0,1,0,0,0,0,0,0,0,1,1,0,0,1,1,0,0,0,1,0,1,0,1,0,1,1,0,0,0,0,1,1,1,1,0,1,0,0,1,1,1,0,0,1,0,1,1,0,0,1,1,0,0,0,0,1,1,0,0,0,1,0,0,0,0,0,0,1,0,0,0,0,0,0,0,1,0,0,0,0,1,0,1,0,0,0,0,0,1,1,1,1,1,0,0,0,0,1,0,0,0,0,0,1,1,1,0,1,1,1,1,1,0,0,0,1,1,0,0,1,1,1,0,0,0,0,0,1,1,1,0,1,0,0,1,1,0,1,1,1,0,0,1,1,0,1,1,0,0,0,0,1,1,0,1,1,0,1,1,1,1,0,1,0,0,1,0,1,1,1,0,0,1,1,0,0,0,0,1,0,0,1,1,1,0,0,0,0,0,0,0,1,1,1,1,0,0,0,0,1,0,0,0,0,0,0,1,0,0,0,0,0,0
0,1,0,1,0,1,0,0,0,1,0,0,0,0,0,0,0,1,1,0,0,1,1,0,0,0,1,0,1,0,1,0,1,1,0,0,0,0,1,1,1,1,0,1,0,0,1,1,0,0,0,0,0,1,1,0,0,1,1,0,0,0,0,1,1,0,0,0,1,0,0,0,0,0,0,1,0,0,0,0,0,0,0,1,0,0,0,0,1,0,1,0,0,0,0,0,1,1,1,1,1,0,0,0,0,1,0,0,0,0,0,1,1,1,0,1,1,1,1,1,0,0,0,1,1,0,0,1,1,0,0,0,0,0,0,1,1,1,0,1,0,0,1,1,0,1,1,1,0,0,1,1,0,1,1,0,0,0,0,1,1,0,1,1,0,1,0,0,1,0,1,0,0,1,0,1,1,1,0,0,1,1,0,0,0,0,1,0,0,1,0,1,0,0,0,0,0,0,0,0,0,1,0,0,0,0,0,1,0,0,0,0,0,0,1,0,0,0,0,0,0
0,1,0,1,0,1,0,0,0,1,0,0,0,0,0,0,0,1,1,0,0,1,1,0,0,0,1,0,1,0,1,0,1,1,0,0,0,0,1,1,1,1,0,1,0,0,1,1,0,0,0,0,0,1,1,0,0,1,1,0,0,0,0,1,1,0,0,0,1,0,0,0,0,0,0,1,0,0,0,0,0,0,0,1,0,0,0,0,1,0,1,0,0,0,0,0,1,1,1,1,1,0,0,0,0,1,0,0,0,0,0,1,1,1,0,1,1,1,1,1,0,0,0,1,1,0,0,1,1,0,0,0,0,0,0,1,1,1,0,1,0,0,1,1,0,1,1,1,0,0,1,1,0,1,1,0,0,0,0,1,1,0,1,1,0,1,0,0,1,0,1,0,0,1,0,1,1,1,0,0,1,1,0,0,0,0,1,0,0,1,0,1,0,0,0,0,0,0,0,0,0,1,0,0,0,0,0,1,0,0,0,0,0,0,1,0,0,0,0,0,0
0,1,0,1,0,1,1,0,0,1,0,0,0,0,0,0,0,1,1,0,0,1,1,0,0,0,1,0,1,0,1,0,1,1,0,0,0,0,1,1,1,1,0,1,0,0,1,1,1,0,0,1,0,1,1,0,0,1,1,0,0,0,0,1,1,0,0,0,1,0,0,0,0,0,0,1,0,0,0,0,0,0,0,1,0,0,0,0,1,0,1,0,0,0,0,0,1,1,1,1,1,0,0,0,0,1,0,0,0,0,0,1,1,1,0,1,1,1,1,1,0,0,0,1,1,0,0,1,1,0,0,0,0,0,0,1,1,1,0,1,0,0,1,1,0,1,1,1,0,0,1,1,0,1,1,0,0,0,0,1,1,0,1,1,0,1,0,0,1,0,1,0,0,1,0,1,1,1,0,0,1,1,0,0,0,0,1,1,0,1,0,1,0,0,0,0,0,0,0,0,0,1,0,0,0,0,0,1,0,0,0,0,0,0,1,0,0,0,0,0,0
0,1,0,1,0,1,1,0,0,1,0,0,0,0,0,0,0,1,1,0,0,1,1,0,0,0,1,0,1,0,1,0,1,1,1,0,0,0,1,1,1,1,0,1,0,0,1,1,0,0,0,0,0,1,1,0,0,1,1,0,0,0,0,1,1,0,0,0,1,1,0,0,0,0,0,1,0,0,0,0,0,0,0,1,0,0,0,0,1,0,1,0,0,0,0,0,1,1,1,1,1,0,0,0,0,1,0,0,0,0,0,1,1,1,0,1,1,1,1,1,0,0,0,1,1,0,0,1,1,0,0,0,0,0,0,1,1,1,0,1,0,0,1,1,0,1,1,1,0,0,1,1,1,1,1,0,0,0,0,1,1,0,1,1,0,1,0,0,1,0,1,0,0,1,0,1,1,1,0,0,1,1,1,0,0,0,1,1,0,1,0,1,0,0,0,0,0,0,0,0,0,1,0,0,0,0,0,1,0,0,0,0,0,0,1,0,0,0,0,0,0
0,1,0,1,0,1,0,0,0,1,0,0,0,0,0,0,0,1,1,0,0,1,1,0,0,0,1,0,1,0,1,0,1,1,0,0,0,0,1,1,1,1,0,1,0,0,1,1,0,0,0,0,0,1,1,0,0,1,1,0,0,0,0,1,1,0,0,0,1,0,0,0,0,0,0,1,0,0,0,0,0,0,0,1,0,0,0,0,1,0,1,0,0,0,0,0,1,1,1,1,1,0,0,0,0,1,0,0,0,0,0,1,1,1,0,1,1,1,1,1,0,0,0,1,1,0,0,1,1,0,0,0,0,0,0,1,1,1,0,1,0,0,1,1,0,1,1,1,0,0,1,1,0,1,1,0,0,0,0,1,1,0,1,1,0,1,0,0,1,0,1,0,0,1,0,1,1,1,0,0,1,1,0,0,0,0,1,0,0,1,0,1,0,0,0,0,0,0,0,0,0,1,0,0,0,0,0,1,0,0,0,0,0,0,1,0,0,0,0,0,0
0,1,0,1,0,1,0,0,0,1,0,0,0,0,0,0,0,1,1,0,0,1,1,0,0,0,1,0,1,0,1,0,1,1,0,0,0,0,1,1,1,1,0,1,0,0,1,1,0,0,0,0,0,1,1,0,0,1,1,0,0,0,0,1,1,0,0,0,1,0,0,0,0,0,0,1,0,0,0,0,0,0,0,1,0,0,0,0,1,0,1,0,0,0,0,0,1,1,1,1,1,0,0,0,0,1,0,0,0,0,0,1,1,1,0,1,1,1,1,1,0,0,0,1,1,0,0,1,1,0,0,0,0,0,0,1,1,1,0,1,0,0,1,1,0,1,1,1,0,0,1,1,0,1,1,0,0,0,0,1,1,0,1,1,0,1,0,0,1,0,1,0,0,1,0,1,1,1,0,0,1,1,0,0,0,0,1,0,0,1,0,1,0,0,0,0,0,0,0,0,0,1,0,0,0,0,0,1,0,0,0,0,0,0,1,0,0,0,0,0,0
0,1,0,1,0,1,1,0,0,1,0,0,0,0,0,0,0,1,1,0,0,1,1,0,0,0,1,0,1,0,1,0,1,1,1,0,0,0,1,1,1,1,0,1,0,0,1,1,0,0,0,0,0,1,1,0,0,1,1,0,0,0,0,1,1,0,0,0,1,1,0,0,0,0,0,1,0,0,0,0,0,0,0,1,0,0,0,0,1,0,1,0,0,0,0,0,1,1,1,1,1,0,0,0,0,1,0,0,0,0,0,1,1,1,0,1,1,1,1,1,0,0,0,1,1,0,0,1,1,0,0,0,0,0,0,1,1,1,0,1,0,0,1,1,0,1,1,1,0,0,1,1,1,1,1,0,0,0,0,1,1,0,1,1,0,1,1,0,1,0,1,0,0,1,0,1,1,1,0,0,1,1,1,0,0,0,1,0,0,1,0,1,0,0,0,0,0,0,0,0,0,1,1,0,0,0,0,1,0,0,0,0,0,0,1,0,0,0,0,0,0
0,1,0,1,0,1,1,0,0,1,0,0,0,0,0,0,0,1,1,0,0,1,1,0,0,0,1,0,1,0,1,0,1,1,0,0,0,0,1,1,1,1,0,1,0,0,1,1,1,0,0,1,0,1,1,0,0,1,1,0,0,0,0,1,1,0,0,0,1,0,0,0,0,0,0,1,0,0,0,0,0,0,0,1,0,0,0,0,1,0,1,0,0,0,0,0,1,1,1,1,1,0,0,0,0,1,0,0,0,0,0,1,1,1,0,1,1,1,1,1,0,0,0,1,1,0,0,1,1,0,0,0,0,0,0,1,1,1,0,1,0,0,1,1,0,1,1,1,0,0,1,1,0,1,1,0,0,0,0,1,1,0,1,1,0,1,1,0,1,0,1,0,0,1,0,1,1,1,0,0,1,1,0,0,0,0,1,0,0,1,0,1,0,0,0,0,0,0,0,0,0,1,1,0,0,0,0,1,0,0,0,0,0,0,1,0,0,0,0,0,0
0,1,0,1,0,1,0,0,0,1,0,0,0,0,0,0,0,1,1,0,0,1,1,0,0,0,1,0,1,0,1,0,1,1,0,0,0,0,1,1,1,1,0,1,0,0,1,1,0,0,0,0,0,1,1,0,0,1,1,0,0,0,0,1,1,0,0,0,1,0,0,0,0,0,0,1,0,0,0,0,0,0,0,1,0,0,0,0,1,0,1,0,0,0,0,0,1,1,1,1,1,0,0,0,0,1,0,0,0,0,0,1,1,1,0,1,1,1,1,1,0,0,0,1,1,0,0,1,1,0,0,0,0,0,0,1,1,1,0,1,0,0,1,1,0,1,1,1,0,0,1,1,0,1,1,0,0,0,0,1,1,0,1,1,0,1,0,0,1,0,1,0,0,1,0,1,1,1,0,0,1,1,0,0,0,0,1,0,0,1,0,1,0,0,0,0,0,0,0,0,0,1,0,0,0,0,0,1,0,0,0,0,0,0,1,0,0,0,0,0,0
0,1,0,1,0,1,0,0,0,1,0,0,0,0,0,0,0,1,1,0,0,1,1,0,0,0,1,0,1,0,1,0,1,1,0,0,0,0,1,1,1,1,0,1,0,0,1,1,0,0,0,0,0,1,1,0,0,1,1,0,0,0,0,1,1,0,0,0,1,0,0,0,0,0,0,1,0,0,0,0,0,0,0,1,0,0,0,0,1,0,1,0,0,0,0,0,1,1,1,1,1,0,0,0,0,1,0,0,0,0,0,1,1,1,0,1,1,1,1,1,0,0,0,1,1,0,0,1,1,0,0,0,0,0,0,1,1,1,0,1,0,0,1,1,0,1,1,1,0,0,1,1,0,1,1,0,0,0,0,1,1,0,1,1,0,1,0,0,1,0,1,0,0,1,0,1,1,1,0,0,1,1,0,0,0,0,1,0,0,1,0,1,0,0,0,0,0,0,0,0,0,1,0,0,0,0,0,1,0,0,0,0,0,0,1,0,0,0,0,0,0
0,1,0,1,0,1,0,0,0,1,0,0,0,0,0,0,0,1,1,0,0,1,1,0,0,0,1,0,1,0,1,0,1,1,0,0,0,0,1,1,1,1,0,1,0,0,1,1,0,0,0,0,0,1,1,0,0,1,1,0,0,0,0,1,1,0,0,0,1,0,0,0,0,0,0,1,0,0,0,0,0,0,0,1,0,0,0,0,1,0,1,0,0,0,0,0,1,1,1,1,1,0,0,0,0,1,0,0,0,0,0,1,1,1,0,1,1,1,1,1,0,0,0,1,1,0,0,1,1,0,0,0,0,0,0,1,1,1,0,1,0,0,1,1,0,1,1,1,0,0,1,1,0,1,1,0,0,0,0,1,1,0,1,1,0,1,0,0,1,0,1,0,0,1,0,1,1,1,0,0,1,1,0,0,0,0,1,0,0,1,0,1,0,0,0,0,0,0,0,0,0,1,0,0,0,0,0,1,0,0,0,0,0,0,1,0,0,0,0,0,0
0,1,0,1,0,1,1,0,0,0,1,0,1,1,0,0,0,1,1,0,0,1,1,0,0,1,1,0,1,1,1,0,0,1,1,0,0,0,1,1,0,1,1,1,1,1,0,1,1,1,1,0,0,1,1,0,0,1,1,1,1,1,1,1,1,1,1,1,1,1,1,0,1,0,1,1,0,0,0,1,0,1,1,1,0,0,0,1,1,1,1,1,0,0,1,0,1,1,0,1,0,1,0,1,1,1,1,0,0,1,1,1,1,1,0,1,1,1,1,0,0,1,0,1,1,0,0,1,1,0,1,1,0,0,0,1,1,0,1,1,0,0,0,1,0,1,1,1,0,0,1,0,0,1,1,0,0,0,0,1,1,0,1,1,0,1,0,0,1,0,1,0,0,1,0,1,1,1,1,0,1,1,0,0,0,0,1,1,0,1,0,0,0,0,0,1,0,1,1,0,0,0,0,0,0,0,0,0,1,0,0,1,0,0,0,0,1,0,0,1,0
0,1,0,1,0,1,1,1,0,0,0,0,0,0,0,1,1,1,1,0,0,1,0,0,0,0,1,0,0,0,1,0,0,1,0,0,1,0,0,1,0,1,0,1,0,0,0,1,1,0,0,1,0,0,0,0,0,1,1,0,0,0,1,1,1,0,0,0,1,0,0,1,0,0,0,0,0,1,0,0,1,0,0,0,0,1,0,0,1,0,1,0,0,0,0,1,0,1,0,0,0,0,0,0,0,1,0,1,0,0,0,1,1,1,1,0,0,1,1,0,1,0,0,1,0,1,0,1,1,0,0,0,1,0,0,0,1,0,0,1,0,1,0,0,0,1,1,1,0,0,0,0,0,1,0,0,0,1,0,1,1,1,0,1,0,1,0,0,1,0,1,1,1,1,0,1,1,0,0,1,0,1,0,1,1,0,1,1,1,1,0,1,1,0,0,0,0,0,1,0,0,1,0,1,0,0,0,1,1,0,0,0,1,0,1,0,1,0,0,0,1
1,1,0,1,1,0,0,0,0,0,1,0,1,1,1,1,1,1,1,1,1,1,0,1,0,1,1,1,1,1,0,0,0,1,0,0,0,0,1,0,0,1,0,0,1,1,0,1,0,0,0,1,0,1,1,0,0,0,0,1,1,1,1,1,1,1,0,1,0,0,1,0,1,0,0,1,0,0,0,1,0,0,0,1,0,0,0,1,1,1,0,1,0,0,0,0,1,0,0,1,0,1,0,0,1,0,1,0,0,1,1,1,0,0,0,1,1,0,1,0,0,1,0,0,0,0,0,0,0,0,1,1,0,0,0,1,0,0,1,0,0,0,0,1,0,0,0,1,0,0,0,0,0,0,0,0,0,0,0,0,1,0,0,1,0,0,0,0,0,0,1,0,0,0,0,0,1,1,0,0,1,0,0,0,0,0,0,0,0,0,0,0,0,0,0,1,1,0,0,0,0,0,0,0,0,0,1,0,0,0,0,1,0,0,0,1,0,0,0,1,0
0,0,0,1,0,1,0,0,0,0,0,0,0,0,0,1,1,1,0,0,0,0,0,0,0,1,1,0,0,0,1,0,0,0,1,0,0,0,1,1,0,1,0,1,1,1,0,1,0,1,1,1,0,1,1,0,0,1,1,1,1,1,1,0,0,1,0,1,0,1,1,0,1,0,1,1,0,0,0,1,0,1,1,1,0,0,0,1,1,1,0,1,0,0,1,0,1,1,0,1,0,1,0,1,1,0,1,0,0,1,1,1,1,1,0,1,1,1,1,0,0,1,0,0,1,0,0,1,1,0,1,1,0,0,0,1,0,0,0,0,0,0,0,1,0,0,1,1,0,0,0,0,1,1,0,0,0,0,0,0,1,0,0,1,0,1,0,0,1,0,0,0,0,1,0,1,1,1,1,0,1,0,1,0,0,0,1,0,0,1,0,1,0,0,0,1,0,1,1,0,0,1,0,0,0,0,1,1,1,1,0,1,0,0,1,0,1,1,0,1,0
0,0,0,1,0,1,0,0,0,1,1,0,1,1,0,0,0,1,1,0,0,0,0,0,0,1,1,0,1,0,1,0,1,1,0,0,0,0,1,0,1,1,0,1,1,1,1,1,0,1,1,1,0,1,1,0,0,0,0,1,1,1,0,1,1,1,0,0,0,0,1,1,1,0,1,1,0,1,0,1,1,1,1,1,0,1,0,1,1,0,0,0,0,0,0,1,1,0,1,1,1,0,0,1,1,0,1,1,0,1,1,1,0,0,0,1,1,0,1,1,1,1,0,0,0,0,0,0,0,0,1,0,1,0,0,1,0,1,1,0,0,1,1,1,1,0,0,1,0,0,0,0,0,0,0,1,0,1,0,0,1,0,0,1,0,0,0,0,0,0,1,1,0,0,0,0,1,1,0,0,1,0,0,1,1,0,0,0,1,0,0,0,1,0,1,0,1,0,0,0,0,0,0,1,0,0,0,0,0,0,0,1,0,0,0,1,0,0,0,1,0
0,1,0,1,0,1,0,0,0,0,1,0,1,1,0,1,1,1,1,0,0,1,0,0,0,1,1,1,1,0,1,0,0,1,0,0,0,0,1,1,0,0,0,1,1,1,0,0,1,0,0,1,1,1,1,1,0,1,1,1,1,1,0,1,1,1,0,1,1,0,1,0,1,0,0,1,1,0,0,1,0,0,0,1,1,0,0,1,1,1,1,1,1,1,0,0,1,1,0,1,0,1,1,0,1,0,1,0,0,1,1,0,1,1,0,1,1,1,1,0,0,1,1,1,0,0,0,1,1,0,1,1,0,0,0,1,1,0,1,1,1,0,0,1,1,1,1,1,0,0,0,0,0,1,0,1,0,0,0,1,1,0,0,1,1,1,0,0,1,0,1,0,0,1,1,1,1,1,0,0,1,1,0,0,0,1,1,1,0,1,0,1,0,0,0,1,1,1,1,0,0,1,1,0,0,0,1,0,1,0,0,1,0,0,0,0,1,0,0,1,0
1,1,1,1,1,1,1,0,0,0,1,0,1,1,0,1,1,1,1,0,0,1,1,1,1,1,1,1,1,1,1,0,0,1,0,0,0,0,1,1,0,1,1,1,1,1,0,1,1,0,0,1,1,1,1,1,0,1,1,1,1,1,1,1,1,1,1,1,1,0,1,1,1,0,0,1,1,1,0,1,1,0,0,1,1,1,0,1,1,1,1,1,1,1,0,1,1,1,0,1,0,1,1,1,1,1,1,1,0,1,1,1,1,1,0,1,1,1,1,0,1,1,1,1,0,0,1,1,1,0,1,1,1,0,0,1,1,0,1,1,1,1,0,1,1,1,1,1,1,0,1,0,0,1,1,1,0,1,0,1,1,0,1,1,1,1,0,0,1,0,1,1,1,1,1,1,1,1,0,0,1,1,0,1,1,1,1,0,1,1,0,0,1,0,1,1,1,0,0,0,0,0,0,1,0,0,0,1,0,0,0,1,0,0,1,0,0,0,0,1,0
1,1,1,1,1,1,1,0,0,0,1,0,1,1,0,1,1,1,1,0,0,1,1,1,1,1,1,1,1,1,1,0,0,1,0,0,0,0,1,1,0,1,1,1,1,1,0,1,1,0,0,1,1,1,1,1,0,1,1,1,1,1,1,1,1,1,1,1,1,0,1,1,1,0,0,1,1,1,0,1,1,0,0,1,1,1,0,1,1,1,1,1,1,1,0,1,1,1,0,1,0,1,1,1,1,1,1,1,0,1,1,1,1,1,0,1,1,1,1,0,1,1,1,1,0,0,1,1,1,0,1,1,1,0,0,1,1,0,1,1,1,1,0,1,1,1,1,1,1,0,1,0,0,1,1,1,0,1,0,1,1,0,1,1,1,1,0,0,1,0,1,1,1,1,1,1,1,1,0,0,1,1,0,1,1,1,1,0,1,1,0,0,1,0,1,1,1,0,0,0,0,0,0,1,0,0,0,1,0,0,0,1,0,0,1,0,0,0,0,1,0
1,1,1,1,1,1,1,0,0,0,1,0,1,1,0,1,1,1,1,0,0,1,1,1,1,1,1,1,1,1,1,0,0,1,0,0,0,0,1,1,0,1,1,1,1,1,0,1,1,0,0,1,1,1,1,1,0,1,1,1,1,1,1,1,1,1,1,1,1,0,1,1,1,0,0,1,1,1,0,1,1,0,0,1,1,1,0,1,1,1,1,1,1,1,0,1,1,1,0,1,0,1,1,1,1,1,1,1,0,1,1,1,1,1,0,1,1,1,1,0,1,1,1,1,0,0,1,1,1,0,1,1,1,0,0,1,1,0,1,1,1,1,0,1,1,1,1,1,1,0,1,0,0,1,1,1,0,1,0,1,1,0,1,1,1,1,0,0,1,0,1,1,1,1,1,1,1,1,0,0,1,1,0,1,1,1,1,0,1,1,0,0,1,0,1,1,1,0,0,0,0,0,0,1,0,0,0,1,0,0,0,1,0,0,1,0,0,0,0,1,0
1,1,1,1,1,1,1,0,0,0,1,0,1,1,0,1,1,1,1,0,0,1,1,1,1,1,1,1,1,1,1,0,0,1,0,0,0,0,1,1,0,1,1,1,1,1,0,1,1,0,0,1,1,1,1,1,0,1,1,1,1,1,1,1,1,1,1,1,1,0,1,1,1,0,0,1,1,1,0,1,1,0,0,1,1,1,0,1,1,1,1,1,1,1,0,1,1,1,0,1,0,1,1,1,1,1,1,1,0,1,1,1,1,1,0,1,1,1,1,0,1,1,1,1,0,0,1,1,1,0,1,1,1,0,0,1,1,0,1,1,1,1,0,1,1,1,1,1,1,0,1,0,0,1,1,1,0,1,0,1,1,0,1,1,1,1,0,0,1,0,1,1,1,1,1,1,1,1,0,0,1,1,0,1,1,1,1,0,1,1,0,0,1,0,1,1,1,0,0,0,0,0,0,1,0,0,0,1,0,0,0,1,0,0,1,0,0,0,0,1,0
1,1,1,1,1,1,1,0,0,0,1,0,1,1,0,1,1,1,1,0,0,1,1,1,1,1,1,1,1,1,1,0,0,1,0,0,1,0,1,1,0,1,1,1,1,1,0,1,1,0,0,1,1,1,1,1,0,1,1,1,1,1,1,1,1,1,1,1,1,0,1,1,1,0,0,1,1,1,0,1,1,0,0,1,1,1,0,1,1,1,1,1,1,1,0,1,1,1,0,1,0,1,1,1,1,1,1,1,0,1,1,1,1,1,0,1,1,1,1,0,1,1,1,1,0,0,1,1,1,0,1,1,1,0,0,1,1,0,1,1,1,1,0,1,1,1,1,1,1,0,1,0,0,1,1,1,0,1,0,1,1,0,1,1,1,1,0,0,1,0,1,1,1,1,1,1,1,1,0,0,1,1,0,1,1,1,1,0,1,1,0,0,1,0,1,1,1,0,0,0,0,0,0,1,0,0,0,1,0,0,0,1,0,0,1,0,0,0,0,1,0
1,1,1,1,1,1,1,0,0,0,1,0,1,1,0,1,1,1,1,0,0,1,1,1,1,1,1,1,1,1,1,0,0,1,0,0,0,0,1,1,0,1,1,1,1,1,0,1,1,0,0,1,1,1,1,1,0,1,1,1,1,1,1,1,1,1,1,1,1,0,1,1,1,0,0,1,1,1,0,1,1,0,0,1,1,1,0,1,1,1,1,1,1,1,0,1,1,1,0,1,0,1,1,1,1,1,1,1,0,1,1,1,1,1,0,1,1,1,1,0,1,1,1,1,0,0,1,1,1,0,1,1,1,0,0,1,1,0,1,1,1,1,0,1,1,1,1,1,1,0,1,0,0,1,1,1,0,1,0,1,1,0,1,1,1,1,0,0,1,0,1,1,1,1,1,1,1,1,0,0,1,1,0,1,1,1,1,0,1,1,0,0,1,0,1,1,1,0,0,0,0,0,0,1,0,0,0,1,0,0,0,1,0,0,1,0,0,0,0,1,0
1,1,1,1,1,1,1,0,0,0,1,0,1,1,0,1,1,1,1,0,0,1,1,1,1,1,1,1,1,1,1,0,0,1,0,0,1,0,1,1,0,1,1,1,1,1,0,1,1,0,0,1,1,1,1,1,0,1,1,1,1,1,1,1,1,1,1,1,1,0,1,1,1,0,0,1,1,1,0,1,1,0,0,1,1,1,0,1,1,1,1,1,1,1,0,1,1,1,0,1,0,1,1,1,1,1,1,1,0,1,1,1,1,1,0,1,1,1,1,0,1,1,1,1,0,0,1,1,1,0,1,1,1,0,0,1,1,0,1,1,1,1,0,1,1,1,1,1,1,0,1,0,0,1,1,1,0,1,0,1,1,0,1,1,1,1,0,0,1,0,1,1,1,1,1,1,1,1,0,0,1,1,0,1,1,1,1,0,1,1,0,0,1,0,1,1,1,0,0,0,0,0,0,1,0,0,0,1,0,0,0,1,0,0,1,0,0,0,0,1,0
1,1,1,1,1,1,1,0,0,0,1,0,1,1,0,1,1,1,1,0,0,1,1,1,1,1,1,1,1,1,1,0,0,1,0,0,1,0,1,1,0,1,1,1,1,1,0,1,1,0,0,1,1,1,1,1,0,1,1,1,1,1,1,1,1,1,1,1,1,0,1,1,1,0,0,1,1,1,0,1,1,0,0,1,1,1,0,1,1,1,1,1,1,1,0,1,1,1,0,1,0,1,1,1,1,1,1,1,0,1,1,1,1,1,0,1,1,1,1,0,1,1,1,1,0,0,1,1,1,0,1,1,1,0,0,1,1,0,1,1,1,1,0,1,1,1,1,1,1,0,1,0,0,1,1,1,0,1,0,1,1,0,1,1,1,1,0,0,1,0,1,1,1,1,1,1,1,1,0,0,1,1,0,1,1,1,1,0,1,1,0,0,1,0,1,1,1,0,0,0,0,0,0,1,0,0,0,1,0,0,0,1,0,0,1,0,0,0,0,1,0
1,1,1,1,1,1,1,0,0,0,1,0,1,1,0,1,1,1,1,0,0,1,1,1,1,1,1,1,1,1,1,0,0,1,0,0,1,0,1,1,0,1,1,1,1,1,0,1,1,0,0,1,1,1,1,1,0,1,1,1,1,1,1,1,1,1,1,1,1,0,1,1,1,0,0,1,1,1,0,1,1,0,0,1,1,1,0,1,1,1,1,1,1,1,0,1,1,1,0,1,0,1,1,1,1,1,1,1,0,1,1,1,1,1,0,1,1,1,1,0,1,1,1,1,0,0,1,1,1,0,1,1,1,0,0,1,1,0,1,1,1,1,0,1,1,1,1,1,1,0,1,0,0,1,1,1,0,1,0,1,1,0,1,1,1,1,0,0,1,0,1,1,1,1,1,1,1,1,0,0,1,1,0,1,1,1,1,0,1,1,0,0,1,0,1,1,1,0,0,0,0,0,0,1,0,0,0,1,0,0,0,1,0,0,1,0,0,0,0,1,0
1,1,1,1,1,1,1,0,0,0,1,0,1,1,0,1,1,1,1,0,0,1,1,1,1,1,1,1,1,1,1,0,0,1,0,0,1,0,1,1,0,1,1,1,1,1,0,1,1,0,0,1,1,1,1,1,0,1,1,1,1,1,1,1,1,1,1,1,1,0,1,1,1,0,0,1,1,1,0,1,1,0,0,1,1,1,0,1,1,1,1,1,1,1,0,1,1,1,0,1,0,1,1,1,1,1,1,1,0,1,1,1,1,1,0,1,1,1,1,0,1,1,1,1,0,0,1,1,1,0,1,1,1,0,0,1,1,0,1,1,1,1,0,1,1,1,1,1,1,0,1,0,0,1,1,1,0,1,0,1,1,0,1,1,1,1,0,0,1,0,1,1,1,1,1,1,1,1,0,0,1,1,0,1,1,1,1,0,1,1,0,0,1,0,1,1,1,0,0,0,0,0,0,1,0,0,0,1,0,0,0,1,0,0,1,0,0,0,0,1,0
1,1,1,1,1,1,1,0,0,0,1,0,1,1,0,1,1,1,1,0,0,1,1,1,1,1,1,1,1,1,1,0,0,1,0,0,1,0,1,1,0,1,1,1,1,1,0,1,1,0,0,1,1,1,1,1,0,1,1,1,1,1,1,1,1,1,1,1,1,0,1,1,1,0,0,1,1,1,0,1,1,0,0,1,1,1,0,1,1,1,1,1,1,1,0,1,1,1,0,1,0,1,1,1,1,1,1,1,0,1,1,1,1,1,0,1,1,1,1,0,1,1,1,1,0,0,1,1,1,0,1,1,1,0,0,1,1,0,1,1,1,1,0,1,1,1,1,1,1,0,1,0,0,1,1,1,0,1,0,1,1,0,1,1,1,1,0,0,1,0,1,1,1,1,1,1,1,1,0,0,1,1,0,1,1,1,1,0,1,1,0,0,1,0,1,1,1,0,0,0,0,0,0,1,0,0,0,1,0,0,0,1,0,0,1,0,0,0,0,1,0
1,1,1,1,1,1,1,1,0,0,1,0,1,1,0,1,1,1,1,0,0,1,1,1,1,1,1,1,1,1,1,0,0,1,0,0,0,0,1,1,0,1,1,1,1,1,0,1,1,0,0,1,1,1,1,1,0,1,1,1,1,1,1,1,1,1,1,1,1,0,1,1,1,0,0,1,1,1,0,1,1,0,0,1,1,1,0,1,1,1,1,1,1,1,0,1,1,1,0,1,0,1,1,1,1,1,1,1,0,1,1,1,1,1,0,1,1,1,1,0,1,1,1,1,1,1,1,1,1,0,1,1,1,0,0,1,1,0,1,1,1,1,0,1,1,1,1,1,1,0,1,1,0,1,1,1,0,1,0,1,1,0,1,1,1,1,0,0,1,0,1,1,1,1,1,1,1,1,1,1,1,1,0,1,1,1,1,0,1,1,0,0,1,0,1,1,1,0,0,0,0,0,0,1,0,0,0,1,0,0,0,1,0,0,1,0,0,0,0,1,0
1,1,1,1,1,1,1,0,1,0,1,0,1,1,0,1,1,1,1,0,0,1,1,1,1,1,1,1,1,1,1,1,0,1,0,0,1,0,1,1,0,1,1,1,1,1,0,1,1,0,0,1,1,1,1,1,0,1,1,1,1,1,1,1,1,1,1,1,1,0,1,1,1,0,0,1,1,1,0,1,1,0,0,1,1,1,0,1,1,1,1,1,1,1,0,1,1,1,0,1,0,1,1,1,1,1,1,1,0,1,1,1,1,1,0,1,1,1,1,0,1,1,1,1,0,0,1,1,1,0,1,1,1,0,0,1,1,0,1,1,1,1,0,1,1,1,1,1,1,0,1,0,0,1,1,1,0,1,0,1,1,0,1,1,1,1,0,0,1,0,1,1,1,1,1,1,1,1,0,0,1,1,0,1,1,1,1,0,1,1,0,0,1,0,1,1,1,0,0,0,0,0,0,1,0,0,0,1,0,0,0,1,0,0,1,0,0,0,0,1,0
1,1,1,1,1,1,1,1,0,0,1,0,1,1,0,1,1,1,1,0,0,1,1,1,1,1,1,1,1,1,1,0,0,1,0,0,1,0,1,1,0,1,1,1,1,1,0,1,1,0,0,1,1,1,1,1,0,1,1,1,1,1,1,1,1,1,1,1,1,0,1,1,1,0,0,1,1,1,0,1,1,0,0,1,1,1,0,1,1,1,1,1,1,1,0,1,1,1,0,1,0,1,1,1,1,1,1,1,0,1,1,1,1,1,0,1,1,1,1,0,1,1,1,1,1,1,1,1,1,0,1,1,1,0,0,1,1,0,1,1,1,1,0,1,1,1,1,1,1,0,1,1,0,1,1,1,0,1,0,1,1,0,1,1,1,1,0,0,1,0,1,1,1,1,1,1,1,1,1,1,1,1,0,1,1,1,1,0,1,1,0,0,1,0,1,1,1,0,0,0,0,0,0,1,0,0,0,1,0,0,0,1,0,0,1,0,0,0,0,1,0
0,1,0,1,0,1,0,0,0,0,0,0,0,0,0,1,1,1,1,0,0,1,1,1,0,1,1,0,1,0,1,0,0,0,1,0,0,0,1,1,0,1,0,1,1,1,0,1,0,0,0,0,0,1,1,0,0,1,1,1,1,1,0,0,0,1,0,1,0,1,1,0,1,0,1,1,0,0,0,1,0,0,1,1,0,0,0,1,1,1,0,1,0,0,0,0,1,1,0,1,0,1,0,0,1,0,1,0,0,1,1,0,1,1,0,1,1,1,1,0,0,1,0,0,0,0,0,1,1,0,1,1,0,0,0,1,0,0,1,0,0,0,0,1,1,0,1,1,0,0,0,0,1,1,0,1,0,0,0,0,1,0,0,1,0,1,0,0,1,0,0,0,0,1,0,1,1,1,0,0,1,0,1,0,0,0,1,0,0,1,0,0,0,0,0,1,1,0,0,0,0,0,0,0,0,0,0,1,0,0,0,1,0,0,1,0,0,0,0,1,0
0,1,0,1,0,1,1,0,0,0,0,0,0,0,0,1,1,1,1,0,0,1,1,1,0,1,1,0,1,0,1,0,0,0,1,0,0,0,1,1,0,1,0,1,1,1,0,1,0,0,0,0,0,1,1,0,0,1,1,1,1,1,0,0,0,1,0,1,0,1,1,0,1,0,1,1,0,0,0,1,0,0,1,1,0,0,0,1,1,1,0,1,0,0,0,0,1,1,0,1,0,1,0,0,1,0,1,0,0,1,1,0,1,1,1,1,1,1,1,0,0,1,0,0,0,1,0,1,1,0,1,1,0,0,0,1,0,0,1,0,0,0,0,1,1,0,1,1,0,0,0,0,1,1,0,1,0,0,0,0,1,0,0,1,0,1,0,0,1,0,0,0,0,1,0,1,1,1,0,0,1,0,1,0,0,0,1,0,0,1,0,0,0,0,0,1,1,0,1,0,0,0,0,0,0,0,0,1,1,0,0,1,1,0,1,0,1,0,0,1,1
0,1,0,1,0,1,1,0,0,0,0,0,0,0,0,1,1,1,1,0,0,1,1,1,0,1,1,0,1,0,1,0,0,1,1,0,0,0,1,1,0,1,0,1,1,1,0,1,0,0,0,0,0,1,1,0,0,1,1,1,1,1,0,1,1,1,0,1,0,1,1,0,1,0,0,1,0,0,0,1,0,0,0,1,0,0,0,1,1,1,0,1,0,0,0,0,1,1,0,1,0,1,0,0,1,1,1,0,0,1,1,1,1,1,1,1,1,1,1,0,0,1,0,0,0,1,0,1,1,0,1,1,0,0,0,1,0,0,1,0,0,0,0,1,1,0,1,1,0,0,0,0,1,1,0,1,0,0,0,0,1,0,0,1,0,1,0,0,1,0,0,0,0,1,0,1,1,1,0,0,1,0,1,0,0,0,1,1,0,1,0,1,0,0,0,1,1,0,1,0,0,1,0,0,0,0,0,1,1,0,0,1,1,0,1,0,1,0,0,1,1
0,1,0,1,0,1,1,0,0,0,0,0,0,0,0,1,1,1,1,0,0,1,1,1,0,1,1,0,1,0,1,0,0,0,1,0,0,0,1,1,0,1,0,1,1,1,0,1,0,0,0,0,0,1,1,0,0,1,1,1,1,1,0,0,0,1,0,1,0,1,1,0,1,0,1,1,0,0,0,1,0,0,1,1,0,0,0,1,1,1,0,1,0,0,0,0,1,1,0,1,0,1,0,0,1,0,1,0,0,1,1,0,1,1,1,1,1,1,1,0,0,1,0,0,0,1,0,1,1,1,1,1,0,0,0,1,0,0,1,0,0,0,0,1,1,0,1,1,0,0,0,0,1,1,0,1,0,0,0,0,1,0,0,1,0,1,0,1,1,0,0,0,0,1,0,1,1,1,0,0,1,0,1,0,0,0,1,0,0,1,1,0,0,0,0,1,1,0,1,0,1,0,0,0,0,0,0,1,1,0,0,1,1,0,1,0,1,0,0,1,1
1,1,0,1,0,1,1,0,0,0,0,0,0,0,0,1,1,1,1,0,0,1,1,1,0,1,1,0,1,0,1,0,0,1,1,0,0,0,1,1,0,1,0,1,1,1,0,1,0,0,0,0,0,1,1,0,0,1,1,1,1,1,0,1,1,1,0,1,0,1,1,0,1,0,0,1,0,0,0,1,0,0,0,1,0,0,0,1,1,1,0,1,0,0,0,0,1,1,0,1,0,1,0,0,1,1,1,0,0,1,1,1,1,1,1,1,1,1,1,0,0,1,0,0,0,1,0,1,1,0,1,1,0,0,0,1,0,0,1,0,0,0,0,1,1,0,1,1,0,0,0,0,1,1,0,1,0,0,0,0,1,0,0,1,0,1,0,0,1,0,1,0,0,1,0,1,1,1,0,0,1,0,1,0,0,0,1,1,0,1,0,1,0,0,0,1,1,0,1,0,0,1,0,0,0,0,0,1,1,0,0,1,1,0,1,0,1,0,0,1,1
1,1,0,1,0,1,1,0,0,0,0,0,0,0,0,1,1,1,1,0,0,1,1,1,0,1,1,0,1,0,1,0,0,1,0,0,0,0,1,1,0,1,1,1,1,1,0,1,1,0,0,1,0,1,1,0,0,1,1,1,1,1,0,1,1,1,0,1,1,0,1,0,1,0,0,1,0,0,0,1,0,0,0,1,0,0,0,1,1,1,1,1,0,0,0,0,1,1,0,1,0,1,0,0,1,1,1,0,0,1,1,1,1,1,0,1,1,1,1,0,0,1,0,1,0,0,0,1,1,0,1,1,0,0,0,1,1,0,1,1,0,0,0,1,1,1,1,1,0,0,1,0,0,1,0,1,0,0,0,1,1,0,0,1,0,1,0,0,1,0,1,0,0,1,0,1,1,1,0,0,1,1,0,0,0,0,1,0,0,1,0,1,0,0,0,1,1,1,0,0,0,1,0,0,0,0,0,1,0,0,0,1,0,0,1,0,0,0,0,1,0
1,1,0,1,0,1,1,0,0,0,0,0,0,0,0,1,1,1,1,0,0,1,1,1,0,1,1,0,1,0,1,0,0,1,0,0,0,0,1,1,0,1,1,1,1,1,0,1,1,0,0,1,0,1,1,0,0,1,1,1,1,1,0,1,1,1,0,1,1,0,1,0,1,0,0,1,0,0,0,1,0,0,0,1,0,0,0,1,1,1,1,1,0,0,0,0,1,1,0,1,0,1,0,0,1,1,1,0,0,1,1,1,1,1,1,1,1,1,1,0,0,1,0,1,0,1,0,1,1,0,1,1,0,0,0,1,1,0,1,1,0,0,0,1,1,1,1,1,0,0,1,0,0,1,0,1,0,0,0,1,1,1,0,1,0,1,0,0,1,0,1,0,0,1,0,1,1,1,0,1,1,1,0,0,0,0,1,0,0,1,1,1,0,0,0,1,1,1,1,1,1,1,0,0,0,0,0,1,1,0,0,1,1,0,1,0,1,0,0,1,1
1,1,1,1,0,1,1,0,0,0,0,0,0,0,0,1,1,1,1,0,0,1,1,1,1,1,1,0,1,1,1,0,0,1,0,0,0,0,1,1,0,1,1,1,1,1,0,1,1,0,0,0,0,1,1,0,0,1,1,1,1,1,0,1,1,1,0,1,1,0,1,0,1,0,0,1,0,0,0,1,0,0,0,1,0,0,0,1,1,1,1,1,0,0,0,0,1,1,0,1,0,1,0,0,1,1,1,0,0,1,1,1,1,1,0,1,1,1,1,0,0,1,0,1,0,0,0,1,1,0,1,1,0,0,0,1,1,0,1,1,0,0,0,1,1,1,1,1,0,0,1,0,0,1,1,1,0,0,0,1,1,0,1,1,0,1,0,0,1,0,1,0,0,1,0,1,1,1,0,0,1,1,0,0,0,0,1,0,0,1,0,1,0,0,0,1,1,1,0,0,0,1,0,0,0,0,0,1,0,0,0,1,0,0,1,0,0,0,0,1,0
1,1,0,1,0,1,1,0,0,0,0,0,0,0,0,1,1,1,1,0,0,1,1,1,0,1,1,0,1,0,1,0,0,1,1,0,0,0,1,1,0,1,1,1,1,1,0,1,1,0,0,0,0,1,1,0,0,1,1,1,1,1,0,1,1,1,0,1,1,1,1,0,1,0,0,1,0,0,0,1,0,0,0,1,0,0,0,1,1,1,0,1,0,0,0,0,1,1,0,1,0,1,0,0,1,1,1,0,0,1,1,1,1,1,0,1,1,1,1,0,0,1,0,0,0,0,0,1,1,0,1,1,0,0,0,1,0,0,1,0,0,0,0,1,1,0,1,1,0,0,1,0,1,1,0,1,0,0,0,0,1,0,0,1,0,1,0,0,1,0,1,0,0,1,0,1,1,1,0,0,1,0,1,0,0,0,1,0,0,1,0,1,0,0,0,1,1,1,0,0,0,1,0,0,0,0,0,1,0,0,0,1,0,0,1,0,0,0,0,1,0
1,1,1,1,0,1,1,0,0,0,0,0,0,0,0,1,1,1,1,0,0,1,1,1,1,1,1,0,1,1,1,0,0,1,0,0,0,0,1,1,0,1,1,1,1,1,0,1,1,0,0,0,0,1,1,0,0,1,1,1,1,1,0,1,1,1,0,1,1,0,1,0,1,0,0,1,0,0,0,1,0,0,0,1,0,0,0,1,1,1,1,1,0,0,0,0,1,1,0,1,0,1,0,0,1,1,1,0,0,1,1,1,1,1,1,1,1,1,1,0,0,1,0,1,0,1,0,1,1,0,1,1,0,0,0,1,1,0,1,1,0,0,0,1,1,1,1,1,0,0,1,0,0,1,1,1,0,0,0,1,1,1,1,1,0,1,0,0,1,0,1,0,0,1,0,1,1,1,0,1,1,1,0,0,0,0,1,0,0,1,1,1,0,0,0,1,1,1,1,1,1,1,0,0,0,0,0,1,1,0,0,1,1,0,1,0,1,0,0,1,1
1,1,0,1,0,1,1,0,0,0,0,0,0,0,0,1,1,1,1,0,0,1,1,1,0,1,1,0,1,0,1,0,0,1,1,0,0,0,1,1,0,1,1,1,1,1,0,1,1,0,0,0,0,1,1,0,0,1,1,1,1,1,0,1,1,1,0,1,1,1,1,0,1,0,0,1,0,0,0,1,0,0,0,1,0,0,0,1,1,1,0,1,0,0,0,0,1,1,0,1,0,1,0,0,1,1,1,0,0,1,1,1,1,1,1,1,1,1,1,0,0,1,0,0,0,1,0,1,1,0,1,1,0,0,0,1,0,0,1,0,0,0,0,1,1,0,1,1,0,0,1,0,1,1,0,1,0,0,0,0,1,0,0,1,0,1,0,0,1,0,1,0,0,1,0,1,1,1,0,0,1,0,1,0,0,0,1,0,0,1,1,1,0,0,0,1,1,1,1,1,1,1,0,0,0,0,0,1,1,0,0,1,1,0,1,0,1,0,0,1,1
0,1,0,1,0,1,1,1,0,1,0,0,0,0,0,1,1,1,1,0,0,1,0,0,0,0,1,0,0,0,1,0,1,1,1,0,1,0,1,1,1,1,0,1,0,0,1,1,1,0,0,1,0,1,1,0,0,1,1,0,0,0,1,0,1,0,0,0,1,1,0,1,0,1,0,1,0,0,0,0,1,0,0,1,0,0,0,0,1,0,1,0,0,0,0,1,0,1,1,1,1,0,0,0,0,0,0,1,0,0,0,1,1,1,1,1,1,1,1,1,1,0,0,1,0,1,0,1,1,0,0,0,1,0,1,0,1,1,0,1,0,1,1,1,0,1,1,1,0,0,0,0,1,1,0,0,0,1,1,1,1,0,0,1,0,1,1,0,1,1,1,0,0,1,0,1,1,0,0,0,1,1,1,1,1,0,1,1,1,1,0,1,1,0,1,1,1,1,1,0,0,1,1,1,0,0,0,1,1,0,1,0,1,0,1,0,1,0,1,0,1
0,1,0,1,0,1,1,1,0,1,0,0,0,0,0,1,1,1,1,0,0,1,0,0,0,0,1,0,0,0,1,0,1,1,1,0,1,0,1,1,1,1,0,1,0,0,1,1,1,0,0,1,0,1,1,0,0,1,1,0,0,0,1,0,1,0,0,0,1,1,0,1,0,1,0,1,0,0,0,0,1,0,0,1,0,0,0,0,1,0,1,0,0,0,0,1,0,1,1,1,1,0,0,0,0,0,0,1,0,0,0,1,1,1,1,1,1,1,1,1,1,0,0,1,0,1,0,1,1,0,0,0,1,0,1,0,1,1,0,1,0,1,1,1,0,1,1,1,0,0,0,0,1,1,0,0,0,1,1,1,1,1,0,1,0,1,1,0,1,1,1,0,0,1,0,1,1,0,0,1,1,1,1,1,1,0,1,1,1,1,0,1,1,0,1,1,1,1,1,0,0,1,1,1,0,0,0,1,1,0,1,0,1,0,1,0,1,0,1,0,1
0,1,0,0,0,1,1,1,0,0,0,0,0,0,0,0,0,1,0,0,0,0,0,0,0,0,0,0,0,0,1,0,0,0,1,1,0,0,0,1,0,0,1,1,0,0,0,0,1,0,0,0,0,0,0,0,1,1,1,0,0,0,0,0,0,0,0,0,0,1,0,1,0,1,0,0,0,0,1,0,1,0,0,0,0,0,1,0,0,0,0,0,0,0,0,1,0,1,0,0,0,0,0,0,0,0,0,1,0,0,0,0,1,1,0,0,0,1,0,0,1,0,0,0,0,0,0,1,1,0,0,0,1,0,1,0,0,0,0,0,0,1,0,0,0,0,1,0,0,0,0,0,1,1,0,0,0,1,1,0,0,0,0,0,0,1,0,0,1,1,0,0,0,1,0,1,0,0,0,0,0,0,1,1,1,0,1,0,1,1,0,0,1,1,0,1,1,1,1,0,0,0,0,1,0,1,0,0,1,0,1,0,0,0,0,0,1,0,1,0,0
0,1,0,0,0,1,1,1,0,0,0,0,0,0,0,0,0,0,0,0,0,0,0,0,0,0,0,0,0,0,1,0,0,0,1,0,0,0,0,1,0,0,0,1,0,0,0,0,1,0,0,1,0,0,0,0,1,1,1,0,0,0,0,0,0,0,0,0,1,1,0,1,0,1,0,0,0,0,1,0,1,0,0,0,0,0,1,0,0,0,0,0,0,0,0,1,0,1,0,0,0,0,0,0,0,0,0,1,0,0,0,0,1,1,0,0,0,1,0,0,1,0,0,0,0,0,0,1,1,0,0,0,1,0,1,0,0,0,0,1,0,1,0,0,0,0,1,0,0,0,0,0,1,1,0,0,0,1,1,0,0,0,0,0,0,1,0,0,1,1,0,0,0,1,0,1,0,0,0,0,0,1,1,1,1,0,1,0,1,1,0,0,1,0,0,1,0,1,1,0,0,0,0,1,0,0,0,0,1,0,1,0,0,0,0,0,1,0,1,0,0
0,1,0,1,1,1,1,0,0,1,1,0,1,1,0,1,1,1,1,1,1,1,0,1,1,1,1,1,1,1,1,0,1,1,0,0,0,1,1,0,1,1,0,1,1,1,1,1,1,1,1,0,1,1,1,1,0,1,0,1,1,1,1,1,1,1,1,1,1,0,1,1,1,0,1,1,1,0,0,1,0,1,1,1,1,1,0,1,1,1,1,1,1,1,1,0,1,1,1,1,1,1,1,1,1,1,1,0,0,1,1,1,1,1,0,1,1,1,1,1,0,1,1,1,0,0,1,1,1,0,1,1,0,0,0,1,1,1,1,1,1,0,1,1,1,1,1,1,1,0,0,0,0,1,0,1,0,0,0,1,1,0,0,1,1,1,0,0,1,0,1,1,1,1,1,1,1,1,0,0,1,1,0,0,0,1,1,1,0,0,0,1,0,0,0,0,0,0,0,0,0,0,0,0,0,0,0,0,0,0,0,0,0,0,0,0,0,0,0,0,0
0,1,0,0,0,1,1,1,0,0,1,0,0,1,0,0,0,0,0,0,0,0,0,0,0,1,1,0,0,0,1,0,0,0,1,0,1,0,0,1,0,0,1,1,0,0,0,0,1,0,0,1,0,0,0,0,0,1,1,1,0,0,0,0,0,0,0,0,1,1,0,1,0,1,0,0,0,0,0,0,1,0,0,0,0,0,0,0,0,0,1,0,0,0,0,1,0,1,0,0,0,0,0,0,0,0,0,1,0,0,0,0,1,1,1,0,0,1,0,0,1,0,0,1,0,1,0,1,1,1,0,0,1,0,1,0,1,0,0,1,0,1,0,0,0,1,1,0,0,0,1,0,1,1,1,0,0,1,1,1,0,0,1,0,0,1,0,1,1,1,0,0,0,1,0,1,0,0,0,0,0,1,1,1,1,0,1,0,1,1,1,0,1,1,0,1,1,1,1,1,1,0,0,1,1,0,0,1,1,0,1,0,1,0,1,0,1,0,1,0,1
1,1,0,0,0,1,1,0,0,0,0,0,0,0,0,0,1,1,1,0,0,1,0,0,0,1,1,0,1,0,1,0,0,0,0,0,0,0,0,1,0,1,1,1,0,0,0,1,1,0,0,1,0,0,0,0,0,1,1,0,0,0,1,0,0,0,0,0,1,0,0,1,0,1,0,0,0,0,0,0,1,0,0,0,0,0,0,0,0,0,1,0,0,0,0,1,0,1,0,0,0,0,0,0,0,0,0,1,0,0,0,1,1,1,0,0,0,1,0,0,1,0,0,1,0,0,0,1,1,0,0,0,1,0,1,0,1,0,0,1,0,1,0,0,0,1,1,0,0,0,1,0,0,1,1,0,0,1,1,1,0,0,1,0,0,1,0,0,1,1,0,0,0,1,0,1,1,0,0,0,0,1,0,1,1,0,1,0,1,1,1,0,1,1,0,1,1,1,0,1,1,0,0,1,1,0,0,1,0,0,1,0,0,0,1,1,0,0,1,0,0
0,0,0,1,0,0,0,0,0,0,0,0,0,0,0,1,1,1,0,1,1,1,0,0,0,1,1,0,0,0,0,0,0,0,0,0,0,0,1,0,0,1,0,0,1,1,0,1,0,0,0,1,1,1,1,1,0,0,0,1,1,1,1,0,0,1,0,1,0,0,1,0,1,0,0,1,1,0,0,1,0,0,0,1,1,0,0,1,1,1,0,1,1,1,0,0,1,0,0,1,0,1,1,0,1,0,1,0,0,1,1,1,0,0,0,1,1,0,1,0,0,1,1,0,0,0,0,0,0,0,1,1,0,0,0,1,0,0,0,0,1,0,0,1,0,0,0,1,0,0,0,0,0,0,0,0,0,0,0,0,1,0,0,1,1,0,0,0,0,0,0,0,0,0,1,0,1,1,0,0,1,0,0,0,0,1,0,0,0,0,0,0,0,0,0,1,1,0,0,0,0,0,0,0,0,0,1,0,0,0,0,1,0,0,0,0,0,0,0,1,0
1,1,0,0,0,1,1,0,0,0,0,0,0,0,0,1,1,1,1,0,1,1,0,1,0,1,1,0,1,0,1,0,0,0,0,0,0,0,0,1,0,1,1,1,0,0,0,1,1,0,0,1,0,0,0,0,0,1,1,0,0,0,1,0,0,0,0,0,1,0,0,1,0,1,0,0,0,0,0,0,1,0,0,0,0,0,0,0,0,0,1,0,0,0,0,1,0,1,0,0,0,0,0,0,0,0,0,1,0,0,0,1,1,1,0,0,0,1,0,0,1,0,0,1,0,0,0,1,1,0,0,0,1,0,1,0,1,0,0,1,0,1,0,0,0,1,1,0,0,0,1,0,0,1,1,0,0,1,1,1,0,0,1,0,0,1,0,0,1,1,0,0,0,1,0,1,1,0,0,0,0,1,0,1,1,0,1,0,1,1,1,0,1,1,0,1,1,1,0,1,1,0,0,1,1,0,0,1,0,0,1,0,0,0,1,1,0,0,1,0,0
0,0,0,0,0,1,1,0,0,0,0,0,0,0,0,0,0,0,0,0,0,0,0,0,0,0,0,0,0,0,1,0,0,0,1,0,0,0,0,1,0,0,0,1,0,0,0,0,0,0,0,0,0,0,0,0,1,1,1,0,0,0,0,0,0,0,0,0,0,1,0,1,0,0,0,0,0,0,1,0,1,0,0,0,0,0,1,0,0,0,0,0,0,0,0,1,0,1,0,0,0,0,0,0,0,0,0,1,0,0,0,0,1,1,0,0,0,1,0,0,1,0,0,0,0,0,0,1,1,1,0,0,1,0,1,0,0,0,0,0,0,1,0,0,0,0,1,0,0,0,0,0,1,1,0,0,0,1,1,0,0,0,0,0,0,1,0,1,1,1,0,0,0,1,0,1,0,0,0,0,0,0,1,1,1,0,1,0,1,1,0,0,1,0,0,0,0,1,0,0,0,0,0,1,0,0,0,0,0,0,1,0,0,0,0,0,0,0,1,0,0
0,0,0,1,0,1,1,0,1,1,0,0,0,0,0,0,0,1,1,0,0,0,0,0,0,0,1,0,0,0,1,1,1,1,1,0,0,0,1,1,1,0,0,1,0,0,1,0,0,0,0,0,1,1,1,0,0,1,1,0,0,0,0,1,1,0,0,0,0,1,0,1,0,0,0,1,0,1,0,0,1,0,0,1,0,1,0,0,1,0,0,0,0,0,0,1,1,1,1,1,1,0,0,0,0,0,0,1,0,0,0,0,1,1,0,1,1,1,1,1,1,0,1,0,0,0,0,1,1,0,0,0,1,0,1,1,0,1,0,0,0,1,1,1,0,0,1,1,0,0,0,0,1,1,0,0,0,1,1,0,1,0,0,1,0,1,1,0,1,1,1,0,0,1,1,1,0,1,0,0,1,0,1,1,1,1,1,0,1,1,0,0,1,0,0,0,0,1,0,0,0,0,0,1,0,0,0,0,0,0,1,0,0,0,0,0,0,0,1,0,0
1,1,1,1,1,1,1,0,0,1,1,0,1,1,0,1,1,1,1,0,0,1,0,1,0,1,1,0,0,0,1,0,1,1,0,0,1,0,1,0,1,1,0,1,1,1,1,1,0,0,0,1,0,1,1,0,0,0,0,1,1,1,1,1,1,1,0,1,0,0,1,1,1,0,0,1,0,1,0,1,1,0,0,1,0,1,0,1,1,1,0,1,0,0,0,0,1,0,1,1,1,1,0,0,1,1,1,1,0,1,1,1,0,0,0,1,1,0,1,1,0,1,0,0,0,0,0,0,0,0,1,1,1,1,0,1,0,1,1,0,0,0,1,1,1,0,0,1,0,0,0,0,0,0,0,1,0,0,0,0,1,0,0,1,0,0,0,0,0,0,1,1,1,0,0,0,1,1,0,0,1,0,0,0,0,0,0,0,0,0,0,0,0,0,0,1,1,0,0,0,0,0,0,0,0,0,1,0,0,0,0,1,0,1,0,1,0,1,0,1,0
0,0,0,0,0,1,1,0,0,0,0,0,0,0,0,0,0,0,0,0,0,0,0,0,0,0,0,0,0,0,1,0,0,0,1,0,1,0,0,0,0,0,0,1,0,0,0,0,0,0,0,1,0,0,0,0,1,0,0,0,0,0,0,0,0,0,0,0,0,1,0,1,0,0,0,0,0,0,1,0,1,0,0,0,0,0,1,0,0,0,0,0,0,0,0,0,0,0,0,0,0,0,0,0,0,0,0,1,0,0,0,0,0,0,0,0,0,0,0,0,0,0,0,0,0,0,0,0,0,0,0,0,1,0,0,0,0,0,0,0,0,1,0,0,0,0,0,0,0,0,0,0,1,0,0,0,0,0,0,0,0,0,0,0,0,1,0,0,1,0,0,0,0,0,0,1,0,0,0,0,0,0,0,0,0,0,1,0,1,1,0,0,1,0,0,1,1,1,0,0,0,0,0,1,0,0,1,0,0,0,0,0,0,1,0,0,0,0,0,0,0
0,0,0,1,0,1,1,0,1,0,0,0,0,0,0,0,0,0,0,0,0,0,0,0,0,0,0,0,0,0,0,1,0,1,0,0,0,0,1,0,0,0,0,0,0,0,0,0,0,0,0,0,0,1,1,0,0,0,0,0,0,0,0,0,1,0,0,0,0,0,0,0,0,0,0,1,0,0,0,0,0,0,0,1,0,0,0,0,1,0,0,0,0,0,0,0,0,0,0,1,0,0,0,0,0,0,0,0,0,0,0,0,0,0,0,1,1,0,1,0,0,0,0,0,0,0,0,0,0,0,0,0,0,0,0,0,0,0,0,0,0,0,0,1,0,0,0,1,0,0,0,0,0,0,0,0,0,0,0,0,0,0,0,1,0,0,0,0,0,0,1,0,0,0,0,0,0,0,0,0,1,0,0,0,0,0,0,0,0,0,0,0,0,0,0,0,0,0,0,0,0,0,0,0,0,0,0,0,0,0,0,0,0,0,0,0,0,0,0,0,0
1,1,1,1,1,1,1,1,0,0,0,0,0,0,0,1,1,1,1,0,1,1,1,1,1,1,1,1,1,1,1,0,0,1,1,0,0,0,1,1,0,1,0,1,1,1,0,1,0,0,0,0,0,1,1,0,1,1,1,1,1,1,0,1,1,1,0,1,1,1,1,1,1,1,0,1,0,1,1,1,1,0,0,1,0,1,1,1,1,1,1,1,0,0,0,1,1,1,0,1,0,1,0,0,1,1,1,1,0,1,1,1,1,1,0,1,1,1,1,0,1,1,0,1,0,0,1,1,1,1,1,1,1,0,1,1,1,0,1,1,0,1,0,1,1,1,1,1,1,0,1,0,1,1,1,1,1,1,1,1,1,0,1,1,0,1,0,1,1,1,1,1,1,1,0,1,1,1,0,0,1,1,1,1,1,0,1,0,1,1,1,1,1,1,1,1,1,1,1,1,1,1,0,1,1,0,1,1,0,0,1,1,0,0,1,0,0,0,1,1,0
0,1,0,1,0,1,1,0,1,0,0,0,0,0,0,0,0,1,1,0,0,0,0,0,0,0,1,0,0,0,1,1,0,1,0,0,1,0,1,0,0,0,0,1,0,0,0,0,0,0,0,1,0,1,1,0,0,0,0,0,0,0,0,0,1,0,0,0,0,0,0,1,0,0,0,1,0,1,0,0,1,0,0,1,0,1,0,0,1,0,0,0,0,0,0,0,0,0,0,1,0,0,0,0,0,0,0,1,0,0,0,0,0,0,0,1,1,0,1,0,0,0,0,0,0,0,0,0,0,0,0,0,1,0,0,0,0,0,0,0,0,1,0,1,0,0,0,1,0,0,0,0,0,0,0,0,0,0,0,0,0,0,0,1,0,0,0,0,0,0,1,0,0,0,0,0,0,0,0,0,1,0,0,0,0,0,0,0,1,0,0,0,1,0,0,1,1,0,0,0,0,0,0,1,0,0,1,0,0,0,0,0,0,1,0,0,0,0,0,0,0
1,1,1,1,1,1,1,0,0,0,1,0,1,1,1,1,1,1,1,1,1,1,1,1,1,1,1,1,1,1,1,0,0,1,0,0,0,1,1,0,0,1,0,1,1,1,0,1,0,1,1,0,1,1,1,1,0,0,0,1,1,1,1,1,1,1,0,1,0,0,1,1,1,0,1,1,1,1,0,1,1,1,1,1,1,1,0,1,1,1,0,1,1,1,1,1,1,0,0,1,0,1,1,1,1,1,1,1,0,1,1,1,0,0,0,1,1,0,1,0,1,1,1,0,0,0,1,0,0,0,1,1,1,0,0,1,0,0,1,0,0,1,0,1,1,0,0,1,1,0,0,0,0,0,0,1,0,1,0,0,1,0,0,1,1,0,0,0,0,0,1,1,1,0,1,0,1,1,0,0,1,0,0,1,1,1,0,0,1,0,0,0,1,0,0,1,1,0,0,0,0,0,0,1,0,0,1,0,0,1,0,1,0,0,0,0,0,1,0,1,0
1,1,1,1,1,1,1,0,0,0,1,0,1,1,1,1,1,1,1,1,1,1,1,1,1,1,1,1,1,1,1,0,0,1,0,0,0,1,1,0,0,1,0,1,1,1,0,1,0,1,1,0,1,1,1,1,0,0,0,1,1,1,1,1,1,1,0,1,0,0,1,1,1,0,1,1,1,1,0,1,1,1,1,1,1,1,0,1,1,1,0,1,1,1,1,1,1,0,0,1,0,1,1,1,1,1,1,1,0,1,1,1,0,0,0,1,1,0,1,0,1,1,1,0,0,0,1,0,0,0,1,1,1,0,0,1,0,0,1,0,0,1,0,1,1,0,0,1,1,0,0,0,0,0,0,1,0,1,0,0,1,0,0,1,1,0,0,0,0,0,1,1,1,0,1,0,1,1,0,0,1,0,0,1,1,1,0,0,1,0,0,0,1,0,0,1,1,0,0,0,0,0,0,1,0,0,1,0,0,1,0,1,0,0,0,0,0,1,0,1,0
1,1,1,1,1,1,1,0,0,0,1,0,1,1,1,1,1,1,1,1,1,1,1,1,1,1,1,1,1,1,1,0,0,1,0,0,0,1,1,0,0,1,0,1,1,1,0,1,0,1,1,0,1,1,1,1,0,0,0,1,1,1,1,1,1,1,0,1,0,0,1,1,1,0,1,1,1,1,0,1,1,1,1,1,1,1,0,1,1,1,0,1,1,1,1,1,1,0,0,1,0,1,1,1,1,1,1,1,0,1,1,1,0,0,0,1,1,0,1,0,1,1,1,0,0,0,1,0,0,0,1,1,1,0,0,1,0,0,1,0,0,1,0,1,1,0,0,1,1,0,0,0,0,0,0,1,0,1,0,0,1,0,0,1,1,0,0,0,0,0,1,1,1,0,1,0,1,1,0,0,1,0,0,1,1,1,0,0,1,0,0,0,1,0,0,1,1,0,0,0,0,0,0,1,0,0,1,0,0,1,0,1,0,0,0,0,0,1,0,1,0
1,1,1,1,1,1,1,0,0,0,1,0,1,1,1,1,1,1,1,1,1,1,1,1,1,1,1,1,1,1,1,0,0,1,0,0,0,1,1,0,0,1,0,1,1,1,0,1,0,1,1,0,1,1,1,1,0,0,0,1,1,1,1,1,1,1,0,1,0,0,1,1,1,0,1,1,1,1,0,1,1,1,1,1,1,1,0,1,1,1,0,1,1,1,1,1,1,0,0,1,0,1,1,1,1,1,1,1,0,1,1,1,0,0,0,1,1,0,1,0,1,1,1,0,0,0,1,0,0,0,1,1,1,0,0,1,0,0,1,0,0,1,0,1,1,0,0,1,1,0,0,0,0,0,0,1,0,1,0,0,1,0,0,1,1,0,0,0,0,0,1,1,1,0,1,0,1,1,0,0,1,0,0,1,1,1,0,0,1,0,0,0,1,0,0,1,1,0,0,0,0,0,0,1,0,0,1,0,0,1,0,1,0,0,0,0,0,1,0,1,0
1,1,1,1,1,1,1,0,0,0,1,0,1,1,1,1,1,1,1,1,1,1,1,1,1,1,1,1,1,1,1,0,0,1,0,0,0,1,1,0,0,1,0,1,1,1,0,1,0,1,1,0,1,1,1,1,0,0,0,1,1,1,1,1,1,1,0,1,0,0,1,1,1,0,1,1,1,1,0,1,1,1,1,1,1,1,0,1,1,1,0,1,1,1,1,1,1,0,0,1,0,1,1,1,1,1,1,1,0,1,1,1,0,0,0,1,1,0,1,0,1,1,1,0,0,0,1,0,0,0,1,1,1,0,0,1,0,0,1,0,0,1,0,1,1,0,0,1,1,0,0,0,0,0,0,1,0,1,0,0,1,0,0,1,1,0,0,0,0,0,1,1,1,0,1,0,1,1,0,0,1,0,0,1,1,1,0,0,1,0,0,0,1,0,0,1,1,0,0,0,0,0,0,1,0,0,1,0,0,1,0,1,0,0,0,0,0,1,0,1,0
1,1,1,1,1,1,1,0,0,0,1,0,1,1,1,1,1,1,1,1,1,1,1,1,1,1,1,1,1,1,1,0,0,1,0,0,0,1,1,0,0,1,0,1,1,1,0,1,0,1,1,0,1,1,1,1,0,0,0,1,1,1,1,1,1,1,0,1,0,0,1,1,1,0,1,1,1,1,0,1,1,1,1,1,1,1,0,1,1,1,0,1,1,1,1,1,1,0,0,1,0,1,1,1,1,1,1,1,0,1,1,1,0,0,0,1,1,0,1,0,1,1,1,0,0,0,1,0,0,0,1,1,1,0,0,1,0,0,1,0,0,1,0,1,1,0,0,1,1,0,0,0,0,0,0,1,0,1,0,0,1,0,0,1,1,0,0,0,0,0,1,1,1,0,1,0,1,1,0,0,1,0,0,1,1,1,0,0,1,0,0,0,1,0,0,1,1,0,0,0,0,0,0,1,0,0,1,0,0,1,0,1,0,0,0,0,0,1,0,1,0
1,1,1,1,1,1,1,0,0,0,1,0,1,1,1,1,1,1,1,1,1,1,1,1,1,1,1,1,1,1,1,0,0,1,0,0,0,1,1,0,0,1,0,1,1,1,0,1,0,1,1,1,1,1,1,1,0,0,0,1,1,1,1,1,1,1,0,1,0,0,1,1,1,0,1,1,1,1,0,1,1,1,1,1,1,1,0,1,1,1,0,1,1,1,1,1,1,0,0,1,0,1,1,1,1,1,1,1,0,1,1,1,0,0,0,1,1,0,1,0,1,1,1,0,0,0,1,0,0,0,1,1,1,0,0,1,0,0,1,0,0,1,0,1,1,0,0,1,1,0,0,0,0,0,0,1,0,1,0,0,1,0,0,1,1,0,0,0,0,0,1,1,1,0,1,0,1,1,0,0,1,0,0,1,1,1,0,0,1,0,0,0,1,0,0,1,1,0,0,0,0,0,0,1,0,0,1,0,0,1,0,1,0,0,0,0,0,1,0,1,0
1,1,1,1,1,1,1,0,0,0,1,0,1,1,1,1,1,1,1,1,1,1,1,1,1,1,1,1,1,1,1,0,0,1,0,0,0,1,1,0,0,1,1,1,1,1,0,1,1,1,1,0,1,1,1,1,0,0,0,1,1,1,1,1,1,1,0,1,1,0,1,1,1,0,1,1,1,1,0,1,1,1,1,1,1,1,0,1,1,1,0,1,1,1,1,1,1,0,0,1,0,1,1,1,1,1,1,1,0,1,1,1,0,0,0,1,1,1,1,0,1,1,1,0,1,0,1,1,1,0,1,1,1,0,0,1,0,0,1,1,0,1,0,1,1,1,0,1,1,0,1,1,0,1,0,1,0,1,0,0,1,0,0,1,1,1,1,0,1,0,1,1,1,0,1,1,1,1,0,0,1,1,0,1,1,1,0,1,1,0,0,0,1,0,0,1,1,0,0,0,0,0,0,1,0,0,1,0,0,1,0,1,0,0,0,0,0,1,0,1,0
1,1,0,1,1,1,0,0,0,1,1,0,1,1,0,1,1,1,1,0,0,1,1,1,0,1,1,1,1,1,1,0,1,1,0,0,0,0,1,0,1,1,0,1,1,1,1,1,0,1,1,0,0,1,1,0,0,0,0,1,1,1,0,1,1,1,0,1,0,0,1,1,1,0,1,1,0,1,0,1,1,1,1,1,0,1,0,1,1,1,0,1,0,0,1,0,1,0,1,1,1,1,0,1,1,1,1,1,0,1,1,1,0,0,0,1,1,0,1,1,0,1,0,0,0,0,0,0,0,0,1,1,1,0,0,1,0,1,1,0,0,0,1,1,1,0,0,1,0,0,0,0,0,0,0,1,0,0,0,0,1,0,0,1,0,0,0,0,0,0,1,1,1,0,0,0,1,1,0,0,1,0,0,0,0,0,0,0,1,0,0,0,1,0,0,1,1,0,0,0,0,0,0,1,0,0,1,0,0,0,0,1,0,0,0,0,0,0,0,1,0
1,1,0,1,1,1,0,0,0,1,1,0,1,1,0,1,1,1,1,0,0,1,1,1,0,1,1,1,1,1,1,0,1,1,0,0,0,0,1,0,1,1,0,1,1,1,1,1,0,0,0,0,0,1,1,0,0,0,0,1,1,1,0,1,1,1,0,1,0,0,1,1,1,0,0,1,0,1,0,1,1,0,0,1,0,1,0,1,1,1,0,1,0,0,0,0,1,0,1,1,1,1,0,0,1,1,1,1,0,1,1,1,0,0,0,1,1,0,1,1,0,1,0,0,0,0,0,0,0,0,1,1,1,0,0,1,0,1,1,0,0,0,1,1,1,0,0,1,0,0,0,0,0,0,0,1,0,0,0,0,1,0,0,1,0,0,0,0,0,0,1,1,1,0,0,0,1,1,0,0,1,0,0,0,0,0,0,0,1,0,0,0,1,0,0,1,1,0,0,0,0,0,0,0,0,0,0,0,0,0,0,1,0,0,0,0,0,0,0,1,0
1,1,0,1,1,1,0,0,0,1,1,0,1,1,0,1,1,1,1,0,0,1,1,1,0,1,1,1,1,1,1,0,1,1,0,0,0,1,1,0,1,1,0,1,1,1,1,1,0,1,1,0,0,1,1,0,0,0,0,1,1,1,0,1,1,1,0,1,0,0,1,1,1,0,1,1,0,1,0,1,1,1,1,1,0,1,0,1,1,1,0,1,0,0,1,0,1,0,1,1,1,1,0,1,1,1,1,1,1,1,1,1,0,0,0,1,1,0,1,1,0,1,0,0,0,0,1,0,0,0,1,1,1,0,0,1,0,1,1,0,0,0,1,1,1,0,0,1,1,0,0,0,0,0,0,1,0,0,0,0,1,0,0,1,0,0,0,0,0,0,1,1,1,0,0,0,1,1,0,0,1,0,0,0,0,0,0,0,1,0,0,0,1,0,1,1,1,0,0,0,0,0,0,1,0,0,1,0,0,0,0,1,0,0,0,0,0,0,0,1,0
1,1,0,1,1,1,0,0,0,1,1,0,1,1,0,1,1,1,1,0,0,1,1,1,0,1,1,1,1,1,1,0,1,1,0,0,0,1,1,0,1,1,0,1,1,1,1,1,0,1,1,0,0,1,1,0,0,0,0,1,1,1,0,1,1,1,0,1,0,0,1,1,1,0,1,1,0,1,0,1,1,1,1,1,0,1,0,1,1,1,0,1,0,0,1,0,1,0,1,1,1,1,0,1,1,1,1,1,1,1,1,1,0,0,0,1,1,0,1,1,0,1,0,0,0,0,1,0,0,0,1,1,1,0,0,1,0,1,1,0,0,0,1,1,1,0,0,1,1,0,0,0,0,0,0,1,0,0,0,0,1,0,0,1,0,0,0,0,0,0,1,1,1,0,0,0,1,1,0,0,1,0,0,0,0,0,0,0,1,0,0,0,1,0,1,1,1,0,0,0,0,0,0,1,0,0,1,0,0,0,0,1,0,0,0,0,0,0,0,1,0
0,1,0,1,1,1,1,0,0,0,1,0,1,1,0,1,1,1,1,0,0,1,1,1,0,1,1,1,1,1,1,0,0,1,0,0,0,1,1,1,0,1,0,1,1,1,0,1,1,1,1,1,0,1,1,0,0,1,1,1,1,1,0,1,1,1,0,1,1,0,1,1,1,0,1,1,0,1,0,1,1,1,1,1,0,1,0,1,1,1,1,1,0,0,1,0,1,1,0,1,0,1,0,1,1,1,1,1,1,1,1,1,1,1,0,1,1,1,1,0,0,1,0,1,0,0,1,1,1,0,1,1,1,0,0,1,1,0,1,1,0,0,0,1,1,1,1,1,1,0,0,0,0,1,0,1,0,0,0,1,1,0,0,1,0,1,0,0,1,0,1,1,1,1,0,1,1,1,0,0,1,1,0,0,0,0,1,1,1,1,0,0,1,0,1,1,1,1,1,0,0,0,0,1,0,0,1,0,1,0,0,1,0,0,0,0,1,0,0,1,0
1,1,0,1,1,1,1,0,0,0,1,0,1,1,0,1,1,1,1,0,0,1,1,1,0,1,1,1,1,1,1,0,0,1,0,0,0,1,1,1,0,1,0,1,1,1,0,1,1,1,1,1,0,1,1,0,0,1,1,1,1,1,0,1,1,1,0,1,1,0,1,1,1,0,1,1,0,1,0,1,1,1,1,1,0,1,0,1,1,1,1,1,0,0,1,0,1,1,0,1,0,1,0,1,1,1,1,1,1,1,1,1,1,1,0,1,1,1,1,0,0,1,0,1,0,0,1,1,1,0,1,1,1,0,0,1,1,0,1,1,0,0,0,1,1,1,1,1,1,0,0,0,0,1,0,1,0,0,0,1,1,0,0,1,0,1,0,0,1,0,1,1,1,1,0,1,1,1,0,0,1,1,0,0,0,0,1,1,1,1,0,0,1,0,1,1,1,1,1,0,0,0,0,1,0,0,1,0,1,0,0,1,0,0,0,0,1,0,0,1,0
1,1,0,1,1,1,1,0,0,0,1,0,1,1,0,1,1,1,1,0,0,1,1,1,0,1,1,1,1,1,1,0,0,1,0,0,0,1,1,1,0,1,0,1,1,1,0,1,1,1,1,1,0,1,1,0,0,1,1,1,1,1,0,1,1,1,0,1,1,0,1,1,1,0,1,1,0,1,0,1,1,1,1,1,0,1,0,1,1,1,1,1,0,0,1,0,1,1,0,1,0,1,0,1,1,1,1,1,1,1,1,1,1,1,0,1,1,1,1,0,0,1,0,1,0,0,1,1,1,0,1,1,1,0,0,1,1,0,1,1,0,0,0,1,1,1,1,1,1,0,0,0,0,1,0,1,0,0,0,1,1,0,0,1,0,1,0,0,1,0,1,1,1,1,0,1,1,1,0,0,1,1,0,0,0,0,1,1,1,1,0,0,1,0,1,1,1,1,1,0,0,0,0,1,0,0,1,0,1,0,0,1,0,0,0,0,1,0,0,1,0
1,1,0,1,1,1,1,0,0,0,1,0,1,1,0,1,1,1,1,0,0,1,1,1,0,1,1,1,1,1,1,0,0,1,0,0,0,1,1,1,0,1,0,1,1,1,0,1,1,1,1,1,0,1,1,0,0,1,1,1,1,1,0,1,1,1,0,1,1,0,1,1,1,0,1,1,0,1,0,1,1,1,1,1,0,1,0,1,1,1,1,1,0,0,1,0,1,1,0,1,0,1,0,1,1,1,1,1,1,1,1,1,1,1,0,1,1,1,1,0,0,1,0,1,0,0,1,1,1,0,1,1,1,0,0,1,1,0,1,1,0,0,0,1,1,1,1,1,1,0,0,0,0,1,0,1,0,0,0,1,1,0,0,1,0,1,0,0,1,0,1,1,1,1,0,1,1,1,0,0,1,1,0,0,0,0,1,1,1,1,0,0,1,0,1,1,1,1,1,0,0,0,0,1,0,0,1,0,1,0,0,1,0,0,0,0,1,0,0,1,0
1,1,0,1,1,1,1,0,0,0,1,0,1,1,0,1,1,1,1,0,0,1,1,1,0,1,1,1,1,1,1,0,0,1,0,0,0,1,1,1,0,1,0,1,1,1,0,1,1,1,1,1,0,1,1,0,0,1,1,1,1,1,0,1,1,1,0,1,1,0,1,1,1,0,1,1,0,1,0,1,1,1,1,1,0,1,0,1,1,1,1,1,0,0,1,0,1,1,0,1,0,1,0,1,1,1,1,1,1,1,1,1,1,1,0,1,1,1,1,0,0,1,0,1,0,0,1,1,1,0,1,1,1,0,0,1,1,0,1,1,0,0,0,1,1,1,1,1,1,0,0,0,0,1,0,1,0,0,0,1,1,0,0,1,0,1,0,0,1,0,1,1,1,1,0,1,1,1,0,0,1,1,0,0,0,0,1,1,1,1,0,0,1,0,1,1,1,1,1,0,0,0,0,1,0,0,1,0,1,0,0,1,0,0,0,0,1,0,0,1,0
1,1,1,1,1,1,1,0,0,0,1,0,1,1,0,1,1,1,1,0,0,1,1,1,0,1,1,1,1,1,1,0,0,1,0,0,0,1,1,1,0,1,0,1,1,1,0,1,1,1,1,1,0,1,1,0,0,1,1,1,1,1,0,1,1,1,0,1,1,0,1,1,1,0,1,1,0,1,0,1,1,1,1,1,0,1,0,1,1,1,1,1,0,0,1,0,1,1,0,1,0,1,0,1,1,1,1,1,1,1,1,1,1,1,0,1,1,1,1,0,0,1,0,1,0,0,1,1,1,0,1,1,1,0,0,1,1,0,1,1,0,0,0,1,1,1,1,1,1,0,0,0,0,1,0,1,0,0,0,1,1,0,0,1,0,1,0,0,1,0,1,1,1,1,0,1,1,1,0,0,1,1,0,0,0,0,1,1,1,1,0,0,1,0,1,1,1,1,1,0,0,0,0,1,0,0,1,0,1,0,0,1,0,0,0,0,1,0,0,1,0
0,1,0,1,1,1,0,0,0,1,1,0,1,1,0,1,1,1,1,0,0,1,1,1,0,1,1,1,1,1,1,0,1,1,0,0,0,1,1,0,1,1,0,1,1,1,1,1,0,1,1,0,0,1,1,0,0,0,0,1,1,1,0,1,1,1,0,1,0,0,1,1,1,0,1,1,0,1,0,1,1,1,1,1,0,1,0,1,1,1,0,1,0,0,1,0,1,0,1,1,1,1,0,1,1,1,1,1,1,1,1,1,0,0,0,1,1,0,1,1,0,1,0,0,0,0,1,0,0,0,1,1,1,0,0,1,0,1,1,0,0,0,1,1,1,0,0,1,1,0,0,0,0,0,0,1,0,0,0,0,1,0,0,1,0,0,0,0,0,0,1,1,1,0,0,0,1,1,0,0,1,0,0,0,0,0,0,0,1,0,0,0,1,0,1,1,1,0,0,0,0,0,0,1,0,0,1,0,0,0,0,1,0,0,0,0,0,0,0,1,0
1,1,1,1,1,1,1,0,0,0,1,0,1,1,0,1,1,1,1,0,0,1,1,1,0,1,1,1,1,1,1,0,0,1,0,0,0,1,1,1,0,1,0,1,1,1,0,1,1,1,1,1,0,1,1,0,0,1,1,1,1,1,0,1,1,1,0,1,1,0,1,1,1,0,1,1,0,1,0,1,1,1,1,1,0,1,0,1,1,1,1,1,0,0,1,0,1,1,0,1,0,1,0,1,1,1,1,1,1,1,1,1,1,1,0,1,1,1,1,0,0,1,0,1,0,0,1,1,1,0,1,1,1,0,0,1,1,0,1,1,0,0,0,1,1,1,1,1,1,0,0,0,0,1,0,1,0,0,0,1,1,0,0,1,0,1,0,0,1,0,1,1,1,1,0,1,1,1,0,0,1,1,0,0,0,0,1,1,1,1,0,0,1,0,1,1,1,1,1,0,0,0,0,1,0,0,1,0,1,0,0,1,0,0,0,0,1,0,0,1,0
0,1,0,1,1,1,0,0,0,1,1,0,1,1,0,1,1,1,1,0,0,1,1,1,0,1,1,1,1,1,1,0,1,1,0,0,0,1,1,0,1,1,0,1,1,1,1,1,0,1,1,0,0,1,1,0,0,0,0,1,1,1,0,1,1,1,0,1,0,0,1,1,1,0,1,1,0,1,0,1,1,1,1,1,0,1,0,1,1,1,0,1,0,0,1,0,1,0,1,1,1,1,0,1,1,1,1,1,1,1,1,1,0,0,0,1,1,0,1,1,0,1,0,0,0,0,1,0,0,0,1,1,1,0,0,1,0,1,1,0,0,0,1,1,1,0,0,1,1,0,0,0,0,0,0,1,0,0,0,0,1,0,0,1,0,0,0,0,0,0,1,1,1,0,0,0,1,1,0,0,1,0,0,0,0,0,0,0,1,0,0,0,1,0,1,1,1,0,0,0,0,0,0,1,0,0,1,0,0,0,0,1,0,0,0,0,0,0,0,1,0
1,1,0,1,1,1,0,0,0,1,1,0,1,1,0,1,1,1,1,0,0,1,1,1,0,1,1,1,1,1,1,0,1,1,0,0,0,1,1,0,1,1,0,1,1,1,1,1,0,1,1,0,0,1,1,0,0,0,0,1,1,1,0,1,1,1,0,1,0,0,1,1,1,0,1,1,0,1,0,1,1,1,1,1,0,1,0,1,1,1,0,1,0,0,1,0,1,0,1,1,1,1,0,1,1,1,1,1,1,1,1,1,0,0,0,1,1,0,1,1,0,1,0,0,0,0,1,0,0,0,1,1,1,0,0,1,0,1,1,0,0,0,1,1,1,0,0,1,1,0,0,0,0,0,0,1,0,0,0,0,1,0,0,1,0,0,0,0,0,0,1,1,1,0,0,0,1,1,0,0,1,0,0,0,0,0,0,0,1,0,0,0,1,0,1,1,1,0,0,0,0,0,0,1,0,0,1,0,0,0,0,1,0,0,0,0,0,0,0,1,0
1,1,0,1,1,1,0,0,0,1,1,0,1,1,0,1,1,1,1,0,0,1,1,1,0,1,1,1,1,1,1,0,1,1,0,0,0,1,1,0,1,1,0,1,1,1,1,1,0,1,1,0,0,1,1,0,0,0,0,1,1,1,0,1,1,1,0,1,0,0,1,1,1,0,1,1,0,1,0,1,1,1,1,1,0,1,0,1,1,1,0,1,0,0,1,0,1,0,1,1,1,1,0,1,1,1,1,1,1,1,1,1,0,0,0,1,1,0,1,1,0,1,0,0,0,0,1,0,0,0,1,1,1,0,0,1,0,1,1,0,0,0,1,1,1,0,0,1,1,0,0,0,0,0,0,1,0,0,0,0,1,0,0,1,0,0,0,0,0,0,1,1,1,0,0,0,1,1,0,0,1,0,0,0,0,0,0,0,1,0,0,0,1,0,1,1,1,0,0,0,0,0,0,1,0,0,1,0,0,0,0,1,0,0,0,0,0,0,0,1,0
1,1,0,1,1,1,0,0,0,1,1,0,1,1,0,1,1,1,1,0,0,1,1,1,0,1,1,1,1,1,1,0,1,1,0,0,0,1,1,0,1,1,0,1,1,1,1,1,0,1,1,0,0,1,1,0,0,0,0,1,1,1,0,1,1,1,0,1,0,0,1,1,1,0,1,1,0,1,0,1,1,1,1,1,0,1,0,1,1,1,0,1,0,0,1,0,1,0,1,1,1,1,0,1,1,1,1,1,1,1,1,1,0,0,0,1,1,0,1,1,0,1,0,0,0,0,1,0,0,0,1,1,1,0,0,1,0,1,1,0,0,0,1,1,1,0,0,1,1,0,0,0,0,0,0,1,0,0,0,0,1,0,0,1,0,0,0,0,0,0,1,1,1,0,0,0,1,1,0,0,1,0,0,0,0,0,0,0,1,0,0,0,1,0,1,1,1,0,0,0,0,0,0,1,0,0,1,0,0,0,0,1,0,0,0,0,0,0,0,1,0
1,1,0,1,1,1,0,0,0,1,1,0,1,1,0,1,1,1,1,0,0,1,1,1,0,1,1,1,1,1,1,0,1,1,0,0,0,1,1,0,1,1,0,1,1,1,1,1,0,1,1,0,0,1,1,0,0,0,0,1,1,1,0,1,1,1,0,1,0,0,1,1,1,0,1,1,0,1,0,1,1,1,1,1,0,1,0,1,1,1,0,1,0,0,1,0,1,0,1,1,1,1,0,1,1,1,1,1,1,1,1,1,0,0,0,1,1,0,1,1,0,1,0,0,0,0,1,0,0,0,1,1,1,0,0,1,0,1,1,0,0,0,1,1,1,0,0,1,1,0,0,0,0,0,0,1,0,0,0,0,1,0,0,1,0,0,0,0,0,0,1,1,1,0,0,0,1,1,0,0,1,0,0,0,0,0,0,0,1,0,0,0,1,0,1,1,1,0,0,0,0,0,0,1,0,0,1,0,0,0,0,1,0,0,0,0,0,0,0,1,0
1,1,1,1,1,1,0,0,0,1,1,0,1,1,0,1,1,1,1,0,0,1,1,1,0,1,1,1,1,1,1,0,1,1,0,0,0,1,1,0,1,1,0,1,1,1,1,1,0,1,1,0,0,1,1,0,0,0,0,1,1,1,0,1,1,1,0,1,0,0,1,1,1,0,1,1,0,1,0,1,1,1,1,1,0,1,0,1,1,1,0,1,0,0,1,0,1,0,1,1,1,1,0,1,1,1,1,1,1,1,1,1,0,0,0,1,1,0,1,1,0,1,0,0,0,0,1,0,0,0,1,1,1,0,0,1,0,1,1,0,0,0,1,1,1,0,0,1,1,0,0,0,0,0,0,1,0,0,0,0,1,0,0,1,0,0,0,0,0,0,1,1,1,0,0,0,1,1,0,0,1,0,0,0,0,0,0,0,1,0,0,0,1,0,1,1,1,0,0,0,0,0,0,1,0,0,1,0,0,0,0,1,0,0,0,0,0,0,0,1,0
0,1,0,1,1,1,0,0,0,0,1,0,1,1,0,1,1,1,1,0,0,1,1,1,0,1,1,1,1,1,1,0,0,1,0,0,0,1,1,0,0,1,0,1,1,1,0,1,0,1,1,0,0,1,1,0,0,0,0,1,1,1,0,1,1,1,0,1,0,0,1,1,1,0,1,1,0,1,0,1,1,1,1,1,0,1,0,1,1,1,0,1,0,0,1,0,1,0,0,1,0,1,0,1,1,1,1,1,1,1,1,1,0,0,0,1,1,0,1,0,0,1,0,0,0,0,1,0,0,0,1,1,1,0,0,1,0,0,1,0,0,0,0,1,1,0,0,1,1,0,0,0,0,0,0,1,0,0,0,0,1,0,0,1,0,0,0,0,0,0,1,1,1,0,0,0,1,1,0,0,1,0,0,0,0,0,0,0,1,0,0,0,1,0,1,1,1,0,0,0,0,0,0,1,0,0,1,0,0,0,0,1,0,0,0,0,0,0,0,1,0
0,1,0,1,1,1,0,0,0,0,1,0,1,1,0,1,1,1,1,0,0,1,1,1,0,1,1,1,1,1,1,0,0,1,0,0,0,1,1,0,0,1,0,1,1,1,0,1,0,1,1,0,0,1,1,0,0,0,0,1,1,1,0,1,1,1,0,1,0,0,1,1,1,0,1,1,0,1,0,1,1,1,1,1,0,1,0,1,1,1,0,1,0,0,1,0,1,0,0,1,0,1,0,1,1,1,1,1,1,1,1,1,0,0,0,1,1,0,1,0,0,1,0,0,0,0,1,0,0,0,1,1,1,0,0,1,0,0,1,0,0,0,0,1,1,0,0,1,1,0,0,0,0,0,0,1,0,0,0,0,1,0,0,1,0,0,0,0,0,0,1,1,1,0,0,0,1,1,0,0,1,0,0,0,0,0,0,0,1,0,0,0,1,0,1,1,1,0,0,0,0,0,0,1,0,0,1,0,0,0,0,1,0,0,0,0,0,0,0,1,0
1,1,0,1,1,1,0,0,0,0,1,0,1,1,0,1,1,1,1,0,0,1,1,1,0,1,1,1,1,1,1,0,0,1,0,0,0,1,1,0,0,1,0,1,1,1,0,1,0,1,1,0,0,1,1,0,0,0,0,1,1,1,0,1,1,1,0,1,0,0,1,1,1,0,1,1,0,1,0,1,1,1,1,1,0,1,0,1,1,1,0,1,0,0,1,0,1,0,0,1,0,1,0,1,1,1,1,1,1,1,1,1,0,0,0,1,1,0,1,0,0,1,0,0,0,0,1,0,0,0,1,1,1,0,0,1,0,0,1,0,0,0,0,1,1,0,0,1,1,0,0,0,0,0,0,1,0,0,0,0,1,0,0,1,0,0,0,0,0,0,1,1,1,0,0,0,1,1,0,0,1,0,0,0,0,0,0,0,1,0,0,0,1,0,1,1,1,0,0,0,0,0,0,1,0,0,1,0,0,0,0,1,0,0,0,0,0,0,0,1,0
1,1,0,1,1,1,0,0,0,0,1,0,1,1,0,1,1,1,1,0,0,1,1,1,0,1,1,1,1,1,1,0,0,1,0,0,0,1,1,0,0,1,0,1,1,1,0,1,0,1,1,0,0,1,1,0,0,0,0,1,1,1,0,1,1,1,0,1,0,0,1,1,1,0,1,1,0,1,0,1,1,1,1,1,0,1,0,1,1,1,0,1,0,0,1,0,1,0,0,1,0,1,0,1,1,1,1,1,1,1,1,1,0,0,0,1,1,0,1,0,0,1,0,0,0,0,1,0,0,0,1,1,1,0,0,1,0,0,1,0,0,0,0,1,1,0,0,1,1,0,0,0,0,0,0,1,0,0,0,0,1,0,0,1,0,0,0,0,0,0,1,1,1,0,0,0,1,1,0,0,1,0,0,0,0,0,0,0,1,0,0,0,1,0,1,1,1,0,0,0,0,0,0,1,0,0,1,0,0,0,0,1,0,0,0,0,0,0,0,1,0
1,1,0,1,1,1,0,0,0,0,1,0,1,1,0,1,1,1,1,0,0,1,1,1,0,1,1,1,1,1,1,0,0,1,0,0,0,1,1,0,0,1,0,1,1,1,0,1,0,1,1,0,0,1,1,0,0,0,0,1,1,1,0,1,1,1,0,1,0,0,1,1,1,0,1,1,0,1,0,1,1,1,1,1,0,1,0,1,1,1,0,1,0,0,1,0,1,0,0,1,0,1,0,1,1,1,1,1,1,1,1,1,0,0,0,1,1,0,1,0,0,1,0,0,0,0,1,0,0,0,1,1,1,0,0,1,0,0,1,0,0,0,0,1,1,0,0,1,1,0,0,0,0,0,0,1,0,0,0,0,1,0,0,1,0,0,0,0,0,0,1,1,1,0,0,0,1,1,0,0,1,0,0,0,0,0,0,0,1,0,0,0,1,0,1,1,1,0,0,0,0,0,0,1,0,0,1,0,0,0,0,1,0,0,0,0,0,0,0,1,0
1,1,0,1,1,1,0,0,0,0,1,0,1,1,0,1,1,1,1,0,0,1,1,1,0,1,1,1,1,1,1,0,0,1,0,0,0,1,1,0,0,1,0,1,1,1,0,1,0,1,1,0,0,1,1,0,0,0,0,1,1,1,0,1,1,1,0,1,0,0,1,1,1,0,1,1,0,1,0,1,1,1,1,1,0,1,0,1,1,1,0,1,0,0,1,0,1,0,0,1,0,1,0,1,1,1,1,1,1,1,1,1,0,0,0,1,1,0,1,0,0,1,0,0,0,0,1,0,0,0,1,1,1,0,0,1,0,0,1,0,0,0,0,1,1,0,0,1,1,0,0,0,0,0,0,1,0,0,0,0,1,0,0,1,0,0,0,0,0,0,1,1,1,0,0,0,1,1,0,0,1,0,0,0,0,0,0,0,1,0,0,0,1,0,1,1,1,0,0,0,0,0,0,1,0,0,1,0,0,0,0,1,0,0,0,0,0,0,0,1,0
1,1,1,1,1,1,0,0,0,0,1,0,1,1,0,1,1,1,1,0,0,1,1,1,0,1,1,1,1,1,1,0,0,1,0,0,0,1,1,0,0,1,0,1,1,1,0,1,0,1,1,0,0,1,1,0,0,0,0,1,1,1,0,1,1,1,0,1,0,0,1,1,1,0,1,1,0,1,0,1,1,1,1,1,0,1,0,1,1,1,0,1,0,0,1,0,1,0,0,1,0,1,0,1,1,1,1,1,1,1,1,1,0,0,0,1,1,0,1,0,0,1,0,0,0,0,1,0,0,0,1,1,1,0,0,1,0,0,1,0,0,0,0,1,1,0,0,1,1,0,0,0,0,0,0,1,0,0,0,0,1,0,0,1,0,0,0,0,0,0,1,1,1,0,0,0,1,1,0,0,1,0,0,0,0,0,0,0,1,0,0,0,1,0,1,1,1,0,0,0,0,0,0,1,0,0,1,0,0,0,0,1,0,0,0,0,0,0,0,1,0
0,1,0,1,1,0,0,0,0,0,1,0,1,1,0,1,1,1,1,0,0,1,1,1,0,1,1,0,1,1,0,0,0,0,0,0,0,1,1,0,0,1,0,0,1,1,0,1,0,0,0,0,0,1,1,0,0,0,0,1,1,1,1,0,0,1,0,1,0,0,1,0,1,0,0,1,0,0,0,1,0,0,0,1,0,0,0,1,1,1,0,1,0,0,0,0,1,0,0,1,0,1,0,0,1,0,1,0,0,1,1,1,0,0,0,1,1,0,1,0,0,1,0,0,0,0,1,0,0,0,1,1,0,0,0,1,0,0,1,0,0,0,0,1,0,0,0,1,1,0,0,0,0,0,0,0,0,0,0,0,1,0,0,1,0,0,0,0,0,0,0,0,0,0,0,0,1,1,0,0,1,0,0,0,0,0,0,0,0,0,0,0,0,0,0,1,1,0,0,0,0,0,0,0,0,0,1,0,0,1,0,1,0,0,0,0,0,1,0,1,0
0,1,0,1,0,0,0,0,0,0,1,0,1,1,0,0,0,1,1,0,0,0,0,0,0,1,1,0,1,0,0,0,0,1,0,0,0,0,1,0,0,1,0,0,1,1,0,1,0,0,0,0,0,1,1,0,0,0,0,1,1,1,1,1,1,1,0,1,0,0,1,0,1,0,0,1,0,0,0,1,0,0,0,1,0,0,0,1,1,1,0,1,0,0,0,0,1,0,0,1,0,1,0,0,1,0,1,0,0,1,1,1,0,0,0,1,1,0,1,0,0,1,0,0,0,0,0,0,0,0,1,1,0,0,0,1,0,0,1,0,0,0,0,1,0,0,0,1,0,0,0,0,0,0,0,0,0,0,0,0,1,0,0,1,0,0,0,0,0,0,1,0,0,0,0,0,1,1,0,0,1,0,0,0,0,0,0,0,0,0,0,0,0,0,0,1,1,0,0,0,0,0,0,0,0,0,1,0,0,0,0,1,0,0,0,0,0,0,0,1,0
0,1,0,1,0,1,1,0,0,1,1,0,1,1,1,0,0,1,1,0,0,0,0,0,0,1,1,0,1,0,1,0,1,0,0,0,0,0,1,0,1,1,1,1,1,1,1,1,1,0,0,0,0,1,1,0,0,1,0,1,1,1,1,0,0,1,0,0,1,0,1,1,1,0,0,1,0,1,0,1,1,0,0,1,0,1,0,1,1,0,1,0,0,0,0,1,1,1,1,1,1,0,0,0,1,0,1,1,0,1,1,1,1,0,0,1,1,1,1,1,1,1,0,1,1,0,0,1,1,0,1,0,1,0,0,1,1,1,1,1,0,1,1,1,1,1,1,1,0,1,1,1,0,1,1,1,0,1,0,1,1,0,1,1,0,1,1,0,1,0,0,1,0,1,0,1,1,1,1,0,1,1,0,1,1,0,1,0,1,1,0,0,1,0,0,0,0,1,0,0,0,0,0,1,0,0,0,0,0,0,0,1,0,0,0,0,0,0,0,1,0
0,1,0,1,0,1,1,0,0,1,1,0,1,1,0,1,1,1,1,0,0,1,0,0,0,1,1,0,1,0,1,0,1,0,0,0,0,0,1,0,1,1,1,1,1,1,1,1,1,0,0,0,0,1,1,0,0,1,0,1,1,1,1,0,0,1,0,0,1,0,1,1,1,0,0,1,0,1,0,1,1,0,0,1,0,1,0,1,1,0,1,0,0,0,0,1,1,1,1,1,1,0,0,0,1,0,1,1,0,1,1,1,1,0,0,1,1,1,1,1,1,1,0,1,0,0,0,1,1,0,1,0,1,0,0,1,1,1,1,1,0,1,1,1,1,1,1,1,0,1,1,0,0,1,1,1,0,1,0,1,1,0,1,1,0,1,1,0,1,0,0,1,0,1,0,1,1,1,0,0,1,1,0,1,1,0,1,0,1,1,0,0,1,0,0,0,0,1,0,0,0,0,0,1,0,0,0,0,0,0,0,1,0,0,0,0,0,0,0,1,0
0,1,0,1,0,1,1,0,0,0,1,0,1,1,1,0,0,1,1,0,0,0,0,0,0,1,1,0,1,0,1,0,0,0,0,0,0,0,1,0,0,1,1,1,1,1,0,1,1,0,0,0,0,1,1,0,0,1,0,1,1,1,1,0,0,1,0,0,1,0,1,1,1,0,0,1,0,1,0,1,1,0,0,1,0,1,0,1,1,0,1,0,0,0,0,1,1,1,0,1,0,0,0,0,1,0,1,1,0,1,1,1,1,0,0,1,1,1,1,0,1,1,0,1,1,0,0,1,1,0,1,0,1,0,0,1,1,0,1,1,0,1,0,1,1,1,1,1,0,1,1,1,0,1,1,1,0,1,0,1,1,0,1,1,0,1,1,0,1,0,0,1,0,1,0,1,1,1,1,0,1,1,0,1,1,0,1,0,1,1,0,0,1,0,0,0,0,1,0,0,0,0,0,1,0,0,0,0,0,0,0,1,0,0,0,0,0,0,0,1,0
0,1,0,1,0,1,1,0,0,1,1,0,1,1,0,1,1,1,1,0,0,1,0,0,0,1,1,0,1,0,1,0,1,0,0,0,0,0,1,0,1,1,1,1,1,1,1,1,1,0,0,0,0,1,1,0,0,1,0,1,1,1,1,0,0,1,0,0,1,0,1,1,1,0,0,1,0,1,0,1,1,0,0,1,0,1,0,1,1,0,1,0,0,0,0,1,1,1,1,1,1,0,0,0,1,0,1,1,0,1,1,1,1,0,0,1,1,1,1,1,1,1,0,1,0,0,0,1,1,0,1,0,1,0,0,1,1,1,1,1,0,1,1,1,1,1,1,1,0,1,1,0,0,1,1,1,0,1,0,1,1,0,1,1,0,1,1,0,1,0,0,1,0,1,0,1,1,1,0,0,1,1,0,1,1,0,1,0,1,1,0,0,1,0,0,0,0,1,0,0,0,0,0,1,0,0,0,0,0,0,0,1,0,0,0,0,0,0,0,1,0
0,1,0,1,0,1,1,0,0,1,1,0,1,1,1,0,0,1,1,0,0,0,0,0,0,1,1,0,1,0,1,0,1,0,0,0,0,0,1,0,1,1,1,1,1,1,1,1,1,0,0,0,0,1,1,0,0,1,0,1,1,1,1,0,0,1,0,0,1,0,1,1,1,0,0,1,0,1,0,1,1,0,0,1,0,1,0,1,1,0,1,0,0,0,0,1,1,1,1,1,1,0,0,0,1,0,1,1,0,1,1,1,1,0,0,1,1,1,1,1,1,1,0,1,1,0,0,1,1,0,1,0,1,0,0,1,1,1,1,1,0,1,1,1,1,1,1,1,0,1,1,1,0,1,1,1,0,1,0,1,1,0,1,1,0,1,1,0,1,0,0,1,0,1,0,1,1,1,1,0,1,1,0,1,1,0,1,0,1,1,0,0,1,0,0,0,0,1,0,0,0,0,0,1,0,0,0,0,0,0,0,1,0,0,0,0,0,0,0,1,0
0,1,0,1,0,1,1,0,0,1,1,0,1,1,0,1,1,1,1,0,0,1,0,0,0,1,1,0,1,0,1,0,1,0,0,0,0,0,1,0,1,1,1,1,1,1,1,1,1,0,0,0,0,1,1,0,0,1,0,1,1,1,1,0,0,1,0,0,1,0,1,1,1,0,0,1,0,1,0,1,1,0,0,1,0,1,0,1,1,0,1,0,0,0,0,1,1,1,1,1,1,0,0,0,1,0,1,1,0,1,1,1,1,0,0,1,1,1,1,1,1,1,0,1,1,0,0,1,1,0,1,0,1,0,0,1,1,1,1,1,0,1,1,1,1,1,1,1,0,1,1,1,0,1,1,1,0,1,0,1,1,0,1,1,0,1,1,0,1,0,0,1,0,1,0,1,1,1,1,0,1,1,0,1,1,0,1,0,1,1,0,0,1,0,0,0,0,1,0,0,0,0,0,1,0,0,0,0,0,0,0,1,0,0,0,0,0,0,0,1,0
0,1,0,1,0,1,1,0,0,1,1,0,1,1,0,1,1,1,1,0,0,1,0,0,0,1,1,0,1,0,1,0,1,0,0,0,0,0,1,0,1,1,1,1,1,1,1,1,1,0,0,0,0,1,1,0,0,1,0,1,1,1,1,0,0,1,0,0,1,0,1,1,1,0,0,1,0,1,0,1,1,0,0,1,0,1,0,1,1,0,1,0,0,0,0,1,1,1,1,1,1,0,0,0,1,0,1,1,0,1,1,1,1,0,0,1,1,1,1,1,1,1,0,1,0,0,0,1,1,0,1,0,1,0,0,1,1,1,1,1,0,1,1,1,1,1,1,1,0,1,1,0,0,1,1,1,0,1,0,1,1,0,1,1,0,1,1,0,1,0,0,1,0,1,0,1,1,1,0,0,1,1,0,1,1,0,1,0,1,1,0,0,1,0,0,0,0,1,0,0,0,0,0,1,0,0,0,0,0,0,0,1,0,0,0,0,0,0,0,1,0
0,1,0,1,0,1,1,0,0,0,1,0,1,1,0,1,1,1,1,0,0,1,0,0,0,1,1,0,1,0,1,0,0,0,0,0,0,0,1,0,0,1,1,1,1,1,0,1,1,0,0,0,0,1,1,0,0,1,0,1,1,1,1,0,0,1,0,0,1,0,1,1,1,0,0,1,0,1,0,1,1,0,0,1,0,1,0,1,1,0,1,0,0,0,0,1,1,1,0,1,0,0,0,0,1,0,1,1,0,1,1,1,1,0,0,1,1,1,1,0,1,1,0,1,1,0,0,1,1,0,1,0,1,0,0,1,1,0,1,1,0,1,0,1,1,1,1,1,0,1,1,1,0,1,1,1,0,1,0,1,1,0,1,1,0,1,1,0,1,0,0,1,0,1,0,1,1,1,1,0,1,1,0,1,0,0,1,0,1,1,0,0,1,0,0,0,0,1,0,0,0,0,0,1,0,0,0,0,0,0,0,1,0,0,0,0,0,0,0,1,0
0,1,0,1,0,1,1,0,0,0,1,0,1,1,0,1,1,1,1,0,0,1,0,0,0,1,1,0,1,0,1,0,0,0,0,0,0,0,1,0,0,1,1,1,1,1,0,1,1,0,0,1,0,1,1,0,0,1,0,1,1,1,1,0,0,1,0,0,1,0,1,1,1,0,0,1,0,1,0,1,1,0,0,1,0,1,0,1,1,0,1,0,0,0,0,1,1,1,0,1,0,0,0,0,1,0,1,1,0,1,1,1,1,0,0,1,1,1,1,0,1,1,0,1,1,0,0,1,1,0,1,0,1,0,0,1,1,0,1,1,0,1,0,1,1,1,1,1,0,1,1,1,0,1,1,1,0,1,0,1,1,0,1,1,0,1,1,0,1,0,0,1,0,1,0,1,1,1,1,0,1,1,0,1,0,0,1,0,1,1,0,0,1,0,0,1,1,1,0,0,0,0,0,1,0,0,1,0,0,1,0,1,0,1,0,1,0,1,0,1,0
0,1,0,1,0,1,1,0,0,0,1,0,1,1,1,0,0,1,1,0,0,1,1,0,0,1,1,0,1,1,1,0,0,0,0,0,0,0,1,1,0,1,1,1,1,1,0,1,1,0,0,0,0,1,1,0,0,1,1,1,1,1,1,0,0,1,0,0,1,0,1,1,1,0,0,1,0,1,0,1,1,0,0,1,0,1,0,1,1,0,1,0,0,0,0,1,1,1,0,1,0,0,0,0,1,0,1,1,0,1,1,1,1,1,0,1,1,1,1,0,1,1,0,1,1,0,0,1,1,0,1,0,1,0,1,1,1,0,1,1,0,1,0,1,1,1,1,1,0,1,1,1,0,1,1,1,0,1,1,1,1,0,1,1,0,1,1,0,1,1,0,1,0,1,0,1,1,1,1,0,1,1,0,1,1,0,1,0,1,1,0,0,1,0,0,0,0,1,0,0,0,0,0,1,0,0,0,0,0,0,1,1,0,0,0,0,0,0,1,1,0
0,1,0,1,0,1,1,0,0,0,1,0,1,1,0,1,1,1,1,0,0,1,1,1,0,1,1,0,1,1,1,0,0,0,0,0,0,0,1,1,0,1,1,1,1,1,0,1,1,0,0,0,0,1,1,0,0,1,1,1,1,1,1,0,0,1,0,0,1,0,1,1,1,0,0,1,0,1,0,1,1,0,0,1,0,1,0,1,1,0,1,0,0,0,0,1,1,1,0,1,0,0,0,0,1,0,1,1,0,1,1,1,1,1,0,1,1,1,1,0,1,1,0,1,0,0,0,1,1,0,1,0,1,0,1,1,1,0,1,1,0,1,0,1,1,1,1,1,0,1,1,0,0,1,1,1,0,1,1,1,1,0,1,1,0,1,1,0,1,1,0,1,0,1,0,1,1,1,0,0,1,1,0,1,1,0,1,0,1,1,0,0,1,0,0,0,0,1,0,0,0,0,0,1,0,0,0,0,0,0,1,1,0,0,0,0,0,0,1,1,0
0,1,0,1,0,1,1,1,0,0,1,0,1,1,1,0,0,1,1,0,0,0,0,0,0,1,1,0,1,0,1,0,0,0,0,0,0,0,1,1,0,1,1,1,1,1,0,1,1,0,0,1,0,1,1,0,0,1,1,1,1,1,1,0,0,1,0,0,1,0,1,1,1,0,0,1,0,1,0,1,1,0,0,1,0,1,0,1,1,0,1,0,0,0,0,1,1,1,0,1,0,0,0,0,1,0,1,1,0,1,1,1,1,1,1,1,1,1,1,0,1,1,0,1,1,1,0,1,1,1,1,0,1,0,0,1,1,0,1,1,0,1,0,1,1,1,1,1,0,1,1,1,0,1,1,1,0,1,0,1,1,1,1,1,0,1,1,1,1,0,0,1,0,1,0,1,1,1,1,1,1,1,0,1,1,0,1,1,1,1,1,1,1,1,0,0,0,1,1,1,1,1,0,1,1,0,0,1,1,0,0,1,1,0,1,0,1,0,0,1,1
0,1,0,1,0,1,1,0,0,0,1,0,1,1,1,0,0,1,1,0,0,1,1,0,0,1,1,0,1,1,1,0,0,0,0,0,0,0,1,0,0,1,1,1,1,1,0,1,1,0,0,0,0,1,1,0,0,1,0,1,1,1,1,0,0,1,0,0,1,0,1,1,1,0,0,1,0,1,0,1,1,0,0,1,0,1,0,1,1,0,1,0,0,0,0,1,1,1,0,1,0,0,0,0,1,0,1,1,0,1,1,1,1,0,0,1,1,1,1,0,1,1,0,1,0,0,0,1,1,0,1,0,1,0,0,1,1,0,1,1,0,1,0,1,1,1,1,1,0,1,1,0,0,1,1,1,0,1,0,1,1,0,1,1,0,1,1,0,1,0,0,1,0,1,0,1,1,1,0,0,1,1,0,1,1,0,1,0,1,1,0,0,1,0,0,1,1,1,0,0,0,0,0,1,0,0,1,0,0,1,0,1,0,0,0,1,0,1,0,1,0
0,1,0,1,0,1,1,0,0,0,1,0,1,1,0,1,1,1,1,0,0,1,1,1,0,1,1,0,1,1,1,0,0,0,0,0,0,0,1,0,0,1,1,1,1,1,0,1,1,0,0,0,0,1,1,0,0,1,0,1,1,1,1,0,0,1,0,0,1,0,1,1,1,0,0,1,0,1,0,1,1,0,0,1,0,1,0,1,1,0,1,0,0,0,0,1,1,1,0,1,0,0,0,0,1,0,1,1,0,1,1,1,1,0,0,1,1,1,1,0,1,1,0,1,1,0,0,1,1,0,1,0,1,0,0,1,1,0,1,1,0,1,0,1,1,1,1,1,0,1,1,1,0,1,1,1,0,1,0,1,1,0,1,1,0,1,1,0,1,0,0,1,0,1,0,1,1,1,1,0,1,1,0,1,1,0,1,0,1,1,0,0,1,0,0,1,1,1,0,0,0,0,0,1,0,0,1,0,0,1,0,1,0,0,0,1,0,1,0,1,0
0,1,0,1,0,1,1,0,0,0,1,0,1,1,0,1,1,1,1,0,0,1,1,1,0,1,1,0,1,1,1,0,0,0,0,0,0,0,1,0,0,1,1,1,1,1,0,1,1,0,0,0,0,1,1,0,0,1,0,1,1,1,1,0,0,1,0,0,1,0,1,1,1,0,0,1,0,1,0,1,1,0,0,1,0,1,0,1,1,0,1,0,0,0,0,1,1,1,0,1,0,0,0,0,1,0,1,1,0,1,1,1,1,0,0,1,1,1,1,0,1,1,0,1,0,0,0,1,1,0,1,0,1,0,0,1,1,0,1,1,0,1,0,1,1,1,1,1,0,1,1,0,0,1,1,1,0,1,0,1,1,0,1,1,0,1,1,0,1,0,0,1,0,1,0,1,1,1,0,0,1,1,0,1,1,0,1,0,1,1,0,0,1,0,0,1,1,1,0,0,0,0,0,1,0,0,1,0,0,1,0,1,0,0,0,1,0,1,0,1,0
0,1,0,1,0,1,1,0,0,0,1,0,1,1,0,1,1,1,1,0,0,1,1,1,0,1,1,0,1,1,1,0,0,0,0,0,0,0,1,0,0,1,1,1,1,1,0,1,1,0,0,0,0,1,1,0,0,1,0,1,1,1,1,0,0,1,0,0,1,0,1,1,1,0,0,1,0,1,0,1,1,0,0,1,0,1,0,1,1,0,1,0,0,0,0,1,1,1,0,1,0,0,0,0,1,0,1,1,0,1,1,1,1,0,0,1,1,1,1,0,1,1,0,1,1,0,0,1,1,0,1,0,1,0,0,1,1,0,1,1,0,1,0,1,1,1,1,1,0,1,1,1,0,1,1,1,0,1,0,1,1,0,1,1,0,1,1,0,1,0,0,1,0,1,0,1,1,1,1,0,1,1,0,1,1,0,1,0,1,1,0,0,1,0,0,1,1,1,0,0,0,0,0,1,0,0,1,0,0,1,0,1,0,1,0,1,0,1,0,1,0
0,1,0,1,0,1,1,0,0,0,1,0,1,1,0,1,1,1,1,0,0,1,1,1,0,1,1,0,1,1,1,0,0,0,0,0,0,0,1,0,0,1,1,1,1,1,0,1,1,0,0,0,0,1,1,0,0,1,0,1,1,1,1,0,0,1,0,0,1,0,1,1,1,0,0,1,0,1,0,1,1,0,0,1,0,1,0,1,1,0,1,0,0,0,0,1,1,1,0,1,0,0,0,0,1,0,1,1,0,1,1,1,1,0,0,1,1,1,1,0,1,1,0,1,0,0,0,1,1,0,1,0,1,0,0,1,1,0,1,1,0,1,0,1,1,1,1,1,0,1,1,0,0,1,1,1,0,1,0,1,1,0,1,1,0,1,1,0,1,0,0,1,0,1,0,1,1,1,0,0,1,1,0,1,1,0,1,0,1,1,0,0,1,0,0,1,1,1,0,0,0,0,0,1,0,0,1,0,0,1,0,1,0,1,0,1,0,1,0,1,0
0,1,0,1,0,1,1,0,0,1,1,0,1,1,0,1,1,1,1,0,0,1,0,0,0,1,1,0,1,0,1,0,1,0,0,0,0,0,1,0,1,1,1,1,1,1,1,1,1,0,0,0,0,1,1,0,0,1,0,1,1,1,1,0,0,1,0,0,1,0,1,1,1,0,0,1,0,1,0,1,1,0,0,1,0,1,0,1,1,0,1,0,0,0,0,0,1,1,1,1,1,0,0,0,1,0,1,1,0,1,1,1,1,0,0,1,1,1,1,1,0,1,0,1,0,0,0,1,1,0,1,0,1,0,0,1,1,1,1,1,0,1,1,1,1,1,1,1,0,1,1,0,0,1,1,1,0,0,0,1,1,0,1,1,0,1,1,0,1,0,0,1,0,1,0,1,1,1,0,0,1,1,0,0,0,0,1,0,1,1,0,0,1,0,0,1,0,1,0,0,0,0,0,1,0,0,0,0,0,0,0,1,0,0,0,0,0,0,0,1,0
0,1,0,1,0,1,1,0,0,0,1,0,1,1,1,0,0,1,1,0,0,0,0,0,0,1,1,0,1,0,1,0,0,0,0,0,0,0,1,1,0,1,1,1,1,1,0,1,1,0,0,1,0,1,1,0,0,1,1,1,1,1,1,0,0,1,0,0,1,0,1,1,1,0,0,1,0,1,0,1,1,0,0,1,0,1,0,1,1,0,1,0,0,0,0,0,1,1,0,1,0,0,0,0,1,0,1,1,0,1,1,1,1,1,0,1,1,1,1,0,0,1,0,1,1,0,0,1,1,0,1,0,1,0,0,1,1,0,1,1,0,1,0,1,1,1,1,1,0,1,1,1,0,1,1,1,0,0,0,1,1,0,1,1,0,1,1,0,1,0,0,1,0,1,0,1,1,1,1,0,1,1,0,0,0,0,1,0,1,1,0,0,1,0,0,1,0,1,0,0,0,0,0,1,0,0,0,1,0,0,0,1,0,0,1,0,0,0,0,1,0
0,1,0,1,0,1,1,0,0,0,1,0,1,1,0,1,1,1,1,0,0,1,0,0,0,1,1,0,1,0,1,0,0,0,0,0,0,0,1,1,0,1,1,1,1,1,0,1,1,0,0,1,0,1,1,0,0,1,1,1,1,1,1,0,0,1,0,0,1,0,1,1,1,0,0,1,0,1,0,1,1,0,0,1,0,1,0,1,1,0,1,0,0,0,0,0,1,1,0,1,0,0,0,0,1,0,1,1,0,1,1,1,1,1,0,1,1,1,1,0,0,1,0,1,0,0,0,1,1,0,1,0,1,0,0,1,1,0,1,1,0,1,0,1,1,1,1,1,0,1,1,0,0,1,1,1,0,0,0,1,1,0,1,1,0,1,1,0,1,0,0,1,0,1,0,1,1,1,0,0,1,1,0,0,0,0,1,0,1,1,0,0,1,0,0,1,0,1,0,0,0,0,0,1,0,0,0,1,0,0,0,1,0,0,1,0,0,0,0,1,0
0,0,0,1,0,1,1,1,0,0,0,0,0,0,0,1,1,1,0,0,1,1,0,0,0,1,1,0,0,0,1,0,0,1,0,0,0,0,1,1,0,1,1,1,0,0,0,1,1,0,0,0,0,1,1,0,1,1,1,0,0,0,1,1,1,0,0,0,1,0,0,1,0,1,0,1,0,1,1,0,1,0,0,1,0,1,1,0,1,0,1,0,0,0,0,1,1,1,0,1,0,0,0,0,0,1,0,1,1,0,0,1,1,1,0,1,1,1,1,0,1,0,0,1,1,0,1,1,1,0,0,0,1,0,0,1,1,0,0,1,0,1,0,1,0,1,1,1,1,0,1,1,0,1,1,0,1,1,0,1,1,0,1,1,0,1,0,0,1,0,1,1,1,1,0,1,1,1,1,0,1,1,0,1,1,0,1,1,1,1,0,0,1,1,0,1,0,1,0,0,0,0,0,1,1,0,0,0,0,0,1,0,0,0,0,0,0,0,1,0,0
0,1,0,1,0,1,1,0,1,0,1,0,1,1,0,0,1,1,1,0,0,1,0,0,0,1,1,0,1,0,1,1,0,1,0,0,0,0,1,1,0,0,0,1,0,0,0,0,0,0,0,0,1,1,1,0,1,1,1,0,0,0,0,1,1,0,0,0,1,0,1,1,0,1,0,1,0,1,1,0,1,0,0,1,1,1,1,1,1,0,1,0,0,1,0,1,0,1,0,1,0,0,1,0,0,0,0,1,0,0,0,0,1,1,0,1,1,1,1,0,1,0,0,1,0,0,0,1,1,0,0,0,1,0,0,0,1,0,0,1,1,1,0,1,0,1,1,1,0,0,1,0,0,1,1,0,1,1,0,1,0,0,1,1,0,1,0,0,1,0,0,0,0,1,0,1,0,0,0,0,1,1,0,1,1,0,1,1,1,1,0,0,1,1,0,1,0,1,0,0,0,0,0,1,1,0,0,0,0,0,1,0,0,0,0,0,0,0,1,0,0
0,1,0,0,0,1,1,1,0,0,0,0,0,0,0,0,1,1,1,0,0,1,0,0,0,1,1,0,1,0,1,0,0,1,0,0,0,0,1,1,0,1,0,1,0,0,0,1,1,0,0,1,0,1,1,0,1,1,1,0,0,0,0,1,1,0,0,0,1,0,0,1,0,1,0,1,0,0,1,0,1,0,0,1,0,0,1,0,1,0,1,0,0,0,0,1,1,1,0,1,0,0,0,0,0,1,0,1,1,0,0,1,1,1,0,1,1,1,1,0,1,0,0,1,0,0,0,1,1,0,0,0,1,0,0,1,1,0,0,1,0,1,0,1,0,1,1,1,0,0,1,0,0,1,1,0,1,1,0,1,1,0,1,1,0,1,0,0,1,0,1,0,0,1,0,1,1,1,0,0,1,1,0,1,1,0,1,1,1,1,0,0,1,1,0,1,0,1,0,0,0,0,0,1,1,0,0,1,0,0,1,0,0,0,1,0,0,0,1,0,0
0,1,0,1,0,1,1,0,0,0,0,0,0,0,0,1,1,1,1,0,1,1,0,1,0,1,1,0,1,0,1,0,0,1,0,0,0,0,1,1,0,1,0,1,0,0,0,1,0,0,0,0,0,1,1,0,1,1,1,0,0,0,1,1,1,0,0,0,1,0,0,1,0,1,0,1,0,1,1,0,1,0,0,1,0,1,1,0,1,0,1,0,0,0,0,1,1,1,0,1,0,0,0,0,0,1,0,1,1,0,0,1,1,1,0,1,1,1,1,0,1,0,0,1,0,0,1,1,1,0,0,0,1,0,0,1,1,0,0,1,0,1,0,1,0,1,1,1,1,0,1,0,0,1,1,0,1,1,0,1,1,0,1,1,0,1,0,0,1,0,1,1,1,1,0,1,1,1,0,0,1,1,0,1,1,0,1,1,1,1,0,0,1,1,0,1,0,1,0,0,0,0,0,1,1,0,0,0,0,0,1,0,0,0,0,0,0,0,1,0,0
0,1,0,0,0,1,1,0,0,0,0,0,0,0,0,0,1,1,1,0,0,1,0,0,0,1,1,0,1,0,1,0,0,1,0,0,0,0,1,1,0,1,0,1,0,0,0,1,0,0,0,0,0,1,1,0,1,1,1,0,0,0,0,1,1,0,0,0,1,0,0,1,0,1,0,1,0,0,1,0,1,0,0,1,0,0,1,0,1,0,1,0,0,0,0,1,1,1,0,1,0,0,0,0,0,1,0,1,1,0,0,1,1,1,0,1,1,1,1,0,1,0,0,1,0,0,0,1,1,0,0,0,1,0,0,1,1,0,0,1,0,1,0,1,0,1,1,1,0,0,1,0,0,1,1,0,1,1,0,1,1,0,1,1,0,1,0,0,1,0,1,0,0,1,0,1,1,1,0,0,1,1,0,1,1,0,1,1,1,1,0,0,1,1,0,1,0,1,0,0,0,0,0,1,1,0,0,0,0,0,1,0,0,0,0,0,0,0,1,0,0
0,1,0,0,0,1,1,0,1,0,1,0,1,1,0,0,1,1,1,0,0,1,0,0,0,1,1,0,1,0,1,1,0,0,0,0,0,0,1,1,0,1,0,1,0,0,0,1,0,0,0,1,0,1,1,0,1,1,1,0,0,0,1,0,0,0,0,0,1,0,0,1,0,1,0,1,0,1,1,0,1,0,0,1,0,1,1,0,1,0,1,0,0,0,0,1,1,1,0,1,0,0,0,0,0,0,0,1,0,0,0,1,1,1,0,1,1,1,1,0,1,0,0,1,0,0,0,1,1,0,0,0,1,0,0,1,1,0,0,1,0,1,0,1,0,1,1,1,0,0,1,0,0,1,1,0,1,1,0,1,1,0,1,1,0,1,0,0,1,0,0,1,1,1,0,1,1,1,0,0,1,1,0,1,1,0,1,1,1,1,0,0,1,1,0,1,0,1,0,0,0,0,0,1,1,0,0,0,0,0,1,0,0,0,0,0,0,0,1,0,0
0,1,0,0,0,1,1,0,1,0,1,0,1,1,0,0,1,1,1,0,0,1,0,0,0,1,1,0,1,0,1,1,0,0,0,0,0,0,1,1,0,1,0,1,0,0,0,1,0,0,0,0,0,1,1,0,1,1,1,0,0,0,1,0,0,0,0,0,1,0,0,1,0,1,0,1,0,1,1,0,1,0,0,1,0,1,1,0,1,0,1,0,0,0,0,1,1,1,0,1,0,0,0,0,0,0,0,1,0,0,0,1,1,1,0,1,1,1,1,0,1,0,0,1,0,0,0,1,1,0,0,0,1,0,0,1,1,0,0,1,0,1,0,1,0,1,1,1,0,0,1,0,0,1,1,0,1,1,0,1,1,0,1,1,0,1,0,0,1,0,0,1,1,1,0,1,1,1,0,0,1,1,0,1,1,0,1,1,1,1,0,0,1,1,0,1,0,1,0,0,0,0,0,1,1,0,0,0,0,0,1,0,0,0,0,0,0,0,1,0,0
0,1,0,0,0,1,1,1,1,0,1,0,1,1,0,0,1,1,1,0,0,1,0,0,0,1,1,0,1,0,1,1,0,0,0,0,0,0,1,1,0,1,0,1,0,0,0,1,1,0,0,1,0,1,1,0,1,1,1,0,0,0,1,0,0,0,0,0,1,0,0,1,0,1,0,1,0,1,1,0,1,0,0,1,0,1,1,0,1,0,1,0,0,0,0,1,1,1,0,1,0,0,0,0,0,0,0,1,0,0,0,1,1,1,0,1,1,1,1,0,1,0,0,1,0,0,0,1,1,0,0,0,1,0,0,1,1,0,0,1,0,1,0,1,0,1,1,1,0,0,1,0,0,1,1,0,1,1,0,1,1,0,1,1,0,1,0,0,1,0,0,1,1,1,0,1,1,1,0,0,1,1,0,1,1,0,1,1,1,1,0,1,1,1,0,1,0,1,0,0,0,1,0,1,1,0,0,1,0,0,1,0,0,0,1,0,0,0,1,0,0
0,1,0,0,0,1,1,0,0,0,0,0,0,0,0,0,1,1,1,0,0,1,0,0,0,1,1,0,1,0,1,0,0,0,0,0,0,0,1,1,0,1,0,1,0,0,0,1,0,0,0,0,0,1,1,0,1,1,1,0,0,0,0,0,0,0,0,0,1,0,1,1,0,1,1,1,0,0,1,1,1,0,1,1,0,0,1,1,1,0,1,0,0,0,0,1,0,1,0,1,0,0,0,0,0,0,0,1,0,1,0,0,1,1,0,1,1,1,1,0,1,1,0,1,0,0,0,1,1,0,1,0,1,0,0,0,1,0,0,1,0,1,0,1,0,1,1,1,0,0,1,0,0,1,1,0,1,1,0,1,0,0,1,1,0,1,0,0,1,0,0,0,0,1,0,1,0,0,0,0,1,1,0,1,1,0,1,1,1,1,0,0,1,1,0,1,0,1,0,0,0,0,0,1,1,0,0,0,0,0,1,0,0,0,0,0,0,0,1,0,0
0,1,0,1,0,1,1,0,0,0,0,0,0,0,0,0,1,1,1,0,0,1,0,0,0,1,1,0,1,0,1,0,0,0,0,0,0,0,1,1,0,1,0,1,0,0,0,1,0,0,0,1,0,1,1,0,1,1,1,0,0,0,1,0,0,0,0,0,1,0,1,1,0,1,1,1,0,0,1,1,1,0,1,1,0,0,1,1,1,0,1,0,0,0,0,1,1,1,0,1,0,0,0,0,0,0,0,1,0,1,0,1,1,1,0,1,1,1,1,0,1,1,0,1,0,0,0,1,1,0,1,0,1,0,0,1,1,0,0,1,0,1,0,1,0,1,1,1,0,0,1,0,0,1,1,0,1,1,0,1,1,0,1,1,0,1,0,0,1,0,0,0,0,1,0,1,0,1,0,0,1,1,0,1,1,0,1,1,1,1,0,0,1,1,0,1,0,1,0,0,0,0,0,1,1,0,0,0,0,0,1,0,0,0,0,0,0,0,1,0,0
0,1,0,0,0,1,1,0,0,1,0,0,0,0,0,0,1,1,1,0,0,1,0,0,0,1,1,0,1,0,1,0,1,0,0,0,0,0,1,1,1,1,0,1,0,0,1,1,0,0,0,0,0,1,1,0,1,1,1,0,0,0,0,0,0,0,0,0,1,0,1,1,0,1,1,1,0,0,1,1,1,0,1,1,0,0,1,1,1,0,1,0,0,0,0,1,0,1,1,1,1,0,0,0,0,0,0,1,0,1,0,0,1,1,0,1,1,1,1,1,1,1,0,1,0,0,0,1,1,0,1,0,1,0,0,0,1,1,0,1,0,1,1,1,0,1,1,1,0,0,1,0,0,1,1,0,1,1,0,1,0,0,1,1,0,1,0,0,1,0,0,0,0,1,0,1,0,0,0,0,1,1,0,1,1,0,1,1,1,1,0,0,1,1,0,1,0,1,0,0,0,0,0,1,1,0,0,0,0,0,1,0,0,0,0,0,0,0,1,0,0
0,1,0,0,0,1,1,0,1,0,0,0,0,0,0,0,1,1,1,0,0,1,0,0,0,1,1,0,1,0,1,1,0,0,0,0,0,0,1,1,0,1,0,1,0,0,0,1,0,0,0,1,0,1,1,0,1,1,1,0,0,0,0,0,0,0,0,0,1,0,1,1,0,1,1,1,0,0,1,1,1,0,1,1,0,0,1,1,1,0,1,0,0,0,0,1,0,1,0,1,0,0,0,0,0,0,0,1,0,1,0,0,1,1,0,1,1,1,1,0,1,1,0,1,0,0,0,1,1,0,1,0,1,0,0,0,1,0,0,1,0,1,0,1,0,1,1,1,0,0,1,0,0,1,1,0,1,1,0,1,0,0,1,1,0,1,0,0,1,0,0,0,0,1,0,1,0,0,0,0,1,1,0,1,1,0,1,1,1,1,0,0,1,1,0,1,0,1,0,0,0,0,0,1,1,0,0,0,0,0,1,0,0,0,0,0,0,0,1,0,0
0,1,0,0,0,1,1,0,0,0,0,0,0,0,0,0,1,1,1,0,0,1,0,0,0,1,1,0,1,0,1,0,0,0,0,0,0,0,1,1,0,1,0,1,0,0,0,1,0,0,0,0,0,1,1,0,1,1,1,0,0,0,0,0,0,0,0,0,1,0,1,1,0,1,1,1,0,0,1,1,1,0,1,1,0,0,1,1,1,0,1,0,0,0,0,1,0,1,0,1,0,0,0,0,0,0,0,1,0,1,0,0,1,1,0,1,1,1,1,0,1,1,0,1,0,0,0,1,1,0,1,0,1,0,0,0,1,0,0,1,0,1,0,1,0,1,1,1,0,0,1,0,0,1,1,0,1,1,0,1,0,0,1,1,0,1,0,0,1,0,0,0,0,1,0,1,0,0,0,0,1,1,0,1,1,0,1,1,1,1,0,0,1,1,0,1,0,1,0,0,0,0,0,1,1,0,0,0,0,0,1,0,0,0,0,0,0,0,1,0,0
0,1,0,0,0,1,1,0,0,0,0,0,0,0,0,0,1,1,1,0,0,1,0,0,0,1,1,0,1,0,1,0,0,0,0,0,0,0,1,1,0,1,0,1,0,0,0,1,1,0,0,1,0,1,1,0,1,1,1,0,0,0,0,0,0,0,0,0,1,0,1,1,0,1,1,1,0,0,1,1,1,0,1,1,0,0,1,1,1,0,1,0,0,0,0,1,0,1,0,1,0,0,0,0,0,0,0,1,0,1,0,0,1,1,0,1,1,1,1,0,1,1,0,1,0,0,0,1,1,0,1,0,1,0,0,0,1,0,0,1,0,1,0,1,0,1,1,1,0,0,1,0,0,1,1,0,1,1,0,1,0,0,1,1,0,1,0,0,1,0,0,0,0,1,0,1,0,0,0,0,1,1,0,1,1,0,1,1,1,1,0,0,1,1,0,1,0,1,0,0,0,0,0,1,1,0,0,1,0,0,1,0,0,0,1,0,0,0,1,0,0
0,1,0,0,0,1,1,0,0,0,0,0,0,0,0,0,1,1,1,0,0,1,0,0,0,1,1,0,1,0,1,0,0,0,0,0,0,0,1,1,0,1,0,1,0,0,0,1,0,0,0,0,0,1,1,0,1,1,1,0,0,0,0,0,0,0,0,0,1,0,1,1,0,1,1,1,0,0,1,1,1,0,1,1,0,0,1,1,1,0,1,0,0,0,0,1,0,1,0,1,0,0,0,0,0,0,0,1,0,1,0,0,1,1,0,1,1,1,1,0,1,1,0,1,0,0,0,1,1,0,1,0,1,0,0,0,1,0,0,1,0,1,0,1,0,1,1,1,0,0,1,0,0,1,1,0,1,1,0,1,0,0,1,1,0,1,0,0,1,0,0,0,0,1,0,1,0,0,0,0,1,1,0,1,1,0,1,1,1,1,0,0,1,1,0,1,0,1,0,0,0,0,0,1,1,0,0,0,0,0,1,0,0,0,0,0,0,0,1,0,0
0,1,0,1,0,1,1,1,1,0,1,0,1,1,0,0,1,1,1,0,0,1,0,0,0,1,1,0,1,0,1,1,0,1,0,0,0,0,1,1,0,0,0,1,0,0,0,0,1,0,0,1,1,1,1,0,1,1,1,0,0,0,0,1,1,0,0,0,1,0,1,1,0,1,0,1,0,1,1,0,1,0,0,1,1,1,1,1,1,0,1,0,0,1,0,1,0,1,0,1,0,0,1,0,0,0,0,1,0,0,0,0,1,1,0,1,1,1,1,0,1,0,0,1,0,0,0,1,1,0,0,0,1,0,0,0,1,0,0,1,1,1,0,1,0,1,1,1,0,0,1,0,0,1,1,0,1,1,0,1,0,0,1,1,0,1,0,0,1,0,0,0,0,1,0,1,0,0,0,0,1,1,0,1,1,0,1,1,1,1,0,0,1,1,0,1,0,1,0,0,0,0,0,1,1,0,0,1,0,0,1,0,0,0,1,0,0,0,1,0,0
0,1,0,1,0,1,1,0,1,0,1,0,1,1,0,0,1,1,1,0,0,1,0,0,0,1,1,0,1,0,1,1,0,1,0,0,0,0,1,1,0,0,0,1,0,0,0,0,0,0,0,0,1,1,1,0,1,1,1,0,0,0,0,1,1,0,0,0,1,0,1,1,0,1,0,1,0,1,1,0,1,0,0,1,1,1,1,1,1,0,1,0,0,1,0,1,0,1,0,1,0,0,1,0,0,0,0,1,0,0,0,0,1,1,0,1,1,1,1,0,1,0,0,1,0,0,0,1,1,0,0,0,1,0,0,0,1,0,0,1,1,1,0,1,0,1,1,1,0,0,1,0,0,1,1,0,1,1,0,1,0,0,1,1,0,1,0,0,1,0,0,0,0,1,0,1,0,0,0,0,1,1,0,1,1,0,1,1,1,1,0,0,1,1,0,1,0,1,0,0,0,0,0,1,1,0,0,0,0,0,1,0,0,0,0,0,0,0,1,0,0
0,1,0,1,0,1,1,0,1,0,1,0,1,1,0,0,1,1,1,0,0,1,0,0,0,1,1,0,1,0,1,1,0,1,0,0,0,0,1,1,0,0,0,1,0,0,0,0,0,0,0,1,1,1,1,0,1,1,1,0,0,0,0,1,1,0,0,0,1,0,1,1,0,1,0,1,0,1,1,0,1,0,0,1,1,1,1,1,1,0,1,0,0,1,0,1,0,1,0,1,0,0,1,0,0,0,0,1,0,0,0,0,1,1,0,1,1,1,1,0,1,0,0,1,0,0,0,1,1,0,0,0,1,0,0,0,1,0,0,1,1,1,0,1,0,1,1,1,0,0,1,0,0,1,1,0,1,1,0,1,0,0,1,1,0,1,0,0,1,0,0,0,0,1,0,1,0,0,0,0,1,1,0,1,1,0,1,1,1,1,0,0,1,1,0,1,0,1,0,0,0,0,0,1,1,0,0,0,0,0,1,0,0,0,0,0,0,0,1,0,0
0,1,0,1,0,1,1,0,1,1,1,0,1,1,0,0,1,1,1,0,0,1,0,0,0,1,1,0,1,0,1,1,1,1,0,0,0,0,1,1,1,0,0,1,0,0,1,0,0,0,0,0,1,1,1,0,1,1,1,0,0,0,0,1,1,0,0,0,1,0,1,1,0,1,0,1,0,1,1,0,1,0,0,1,1,1,1,1,1,0,1,0,0,1,0,1,0,1,1,1,1,0,1,0,0,0,0,1,0,0,0,0,1,1,0,1,1,1,1,1,1,0,0,1,0,0,0,1,1,0,0,0,1,0,0,0,1,1,0,1,1,1,1,1,0,1,1,1,0,0,1,0,0,1,1,0,1,1,0,1,0,0,1,1,0,1,0,0,1,0,0,0,0,1,0,1,0,0,0,0,1,1,0,1,1,0,1,1,1,1,0,0,1,1,0,1,0,1,0,0,0,0,0,1,1,0,0,0,0,0,1,0,0,0,0,0,0,0,1,0,0
0,1,0,1,0,1,1,0,1,0,1,0,1,1,0,0,1,1,1,0,0,1,0,0,0,1,1,0,1,0,1,1,0,1,0,0,0,0,1,1,0,0,0,1,0,0,0,1,0,0,0,1,1,1,1,0,1,1,1,0,0,0,1,1,1,0,0,0,1,0,1,1,0,1,0,1,0,1,1,0,1,0,0,1,1,1,1,1,1,0,1,0,0,1,0,1,1,1,0,1,0,0,1,0,0,0,0,1,0,0,0,1,1,1,0,1,1,1,1,0,1,0,0,1,0,0,0,1,1,0,0,0,1,0,0,1,1,0,0,1,1,1,0,1,0,1,1,1,0,0,1,0,0,1,1,0,1,1,0,1,1,0,1,1,0,1,0,0,1,0,0,0,0,1,0,1,0,1,0,0,1,1,0,1,1,0,1,1,1,1,0,0,1,1,0,1,0,1,0,0,0,0,0,1,1,0,0,0,0,0,1,0,0,0,0,0,0,0,1,0,0
0,1,0,1,0,1,1,0,1,0,1,0,1,1,0,0,1,1,1,0,0,1,0,0,0,1,1,0,1,0,1,1,0,1,0,0,0,0,1,1,0,0,0,1,0,0,0,0,0,0,0,0,1,1,1,0,1,1,1,0,0,0,0,1,1,0,0,0,1,0,1,1,0,1,0,1,0,1,1,0,1,0,0,1,1,1,1,1,1,0,1,0,0,1,0,1,0,1,0,1,0,0,1,0,0,0,0,1,0,0,0,0,1,1,0,1,1,1,1,0,1,0,0,1,0,0,0,1,1,0,0,0,1,0,0,0,1,0,0,1,1,1,0,1,0,1,1,1,0,0,1,0,0,1,1,0,1,1,0,1,0,0,1,1,0,1,0,0,1,0,0,0,0,1,0,1,0,0,0,0,1,1,0,1,1,0,1,1,1,1,0,0,1,1,0,1,0,1,0,0,0,0,0,1,1,0,0,0,0,0,1,0,0,0,0,0,0,0,1,0,0
0,1,0,1,0,1,1,1,0,0,0,0,0,0,0,0,1,1,1,0,0,1,0,0,0,1,1,0,1,0,1,0,0,1,0,0,0,0,1,1,0,1,0,1,0,0,0,1,1,0,0,1,0,1,1,0,1,1,1,0,0,0,0,1,1,0,0,0,1,0,0,1,0,1,0,1,0,1,1,0,1,0,0,1,0,1,1,0,1,0,1,0,0,0,0,1,1,1,0,1,0,0,0,0,0,1,0,1,1,0,0,1,1,1,0,1,1,1,1,0,1,0,0,1,0,0,1,1,1,0,0,0,1,0,0,1,1,0,0,1,0,1,0,1,0,1,1,1,1,0,1,0,0,1,1,0,1,1,0,1,1,0,1,1,0,1,0,0,1,0,1,1,0,1,0,1,1,1,0,0,1,1,0,1,1,0,1,1,1,1,0,0,1,1,0,1,0,1,0,0,0,0,0,1,1,0,0,0,0,0,1,0,0,0,0,0,0,0,1,0,0
0,1,0,1,0,1,1,0,0,0,0,0,0,0,0,0,1,1,1,0,0,1,0,0,0,1,1,0,1,0,1,0,0,1,0,0,0,0,1,1,0,1,0,1,0,0,0,1,0,0,0,0,0,1,1,0,1,1,1,0,0,0,0,1,1,0,0,0,1,0,0,1,0,1,0,1,0,1,1,0,1,0,0,1,0,1,1,0,1,0,1,0,0,0,0,1,1,1,0,1,0,0,0,0,0,1,0,1,1,0,0,1,1,1,0,1,1,1,1,0,1,0,0,1,0,0,1,1,1,0,0,0,1,0,0,1,1,0,0,1,0,1,0,1,0,1,1,1,1,0,1,0,0,1,1,0,1,1,0,1,1,0,1,1,0,1,0,0,1,0,1,1,0,1,0,1,1,1,0,0,1,1,0,1,1,0,1,1,1,1,0,0,1,1,0,1,0,1,0,0,0,0,0,1,1,0,0,0,0,0,1,0,0,0,0,0,0,0,1,0,0
0,1,0,0,0,0,0,0,0,0,1,0,1,1,0,0,1,1,1,0,0,1,1,1,1,1,1,0,1,1,0,0,0,1,0,0,0,0,1,0,0,0,0,0,1,1,0,0,0,0,0,0,0,1,1,0,0,0,0,1,1,1,0,1,1,1,0,1,0,0,1,0,1,0,0,1,0,0,0,1,0,0,0,1,0,0,0,1,1,1,0,1,0,0,0,0,1,0,0,1,0,1,0,0,1,0,1,0,0,1,1,0,0,0,0,1,1,0,1,0,0,1,0,0,0,0,0,0,0,0,1,1,0,0,0,1,0,0,0,0,0,0,0,1,0,0,0,1,0,0,0,0,0,0,0,0,0,0,0,0,1,0,0,1,0,0,0,0,0,0,1,0,0,0,0,0,1,1,0,0,1,0,0,0,0,0,0,0,0,0,0,0,0,0,0,1,1,0,0,0,0,0,0,0,0,0,1,0,0,1,0,1,0,0,0,1,0,1,0,1,0
0,1,0,0,0,1,0,0,0,0,1,0,1,1,0,0,1,1,1,0,0,1,1,1,1,1,1,0,1,1,1,0,0,1,1,0,0,0,1,1,0,0,0,1,1,1,0,0,0,0,0,0,0,1,1,0,0,1,1,1,1,1,0,1,1,1,0,1,0,1,1,0,1,0,0,1,0,0,0,1,0,0,0,1,0,0,0,1,1,1,0,1,0,0,0,0,1,1,0,1,0,1,0,0,1,0,1,0,0,1,1,0,1,1,0,1,1,1,1,0,0,1,0,0,0,0,0,1,1,0,1,1,0,0,0,1,0,0,0,0,0,0,0,1,0,0,1,1,0,0,0,0,1,1,0,0,0,0,0,0,1,0,0,1,0,1,0,0,1,0,1,0,0,1,0,1,1,1,0,0,1,0,1,0,0,0,1,1,0,1,0,1,0,0,0,1,1,1,1,0,0,1,1,0,0,0,1,0,1,1,0,1,0,0,0,1,1,1,0,1,0
0,1,0,1,1,0,0,0,1,0,1,0,1,1,0,1,1,1,0,1,1,1,0,1,0,1,1,1,1,1,0,1,0,1,0,0,1,0,1,0,0,1,0,0,1,1,0,1,0,1,1,1,1,1,1,1,0,0,0,1,1,1,0,1,1,1,0,1,0,0,1,0,1,0,1,1,0,0,0,1,0,1,1,1,1,0,0,1,1,1,0,1,1,1,1,0,1,0,0,1,0,1,1,1,1,1,1,0,0,1,1,1,0,0,0,1,1,0,1,0,0,1,1,0,0,0,0,0,0,0,1,1,0,0,0,1,0,0,1,0,1,0,0,1,1,0,0,1,0,0,0,0,0,0,0,1,0,0,0,0,1,0,0,1,1,0,0,0,0,0,1,0,0,0,1,0,1,1,0,0,1,0,0,0,0,1,0,0,0,0,0,0,0,0,0,1,1,0,0,0,0,0,0,0,0,0,0,0,0,0,0,0,0,0,0,0,0,0,0,0,0
1,1,0,1,1,1,1,0,0,0,1,0,1,1,0,1,1,1,1,0,0,1,0,0,0,1,1,0,1,0,1,0,0,1,0,0,1,1,1,0,0,1,0,1,1,1,0,1,0,1,1,1,0,1,1,0,0,0,0,1,1,1,1,1,1,1,0,0,0,0,1,1,1,0,1,1,0,1,0,1,1,1,1,1,0,1,0,1,1,0,0,0,0,0,1,0,1,0,0,1,0,0,0,1,1,1,1,1,1,1,1,1,0,0,0,1,1,0,1,0,0,1,0,0,0,0,1,0,0,0,1,0,1,0,0,1,0,0,0,0,0,0,0,1,0,0,0,1,1,0,0,0,0,0,0,0,0,0,0,0,1,0,0,1,0,0,0,0,0,0,1,1,1,0,0,0,1,1,0,0,1,0,0,0,0,0,0,0,1,0,0,0,1,0,0,1,0,0,0,0,0,0,0,0,0,0,0,0,0,0,0,0,0,0,0,0,0,0,0,0,0
1,1,0,1,1,1,1,0,0,0,1,0,1,1,0,1,1,1,1,0,0,1,0,0,0,1,1,0,1,0,1,0,0,1,0,0,1,1,1,0,0,1,0,1,1,1,0,1,0,1,1,1,0,1,1,0,0,0,0,1,1,1,1,1,1,1,0,0,0,0,1,1,1,0,1,1,0,1,0,1,1,1,1,1,0,1,0,1,1,0,0,0,0,0,1,0,1,0,0,1,0,0,0,1,1,1,1,1,1,1,1,1,0,0,0,1,1,0,1,0,0,1,0,0,0,0,1,0,0,0,1,0,0,1,0,1,0,0,1,0,0,0,0,1,0,0,0,1,1,0,0,0,0,0,0,0,0,0,0,0,1,0,0,1,0,0,0,0,0,0,1,1,1,0,0,0,1,1,0,0,1,0,0,0,0,0,0,0,0,0,0,0,0,0,0,1,0,0,0,0,0,0,0,0,0,0,0,0,0,0,0,0,0,0,0,0,0,0,0,0,0
1,1,0,1,1,1,0,0,0,0,1,0,1,1,0,1,1,1,1,0,0,1,0,0,0,1,1,0,1,0,1,0,0,1,0,0,1,1,1,0,0,1,0,1,1,1,0,1,0,1,1,0,0,1,1,0,0,0,0,1,1,1,1,1,1,1,0,0,0,0,1,1,1,0,1,1,0,1,0,1,1,1,1,1,0,1,0,1,1,0,0,0,0,0,1,0,1,0,0,1,0,0,0,1,1,1,1,1,1,1,1,1,0,0,0,1,1,0,1,0,0,1,0,0,0,0,1,0,0,0,1,0,1,0,0,1,0,0,0,0,0,0,0,1,0,0,0,1,1,0,0,0,0,0,0,0,0,0,0,0,1,0,0,1,0,0,0,0,0,0,1,1,1,0,0,0,1,1,0,0,1,0,0,0,0,0,0,0,1,0,0,0,1,0,0,1,0,0,0,0,0,0,0,0,0,0,0,0,0,0,0,0,0,0,0,0,0,0,0,0,0
0,1,0,1,1,1,0,0,0,0,1,0,1,1,0,1,1,1,1,0,0,1,0,0,0,1,1,0,1,0,1,0,0,1,0,0,1,1,1,0,0,1,0,1,1,1,0,1,0,1,1,0,0,1,1,0,0,0,0,1,1,1,1,1,1,1,0,0,0,0,1,1,1,0,1,1,0,1,0,1,1,1,1,1,0,1,0,1,1,0,0,0,0,0,1,0,1,0,0,1,0,0,0,1,1,1,1,1,1,1,1,1,0,0,0,1,1,0,1,0,0,1,0,0,0,0,1,0,0,0,1,0,0,1,0,1,0,0,1,0,0,0,0,1,0,0,0,1,1,0,0,0,0,0,0,0,0,0,0,0,1,0,0,1,0,0,0,0,0,0,1,1,1,0,0,0,1,1,0,0,1,0,0,0,0,0,0,0,0,0,0,0,0,0,0,1,0,0,0,0,0,0,0,0,0,0,0,0,0,0,0,0,0,0,0,0,0,0,0,0,0
0,1,0,1,1,1,0,0,1,0,1,0,1,1,1,1,1,1,1,0,0,1,0,0,0,1,1,1,1,1,1,1,0,1,0,0,1,0,1,1,0,1,1,1,1,1,0,1,1,1,1,1,1,1,1,1,0,1,1,0,1,1,1,1,1,1,0,1,1,0,1,0,1,0,1,1,0,0,0,1,0,1,1,1,1,0,0,1,1,1,1,1,1,1,1,0,1,1,0,1,0,1,1,1,1,0,1,0,0,1,1,1,1,1,0,1,1,1,1,0,0,1,1,1,0,0,1,1,1,0,1,0,0,0,0,1,1,0,0,1,1,0,0,1,0,1,1,1,1,0,1,0,0,1,1,0,0,0,0,1,1,0,1,1,1,1,1,0,1,0,1,0,0,1,1,1,1,1,0,0,1,1,0,0,0,1,1,1,0,1,0,1,0,0,0,0,0,0,0,0,0,1,1,0,0,0,0,0,0,0,0,0,0,0,0,0,0,0,0,0,0
0,1,0,1,1,0,0,0,1,0,1,0,1,1,1,1,1,1,1,0,0,1,0,0,0,1,1,1,1,1,0,1,0,1,0,0,1,0,1,0,0,1,0,0,1,1,0,1,0,1,1,0,1,1,1,1,0,0,0,0,1,1,1,1,1,1,0,1,0,0,1,0,1,0,1,1,0,0,0,1,0,1,1,1,1,0,0,1,1,1,0,1,1,1,1,0,1,0,0,1,0,1,1,1,1,0,1,0,0,1,1,1,0,0,0,1,1,0,1,0,0,1,1,0,0,0,1,0,0,0,1,0,0,0,0,1,0,0,0,0,1,0,0,1,0,0,0,1,1,0,0,0,0,0,0,0,0,0,0,0,1,0,0,1,1,0,0,0,0,0,1,0,0,0,1,0,1,1,0,0,1,0,0,0,0,1,0,0,0,0,0,0,0,0,0,0,0,0,0,0,0,0,0,0,0,0,0,0,0,0,0,0,0,0,0,0,0,0,0,0,0
0,1,0,1,1,1,1,0,0,0,1,0,1,1,0,1,1,1,1,1,1,1,0,1,0,1,1,1,1,1,1,0,0,1,0,0,1,0,1,1,0,1,0,1,1,1,0,1,1,1,1,1,1,1,1,1,0,1,1,1,1,1,1,1,1,1,0,1,1,0,1,0,1,0,1,1,1,0,0,1,0,1,1,1,1,0,0,1,1,1,1,1,1,1,1,0,1,1,0,1,0,1,1,1,1,1,1,0,0,1,1,1,1,1,1,1,1,1,1,0,0,1,1,1,0,1,1,1,1,0,1,0,0,0,0,1,1,0,1,1,1,0,0,1,1,1,1,1,1,0,0,0,0,1,0,1,0,0,0,1,1,1,0,1,1,1,1,0,1,0,0,0,0,1,1,1,1,1,0,1,1,1,0,0,0,1,1,1,0,1,0,1,0,0,0,0,0,0,1,0,0,1,1,0,0,0,0,1,1,0,0,1,1,0,1,0,1,0,0,1,1
0,1,0,1,1,0,0,0,0,0,1,0,1,1,0,1,1,1,1,1,1,1,0,1,0,1,1,1,1,1,0,0,0,1,0,0,1,0,1,0,0,1,0,0,1,1,0,1,0,1,1,0,1,1,1,1,0,0,0,1,1,1,1,1,1,1,0,1,0,0,1,0,1,0,1,1,1,0,0,1,0,1,1,1,1,0,0,1,1,1,0,1,1,1,1,0,1,0,0,1,0,1,1,1,1,1,1,0,0,1,1,1,0,0,0,1,1,0,1,0,0,1,1,0,0,0,1,0,0,0,1,0,0,0,0,1,0,0,1,0,1,0,0,1,1,0,0,1,1,0,0,0,0,0,0,1,0,0,0,0,1,0,0,1,1,0,0,0,0,0,0,0,0,0,1,0,1,1,0,0,1,0,0,0,0,1,0,0,0,0,0,0,0,0,0,0,0,0,0,0,0,0,0,0,0,0,0,0,0,0,0,1,0,0,0,0,0,0,0,1,0
0,1,0,1,1,0,0,0,0,0,1,0,1,1,0,1,1,1,1,0,0,1,1,1,0,1,1,0,1,1,0,0,0,0,0,0,1,0,1,0,0,1,0,0,1,1,0,1,0,1,1,0,0,1,0,0,0,0,0,1,0,1,1,0,0,1,0,0,0,0,1,0,1,0,1,1,0,0,0,1,0,1,1,1,0,0,0,1,1,0,0,0,0,0,1,0,1,0,0,1,0,0,0,1,1,0,0,0,0,1,1,1,0,0,0,1,1,0,1,0,0,0,0,0,0,0,1,0,0,0,0,0,0,0,0,1,0,0,0,0,0,0,0,0,0,0,0,1,1,0,0,0,0,0,0,0,0,0,0,0,1,0,0,1,0,0,0,0,0,0,0,0,0,0,0,0,1,1,0,0,1,0,0,0,0,0,0,0,0,0,0,0,0,0,0,1,1,0,0,0,0,0,0,0,0,0,1,0,0,1,0,0,0,0,0,1,0,1,0,0,0
0,1,0,1,1,1,0,0,0,0,1,0,1,1,1,1,1,1,1,0,0,1,0,0,0,1,1,1,1,1,1,0,0,1,0,0,1,0,1,0,0,1,0,1,1,1,0,1,0,1,1,0,0,1,1,0,0,0,0,1,1,1,1,1,1,1,0,1,0,0,1,1,1,0,1,1,0,1,0,1,1,1,1,1,0,1,0,1,1,1,0,1,0,0,1,0,1,0,0,1,0,1,0,1,1,1,1,1,0,1,1,1,0,0,0,1,1,0,1,0,0,1,0,0,0,0,1,0,0,0,1,1,1,0,0,1,0,0,1,0,0,1,0,1,0,0,0,1,1,0,0,0,0,0,0,0,0,0,0,0,1,0,0,1,0,0,0,0,0,0,1,1,1,0,0,0,1,1,0,0,1,0,0,0,0,0,0,0,1,0,0,0,1,0,1,1,1,0,0,0,0,0,0,1,0,0,1,0,0,0,0,1,0,0,0,0,0,0,0,1,0
0,1,0,1,1,1,1,0,0,0,1,0,1,1,1,1,1,1,1,0,0,1,0,0,0,1,1,0,1,0,1,0,0,0,0,0,1,0,1,0,0,1,0,1,1,1,0,1,0,1,1,0,0,1,0,0,0,0,0,0,0,1,1,0,0,1,0,0,0,0,1,1,1,0,1,1,0,1,0,1,1,1,1,1,0,1,0,1,1,0,0,0,0,0,1,1,1,0,0,1,0,0,0,1,1,0,0,1,0,1,1,1,0,0,0,1,1,0,1,0,1,0,0,0,0,0,1,0,0,0,0,0,1,0,0,1,0,0,1,0,0,1,0,0,0,0,0,1,1,0,0,0,0,0,0,0,0,1,0,0,1,0,0,1,0,0,0,0,0,0,0,1,1,0,0,0,1,1,0,0,0,0,0,1,1,0,0,0,1,0,0,0,1,0,0,1,0,0,0,0,0,0,0,1,0,0,1,0,0,1,0,0,0,0,0,0,0,1,0,0,0
1,1,0,1,1,1,1,0,0,0,1,1,1,1,1,1,1,1,1,0,0,1,0,0,0,1,1,0,1,0,1,0,0,0,0,0,1,0,1,1,0,1,0,1,1,1,0,1,1,1,1,1,0,1,0,0,0,1,1,0,0,1,1,0,0,1,0,0,1,0,1,1,1,1,1,1,0,0,0,1,1,1,1,1,0,0,0,1,1,0,1,0,0,0,1,1,1,1,0,1,0,0,0,1,1,0,0,1,0,1,1,1,1,1,1,1,1,1,1,0,1,0,0,1,0,1,1,1,1,0,0,0,1,0,0,1,1,0,0,1,0,1,0,0,0,1,1,1,1,0,0,0,0,1,0,0,0,1,0,1,1,1,0,1,0,1,0,0,1,0,0,0,0,1,0,1,1,1,0,1,1,1,0,1,1,0,1,0,1,1,0,0,1,1,1,1,1,1,1,0,0,0,0,1,1,0,1,1,1,1,0,0,1,0,1,0,1,1,0,0,1
0,1,0,1,0,0,0,0,0,0,0,0,0,0,0,1,1,1,1,0,0,1,0,0,0,0,1,0,0,0,0,0,0,1,0,0,0,1,1,0,0,1,0,0,0,0,0,1,0,0,0,0,0,0,0,0,0,0,0,0,0,0,1,1,1,0,0,0,0,0,0,0,0,0,0,0,0,0,0,0,0,0,0,0,0,0,0,0,1,0,0,0,0,0,0,0,0,0,0,0,0,0,0,0,0,1,0,0,0,0,0,1,0,0,0,0,0,0,1,0,0,0,0,0,0,0,0,0,0,0,0,0,0,0,0,0,0,0,1,0,0,0,0,0,0,0,0,1,0,0,0,0,0,0,0,0,0,0,0,0,1,0,0,1,0,0,0,0,0,0,1,0,0,0,0,0,1,0,0,0,0,0,0,0,0,0,0,0,0,0,0,0,0,0,0,0,0,0,0,0,0,0,0,0,0,0,0,0,0,0,0,0,0,0,0,0,0,0,0,0,0
0,1,0,1,0,1,1,1,0,0,1,0,0,1,1,1,1,1,1,0,0,1,0,0,0,0,1,0,0,0,1,0,0,0,1,0,0,0,0,1,0,1,1,1,0,0,0,1,1,0,0,1,0,0,0,0,1,0,0,0,0,0,1,0,0,0,0,0,1,1,0,1,0,0,0,0,0,0,1,0,1,0,0,0,0,0,1,0,0,0,0,0,0,0,0,1,0,0,0,0,0,0,0,0,0,0,0,1,0,0,0,1,0,0,0,0,0,1,0,0,1,0,0,0,1,0,1,1,1,0,0,0,1,0,0,0,0,0,0,1,0,1,0,0,0,1,0,1,1,0,1,0,1,1,0,0,0,1,0,0,0,0,0,0,0,1,0,0,1,0,0,0,0,0,0,1,1,0,1,0,0,1,1,1,1,0,1,0,1,1,1,0,1,0,0,1,1,1,1,1,1,0,0,1,0,0,1,0,0,1,0,0,0,1,0,1,0,1,0,0,0
0,1,0,1,0,0,0,0,0,0,0,0,0,0,0,1,1,1,1,0,0,1,0,0,0,0,1,0,0,0,0,0,0,1,0,0,0,1,1,0,0,1,0,0,0,0,0,1,0,0,0,0,0,0,0,0,0,0,0,0,0,0,1,1,1,0,0,0,0,0,0,0,0,0,0,0,0,0,0,0,0,0,0,0,0,0,0,0,1,0,0,0,0,0,0,0,0,0,0,0,0,0,0,0,0,1,0,0,0,0,0,1,0,0,0,0,0,0,1,0,0,0,0,0,0,0,0,0,0,0,0,0,0,0,0,0,0,0,1,0,0,0,0,0,0,0,0,1,0,0,0,0,0,0,0,0,0,0,0,0,1,0,0,1,0,0,0,0,0,0,1,0,0,0,0,0,1,0,0,0,0,0,0,0,0,0,0,0,0,0,0,0,0,0,0,0,0,0,0,0,0,0,0,0,0,0,0,0,0,0,0,0,0,0,0,0,0,0,0,0,0
0,1,0,1,0,0,0,0,0,1,0,0,0,0,0,1,1,1,1,0,0,1,0,0,0,0,1,0,0,0,0,0,1,1,0,0,0,1,1,0,1,1,0,0,0,0,1,1,0,0,0,0,0,0,0,0,0,0,0,0,0,0,1,1,1,0,0,0,0,0,0,0,0,0,0,0,0,0,0,0,0,0,0,0,0,0,0,0,1,0,0,0,0,0,0,0,0,0,1,0,1,0,0,0,0,1,0,0,0,0,0,1,0,0,0,0,0,0,1,1,0,0,0,0,0,0,0,0,0,0,0,0,0,0,0,0,0,1,1,0,0,0,1,0,0,0,0,1,0,0,0,0,0,0,0,0,0,0,0,0,1,0,0,1,0,0,0,0,0,0,1,0,0,0,0,0,1,0,0,0,0,0,0,0,0,0,0,0,0,0,0,0,0,0,0,0,0,0,0,0,0,0,0,0,0,0,0,0,0,0,0,0,0,0,0,0,0,0,0,0,0
0,1,0,1,0,0,0,0,0,1,0,0,0,0,0,1,1,1,1,0,0,1,0,0,0,0,1,0,0,0,0,0,1,1,0,0,0,1,1,0,1,1,0,0,0,0,1,1,0,0,0,0,0,0,0,0,0,0,0,0,0,0,1,1,1,0,0,0,0,0,0,0,0,0,0,0,0,0,0,0,0,0,0,0,0,0,0,0,1,0,0,0,0,0,0,0,0,0,1,0,1,0,0,0,0,1,0,0,0,0,0,1,0,0,0,0,0,0,1,1,0,0,0,0,0,0,0,0,0,0,0,0,0,0,0,0,0,1,1,0,0,0,1,0,0,0,0,1,0,0,0,0,0,0,0,0,0,0,0,0,1,0,0,1,0,0,0,0,0,0,1,0,0,0,0,0,1,0,0,0,0,0,0,0,0,0,0,0,0,0,0,0,0,0,0,0,0,0,0,0,0,0,0,0,0,0,0,0,0,0,0,0,0,0,0,0,0,0,0,0,0
0,1,0,1,0,1,0,0,0,0,0,0,0,0,0,1,1,1,1,0,0,1,0,0,0,0,1,0,0,0,1,0,0,1,0,0,0,1,1,1,0,1,0,1,0,0,0,1,0,0,0,0,0,0,0,0,0,1,1,0,0,0,1,1,1,0,0,0,1,0,0,0,0,0,0,0,0,0,0,0,0,0,0,0,0,0,0,0,1,0,1,0,0,0,0,0,0,1,0,0,0,0,0,0,0,1,0,0,0,0,0,1,1,1,0,0,0,1,1,0,0,0,0,1,0,0,0,1,1,0,0,0,0,0,0,0,1,0,1,1,0,0,0,0,0,1,1,1,0,0,0,0,0,1,0,0,0,0,0,1,1,0,0,1,0,1,0,0,1,0,1,0,0,1,0,1,1,0,0,0,0,1,0,0,0,0,1,0,0,1,0,1,0,0,0,0,0,0,0,0,0,1,0,0,0,0,0,1,0,0,0,0,0,0,1,0,0,0,0,0,0
0,1,0,1,0,0,0,0,0,0,0,0,0,0,0,1,1,1,1,0,0,1,0,0,0,0,1,0,0,0,0,0,0,1,0,0,0,1,1,0,0,1,0,0,0,0,0,1,0,0,0,0,0,0,0,0,0,0,0,0,0,0,1,1,1,0,0,0,0,0,0,0,0,0,0,0,0,0,0,0,0,0,0,0,0,0,0,0,1,0,0,0,0,0,0,0,0,0,0,0,0,0,0,0,0,1,0,0,0,0,0,1,0,0,0,0,0,0,1,0,0,0,0,0,0,0,0,0,0,0,0,0,0,0,0,0,0,0,1,0,0,0,0,0,0,0,0,1,0,0,0,0,0,0,0,0,0,0,0,0,1,0,0,1,0,0,0,0,0,0,1,0,0,0,0,0,1,0,0,0,0,0,0,0,0,0,0,0,0,0,0,0,0,0,0,0,0,0,0,0,0,0,0,0,0,0,0,0,0,0,0,0,0,1,0,0,0,0,0,0,0
0,1,0,1,0,1,1,0,0,0,0,0,0,0,0,1,1,1,1,0,0,1,0,0,0,0,1,0,0,0,0,0,0,1,0,0,0,1,1,0,0,1,0,0,0,0,0,1,0,0,0,0,0,1,1,0,0,0,0,0,0,0,1,1,1,0,0,0,0,0,0,0,0,0,0,1,0,0,0,0,0,0,0,1,0,0,0,0,1,0,0,0,0,0,0,0,0,0,0,1,0,0,0,0,0,1,0,0,0,0,0,1,0,0,0,1,1,0,1,0,0,0,0,0,0,0,0,0,0,0,0,0,0,0,0,0,0,0,1,0,0,0,0,1,0,0,0,1,0,0,0,0,0,0,0,0,0,0,0,0,1,0,0,1,0,0,0,0,0,0,1,0,0,0,0,0,1,0,0,0,1,0,0,0,0,0,0,0,0,0,0,0,0,0,0,0,0,0,0,0,0,0,0,0,0,0,0,0,0,0,0,0,0,0,0,0,0,0,0,0,0
0,1,0,1,0,0,0,0,0,0,0,0,0,0,0,1,1,1,1,0,0,1,0,0,0,0,1,0,0,0,0,0,0,1,0,0,0,1,1,0,0,1,0,0,0,0,0,1,0,0,0,1,0,0,0,0,0,0,0,0,0,0,1,1,1,0,0,0,0,0,0,0,0,0,0,0,0,0,0,0,0,0,0,0,0,0,0,0,1,0,0,0,0,0,0,0,0,0,0,0,0,0,0,0,0,1,0,0,0,0,0,1,0,0,0,0,0,0,1,0,0,0,0,0,0,0,0,0,0,0,0,0,0,0,0,0,0,0,1,0,0,0,0,0,0,0,0,1,0,0,0,0,0,0,0,0,0,0,0,0,1,0,0,1,0,0,0,0,0,0,1,0,0,0,0,0,1,0,0,0,0,0,0,0,0,0,0,0,0,0,0,0,0,0,0,0,0,0,0,0,0,0,0,0,0,0,0,0,0,0,0,0,0,1,0,0,0,0,0,0,0
0,1,0,1,0,0,0,0,0,0,0,0,0,0,0,1,1,1,1,0,0,1,0,0,0,0,1,0,0,0,0,0,0,1,0,0,0,1,1,0,0,1,0,0,0,0,0,1,0,0,0,1,0,0,0,0,0,0,0,0,0,0,1,1,1,0,0,0,0,0,0,0,0,0,0,0,0,0,0,0,0,0,0,0,0,0,0,0,1,0,0,0,0,0,0,0,0,0,0,0,0,0,0,0,0,1,0,0,0,0,0,1,0,0,0,0,0,0,1,0,0,0,0,0,0,0,0,0,0,0,0,0,0,0,0,0,0,0,1,0,0,0,0,0,0,0,0,1,0,0,0,0,0,0,0,0,0,0,0,0,1,0,0,1,0,0,0,0,0,0,1,0,0,0,0,0,1,0,0,0,0,0,0,0,0,0,0,0,0,0,0,0,0,0,0,0,1,0,0,0,0,0,0,0,0,0,0,0,0,0,0,0,0,0,0,1,0,0,0,0,0
0,1,0,1,0,1,1,0,0,0,0,0,0,0,0,1,1,1,1,0,0,1,0,0,0,0,1,0,0,0,1,0,0,1,1,0,0,1,1,1,0,1,0,1,0,0,0,1,0,0,0,0,0,0,0,0,0,1,1,0,0,0,1,1,1,0,0,0,0,1,0,0,0,0,0,0,0,0,0,0,0,0,0,0,0,0,0,0,1,0,0,0,0,0,0,0,0,1,0,0,0,0,0,0,0,1,0,0,0,0,0,1,1,1,0,0,0,1,1,0,0,0,0,0,0,0,0,1,1,1,0,0,0,0,0,0,0,0,1,0,0,0,0,0,0,0,1,1,0,0,0,0,1,1,0,0,0,0,0,0,1,0,0,1,0,1,1,1,1,0,1,0,0,1,0,1,1,0,0,0,0,0,1,0,0,0,1,0,0,1,1,1,0,0,0,0,0,1,0,0,1,1,0,0,0,0,0,1,0,0,1,0,0,0,1,0,0,0,1,0,0
0,1,0,1,0,1,0,0,0,0,0,0,0,0,0,1,1,1,1,0,0,1,0,0,0,0,1,0,0,0,1,0,0,1,1,0,0,1,1,1,0,1,0,1,0,0,0,1,0,0,0,0,0,0,0,0,0,1,1,0,0,0,1,1,1,0,0,0,0,1,0,0,0,0,0,0,0,0,0,0,0,0,0,0,0,0,0,0,1,0,0,0,0,0,0,0,0,1,0,0,0,0,0,0,0,1,0,0,0,0,0,1,1,1,0,0,0,1,1,0,0,0,0,0,0,0,0,1,1,0,0,0,0,0,0,0,0,0,1,0,0,0,0,0,0,0,1,1,0,0,0,0,1,1,0,0,0,0,0,0,1,0,0,1,0,1,0,0,1,0,1,0,0,1,0,1,1,0,0,0,0,0,1,0,0,0,1,0,0,1,0,1,0,0,0,0,0,0,0,0,0,1,0,0,0,0,0,1,0,0,0,0,0,0,1,0,0,0,0,0,0
0,1,0,1,0,1,0,0,0,0,0,0,0,0,0,1,1,1,1,0,0,1,0,0,0,0,1,0,0,0,1,0,0,1,1,0,0,1,1,1,0,1,0,1,0,0,0,1,0,0,0,0,0,0,0,0,0,1,1,0,0,0,1,1,1,0,0,0,0,1,0,0,0,0,0,0,0,0,0,0,0,0,0,0,0,0,0,0,1,0,0,0,0,0,0,0,0,1,0,0,0,0,0,0,0,1,0,0,0,0,0,1,1,1,0,0,0,1,1,0,0,0,0,0,0,0,0,1,1,0,0,0,0,0,0,0,0,0,1,0,0,0,0,0,0,0,1,1,0,0,0,0,1,1,0,0,0,0,0,0,1,0,0,1,0,1,1,0,1,0,1,0,0,1,0,1,1,0,0,0,0,0,1,0,0,0,1,0,0,1,0,0,0,0,0,0,0,1,0,0,0,0,0,0,0,0,0,0,0,0,1,0,0,0,0,0,0,0,1,0,0
0,1,0,1,0,1,1,0,0,0,0,0,0,0,0,1,1,1,1,0,0,1,0,0,0,0,1,0,0,0,1,0,0,1,0,0,0,1,1,1,0,1,0,1,0,0,0,1,1,0,0,1,0,0,0,0,0,1,1,0,0,0,1,1,1,0,0,0,1,0,0,0,0,0,0,0,0,0,0,0,0,0,0,0,0,0,0,0,1,0,1,0,0,0,0,0,0,1,0,0,0,0,0,0,0,1,0,0,0,0,0,1,1,1,1,0,0,1,1,0,0,0,0,1,0,1,0,1,1,1,0,0,0,0,0,0,1,0,1,1,0,0,0,0,0,1,1,1,0,0,0,0,0,1,0,0,0,0,0,1,1,1,0,1,0,1,0,1,1,0,1,0,0,1,0,1,1,0,0,1,0,1,0,0,0,0,1,1,0,1,1,1,0,0,0,0,0,0,1,1,1,1,0,0,0,0,0,1,1,0,0,0,1,0,1,0,1,0,0,0,1
0,1,0,1,0,0,0,0,0,0,0,0,0,0,0,1,1,1,1,0,0,1,0,0,0,0,1,0,0,0,0,0,0,1,0,0,0,1,1,0,0,1,0,0,0,0,0,1,0,0,0,0,0,0,0,0,0,0,0,0,0,0,1,1,1,0,0,0,0,0,0,0,0,0,0,0,0,0,0,0,0,0,0,0,0,0,0,0,1,0,0,0,0,0,0,0,0,0,0,0,0,0,0,0,0,1,0,0,0,0,0,1,0,0,0,0,0,0,1,0,0,0,0,0,0,0,0,0,0,0,0,0,0,0,0,0,0,0,1,0,0,0,0,0,0,0,0,1,0,0,0,0,0,0,0,0,0,0,0,0,1,0,0,1,0,0,0,0,0,0,1,0,0,0,0,0,1,0,0,0,0,0,0,0,0,0,0,0,0,0,0,0,0,0,0,0,0,0,0,0,0,0,0,0,0,0,0,0,0,0,0,0,0,0,0,0,0,0,0,0,0
0,1,0,1,0,1,1,0,0,0,0,0,0,0,0,1,1,1,1,0,0,1,0,0,0,0,1,0,0,0,1,0,0,1,0,0,0,1,1,1,0,1,0,1,0,0,0,1,1,0,0,1,0,0,0,0,0,1,1,0,0,0,1,1,1,0,0,0,1,0,0,0,0,0,0,0,0,0,0,0,0,0,0,0,0,0,0,0,1,0,1,0,0,0,0,0,0,1,0,0,0,0,0,0,0,1,0,0,0,0,0,1,1,1,1,0,0,1,1,0,0,0,0,1,0,1,0,1,1,0,0,0,0,0,0,0,1,0,1,1,0,0,0,0,0,1,1,1,0,0,0,0,0,1,0,0,0,0,0,1,1,1,0,1,0,1,1,0,1,0,1,0,0,1,0,1,1,0,0,1,0,1,0,0,0,0,1,1,0,1,0,0,0,0,0,0,0,1,1,0,0,0,0,0,0,0,0,0,1,0,1,0,1,0,0,0,1,0,1,0,1
0,1,0,1,0,0,0,0,0,0,0,0,0,0,0,1,1,1,1,0,0,1,0,0,0,0,1,0,0,0,0,0,0,0,0,0,0,1,1,0,0,1,0,0,0,0,0,1,0,0,0,0,0,0,0,0,0,0,0,0,0,0,1,0,0,0,0,0,0,0,1,0,0,0,1,0,0,0,0,1,0,0,1,0,0,0,0,1,1,0,0,0,0,0,0,0,0,0,0,0,0,0,0,0,0,0,0,0,0,1,0,1,0,0,0,0,0,0,1,0,0,1,0,0,0,0,0,0,0,0,1,0,0,0,0,0,0,0,1,0,0,0,0,0,0,0,0,1,0,0,0,0,0,0,0,0,0,0,0,0,1,0,0,1,0,0,0,0,0,0,0,0,0,0,0,0,1,0,0,0,0,0,0,0,0,0,0,0,0,0,0,0,0,0,0,0,0,0,0,0,0,0,0,0,0,0,0,0,0,0,0,0,0,0,0,0,0,0,0,0,0
0,1,0,1,0,0,0,0,0,0,0,0,0,0,0,1,1,1,1,0,0,1,0,0,0,0,1,0,0,0,0,0,0,0,0,0,0,1,1,0,0,1,0,0,0,0,0,1,0,0,0,0,0,0,0,0,0,0,0,0,0,0,1,0,0,0,0,0,0,0,1,0,0,0,1,0,0,0,0,1,0,0,1,0,0,0,0,1,1,0,0,0,0,0,0,0,0,0,0,0,0,0,0,0,0,0,0,0,0,1,0,1,0,0,0,0,0,0,1,0,0,1,0,0,0,0,0,0,0,0,1,0,0,0,0,0,0,0,1,0,0,0,0,0,0,0,0,1,0,0,0,0,0,0,0,0,0,0,0,0,1,0,0,1,0,0,0,0,0,0,0,0,0,0,0,0,1,0,0,0,0,0,0,0,0,0,0,0,0,0,0,0,0,0,0,0,0,0,0,0,0,0,0,0,0,0,0,0,0,0,0,0,0,0,0,0,0,0,0,0,0
0,1,0,1,0,0,0,0,0,1,0,0,0,0,0,1,1,1,1,0,0,1,0,0,0,0,1,0,0,0,0,0,1,0,0,0,0,1,1,0,1,1,0,0,0,0,1,1,0,0,0,0,0,0,0,0,0,0,0,0,0,0,1,0,0,0,0,0,0,0,1,0,0,0,1,0,0,0,0,1,0,0,1,0,0,0,0,1,1,0,0,0,0,0,0,0,0,0,1,0,1,0,0,0,0,0,0,0,0,1,0,1,0,0,0,0,0,0,1,1,0,1,0,0,0,0,0,0,0,0,1,0,0,0,0,0,0,1,1,0,0,0,1,0,0,0,0,1,0,0,0,0,0,0,0,0,0,0,0,0,1,0,0,1,0,0,0,0,0,0,0,0,0,0,0,0,1,0,0,0,0,0,0,0,0,0,0,0,0,0,0,0,0,0,0,0,0,0,0,0,0,0,0,0,0,0,0,0,0,0,0,0,0,0,0,0,0,0,0,0,0
0,1,0,1,0,0,0,0,0,1,0,0,0,0,0,1,1,1,1,0,0,1,0,0,0,0,1,0,0,0,0,0,1,0,0,0,0,1,1,0,1,1,0,0,0,0,1,1,0,0,0,0,0,0,0,0,0,0,0,0,0,0,1,0,0,0,0,0,0,0,1,0,0,0,1,0,0,0,0,1,0,0,1,0,0,0,0,1,1,0,0,0,0,0,0,0,0,0,1,0,1,0,0,0,0,0,0,0,0,1,0,1,0,0,0,0,0,0,1,1,0,1,0,0,0,0,0,0,0,0,1,0,0,0,0,0,0,1,1,0,0,0,1,0,0,0,0,1,0,0,0,0,0,0,0,0,0,0,0,0,1,0,0,1,0,0,0,0,0,0,0,0,0,0,0,0,1,0,0,0,0,0,0,0,0,0,0,0,0,0,0,0,0,0,0,0,0,0,0,0,0,0,0,0,0,0,0,0,0,0,0,0,0,0,0,0,0,0,0,0,0
0,1,0,1,0,1,0,0,0,0,0,0,0,0,0,1,1,1,1,0,0,1,0,0,0,0,1,0,0,0,1,0,0,0,0,0,0,1,1,1,0,1,0,1,0,0,0,1,0,0,0,0,0,0,0,0,0,1,1,0,0,0,1,0,0,0,0,0,1,0,1,0,0,0,1,0,0,0,0,1,0,0,1,0,0,0,0,1,1,0,1,0,0,0,0,0,0,1,0,0,0,0,0,0,0,0,0,0,0,1,0,1,1,1,0,0,0,1,1,0,0,1,0,1,0,0,0,1,1,0,1,0,0,0,0,0,1,0,1,1,0,0,0,0,0,1,1,1,0,0,0,0,0,1,0,0,0,0,0,1,1,0,0,1,0,1,0,0,1,0,0,0,0,1,0,1,1,0,0,0,0,1,0,0,0,0,1,0,0,1,0,0,0,0,0,0,0,0,0,0,0,0,0,0,0,0,0,1,0,0,0,0,0,0,1,0,0,0,0,0,0
0,1,0,1,0,0,0,0,0,0,0,0,0,0,0,1,1,1,1,0,0,1,0,0,0,0,1,0,0,0,0,0,0,0,0,0,0,1,1,0,0,1,0,0,0,0,0,1,0,0,0,0,0,0,0,0,0,0,0,0,0,0,1,0,0,0,0,0,0,0,1,0,0,0,1,0,0,0,0,1,0,0,1,0,0,0,0,1,1,0,0,0,0,0,0,0,0,0,0,0,0,0,0,0,0,0,0,0,0,1,0,1,0,0,0,0,0,0,1,0,0,1,0,0,0,0,0,0,0,0,1,0,0,0,0,0,0,0,1,0,0,0,0,0,0,0,0,1,0,0,0,0,0,0,0,0,0,0,0,0,1,0,0,1,0,0,0,0,0,0,0,0,0,0,0,0,1,0,0,0,0,0,0,0,0,0,0,0,0,0,0,0,0,0,0,0,0,0,0,0,0,0,0,0,0,0,0,0,0,0,0,0,0,1,0,0,0,0,0,0,0
0,1,0,1,0,1,1,0,0,0,0,0,0,0,0,1,1,1,1,0,0,1,0,0,0,0,1,0,0,0,0,0,0,0,0,0,0,1,1,0,0,1,0,0,0,0,0,1,0,0,0,0,0,1,1,0,0,0,0,0,0,0,1,0,0,0,0,0,0,0,1,0,0,0,1,1,0,0,0,1,0,0,1,1,0,0,0,1,1,0,0,0,0,0,0,0,0,0,0,1,0,0,0,0,0,0,0,0,0,1,0,1,0,0,0,1,1,0,1,0,0,1,0,0,0,0,0,0,0,0,1,0,0,0,0,0,0,0,1,0,0,0,0,1,0,0,0,1,0,0,0,0,0,0,0,0,0,0,0,0,1,0,0,1,0,0,0,0,0,0,0,0,0,0,0,0,1,0,0,0,1,0,0,0,0,0,0,0,0,0,0,0,0,0,0,0,0,0,0,0,0,0,0,0,0,0,0,0,0,0,0,0,0,0,0,0,0,0,0,0,0
0,1,0,1,0,0,0,0,0,0,0,0,0,0,0,1,1,1,1,0,0,1,0,0,0,0,1,0,0,0,0,0,0,0,0,0,0,1,1,0,0,1,0,0,0,0,0,1,0,0,0,1,0,0,0,0,0,0,0,0,0,0,1,0,0,0,0,0,0,0,1,0,0,0,1,0,0,0,0,1,0,0,1,0,0,0,0,1,1,0,0,0,0,0,0,0,0,0,0,0,0,0,0,0,0,0,0,0,0,1,0,1,0,0,0,0,0,0,1,0,0,1,0,0,0,0,0,0,0,0,1,0,0,0,0,0,0,0,1,0,0,0,0,0,0,0,0,1,0,0,0,0,0,0,0,0,0,0,0,0,1,0,0,1,0,0,0,0,0,0,0,0,0,0,0,0,1,0,0,0,0,0,0,0,0,0,0,0,0,0,0,0,0,0,0,0,0,0,0,0,0,0,0,0,0,0,0,0,0,0,0,0,0,1,0,0,0,0,0,0,0
0,1,0,1,0,0,0,0,0,0,0,0,0,0,0,1,1,1,1,0,0,1,0,0,0,0,1,0,0,0,0,0,0,0,0,0,0,1,1,0,0,1,0,0,0,0,0,1,0,0,0,1,0,0,0,0,0,0,0,0,0,0,1,0,0,0,0,0,0,0,1,0,0,0,1,0,0,0,0,1,0,0,1,0,0,0,0,1,1,0,0,0,0,0,0,0,0,0,0,0,0,0,0,0,0,0,0,0,0,1,0,1,0,0,0,0,0,0,1,0,0,1,0,0,0,0,0,0,0,0,1,0,0,0,0,0,0,0,1,0,0,0,0,0,0,0,0,1,0,0,0,0,0,0,0,0,0,0,0,0,1,0,0,1,0,0,0,0,0,0,0,0,0,0,0,0,1,0,0,0,0,0,0,0,0,0,0,0,0,0,0,0,0,0,0,0,1,0,0,0,0,0,0,0,0,0,0,0,0,0,0,0,0,0,0,1,0,0,0,0,0
0,1,0,1,0,1,1,0,0,0,0,0,0,0,0,1,1,1,1,0,0,1,0,0,0,0,1,0,0,0,1,0,0,0,1,0,0,1,1,1,0,1,0,1,0,0,0,1,0,0,0,0,0,0,0,0,0,1,1,0,0,0,1,0,0,0,0,0,0,1,1,0,0,0,1,0,0,0,0,1,0,0,1,0,0,0,0,1,1,0,0,0,0,0,0,0,0,1,0,0,0,0,0,0,0,0,0,0,0,1,0,1,1,1,0,0,0,1,1,0,0,1,0,0,0,0,0,1,1,1,1,0,0,0,0,0,0,0,1,0,0,0,0,0,0,0,1,1,0,0,0,0,1,1,0,0,0,0,0,0,1,0,0,1,0,1,0,1,1,0,0,0,0,1,0,1,1,0,0,0,0,0,1,0,0,0,1,0,0,1,1,0,0,0,0,0,0,1,0,0,1,0,0,0,0,0,0,1,0,0,1,0,0,0,1,0,0,0,1,0,0
0,1,0,1,0,1,0,0,0,0,0,0,0,0,0,1,1,1,1,0,0,1,0,0,0,0,1,0,0,0,1,0,0,0,1,0,0,1,1,1,0,1,0,1,0,0,0,1,0,0,0,0,0,0,0,0,0,1,1,0,0,0,1,0,0,0,0,0,0,1,1,0,0,0,1,0,0,0,0,1,0,0,1,0,0,0,0,1,1,0,0,0,0,0,0,0,0,1,0,0,0,0,0,0,0,0,0,0,0,1,0,1,1,1,0,0,0,1,1,0,0,1,0,0,0,0,0,1,1,0,1,0,0,0,0,0,0,0,1,0,0,0,0,0,0,0,1,1,0,0,0,0,1,1,0,0,0,0,0,0,1,0,0,1,0,1,0,0,1,0,0,0,0,1,0,1,1,0,0,0,0,0,1,0,0,0,1,0,0,1,0,0,0,0,0,0,0,0,0,0,0,0,0,0,0,0,0,1,0,0,0,0,0,0,1,0,0,0,0,0,0
0,1,0,1,0,1,0,0,0,0,0,0,0,0,0,1,1,1,1,0,0,1,0,0,0,0,1,0,0,0,1,0,0,0,1,0,0,1,1,1,0,1,0,1,0,0,0,1,0,0,0,0,0,0,0,0,0,1,1,0,0,0,1,0,0,0,0,0,0,1,1,0,0,0,1,0,0,0,0,1,0,0,1,0,0,0,0,1,1,0,0,0,0,0,0,0,0,1,0,0,0,0,0,0,0,0,0,0,0,1,0,1,1,1,0,0,0,1,1,0,0,1,0,0,0,0,0,1,1,0,1,0,0,0,0,0,0,0,1,0,0,0,0,0,0,0,1,1,0,0,0,0,1,1,0,0,0,0,0,0,1,0,0,1,0,1,0,0,1,0,0,0,0,1,0,1,1,0,0,0,0,0,1,0,0,0,1,0,0,1,0,0,0,0,0,0,0,1,0,0,0,0,0,0,0,0,0,0,0,0,1,0,0,0,0,0,0,0,1,0,0
0,1,0,1,0,1,1,0,0,0,0,0,0,0,0,1,1,1,1,0,0,1,0,0,0,0,1,0,0,0,1,0,0,0,0,0,0,1,1,1,0,1,0,1,0,0,0,1,1,0,0,1,0,0,0,0,0,1,1,0,0,0,1,0,0,0,0,0,1,0,1,0,0,0,1,0,0,0,0,1,0,0,1,0,0,0,0,1,1,0,1,0,0,0,0,0,0,1,0,0,0,0,0,0,0,0,0,0,0,1,0,1,1,1,1,0,0,1,1,0,0,1,0,1,0,1,0,1,1,1,1,0,0,0,0,0,1,0,1,1,0,0,0,0,0,1,1,1,0,0,0,0,0,1,0,0,0,0,0,1,1,1,0,1,0,1,0,1,1,0,0,0,0,1,0,1,1,0,0,1,0,1,0,0,0,0,1,0,0,1,1,0,0,0,0,0,0,0,1,1,1,0,0,0,0,0,0,1,1,0,0,0,1,0,1,0,1,0,0,0,1
0,1,0,1,0,0,0,0,0,0,0,0,0,0,0,1,1,1,1,0,0,1,0,0,0,0,1,0,0,0,0,0,0,0,0,0,0,1,1,0,0,1,0,0,0,0,0,1,0,0,0,0,0,0,0,0,0,0,0,0,0,0,1,0,0,0,0,0,0,0,1,0,0,0,1,0,0,0,0,1,0,0,1,0,0,0,0,1,1,0,0,0,0,0,0,0,0,0,0,0,0,0,0,0,0,0,0,0,0,1,0,1,0,0,0,0,0,0,1,0,0,1,0,0,0,0,0,0,0,0,1,0,0,0,0,0,0,0,1,0,0,0,0,0,0,0,0,1,0,0,0,0,0,0,0,0,0,0,0,0,1,0,0,1,0,0,0,0,0,0,0,0,0,0,0,0,1,0,0,0,0,0,0,0,0,0,0,0,0,0,0,0,0,0,0,0,0,0,0,0,0,0,0,0,0,0,0,0,0,0,0,0,0,0,0,0,0,0,0,0,0
0,1,0,1,0,1,1,0,0,0,0,0,0,0,0,1,1,1,1,0,0,1,0,0,0,0,1,0,0,0,1,0,0,0,0,0,0,1,1,1,0,1,0,1,0,0,0,1,1,0,0,1,0,0,0,0,0,1,1,0,0,0,1,0,0,0,0,0,1,0,1,0,0,0,1,0,0,0,0,1,0,0,1,0,0,0,0,1,1,0,1,0,0,0,0,0,0,1,0,0,0,0,0,0,0,0,0,0,0,1,0,1,1,1,1,0,0,1,1,0,0,1,0,1,0,1,0,1,1,0,1,0,0,0,0,0,1,0,1,1,0,0,0,0,0,1,1,1,0,0,0,0,0,1,0,0,0,0,0,1,1,1,0,1,0,1,0,0,1,0,0,0,0,1,0,1,1,0,0,1,0,1,0,0,0,0,1,0,0,1,0,0,0,0,0,0,0,1,1,0,0,0,0,0,0,0,0,0,1,0,1,0,1,0,0,0,1,0,1,0,1
0,1,0,1,0,1,1,0,1,0,1,0,1,1,0,1,1,1,1,0,0,1,1,1,0,1,1,0,1,1,1,1,0,1,0,0,0,1,1,1,0,1,0,1,1,1,0,1,1,0,0,1,1,1,1,1,0,1,1,1,1,1,1,1,1,1,0,1,1,0,1,0,1,0,0,1,0,0,0,1,0,0,0,1,1,0,0,1,1,1,1,1,1,1,0,0,1,1,0,0,0,1,1,0,1,1,1,0,0,1,0,1,1,1,0,1,0,1,1,0,0,1,1,1,0,0,0,1,1,0,1,0,0,0,0,1,1,0,1,1,1,0,0,1,0,1,1,1,0,0,0,0,0,1,0,0,0,0,0,1,1,0,0,1,1,1,0,0,1,0,1,0,0,1,1,1,1,1,0,0,1,1,0,0,0,1,1,0,0,1,0,1,0,0,0,1,1,1,0,0,0,1,1,0,0,0,0,1,0,0,0,0,0,1,1,0,0,0,0,0,0
1,1,0,1,0,1,1,0,1,0,1,0,1,1,0,1,1,1,1,0,0,1,1,1,0,1,1,0,1,1,1,1,0,1,0,0,0,1,1,1,0,1,0,1,1,1,0,1,1,0,0,1,1,1,1,1,0,1,1,1,1,1,1,1,1,1,0,1,1,0,1,0,1,0,0,1,0,0,0,1,0,0,0,1,1,0,0,1,1,1,1,1,1,1,0,0,1,1,0,0,0,1,1,0,1,1,1,0,0,1,0,1,1,1,0,1,0,1,1,0,0,1,1,1,0,0,0,1,1,0,1,0,0,0,0,1,1,0,1,1,1,0,0,1,0,1,1,1,0,0,0,0,0,1,0,0,0,0,0,1,1,0,0,1,1,1,0,0,1,0,1,0,0,1,1,1,1,1,0,0,1,1,0,0,0,1,1,0,0,1,0,1,0,0,0,1,1,1,0,0,0,1,1,0,0,0,0,1,0,0,0,0,0,0,1,0,0,0,0,0,0
0,1,0,1,0,0,0,0,1,1,1,0,1,1,0,1,1,1,1,0,0,1,1,1,0,1,1,0,1,1,0,1,1,1,0,0,0,1,1,0,1,1,0,0,1,1,1,1,0,0,0,0,1,1,1,1,0,0,0,1,1,1,1,1,1,1,0,1,0,0,1,0,1,0,0,1,0,0,0,1,0,0,0,1,1,0,0,1,1,1,0,1,1,1,0,0,1,0,1,0,1,1,1,0,1,1,1,0,0,1,0,1,0,0,0,1,0,0,1,1,0,1,1,0,0,0,0,0,0,0,1,0,0,0,0,1,0,1,1,0,1,0,1,1,0,0,0,1,0,0,0,0,0,0,0,0,0,0,0,0,1,0,0,1,1,0,0,0,0,0,1,0,0,0,1,0,1,1,0,0,1,0,0,0,0,1,0,0,0,0,0,0,0,0,0,1,1,0,0,0,0,0,0,0,0,0,0,0,0,0,0,0,0,0,0,0,0,0,0,0,0
1,1,0,1,0,1,1,0,1,0,1,0,1,1,0,1,1,1,1,0,0,1,1,1,0,1,1,0,1,1,1,1,0,1,0,0,0,1,1,1,0,1,0,1,1,1,0,1,1,0,0,1,1,1,1,1,0,1,1,1,1,1,1,1,1,1,0,1,1,0,1,0,1,0,0,1,0,0,0,1,0,0,0,1,1,0,0,1,1,1,1,1,1,1,0,0,1,1,0,0,0,1,1,0,1,1,1,0,0,1,0,1,1,1,0,1,0,1,1,0,0,1,1,1,0,0,0,1,1,0,1,0,0,0,0,1,1,0,1,1,1,0,0,1,0,1,1,1,0,0,0,0,0,1,0,0,0,0,0,1,1,0,0,1,1,1,0,0,1,0,1,0,0,1,1,1,1,1,0,0,1,1,0,0,0,1,1,0,0,1,0,1,0,0,0,1,1,1,0,0,0,1,1,0,0,0,0,1,0,0,0,0,0,1,1,0,0,0,0,0,0
0,1,0,1,0,1,0,0,1,1,1,0,1,1,0,1,1,1,1,0,0,1,1,1,0,1,1,0,1,1,1,1,1,1,0,0,0,1,1,1,1,1,0,1,1,1,1,1,1,0,0,1,1,1,1,1,0,1,1,1,1,1,1,1,1,1,0,1,1,0,1,0,1,0,0,1,0,0,0,1,0,0,0,1,1,0,0,1,1,1,1,1,1,1,0,0,1,1,1,0,1,1,1,0,1,1,1,0,0,1,0,1,1,1,0,1,0,1,1,1,0,1,1,1,0,0,0,1,1,0,1,0,0,0,0,1,1,1,1,1,1,0,1,1,0,1,1,1,0,0,0,0,0,1,0,0,0,0,0,1,1,0,0,1,1,1,0,0,1,0,1,0,0,1,1,1,1,1,0,0,1,1,0,0,0,1,1,0,0,1,0,1,0,0,0,1,1,0,0,0,0,1,0,0,0,0,0,1,0,0,0,0,0,0,1,0,0,0,0,0,0
0,1,0,1,1,0,0,0,1,1,1,0,1,1,0,1,1,1,1,0,0,1,1,1,0,1,1,0,1,1,0,1,1,1,0,0,0,1,1,0,1,1,0,0,1,1,1,1,0,0,0,0,1,1,1,1,0,0,0,1,1,1,1,1,1,1,0,1,0,0,1,0,1,0,0,1,0,0,0,1,0,0,0,1,1,0,0,1,1,1,0,1,1,1,0,0,1,0,1,0,1,1,1,0,1,1,1,0,0,1,0,1,0,0,0,1,0,0,1,1,0,1,1,0,0,0,0,0,0,0,1,0,0,0,0,1,0,1,1,0,1,0,1,1,0,0,0,1,0,0,0,0,0,0,0,0,0,0,0,0,1,0,0,1,1,0,0,0,0,0,1,0,0,0,1,0,1,1,0,0,1,0,0,0,0,1,0,0,0,0,0,0,0,0,0,1,1,0,0,0,0,0,0,0,0,0,0,0,0,0,0,0,0,1,0,0,0,0,0,0,0
0,1,0,1,0,0,0,0,1,1,1,0,1,1,0,1,1,1,1,0,0,1,1,1,0,1,1,0,1,1,0,1,1,1,0,0,0,1,1,0,1,1,0,0,1,1,1,1,0,0,0,0,1,1,1,1,0,0,0,1,1,1,1,1,1,1,0,1,0,0,1,0,1,0,0,1,0,0,0,1,0,0,0,1,1,0,0,1,1,1,0,1,1,1,0,0,1,0,1,0,1,1,1,0,1,1,1,0,0,1,0,1,0,0,0,1,0,0,1,1,0,1,1,0,0,0,0,0,0,0,1,0,0,0,0,1,0,1,1,0,1,0,1,1,0,0,0,1,0,0,0,0,0,0,0,0,0,0,0,0,1,0,0,1,1,0,0,0,0,0,1,0,0,0,1,0,1,1,0,0,1,0,0,0,0,1,0,0,0,0,0,0,0,0,0,1,1,0,0,0,0,0,0,0,0,0,0,0,0,0,0,0,0,0,0,0,0,0,0,0,0
0,1,0,1,0,0,0,0,1,1,1,0,1,1,0,1,1,1,1,0,0,1,1,1,0,1,1,0,1,1,0,1,1,1,0,0,0,1,1,0,1,1,0,0,1,1,1,1,0,0,0,1,1,1,1,1,0,0,0,1,1,1,1,1,1,1,0,1,0,0,1,0,1,0,0,1,0,0,0,1,0,0,0,1,1,0,0,1,1,1,0,1,1,1,0,0,1,0,1,0,1,1,1,0,1,1,1,0,0,1,0,1,0,0,0,1,0,0,1,1,0,1,1,0,0,0,0,0,0,0,1,0,0,0,0,1,0,1,1,0,1,0,1,1,0,0,0,1,0,0,0,0,0,0,0,0,0,0,0,0,1,0,0,1,1,0,0,0,0,0,1,0,0,0,1,0,1,1,0,0,1,0,0,0,0,1,0,0,0,0,0,0,0,0,0,1,1,0,0,0,0,0,0,0,0,0,0,0,0,0,0,0,0,1,0,0,0,0,0,0,0
0,1,0,1,0,0,0,0,1,0,1,0,1,1,0,1,1,1,1,0,0,1,1,1,0,1,1,0,1,1,0,1,0,1,0,0,0,1,1,0,0,1,0,0,1,1,0,1,0,0,0,1,1,1,1,1,0,0,0,1,1,1,1,1,1,1,0,1,0,0,1,0,1,0,0,1,0,0,0,1,0,0,0,1,1,0,0,1,1,1,0,1,1,1,0,0,1,0,0,0,0,1,1,0,1,1,1,0,0,1,0,1,0,0,0,1,0,0,1,0,0,1,1,0,0,0,0,0,0,0,1,0,0,0,0,1,0,0,1,0,1,0,0,1,0,0,0,1,0,0,0,0,0,0,0,0,0,0,0,0,1,0,0,1,1,0,0,0,0,0,1,0,0,0,1,0,1,1,0,0,1,0,0,0,0,1,0,0,0,0,0,0,0,0,0,1,1,0,0,0,0,0,0,0,0,0,0,0,0,0,0,0,0,1,0,0,0,0,0,0,0
1,1,0,1,0,0,0,0,1,0,1,0,1,1,0,1,1,1,1,0,0,1,1,1,0,1,1,0,1,1,0,1,0,1,0,0,0,1,1,0,0,1,0,0,1,1,0,1,0,0,0,1,1,1,1,1,0,0,0,1,1,1,1,1,1,1,0,1,0,0,1,0,1,0,0,1,0,0,0,1,0,0,0,1,1,0,0,1,1,1,0,1,1,1,0,0,1,0,0,0,0,1,1,0,1,1,1,0,0,1,0,1,0,0,0,1,0,0,1,0,0,1,1,0,0,0,0,0,0,0,1,0,0,0,0,1,0,0,1,0,1,0,0,1,0,0,0,1,0,0,0,0,0,0,0,0,0,0,0,0,1,0,0,1,1,0,0,0,0,0,1,0,0,0,1,0,1,1,0,0,1,0,0,0,0,1,0,0,0,0,0,0,0,0,0,1,1,0,0,0,0,0,0,0,0,0,0,0,0,0,0,0,0,1,0,0,0,0,0,0,0
0,1,0,1,0,1,1,0,1,1,1,0,1,1,0,1,1,1,1,0,0,1,1,1,0,1,1,0,1,1,1,1,1,1,0,0,1,0,1,1,1,1,0,1,1,1,1,1,1,0,0,1,1,1,1,1,0,1,1,1,1,1,1,1,1,1,0,1,1,0,1,0,1,0,0,1,0,0,0,1,0,0,0,1,1,0,0,1,1,1,1,1,1,1,0,0,1,1,1,0,1,1,1,0,1,1,1,0,0,1,0,1,1,1,0,1,0,1,1,1,0,1,1,1,0,0,0,1,1,0,1,0,0,0,0,1,1,1,0,1,1,0,1,1,0,1,1,1,0,0,0,0,0,1,0,0,0,0,0,1,1,0,0,1,1,1,0,0,1,0,1,0,0,1,1,1,1,1,0,0,1,1,0,0,0,1,1,0,0,1,0,1,0,0,0,1,1,1,0,0,0,1,1,0,0,0,0,1,0,0,0,0,0,0,1,0,0,0,0,0,0
1,1,0,1,0,1,1,0,1,0,1,0,1,1,0,1,1,1,1,0,0,1,1,1,0,1,1,0,1,1,1,1,0,1,0,0,1,0,1,1,0,1,0,1,1,1,0,1,1,0,0,1,1,1,1,1,0,1,1,1,1,1,1,1,1,1,0,1,1,0,1,0,1,0,0,1,0,0,0,1,0,0,0,1,1,0,0,1,1,1,1,1,1,1,0,0,1,1,0,0,0,1,1,0,1,1,1,0,0,1,0,1,1,1,0,1,0,1,1,0,0,1,1,1,0,0,0,1,1,0,1,0,0,0,0,1,1,0,0,1,1,0,0,1,0,1,1,1,0,0,0,0,0,1,0,0,0,0,0,1,1,0,0,1,1,1,0,0,1,0,1,0,0,1,1,1,1,1,0,0,1,1,0,0,0,1,1,0,0,1,0,1,0,0,0,1,1,1,0,0,0,1,1,0,0,0,1,1,0,1,0,0,0,0,1,0,0,1,0,0,0
0,1,0,1,0,0,0,0,1,1,1,0,1,1,0,1,1,1,1,0,0,1,1,1,0,1,1,0,1,1,0,1,1,1,0,0,1,0,1,0,1,1,0,0,1,1,1,1,0,0,0,0,1,1,1,1,0,0,0,1,1,1,1,1,1,1,0,1,0,0,1,0,1,0,0,1,0,0,0,1,0,0,0,1,1,0,0,1,1,1,0,1,1,1,0,0,1,0,1,0,1,1,1,0,1,1,1,0,0,1,0,1,0,0,0,1,0,0,1,1,0,1,1,0,0,0,0,0,0,0,1,0,0,0,0,1,0,1,0,0,1,0,1,1,0,0,0,1,0,0,0,0,0,0,0,0,0,0,0,0,1,0,0,1,1,0,0,0,0,0,1,0,0,0,1,0,1,1,0,0,1,0,0,0,0,1,0,0,0,0,0,0,0,0,0,1,1,0,0,0,0,0,0,0,0,0,1,0,0,1,0,0,0,0,0,0,0,1,0,0,0
1,1,0,1,0,1,1,0,1,0,1,0,1,1,0,1,1,1,1,0,0,1,1,1,0,1,1,0,1,1,1,1,0,1,0,0,1,0,1,1,0,1,0,1,1,1,0,1,1,0,0,1,1,1,1,1,0,1,1,1,1,1,1,1,1,1,0,1,1,0,1,0,1,0,0,1,0,0,0,1,0,0,0,1,1,0,0,1,1,1,1,1,1,1,0,0,1,1,0,0,0,1,1,0,1,1,1,0,0,1,0,1,1,1,0,1,0,1,1,0,0,1,1,1,0,0,0,1,1,0,1,0,0,0,0,1,1,0,0,1,1,0,0,1,0,1,1,1,0,0,0,0,0,1,0,0,0,0,0,1,1,0,0,1,1,1,0,0,1,0,1,0,0,1,1,1,1,1,0,0,1,1,0,0,0,1,1,0,0,1,0,1,0,0,0,1,1,1,0,0,0,1,1,0,0,0,1,1,0,1,0,0,0,0,1,0,0,1,0,0,0
0,1,0,1,0,0,0,0,1,1,1,0,1,1,0,1,1,1,1,0,0,1,1,1,0,1,1,0,1,1,0,1,1,1,0,0,1,0,1,0,1,1,0,0,1,1,1,1,0,0,0,0,1,1,1,1,0,0,0,1,1,1,1,1,1,1,0,1,0,0,1,0,1,0,0,1,0,0,0,1,0,0,0,1,1,0,0,1,1,1,0,1,1,1,0,0,1,0,1,0,1,1,1,0,1,1,1,0,0,1,0,1,0,0,0,1,0,0,1,1,0,1,1,0,0,0,0,0,0,0,1,0,0,0,0,1,0,1,0,0,1,0,1,1,0,0,0,1,0,0,0,0,0,0,0,0,0,0,0,0,1,0,0,1,1,0,0,0,0,0,1,0,0,0,1,0,1,1,0,0,1,0,0,0,0,1,0,0,0,0,0,0,0,0,0,1,1,0,0,0,0,0,0,0,0,0,0,0,0,0,0,0,0,0,0,0,0,0,0,0,0
0,1,0,1,0,0,0,0,1,1,1,0,1,1,0,1,1,1,1,0,0,1,1,1,0,1,1,0,1,1,0,1,1,1,0,0,1,0,1,0,1,1,0,0,1,1,1,1,0,0,0,0,1,1,1,1,0,0,0,1,1,1,1,1,1,1,0,1,0,0,1,0,1,0,0,1,0,0,0,1,0,0,0,1,1,0,0,1,1,1,0,1,1,1,0,0,1,0,1,0,1,1,1,0,1,1,1,0,0,1,0,1,0,0,0,1,0,0,1,1,0,1,1,0,0,0,0,0,0,0,1,0,0,0,0,1,0,1,0,0,1,0,1,1,0,0,0,1,0,0,0,0,0,0,0,0,0,0,0,0,1,0,0,1,1,0,0,0,0,0,1,0,0,0,1,0,1,1,0,0,1,0,0,0,0,1,0,0,0,0,0,0,0,0,0,1,1,0,0,0,0,0,0,0,0,0,0,0,0,0,0,0,0,0,0,0,0,0,0,0,0
0,1,0,1,0,0,0,0,1,1,1,0,1,1,0,1,1,1,1,0,0,1,1,1,0,1,1,0,1,1,0,1,1,1,0,0,1,0,1,0,1,1,0,0,1,1,1,1,0,0,0,1,1,1,1,1,0,0,0,1,1,1,1,1,1,1,0,1,0,0,1,0,1,0,0,1,0,0,0,1,0,0,0,1,1,0,0,1,1,1,0,1,1,1,0,0,1,0,1,0,1,1,1,0,1,1,1,0,0,1,0,1,0,0,0,1,0,0,1,1,0,1,1,0,0,0,0,0,0,0,1,0,0,0,0,1,0,1,0,0,1,0,1,1,0,0,0,1,0,0,0,0,0,0,0,0,0,0,0,0,1,0,0,1,1,0,0,0,0,0,1,0,0,0,1,0,1,1,0,0,1,0,0,0,0,1,0,0,0,0,0,0,0,0,0,1,1,0,0,0,0,0,0,0,0,0,1,0,0,1,0,0,0,0,0,0,0,1,0,0,0
1,1,0,1,0,0,0,0,1,0,1,0,1,1,0,1,1,1,1,0,0,1,1,1,0,1,1,0,1,1,0,1,0,1,0,0,1,0,1,0,0,1,0,0,1,1,0,1,0,0,0,1,1,1,1,1,0,0,0,1,1,1,1,1,1,1,0,1,0,0,1,0,1,0,0,1,0,0,0,1,0,0,0,1,1,0,0,1,1,1,0,1,1,1,0,0,1,0,0,0,0,1,1,0,1,1,1,0,0,1,0,1,0,0,0,1,0,0,1,0,0,1,1,0,0,0,0,0,0,0,1,0,0,0,0,1,0,0,0,0,1,0,0,1,0,0,0,1,0,0,0,0,0,0,0,0,0,0,0,0,1,0,0,1,1,0,0,0,0,0,1,0,0,0,1,0,1,1,0,0,1,0,0,0,0,1,0,0,0,0,0,0,0,0,0,1,1,0,0,0,0,0,0,0,0,0,0,0,0,0,0,0,0,1,0,0,0,0,0,0,0
0,1,0,1,0,0,0,0,1,0,1,0,1,1,0,1,1,1,1,0,0,1,1,1,0,1,1,0,1,1,0,1,0,1,0,0,1,0,1,0,0,1,0,0,1,1,0,1,0,0,0,1,1,1,1,1,0,0,0,1,1,1,1,1,1,1,0,1,0,0,1,0,1,0,0,1,0,0,0,1,0,0,0,1,1,0,0,1,1,1,0,1,1,1,0,0,1,0,0,0,0,1,1,0,1,1,1,0,0,1,0,1,0,0,0,1,0,0,1,0,0,1,1,0,0,0,0,0,0,0,1,0,0,0,0,1,0,0,0,0,1,0,0,1,0,0,0,1,0,0,0,0,0,0,0,0,0,0,0,0,1,0,0,1,1,0,0,0,0,0,1,0,0,0,1,0,1,1,0,0,1,0,0,0,0,1,0,0,0,0,0,0,0,0,0,1,1,0,0,0,0,0,0,0,0,0,0,0,0,0,0,0,0,1,0,0,0,0,0,0,0
1,1,0,1,0,0,0,0,1,0,1,0,1,1,0,1,1,1,1,0,0,1,1,1,0,1,1,0,1,1,0,1,0,1,0,0,1,0,1,0,0,1,0,0,1,1,0,1,0,0,0,1,1,1,1,1,0,0,0,1,1,1,1,1,1,1,0,1,0,0,1,0,1,0,0,1,0,0,0,1,0,0,0,1,1,0,0,1,1,1,0,1,1,1,0,0,1,0,0,0,0,1,1,0,1,1,1,0,0,1,0,1,0,0,0,1,0,0,1,0,0,1,1,0,0,0,0,0,0,0,1,0,0,0,0,1,0,0,0,0,1,0,0,1,0,0,0,1,0,0,0,0,0,0,0,0,0,0,0,0,1,0,0,1,1,0,0,0,0,0,1,0,0,0,1,0,1,1,0,0,1,0,0,0,0,1,0,0,0,0,0,0,0,0,0,1,1,0,0,0,0,0,0,0,0,0,1,0,0,1,0,0,0,1,0,0,0,1,0,0,0
1,1,0,1,0,0,0,0,1,0,1,0,1,1,0,1,1,1,1,0,0,1,1,1,0,1,1,0,1,1,0,1,0,1,0,0,1,0,1,0,0,1,0,0,1,1,0,1,0,0,0,1,1,1,1,1,0,0,0,1,1,1,1,1,1,1,0,1,0,0,1,0,1,0,0,1,0,0,0,1,0,0,0,1,1,0,0,1,1,1,0,1,1,1,0,0,1,0,0,0,0,1,1,0,1,1,1,0,0,1,0,1,0,0,0,1,0,0,1,0,0,1,1,0,0,0,0,0,0,0,1,0,0,0,0,1,0,0,0,0,1,0,0,1,0,0,0,1,0,0,0,0,0,0,0,0,0,0,0,0,1,0,0,1,1,0,0,0,0,0,1,0,0,0,1,0,1,1,0,0,1,0,0,0,0,1,0,0,0,0,0,0,0,0,0,1,1,0,0,0,0,0,0,0,0,0,1,0,0,1,0,0,0,1,0,0,0,1,0,0,0
0,1,0,1,0,1,1,0,1,0,1,0,1,1,0,1,1,1,1,0,0,1,1,1,0,1,1,0,1,1,1,1,0,1,0,0,1,0,1,1,0,1,0,1,1,1,0,1,1,0,0,1,1,1,1,1,0,1,1,1,1,1,1,1,1,1,0,1,1,0,1,1,1,0,0,1,0,1,0,1,1,0,0,1,1,1,0,1,1,1,1,1,1,1,0,0,1,1,0,0,0,1,1,0,1,0,1,1,0,1,0,1,1,1,0,1,0,1,1,0,0,1,1,1,0,0,0,1,1,0,1,0,1,0,0,1,1,0,0,1,1,0,0,1,0,1,1,1,0,0,0,0,0,1,0,0,0,0,0,1,1,0,0,1,1,1,0,0,1,0,1,0,0,1,1,1,1,1,0,0,1,1,0,0,0,1,1,0,0,1,0,1,0,0,0,1,1,1,0,0,0,1,1,0,0,0,1,1,0,1,0,0,0,0,1,0,0,1,0,0,0
0,1,0,1,1,1,1,0,1,0,1,0,1,1,0,1,1,1,1,0,0,1,1,1,0,1,1,0,1,1,1,1,0,1,0,0,1,0,1,1,0,1,0,1,1,1,0,1,1,0,0,1,1,1,1,1,0,1,1,1,1,1,1,1,1,1,0,1,1,0,1,1,1,0,0,1,0,1,0,1,1,0,0,1,1,1,0,1,1,1,1,1,1,1,0,0,1,1,0,0,0,1,1,0,1,0,1,1,0,1,0,1,1,1,0,1,0,1,1,0,0,1,1,1,0,0,0,1,1,0,1,0,1,0,0,1,1,0,0,1,1,0,0,1,0,1,1,1,0,0,0,0,0,1,0,0,0,0,0,1,1,0,0,1,1,1,0,0,1,0,1,0,0,1,1,1,1,1,0,0,1,1,0,0,0,1,1,0,0,1,0,1,0,0,0,1,1,1,0,0,0,1,1,0,0,0,1,1,0,1,0,0,0,0,1,0,0,1,0,0,0
0,1,0,1,0,1,1,0,1,1,1,0,1,1,0,1,1,1,1,0,0,1,1,1,0,1,1,0,1,1,1,1,1,1,0,0,1,0,1,1,1,1,0,1,1,1,1,1,1,0,0,1,1,1,1,1,0,1,1,1,1,1,1,1,1,1,0,1,1,0,1,1,1,0,0,1,0,1,0,1,1,0,0,1,1,1,0,1,1,1,1,1,1,1,0,0,1,1,1,0,1,1,1,0,1,0,1,1,0,1,0,1,1,1,0,1,0,1,1,1,0,1,1,1,0,0,0,1,1,0,1,0,1,0,0,1,1,1,0,1,1,0,1,1,0,1,1,1,0,0,0,0,0,1,0,0,0,0,0,1,1,0,0,1,1,1,0,0,1,0,1,0,0,1,1,1,1,1,0,0,1,1,0,0,0,1,1,0,0,1,0,1,0,0,0,1,1,1,0,0,0,1,1,0,0,0,0,1,0,0,0,0,0,0,1,0,0,0,0,0,0
0,1,0,1,0,1,1,0,1,0,1,0,1,1,0,1,1,1,1,0,0,1,1,1,0,1,1,0,1,1,1,1,0,1,0,0,1,0,1,1,0,1,0,1,1,1,0,1,1,0,0,1,1,1,1,1,0,1,1,1,1,1,1,1,1,1,0,1,1,0,1,1,1,0,0,1,0,1,0,1,1,0,0,1,1,1,0,1,1,1,1,1,1,1,0,0,1,1,0,0,0,1,1,0,1,0,1,1,0,1,0,1,1,1,0,1,0,1,1,0,0,1,1,1,0,0,0,1,1,0,1,0,1,0,0,1,1,0,0,1,1,0,0,1,0,1,1,1,0,0,0,0,0,1,0,0,0,0,0,1,1,0,0,1,1,1,0,0,1,0,1,0,0,1,1,1,1,1,0,0,1,1,0,0,0,1,1,0,0,1,0,1,0,0,0,1,1,1,0,0,0,1,1,0,0,0,0,1,0,0,0,0,0,0,1,0,0,0,0,0,0
0,1,0,1,0,1,1,0,1,0,1,0,1,1,0,1,1,1,1,0,0,1,1,1,0,1,1,0,1,1,1,1,0,1,0,0,1,0,1,1,0,1,0,1,1,1,0,1,1,0,0,1,1,1,1,1,0,1,1,1,1,1,1,1,1,1,0,1,1,0,1,1,1,0,0,1,0,1,0,1,1,0,0,1,1,1,0,1,1,1,1,1,1,1,0,0,1,1,0,0,0,1,1,0,1,0,1,1,0,1,0,1,1,1,0,1,0,1,1,0,0,1,1,1,0,0,0,1,1,0,1,0,1,0,0,1,1,0,0,1,1,0,0,1,0,1,1,1,0,0,0,0,0,1,0,0,0,0,0,1,1,0,0,1,1,1,0,0,1,0,1,0,0,1,1,1,1,1,0,0,1,1,0,0,0,1,1,0,0,1,0,1,0,0,0,1,1,1,0,0,0,1,1,0,0,0,0,1,0,0,0,0,0,0,1,0,0,0,0,0,0
0,1,0,1,0,1,1,0,1,0,1,0,1,1,0,1,1,1,1,0,0,1,1,1,0,1,1,0,1,1,1,1,0,1,0,0,1,0,1,1,0,1,0,1,1,1,0,1,1,0,0,1,1,1,1,1,0,1,1,1,1,1,1,1,1,1,0,1,1,0,1,1,1,0,0,1,0,1,0,1,1,0,0,1,1,1,0,1,1,1,1,1,1,1,0,0,1,1,0,0,0,1,1,0,1,0,1,1,0,1,0,1,1,1,0,1,0,1,1,0,0,1,1,1,0,0,0,1,1,0,1,0,1,0,0,1,1,0,0,1,1,0,0,1,0,1,1,1,0,0,0,0,0,1,0,0,0,0,0,1,1,0,0,1,1,1,0,0,1,0,1,0,0,1,1,1,1,1,0,0,1,1,0,0,0,1,1,0,0,1,0,1,0,0,0,1,1,1,0,0,0,1,1,0,0,0,0,1,0,0,0,0,0,0,1,0,0,0,0,0,0
0,1,0,1,0,1,1,0,1,0,1,0,1,1,0,1,1,1,1,0,0,1,1,1,0,1,1,0,1,1,1,1,0,1,0,0,1,0,1,1,0,1,0,1,1,1,0,1,1,0,0,1,1,1,1,1,0,1,1,1,1,1,1,1,1,1,0,1,1,0,1,1,1,0,0,1,0,1,0,1,1,0,0,1,1,1,0,1,1,1,1,1,1,1,0,0,1,1,0,0,0,1,1,0,1,0,1,1,0,1,0,1,1,1,0,1,0,1,1,0,0,1,1,1,0,0,0,1,1,0,1,0,1,0,0,1,1,0,0,1,1,0,0,1,0,1,1,1,0,0,0,0,0,1,0,0,0,0,0,1,1,0,0,1,1,1,0,0,1,0,1,0,0,1,1,1,1,1,0,0,1,1,0,0,0,1,1,0,0,1,0,1,0,0,0,1,1,1,0,0,0,1,1,0,0,0,1,1,0,1,0,0,0,0,1,0,0,1,0,0,0
1,1,0,1,0,1,1,0,1,0,1,0,1,1,0,1,1,1,1,0,0,1,1,1,0,1,1,0,1,1,1,1,0,1,0,0,1,0,1,1,0,1,0,1,1,1,0,1,1,0,0,1,1,1,1,1,0,1,1,1,1,1,1,1,1,1,0,1,1,0,1,1,1,0,0,1,0,1,0,1,1,0,0,1,1,1,0,1,1,1,1,1,1,1,0,0,1,1,0,0,0,1,1,0,1,0,1,1,0,1,0,1,1,1,0,1,0,1,1,0,0,1,1,1,0,0,0,1,1,0,1,0,1,0,0,1,1,0,0,1,1,0,0,1,0,1,1,1,0,0,0,0,0,1,0,0,0,0,0,1,1,0,0,1,1,1,0,0,1,0,1,0,0,1,1,1,1,1,0,0,1,1,0,0,0,1,1,0,0,1,0,1,0,0,0,1,1,1,0,0,0,1,1,0,0,0,1,1,0,1,0,0,0,0,1,0,0,1,0,0,0
0,1,0,1,0,1,1,0,1,1,1,0,1,1,0,1,1,1,1,0,0,1,1,1,0,1,1,0,1,1,1,1,1,1,0,0,1,0,1,1,1,1,0,1,1,1,1,1,0,0,0,0,1,1,1,1,0,1,1,1,1,1,1,1,1,1,0,1,1,0,1,1,1,0,0,1,0,1,0,1,1,0,0,1,1,1,0,1,1,1,1,1,1,1,0,0,1,1,1,0,1,1,1,0,1,0,1,1,0,1,0,1,1,1,0,1,0,1,1,1,0,1,1,1,0,0,0,1,1,0,1,0,1,0,0,1,1,1,0,1,1,0,1,1,0,1,1,1,0,0,0,0,0,1,0,0,0,0,0,1,1,0,0,1,1,1,0,0,1,0,1,0,0,1,1,1,1,1,0,0,1,1,0,0,0,1,1,0,0,1,0,1,0,0,0,1,1,0,0,0,0,1,0,0,0,0,0,1,0,0,0,0,0,0,1,0,0,0,0,0,0
0,1,0,1,1,1,0,0,1,1,1,0,1,1,0,1,1,1,1,0,0,1,1,1,0,1,1,0,1,1,1,1,1,1,0,0,1,0,1,0,1,1,0,1,1,1,1,1,0,0,0,0,1,1,1,1,0,0,0,1,1,1,1,1,1,1,0,1,0,0,1,1,1,0,0,1,0,1,0,1,1,0,0,1,1,1,0,1,1,1,0,1,1,1,0,0,1,0,1,0,1,1,1,0,1,0,1,1,0,1,0,1,0,0,0,1,0,0,1,1,0,1,1,0,0,0,0,0,0,0,1,0,1,0,0,1,0,1,0,0,1,0,1,1,0,0,0,1,0,0,0,0,0,0,0,0,0,0,0,0,1,0,0,1,1,0,0,0,0,0,1,0,0,0,1,0,1,1,0,0,1,0,0,0,0,1,0,0,0,0,0,0,0,0,0,1,1,0,0,0,0,0,0,0,0,0,1,0,0,1,0,0,0,0,0,0,0,1,0,0,0
0,1,0,1,0,1,0,0,1,1,1,0,1,1,0,1,1,1,1,0,0,1,1,1,0,1,1,0,1,1,1,1,1,1,0,0,1,0,1,0,1,1,0,1,1,1,1,1,0,0,0,0,1,1,1,1,0,0,0,1,1,1,1,1,1,1,0,1,0,0,1,1,1,0,0,1,0,1,0,1,1,0,0,1,1,1,0,1,1,1,0,1,1,1,0,0,1,0,1,0,1,1,1,0,1,0,1,1,0,1,0,1,0,0,0,1,0,0,1,1,0,1,1,0,0,0,0,0,0,0,1,0,1,0,0,1,0,1,0,0,1,0,1,1,0,0,0,1,0,0,0,0,0,0,0,0,0,0,0,0,1,0,0,1,1,0,0,0,0,0,1,0,0,0,1,0,1,1,0,0,1,0,0,0,0,1,0,0,0,0,0,0,0,0,0,1,1,0,0,0,0,0,0,0,0,0,0,0,0,0,0,0,0,0,0,0,0,0,0,0,0
0,1,0,1,0,1,0,0,1,1,1,0,1,1,0,1,1,1,1,0,0,1,1,1,0,1,1,0,1,1,1,1,1,1,0,0,1,0,1,0,1,1,0,1,1,1,1,1,0,0,0,0,1,1,1,1,0,0,0,1,1,1,1,1,1,1,0,1,0,0,1,1,1,0,0,1,0,1,0,1,1,0,0,1,1,1,0,1,1,1,0,1,1,1,0,0,1,0,1,0,1,1,1,0,1,0,1,1,0,1,0,1,0,0,0,1,0,0,1,1,0,1,1,0,0,0,0,0,0,0,1,0,1,0,0,1,0,1,0,0,1,0,1,1,0,0,0,1,0,0,0,0,0,0,0,0,0,0,0,0,1,0,0,1,1,0,0,0,0,0,1,0,0,0,1,0,1,1,0,0,1,0,0,0,0,1,0,0,0,0,0,0,0,0,0,1,1,0,0,0,0,0,0,0,0,0,0,0,0,0,0,0,0,0,0,0,0,0,0,0,0
0,1,0,1,0,1,0,0,1,1,1,0,1,1,0,1,1,1,1,0,0,1,1,1,0,1,1,0,1,1,1,1,1,1,0,0,1,0,1,0,1,1,0,1,1,1,1,1,0,0,0,0,1,1,1,1,0,0,0,1,1,1,1,1,1,1,0,1,0,0,1,1,1,0,0,1,0,1,0,1,1,0,0,1,1,1,0,1,1,1,0,1,1,1,0,0,1,0,1,0,1,1,1,0,1,0,1,1,0,1,0,1,0,0,0,1,0,0,1,1,0,1,1,0,0,0,0,0,0,0,1,0,1,0,0,1,0,1,0,0,1,0,1,1,0,0,0,1,0,0,0,0,0,0,0,0,0,0,0,0,1,0,0,1,1,0,0,0,0,0,1,0,0,0,1,0,1,1,0,0,1,0,0,0,0,1,0,0,0,0,0,0,0,0,0,1,1,0,0,0,0,0,0,0,0,0,0,0,0,0,0,0,0,0,0,0,0,0,0,0,0
0,1,0,1,0,1,0,0,1,1,1,0,1,1,0,1,1,1,1,0,0,1,1,1,0,1,1,0,1,1,1,1,1,1,0,0,1,0,1,0,1,1,0,1,1,1,1,1,0,0,0,0,1,1,1,1,0,0,0,1,1,1,1,1,1,1,0,1,0,0,1,1,1,0,0,1,0,1,0,1,1,0,0,1,1,1,0,1,1,1,0,1,1,1,0,0,1,0,1,0,1,1,1,0,1,0,1,1,0,1,0,1,0,0,0,1,0,0,1,1,0,1,1,0,0,0,0,0,0,0,1,0,1,0,0,1,0,1,0,0,1,0,1,1,0,0,0,1,0,0,0,0,0,0,0,0,0,0,0,0,1,0,0,1,1,0,0,0,0,0,1,0,0,0,1,0,1,1,0,0,1,0,0,0,0,1,0,0,0,0,0,0,0,0,0,1,1,0,0,0,0,0,0,0,0,0,1,0,0,1,0,0,0,0,0,0,0,1,0,0,0
0,1,0,1,0,1,0,0,1,1,1,0,1,1,0,1,1,1,1,0,0,1,1,1,0,1,1,0,1,1,1,1,1,1,0,0,1,0,1,0,1,1,0,1,1,1,1,1,0,0,0,1,1,1,1,1,0,0,0,1,1,1,1,1,1,1,0,1,0,0,1,1,1,0,0,1,0,1,0,1,1,0,0,1,1,1,0,1,1,1,0,1,1,1,0,0,1,0,1,0,1,1,1,0,1,0,1,1,0,1,0,1,0,0,0,1,0,0,1,1,0,1,1,0,0,0,0,0,0,0,1,0,1,0,0,1,0,1,0,0,1,0,1,1,0,0,0,1,0,0,0,0,0,0,0,0,0,0,0,0,1,0,0,1,1,0,0,0,0,0,1,0,0,0,1,0,1,1,0,0,1,0,0,0,0,1,0,0,0,0,0,0,0,0,0,1,1,0,0,0,0,0,0,0,0,0,1,0,0,1,0,0,0,0,0,0,0,1,0,0,0
0,1,0,1,0,1,0,0,1,0,1,0,1,1,0,1,1,1,1,0,0,1,1,1,0,1,1,0,1,1,1,1,0,1,0,0,1,0,1,0,0,1,0,1,1,1,0,1,0,0,0,1,1,1,1,1,0,0,0,1,1,1,1,1,1,1,0,1,0,0,1,1,1,0,0,1,0,1,0,1,1,0,0,1,1,1,0,1,1,1,0,1,1,1,0,0,1,0,0,0,0,1,1,0,1,0,1,1,0,1,0,1,0,0,0,1,0,0,1,0,0,1,1,0,0,0,0,0,0,0,1,0,1,0,0,1,0,0,0,0,1,0,0,1,0,0,0,1,0,0,0,0,0,0,0,0,0,0,0,0,1,0,0,1,1,0,0,0,0,0,1,0,0,0,1,0,1,1,0,0,1,0,0,0,0,1,0,0,0,0,0,0,0,0,0,1,1,0,0,0,0,0,0,0,0,0,0,0,0,0,0,0,0,1,0,0,0,0,0,0,0
0,1,0,1,1,1,1,0,1,0,1,0,1,1,0,1,1,1,1,0,0,1,1,1,0,1,1,0,1,1,1,1,0,1,0,0,1,0,1,0,0,1,0,1,1,1,0,1,0,0,0,1,1,1,1,1,0,0,0,1,1,1,1,1,1,1,0,1,0,0,1,1,1,0,0,1,0,1,0,1,1,0,0,1,1,1,0,1,1,1,0,1,1,1,0,0,1,0,0,1,0,1,1,0,1,0,1,1,0,1,0,1,0,0,0,1,1,0,1,0,0,1,1,0,0,0,0,0,0,0,1,0,1,0,0,1,0,0,0,0,1,0,0,1,0,0,0,1,0,0,0,0,0,0,0,0,0,0,0,0,1,0,0,1,1,0,0,0,0,0,1,0,0,0,1,0,1,1,0,0,1,0,0,0,0,1,0,0,0,0,0,0,0,0,0,1,1,0,0,0,0,0,0,0,0,0,0,0,0,0,0,0,0,1,0,0,0,0,0,0,0
0,1,0,1,1,1,0,0,1,0,1,0,1,1,0,1,1,1,1,0,0,1,1,1,0,1,1,0,1,1,1,1,0,1,0,0,1,0,1,0,0,1,0,1,1,1,0,1,0,0,0,1,1,1,1,1,0,0,0,1,1,1,1,1,1,1,0,1,0,0,1,1,1,0,0,1,0,1,0,1,1,0,0,1,1,1,0,1,1,1,0,1,1,1,0,0,1,0,0,0,0,1,1,0,1,0,1,1,0,1,0,1,0,0,0,1,0,0,1,0,0,1,1,0,0,0,0,0,0,0,1,0,1,0,0,1,0,0,0,0,1,0,0,1,0,0,0,1,0,0,0,0,0,0,0,0,0,0,0,0,1,0,0,1,1,0,0,0,0,0,1,0,0,0,1,0,1,1,0,0,1,0,0,0,0,1,0,0,0,0,0,0,0,0,0,1,1,0,0,0,0,0,0,0,0,0,0,0,0,0,0,0,0,1,0,0,0,0,0,0,0
0,1,0,1,0,1,0,0,1,1,1,0,1,1,0,1,1,1,1,0,0,1,1,1,0,1,1,0,1,1,1,1,1,1,0,0,1,0,1,0,1,1,0,1,1,1,1,1,0,0,0,1,1,1,1,1,0,0,0,1,1,1,1,1,1,1,0,1,0,0,1,1,1,0,0,1,0,1,0,1,1,0,0,1,1,1,0,1,1,1,0,1,1,1,0,0,1,0,1,0,1,1,1,0,1,0,1,1,0,1,0,1,0,0,0,1,0,0,1,1,0,1,1,0,0,0,0,0,0,0,1,0,1,0,0,1,0,1,0,0,1,0,1,1,0,0,0,1,0,0,0,0,0,0,0,0,0,0,0,0,1,0,0,1,1,0,0,0,0,0,1,0,0,0,1,0,1,1,0,0,1,0,0,0,0,1,0,0,0,0,0,0,0,0,0,1,1,0,0,0,0,0,0,0,0,0,0,0,0,0,0,0,0,1,0,0,0,0,0,0,0
0,1,0,1,0,1,0,0,1,1,1,0,1,1,0,1,1,1,1,0,0,1,1,1,0,1,1,0,1,1,1,1,1,1,0,0,1,0,1,0,1,1,0,1,1,1,1,1,0,0,0,1,1,1,1,1,0,0,0,1,1,1,1,1,1,1,0,1,0,0,1,1,1,0,0,1,0,1,0,1,1,0,0,1,1,1,0,1,1,1,0,1,1,1,0,0,1,0,1,0,1,1,1,0,1,0,1,1,0,1,0,1,0,0,0,1,0,0,1,1,0,1,1,0,0,0,0,0,0,0,1,0,1,0,0,1,0,1,0,0,1,0,1,1,0,0,0,1,0,0,0,0,0,0,0,0,0,0,0,0,1,0,0,1,1,0,0,0,0,0,1,0,0,0,1,0,1,1,0,0,1,0,0,0,0,1,0,0,0,0,0,0,0,0,0,1,1,0,0,0,0,0,0,0,0,0,0,0,0,0,0,0,0,1,0,0,0,0,0,0,0
0,1,0,1,0,1,0,0,1,0,1,0,1,1,0,1,1,1,1,0,0,1,1,1,0,1,1,0,1,1,1,1,0,1,0,0,1,0,1,0,0,1,0,1,1,1,0,1,0,0,0,1,1,1,1,1,0,0,0,1,1,1,1,1,1,1,0,1,0,0,1,1,1,0,0,1,0,1,0,1,1,0,0,1,1,1,0,1,1,1,0,1,1,1,0,0,1,0,0,0,0,1,1,0,1,0,1,1,0,1,0,1,0,0,0,1,0,0,1,0,0,1,1,0,0,0,0,0,0,0,1,0,1,0,0,1,0,0,0,0,1,0,0,1,0,0,0,1,0,0,0,0,0,0,0,0,0,0,0,0,1,0,0,1,1,0,0,0,0,0,1,0,0,0,1,0,1,1,0,0,1,0,0,0,0,1,0,0,0,0,0,0,0,0,0,1,1,0,0,0,0,0,0,0,0,0,0,0,0,0,0,0,0,1,0,0,0,0,0,0,0
0,1,0,1,0,1,0,0,1,0,1,0,1,1,0,1,1,1,1,0,0,1,1,1,0,1,1,0,1,1,1,1,0,1,0,0,1,0,1,0,0,1,0,1,1,1,0,1,0,0,0,1,1,1,1,1,0,0,0,1,1,1,1,1,1,1,0,1,0,0,1,1,1,0,0,1,0,1,0,1,1,0,0,1,1,1,0,1,1,1,0,1,1,1,0,0,1,0,0,0,0,1,1,0,1,0,1,1,0,1,0,1,0,0,0,1,0,0,1,0,0,1,1,0,0,0,0,0,0,0,1,0,1,0,0,1,0,0,0,0,1,0,0,1,0,0,0,1,0,0,0,0,0,0,0,0,0,0,0,0,1,0,0,1,1,0,0,0,0,0,1,0,0,0,1,0,1,1,0,0,1,0,0,0,0,1,0,0,0,0,0,0,0,0,0,1,1,0,0,0,0,0,0,0,0,0,0,0,0,0,0,0,0,1,0,0,0,0,0,0,0
0,1,0,1,0,1,0,0,1,0,1,0,1,1,0,1,1,1,1,0,0,1,1,1,0,1,1,0,1,1,1,1,0,1,0,0,1,0,1,0,0,1,0,1,1,1,0,1,0,0,0,1,1,1,1,1,0,0,0,1,1,1,1,1,1,1,0,1,0,0,1,1,1,0,0,1,0,1,0,1,1,0,0,1,1,1,0,1,1,1,0,1,1,1,0,0,1,0,0,0,0,1,1,0,1,0,1,1,0,1,0,1,0,0,0,1,0,0,1,0,0,1,1,0,0,0,0,0,0,0,1,0,1,0,0,1,0,0,0,0,1,0,0,1,0,0,0,1,0,0,0,0,0,0,0,0,0,0,0,0,1,0,0,1,1,0,0,0,0,0,1,0,0,0,1,0,1,1,0,0,1,0,0,0,0,1,0,0,0,0,0,0,0,0,0,1,1,0,0,0,0,0,0,0,0,0,1,0,0,1,0,0,0,1,0,0,0,1,0,0,0
1,1,0,1,0,1,0,0,1,0,1,0,1,1,0,1,1,1,1,0,0,1,1,1,0,1,1,0,1,1,1,1,0,1,0,0,1,0,1,0,0,1,0,1,1,1,0,1,0,0,0,1,1,1,1,1,0,0,0,1,1,1,1,1,1,1,0,1,0,0,1,1,1,0,0,1,0,1,0,1,1,0,0,1,1,1,0,1,1,1,0,1,1,1,0,0,1,0,0,0,0,1,1,0,1,0,1,1,0,1,0,1,0,0,0,1,0,0,1,0,0,1,1,0,0,0,0,0,0,0,1,0,1,0,0,1,0,0,0,0,1,0,0,1,0,0,0,1,0,0,0,0,0,0,0,0,0,0,0,0,1,0,0,1,1,0,0,0,0,0,1,0,0,0,1,0,1,1,0,0,1,0,0,0,0,1,0,0,0,0,0,0,0,0,0,1,1,0,0,0,0,0,0,0,0,0,1,0,0,1,0,0,0,1,0,0,0,1,0,0,0
0,1,0,0,0,1,1,1,0,0,0,0,0,0,0,0,1,1,1,0,0,1,1,1,1,0,1,0,1,0,1,0,0,0,1,0,0,0,0,1,0,0,0,1,0,0,0,0,1,0,0,1,0,0,0,0,1,1,1,1,0,0,0,0,0,0,0,0,1,1,0,1,0,1,0,0,0,0,1,0,1,0,0,0,0,0,1,0,0,0,1,0,0,0,0,1,0,1,0,0,0,0,0,0,0,0,0,1,0,0,0,0,1,1,1,0,0,1,0,0,1,0,0,1,0,1,0,1,1,1,0,0,1,0,1,0,1,0,0,1,0,1,0,0,0,1,1,0,0,0,1,0,1,1,0,0,0,1,1,1,0,0,0,0,0,1,0,1,1,1,0,0,0,1,0,1,0,0,0,0,0,1,1,1,1,0,1,0,1,1,1,0,1,1,0,1,1,1,1,1,1,0,0,1,1,0,1,1,1,1,1,0,1,0,1,1,1,1,1,0,1
0,1,0,1,1,1,1,0,0,0,1,1,1,1,1,1,1,1,1,0,0,1,1,1,0,1,1,1,1,1,0,0,0,1,0,0,1,1,1,0,0,1,0,0,1,1,0,1,0,1,1,0,1,1,1,1,0,0,0,1,1,1,0,1,1,1,0,1,0,0,1,0,1,0,1,1,0,0,0,1,0,1,1,1,1,0,0,1,1,1,0,1,1,1,1,0,1,0,0,1,0,1,1,1,1,1,1,0,0,1,1,1,0,0,0,1,1,0,1,0,0,1,1,0,0,0,1,0,0,0,1,1,0,0,0,1,0,0,1,0,1,0,0,1,0,0,0,1,1,0,0,0,0,0,0,0,0,0,0,0,1,0,0,1,1,0,0,0,0,0,1,0,0,0,1,0,1,1,0,0,1,0,0,0,0,1,0,0,0,0,0,0,0,0,0,1,1,0,0,0,0,0,0,0,0,0,1,0,0,1,0,0,0,0,0,0,0,1,0,0,0
0,1,0,0,0,1,1,1,0,0,1,0,0,1,0,0,0,1,1,0,0,1,1,1,0,1,1,0,1,1,1,0,0,0,1,0,0,0,0,1,0,0,0,1,0,0,0,0,1,0,0,1,0,0,0,0,1,1,1,1,0,0,0,0,0,0,0,0,1,1,0,1,0,1,0,0,0,0,1,0,1,0,0,0,0,0,1,0,0,0,1,0,0,0,0,1,0,1,0,0,0,0,0,0,0,0,0,1,0,0,0,0,1,1,1,0,0,1,0,0,1,0,0,1,0,1,0,1,1,1,0,0,1,0,1,0,1,0,0,1,0,1,0,0,0,1,1,0,0,0,1,0,1,1,1,0,0,1,1,1,0,1,1,0,0,1,0,1,1,1,0,0,0,1,0,1,0,0,0,1,0,1,1,1,1,0,1,0,1,1,1,0,1,1,0,1,1,1,1,1,1,0,0,1,1,0,1,1,1,1,1,0,1,0,1,1,1,1,1,0,1
0,1,0,1,1,1,1,0,0,0,1,1,1,1,1,1,1,1,1,0,0,1,1,1,0,1,1,1,1,1,0,0,0,1,0,0,1,1,1,0,0,1,0,0,1,1,0,1,0,1,1,0,1,1,1,1,0,0,0,1,1,1,0,1,1,1,0,1,0,0,1,0,1,0,1,1,0,0,0,1,0,1,1,1,1,0,0,1,1,1,0,1,1,1,1,0,1,0,0,1,0,1,1,1,1,1,1,0,0,1,1,1,0,0,0,1,1,0,1,0,0,1,1,0,0,0,1,0,0,0,1,1,0,0,0,1,0,0,1,0,1,0,0,1,0,0,0,1,1,0,0,0,0,0,0,0,0,0,0,0,1,0,0,1,1,0,0,0,0,0,1,0,0,0,1,0,1,1,0,0,1,0,0,0,0,1,0,0,0,0,0,0,0,0,0,1,1,0,0,0,0,0,0,0,0,0,1,0,0,1,0,0,0,0,0,0,0,1,0,0,0
0,1,0,1,1,1,1,0,0,1,1,1,1,1,1,1,1,1,1,0,0,1,1,1,0,1,1,1,1,1,0,0,1,1,0,0,1,1,1,0,1,1,0,0,1,1,1,1,0,1,1,0,1,1,1,1,0,0,0,1,1,1,0,1,1,1,0,1,0,0,1,0,1,0,1,1,0,0,0,1,0,1,1,1,1,0,0,1,1,1,0,1,1,1,1,0,1,0,1,1,1,1,1,1,1,1,1,0,0,1,1,1,0,0,0,1,1,0,1,1,0,1,1,0,0,0,1,0,0,0,1,1,0,0,0,1,0,1,1,0,1,0,1,1,0,0,0,1,1,0,0,0,0,0,0,0,0,0,0,0,1,0,0,1,1,0,0,0,0,0,1,0,0,0,1,0,1,1,0,0,1,0,0,0,0,1,0,0,0,0,0,0,0,0,0,1,1,0,0,0,0,0,0,0,0,0,1,0,0,1,0,0,0,0,0,0,0,1,0,0,0
0,1,0,1,1,1,1,0,0,0,1,1,1,1,1,1,1,1,1,0,0,1,1,1,0,1,1,1,1,1,0,0,0,1,0,0,1,1,1,0,0,1,0,0,1,1,0,1,0,1,1,1,1,1,1,1,0,0,0,1,1,1,0,1,1,1,0,1,0,0,1,0,1,0,1,1,0,0,0,1,0,1,1,1,1,0,0,1,1,1,0,1,1,1,1,0,1,0,0,1,0,1,1,1,1,1,1,0,0,1,1,1,0,0,0,1,1,0,1,0,0,1,1,0,0,0,1,0,0,0,1,1,0,0,0,1,0,0,1,0,1,0,0,1,0,0,0,1,1,0,0,0,0,0,0,0,0,0,0,0,1,0,0,1,1,0,0,0,0,0,1,0,0,0,1,0,1,1,0,0,1,0,0,0,0,1,0,0,0,0,0,0,0,0,0,1,1,0,0,0,0,0,0,0,0,0,1,0,0,1,0,0,0,0,0,0,0,1,0,0,0
0,1,0,1,1,1,1,0,0,0,1,1,1,1,1,1,1,1,1,0,0,1,1,1,0,1,1,1,1,1,0,0,0,1,0,0,1,1,1,0,0,1,0,0,1,1,0,1,0,1,1,1,1,1,1,1,0,0,0,1,1,1,0,1,1,1,0,1,0,0,1,0,1,0,1,1,0,0,0,1,0,1,1,1,1,0,0,1,1,1,0,1,1,1,1,0,1,0,0,1,0,1,1,1,1,1,1,0,0,1,1,1,0,0,0,1,1,0,1,0,0,1,1,0,0,0,1,0,0,0,1,1,0,0,0,1,0,0,1,0,1,0,0,1,0,0,0,1,1,0,0,0,0,0,0,0,0,0,0,0,1,0,0,1,1,0,0,0,0,0,1,0,0,0,1,0,1,1,0,0,1,0,0,0,0,1,0,0,0,0,0,0,0,0,0,1,1,0,0,0,0,0,0,0,0,0,1,0,0,1,0,0,0,0,0,1,0,1,0,0,0
0,1,0,1,1,1,1,0,0,0,1,1,1,1,1,1,1,1,1,0,0,1,1,1,0,1,1,1,1,1,1,0,0,1,0,0,1,1,1,1,0,1,0,1,1,1,0,1,1,1,1,1,1,1,1,1,0,1,1,1,1,1,0,1,1,1,0,1,1,0,1,0,1,0,1,1,0,0,0,1,0,1,1,1,1,0,0,1,1,1,1,1,1,1,1,0,1,1,0,1,0,1,1,1,1,1,1,0,0,1,1,1,1,1,0,1,1,1,1,0,0,1,1,1,0,0,1,1,1,0,1,1,0,0,0,1,1,0,1,1,1,0,0,1,0,1,1,1,1,0,0,0,0,1,0,0,0,0,0,1,1,0,0,1,1,1,0,0,1,0,1,0,0,1,1,1,1,1,0,0,1,1,0,0,0,1,1,1,0,1,0,1,0,0,0,1,1,1,1,0,0,1,1,0,0,0,1,0,0,1,1,0,0,0,0,0,0,1,1,0,0
0,1,0,1,1,1,1,0,0,0,1,1,1,1,1,1,1,1,1,0,0,1,1,1,0,1,1,1,1,1,0,0,0,1,0,0,1,1,1,0,0,1,0,0,1,1,0,1,0,1,1,1,1,1,1,1,0,0,0,1,1,1,0,1,1,1,0,1,0,0,1,0,1,0,1,1,0,0,0,1,0,1,1,1,1,0,0,1,1,1,0,1,1,1,1,0,1,0,0,1,0,1,1,1,1,1,1,0,0,1,1,1,0,0,0,1,1,0,1,0,0,1,1,0,0,0,1,0,0,0,1,1,0,0,0,1,0,0,1,0,1,0,0,1,0,0,0,1,1,0,0,0,0,0,0,0,0,0,0,0,1,0,0,1,1,0,0,0,0,0,1,0,0,0,1,0,1,1,0,0,1,0,0,0,0,1,0,0,0,0,0,0,0,0,0,1,1,0,0,0,0,0,0,0,0,0,1,0,0,1,0,0,0,1,0,0,0,1,0,0,0
0,1,0,1,1,1,1,0,0,0,1,1,1,1,1,1,1,1,1,0,0,1,1,1,0,1,1,1,1,1,1,0,0,1,0,0,1,1,1,1,0,1,0,1,1,1,0,1,1,1,1,1,1,1,1,1,0,1,1,1,1,1,0,1,1,1,0,1,1,0,1,0,1,0,1,1,0,0,0,1,0,1,1,1,1,0,0,1,1,1,1,1,1,1,1,0,1,1,0,1,0,1,1,1,1,1,1,0,0,1,1,1,1,1,0,1,1,1,1,0,0,1,1,1,0,0,1,1,1,0,1,1,0,0,0,1,1,0,1,1,1,0,0,1,0,1,1,1,1,0,0,0,0,1,0,0,0,0,0,1,1,0,0,1,1,1,0,0,1,0,1,0,0,1,1,1,1,1,0,0,1,1,0,0,0,1,1,0,0,1,0,1,0,0,0,1,1,1,1,0,0,1,1,0,0,0,1,0,1,1,0,0,0,0,0,0,1,1,0,0,0
0,1,0,1,1,1,1,0,0,0,1,1,1,1,1,1,1,1,1,0,0,1,1,1,0,1,1,1,1,1,1,0,0,1,0,0,1,1,1,1,0,1,0,1,1,1,0,1,1,1,1,1,1,1,1,1,0,1,1,1,1,1,0,1,1,1,0,1,1,0,1,0,1,0,1,1,0,0,0,1,0,1,1,1,1,0,0,1,1,1,1,1,1,1,1,0,1,1,0,1,0,1,1,1,1,1,1,0,0,1,1,1,1,1,0,1,1,1,1,0,0,1,1,1,0,0,1,1,1,0,1,1,0,0,0,1,1,0,1,1,1,0,0,1,0,1,1,1,1,0,0,0,0,1,0,0,0,0,0,1,1,0,0,1,1,1,0,0,1,0,1,0,0,1,1,1,1,1,0,0,1,1,0,0,0,1,1,0,0,1,0,0,0,0,0,1,1,1,1,0,0,0,0,0,0,0,1,1,0,1,0,0,0,0,1,0,0,1,0,0,0
0,1,0,1,1,1,1,0,0,0,1,1,1,1,1,1,1,1,1,0,0,1,0,0,0,1,1,1,1,1,1,0,0,1,0,0,1,1,1,1,0,1,1,1,1,1,0,1,1,1,1,0,1,1,1,1,0,1,0,1,1,1,0,1,1,1,0,1,1,0,1,1,1,1,1,1,0,0,0,1,1,1,1,1,1,0,0,1,1,1,1,1,1,1,1,1,1,1,0,1,0,1,1,1,1,1,1,1,0,1,1,1,1,1,0,1,1,1,1,0,1,1,1,1,0,0,1,1,1,0,1,1,1,1,0,1,1,0,1,1,1,1,0,1,0,1,1,1,1,0,1,0,0,1,1,0,0,1,0,1,1,0,1,1,1,1,1,0,1,0,1,0,0,1,1,1,1,1,0,0,1,1,0,1,1,1,1,1,1,1,0,1,1,0,1,1,1,1,1,0,0,1,1,1,0,0,1,0,0,1,0,0,0,0,0,0,0,1,0,0,0
0,1,0,1,1,1,1,0,0,0,1,1,1,1,1,1,1,1,1,1,1,1,0,1,0,1,1,1,1,1,0,0,0,1,0,0,1,1,1,0,0,1,0,0,1,1,0,1,0,1,1,0,1,1,1,1,0,0,0,1,1,1,0,1,1,1,0,1,0,0,1,0,1,0,1,1,0,0,0,1,0,1,1,1,1,0,0,1,1,1,0,1,1,1,1,0,1,0,0,1,0,1,1,1,1,1,1,0,0,1,1,1,0,0,0,1,1,0,1,0,0,1,1,0,0,0,1,0,0,0,1,1,0,0,0,1,0,0,1,0,1,0,0,1,0,0,0,1,1,0,0,0,0,0,0,0,0,0,0,0,1,0,0,1,1,0,0,0,0,0,1,0,0,0,1,0,1,1,0,0,1,0,0,0,0,1,0,0,0,0,0,0,0,0,0,1,1,0,0,0,0,0,0,0,0,0,1,0,0,1,0,0,0,0,0,0,0,1,0,0,0
0,1,0,1,1,1,1,1,0,0,1,0,1,1,1,1,1,1,1,0,0,1,0,0,0,1,1,0,1,0,1,0,0,0,0,0,0,0,1,1,0,1,0,1,0,0,0,1,0,0,0,0,1,1,1,0,0,1,1,1,0,0,1,0,0,0,0,0,1,0,1,1,0,1,1,1,0,1,0,1,1,0,1,1,0,1,0,0,1,0,1,0,0,0,0,1,0,1,0,1,0,0,0,0,0,0,0,1,1,1,0,1,1,1,0,1,1,1,1,0,1,1,1,1,0,0,1,1,1,0,1,0,1,0,0,0,1,0,0,1,0,1,0,1,0,1,1,1,1,0,1,0,0,1,1,0,0,1,0,1,1,0,1,1,1,1,0,0,1,0,0,1,1,1,1,1,1,0,0,0,1,1,0,1,1,0,1,0,1,1,0,1,1,0,1,1,1,1,1,0,0,0,1,1,0,0,0,0,0,0,0,0,0,0,0,0,0,0,0,0,0
0,1,0,1,1,1,1,1,0,0,1,0,1,1,1,1,1,1,1,0,0,1,0,0,0,1,1,0,1,0,1,0,0,0,0,0,1,0,1,1,0,1,0,1,0,0,0,1,0,0,0,0,1,1,1,0,0,1,1,1,0,0,1,0,0,0,0,0,1,0,1,1,0,1,1,1,0,1,0,1,1,0,1,1,0,1,0,0,1,0,1,0,0,0,0,1,0,1,0,1,0,0,0,0,0,0,0,1,1,1,0,1,1,1,0,1,1,1,1,0,1,1,1,1,0,0,1,1,1,0,1,0,1,0,0,0,1,0,0,1,0,1,0,1,0,1,1,1,1,0,1,0,0,1,1,0,0,1,0,1,1,0,1,1,1,1,0,0,1,0,0,1,1,1,1,1,1,0,0,0,1,1,0,1,1,0,1,0,1,1,0,1,1,0,1,1,1,1,1,0,0,0,1,1,0,0,0,0,0,0,0,0,0,0,0,0,0,0,0,0,0
0,1,0,1,1,1,1,1,0,0,1,0,1,1,1,1,1,1,1,0,0,1,0,0,0,1,1,0,1,0,1,0,0,0,0,0,1,0,1,1,0,1,0,1,0,0,0,1,0,0,0,0,1,1,1,0,0,1,1,1,0,0,1,0,0,0,0,0,1,0,1,1,0,1,1,1,0,1,0,1,1,0,1,1,0,1,0,0,1,0,1,0,0,0,0,1,0,1,0,1,0,0,0,0,0,0,0,1,1,1,0,1,1,1,0,1,1,1,1,0,1,1,1,1,0,0,1,1,1,0,1,0,1,0,0,0,1,0,0,1,0,1,0,1,0,1,1,1,1,0,1,0,0,1,1,0,0,1,0,1,1,0,1,1,1,1,0,0,1,0,0,1,1,1,1,1,1,0,0,0,1,1,0,1,1,0,1,1,1,1,0,0,1,0,0,1,1,1,1,0,0,0,0,1,0,0,0,0,0,0,0,0,0,0,0,0,0,0,0,0,0
0,1,0,1,1,1,1,1,0,0,1,0,1,1,1,1,1,1,1,0,0,1,0,0,0,1,1,0,1,0,1,0,0,0,0,0,1,0,1,1,0,1,0,1,0,0,0,1,0,0,0,0,1,1,1,0,0,1,1,1,0,0,1,0,0,0,0,0,1,0,1,1,0,1,1,1,0,1,0,1,1,0,1,1,0,1,0,0,1,0,1,0,0,0,0,1,0,1,0,1,0,0,0,0,0,0,0,1,1,1,0,1,1,1,0,1,1,1,1,0,1,1,1,1,0,0,1,1,1,0,1,0,1,1,0,0,1,0,0,1,0,1,0,1,0,1,1,1,1,0,1,0,0,1,1,0,0,1,0,1,1,0,1,1,1,1,1,0,1,0,0,1,1,1,1,1,1,0,0,0,1,1,0,1,1,0,1,0,1,1,0,0,1,0,0,1,1,1,1,0,0,0,0,1,0,0,0,0,0,0,0,1,0,0,0,0,0,0,0,1,0
1,1,0,1,1,1,1,1,0,0,1,0,1,1,1,1,1,1,1,0,0,1,0,0,0,1,1,0,1,0,1,0,0,0,0,0,1,0,0,1,0,1,0,1,0,0,0,1,1,0,0,1,1,0,0,0,0,1,1,1,0,0,1,0,0,0,0,0,1,0,1,1,0,1,1,0,0,1,0,1,1,0,1,0,0,1,0,0,1,0,1,0,0,0,0,1,0,1,0,0,0,0,0,0,0,0,0,1,1,1,0,1,1,1,0,0,0,1,1,0,1,1,1,1,0,0,1,1,1,0,1,0,1,0,0,0,1,0,0,1,0,1,0,0,0,1,1,1,1,0,1,0,0,1,1,0,0,1,0,1,1,0,1,1,1,1,0,0,1,0,0,1,1,1,1,1,1,0,0,0,0,1,0,1,1,0,1,0,1,1,1,0,1,1,0,1,1,1,1,1,1,0,0,1,1,0,0,1,0,0,0,0,0,0,1,0,0,0,0,0,0
1,1,0,1,1,1,1,1,0,0,1,0,1,1,1,1,1,1,1,0,0,1,0,0,0,1,1,0,1,0,1,0,0,0,0,0,1,0,0,1,0,1,0,1,0,0,0,1,1,0,0,1,1,0,0,0,0,1,1,1,0,0,1,0,0,0,0,0,1,0,1,1,0,1,1,0,0,1,0,1,1,0,1,0,0,1,0,0,1,0,1,0,0,0,0,1,0,1,0,0,0,0,0,0,0,0,0,1,1,1,0,1,1,1,0,0,0,1,1,0,1,1,1,1,0,0,1,1,1,0,1,0,1,0,0,0,1,0,0,1,0,1,0,0,0,1,1,1,1,0,1,0,0,1,1,0,0,1,0,1,1,0,1,1,1,1,0,0,1,0,0,1,1,1,1,1,1,0,0,0,0,1,0,1,1,0,1,0,1,1,0,0,1,0,0,1,1,1,1,0,0,0,0,1,0,0,0,0,1,0,0,0,0,0,0,0,1,0,0,0,0
1,1,0,1,1,1,1,1,0,0,1,0,1,1,1,1,1,1,1,0,0,1,0,0,0,1,1,0,1,0,1,0,0,0,0,0,1,0,0,1,0,1,0,1,0,0,0,1,1,0,0,1,1,0,0,0,0,1,1,1,0,0,1,0,0,0,0,0,1,0,1,1,0,1,1,0,0,1,0,1,1,0,1,0,0,1,0,0,1,0,1,0,0,0,0,1,0,1,0,0,0,0,0,0,0,0,0,1,1,1,0,1,1,1,0,0,0,1,1,0,1,1,1,1,0,0,1,1,1,1,1,0,1,0,1,0,1,0,0,1,0,1,0,0,0,1,1,1,1,0,1,0,0,1,1,0,0,1,1,1,1,0,1,1,1,1,0,1,1,1,0,1,1,1,1,1,1,0,0,0,0,1,0,1,1,0,1,0,1,1,0,0,1,0,0,1,1,1,1,0,0,0,0,1,0,0,0,0,0,0,1,0,0,0,0,0,0,0,1,0,0
0,1,0,1,0,1,1,0,0,0,0,0,0,0,0,1,1,1,1,0,1,1,1,1,1,1,1,0,1,1,1,0,0,1,0,0,1,0,1,1,0,0,0,1,1,1,0,0,1,0,0,1,0,1,1,0,0,1,1,1,0,1,0,0,1,1,0,1,1,0,1,0,1,0,0,1,0,0,0,1,0,0,0,1,0,0,0,1,1,1,1,1,0,0,0,0,1,1,0,0,0,1,0,0,1,0,1,0,0,1,1,0,1,1,1,1,0,1,1,0,0,1,0,1,0,1,0,1,1,0,0,1,0,0,0,1,1,0,1,1,0,0,0,1,1,1,1,1,0,1,1,0,0,1,1,1,0,0,0,1,1,1,1,1,0,1,1,0,1,0,0,0,0,1,0,1,1,1,0,1,1,1,0,0,0,0,1,0,0,1,0,1,0,0,0,1,1,1,1,0,0,1,1,0,0,0,1,1,1,1,1,0,1,0,1,1,1,1,1,1,1
0,1,0,1,0,1,1,1,0,0,0,0,0,0,0,1,1,1,1,0,1,1,0,1,0,1,1,0,1,0,1,0,0,1,0,0,1,0,1,1,0,1,0,1,0,0,0,1,1,0,0,1,0,0,0,0,1,1,1,0,0,0,1,1,1,0,0,0,1,0,0,1,0,1,0,1,0,1,1,0,1,0,0,1,0,1,1,0,1,0,1,0,0,0,0,1,1,1,0,1,0,0,0,0,0,0,0,1,1,0,0,1,1,1,1,1,1,1,1,0,1,0,0,1,1,1,0,1,1,1,0,0,1,0,1,1,1,0,0,1,0,1,0,1,0,1,1,1,0,0,1,1,0,1,1,0,1,1,1,1,1,1,1,1,0,1,0,1,1,1,1,1,0,1,0,1,1,1,1,1,1,1,0,1,1,0,1,1,1,1,1,1,1,1,0,1,0,1,1,1,1,1,1,1,1,0,0,1,1,0,1,0,1,0,1,0,1,0,1,0,1
0,1,0,1,0,1,1,1,0,0,0,0,0,0,0,0,1,1,1,0,0,1,0,0,0,1,1,0,1,0,1,0,0,1,0,0,0,0,1,1,0,1,0,1,0,0,0,1,1,0,0,1,0,0,0,0,1,1,1,0,0,0,0,1,1,0,0,0,1,0,0,1,0,1,0,1,0,1,1,0,1,0,0,1,0,1,1,0,1,0,1,0,0,0,0,1,1,1,0,1,0,0,0,0,0,1,0,1,1,0,0,1,1,1,1,1,1,1,1,0,1,0,0,1,1,1,0,1,1,1,0,0,1,0,1,1,1,0,0,1,0,1,0,1,0,1,1,1,0,0,1,1,0,1,1,0,1,1,1,1,1,1,1,1,0,1,0,1,1,1,1,1,0,1,0,1,1,1,1,1,1,1,0,1,1,0,1,1,1,1,1,1,1,1,0,1,0,1,1,1,1,1,1,1,1,0,0,1,1,0,1,0,1,0,1,0,1,0,1,0,1
0,1,0,1,0,0,0,0,0,0,0,0,0,0,0,1,1,1,1,0,0,1,0,0,0,1,1,0,0,0,0,0,0,1,0,0,0,0,1,0,0,1,0,0,1,1,0,1,0,0,0,0,0,1,1,0,0,0,0,1,1,1,0,1,1,1,0,1,0,0,1,0,1,0,0,1,0,0,0,1,0,0,0,1,0,0,0,1,1,1,0,1,0,0,0,0,1,0,0,1,0,1,0,0,1,1,1,0,0,1,1,1,0,0,0,1,1,0,1,0,0,1,0,0,0,0,0,0,0,0,1,1,0,0,0,1,0,0,1,0,0,0,0,1,1,0,0,1,0,0,0,0,0,0,0,1,0,0,0,0,1,0,0,1,0,0,0,0,0,0,0,0,0,0,0,0,1,1,0,0,1,0,0,0,0,0,0,0,0,0,0,0,0,0,0,1,1,0,0,0,0,0,0,0,0,0,0,0,0,0,0,1,0,0,0,0,0,0,0,1,0
0,1,0,1,0,1,1,1,0,0,0,0,0,0,0,0,1,1,1,0,0,1,1,1,0,1,1,0,1,0,1,0,0,1,0,0,1,1,1,1,0,1,0,1,0,0,0,1,1,0,0,1,0,0,0,0,1,1,1,0,0,0,0,1,1,0,0,0,1,0,0,1,0,1,0,1,0,1,1,0,1,0,0,1,0,1,1,0,1,0,1,0,0,0,0,1,1,1,0,1,0,0,0,0,0,1,0,1,1,0,0,1,1,1,1,1,1,1,1,0,1,0,0,1,1,1,0,1,1,1,0,0,1,0,1,1,1,0,0,1,0,1,0,1,0,1,1,1,0,0,1,1,0,1,1,0,1,1,1,1,1,1,1,1,0,1,0,1,1,1,1,1,0,1,0,1,1,1,1,1,1,1,0,1,1,0,1,1,1,1,1,1,1,1,0,1,0,1,1,1,1,1,1,1,1,0,0,1,1,0,1,0,1,0,1,0,1,0,1,0,1
0,1,0,1,0,0,0,0,0,1,0,0,0,0,0,1,1,1,1,0,0,1,0,0,0,1,1,0,0,0,0,0,1,1,0,0,0,0,1,0,1,1,0,0,1,1,1,1,0,0,0,0,0,1,1,0,0,0,0,1,1,1,0,1,1,1,0,1,0,0,1,0,1,0,0,1,0,0,0,1,0,0,0,1,0,0,0,1,1,1,0,1,0,0,0,0,1,0,1,1,1,1,0,0,1,1,1,0,0,1,1,1,0,0,0,1,1,0,1,1,0,1,0,0,0,0,0,0,0,0,1,1,0,0,0,1,0,1,1,0,0,0,1,1,1,0,0,1,0,0,0,0,0,0,0,1,0,0,0,0,1,0,0,1,0,0,0,0,0,0,0,0,0,0,0,0,1,1,0,0,1,0,0,0,0,0,0,0,0,0,0,0,0,0,0,1,1,0,0,0,0,0,0,0,0,0,0,0,0,0,0,1,0,0,0,0,0,0,0,1,0
0,0,0,0,0,1,1,1,0,0,0,0,0,0,0,0,0,0,0,0,0,0,0,0,0,0,0,0,0,0,1,0,0,1,1,0,0,1,1,1,0,1,1,1,0,0,0,1,1,0,0,1,0,0,0,0,1,1,1,0,0,0,0,0,1,0,0,0,1,1,0,1,0,0,0,0,0,0,1,0,1,0,0,0,0,0,1,0,0,0,1,0,0,0,0,0,0,1,0,0,0,0,0,0,0,1,0,1,1,0,0,0,1,1,1,0,0,1,0,0,0,0,0,1,1,1,0,1,1,0,0,0,1,0,1,0,1,0,0,1,0,0,0,0,0,1,1,1,0,0,0,0,1,1,0,0,0,0,0,1,0,1,0,0,0,1,0,1,1,1,1,0,0,1,0,1,0,0,0,1,0,1,1,0,0,0,1,0,1,1,1,1,1,0,0,1,0,1,1,1,1,0,1,1,0,0,0,1,1,0,0,0,1,0,1,0,1,0,0,0,1
0,1,0,1,0,1,0,0,0,0,1,0,1,1,0,0,0,1,1,0,0,0,0,0,0,1,1,0,1,0,1,0,0,1,0,0,0,0,1,1,0,1,1,1,1,1,0,1,1,0,0,0,0,1,1,0,0,1,1,1,1,1,0,1,1,1,0,1,1,0,1,0,1,0,0,1,0,0,0,1,0,0,0,1,0,0,0,1,1,1,1,1,0,0,0,0,1,1,0,1,0,1,0,0,1,1,1,0,0,1,1,1,1,1,0,1,1,1,1,0,0,1,0,1,0,0,1,1,1,0,1,1,0,0,0,1,1,0,0,1,0,0,0,1,0,1,1,1,1,0,1,0,0,1,1,0,0,0,0,1,1,0,1,1,0,1,0,0,1,0,1,0,0,1,0,1,1,1,0,0,1,1,0,0,0,0,1,1,0,1,0,1,0,0,0,1,0,1,1,0,0,1,1,0,0,0,0,0,1,0,0,1,0,0,0,0,1,0,0,1,0
0,1,0,0,0,1,1,1,0,0,1,0,0,1,1,0,0,1,1,0,0,0,0,0,0,0,1,0,0,0,1,0,0,0,1,0,1,0,0,1,0,0,1,1,0,0,0,0,1,0,0,1,0,0,0,0,1,1,1,0,0,0,0,0,0,0,0,0,1,1,0,1,0,0,0,0,0,0,1,0,1,0,0,0,0,0,1,0,0,0,1,0,0,0,0,0,0,1,0,0,0,0,0,0,0,0,0,1,0,0,0,0,1,1,1,0,0,1,0,0,0,0,0,1,0,1,0,1,1,1,0,0,1,0,1,0,1,0,0,1,0,0,0,0,0,1,1,0,0,0,1,0,1,1,0,0,0,0,0,1,0,1,0,0,0,1,0,1,1,1,0,0,0,1,0,1,0,0,0,1,0,1,0,0,0,0,1,0,1,1,1,0,1,0,0,1,1,1,1,1,1,0,0,1,0,0,1,1,1,0,0,0,1,0,1,0,1,0,0,0,1
0,1,0,0,0,1,1,1,0,0,1,0,0,1,1,0,0,1,1,0,0,0,0,0,0,0,1,0,0,0,1,0,0,0,1,0,1,0,0,1,0,0,1,1,0,0,0,0,1,0,0,1,0,0,0,0,1,1,1,0,0,0,0,0,0,0,0,0,1,1,0,1,0,0,0,0,0,0,1,0,1,0,0,0,0,0,1,0,0,0,1,0,0,0,0,0,0,1,0,0,0,0,0,0,0,0,0,1,0,0,0,0,1,1,1,0,0,1,0,0,0,0,0,1,0,1,0,1,1,0,0,0,1,0,1,0,1,0,0,1,0,0,0,0,0,1,1,0,0,0,1,0,1,1,0,0,0,0,0,1,0,1,0,0,0,1,0,1,1,1,0,0,0,1,0,1,0,0,0,1,0,1,0,0,0,0,1,0,1,1,1,0,1,0,0,1,1,1,1,1,1,0,0,1,0,0,1,1,1,0,0,0,1,0,1,0,1,0,0,0,1
0,1,0,0,0,1,1,1,0,0,1,0,0,1,1,0,0,1,1,0,0,0,0,0,0,0,1,0,0,0,1,0,0,0,0,0,1,0,0,1,0,0,1,1,0,0,0,0,1,0,0,1,0,0,0,0,1,1,1,0,0,0,0,0,0,0,0,0,1,0,0,1,0,0,0,0,0,0,1,0,1,0,0,0,0,0,1,0,0,0,1,0,0,0,0,0,0,1,0,0,0,0,0,0,0,0,0,1,0,0,0,0,1,1,1,0,0,1,0,0,0,0,0,1,0,1,0,1,1,0,0,0,1,0,1,0,1,0,0,1,0,0,0,0,0,1,1,0,0,0,1,0,0,1,0,0,0,0,0,1,0,1,0,0,0,1,0,1,1,1,0,0,0,1,0,1,0,0,0,1,0,1,0,0,0,0,1,0,1,1,1,0,1,0,0,1,1,1,1,1,1,0,0,1,0,0,1,1,1,0,0,0,1,0,1,0,1,0,0,0,1
0,1,0,0,0,1,1,1,0,0,1,0,0,1,1,0,0,1,1,0,0,0,0,0,0,0,1,0,0,0,1,0,0,0,0,0,1,0,0,1,0,0,1,1,0,0,0,0,1,0,0,1,0,0,0,0,1,1,1,0,0,0,0,0,0,0,0,0,1,0,0,0,0,0,0,0,0,0,0,0,0,0,0,0,0,0,0,0,0,0,1,0,0,0,0,0,0,1,0,0,0,0,0,0,0,0,0,0,0,0,0,0,1,1,1,0,0,1,0,0,0,0,0,1,0,1,0,1,1,1,0,0,0,0,0,0,1,0,0,1,0,0,0,0,0,1,1,0,0,0,1,0,0,1,0,0,0,0,0,1,0,1,0,0,0,1,0,1,1,0,0,0,0,1,0,1,0,0,0,1,0,1,0,0,0,0,1,0,0,1,1,0,0,0,0,1,1,1,1,1,1,0,0,0,0,0,1,1,1,0,0,0,1,0,1,0,1,0,0,0,1
0,1,0,0,0,1,1,1,0,0,1,0,0,1,1,0,0,1,1,0,0,0,0,0,0,0,1,0,0,0,1,0,0,0,0,0,1,0,0,1,0,0,1,1,0,0,0,0,1,0,0,1,0,0,0,0,0,1,1,0,0,0,0,0,0,0,0,0,1,0,0,0,0,0,0,0,0,0,0,0,0,0,0,0,0,0,0,0,0,0,1,0,0,0,0,0,0,1,0,0,0,0,0,0,0,0,0,0,0,0,0,0,1,1,1,0,0,1,0,0,0,0,0,1,0,1,0,1,1,1,0,0,0,0,0,0,1,0,0,1,0,0,0,0,0,1,1,0,0,0,1,0,0,1,0,0,0,0,0,1,0,1,0,0,0,1,0,1,1,0,0,0,0,1,0,1,0,0,0,1,0,1,0,0,0,0,1,0,0,1,1,0,0,0,0,1,1,1,1,1,1,0,0,0,0,0,1,1,1,0,0,0,1,0,1,0,1,0,0,0,1
0,1,0,0,0,1,1,1,0,0,1,0,0,1,1,0,0,1,1,0,0,0,0,0,0,0,1,0,0,0,1,0,0,0,0,0,1,0,0,1,0,0,1,1,0,0,0,0,1,0,0,1,0,0,0,0,0,1,1,0,0,0,0,0,0,0,0,0,1,0,0,0,0,0,0,0,0,0,0,0,0,0,0,0,0,0,0,0,0,0,1,0,0,0,0,0,0,1,0,0,0,0,0,0,0,0,0,0,0,0,0,0,1,1,1,0,0,1,0,0,0,0,0,1,0,1,0,1,1,1,0,0,0,0,0,0,1,0,0,1,0,0,0,0,0,1,1,0,0,0,1,0,0,1,0,0,0,0,0,1,0,1,0,0,0,1,0,1,1,0,0,0,0,1,0,1,0,0,0,1,0,1,0,0,0,0,1,0,0,1,1,0,0,0,0,1,1,1,1,1,1,0,0,0,0,0,1,1,1,0,0,0,1,0,1,0,1,0,0,0,1
0,1,0,0,0,1,1,1,0,0,1,0,0,1,1,0,0,1,1,0,0,0,0,0,0,0,1,0,0,0,1,0,0,0,0,0,1,0,0,1,0,0,1,1,0,0,0,0,1,0,0,1,0,0,0,0,1,1,1,0,0,0,0,0,0,0,0,0,1,0,0,1,0,0,0,0,0,0,1,0,1,0,0,0,0,0,1,0,0,0,1,0,0,0,0,0,0,1,0,0,0,0,0,0,0,0,0,1,0,0,0,0,1,1,1,0,0,1,0,0,0,0,0,1,0,1,0,1,1,0,0,0,1,0,1,0,1,0,0,1,0,0,0,0,0,1,1,0,0,0,1,0,0,1,0,0,0,0,0,1,0,1,0,0,0,1,0,1,1,1,0,0,0,1,0,1,0,0,0,1,0,1,0,0,0,0,1,0,1,1,1,0,1,0,0,1,1,1,1,1,1,0,0,1,0,0,1,1,1,0,0,0,1,0,1,0,1,0,0,0,1
1,1,0,0,0,1,1,1,0,0,1,0,1,1,1,1,1,1,1,0,0,1,0,1,0,0,1,0,0,0,1,0,0,0,0,1,0,1,1,1,0,1,1,1,0,0,0,1,1,0,0,1,0,0,0,0,1,1,1,0,0,0,1,0,0,0,0,0,1,0,0,1,0,0,0,0,0,0,1,0,1,0,0,0,0,0,1,0,1,0,1,0,0,0,0,1,0,1,0,0,0,0,0,0,0,0,0,1,0,0,0,1,1,1,1,0,0,1,1,0,1,0,0,1,1,1,0,1,1,1,0,0,1,0,0,0,1,0,0,1,0,1,0,0,0,1,1,1,0,0,1,1,0,1,1,0,0,1,0,1,1,1,1,1,0,1,1,1,1,0,0,0,0,1,0,1,1,0,1,1,0,1,0,1,1,0,1,1,1,1,1,1,1,0,0,1,1,1,1,1,1,1,1,1,0,1,1,1,1,1,1,0,1,0,1,0,1,1,1,0,1
0,1,0,0,0,1,1,1,0,0,1,0,1,1,1,1,1,1,1,0,0,1,0,1,0,0,1,0,0,0,1,0,0,0,0,1,0,1,1,1,0,1,1,1,0,0,0,1,1,0,0,1,0,0,0,0,1,1,1,0,0,0,1,0,0,0,0,0,1,0,0,1,0,0,0,0,0,0,1,0,1,0,0,0,0,0,1,0,1,0,1,0,0,0,0,1,0,1,0,0,0,0,0,0,0,0,0,1,0,0,0,1,1,1,1,0,0,1,1,0,1,0,0,1,1,1,0,1,1,1,0,0,1,0,0,0,1,0,0,1,0,1,0,0,0,1,1,1,0,0,1,1,0,1,0,0,0,1,0,1,1,1,0,1,0,1,1,1,1,0,0,0,0,1,0,1,1,0,1,1,0,1,0,1,1,0,1,1,1,1,1,1,1,1,0,1,1,1,1,1,1,1,1,1,1,1,1,1,1,1,1,0,1,0,1,0,1,1,1,0,1
0,1,0,0,0,1,1,1,0,0,1,0,1,1,1,1,1,1,0,0,0,1,0,0,0,1,1,0,0,0,1,0,0,0,0,1,0,1,1,1,0,1,1,1,0,0,0,1,1,0,0,1,0,0,0,0,1,1,1,0,0,0,1,0,0,0,0,0,1,0,0,1,0,0,0,0,0,0,1,0,1,0,0,0,0,0,1,0,1,0,1,0,0,0,0,1,0,1,0,0,0,0,0,0,0,0,0,1,0,0,0,1,1,1,1,0,0,1,1,0,1,0,0,1,1,1,0,1,1,1,0,0,1,0,1,0,1,0,0,1,0,1,0,0,0,1,1,1,0,0,1,1,0,1,1,0,0,1,1,1,1,1,1,1,0,1,1,1,1,1,0,0,0,1,0,1,1,0,1,1,0,1,0,1,1,0,1,1,0,1,1,1,0,0,0,1,1,1,1,1,1,1,1,0,0,1,1,1,1,1,1,0,1,0,1,0,1,1,1,0,1
0,1,0,0,0,1,1,1,0,0,1,0,1,1,1,1,1,1,0,0,0,1,0,0,0,1,1,0,0,0,1,0,0,0,0,1,0,1,1,1,0,1,1,1,0,0,0,1,1,0,0,1,0,0,0,0,1,1,1,0,0,0,1,0,0,0,0,0,1,0,0,1,0,1,0,0,0,0,1,0,1,0,0,0,0,0,1,0,1,0,1,0,0,0,0,1,0,1,0,0,0,0,0,0,0,0,0,1,0,0,0,1,1,1,1,0,0,1,1,0,1,0,0,1,1,1,0,1,1,1,0,0,1,0,0,0,1,0,0,1,0,1,0,0,0,1,1,1,0,0,1,1,0,1,1,0,0,1,0,1,1,1,1,1,0,1,1,1,1,0,0,0,0,1,0,1,1,0,1,1,0,1,0,1,1,0,1,1,1,1,1,1,0,1,0,1,1,1,1,1,1,1,1,0,0,1,1,1,1,1,1,0,1,0,1,0,1,1,1,0,1
0,1,0,0,0,1,1,1,0,0,1,0,1,1,1,1,1,1,1,0,0,1,1,1,1,0,1,0,1,0,1,0,0,0,0,1,0,1,1,1,0,1,1,1,0,0,0,1,1,0,0,1,0,0,0,0,1,1,1,1,0,0,1,0,0,0,0,0,1,0,0,1,0,0,0,0,0,0,1,0,1,0,0,0,0,0,1,0,1,0,1,0,0,0,0,1,0,1,0,0,0,0,0,0,0,0,0,1,0,0,0,1,1,1,1,0,0,1,1,0,1,0,0,1,1,1,0,1,1,1,0,0,1,0,0,0,1,0,0,1,0,1,0,0,0,1,1,1,0,0,1,1,0,1,0,0,0,1,0,1,1,1,0,1,0,1,1,1,1,0,0,0,0,1,0,1,1,0,1,1,0,1,0,1,1,0,1,1,1,1,1,1,1,0,0,1,1,1,1,1,1,1,1,1,0,1,1,1,1,1,1,0,1,0,1,1,1,1,1,0,1
0,1,0,0,0,1,1,1,0,0,1,0,1,1,1,1,1,1,1,0,0,1,1,1,1,0,1,0,1,0,1,0,0,0,0,1,0,1,1,1,0,1,1,1,0,0,0,1,1,0,0,1,0,0,0,0,1,1,1,1,0,0,1,0,0,0,0,0,1,0,0,1,0,0,0,0,0,0,1,0,1,0,0,0,0,0,1,0,1,0,1,0,0,0,0,1,0,1,0,0,0,0,0,0,0,0,0,1,0,0,0,1,1,1,1,0,0,1,1,0,1,0,0,1,1,1,0,1,1,1,0,0,1,0,0,0,1,0,0,1,0,1,0,0,0,1,1,1,0,0,1,1,0,1,0,0,0,1,0,1,1,1,0,1,0,1,1,1,1,0,0,0,0,1,0,1,1,0,1,1,0,1,0,1,1,0,1,1,1,1,1,1,1,0,0,1,1,1,1,1,1,1,1,1,0,1,1,1,1,1,1,0,1,1,1,1,1,1,1,0,1
0,1,0,1,0,1,1,1,0,0,1,0,1,1,1,1,1,1,1,0,0,1,0,1,0,0,1,0,0,0,1,0,0,0,0,1,0,1,1,1,0,1,1,1,0,0,0,1,1,0,0,1,0,1,1,0,1,1,1,0,0,0,1,0,0,0,0,0,1,0,0,1,0,0,0,1,0,0,1,0,1,0,0,1,0,0,1,0,1,0,1,0,0,0,0,1,0,1,0,1,0,0,0,0,0,0,0,1,0,0,0,1,1,1,1,1,1,1,1,0,1,0,0,1,1,1,0,1,1,1,0,0,1,0,0,0,1,0,0,1,0,1,0,1,0,1,1,1,0,0,1,1,0,1,0,0,0,1,0,1,1,1,0,1,0,1,1,1,1,0,0,0,0,1,0,1,1,0,1,1,1,1,0,1,1,0,1,1,1,1,1,1,1,0,1,1,1,1,1,1,1,1,1,1,0,1,1,1,1,1,1,0,1,0,1,0,1,1,1,0,1
0,1,0,1,0,1,1,1,0,0,1,0,1,1,1,1,1,1,1,0,0,1,0,1,0,0,1,0,0,0,1,0,0,0,0,1,0,1,1,1,0,1,1,1,0,0,0,1,1,0,0,1,0,1,1,0,1,1,1,0,0,0,1,0,0,0,0,0,1,0,0,1,0,0,0,1,0,0,1,0,1,0,0,1,0,0,1,0,1,0,1,0,0,0,0,1,0,1,0,1,0,0,0,0,0,0,0,1,0,0,0,1,1,1,1,1,1,1,1,0,1,0,0,1,1,1,0,1,1,1,0,0,1,0,0,0,1,0,0,1,0,1,0,1,0,1,1,1,0,0,1,1,0,1,0,0,0,1,0,1,1,1,0,1,0,1,1,1,1,0,0,0,0,1,0,1,1,0,1,1,1,1,0,1,1,0,1,1,1,1,1,1,1,0,0,1,1,1,1,1,1,1,1,1,0,1,1,1,1,1,1,0,1,0,1,0,1,1,1,0,1
0,1,0,1,0,1,1,1,0,0,1,0,1,1,1,1,1,1,1,0,0,1,0,1,0,0,1,0,0,0,1,0,0,0,0,1,0,1,1,1,0,1,1,1,0,0,0,1,1,0,0,1,0,1,1,0,1,1,1,0,0,0,1,0,0,0,0,0,1,0,0,1,0,0,0,1,0,0,1,0,1,0,0,1,0,0,1,0,1,0,1,0,0,0,0,1,0,1,0,1,0,0,0,0,0,0,0,1,0,0,0,1,1,1,1,1,1,1,1,0,1,0,0,1,1,1,0,1,1,1,0,0,1,1,0,0,1,0,0,1,0,1,0,1,0,1,1,1,0,0,1,1,0,1,0,0,0,1,0,1,1,1,0,1,0,1,1,1,1,0,0,0,0,1,0,1,1,0,1,1,1,1,0,1,1,0,1,1,1,1,1,1,1,0,0,1,1,1,1,1,1,1,1,1,0,1,1,1,1,1,1,1,1,0,1,0,1,1,1,1,1
0,1,0,0,0,1,1,1,0,0,1,0,1,1,1,1,1,1,1,0,0,1,0,1,0,0,1,0,0,0,1,0,0,0,0,1,0,1,1,1,0,1,1,1,0,0,0,1,1,0,0,1,0,0,0,0,1,1,1,0,0,0,1,0,0,0,0,0,1,0,0,1,0,0,0,0,0,0,1,0,1,0,0,0,0,0,1,0,1,0,1,0,0,0,0,1,0,1,0,0,0,0,0,0,0,0,0,1,0,0,0,1,1,1,1,0,0,1,1,0,1,0,0,1,1,1,0,1,1,1,0,0,1,0,0,0,1,0,0,1,0,1,0,0,0,1,1,1,0,0,1,1,0,1,0,0,0,1,0,1,1,1,0,1,0,1,1,1,1,0,0,0,0,1,0,1,1,0,1,1,0,1,0,1,1,0,1,1,1,1,1,1,1,1,0,1,1,1,1,1,1,1,1,1,1,1,1,1,1,1,1,0,1,0,1,0,1,1,1,0,1
0,1,0,0,0,1,1,1,0,0,1,0,1,1,1,1,1,1,1,0,0,1,0,1,0,0,1,0,0,0,1,0,0,0,0,1,0,1,1,1,0,1,1,1,0,0,0,1,1,0,0,1,0,0,0,0,1,1,1,0,0,0,1,0,0,0,0,0,1,0,0,1,0,0,0,0,0,0,1,0,1,0,0,0,0,0,1,0,1,0,1,0,0,0,0,1,0,1,0,0,0,0,0,0,0,0,0,1,0,0,0,1,1,1,1,0,0,1,1,0,1,0,0,1,1,1,0,1,1,1,0,0,1,0,0,0,1,0,0,1,0,1,0,0,0,1,1,1,0,0,1,1,0,1,0,0,0,1,0,1,1,1,0,1,0,1,1,1,1,0,0,0,0,1,0,1,1,0,1,1,0,1,0,1,1,0,1,1,1,1,1,1,1,0,0,1,1,1,1,1,1,1,1,1,0,1,1,1,1,1,1,0,1,0,1,0,1,1,1,0,1
0,1,0,0,0,1,1,1,0,0,1,0,1,1,1,1,1,1,1,0,0,1,0,1,0,0,1,0,0,0,1,0,0,0,0,1,0,1,1,1,0,1,1,1,0,0,0,1,1,0,0,1,0,0,0,0,1,1,1,0,0,0,1,0,0,0,0,0,1,0,0,1,0,0,0,0,0,0,1,0,1,0,0,0,0,0,1,0,1,0,1,0,0,0,0,1,0,1,0,0,0,0,0,0,0,0,0,1,0,0,0,1,1,1,1,0,0,1,1,0,1,0,0,1,1,1,0,1,1,1,0,0,1,0,1,0,1,0,0,1,0,1,0,0,0,1,1,1,0,0,1,1,0,1,0,0,0,1,1,1,1,1,0,1,0,1,1,1,1,1,0,0,0,1,0,1,1,0,1,1,0,1,0,1,1,0,1,1,1,1,1,1,1,0,0,1,1,1,1,1,1,1,1,1,0,1,1,1,1,1,1,0,1,0,1,0,1,1,1,0,1
0,1,0,0,0,1,1,1,0,0,1,0,1,1,1,1,1,1,1,0,0,1,0,1,0,0,1,0,0,0,1,0,0,0,0,1,0,1,1,1,0,1,1,1,0,0,0,1,1,0,0,1,0,0,0,0,1,1,1,0,0,0,1,0,0,0,0,0,1,0,0,1,0,0,0,0,0,0,1,0,1,0,0,0,0,0,1,0,1,0,1,0,0,0,0,1,0,1,0,0,0,0,0,0,0,0,0,1,0,0,0,1,1,1,1,0,0,1,1,0,1,0,0,1,1,1,0,1,1,1,0,0,1,0,0,0,1,0,0,1,0,1,0,0,0,1,1,1,0,0,1,1,0,1,0,0,0,1,0,1,1,1,0,1,0,1,1,1,1,0,0,0,0,1,0,1,1,0,1,1,0,1,0,1,1,0,1,1,1,1,1,1,1,0,0,1,1,1,1,1,1,1,1,1,0,1,1,1,1,1,1,0,1,1,1,0,1,1,1,0,1
0,1,0,0,0,1,1,1,0,0,1,0,1,1,1,1,1,1,1,0,0,1,0,1,0,0,1,0,0,0,1,0,0,0,0,1,0,1,1,1,0,1,1,1,0,0,0,1,1,0,0,1,0,0,0,0,1,1,1,0,0,0,1,0,0,0,0,0,1,0,0,1,0,0,0,0,0,0,1,0,1,0,0,0,0,0,1,0,1,0,1,0,0,0,0,1,0,1,0,0,0,0,0,0,0,0,0,1,0,0,0,1,1,1,1,0,0,1,1,0,1,0,0,1,1,1,0,1,1,1,0,0,1,0,0,0,1,0,0,1,0,1,0,0,0,1,1,1,0,0,1,1,0,1,0,0,0,1,0,1,1,1,0,1,0,1,1,1,1,0,0,0,0,1,0,1,1,0,1,1,0,1,0,1,1,0,1,1,1,1,1,1,1,0,0,1,1,1,1,1,1,1,1,1,0,1,1,1,1,1,1,0,1,0,1,1,1,1,1,0,1
0,1,0,0,0,1,1,1,0,0,1,0,1,1,1,1,1,1,1,0,0,1,0,1,0,0,1,0,0,0,1,0,0,0,0,1,0,1,1,1,0,1,1,1,0,0,0,1,1,0,0,1,0,0,0,0,1,1,1,0,0,0,1,0,0,0,0,0,1,0,0,1,0,0,0,0,0,0,1,0,1,0,0,0,0,0,1,0,1,0,1,0,0,0,0,1,0,1,0,0,0,0,0,0,0,0,0,1,0,0,0,1,1,1,1,0,0,1,1,0,1,0,0,1,1,1,0,1,1,1,0,0,1,0,0,0,1,0,0,1,0,1,0,0,0,1,1,1,0,0,1,1,0,1,0,0,0,1,0,1,1,1,0,1,0,1,1,1,1,0,0,0,0,1,0,1,1,0,1,1,0,1,0,1,1,0,1,1,1,1,1,1,1,0,0,1,1,1,1,1,1,1,1,1,0,1,1,1,1,1,1,0,1,0,1,0,1,1,1,0,1
0,1,0,0,0,1,1,1,0,0,1,0,1,1,1,1,1,1,1,0,0,1,0,1,0,0,1,0,0,0,1,0,0,0,0,1,0,1,1,1,0,1,1,1,0,0,0,1,1,0,0,1,0,0,0,0,1,1,1,0,0,0,1,0,0,0,0,0,1,0,0,1,0,0,0,0,0,0,1,0,1,0,0,0,0,0,1,0,1,0,1,0,0,0,0,1,0,1,0,0,0,0,0,0,0,0,0,1,0,0,0,1,1,1,1,0,0,1,1,0,1,0,0,1,1,1,0,1,1,1,0,0,1,0,0,0,1,0,0,1,0,1,0,0,0,1,1,1,0,0,1,1,0,1,0,0,0,1,0,1,1,1,0,1,0,1,1,1,1,0,0,0,0,1,0,1,1,0,1,1,0,1,0,1,1,0,1,1,1,1,1,1,1,0,0,1,1,1,1,1,1,1,1,1,0,1,1,1,1,1,1,0,1,0,1,0,1,1,1,0,1
0,1,0,0,0,1,1,1,0,0,1,0,1,1,1,1,1,1,0,0,0,1,0,0,0,0,0,0,0,0,1,0,0,0,0,1,1,1,1,1,0,1,1,1,0,0,0,1,1,0,0,1,0,0,0,0,1,1,1,0,0,0,1,0,0,0,0,0,1,0,0,1,0,0,0,0,0,0,1,0,1,0,0,0,0,0,1,0,1,0,1,0,0,0,0,0,0,1,0,0,0,0,0,0,0,0,0,1,0,0,0,1,1,1,1,0,0,1,1,0,0,0,0,1,1,1,0,1,1,1,0,0,0,0,0,0,1,0,0,1,0,0,0,0,0,1,1,1,0,0,1,1,0,1,0,0,0,0,0,1,1,1,0,1,0,1,1,1,1,0,0,0,0,1,0,1,1,0,1,1,0,1,0,0,0,0,1,1,0,1,1,1,0,0,0,1,1,1,1,1,1,1,1,0,0,1,1,1,1,1,1,0,1,0,1,0,1,1,1,0,1
0,1,0,0,0,1,1,1,0,0,1,0,1,1,1,1,1,1,0,0,0,1,0,0,0,0,0,0,0,0,1,0,0,0,0,1,0,1,1,1,0,1,1,1,0,0,0,1,1,0,0,1,0,0,0,0,1,1,1,0,0,0,1,0,0,0,0,0,1,0,0,1,0,0,0,0,0,0,1,0,1,0,0,0,0,0,1,0,1,0,1,0,0,0,0,0,0,1,0,0,0,0,0,0,0,0,0,1,0,0,0,1,1,1,1,0,0,1,1,0,0,0,0,1,1,1,0,1,1,1,0,0,1,0,0,0,1,0,0,1,0,0,0,0,0,1,1,1,0,0,1,1,0,1,0,0,0,0,0,1,1,1,0,1,0,1,1,1,1,0,0,0,0,1,0,1,1,0,1,1,0,1,0,0,0,0,1,1,1,1,1,1,0,0,0,1,1,1,1,1,1,1,1,0,0,1,1,1,1,1,1,0,1,0,1,0,1,1,1,0,1
0,1,0,0,0,1,1,1,0,0,1,0,1,1,1,1,1,1,0,0,0,1,0,0,0,0,0,0,0,0,1,0,0,0,0,1,0,1,1,1,0,1,1,1,0,0,0,1,1,0,0,1,0,0,0,0,1,1,1,0,0,0,1,0,0,0,0,0,1,0,0,1,0,0,0,0,0,0,1,0,1,0,0,0,0,0,1,0,1,0,1,0,0,0,0,0,0,1,0,0,0,0,0,0,0,0,0,1,0,0,0,1,1,1,1,0,0,1,1,0,0,0,0,1,1,1,0,1,1,1,0,0,0,0,0,0,1,0,0,1,0,0,0,0,0,1,1,1,0,0,1,1,0,1,0,0,0,0,0,1,1,1,0,1,0,1,1,1,1,0,0,0,0,1,0,1,1,0,1,1,0,1,0,0,0,0,1,1,0,1,1,1,0,0,0,1,1,1,1,1,1,1,1,0,0,1,1,1,1,1,1,0,1,0,1,0,1,1,1,0,1
0,1,0,0,0,1,1,1,0,0,1,0,1,1,1,1,1,1,0,0,0,1,0,0,0,0,0,0,0,0,1,0,0,0,0,1,0,1,1,1,0,1,1,1,0,0,0,1,1,0,0,1,0,0,0,0,1,1,1,0,0,0,1,0,0,0,0,0,1,0,0,1,0,0,0,0,0,0,1,0,1,0,0,0,0,0,1,0,1,0,1,0,0,0,0,0,0,1,0,0,0,0,0,0,0,0,0,0,0,0,0,1,1,1,1,0,0,1,1,0,0,0,0,1,1,1,0,1,1,1,0,0,0,0,0,0,1,0,0,1,0,0,0,0,0,1,1,1,0,0,1,1,0,1,0,0,0,0,0,1,1,1,0,1,0,1,1,1,1,0,0,0,0,1,0,1,1,0,1,1,0,1,0,0,0,0,1,1,0,1,1,1,0,0,0,1,1,1,1,1,1,1,1,0,0,1,1,1,1,1,1,0,1,0,1,0,1,1,1,0,1
0,1,0,0,0,1,1,1,0,0,1,0,1,1,1,1,1,1,0,0,0,1,0,0,0,0,0,0,0,0,1,0,0,0,1,1,0,1,1,1,0,1,1,1,0,0,0,1,1,0,0,1,0,0,0,0,1,1,1,0,0,0,1,0,0,0,0,0,1,1,0,0,0,0,0,0,0,0,0,0,0,0,0,0,0,0,0,0,1,0,1,0,0,0,0,0,0,1,0,0,0,0,0,0,0,0,0,0,0,0,0,1,1,1,1,0,0,1,1,0,0,0,0,1,1,1,0,1,1,1,0,0,0,0,0,0,1,0,0,1,0,0,0,0,0,1,1,1,0,0,0,0,1,1,0,0,0,0,0,1,1,1,0,1,0,1,1,1,1,0,0,0,0,1,0,1,1,0,1,1,0,1,0,0,0,0,1,1,0,1,1,1,0,0,0,1,1,1,1,1,1,1,1,0,0,1,1,1,1,1,1,0,1,0,1,0,1,1,1,0,1
0,1,0,1,0,1,1,0,0,0,0,0,0,0,0,0,0,1,1,0,0,0,0,0,0,0,0,0,0,0,1,0,0,1,1,0,0,1,1,1,0,1,1,1,0,0,0,1,1,0,0,1,0,0,0,0,1,1,1,0,0,0,1,1,1,0,0,0,1,1,0,1,0,0,0,0,0,0,0,0,0,0,0,0,0,1,1,0,0,0,1,0,0,0,0,0,0,1,0,0,0,0,0,0,0,1,0,0,0,0,0,1,1,1,0,0,0,1,0,0,0,0,0,1,1,0,0,1,1,0,0,0,0,0,0,0,1,0,0,1,0,0,0,0,0,1,1,1,0,1,0,0,1,1,0,0,1,0,0,1,0,0,0,0,0,1,0,0,1,0,1,0,1,1,0,1,1,0,1,0,0,1,1,0,0,0,1,0,0,1,0,1,0,0,0,1,0,1,1,0,0,1,0,0,0,0,0,0,1,0,0,0,0,0,0,0,1,0,0,0,0
1,1,0,0,0,1,1,1,0,0,1,1,0,0,0,0,1,1,0,0,0,0,0,0,0,0,0,0,0,0,1,0,0,0,1,1,1,0,0,1,0,0,0,1,0,0,0,0,0,0,0,1,0,0,0,0,0,0,0,0,0,0,0,0,0,0,0,0,1,1,0,1,0,1,0,0,0,0,0,0,1,0,0,0,0,0,0,0,0,0,0,0,0,0,0,0,0,0,0,0,0,0,0,0,0,0,0,1,0,0,0,0,0,0,0,0,0,0,0,0,0,0,0,0,0,1,0,0,0,0,0,0,1,0,1,0,0,0,0,0,0,0,0,0,0,0,0,0,0,0,1,0,1,0,0,0,0,0,0,0,0,0,0,0,0,1,0,0,1,1,0,0,0,0,0,0,0,0,0,1,0,0,0,0,0,0,1,0,1,1,1,0,1,1,0,1,1,1,1,1,1,0,0,1,1,1,1,0,0,0,0,0,0,1,1,1,1,1,1,0,0
0,1,0,1,0,1,1,0,0,0,0,0,0,0,0,0,0,1,1,0,0,0,0,0,0,0,0,0,0,0,1,0,0,1,1,0,0,1,1,1,0,1,1,1,0,0,0,1,1,0,0,1,0,0,0,0,1,1,1,0,0,0,1,1,1,0,0,0,1,1,0,1,0,0,0,0,0,0,0,0,0,0,0,0,0,1,1,0,0,0,1,0,0,0,0,0,0,1,0,0,0,0,0,0,0,1,0,0,0,0,0,1,1,1,0,0,0,1,0,0,0,0,0,1,1,0,0,1,1,0,0,0,0,0,0,0,1,0,0,1,0,0,0,0,0,1,1,1,0,1,0,0,1,1,0,0,1,0,0,1,0,0,0,0,0,1,0,0,1,0,1,0,1,1,0,1,1,0,1,0,0,1,1,0,0,0,1,0,0,1,1,0,0,0,0,1,0,1,0,1,1,0,0,0,0,0,0,1,0,0,0,0,0,0,1,0,0,0,0,0,0
0,1,0,1,0,1,1,0,1,0,1,0,1,1,1,0,0,0,0,0,0,0,0,0,0,1,1,0,0,0,1,1,0,1,0,0,0,0,1,1,0,1,0,1,1,1,0,1,1,0,0,1,1,1,1,1,0,1,1,1,1,1,1,1,1,1,0,1,1,0,1,1,1,0,0,1,0,1,0,1,1,0,0,1,1,1,0,1,1,1,1,1,1,1,0,0,1,1,0,1,0,1,1,0,1,0,1,1,0,1,1,1,1,1,0,1,1,1,1,0,0,1,1,1,0,0,0,1,1,0,1,0,0,1,0,1,1,0,1,1,1,0,0,1,0,1,1,1,0,0,0,0,0,1,0,0,0,0,0,1,1,0,0,1,1,1,0,0,1,0,1,0,0,1,1,1,1,1,0,0,1,1,0,0,0,1,1,0,0,1,0,1,0,0,0,1,0,0,0,0,0,1,1,0,0,0,0,1,0,0,0,0,0,0,1,0,0,0,0,0,0
0,1,0,1,0,1,1,1,1,0,1,0,1,1,0,0,1,1,1,0,0,1,0,0,0,1,1,1,1,1,1,1,0,1,0,0,0,0,1,1,0,0,0,1,1,1,0,0,1,0,0,1,1,1,0,1,1,1,1,0,0,1,0,1,1,1,0,1,1,0,1,1,1,1,0,1,0,1,1,1,1,0,0,1,1,1,1,1,1,1,1,1,1,1,0,1,1,1,0,1,0,1,1,0,1,0,1,1,0,1,1,0,1,1,1,1,1,1,1,0,1,1,1,1,0,1,0,1,1,0,1,0,1,1,0,1,1,0,0,1,1,1,0,1,0,1,1,1,0,0,1,0,0,1,1,0,1,1,0,1,0,1,1,1,1,1,1,0,1,0,1,0,0,1,1,1,0,1,0,1,1,1,0,1,1,1,1,0,1,1,0,1,1,1,1,1,1,1,1,0,0,1,1,1,1,0,0,1,1,0,1,0,1,0,1,0,1,0,1,0,1
0,1,0,0,0,1,1,1,0,0,0,0,0,0,0,0,0,1,1,0,0,1,0,1,1,0,1,0,0,0,1,0,0,1,0,0,1,0,1,1,0,0,1,1,0,0,0,0,1,0,0,1,0,0,0,0,0,1,1,0,0,0,0,1,1,0,0,0,1,0,0,1,0,1,0,1,0,0,0,0,1,0,0,1,0,0,0,0,0,0,1,0,0,0,0,0,0,1,0,0,0,0,0,0,0,0,0,1,0,0,0,0,1,1,1,0,0,1,0,0,1,0,0,1,0,1,0,1,1,0,0,0,1,0,0,0,1,0,0,1,0,0,0,0,0,1,1,0,0,0,1,0,0,1,1,0,0,0,0,1,0,1,1,0,0,1,0,0,1,0,1,0,0,1,0,1,1,0,0,1,0,1,0,1,0,0,1,0,1,1,0,0,1,0,1,1,1,1,1,0,0,0,0,1,0,0,1,1,1,0,0,0,1,0,1,0,1,0,0,0,1
0,1,0,0,0,1,1,0,0,0,0,0,0,0,0,0,0,1,1,0,0,1,0,1,1,0,1,0,0,0,1,0,0,1,0,0,1,0,1,1,0,0,1,1,0,0,0,0,1,0,0,0,0,0,0,0,0,1,1,0,0,0,0,1,1,0,0,0,1,0,0,1,0,1,0,1,0,0,0,0,1,0,0,1,0,0,0,0,0,0,1,0,0,0,0,0,0,1,0,0,0,0,0,0,0,0,0,1,0,0,0,0,1,1,0,0,0,1,0,0,1,0,0,1,0,0,0,1,1,0,0,0,1,0,0,0,1,0,0,1,0,0,0,0,0,1,1,0,0,0,1,0,0,1,1,0,0,0,0,1,0,0,1,0,0,1,0,0,1,0,1,0,0,1,0,1,1,0,0,0,0,1,0,1,0,0,1,0,1,1,0,0,1,0,1,1,1,1,1,0,0,0,0,1,0,0,1,1,0,0,0,0,0,0,1,0,0,0,0,0,0
0,1,0,1,1,1,1,1,0,0,0,0,0,0,0,1,1,1,0,1,1,1,0,0,0,1,1,0,0,0,1,0,0,1,0,0,0,0,0,1,0,1,0,1,0,1,0,1,1,1,1,1,1,1,0,1,0,1,1,0,0,1,1,0,1,1,0,1,1,0,1,1,0,0,1,0,1,0,0,1,0,1,1,1,1,1,0,1,1,1,1,1,1,1,1,0,1,1,0,1,0,1,1,1,1,0,1,0,0,1,1,1,1,1,1,1,1,1,1,0,0,1,1,1,0,1,1,1,1,1,1,1,0,0,0,1,1,0,0,1,1,0,0,1,0,1,1,1,1,0,0,0,0,1,0,0,0,0,0,1,1,1,0,1,1,1,0,1,1,0,0,1,1,1,1,1,1,1,0,1,1,1,0,0,0,1,1,0,0,1,1,0,0,0,0,0,0,0,1,1,1,0,0,0,0,0,0,1,1,0,0,0,1,0,1,0,1,0,0,0,1
0,1,0,1,1,1,1,0,0,0,0,0,0,0,0,1,1,1,0,1,1,1,0,0,0,1,1,0,0,0,1,0,0,1,0,0,0,0,0,1,0,1,0,1,0,1,0,1,1,1,1,1,1,1,0,1,0,1,1,0,0,1,1,0,1,1,0,1,1,0,1,1,0,0,1,0,1,0,0,1,0,1,1,1,1,1,0,1,1,1,1,1,1,1,1,0,1,1,0,1,0,1,1,1,1,0,1,0,0,1,1,1,1,1,1,1,1,1,1,0,0,1,1,1,0,1,1,1,1,0,1,1,0,0,0,1,1,0,0,1,1,0,0,1,0,1,1,1,1,0,0,0,0,1,0,0,0,0,0,1,1,1,0,1,1,1,0,0,1,0,0,1,1,1,1,1,1,1,0,1,1,1,0,0,0,1,1,0,0,1,0,0,0,0,0,0,0,1,1,0,0,0,0,0,0,0,0,0,1,0,1,0,1,0,0,0,1,0,1,0,1
0,1,0,1,1,1,0,0,0,0,0,0,0,0,0,1,1,1,0,1,1,1,0,0,0,1,1,0,0,0,1,0,0,1,0,0,0,0,0,0,0,1,0,0,0,1,0,1,0,1,1,0,1,1,0,1,0,0,0,0,0,1,1,0,1,1,0,1,0,0,1,1,0,0,1,0,1,0,0,1,0,1,1,1,1,1,0,1,1,1,0,1,1,1,1,0,1,0,0,1,0,1,1,1,1,0,1,0,0,1,1,1,0,0,0,1,1,0,1,0,0,1,1,0,0,0,1,0,0,0,1,1,0,0,0,1,0,0,0,0,1,0,0,1,0,0,0,1,1,0,0,0,0,0,0,0,0,0,0,0,1,0,0,1,1,0,0,0,0,0,0,1,1,0,1,0,1,1,0,0,1,0,0,0,0,1,0,0,0,0,0,0,0,0,0,0,0,0,0,0,0,0,0,0,0,0,0,0,0,0,0,0,0,0,0,0,0,0,0,0,0
0,1,0,1,1,1,1,0,0,0,0,0,0,0,0,1,1,1,0,1,1,1,0,0,0,1,1,0,0,0,1,0,0,1,1,0,0,0,0,1,0,1,0,1,0,1,0,1,0,1,1,0,1,1,0,1,0,1,1,0,0,1,1,0,1,1,0,1,0,1,1,1,0,0,1,0,1,0,0,1,0,1,1,1,1,1,0,1,1,1,0,1,1,1,1,0,1,1,0,1,0,1,1,1,1,0,1,0,0,1,1,1,1,1,0,1,1,1,1,0,0,1,1,0,0,0,1,1,1,0,1,1,0,0,0,1,0,0,0,0,1,0,0,1,0,0,1,1,1,0,0,0,1,1,0,0,0,0,0,0,1,0,0,1,1,1,0,0,1,0,0,1,1,1,1,1,1,1,0,0,1,0,1,0,0,1,1,0,0,1,0,0,0,0,0,0,0,0,0,0,0,0,0,0,0,0,0,1,0,0,0,0,0,0,1,0,0,0,0,0,0
0,1,0,1,1,1,1,0,0,0,0,0,0,0,0,1,1,1,0,1,1,1,0,0,0,1,1,0,0,0,1,0,0,1,1,0,0,0,0,1,0,1,0,1,0,1,0,1,0,1,1,0,1,1,0,1,0,1,1,0,0,1,1,0,1,1,0,1,0,1,1,1,0,0,1,0,1,0,0,1,0,1,1,1,1,1,0,1,1,1,0,1,1,1,1,0,1,1,0,1,0,1,1,1,1,0,1,0,0,1,1,1,1,1,0,1,1,1,1,0,0,1,1,0,0,0,1,1,1,0,1,1,0,0,0,1,0,0,0,0,1,0,0,1,0,0,1,1,1,0,0,0,1,1,0,0,0,0,0,0,1,0,0,1,1,1,0,0,1,0,0,1,1,1,1,1,1,1,0,0,1,0,1,0,0,1,1,0,0,1,0,0,0,0,0,0,0,1,0,0,0,0,0,0,0,0,0,0,0,0,1,0,0,0,0,0,0,0,1,0,0
0,1,0,1,1,1,1,0,0,0,0,0,0,0,0,1,1,1,0,1,1,1,0,0,0,1,1,0,0,0,1,0,0,1,1,0,0,0,0,1,0,1,0,1,0,1,0,1,0,1,1,0,1,1,0,1,0,1,1,0,0,1,1,0,1,1,0,1,0,1,1,1,0,0,1,0,1,0,0,1,0,1,1,1,1,1,0,1,1,1,0,1,1,1,1,0,1,1,0,1,0,1,1,1,1,0,1,0,0,1,1,1,1,1,0,1,1,1,1,0,0,1,1,0,0,0,1,1,1,1,1,1,0,0,0,1,0,0,0,0,1,0,0,1,0,0,1,1,1,0,0,0,1,1,0,0,0,0,0,0,1,0,0,1,1,1,0,1,1,0,0,1,1,1,1,1,1,1,0,0,1,0,1,0,0,1,1,0,0,1,1,0,0,0,0,0,0,1,0,0,1,0,0,0,0,0,0,1,0,0,1,0,0,0,1,0,0,0,1,0,0
0,1,0,1,1,1,0,0,0,0,0,0,0,0,0,1,1,1,0,1,1,1,0,0,0,1,1,0,0,0,1,0,0,1,0,0,0,0,0,0,0,1,0,0,0,1,0,1,0,1,1,1,1,1,0,1,0,0,0,0,0,1,1,0,1,1,0,1,0,0,1,1,0,0,1,0,1,0,0,1,0,1,1,1,1,1,0,1,1,1,0,1,1,1,1,0,1,0,0,1,0,1,1,1,1,0,1,0,0,1,1,1,0,0,0,1,1,0,1,0,0,1,1,0,0,0,1,0,0,0,1,1,0,0,0,1,0,0,0,0,1,0,0,1,0,0,0,1,1,0,0,0,0,0,0,0,0,0,0,0,1,0,0,1,1,0,0,0,0,0,0,1,1,0,1,0,1,1,0,0,1,0,0,0,0,1,0,0,0,0,0,0,0,0,0,0,1,0,0,0,0,0,0,0,0,0,0,0,0,0,0,0,0,0,0,1,0,0,0,0,0
0,1,0,1,1,1,0,0,0,0,0,0,0,0,0,1,1,1,0,1,1,1,0,0,0,1,1,0,0,0,1,0,0,1,0,0,0,0,0,0,0,1,0,0,0,1,0,1,0,1,1,1,1,1,0,1,0,0,0,0,0,1,1,0,1,1,0,1,0,0,1,1,0,0,1,0,1,0,0,1,0,1,1,1,1,1,0,1,1,1,0,1,1,1,1,0,1,0,0,1,0,1,1,1,1,0,1,0,0,1,1,1,0,0,0,1,1,0,1,0,0,1,1,0,0,0,1,0,0,0,1,1,0,0,0,1,0,0,0,0,1,0,0,1,0,0,0,1,1,0,0,0,0,0,0,0,0,0,0,0,1,0,0,1,1,0,0,0,0,0,0,1,1,0,1,0,1,1,0,0,1,0,0,0,0,1,0,0,0,0,0,0,0,0,0,0,0,0,0,0,0,0,0,0,0,0,0,0,0,0,0,0,0,1,0,0,0,0,0,0,0
0,1,0,1,1,1,1,0,0,0,0,0,0,0,0,1,1,1,0,1,1,1,0,0,0,1,1,0,0,0,1,0,0,1,0,0,0,0,1,0,0,1,0,0,0,1,0,1,0,1,1,0,1,1,1,1,0,0,0,0,0,1,1,0,1,1,0,1,0,0,1,1,0,0,1,1,1,0,0,1,0,1,1,1,1,1,0,1,1,1,0,1,1,1,1,0,1,0,0,1,0,1,1,1,1,0,1,0,0,1,1,1,0,0,0,1,1,0,1,0,0,1,1,0,0,0,1,0,0,0,1,1,0,0,0,1,0,0,0,0,1,0,0,1,0,0,0,1,1,0,0,0,0,0,0,0,0,0,0,0,1,0,0,1,1,0,0,0,0,0,0,1,1,0,1,0,1,1,0,0,1,0,0,0,0,1,0,0,0,0,0,0,0,0,0,0,0,0,0,0,0,0,0,0,0,0,0,0,0,0,0,0,0,0,0,0,0,0,0,0,0
0,1,0,1,1,1,0,0,0,0,0,0,0,0,0,1,1,1,0,1,1,1,0,0,0,1,1,0,0,0,1,0,0,1,0,0,0,0,0,0,0,1,0,0,0,1,0,1,0,1,1,0,1,1,0,1,0,0,0,0,0,1,1,0,1,1,0,1,0,0,1,1,0,0,1,0,1,0,0,1,0,1,1,1,1,1,0,1,1,1,0,1,1,1,1,0,1,0,0,1,0,1,1,1,1,0,1,0,0,1,1,1,0,0,0,1,1,0,1,0,0,1,1,0,0,0,1,0,0,0,1,1,0,0,0,1,0,0,0,0,1,0,0,1,0,0,0,1,1,0,0,0,0,0,0,0,0,0,0,0,1,0,0,1,1,0,0,0,0,0,0,1,1,0,1,0,1,1,0,0,1,0,0,0,0,1,0,0,0,0,0,0,0,0,0,0,0,0,0,0,0,0,0,0,0,0,0,0,0,0,0,0,0,1,0,0,0,0,0,0,0
0,1,0,1,1,1,1,0,0,0,0,0,0,0,0,1,1,1,0,1,1,1,0,0,0,1,1,0,0,0,1,0,0,1,0,0,0,0,0,1,0,1,0,1,0,1,0,1,0,1,1,0,1,1,0,1,0,1,1,0,0,1,1,0,1,1,0,1,1,0,1,1,0,0,1,0,1,0,0,1,0,1,1,1,1,1,0,1,1,1,1,1,1,1,1,0,1,1,0,1,0,1,1,1,1,0,1,0,0,1,1,1,1,1,0,1,1,1,1,0,0,1,1,1,0,0,1,1,1,0,1,1,0,0,0,1,1,0,0,1,1,0,0,1,0,1,1,1,1,0,0,0,0,1,0,0,0,0,0,1,1,0,0,1,1,1,0,0,1,0,0,1,1,1,1,1,1,1,0,0,1,1,0,0,0,1,1,0,0,1,0,0,0,0,0,0,0,0,0,0,0,0,0,0,0,0,0,1,0,0,0,0,0,0,1,0,0,0,0,0,0
0,1,0,1,1,1,0,0,0,1,0,0,0,0,0,1,1,1,0,1,1,1,0,0,0,1,1,0,0,0,1,0,1,1,0,0,0,0,0,0,1,1,0,0,0,1,1,1,0,1,1,0,1,1,0,1,0,0,0,0,0,1,1,0,1,1,0,1,0,0,1,1,0,0,1,0,1,0,0,1,0,1,1,1,1,1,0,1,1,1,0,1,1,1,1,0,1,0,1,1,1,1,1,1,1,0,1,0,0,1,1,1,0,0,0,1,1,0,1,1,0,1,1,0,0,0,1,0,0,0,1,1,0,0,0,1,0,1,0,0,1,0,1,1,0,0,0,1,1,0,0,0,0,0,0,0,0,0,0,0,1,0,0,1,1,0,0,0,0,0,0,1,1,0,1,0,1,1,0,0,1,0,0,0,0,1,0,0,0,0,0,0,0,0,0,0,0,0,0,0,0,0,0,0,0,0,0,0,0,0,0,0,0,0,0,0,0,0,0,0,0
0,1,0,1,1,1,0,0,0,0,0,0,0,0,0,1,1,1,0,1,1,1,0,0,0,1,1,0,0,0,1,0,0,1,0,0,0,0,0,0,0,1,0,0,0,1,0,1,0,1,1,0,1,1,0,1,0,0,0,0,0,1,1,0,1,1,0,1,0,0,1,1,0,0,1,0,1,0,0,1,0,1,1,1,1,1,0,1,1,1,0,1,1,1,1,0,1,0,0,1,0,1,1,1,1,0,1,0,0,1,1,1,0,0,0,1,1,0,1,0,0,1,1,0,0,0,1,0,0,0,1,1,0,0,0,1,0,0,0,0,1,0,0,1,0,0,0,1,1,0,0,0,0,0,0,0,0,0,0,0,1,0,0,1,1,0,0,0,0,0,0,1,1,0,1,0,1,1,0,0,1,0,0,0,0,1,0,0,0,0,0,0,0,0,0,0,0,0,0,0,0,0,0,0,0,0,0,0,0,0,0,0,0,0,0,0,0,0,0,0,0
0,1,0,1,1,1,0,0,0,0,0,0,0,0,0,1,1,1,0,1,1,1,0,0,0,1,1,0,0,0,1,0,0,1,0,0,0,0,0,0,0,1,0,0,0,1,0,1,0,1,1,0,1,1,0,1,0,0,0,0,0,1,1,0,1,1,0,1,0,0,1,1,0,0,1,0,1,0,0,1,0,1,1,1,1,1,0,1,1,1,0,1,1,1,1,0,1,0,0,1,0,1,1,1,1,0,1,0,0,1,1,1,0,0,0,1,1,0,1,0,0,1,1,0,0,0,1,0,0,0,1,1,0,0,0,1,0,0,0,0,1,0,0,1,0,0,0,1,1,0,0,0,0,0,0,0,0,0,0,0,1,0,0,1,1,0,0,0,0,0,0,1,1,0,1,0,1,1,0,0,1,0,0,0,0,1,0,0,0,0,0,0,0,0,0,0,0,0,0,0,0,0,0,0,0,0,0,0,0,0,0,0,0,0,0,0,0,0,0,0,0
0,1,0,1,1,1,0,0,0,0,0,0,0,0,0,1,1,1,0,1,1,1,0,0,0,1,1,0,0,0,1,0,0,1,0,0,0,0,0,0,0,1,0,0,0,1,0,1,0,1,1,0,1,1,0,1,0,0,0,0,0,1,1,0,1,1,0,1,0,0,1,1,0,0,1,0,1,0,0,1,0,1,1,1,1,1,0,1,1,1,0,1,1,1,1,0,1,0,0,1,0,1,1,1,1,0,1,0,0,1,1,1,0,0,0,1,1,0,1,0,0,1,1,0,0,0,1,0,0,0,1,1,0,0,0,1,0,0,0,0,1,0,0,1,0,0,0,1,1,0,0,0,0,0,0,0,0,0,0,0,1,0,0,1,1,0,0,0,0,0,0,1,1,0,1,0,1,1,0,0,1,0,0,0,0,1,0,0,0,0,0,0,0,0,0,0,0,0,0,0,0,0,0,0,0,0,0,0,0,0,0,0,0,0,0,0,0,0,0,0,0
0,1,0,1,1,1,0,0,0,0,1,0,1,1,0,1,1,1,0,1,1,1,0,0,0,1,1,1,1,0,1,0,0,0,0,0,0,0,0,0,0,1,0,1,0,1,0,1,0,1,1,0,1,1,0,1,0,1,0,1,0,1,1,0,0,1,0,1,1,0,1,1,0,0,1,0,1,1,0,1,1,1,1,1,1,1,0,1,1,1,1,1,1,1,1,1,1,1,0,1,0,1,1,1,1,0,1,1,0,1,1,1,1,0,0,1,1,1,1,0,1,1,1,1,0,0,1,1,1,0,1,1,1,0,0,1,1,0,0,1,1,1,0,1,0,1,1,1,1,1,0,0,0,1,0,0,0,1,0,1,1,0,0,1,1,1,0,0,1,0,0,1,1,1,1,1,1,1,0,0,1,1,0,1,1,1,1,0,1,1,0,0,1,0,0,0,0,1,0,0,0,0,0,1,0,0,0,0,0,0,0,0,0,0,0,0,0,0,0,0,0
0,1,0,1,1,1,1,0,0,0,1,0,1,1,0,1,1,1,0,1,1,1,0,0,0,1,1,1,1,0,1,0,0,0,0,0,0,0,0,1,0,1,0,1,0,1,0,1,1,1,1,1,1,1,0,1,0,1,1,1,0,1,1,0,0,1,0,1,1,0,1,1,0,0,1,0,1,1,0,1,1,1,1,1,1,1,0,1,1,1,1,1,1,1,1,1,1,1,0,1,0,1,1,1,1,0,1,1,0,1,1,1,1,1,1,1,1,1,1,0,1,1,1,1,0,1,1,1,1,1,1,1,1,0,1,1,1,0,0,1,1,1,0,1,0,1,1,1,1,1,0,0,0,1,0,0,0,1,1,1,1,1,0,1,1,1,1,1,1,1,0,1,1,1,1,1,1,1,0,1,1,1,0,1,1,1,1,1,1,1,0,0,1,0,0,0,0,1,1,0,0,0,0,1,0,0,0,0,1,0,1,0,1,0,0,0,1,0,1,0,1
0,1,0,1,1,1,1,1,0,0,1,0,1,1,0,1,1,1,0,1,1,1,0,0,0,1,1,1,1,0,1,0,0,0,0,0,0,0,0,1,0,1,0,1,0,1,0,1,1,1,1,1,1,1,0,1,0,1,1,1,0,1,1,0,0,1,0,1,1,0,1,1,0,0,1,0,1,1,0,1,1,1,1,1,1,1,0,1,1,1,1,1,1,1,1,1,1,1,0,1,0,1,1,1,1,0,1,1,0,1,1,1,1,1,1,1,1,1,1,0,1,1,1,1,0,1,1,1,1,1,1,1,1,0,0,1,1,0,0,1,1,1,0,1,0,1,1,1,1,1,0,0,0,1,0,0,0,1,0,1,1,1,0,1,1,1,0,1,1,0,0,1,1,1,1,1,1,1,0,1,1,1,0,1,1,1,1,1,1,1,1,1,1,1,0,0,0,1,1,1,1,0,0,1,1,0,0,1,1,0,0,0,1,0,1,0,1,0,0,0,1
0,1,0,1,1,1,1,0,0,0,1,0,1,1,0,1,1,1,0,1,1,1,0,0,0,1,1,1,1,0,1,0,0,0,1,0,0,0,0,1,0,1,0,1,0,1,0,1,0,1,1,0,1,1,0,1,0,1,1,1,0,1,1,0,0,1,0,1,1,1,1,1,0,0,1,0,1,1,0,1,1,1,1,1,1,1,0,1,1,1,1,1,1,1,1,1,1,1,0,1,0,1,1,1,1,0,1,1,0,1,1,1,1,1,0,1,1,1,1,0,1,1,1,1,0,0,1,1,1,0,1,1,1,0,0,1,1,0,0,1,1,1,0,1,0,1,1,1,1,1,0,0,1,1,0,0,0,1,0,1,1,0,0,1,1,1,0,0,1,0,0,1,1,1,1,1,1,1,0,0,1,1,1,1,1,1,1,0,1,1,1,1,1,1,0,0,0,1,0,1,1,0,0,1,1,0,0,1,0,0,0,0,0,0,1,0,0,0,0,0,0
0,1,0,1,1,1,1,0,0,0,1,0,1,1,0,1,1,1,0,1,1,1,0,0,0,1,1,1,1,0,1,0,0,0,1,0,0,0,0,1,0,1,0,1,0,1,0,1,0,1,1,0,1,1,0,1,0,1,1,1,0,1,1,0,0,1,0,1,1,1,1,1,0,0,1,0,1,1,0,1,1,1,1,1,1,1,0,1,1,1,1,1,1,1,1,1,1,1,0,1,0,1,1,1,1,0,1,1,0,1,1,1,1,1,0,1,1,1,1,0,1,1,1,1,0,0,1,1,1,1,1,1,1,0,1,1,1,0,0,1,1,1,0,1,0,1,1,1,1,1,0,0,1,1,0,0,0,1,1,1,1,0,0,1,1,1,1,1,1,1,0,1,1,1,1,1,1,1,0,0,1,1,1,1,1,1,1,0,1,1,0,0,1,0,0,0,0,1,0,0,0,0,0,1,0,0,0,0,0,0,1,0,0,0,0,0,0,0,1,0,0
0,1,0,1,1,1,1,0,0,0,1,0,1,1,0,1,1,1,0,1,1,1,0,0,0,1,1,1,1,0,1,0,0,0,1,0,0,0,0,1,0,1,0,1,0,1,0,1,0,1,1,0,1,1,0,1,0,1,1,1,0,1,1,0,0,1,0,1,1,1,1,1,0,0,1,0,1,1,0,1,1,1,1,1,1,1,0,1,1,1,1,1,1,1,1,1,1,1,0,1,0,1,1,1,1,0,1,1,0,1,1,1,1,1,0,1,1,1,1,0,1,1,1,1,0,0,1,1,1,1,1,1,1,0,1,1,1,0,0,1,1,1,0,1,0,1,1,1,1,1,0,0,1,1,0,0,0,1,1,1,1,0,0,1,1,1,1,1,1,1,0,1,1,1,1,1,1,1,0,0,1,1,1,1,1,1,1,0,1,1,1,1,1,1,0,0,0,1,0,1,1,0,0,1,1,0,0,1,0,0,1,0,0,0,1,0,0,0,1,0,0
0,1,0,1,1,1,0,0,0,0,1,0,1,1,0,1,1,1,0,1,1,1,0,0,0,1,1,1,1,0,1,0,0,0,0,0,0,0,0,0,0,1,0,1,0,1,0,1,0,1,1,1,1,1,0,1,0,1,0,1,0,1,1,0,0,1,0,1,1,0,1,1,0,0,1,0,1,1,0,1,1,1,1,1,1,1,0,1,1,1,1,1,1,1,1,1,1,1,0,1,0,1,1,1,1,0,1,1,0,1,1,1,1,0,0,1,1,1,1,0,1,1,1,1,0,0,1,1,1,0,1,1,1,0,0,1,1,0,0,1,1,1,0,1,0,1,1,1,1,1,0,0,0,1,0,0,0,1,0,1,1,0,0,1,1,1,0,0,1,0,0,1,1,1,1,1,1,1,0,0,1,1,0,1,1,1,1,0,1,1,0,0,1,0,0,0,1,1,0,0,0,0,0,1,0,0,0,0,0,0,0,0,0,0,0,1,0,0,0,0,0
0,1,0,1,1,1,0,0,0,0,1,0,1,1,0,1,1,1,0,1,1,1,0,0,0,1,1,1,1,0,1,0,0,0,0,0,0,0,0,0,0,1,0,1,0,1,0,1,0,1,1,1,1,1,0,1,0,1,0,1,0,1,1,0,0,1,0,1,1,0,1,1,0,0,1,0,1,1,0,1,1,1,1,1,1,1,0,1,1,1,1,1,1,1,1,1,1,1,0,1,0,1,1,1,1,0,1,1,0,1,1,1,1,0,0,1,1,1,1,0,1,1,1,1,0,0,1,1,1,0,1,1,1,0,0,1,1,0,0,1,1,1,0,1,0,1,1,1,1,1,0,0,0,1,0,0,0,1,0,1,1,0,0,1,1,1,0,0,1,0,0,1,1,1,1,1,1,1,0,0,1,1,0,1,1,1,1,0,1,1,0,0,1,0,0,0,0,1,1,0,0,0,0,1,0,0,0,0,0,0,0,0,0,1,0,0,0,0,0,0,0
0,1,0,1,1,1,1,0,0,0,1,0,1,1,0,1,1,1,0,1,1,1,0,0,0,1,1,1,1,0,1,0,0,0,0,0,0,0,1,0,0,1,0,1,0,1,0,1,0,1,1,0,1,1,1,1,0,1,0,1,0,1,1,0,0,1,0,1,1,0,1,1,0,0,1,1,1,1,0,1,1,1,1,1,1,1,0,1,1,1,1,1,1,1,1,1,1,1,0,1,0,1,1,1,1,0,1,1,0,1,1,1,1,0,0,1,1,1,1,0,1,1,1,1,0,0,1,1,1,0,1,1,1,0,0,1,1,0,0,1,1,1,0,1,0,1,1,1,1,1,0,0,0,1,0,0,0,1,0,1,1,0,0,1,1,1,0,0,1,0,0,1,1,1,1,1,1,1,0,0,1,1,0,1,1,1,1,0,1,1,0,1,1,0,1,0,0,1,0,0,0,0,1,1,0,0,0,0,0,0,0,0,0,0,0,0,0,0,0,0,0
0,1,0,1,1,1,0,0,0,0,1,0,1,1,0,1,1,1,0,1,1,1,0,0,0,1,1,1,1,0,1,0,0,0,0,0,0,0,0,0,0,1,0,1,0,1,0,1,0,1,1,0,1,1,0,1,0,1,0,1,0,1,1,0,0,1,0,1,1,0,1,1,0,0,1,0,1,1,0,1,1,1,1,1,1,1,0,1,1,1,1,1,1,1,1,1,1,1,0,1,0,1,1,1,1,0,1,1,0,1,1,1,1,0,0,1,1,1,1,0,1,1,1,1,0,0,1,1,1,0,1,1,1,0,0,1,1,0,0,1,1,1,0,1,0,1,1,1,1,1,0,0,0,1,0,0,0,1,0,1,1,0,0,1,1,1,0,0,1,0,0,1,1,1,1,1,1,1,0,0,1,1,0,1,1,1,1,0,1,1,0,0,1,0,0,0,0,1,1,0,0,0,0,1,0,0,0,0,0,0,0,0,0,1,0,0,0,0,0,0,0
0,1,0,1,1,1,1,0,0,0,1,0,1,1,0,1,1,1,0,1,1,1,0,0,0,1,1,1,1,0,1,0,0,0,0,0,0,0,0,1,0,1,0,1,0,1,0,1,0,1,1,0,1,1,0,1,0,1,1,1,0,1,1,0,0,1,0,1,1,0,1,1,0,0,1,0,1,1,0,1,1,1,1,1,1,1,0,1,1,1,1,1,1,1,1,1,1,1,0,1,0,1,1,1,1,0,1,1,0,1,1,1,1,1,0,1,1,1,1,0,1,1,1,1,0,0,1,1,1,0,1,1,1,0,0,1,1,0,0,1,1,1,0,1,0,1,1,1,1,1,0,0,0,1,0,0,0,1,0,1,1,0,0,1,1,1,0,0,1,0,0,1,1,1,1,1,1,1,0,0,1,1,0,1,1,1,1,0,1,1,1,1,1,1,0,0,0,1,0,1,1,0,0,1,1,0,0,1,0,0,0,0,0,0,1,0,0,0,0,0,0
0,1,0,1,1,1,0,0,0,1,1,0,1,1,0,1,1,1,0,1,1,1,0,0,0,1,1,1,1,0,1,0,1,0,0,0,0,0,0,0,1,1,0,1,0,1,1,1,0,1,1,0,1,1,0,1,0,1,0,1,0,1,1,0,0,1,0,1,1,0,1,1,0,0,1,0,1,1,0,1,1,1,1,1,1,1,0,1,1,1,1,1,1,1,1,1,1,1,1,1,1,1,1,1,1,0,1,1,0,1,1,1,1,0,0,1,1,1,1,1,1,1,1,1,0,0,1,1,1,0,1,1,1,0,0,1,1,1,0,1,1,1,1,1,0,1,1,1,1,1,0,0,0,1,0,0,0,1,0,1,1,0,0,1,1,1,0,0,1,0,0,1,1,1,1,1,1,1,0,0,1,1,0,1,1,1,1,0,1,1,0,0,1,0,0,0,0,1,0,0,0,0,0,1,0,0,0,0,0,0,0,0,0,0,0,0,0,0,0,0,0
0,1,0,1,1,1,0,0,0,0,1,0,1,1,0,1,1,1,0,1,1,1,0,0,0,1,1,1,1,0,1,0,0,0,0,0,0,0,0,0,0,1,0,1,0,1,0,1,0,1,1,0,1,1,0,1,0,1,0,1,0,1,1,0,0,1,0,1,1,0,1,1,0,0,1,0,1,1,0,1,1,1,1,1,1,1,0,1,1,1,1,1,1,1,1,1,1,1,0,1,0,1,1,1,1,0,1,1,0,1,1,1,1,0,0,1,1,1,1,0,1,1,1,1,0,0,1,1,1,0,1,1,1,0,0,1,1,0,0,1,1,1,0,1,0,1,1,1,1,1,0,0,0,1,0,0,0,1,0,1,1,0,0,1,1,1,0,0,1,0,0,1,1,1,1,1,1,1,0,0,1,1,0,1,1,1,1,0,1,1,0,0,1,0,0,0,0,1,0,0,0,0,0,1,0,0,0,0,0,0,0,0,0,0,0,0,0,0,0,0,0
0,1,0,1,1,1,0,0,0,0,1,0,1,1,0,1,1,1,0,1,1,1,0,0,0,1,1,1,1,0,1,0,0,0,0,0,0,0,0,0,0,1,0,1,0,1,0,1,0,1,1,0,1,1,0,1,0,1,0,1,0,1,1,0,0,1,0,1,1,0,1,1,0,0,1,0,1,1,0,1,1,1,1,1,1,1,0,1,1,1,1,1,1,1,1,1,1,1,0,1,0,1,1,1,1,0,1,1,0,1,1,1,1,0,0,1,1,1,1,0,1,1,1,1,0,0,1,1,1,0,1,1,1,0,0,1,1,0,0,1,1,1,0,1,0,1,1,1,1,1,0,0,0,1,0,0,0,1,0,1,1,0,0,1,1,1,0,0,1,0,0,1,1,1,1,1,1,1,0,0,1,1,0,1,1,1,1,0,1,1,0,0,1,0,0,0,0,1,0,0,0,0,0,1,0,0,0,0,0,0,0,0,0,0,0,0,0,0,0,0,0
0,1,0,1,1,1,0,0,0,0,1,0,1,1,0,1,1,1,0,1,1,1,0,0,0,1,1,1,1,0,1,0,0,0,0,0,0,0,0,0,0,1,0,1,0,1,0,1,0,1,1,0,1,1,0,1,0,1,0,1,0,1,1,0,0,1,0,1,1,0,1,1,0,0,1,0,1,1,0,1,1,1,1,1,1,1,0,1,1,1,1,1,1,1,1,1,1,1,0,1,0,1,1,1,1,0,1,1,0,1,1,1,1,0,0,1,1,1,1,0,1,1,1,1,0,0,1,1,1,0,1,1,1,0,0,1,1,0,0,1,1,1,0,1,0,1,1,1,1,1,0,0,0,1,0,0,0,1,0,1,1,0,0,1,1,1,0,0,1,0,0,1,1,1,1,1,1,1,0,0,1,1,0,1,1,1,1,0,1,1,0,0,1,0,0,0,0,1,0,0,0,0,0,1,0,0,0,0,0,0,0,0,0,0,0,0,0,0,0,0,0
0,0,0,0,0,1,0,0,0,0,0,0,0,0,0,0,0,0,0,0,0,0,0,0,0,0,0,0,0,0,1,0,0,0,1,0,1,0,0,1,0,0,0,1,0,0,0,0,0,0,0,1,0,0,0,0,0,1,1,0,0,0,0,0,0,0,0,0,0,1,0,0,0,0,0,0,0,0,0,0,0,0,0,0,0,0,0,0,0,0,0,0,0,0,0,0,0,1,0,0,0,0,0,0,0,0,0,0,0,0,0,0,1,1,0,0,0,1,0,0,0,0,0,0,0,0,0,1,1,0,0,0,0,0,0,0,0,0,0,0,0,0,0,0,0,0,1,0,0,0,0,0,1,1,0,0,0,0,0,0,0,0,0,0,0,1,0,0,1,0,0,0,0,1,0,1,0,0,0,0,0,0,1,0,0,0,1,0,0,1,0,0,0,0,0,1,1,1,1,0,0,0,0,0,0,0,1,0,1,0,1,0,0,1,0,0,1,0,1,0,0
0,1,0,1,1,0,0,0,0,0,1,0,1,1,1,0,0,1,1,0,0,0,0,0,0,1,1,1,1,1,0,0,0,1,0,0,0,0,1,0,0,1,0,0,1,1,0,1,0,1,1,1,0,1,1,0,0,0,0,1,1,1,0,1,1,1,0,0,0,0,1,0,1,0,1,1,0,0,0,1,0,1,1,1,0,0,0,1,1,0,0,0,0,0,1,0,1,0,0,0,0,0,0,1,1,1,1,0,0,1,0,1,0,0,0,1,0,0,1,0,0,1,0,0,0,0,0,0,0,0,1,0,0,0,0,1,0,0,1,0,0,0,0,1,1,0,0,1,0,0,0,0,0,0,0,1,0,0,0,0,1,0,0,1,0,0,0,0,0,0,0,0,0,0,0,0,1,1,0,0,1,0,0,0,0,0,0,0,0,0,0,0,0,0,0,1,1,0,0,0,0,0,0,0,0,0,1,0,0,0,0,0,0,1,0,0,0,0,0,0,0
0,1,0,0,0,1,1,1,1,0,0,0,0,0,0,0,0,1,1,0,0,0,0,0,0,0,1,0,0,0,1,1,0,1,1,0,1,0,1,1,0,0,0,1,0,0,0,0,0,0,0,1,0,1,1,0,0,1,1,0,0,0,0,0,1,0,0,0,0,1,0,0,0,0,0,1,0,0,0,0,0,0,0,1,0,0,0,0,1,0,0,0,0,0,0,0,0,1,0,1,0,0,0,0,0,0,0,0,0,0,0,0,1,1,0,1,1,1,1,0,0,0,0,0,1,0,0,1,1,0,0,0,0,0,0,0,0,0,0,0,0,0,0,1,0,0,1,1,0,0,0,0,1,1,0,0,0,0,0,0,0,0,0,1,0,1,0,0,1,0,1,0,0,1,0,1,0,0,0,0,1,0,1,0,0,0,1,0,0,1,0,0,0,0,0,1,1,1,1,0,0,0,0,0,0,0,1,0,1,0,1,0,0,1,0,0,1,0,1,0,0
0,0,0,1,0,1,1,0,1,0,0,0,0,0,0,0,0,0,0,0,0,0,0,0,0,0,0,0,0,0,1,1,0,1,1,0,1,0,0,1,0,0,0,1,0,0,0,0,0,0,0,1,0,0,0,0,0,1,1,0,0,0,0,0,0,0,0,0,0,1,0,0,0,0,0,0,0,0,0,0,0,0,0,0,0,0,0,0,0,0,0,0,0,0,0,0,0,1,0,0,0,0,0,0,0,0,0,0,0,0,0,0,1,1,0,0,0,1,0,0,0,0,0,0,0,0,0,1,1,0,0,0,0,0,0,0,0,0,0,0,0,0,0,0,0,0,1,0,0,0,0,0,1,1,0,0,0,0,0,0,0,0,0,0,0,1,0,0,1,0,0,0,0,1,0,1,0,0,0,0,0,0,1,0,0,0,1,0,0,1,0,0,0,0,0,1,1,1,1,0,0,0,0,0,0,0,1,0,1,0,1,0,0,1,0,0,1,0,1,0,0
0,1,0,1,0,1,1,0,1,0,0,0,0,0,0,1,1,1,0,0,0,0,0,0,0,1,1,0,0,0,1,1,0,1,1,0,1,0,1,1,0,1,0,1,1,1,0,1,0,1,1,1,0,1,0,0,0,1,1,0,0,1,0,0,1,1,0,1,0,1,1,0,1,0,1,1,0,0,0,1,0,1,1,1,0,0,0,1,1,1,0,1,0,0,1,0,1,1,0,1,0,1,0,1,1,1,1,0,0,1,1,1,1,1,0,1,1,1,1,0,0,1,0,0,0,0,1,1,1,0,1,1,0,0,0,1,0,0,0,0,0,0,0,1,0,0,1,1,1,0,0,0,1,1,0,0,0,0,0,0,1,0,0,1,0,1,0,0,1,0,0,0,0,1,0,1,1,1,0,0,1,0,1,0,0,0,1,0,0,1,0,0,0,0,0,1,1,1,1,0,0,0,0,0,0,0,1,0,1,0,1,0,0,1,0,0,1,0,1,0,0
0,0,0,1,0,1,1,0,1,0,0,0,0,0,0,1,1,1,0,0,0,0,0,0,0,1,1,0,0,0,1,1,0,1,1,0,1,0,0,1,0,1,0,1,0,1,0,1,0,1,1,1,1,1,0,1,0,1,1,0,0,1,0,0,1,1,0,1,0,1,1,0,0,0,1,0,1,0,0,1,0,1,1,1,1,0,0,1,0,1,0,1,1,1,1,0,1,1,0,1,0,1,0,1,0,0,0,0,0,0,1,1,1,1,0,0,1,1,0,0,0,0,1,0,0,0,1,1,1,0,0,1,0,0,0,0,0,0,0,0,0,0,0,0,0,0,1,0,1,0,0,0,1,1,0,0,0,0,0,0,0,0,0,0,0,1,0,0,1,0,1,0,0,1,1,1,1,0,0,0,0,0,1,0,0,1,1,0,0,1,0,0,0,0,0,1,1,1,1,0,0,0,0,0,0,0,1,0,1,0,1,0,0,1,0,0,1,0,1,0,0
0,0,0,0,0,1,1,1,1,0,0,0,0,0,0,1,1,1,0,0,0,0,0,0,0,0,0,0,0,0,1,1,0,0,1,0,1,0,0,1,0,1,1,1,0,0,0,1,1,0,0,1,0,0,0,0,0,1,1,0,0,0,0,0,0,0,0,0,1,1,0,0,0,0,0,0,0,0,0,0,0,0,0,0,0,0,0,0,0,0,0,0,0,0,0,0,0,1,0,0,0,0,0,0,0,0,0,0,0,0,0,1,1,1,0,0,0,1,0,0,0,0,0,0,1,0,0,1,1,0,0,0,0,0,0,0,0,0,0,0,0,0,0,0,0,0,1,0,0,0,1,1,1,1,0,0,0,0,0,0,0,0,0,0,0,1,0,0,1,0,0,0,0,1,0,1,1,0,1,0,0,0,1,0,0,0,1,0,0,1,0,0,0,0,0,1,1,1,1,0,0,0,0,0,0,0,1,0,1,0,1,0,0,1,0,0,1,0,1,0,0
0,1,0,0,0,1,1,1,0,0,0,0,0,0,0,1,1,1,1,0,0,1,0,1,0,1,0,0,0,0,1,0,0,0,1,0,1,0,0,1,0,1,1,1,0,0,0,1,1,0,0,1,0,0,0,0,0,0,0,0,0,0,0,0,0,0,0,0,1,1,1,1,0,1,1,0,0,1,0,1,1,1,1,1,0,1,0,1,1,1,0,1,0,0,1,1,1,1,0,0,0,1,0,1,1,0,1,1,0,1,0,1,1,0,0,1,0,1,1,0,1,1,0,0,0,1,0,1,1,1,0,0,1,1,1,1,0,0,0,0,0,0,0,1,0,0,1,0,0,0,1,0,1,1,0,0,0,1,1,0,0,0,0,1,0,1,1,1,1,1,0,1,1,0,0,0,1,1,0,1,1,0,1,1,0,0,1,1,1,1,1,1,1,1,1,1,1,1,1,1,1,1,0,1,1,0,1,0,0,0,0,0,0,1,1,1,1,1,1,0,1
0,1,0,0,0,1,1,1,0,0,0,0,0,0,0,1,1,1,1,0,1,1,0,1,1,1,0,0,0,0,1,0,0,0,1,0,1,0,0,1,0,1,1,1,0,0,0,1,1,0,0,1,0,0,0,0,0,0,0,0,0,0,0,0,0,0,0,0,1,1,1,1,0,1,1,0,0,1,0,1,1,1,1,1,0,1,0,1,1,1,1,1,0,0,1,1,1,1,0,0,0,1,0,1,1,0,1,1,0,1,0,1,1,0,0,1,0,1,1,0,1,1,0,1,0,1,0,1,1,1,0,0,1,1,1,1,1,0,0,1,0,0,0,1,0,0,1,0,0,0,1,0,1,1,0,0,0,1,1,1,0,0,0,1,0,1,1,1,1,1,0,1,1,0,0,0,1,1,0,1,1,1,1,1,0,0,1,1,1,1,1,1,1,1,1,1,1,1,1,1,1,1,0,1,1,0,1,0,0,0,0,0,0,1,1,1,1,1,1,0,1
0,1,0,1,0,1,1,0,0,0,0,0,0,0,0,1,1,1,0,0,0,1,0,0,0,1,0,0,0,0,1,0,0,1,0,0,1,0,1,0,0,1,0,1,0,0,0,1,1,0,0,1,0,0,0,0,1,0,0,0,0,0,0,1,1,0,0,0,1,0,1,1,1,0,0,1,0,1,1,1,1,0,0,1,0,1,1,1,1,1,0,1,0,0,0,1,1,0,0,1,0,1,0,0,1,1,1,1,1,1,1,1,0,0,0,1,1,0,1,0,1,1,0,0,1,0,0,0,0,0,1,0,1,0,0,1,0,0,1,0,0,0,0,1,0,0,0,0,0,0,0,1,0,0,0,0,0,1,0,0,0,0,0,1,0,0,0,0,0,0,1,1,0,0,0,0,1,1,1,0,1,0,0,1,1,0,0,0,1,0,0,0,1,0,1,1,1,0,0,0,0,0,0,1,0,0,1,0,0,0,0,0,0,1,0,1,0,1,0,1,0
1,1,0,0,0,1,1,1,0,0,0,0,0,0,0,1,1,1,1,0,0,1,0,1,0,1,0,0,0,0,1,0,0,0,1,0,1,0,0,1,0,1,1,1,0,0,0,1,1,0,0,1,0,0,0,0,0,0,0,0,0,0,0,0,0,0,0,0,1,1,1,1,0,1,1,0,0,1,0,1,1,1,1,1,0,1,0,1,1,1,0,1,0,0,1,1,1,1,0,0,0,1,0,1,1,0,1,1,0,1,0,1,1,0,0,1,0,1,1,0,1,1,0,0,0,1,0,1,1,1,0,0,1,1,1,1,0,0,0,1,0,0,0,1,0,0,1,0,0,0,1,0,1,1,0,0,0,1,1,0,0,0,0,1,0,1,1,1,1,1,0,1,1,0,0,0,1,1,0,1,1,1,1,1,0,0,1,1,1,1,1,1,1,1,1,1,1,1,1,1,1,1,0,1,1,0,1,0,0,0,0,0,0,1,1,1,1,1,1,0,1
1,1,0,0,0,1,1,0,0,0,0,0,0,0,0,1,1,0,0,0,0,0,0,0,0,1,0,0,0,0,1,0,0,0,0,0,0,0,1,0,0,1,0,1,1,1,0,1,0,1,1,1,0,1,0,0,1,0,0,0,0,1,1,0,0,1,1,1,0,0,1,1,1,0,1,1,0,0,1,1,1,1,1,1,0,0,1,1,1,1,0,1,0,0,1,1,1,0,0,1,0,1,0,1,1,0,1,1,0,1,1,1,0,0,0,1,1,1,1,0,1,1,0,0,0,0,0,1,1,0,1,1,1,1,0,1,0,0,0,0,0,1,0,1,0,0,0,1,0,0,0,0,0,1,0,0,0,1,0,0,1,0,0,1,0,1,1,0,1,0,0,0,0,0,0,1,1,1,0,0,1,0,0,1,1,0,1,0,1,1,0,1,1,0,1,1,1,1,0,0,0,1,0,1,0,0,0,0,0,0,0,0,0,0,0,0,0,0,0,0,0
1,1,0,0,0,1,1,0,0,0,0,0,0,0,0,1,1,0,0,0,0,0,0,0,0,1,0,0,0,0,1,0,0,0,0,0,0,0,0,0,0,1,0,1,0,1,0,1,0,1,1,1,0,1,0,0,1,0,0,0,0,1,1,0,0,1,1,1,0,0,1,1,0,0,1,0,0,0,1,1,1,1,1,1,0,0,1,1,1,1,0,1,0,0,1,1,1,0,0,1,0,1,0,1,1,0,1,1,0,1,1,1,0,0,0,1,1,1,1,0,1,1,0,0,0,0,0,1,1,0,1,1,1,1,0,1,0,0,0,0,0,1,0,1,0,0,0,1,0,0,0,0,0,1,0,0,0,1,0,0,1,0,0,1,0,1,1,0,1,0,0,0,0,0,0,1,1,1,0,0,1,0,0,1,1,0,1,0,1,1,0,1,1,0,1,1,1,1,0,0,0,1,0,1,0,0,1,0,0,0,0,0,0,0,0,0,0,0,0,0,0
1,1,0,0,0,1,1,0,0,0,0,0,0,0,0,1,1,0,0,0,0,0,0,0,0,1,0,0,0,0,1,0,0,0,0,0,0,0,1,0,0,1,0,1,1,1,0,1,0,1,1,1,0,1,0,0,1,0,0,0,0,1,1,0,0,1,1,1,0,0,1,1,1,0,1,1,0,0,1,1,1,1,1,1,0,0,1,1,1,1,0,1,0,0,1,1,1,0,0,1,0,1,0,1,1,0,1,1,0,1,1,1,0,0,0,1,1,1,1,0,1,1,0,0,0,0,0,1,1,0,1,1,1,1,0,1,0,0,0,0,0,1,0,1,0,0,0,1,0,0,0,0,0,1,0,0,0,1,0,0,1,0,0,1,0,1,1,0,1,0,0,0,0,0,0,1,1,1,0,0,1,0,0,1,1,0,1,0,1,1,0,1,1,0,1,1,1,1,0,0,0,1,1,1,0,0,0,0,0,0,0,0,0,0,0,0,0,0,0,0,0
0,1,0,1,0,1,0,0,0,0,0,0,0,0,0,1,1,1,0,1,1,1,0,1,0,1,0,0,0,0,1,0,0,1,0,0,1,0,1,0,0,1,0,1,0,0,0,1,0,0,0,1,0,0,0,0,0,0,0,0,0,0,0,1,1,0,0,0,0,0,1,1,1,0,0,1,0,1,0,1,1,0,0,1,0,1,0,1,1,1,0,1,0,0,0,1,1,0,0,1,0,1,0,0,1,1,1,1,0,1,1,1,0,0,0,1,1,0,1,0,1,1,0,0,0,0,0,0,0,0,1,0,1,0,0,1,0,0,1,0,0,0,0,1,0,0,0,0,0,0,0,0,0,0,0,0,0,1,0,0,0,0,0,1,0,0,0,0,0,0,1,1,0,0,0,0,1,1,0,0,1,0,0,1,1,0,0,0,1,0,0,0,1,0,1,1,1,0,0,0,0,0,0,1,0,0,1,0,0,0,0,0,0,1,0,1,0,1,0,1,0
1,1,1,1,1,1,1,1,1,0,1,0,1,1,1,1,1,1,1,0,0,1,1,1,0,1,1,1,1,1,1,1,0,1,0,0,0,0,1,1,0,1,0,1,1,1,0,1,1,1,1,1,0,1,1,0,0,1,1,1,1,1,1,1,1,1,0,1,1,0,1,1,1,0,1,1,0,1,0,1,1,1,1,1,0,1,0,1,1,1,1,1,0,0,1,0,1,1,0,1,0,1,0,1,1,1,1,1,1,1,1,1,1,1,0,1,1,1,1,0,0,1,0,1,0,0,1,1,1,0,1,1,1,0,0,1,1,0,1,1,0,0,0,1,1,1,1,1,1,0,0,0,0,1,0,1,0,0,0,1,1,0,0,1,0,1,0,0,1,0,1,1,1,1,0,1,1,1,0,0,1,1,0,0,0,0,1,1,1,1,0,1,1,0,0,1,1,1,1,0,0,1,0,1,0,0,1,0,1,0,0,1,0,0,0,0,1,0,0,1,0
1,1,1,1,1,1,1,1,1,0,1,0,1,1,1,1,1,1,1,0,0,1,1,1,0,1,1,1,1,1,1,1,0,1,0,0,0,0,1,1,0,1,0,1,1,1,0,1,1,1,1,1,0,1,1,0,0,1,1,1,1,1,1,1,1,1,0,1,1,0,1,1,1,0,1,1,0,1,0,1,1,1,1,1,0,1,0,1,1,1,1,1,0,0,1,0,1,1,0,1,0,1,0,1,1,1,1,1,1,1,1,1,1,1,0,1,1,1,1,0,0,1,0,1,0,0,1,1,1,0,1,1,1,0,0,1,1,0,1,1,0,0,0,1,1,1,1,1,1,0,0,0,0,1,0,1,0,0,0,1,1,0,0,1,0,1,0,0,1,0,1,1,1,1,0,1,1,1,0,0,1,1,0,0,0,0,1,1,1,1,0,1,1,0,0,1,1,1,1,0,0,1,0,1,0,0,1,0,1,0,0,1,0,0,0,0,1,0,0,1,0
1,1,1,1,1,1,1,1,1,0,1,0,1,1,1,1,1,1,1,0,0,1,1,1,0,1,1,1,1,1,1,1,0,1,0,0,0,0,1,1,0,1,0,1,1,1,0,1,1,1,1,1,0,1,1,0,0,1,1,1,1,1,1,1,1,1,0,1,1,0,1,1,1,0,1,1,0,1,0,1,1,1,1,1,0,1,0,1,1,1,1,1,0,0,1,0,1,1,0,1,0,1,0,1,1,1,1,1,1,1,1,1,1,1,0,1,1,1,1,0,0,1,0,1,0,0,1,1,1,0,1,1,1,0,0,1,1,0,1,1,0,0,0,1,1,1,1,1,1,0,0,0,0,1,0,1,0,0,0,1,1,0,0,1,0,1,0,0,1,0,1,1,1,1,0,1,1,1,0,0,1,1,0,0,0,0,1,1,1,1,0,1,1,0,0,1,1,1,1,0,0,1,0,1,0,0,1,0,1,0,0,1,0,0,0,0,1,0,0,1,0
1,1,1,1,1,1,1,0,1,0,1,0,1,1,1,1,1,1,1,0,0,1,1,1,0,1,1,1,1,1,1,1,0,1,0,0,0,0,1,1,0,1,0,1,1,1,0,1,1,1,1,1,0,1,1,0,0,1,1,1,1,1,1,1,1,1,0,1,1,0,1,1,1,0,1,1,0,1,0,1,1,1,1,1,0,1,0,1,1,1,1,1,0,0,1,0,1,1,0,1,0,1,0,1,1,1,1,1,1,1,1,1,1,1,0,1,1,1,1,0,0,1,0,1,0,0,1,1,1,0,1,1,1,0,0,1,1,0,1,1,0,0,0,1,1,1,1,1,1,0,0,0,0,1,0,1,0,0,0,1,1,0,0,1,0,1,0,0,1,0,1,1,1,1,0,1,1,1,0,0,1,1,0,0,0,0,1,1,1,1,0,1,1,0,0,1,1,1,1,0,0,1,0,1,0,0,1,0,1,0,0,1,0,0,0,0,1,0,0,1,0
1,1,1,1,1,1,1,1,0,0,1,0,1,1,0,1,1,1,1,0,0,1,1,1,1,1,1,1,1,1,1,0,0,1,1,0,0,0,1,1,0,1,0,1,1,1,0,1,1,1,1,1,0,1,1,0,0,1,1,1,1,1,1,1,1,1,0,1,1,1,1,1,1,0,1,1,0,1,0,1,1,1,1,1,0,1,0,1,1,1,1,1,0,0,1,0,1,1,0,1,0,1,0,1,1,1,1,0,1,1,1,1,1,1,1,1,1,1,1,0,1,1,0,1,0,1,1,1,1,0,1,1,0,0,0,1,1,0,1,1,0,0,0,1,1,1,1,1,1,0,0,0,1,1,0,1,0,0,0,1,1,1,0,1,0,1,0,0,1,0,1,1,1,1,0,1,1,1,0,1,1,1,1,1,1,0,1,1,0,1,0,1,0,0,0,1,1,1,1,0,0,1,0,0,0,0,1,1,1,0,0,1,1,0,1,0,1,0,0,1,1
1,1,1,1,1,1,1,1,0,0,1,0,1,1,0,1,1,1,1,0,0,1,1,1,1,1,1,1,1,1,1,0,0,1,1,0,0,0,1,1,0,1,0,1,1,1,0,1,1,1,1,1,0,1,1,0,0,1,1,1,1,1,1,1,1,1,0,1,1,1,1,1,1,0,1,1,0,1,0,1,1,1,1,1,0,1,0,1,1,1,1,1,0,0,1,0,1,1,0,1,0,1,0,1,1,1,1,0,1,1,1,1,1,1,1,1,1,1,1,0,1,1,0,1,0,1,1,1,1,0,1,1,0,0,0,1,1,0,1,1,0,0,0,1,1,1,1,1,1,0,0,0,1,1,0,1,0,0,0,1,1,1,0,1,0,1,0,0,1,0,1,1,1,1,0,1,1,1,0,1,1,1,1,1,1,0,1,1,0,1,0,1,0,0,0,1,1,1,1,0,0,1,0,0,0,0,1,1,1,0,0,1,1,0,1,0,1,0,0,1,1
1,1,1,1,1,1,1,1,0,0,1,0,1,1,0,1,1,1,1,0,0,1,1,1,1,1,1,1,1,1,1,0,0,1,1,0,0,0,1,1,0,1,0,1,1,1,0,1,1,1,1,1,0,1,1,0,0,1,1,1,1,1,1,1,1,1,0,1,1,1,1,1,1,0,1,1,0,1,0,1,1,1,1,1,0,1,0,1,1,1,1,1,0,0,1,0,1,1,0,1,0,1,0,1,1,1,1,0,1,1,1,1,1,1,1,1,1,1,1,0,1,1,0,1,0,1,1,1,1,0,1,1,0,0,0,1,1,0,1,1,0,0,0,1,1,1,1,1,1,0,0,0,1,1,0,1,0,0,0,1,1,1,0,1,0,1,0,0,1,0,1,1,1,1,0,1,1,1,0,1,1,1,1,1,1,0,1,1,0,1,0,1,0,0,0,1,1,1,1,0,0,1,0,0,0,0,1,1,1,0,0,1,1,0,1,0,1,0,0,1,1
1,1,1,1,1,1,1,1,0,0,1,0,1,1,0,1,1,1,1,0,0,1,1,1,1,1,1,1,1,1,1,0,0,1,1,0,0,0,1,1,0,1,0,1,1,1,0,1,1,1,1,1,0,1,1,0,0,1,1,1,1,1,1,1,1,1,0,1,1,1,1,1,1,0,1,1,0,1,0,1,1,1,1,1,0,1,0,1,1,1,1,1,0,0,1,0,1,1,0,1,0,1,0,1,1,1,1,0,1,1,1,1,1,1,1,1,1,1,1,0,1,1,0,1,0,1,1,1,1,0,1,1,0,0,0,1,1,0,1,1,0,0,0,1,1,1,1,1,1,0,0,0,1,1,0,1,0,0,0,1,1,1,0,1,0,1,0,0,1,0,1,1,1,1,0,1,1,1,0,1,1,1,1,1,1,0,1,1,0,1,0,1,0,0,0,1,1,1,1,0,0,1,0,0,0,0,1,1,1,0,0,1,1,0,1,0,1,0,0,1,1
0,1,0,1,0,1,1,0,0,0,0,0,0,0,0,1,1,1,1,0,0,1,1,1,0,1,1,0,1,1,1,0,0,1,1,0,0,0,1,0,0,0,0,1,1,1,0,0,0,0,0,0,0,1,1,0,0,0,0,1,1,1,0,1,1,1,0,1,0,0,1,1,1,0,0,1,0,1,0,1,1,0,0,1,0,1,0,1,1,1,0,1,0,0,0,1,1,0,0,1,0,1,0,0,1,0,1,1,0,1,1,0,0,0,0,1,1,0,1,0,1,1,0,0,0,0,0,0,0,0,1,1,1,0,0,1,0,0,1,0,0,1,0,1,1,0,0,1,0,0,0,0,0,0,0,1,0,1,0,0,1,0,0,1,0,0,0,0,0,0,1,0,0,0,0,0,1,1,0,0,1,0,0,1,1,0,0,0,1,0,0,0,1,0,1,1,1,0,0,0,0,0,0,1,0,0,0,0,0,0,0,1,0,0,0,0,0,0,0,1,0
0,1,0,1,0,1,1,0,0,0,0,0,0,0,0,1,1,1,1,0,0,1,1,1,0,1,1,0,1,1,1,0,0,1,1,0,0,0,1,0,0,0,0,1,1,1,0,0,0,0,0,0,0,1,1,0,0,0,0,1,1,1,0,1,1,1,0,1,0,0,1,1,1,0,0,1,0,1,0,1,1,0,0,1,0,1,0,1,1,1,0,1,0,0,0,1,1,0,0,1,0,1,0,0,1,0,1,1,0,1,1,0,0,0,0,1,1,0,1,0,1,1,0,0,0,0,0,0,0,0,1,1,1,0,0,1,0,0,1,0,0,1,0,1,1,0,0,1,0,0,0,0,0,0,0,1,0,1,0,0,1,0,0,1,0,0,0,0,0,0,1,0,0,0,0,0,1,1,0,0,1,0,0,1,1,0,0,0,1,0,0,0,1,0,1,1,1,0,0,0,0,0,0,1,0,0,0,0,0,0,0,1,0,0,0,0,0,0,0,1,0
0,1,0,1,0,1,1,0,0,0,0,0,0,0,0,1,1,1,1,0,0,1,1,1,0,1,1,0,1,1,1,0,0,1,1,0,0,0,1,0,0,0,0,1,1,1,0,0,0,0,0,0,0,1,1,0,0,0,0,1,1,1,0,1,1,1,0,1,0,0,1,1,1,0,0,1,0,1,0,1,1,0,0,1,0,1,0,1,1,1,0,1,0,0,0,1,1,0,0,1,0,1,0,0,1,0,1,1,0,1,1,0,0,0,0,1,1,0,1,0,1,1,0,0,0,0,0,0,0,0,1,1,1,0,0,1,0,0,1,0,0,1,0,1,1,0,0,1,0,0,0,0,0,0,0,1,0,1,0,0,1,0,0,1,0,0,0,0,0,0,1,0,0,0,0,0,1,1,0,0,1,0,0,1,1,0,0,0,1,0,0,0,1,0,1,1,1,0,0,0,0,0,0,1,0,0,0,0,0,0,0,1,0,0,0,0,0,0,0,1,0
0,1,0,1,0,1,1,0,0,0,0,0,0,0,0,1,1,1,1,0,0,1,1,1,0,1,1,0,1,1,1,0,0,1,1,0,0,0,1,1,0,0,0,1,1,1,0,0,0,0,0,0,0,1,1,0,0,1,1,1,1,1,0,1,1,1,0,1,1,0,1,1,1,0,0,1,0,1,0,1,1,0,0,1,0,1,0,1,1,1,1,1,0,0,0,1,1,1,0,1,0,1,0,0,1,0,1,1,0,1,1,0,1,1,0,1,1,1,1,0,1,1,0,1,0,0,0,1,1,0,1,1,1,0,0,1,1,0,1,1,0,1,0,1,1,1,1,1,0,0,0,0,0,1,0,1,0,1,0,1,1,0,0,1,0,1,0,0,1,0,1,0,0,1,0,1,1,1,0,0,1,1,0,1,1,0,1,1,1,1,0,0,1,0,1,1,1,1,1,0,0,0,0,1,0,0,0,0,1,0,0,1,0,0,0,0,1,0,0,1,0
0,1,0,1,0,1,1,1,0,0,0,0,0,0,0,1,1,1,1,0,0,1,1,1,0,1,1,0,1,1,1,0,0,1,1,0,0,0,1,1,0,0,0,1,1,1,0,0,1,0,0,1,0,1,1,0,0,1,1,1,1,1,0,1,1,1,0,1,1,0,1,1,1,0,0,1,0,1,0,1,1,0,0,1,0,1,0,1,1,1,1,1,0,0,0,1,1,1,0,1,0,1,0,0,1,0,1,1,0,1,1,0,1,1,1,1,1,1,1,0,1,1,0,1,0,1,0,1,1,1,1,1,1,0,0,1,1,0,1,1,0,1,0,1,1,1,1,1,0,0,0,0,0,1,0,1,0,1,0,1,1,1,0,1,0,1,1,1,1,0,1,0,0,1,0,1,1,1,0,1,1,1,0,1,1,0,1,1,1,1,1,1,1,0,1,1,1,1,1,1,1,1,1,1,0,0,0,1,1,0,1,1,1,0,1,0,1,0,1,1,1
0,1,0,1,0,1,1,0,0,0,0,0,0,0,0,1,1,1,1,0,0,1,1,1,1,1,1,0,1,1,1,0,0,1,1,0,0,0,1,1,0,0,1,1,1,1,0,0,1,0,0,0,0,1,1,0,0,1,1,1,1,1,0,1,1,1,0,1,1,0,1,1,1,0,0,1,0,1,0,1,1,0,0,1,0,1,0,1,1,1,1,1,0,0,0,1,1,1,0,1,0,1,0,0,1,0,1,1,0,1,1,0,1,1,0,1,1,1,1,0,1,1,0,1,0,0,0,1,1,0,1,1,1,0,0,1,1,0,1,1,0,1,0,1,1,1,1,1,0,0,1,0,0,1,1,1,0,1,0,1,1,0,1,1,0,1,0,0,1,0,1,0,0,1,0,1,1,1,0,0,1,1,0,1,1,0,1,1,1,1,0,0,1,0,1,1,1,1,1,0,0,0,0,1,0,0,0,0,1,0,0,1,0,0,0,0,1,0,0,1,0
0,1,0,1,1,1,1,0,0,1,0,0,0,0,0,1,1,1,1,1,1,1,0,1,0,1,1,1,1,1,1,0,1,1,1,0,0,0,1,0,1,0,0,1,1,1,1,0,1,0,0,1,0,1,1,0,0,1,0,1,1,1,0,1,1,1,0,1,1,0,1,1,1,0,0,1,0,1,0,1,1,0,0,1,0,1,0,1,1,1,1,1,0,0,0,1,1,1,1,1,1,1,0,0,1,0,1,1,0,1,1,0,1,1,0,1,1,1,1,1,1,1,0,1,0,0,1,1,1,0,1,1,1,0,0,1,1,1,1,1,0,1,1,1,1,1,1,1,1,0,0,0,0,1,0,1,0,1,0,1,1,0,0,1,0,1,0,0,1,0,1,0,0,1,0,1,1,1,0,0,1,1,0,1,1,0,1,1,1,1,0,1,1,0,1,1,1,1,0,0,0,0,1,1,0,0,0,0,0,0,0,1,0,0,0,0,0,0,0,1,0
0,1,0,1,0,1,1,0,0,0,0,0,0,0,0,1,1,1,1,0,0,1,1,1,0,1,1,0,1,0,1,0,0,1,1,0,0,0,1,0,0,0,0,1,1,1,0,0,0,0,0,0,0,1,1,0,0,0,0,1,1,1,0,1,1,1,0,1,0,0,1,1,1,0,0,1,0,1,0,1,1,0,0,1,0,1,0,1,1,1,0,1,0,0,0,1,1,0,0,1,0,1,0,0,1,0,1,1,0,1,1,0,0,0,0,1,1,0,1,0,1,1,0,0,0,0,0,0,0,0,1,1,1,0,0,1,0,0,1,0,0,1,0,1,1,0,0,1,0,0,0,0,0,0,0,1,0,1,0,0,1,0,0,1,0,0,0,0,0,0,1,0,0,0,0,0,1,1,0,0,1,0,0,1,1,0,0,0,1,0,0,0,1,0,1,1,1,0,0,0,0,0,0,1,0,0,0,0,0,0,0,1,0,0,0,0,0,0,0,1,0
0,1,0,1,0,1,1,0,0,0,0,0,0,0,0,1,1,1,1,0,0,1,0,0,0,1,1,0,1,0,1,0,0,1,1,0,0,0,1,0,0,1,0,1,1,1,0,1,0,1,1,0,0,1,1,0,0,0,0,1,1,1,0,1,1,1,0,1,0,0,1,1,1,0,1,1,0,1,0,1,1,1,1,1,0,1,0,1,1,1,0,1,0,0,1,1,1,0,0,1,0,1,0,1,1,0,1,1,0,1,1,1,0,0,0,1,1,0,1,0,1,1,0,0,0,0,0,0,0,0,1,1,1,0,0,1,0,0,1,0,0,1,0,1,1,0,0,1,0,0,0,0,0,0,0,1,0,1,0,0,1,0,0,1,0,0,0,0,0,0,1,0,0,0,0,0,1,1,0,0,1,0,0,1,1,0,0,0,1,0,0,0,1,0,1,1,0,0,0,0,0,0,0,1,0,0,0,0,0,0,0,1,0,0,0,0,0,0,0,1,0
0,0,0,0,0,1,1,1,0,0,0,0,0,0,0,0,0,0,0,0,0,0,0,0,0,0,0,0,0,0,1,0,0,0,1,0,0,0,0,1,0,0,0,1,0,0,0,0,1,0,0,1,0,0,0,0,1,1,1,0,0,0,0,0,0,0,0,0,1,1,0,1,0,0,0,0,0,0,1,0,1,0,0,0,0,0,1,0,0,0,1,0,0,0,0,0,0,1,0,0,0,0,0,0,0,0,0,0,0,0,0,0,1,1,1,0,0,1,0,0,1,0,0,1,0,1,0,1,1,0,0,0,0,0,0,0,1,0,0,1,0,0,0,0,0,1,1,0,0,0,0,0,1,1,0,0,0,0,0,1,0,1,0,0,0,1,0,0,1,0,0,0,0,1,0,1,0,0,0,1,0,1,1,1,1,0,1,0,0,1,0,0,0,0,0,0,0,0,1,0,0,0,0,0,0,0,0,1,1,0,0,0,1,0,1,0,1,0,0,0,1
0,0,0,0,0,0,0,0,0,0,0,0,0,0,0,1,1,1,1,0,0,1,0,0,0,1,1,0,1,0,0,0,0,0,0,0,0,0,1,0,0,0,0,0,1,1,0,0,0,0,0,0,0,1,1,0,0,0,0,1,1,1,0,0,0,1,0,1,0,0,1,0,1,0,0,1,0,0,0,1,0,0,0,1,0,0,0,1,1,1,0,1,0,0,0,0,1,0,0,1,0,1,0,0,1,0,1,0,0,1,1,0,0,0,0,1,1,0,1,0,0,1,0,0,0,0,0,0,0,0,1,1,0,0,0,1,0,0,0,0,0,0,0,1,0,0,0,1,0,0,0,0,0,0,0,0,0,0,0,0,1,0,0,1,0,0,0,0,0,0,0,0,0,0,0,0,1,1,0,0,1,0,0,0,0,0,0,0,0,0,0,0,0,0,0,1,1,0,0,0,0,0,0,0,0,0,0,0,0,0,0,1,0,0,0,0,0,0,0,1,0
0,1,0,1,0,1,1,0,0,0,0,0,0,0,0,1,1,1,1,0,0,1,0,0,0,0,1,0,0,0,1,0,0,0,0,0,0,0,0,1,0,1,0,1,0,0,0,1,0,0,0,1,0,0,0,0,1,1,1,0,0,0,1,0,0,0,0,0,1,0,0,1,0,0,0,0,0,1,0,0,1,0,0,0,0,1,1,0,1,0,1,0,0,0,0,0,0,1,0,0,0,0,0,0,0,0,0,0,0,0,0,1,1,1,0,0,0,1,1,0,1,0,0,1,0,0,1,1,1,0,0,0,0,0,0,0,1,0,0,1,0,0,0,0,0,1,1,1,1,1,0,0,0,1,0,0,1,0,0,1,1,0,0,1,0,1,0,0,1,0,0,1,1,1,0,1,1,0,0,0,0,1,0,1,1,0,1,0,0,1,0,0,0,0,0,0,0,0,0,0,0,0,0,0,0,0,0,1,0,0,0,0,0,0,1,0,0,0,0,0,0
0,1,0,1,0,1,1,0,0,0,0,0,0,0,0,1,1,1,1,0,0,1,0,0,0,0,1,0,0,0,1,0,0,0,0,0,0,0,0,1,0,1,0,1,0,0,0,1,0,0,0,1,0,0,0,0,1,1,1,0,0,0,1,0,0,0,0,0,1,0,0,1,0,0,0,0,0,1,0,0,1,0,0,0,0,1,1,0,1,0,1,0,0,0,0,0,0,1,0,0,0,0,0,0,0,0,0,0,0,0,0,1,1,1,0,0,0,1,1,0,1,0,0,1,0,0,0,1,1,0,0,0,0,0,0,0,1,0,0,1,0,0,0,0,0,1,1,1,0,1,0,0,0,1,0,0,1,0,0,1,1,0,0,1,0,1,0,0,1,0,0,1,1,1,0,1,1,0,0,0,0,1,0,1,1,0,1,0,0,1,0,0,0,0,0,1,0,0,0,0,0,0,0,0,0,0,1,1,0,1,0,0,0,0,1,0,0,1,0,0,0
0,1,0,1,0,1,1,1,0,0,0,0,0,0,0,0,0,0,0,0,0,0,0,0,0,0,0,0,0,0,1,0,0,0,0,0,0,0,0,1,0,1,0,1,0,0,0,1,1,0,0,1,0,0,0,0,1,1,1,0,0,0,1,0,0,0,0,0,1,0,0,1,0,0,0,0,0,1,0,0,1,0,0,0,0,1,1,0,1,0,1,0,0,0,0,0,0,1,0,0,0,0,0,0,0,0,0,0,0,0,0,1,1,1,1,0,0,1,0,0,1,0,0,1,0,1,0,1,1,0,0,0,0,0,0,0,1,0,0,1,0,0,0,0,0,1,1,0,0,1,0,0,0,1,0,0,1,0,0,1,0,1,0,0,0,1,0,0,1,0,0,1,1,1,0,1,1,0,0,1,0,1,0,1,1,0,1,0,0,1,0,0,0,0,0,0,0,0,1,0,0,0,0,0,0,0,0,1,1,0,0,0,1,0,1,0,1,0,0,0,1
0,1,0,1,0,1,1,0,0,0,0,0,0,0,0,1,1,1,1,0,0,1,0,0,0,0,1,0,0,0,1,0,0,0,0,0,1,0,0,1,0,1,0,1,0,0,0,1,0,0,0,1,0,0,0,0,1,1,1,0,0,0,1,0,0,0,0,0,1,0,0,1,0,0,0,0,0,1,0,0,1,0,0,0,0,1,1,0,1,0,1,0,0,0,0,0,0,1,0,0,0,0,0,0,0,0,0,0,0,0,0,1,1,1,0,0,0,1,0,0,1,0,0,1,0,0,0,1,1,0,0,0,0,0,0,0,1,0,0,1,0,0,0,0,0,1,1,0,0,1,0,0,0,1,0,0,1,0,0,1,0,0,0,0,0,1,0,0,1,0,0,1,1,1,0,1,1,0,0,0,0,1,0,1,1,0,1,0,0,1,0,0,0,0,0,1,1,0,0,0,0,0,0,0,0,0,0,1,0,0,0,0,0,0,1,0,0,0,0,0,0
0,1,0,1,0,1,1,1,0,0,0,0,0,0,0,0,0,1,1,0,0,0,0,0,0,0,1,0,0,0,1,0,0,0,0,0,0,0,0,1,0,1,0,1,0,0,0,1,1,0,0,1,0,0,0,0,1,1,1,0,0,0,1,0,0,0,0,0,1,0,0,1,0,0,0,0,0,1,0,0,1,0,0,0,0,1,1,0,1,0,1,0,0,0,0,0,0,1,0,0,0,0,0,0,0,0,0,0,0,0,0,1,1,1,1,0,0,1,1,0,1,0,0,1,0,1,0,1,1,0,0,0,0,0,0,0,1,0,0,1,0,0,0,0,0,1,1,1,0,1,0,0,0,1,0,0,1,0,0,1,1,1,0,1,0,1,0,0,1,0,0,1,1,1,0,1,1,0,0,1,0,1,0,1,1,0,1,0,0,1,0,0,0,0,0,0,0,0,1,0,0,0,0,0,0,0,0,1,1,0,0,0,1,0,1,0,1,0,0,0,1
0,1,1,1,0,1,1,1,0,0,0,0,0,0,0,0,0,1,1,0,0,1,1,1,0,0,1,0,1,1,1,0,0,0,0,0,0,0,1,1,0,1,0,1,0,0,0,1,1,0,0,1,0,1,1,0,1,1,1,0,0,0,1,0,0,0,0,0,1,0,0,1,0,0,0,1,0,1,0,0,1,0,0,1,0,1,1,0,1,0,1,0,0,0,0,0,1,1,0,1,0,0,0,0,0,0,0,0,0,0,0,1,1,1,1,1,1,1,1,0,1,0,0,1,0,1,0,1,1,0,0,1,0,0,0,1,1,0,0,1,0,0,0,1,0,1,1,1,0,1,0,0,0,1,0,0,1,0,0,1,1,1,0,1,0,1,0,0,1,0,0,1,1,1,0,1,1,1,0,1,1,1,0,1,1,0,1,0,0,1,0,0,0,0,0,0,0,0,1,0,0,0,0,0,0,0,0,1,1,0,0,0,1,0,1,0,1,0,0,0,1
0,1,0,1,0,1,1,1,0,0,0,0,0,0,0,1,1,1,0,0,0,0,0,0,0,0,0,0,0,0,1,0,0,0,0,0,0,0,0,1,0,1,0,1,0,0,0,1,1,0,0,1,0,0,0,0,1,1,1,0,0,0,1,0,0,0,0,0,1,0,0,1,0,0,0,0,0,1,0,0,1,0,0,0,0,1,1,0,1,0,1,0,0,0,0,0,0,1,0,0,0,0,0,0,0,0,0,0,0,0,0,1,1,1,1,0,0,1,0,0,1,0,0,1,0,1,0,1,1,0,0,0,0,0,0,0,1,0,0,1,0,0,0,0,0,1,1,0,0,1,0,0,0,1,0,0,1,0,0,1,0,1,0,0,0,1,0,0,1,0,0,1,1,1,0,1,1,0,0,1,0,1,0,1,1,0,1,0,0,1,0,0,0,0,0,0,0,0,1,0,0,0,0,0,0,0,0,1,1,0,0,0,1,0,1,0,1,0,0,0,1
0,1,0,1,0,1,1,1,0,0,0,0,0,0,0,1,1,1,1,0,0,1,1,1,0,0,1,0,1,0,1,0,0,0,0,0,0,0,1,1,0,1,0,1,0,0,0,1,1,0,0,1,0,1,1,0,1,1,1,0,0,0,1,0,0,0,0,0,1,0,0,1,0,0,0,1,0,1,0,0,1,0,0,1,0,1,1,0,1,0,1,0,0,0,0,0,1,1,0,1,0,0,0,0,0,0,0,0,0,0,0,1,1,1,1,1,1,1,1,0,1,0,0,1,0,1,0,1,1,0,0,1,0,0,0,1,1,0,0,1,0,0,0,1,0,1,1,1,0,1,0,0,0,1,0,0,1,0,0,1,1,1,0,1,0,1,0,0,1,0,0,1,1,1,0,1,1,1,0,1,1,1,0,1,1,0,1,0,0,1,0,0,0,0,0,0,0,0,1,0,0,0,0,0,0,0,0,1,1,0,0,0,1,0,1,0,1,0,0,0,1
0,1,0,1,0,1,1,1,0,0,0,0,0,0,0,1,1,1,0,0,0,0,0,0,0,0,0,0,0,0,1,0,0,0,0,0,0,0,0,1,0,1,0,1,0,0,0,1,1,0,0,1,0,0,0,0,1,1,1,0,0,0,1,0,0,0,0,0,1,0,0,1,0,0,0,0,0,1,0,0,1,0,0,0,0,1,1,0,1,0,1,0,0,0,0,0,0,1,0,0,0,0,0,0,0,0,0,0,0,0,0,1,1,1,1,0,0,1,0,0,1,0,0,1,0,1,0,1,1,0,0,0,0,0,0,0,1,0,0,1,0,0,0,0,0,1,1,0,0,1,0,0,0,1,0,0,1,0,0,1,0,1,0,0,0,1,0,0,1,0,0,1,1,1,0,1,1,0,0,1,0,1,0,1,1,0,1,0,0,1,0,0,0,0,0,0,0,0,1,0,0,0,0,0,0,0,0,1,1,0,0,0,1,0,1,0,1,0,0,0,1
0,1,0,1,0,1,1,1,0,0,0,0,0,0,0,1,1,1,1,0,0,1,0,0,0,0,1,0,0,0,1,0,0,0,0,0,0,0,0,1,0,1,0,1,0,0,0,1,1,0,0,1,0,0,0,0,1,1,1,0,0,0,1,0,0,0,0,0,1,0,0,1,0,0,0,0,0,1,0,0,1,0,0,0,0,1,1,0,1,0,1,0,0,0,0,0,0,1,0,0,0,0,0,0,0,0,0,0,0,0,0,1,1,1,1,0,0,1,1,0,1,0,0,1,0,1,1,1,1,0,0,0,0,0,0,0,1,0,0,1,0,0,0,0,0,1,1,1,1,1,0,0,0,1,0,0,1,0,0,1,1,1,0,1,0,1,0,0,1,0,0,1,1,1,0,1,1,0,0,1,0,1,0,1,1,0,1,0,0,1,0,0,0,0,0,0,0,0,1,0,0,0,0,0,0,0,0,1,1,0,0,0,1,0,1,0,1,0,0,0,1
1,1,0,1,0,1,1,1,0,0,0,0,0,0,0,1,1,1,1,0,0,1,0,0,0,0,1,0,0,0,1,0,0,0,0,0,0,0,0,1,0,1,0,1,0,0,0,1,1,0,0,1,0,0,0,0,1,1,1,0,0,0,1,0,0,0,0,0,1,0,0,1,0,0,0,0,0,1,0,0,1,0,0,0,0,1,1,0,1,0,1,0,0,0,0,0,0,1,0,0,0,0,0,0,0,0,0,0,0,0,0,1,1,1,1,0,0,1,1,0,1,0,0,1,0,1,1,1,1,0,0,0,0,0,0,0,1,0,0,1,0,0,0,0,0,1,1,1,1,1,0,0,0,1,0,0,1,0,0,1,1,1,0,1,0,1,0,0,1,0,0,1,1,1,0,1,1,0,0,1,0,1,0,1,1,0,1,0,0,1,0,0,0,0,0,0,0,0,1,0,0,0,0,0,0,0,0,1,1,0,0,0,1,0,1,0,1,0,0,0,1
1,1,1,1,0,1,1,1,0,0,0,0,0,0,0,1,1,1,1,0,0,1,1,1,1,0,1,0,1,1,1,0,0,0,0,0,0,0,1,1,0,1,0,1,0,0,0,1,1,0,0,1,0,1,1,0,1,1,1,0,0,0,1,0,0,0,0,0,1,0,0,1,0,0,0,1,0,1,0,0,1,0,0,1,0,1,1,0,1,0,1,0,0,0,0,0,1,1,0,1,0,0,0,0,0,0,0,0,0,0,0,1,1,1,1,1,1,1,1,0,1,0,0,1,0,1,1,1,1,0,0,1,0,0,0,1,1,0,0,1,0,0,0,1,0,1,1,1,1,1,0,0,0,1,0,0,1,0,0,1,1,1,0,1,0,1,0,0,1,0,0,1,1,1,0,1,1,1,0,1,1,1,0,1,1,0,1,0,0,1,0,0,0,0,0,0,0,0,1,0,0,0,0,0,0,0,0,1,1,0,0,0,1,0,1,0,1,0,0,0,1
0,1,0,1,0,1,1,1,0,0,0,0,0,0,0,1,1,1,1,0,0,1,0,0,0,0,1,0,0,0,1,0,0,0,0,0,0,0,0,1,0,1,0,1,0,0,0,1,1,0,0,1,0,0,0,0,1,1,1,0,0,0,1,0,0,0,0,0,1,0,0,1,0,0,0,0,0,1,0,0,1,0,0,0,0,1,1,0,1,0,1,0,0,0,0,0,0,1,0,0,0,0,0,0,0,0,0,0,0,0,0,1,1,1,1,0,0,1,1,0,1,0,0,1,0,1,0,1,1,0,0,0,0,0,0,0,1,0,0,1,0,0,0,0,0,1,1,1,0,1,0,0,0,1,0,0,1,0,0,1,1,1,0,1,0,1,0,0,1,0,0,1,1,1,0,1,1,0,0,1,0,1,0,1,1,0,1,0,0,1,0,0,0,0,0,1,0,0,1,0,0,0,0,0,0,0,1,1,1,1,0,0,1,0,1,0,1,1,0,0,1
0,1,0,1,0,1,1,1,0,0,0,0,0,0,0,1,1,1,1,0,0,1,0,0,0,0,1,0,0,0,1,0,0,0,0,0,0,0,0,1,0,1,0,1,0,0,0,1,1,0,0,1,0,0,0,0,1,1,1,0,0,0,1,0,0,0,0,0,1,0,0,1,0,0,0,0,0,1,0,0,1,0,0,0,0,1,1,0,1,0,1,0,0,0,0,0,0,1,0,0,0,0,0,0,0,0,0,0,0,0,0,1,1,1,1,0,0,1,1,0,1,0,0,1,0,1,0,1,1,0,0,0,0,0,0,0,1,0,0,1,0,0,0,0,0,1,1,1,0,1,0,0,0,1,0,0,1,0,0,1,1,1,0,1,0,1,0,0,1,0,0,1,1,1,0,1,1,0,0,1,0,1,0,1,1,0,1,0,0,1,0,0,0,0,0,1,0,0,1,0,0,0,0,0,0,0,1,1,1,1,0,0,1,0,1,0,1,1,0,0,1
0,1,1,1,0,1,1,1,0,0,0,0,0,0,0,1,1,1,1,0,0,1,1,1,1,0,1,0,1,1,1,0,0,0,0,0,0,0,1,1,0,1,0,1,0,0,0,1,1,0,0,1,0,1,1,0,1,1,1,0,0,0,1,0,0,0,0,0,1,0,0,1,0,0,0,1,0,1,0,0,1,0,0,1,0,1,1,0,1,0,1,0,0,0,0,0,1,1,0,1,0,0,0,0,0,0,0,0,0,0,0,1,1,1,1,1,1,1,1,0,1,0,0,1,0,1,0,1,1,0,0,1,0,0,0,1,1,0,0,1,0,0,0,1,0,1,1,1,0,1,0,0,0,1,0,0,1,0,0,1,1,1,0,1,0,1,0,0,1,0,0,1,1,1,0,1,1,1,0,1,1,1,0,1,1,0,1,0,0,1,0,0,0,0,0,1,0,0,1,0,0,0,0,0,0,0,1,1,1,1,0,0,1,0,1,0,1,1,0,0,1
0,1,0,1,0,1,1,1,0,0,0,0,0,0,0,1,1,1,1,0,0,1,0,0,0,0,1,0,0,0,1,0,0,0,0,0,0,0,0,1,0,1,0,1,0,0,0,1,1,0,0,1,0,0,0,0,1,1,1,0,0,0,1,0,0,0,0,0,1,0,0,1,0,0,0,0,0,1,0,0,1,0,0,0,0,1,1,0,1,0,1,0,0,0,0,0,0,1,0,0,0,0,0,0,0,0,0,0,0,0,0,1,1,1,1,0,0,1,1,0,1,0,0,1,0,1,0,1,1,0,0,0,0,0,0,0,1,0,0,1,0,0,0,0,0,1,1,1,0,1,0,0,0,1,0,0,1,0,0,1,1,1,0,1,0,1,0,0,1,0,0,1,1,1,0,1,1,0,0,1,0,1,0,1,1,0,1,0,0,1,0,0,0,0,0,1,0,0,1,0,0,0,0,0,0,0,1,1,1,1,0,0,1,0,1,0,1,1,0,0,1
0,1,0,1,0,1,1,1,0,0,0,0,0,0,0,1,1,1,1,0,0,1,0,0,0,0,1,0,0,0,1,0,0,0,0,0,0,0,0,1,0,1,0,1,0,0,0,1,1,0,0,1,0,0,0,0,1,1,1,0,0,0,1,0,0,0,0,0,1,0,0,1,0,0,0,0,0,1,0,0,1,0,0,0,0,1,1,0,1,0,1,0,0,0,0,0,0,1,0,0,0,0,0,0,0,0,0,0,0,0,0,1,1,1,1,0,0,1,1,0,1,0,0,1,0,1,0,1,1,0,0,0,0,0,0,0,1,0,0,1,0,0,0,0,0,1,1,1,0,1,0,0,0,1,0,0,1,0,0,1,1,1,0,1,0,1,0,0,1,0,0,1,1,1,0,1,1,0,0,1,0,1,0,1,1,0,1,0,0,1,0,0,0,0,0,1,0,0,1,0,0,0,0,0,0,0,1,1,1,1,0,0,1,0,1,0,1,1,0,0,1
0,1,0,1,0,1,1,1,0,0,0,0,0,0,0,1,1,1,1,0,0,1,0,0,0,0,1,0,0,0,1,0,0,0,0,0,1,0,0,1,0,1,0,1,0,0,0,1,1,0,0,1,0,0,0,0,1,1,1,0,0,0,1,0,0,0,0,0,1,0,0,1,0,0,0,0,0,1,0,0,1,0,0,0,0,1,1,0,1,0,1,0,0,0,0,0,0,1,0,0,0,0,0,0,0,0,0,0,0,0,0,1,1,1,1,0,0,1,0,0,1,0,0,1,0,1,0,1,1,0,0,0,0,0,0,0,1,0,0,1,0,0,0,0,0,1,1,0,0,1,0,0,0,1,0,0,1,0,0,1,0,1,0,0,0,1,0,0,1,0,0,1,1,1,0,1,1,0,0,1,0,1,0,1,1,0,1,0,0,1,0,0,0,0,0,1,1,0,1,0,0,0,0,0,0,0,0,1,1,0,0,0,1,0,1,0,1,0,0,0,1
1,1,1,1,0,1,1,1,0,0,0,0,0,0,0,1,1,1,1,0,0,1,1,1,1,0,1,0,1,1,1,0,0,0,0,0,1,0,1,1,0,1,0,1,0,0,0,1,1,0,0,1,0,1,1,0,1,1,1,0,0,0,1,0,0,0,0,0,1,0,0,1,0,0,0,1,0,1,0,0,1,0,0,1,0,1,1,0,1,0,1,0,0,0,0,0,1,1,0,1,0,0,0,0,0,0,0,0,0,0,0,1,1,1,1,1,1,1,1,0,1,0,0,1,0,1,0,1,1,0,0,1,0,0,0,1,1,0,0,1,0,0,0,1,0,1,1,1,0,1,0,0,0,1,0,0,1,0,0,1,1,1,0,1,0,1,0,0,1,0,0,1,1,1,0,1,1,1,0,1,1,1,0,1,1,0,1,0,0,1,0,0,0,0,0,1,1,0,1,0,0,0,0,0,0,0,0,1,1,0,0,0,1,0,1,0,1,0,0,0,1
1,1,0,1,0,1,1,1,0,0,0,0,0,0,0,1,1,1,1,0,0,1,0,0,0,0,1,0,0,0,1,0,0,0,0,0,1,0,0,1,0,1,0,1,0,0,0,1,1,0,0,1,0,0,0,0,1,1,1,0,0,0,1,0,0,0,0,0,1,0,0,1,0,0,0,0,0,1,0,0,1,0,0,0,0,1,1,0,1,0,1,0,0,0,0,0,0,1,0,0,0,0,0,0,0,0,0,0,0,0,0,1,1,1,1,0,0,1,0,0,1,0,0,1,0,1,0,1,1,0,0,0,0,0,0,0,1,0,0,1,0,0,0,0,0,1,1,0,0,1,0,0,0,1,0,0,1,0,0,1,0,1,0,0,0,1,0,0,1,0,0,1,1,1,0,1,1,0,0,1,0,1,0,1,1,0,1,0,0,1,0,0,0,0,0,1,1,0,1,0,0,0,0,0,0,0,0,1,1,0,0,0,1,0,1,0,1,0,0,0,1
1,1,0,1,0,1,1,1,0,0,0,0,0,0,0,1,1,1,1,0,0,1,0,0,0,0,1,0,0,0,1,0,0,0,0,0,1,0,0,1,0,1,0,1,0,0,0,1,1,0,0,1,0,0,0,0,1,1,1,0,0,0,1,0,0,0,0,0,1,0,0,1,0,0,0,0,0,1,0,0,1,0,0,0,0,1,1,0,1,0,1,0,0,0,0,0,0,1,0,0,0,0,0,0,0,0,0,0,0,0,0,1,1,1,1,0,0,1,0,0,1,0,0,1,0,1,0,1,1,0,0,0,0,0,0,0,1,0,0,1,0,0,0,0,0,1,1,0,0,1,0,0,0,1,0,0,1,0,0,1,0,1,0,0,0,1,0,0,1,0,0,1,1,1,0,1,1,0,0,1,0,1,0,1,1,0,1,0,0,1,0,0,0,0,0,1,1,0,1,0,0,0,0,0,0,0,0,1,1,0,0,0,1,0,1,0,1,0,0,0,1
1,1,0,1,1,1,1,0,1,0,1,0,1,1,0,1,1,1,0,1,1,1,0,0,0,1,1,1,1,0,1,1,0,1,0,0,1,0,0,0,0,1,1,1,0,1,0,1,1,1,1,0,1,1,0,1,0,1,0,1,0,1,1,1,1,1,0,1,1,0,1,1,0,0,1,0,1,1,0,1,1,1,1,1,1,1,0,1,1,1,1,1,1,1,1,1,1,1,0,1,0,1,1,1,1,0,1,1,0,1,1,1,1,0,0,1,1,0,1,0,1,1,1,1,0,0,0,0,0,0,1,1,1,1,1,1,1,0,1,0,1,0,0,1,0,0,0,1,0,1,1,0,0,0,1,0,0,0,1,1,1,0,1,1,1,1,1,0,0,1,1,1,0,0,1,0,1,1,0,0,1,0,0,0,0,1,1,0,0,1,0,0,0,0,0,0,0,0,0,0,0,0,0,0,0,0,0,0,0,0,0,0,0,0,0,0,0,0,0,0,0
1,1,0,1,1,1,1,0,1,0,1,0,1,1,0,1,1,1,0,1,1,1,0,0,0,1,1,1,1,0,1,1,0,1,0,0,1,0,0,0,0,1,1,1,0,1,0,1,1,1,1,0,1,1,0,1,0,1,0,1,0,1,1,1,1,1,0,1,1,0,1,1,0,0,1,0,1,1,0,1,1,1,1,1,1,1,0,1,1,1,1,1,1,1,1,1,1,1,0,1,0,1,1,1,1,0,1,1,0,1,1,1,1,0,0,1,1,0,1,0,1,1,1,1,0,0,0,0,0,0,1,1,1,1,1,1,1,0,1,0,1,0,0,1,0,0,0,1,0,1,1,0,0,0,1,0,0,0,1,1,1,0,1,1,1,1,1,0,0,1,1,1,0,0,1,0,1,1,0,0,1,0,0,0,0,1,1,0,0,1,0,0,0,0,0,0,0,0,0,0,0,0,0,0,0,0,0,0,0,0,0,0,0,0,0,0,0,0,0,0,0
1,1,0,1,1,1,1,0,1,0,1,0,1,1,0,1,1,1,0,1,1,1,0,0,0,1,1,1,1,0,1,1,0,1,0,0,1,0,0,0,0,1,1,1,0,1,0,1,1,1,1,0,1,1,0,1,0,1,0,1,0,1,1,1,1,1,0,1,1,0,1,1,0,0,1,0,1,1,0,1,1,1,1,1,1,1,0,1,1,1,1,1,1,1,1,1,1,1,0,1,0,1,1,1,1,0,1,1,0,1,1,1,1,0,0,1,1,0,1,0,1,1,1,1,0,0,0,0,0,0,1,1,1,1,1,1,1,0,1,0,1,0,0,1,0,0,0,1,0,1,1,0,0,0,1,0,0,0,1,1,1,0,1,1,1,1,1,0,0,1,1,1,0,0,1,0,1,1,0,0,1,0,0,0,0,1,1,0,0,1,0,0,0,0,0,0,0,0,0,0,0,0,0,0,0,0,0,0,0,0,0,0,0,0,0,0,0,0,0,0,0
1,1,0,1,1,1,1,0,1,0,1,0,1,1,0,1,1,1,0,1,1,1,0,0,0,1,1,1,1,0,1,1,0,1,0,0,1,0,0,0,0,1,1,1,0,1,0,1,1,1,1,0,1,1,0,1,0,1,0,1,0,1,1,1,1,1,0,1,1,0,1,1,0,0,1,0,1,1,0,1,1,1,1,1,1,1,0,1,1,1,1,1,1,1,1,1,1,1,0,1,0,1,1,1,1,0,1,1,0,1,1,1,1,0,0,1,1,0,1,0,1,1,1,1,0,0,0,0,0,0,1,1,1,1,1,1,1,0,1,0,1,0,0,1,0,0,0,1,0,1,1,0,0,0,1,0,0,0,1,1,1,0,1,1,1,1,1,0,0,1,1,1,0,0,1,0,1,1,0,0,1,0,0,0,0,1,1,0,0,1,0,0,0,0,0,0,0,0,0,0,0,0,0,0,0,0,0,0,0,0,0,0,0,0,0,0,0,0,0,0,0
0,1,0,1,1,1,1,0,1,0,1,0,1,1,0,1,1,1,0,1,1,1,0,0,0,1,1,1,1,0,1,1,0,1,0,0,1,0,0,0,0,1,1,1,0,1,0,1,1,1,1,0,1,1,0,1,0,1,0,1,0,1,1,1,1,1,0,1,1,0,1,1,0,0,1,0,1,1,0,1,1,1,1,1,1,1,0,1,1,1,1,1,1,1,1,1,1,1,0,1,0,1,1,1,1,0,1,1,0,1,1,1,1,0,0,1,1,0,1,0,1,1,1,1,0,0,0,0,0,0,1,1,1,1,1,1,1,0,1,0,1,0,0,1,0,0,0,1,0,1,1,0,0,0,1,0,0,0,1,1,1,0,1,1,1,1,1,0,0,1,1,1,0,0,1,0,1,1,0,0,1,0,0,0,0,1,1,0,0,0,0,1,0,0,0,0,0,0,0,0,0,1,0,0,0,0,0,0,0,0,0,0,0,0,0,0,0,0,0,0,0
0,1,0,1,1,1,1,0,1,0,1,0,1,1,0,1,1,1,0,1,1,1,0,0,0,1,1,1,1,0,1,1,0,1,0,0,1,0,0,0,0,1,1,1,0,1,0,1,1,1,1,0,1,1,0,1,0,1,0,1,0,1,1,1,1,1,0,1,1,0,1,1,0,0,1,0,1,1,0,1,1,1,1,1,1,1,0,1,1,1,1,1,1,1,1,1,1,1,0,1,0,1,1,1,1,0,1,1,0,1,1,1,1,0,0,1,1,0,1,0,1,1,1,1,0,0,0,0,0,0,1,1,1,1,1,1,1,0,1,0,1,0,0,1,0,0,0,1,0,1,1,0,0,0,1,0,0,0,1,1,1,0,1,1,1,1,1,0,0,1,1,1,0,0,1,0,1,1,0,0,1,0,0,0,0,1,1,0,0,0,0,1,0,0,0,0,0,0,0,0,0,1,0,0,0,0,0,0,0,0,0,0,0,0,0,0,0,0,0,0,0
0,1,0,1,1,1,1,0,1,0,1,0,1,1,0,1,1,1,0,1,1,1,0,0,0,1,1,1,1,0,1,1,0,1,0,0,1,0,0,0,0,1,1,1,0,1,0,1,1,1,1,0,1,1,0,1,0,1,0,1,0,1,1,1,1,1,0,1,1,0,1,1,0,0,1,0,1,1,0,1,1,1,1,1,1,1,0,1,1,1,1,1,1,1,1,1,1,1,0,1,0,1,1,1,1,0,1,1,0,1,1,1,1,0,0,1,1,0,1,0,1,1,1,1,0,0,0,0,0,0,1,1,1,1,1,1,1,0,1,0,1,0,0,1,0,0,0,1,0,1,1,0,0,0,1,0,0,0,1,1,1,0,1,1,1,1,1,0,0,1,1,1,0,0,1,0,1,1,0,0,1,0,0,0,0,1,1,0,0,0,0,1,0,0,0,0,0,0,0,0,0,1,0,0,0,0,0,0,0,0,0,0,0,0,0,0,0,0,0,0,0
0,1,0,1,1,1,1,0,1,0,1,0,1,1,0,1,1,1,0,1,1,1,0,0,0,1,1,1,1,0,1,1,0,1,0,0,1,0,0,0,0,1,1,1,0,1,0,1,1,1,1,0,1,1,0,1,0,1,0,1,0,1,1,1,1,1,0,1,1,0,1,1,0,0,1,0,1,1,0,1,1,1,1,1,1,1,0,1,1,1,1,1,1,1,1,1,1,1,0,1,0,1,1,1,1,0,1,1,0,1,1,1,1,0,0,1,1,0,1,0,1,1,1,1,0,0,0,0,0,0,1,1,1,1,1,1,1,0,1,0,1,0,0,1,0,0,0,1,0,1,1,0,0,0,1,0,0,0,1,1,1,0,1,1,1,1,1,0,0,1,1,1,0,0,1,0,1,1,0,0,1,0,0,0,0,1,1,0,0,0,0,1,0,0,0,0,0,0,0,0,0,1,0,0,0,0,0,0,0,0,0,0,0,0,0,0,0,0,0,0,0
0,1,0,1,1,1,1,0,1,1,1,0,1,1,0,1,1,1,0,1,1,1,0,0,0,1,1,1,1,0,1,1,1,1,0,0,1,0,0,0,1,1,1,1,0,1,1,1,1,1,1,0,1,1,0,1,0,1,0,1,0,1,1,1,1,1,0,1,1,0,1,1,0,0,1,0,1,1,0,1,1,1,1,1,1,1,0,1,1,1,1,1,1,1,1,1,1,1,1,1,1,1,1,1,1,0,1,1,0,1,1,1,1,0,0,1,1,0,1,1,1,1,1,1,0,0,0,0,0,0,1,1,1,1,1,1,1,1,1,0,1,0,1,1,0,0,0,1,0,1,1,0,0,0,1,0,0,0,1,1,1,0,1,1,1,1,1,0,0,1,1,1,0,0,1,0,1,1,0,0,1,0,0,0,0,1,1,0,0,0,0,1,0,0,0,0,0,0,0,0,0,1,0,0,0,0,0,0,0,0,0,0,0,0,0,0,0,0,0,0,0
0,1,0,1,1,1,1,0,1,0,1,0,1,1,0,1,1,1,0,1,1,1,0,0,0,1,1,1,1,0,1,1,0,1,0,0,1,0,1,0,0,1,1,1,1,1,0,1,1,1,1,0,1,1,0,1,0,1,0,1,0,1,1,1,1,1,0,1,1,0,1,1,1,0,1,1,1,1,0,1,1,1,1,1,1,1,0,1,1,1,1,1,1,1,1,1,1,1,0,1,0,1,1,1,1,0,1,1,0,1,1,1,1,0,0,1,1,0,1,0,1,1,1,1,0,0,1,0,0,0,1,1,1,1,1,1,1,0,1,0,1,0,0,1,0,0,0,1,1,1,1,0,0,0,1,0,0,0,1,1,1,0,1,1,1,1,1,0,0,1,1,1,0,0,1,0,1,1,0,0,1,0,0,0,0,1,1,0,0,0,0,1,0,0,0,0,0,0,0,0,0,1,0,0,0,0,0,0,0,0,0,0,0,0,0,0,0,0,0,0,0
0,1,0,1,1,1,1,0,1,0,1,0,1,1,0,1,1,1,0,1,1,1,0,0,0,1,1,1,1,0,1,1,0,1,0,0,1,0,0,0,0,1,1,1,0,1,0,1,1,1,1,0,1,1,0,1,0,1,0,1,0,1,1,1,1,1,0,1,1,0,1,1,0,0,1,0,1,1,0,1,1,1,1,1,1,1,0,1,1,1,1,1,1,1,1,1,1,1,0,1,0,1,1,1,1,0,1,1,0,1,1,1,1,0,0,1,1,0,1,0,1,1,1,1,0,0,0,0,0,0,1,1,1,1,1,1,1,0,1,0,1,0,0,1,0,0,0,1,0,1,1,0,0,0,1,0,0,0,1,1,1,0,1,1,1,1,1,0,0,1,1,1,0,0,1,0,1,1,0,0,1,0,0,0,0,1,1,0,0,0,0,1,0,0,0,0,0,0,0,0,0,1,0,0,0,0,0,0,0,0,0,0,0,0,0,0,0,0,0,0,0
0,1,0,1,1,1,1,0,1,0,1,0,1,1,0,1,1,1,0,1,1,1,0,0,0,1,1,1,1,0,1,1,0,1,0,0,1,0,0,0,0,1,1,1,0,1,0,1,1,1,1,0,1,1,0,1,0,1,0,1,0,1,1,1,1,1,0,1,1,0,1,1,0,0,1,0,1,1,0,1,1,1,1,1,1,1,0,1,1,1,1,1,1,1,1,1,1,1,0,1,0,1,1,1,1,0,1,1,0,1,1,1,1,0,0,1,1,0,1,0,1,1,1,1,0,0,0,0,0,0,1,1,1,1,1,1,1,0,1,0,1,0,0,1,0,0,0,1,0,1,1,0,0,0,1,0,0,0,1,1,1,0,1,1,1,1,1,0,0,1,1,1,0,0,1,0,1,1,0,0,1,0,0,0,0,1,1,0,0,0,0,1,0,0,0,0,0,0,0,0,0,1,0,0,0,0,0,0,0,0,0,0,0,0,0,0,0,0,0,0,0
0,0,0,1,1,1,1,0,1,0,1,0,1,1,0,1,1,0,0,0,0,0,0,0,0,1,1,1,0,0,1,1,0,1,1,0,1,0,0,0,0,1,0,1,0,1,0,1,0,1,1,0,1,1,0,1,0,1,0,1,0,1,0,1,1,1,0,1,0,1,1,1,0,0,1,0,1,1,0,1,1,1,1,1,1,1,0,1,1,1,0,1,1,1,1,1,1,1,0,1,0,1,1,1,1,0,1,1,0,1,1,1,1,0,0,1,1,0,1,0,1,1,1,0,0,0,0,0,0,0,1,1,1,1,1,1,0,0,1,0,1,0,0,1,0,0,0,1,0,0,0,0,1,0,0,0,0,0,1,0,1,0,0,1,1,0,1,0,0,1,1,1,0,0,1,0,1,1,0,0,1,0,0,0,0,1,0,0,0,0,0,0,0,0,0,0,0,0,0,0,0,0,0,0,0,0,0,0,0,0,0,0,0,0,0,0,0,0,0,0,0
0,1,0,1,1,1,1,0,1,0,1,0,1,1,0,1,1,1,0,1,1,1,0,0,0,1,1,1,1,0,1,1,0,1,0,0,1,0,0,0,0,1,1,1,0,1,0,1,1,1,1,0,1,1,0,1,0,1,0,1,0,1,1,1,1,1,0,1,1,0,1,1,0,0,1,0,1,1,0,1,1,1,1,1,1,1,0,1,1,1,1,1,1,1,1,1,1,1,0,1,0,1,1,1,1,0,1,1,0,1,1,1,1,0,0,1,1,0,1,0,1,1,1,1,0,0,0,0,0,0,1,1,1,1,1,1,1,0,1,0,1,0,0,1,0,0,0,1,0,1,1,0,0,0,1,0,0,0,1,1,1,0,1,1,1,1,1,0,0,1,1,1,0,0,1,0,1,1,0,0,1,0,0,0,0,1,0,1,0,0,0,0,0,0,0,0,0,0,0,0,0,0,0,0,0,0,0,0,0,0,0,0,0,0,0,0,0,0,0,0,0
0,1,0,1,1,1,1,1,1,0,1,0,1,1,0,1,1,1,0,1,1,1,0,0,0,1,1,1,1,0,1,1,0,1,0,0,1,0,1,0,0,1,1,1,0,1,0,1,1,1,1,1,1,1,1,1,0,1,0,1,0,1,1,1,1,1,0,1,1,0,1,1,0,0,1,1,1,1,0,1,1,1,1,1,1,1,0,1,1,1,1,1,1,1,1,1,1,1,0,1,0,1,1,1,1,1,1,1,0,1,1,1,1,0,0,1,1,0,1,0,1,1,1,1,0,0,0,0,0,0,1,1,1,1,1,1,1,0,1,0,1,0,0,1,0,0,0,1,0,1,1,0,0,0,1,0,0,0,1,1,1,0,1,1,1,1,1,0,0,1,1,1,1,0,1,0,1,1,0,0,1,0,0,0,0,1,0,1,0,0,0,0,0,0,0,0,0,0,0,0,0,0,0,0,0,0,0,0,0,0,0,0,0,0,0,0,0,0,0,0,0
0,1,0,1,1,1,1,0,1,1,1,0,1,1,0,1,1,1,0,1,1,1,0,0,0,1,1,1,1,0,1,1,1,1,0,0,1,0,0,0,1,1,1,1,0,1,1,1,1,1,1,1,1,1,0,1,0,1,0,1,0,1,1,1,1,1,0,1,1,0,1,1,0,0,1,0,1,1,0,1,1,1,1,1,1,1,0,1,1,1,1,1,1,1,1,1,1,1,1,1,1,1,1,1,1,1,1,1,0,1,1,1,1,0,0,1,1,0,1,1,1,1,1,1,0,0,0,0,0,0,1,1,1,1,1,1,1,1,1,0,1,0,1,1,0,0,0,1,0,1,1,0,0,0,1,0,0,0,1,1,1,0,1,1,1,1,1,0,0,1,1,1,1,0,1,0,1,1,0,0,1,0,0,0,0,1,0,1,0,0,0,0,0,0,0,0,0,0,0,0,0,0,0,0,0,0,0,0,0,0,0,0,0,0,0,0,0,0,0,0,0
0,1,0,1,1,1,1,0,1,0,1,0,1,1,0,1,1,1,0,1,1,1,0,0,0,1,1,1,1,0,1,1,0,1,0,0,1,0,0,0,0,1,1,1,0,1,0,1,1,1,1,1,1,1,0,1,0,1,0,1,0,1,1,1,1,1,0,1,1,0,1,1,0,0,1,0,1,1,0,1,1,1,1,1,1,1,0,1,1,1,1,1,1,1,1,1,1,1,0,1,0,1,1,1,1,1,1,1,0,1,1,1,1,0,0,1,1,0,1,0,1,1,1,1,0,0,0,0,0,0,1,1,1,1,1,1,1,0,1,0,1,0,0,1,0,0,0,1,0,1,1,0,0,0,1,0,0,0,1,1,1,0,1,1,1,1,1,0,0,1,1,1,1,0,1,0,1,1,0,0,1,0,0,0,0,1,0,1,0,0,0,0,0,0,0,0,0,0,0,0,0,0,0,0,0,0,0,0,0,0,0,0,0,0,0,0,0,0,0,0,0
0,1,0,1,1,1,1,0,1,0,1,0,1,1,0,1,1,1,0,1,1,1,0,0,0,1,1,1,1,0,1,1,0,1,0,0,1,0,0,0,0,1,1,1,0,1,0,1,1,1,1,1,1,1,0,1,0,1,0,1,0,1,1,1,1,1,0,1,1,0,1,1,0,0,1,0,1,1,0,1,1,1,1,1,1,1,0,1,1,1,1,1,1,1,1,1,1,1,0,1,0,1,1,1,1,1,1,1,0,1,1,1,1,0,0,1,1,0,1,0,1,1,1,1,0,0,0,0,0,0,1,1,1,1,1,1,1,0,1,0,1,0,0,1,0,0,0,1,0,1,1,0,0,0,1,0,0,0,1,1,1,0,1,1,1,1,1,0,0,1,1,1,1,0,1,0,1,1,0,0,1,0,0,0,0,1,0,1,0,0,0,0,0,0,0,0,0,0,0,0,0,0,0,0,0,0,0,0,0,0,0,0,0,0,0,0,0,0,0,0,0
0,1,0,1,1,1,1,0,1,1,1,0,1,1,0,1,1,1,0,1,1,1,0,0,0,1,1,1,1,0,1,1,1,1,0,0,1,0,0,0,1,1,1,1,0,1,1,1,1,1,1,1,1,1,0,1,0,1,0,1,0,1,1,1,1,1,0,1,1,0,1,1,0,0,1,0,1,1,0,1,1,1,1,1,1,1,0,1,1,1,1,1,1,1,1,1,1,1,1,1,1,1,1,1,1,1,1,1,0,1,1,1,1,0,0,1,1,0,1,1,1,1,1,1,0,0,0,0,0,0,1,1,1,1,1,1,1,1,1,0,1,0,1,1,0,0,0,1,0,1,1,0,0,0,1,0,0,0,1,1,1,0,1,1,1,1,1,0,0,1,1,1,1,0,1,0,1,1,0,0,1,0,0,0,0,1,0,1,0,0,0,0,0,0,0,0,0,0,0,0,0,0,0,0,0,0,0,0,0,0,0,0,0,0,0,0,0,0,0,0,0
0,1,0,1,1,1,1,0,1,0,1,0,1,1,0,1,1,1,0,1,1,1,0,0,0,1,1,1,1,0,1,1,0,1,0,0,1,0,0,0,0,1,1,1,0,1,0,1,1,1,1,1,1,1,0,1,0,1,0,1,0,1,1,1,1,1,0,1,1,0,1,1,0,0,1,0,1,1,0,1,1,1,1,1,1,1,0,1,1,1,1,1,1,1,1,1,1,1,0,1,0,1,1,1,1,1,1,1,0,1,1,1,1,0,0,1,1,0,1,0,1,1,1,1,0,0,0,0,0,0,1,1,1,1,1,1,1,0,1,0,1,0,0,1,0,0,0,1,0,1,1,0,0,0,1,0,0,0,1,1,1,0,1,1,1,1,1,0,0,1,1,1,1,0,1,0,1,1,0,0,1,0,0,0,0,1,0,1,0,0,0,0,0,0,0,0,0,0,0,0,0,0,0,0,0,0,0,0,0,0,0,0,0,0,0,0,0,0,0,0,0
0,1,0,1,1,1,1,0,1,0,1,0,1,1,0,1,1,1,0,1,1,1,0,0,0,1,1,1,1,0,1,1,0,1,0,0,1,0,0,0,0,1,1,1,0,1,0,1,1,1,1,1,1,1,0,1,0,1,0,1,0,1,1,1,1,1,0,1,1,0,1,1,0,0,1,0,1,1,0,1,1,1,1,1,1,1,0,1,1,1,1,1,1,1,1,1,1,1,0,1,0,1,1,1,1,1,1,1,0,1,1,1,1,0,0,1,1,0,1,0,1,1,1,1,0,0,0,0,0,0,1,1,1,1,1,1,1,0,1,0,1,0,0,1,0,0,0,1,0,1,1,0,0,0,1,0,0,0,1,1,1,0,1,1,1,1,1,0,0,1,1,1,1,0,1,0,1,1,0,0,1,0,0,0,0,1,0,1,0,0,0,0,0,0,0,0,0,0,0,0,0,0,0,0,0,0,0,0,0,0,0,0,0,0,0,0,0,0,0,0,0
0,1,0,1,1,1,1,0,1,0,1,0,1,1,0,1,1,1,0,1,1,1,0,0,0,1,1,1,1,0,1,1,0,1,0,0,1,0,0,0,0,1,1,1,0,1,0,1,1,1,1,1,1,1,0,1,0,1,0,1,0,1,1,1,1,1,0,1,1,0,1,1,0,0,1,0,1,1,0,1,1,1,1,1,1,1,0,1,1,1,1,1,1,1,1,1,1,1,0,1,0,1,1,1,1,1,1,1,0,1,1,1,1,0,0,1,1,0,1,0,1,1,1,1,0,0,0,0,0,0,1,1,1,1,1,1,1,0,1,0,1,0,0,1,0,0,0,1,0,1,1,0,0,0,1,0,0,0,1,1,1,0,1,1,1,1,1,0,0,1,1,1,1,0,1,0,1,1,0,0,1,0,0,0,0,1,0,1,0,0,0,0,0,0,0,0,0,0,0,0,0,0,0,0,0,0,0,0,0,0,0,0,0,0,0,0,0,0,0,0,0
0,0,0,1,1,1,0,0,0,0,1,0,1,1,0,1,1,1,0,0,0,0,0,0,0,1,1,1,1,0,1,0,0,1,0,0,0,0,0,0,0,1,0,1,0,1,0,1,0,1,1,0,1,1,0,1,0,1,0,1,0,1,0,1,1,1,0,1,1,0,1,1,0,0,1,0,0,1,0,1,1,1,1,1,1,1,0,1,1,1,1,1,1,1,1,1,1,1,0,1,0,1,1,1,1,0,1,1,0,1,1,1,1,0,0,1,1,1,1,0,1,1,1,1,0,0,0,1,1,0,1,0,1,0,0,1,1,0,1,1,1,1,0,1,1,1,1,1,0,1,0,0,0,1,0,1,0,1,0,1,1,0,0,1,1,1,0,0,1,0,0,0,0,1,1,1,0,1,0,0,1,1,0,1,1,1,1,0,1,1,0,0,1,0,0,0,0,1,0,0,0,0,0,1,0,0,0,0,0,0,0,0,0,0,0,0,0,0,0,0,0
0,0,0,1,1,1,0,0,0,0,1,0,1,1,0,1,1,1,0,0,0,0,0,0,0,1,1,1,1,0,1,0,0,1,0,0,0,0,0,0,0,1,0,1,0,1,0,1,0,1,1,1,1,1,0,1,0,1,0,1,0,1,0,1,1,1,0,1,1,0,1,1,0,0,1,0,0,1,0,1,1,1,1,1,1,1,0,1,1,1,1,1,1,1,1,1,1,1,0,1,0,1,1,1,1,0,1,1,0,1,1,1,1,0,0,1,1,1,1,0,1,1,1,1,0,0,0,1,1,0,1,0,1,0,0,1,1,0,1,1,1,1,0,1,1,1,1,1,0,1,0,0,0,1,0,1,0,1,0,1,1,0,0,1,1,1,0,0,1,0,0,0,0,1,1,1,0,1,0,0,1,1,0,1,1,1,1,0,1,1,0,0,1,0,0,0,0,1,1,0,0,0,0,1,0,0,0,0,0,0,0,0,0,1,0,0,0,0,0,0,0
0,1,0,1,1,1,1,0,1,0,1,0,1,1,0,1,1,1,0,1,1,1,0,0,0,1,1,1,1,0,1,1,0,1,0,0,1,0,0,1,0,1,1,1,0,1,0,1,1,1,1,1,1,1,0,1,0,1,0,1,0,1,1,1,1,1,0,1,1,0,1,1,0,0,1,0,1,1,0,1,1,1,1,1,1,1,0,1,1,1,1,1,1,1,1,1,1,1,0,1,0,1,1,1,1,1,1,1,0,1,1,1,1,0,0,1,1,0,1,0,1,1,1,1,0,0,0,0,0,0,1,1,1,1,1,1,1,0,1,0,1,0,0,1,0,0,0,1,0,1,1,0,0,0,1,0,0,0,1,1,1,0,1,1,1,0,1,0,0,1,1,1,1,0,1,0,1,1,0,0,1,0,0,0,0,1,0,0,0,0,0,0,0,0,0,0,0,0,0,0,0,0,0,0,0,0,0,0,0,0,0,0,0,0,0,0,0,0,0,0,0
0,0,0,1,1,1,1,0,0,0,1,0,1,1,0,1,1,1,0,0,0,0,0,0,0,1,1,1,1,0,1,0,0,1,0,0,0,0,0,1,0,1,0,1,0,1,0,1,1,1,1,1,1,1,0,1,0,1,1,1,0,1,0,1,1,1,0,1,1,0,1,1,0,0,1,0,0,1,0,1,1,1,1,1,1,1,0,1,1,1,1,1,1,1,1,1,1,1,0,1,0,1,1,1,1,0,1,1,0,1,1,1,1,1,0,1,1,1,1,0,1,1,1,1,0,0,0,1,1,0,1,0,1,0,0,1,1,0,1,1,1,1,0,1,1,1,1,1,0,1,0,0,0,1,0,1,0,1,0,1,1,0,0,1,1,1,0,0,1,0,0,0,0,1,1,1,0,1,0,0,1,1,0,1,1,1,1,0,1,1,1,1,1,1,0,0,0,1,0,1,1,0,0,1,1,0,0,1,0,0,0,0,0,0,1,0,0,0,0,0,0
0,0,0,1,1,1,1,0,0,0,1,0,1,1,0,1,1,1,0,0,0,0,0,0,0,1,1,1,1,0,1,0,0,1,0,0,0,0,0,1,0,1,0,1,0,1,0,1,1,1,1,1,1,1,0,1,0,1,1,1,0,1,0,1,1,1,0,1,1,0,1,1,0,0,1,0,0,1,0,1,1,1,1,1,1,1,0,1,1,1,1,1,1,1,1,1,1,1,0,1,0,1,1,1,1,0,1,1,0,1,1,1,1,1,1,1,1,1,1,0,1,1,1,1,0,1,0,1,1,0,1,0,1,0,0,1,1,0,1,1,1,1,0,1,1,1,1,1,0,1,0,0,0,1,0,1,0,1,0,1,1,1,0,1,1,1,0,0,1,0,0,0,0,1,1,1,0,1,0,1,1,1,0,1,1,1,1,1,1,1,1,1,1,1,0,0,0,1,1,1,1,0,0,1,1,0,0,1,1,0,0,0,1,0,1,0,1,0,0,0,1
0,0,0,1,1,1,1,1,0,0,1,0,1,1,0,1,1,1,0,0,0,0,0,0,0,1,1,1,1,0,1,0,0,1,0,0,0,0,0,1,0,1,0,1,0,1,0,1,1,1,1,1,1,1,0,1,0,1,1,1,0,1,0,1,1,1,0,1,1,0,1,1,0,0,1,0,0,1,0,1,1,1,1,1,1,1,0,1,1,1,1,1,1,1,1,1,1,1,0,1,0,1,1,1,1,0,1,1,0,1,1,1,1,1,1,1,1,1,1,0,1,1,1,1,0,1,0,1,1,1,1,0,1,0,0,1,1,0,1,1,1,1,0,1,1,1,1,1,0,1,0,0,0,1,0,1,0,1,0,1,1,1,0,1,1,1,0,1,1,0,0,0,0,1,1,1,0,1,0,1,1,1,0,1,1,1,1,1,1,1,1,1,1,1,0,0,0,1,1,1,1,0,0,1,1,0,0,1,1,0,0,0,1,0,1,0,1,0,0,0,1
0,0,0,1,1,1,1,0,0,0,1,0,1,1,0,1,1,1,0,0,0,0,0,0,0,1,1,1,1,0,1,0,0,1,1,0,0,0,0,1,0,1,0,1,0,1,0,1,0,1,1,0,1,1,0,1,0,1,1,1,0,1,0,1,1,1,0,1,1,1,1,1,0,0,1,0,0,1,0,1,1,1,1,1,1,1,0,1,1,1,1,1,1,1,1,1,1,1,0,1,0,1,1,1,1,0,1,1,0,1,1,1,1,1,0,1,1,1,1,0,1,1,1,1,0,0,0,1,1,0,1,0,1,0,0,1,1,0,1,1,1,1,0,1,1,1,1,1,0,1,0,0,1,1,0,1,0,1,0,1,1,0,0,1,1,1,0,0,1,0,0,0,0,1,1,1,0,1,0,0,1,1,1,1,1,1,1,0,1,1,1,1,1,1,0,0,0,1,0,1,1,0,0,1,1,0,0,1,0,0,0,0,0,0,1,0,0,0,0,0,0
0,0,0,1,1,1,1,0,0,0,1,0,1,1,0,1,1,1,0,0,0,0,0,0,0,1,1,1,1,0,1,0,0,1,1,0,0,0,0,1,0,1,0,1,0,1,0,1,0,1,1,0,1,1,0,1,0,1,1,1,0,1,0,1,1,1,0,1,1,1,1,1,0,0,1,0,0,1,0,1,1,1,1,1,1,1,0,1,1,1,1,1,1,1,1,1,1,1,0,1,0,1,1,1,1,0,1,1,0,1,1,1,1,1,0,1,1,1,1,0,1,1,1,1,0,0,0,1,1,1,1,0,1,0,1,1,1,0,1,1,1,1,0,1,1,1,1,1,0,1,0,0,1,1,0,1,0,1,1,1,1,0,0,1,1,1,1,1,1,1,0,0,0,1,1,1,0,1,0,0,1,1,1,1,1,1,1,0,1,1,0,0,1,0,0,0,0,1,0,0,0,0,0,1,0,0,0,0,0,0,1,0,0,0,0,0,0,0,1,0,0
0,0,0,1,1,1,0,0,0,0,1,0,1,1,0,1,1,1,0,0,0,0,0,0,0,1,1,1,1,0,1,0,0,1,0,0,0,0,0,0,0,1,0,1,0,1,0,1,0,1,1,0,1,1,0,1,0,1,0,1,0,1,0,1,1,1,0,1,1,0,1,1,0,0,1,0,0,1,0,1,1,1,1,1,1,1,0,1,1,1,1,1,1,1,1,1,1,1,0,1,0,1,1,1,1,0,1,1,0,1,1,1,1,0,0,1,1,1,1,0,1,1,1,1,0,0,0,1,1,0,1,0,1,0,0,1,1,0,1,1,1,1,0,1,1,1,1,1,0,1,0,0,0,1,0,1,0,1,0,1,1,0,0,1,1,1,0,0,1,0,0,0,0,1,1,1,0,1,0,0,1,1,0,1,1,1,1,0,1,1,0,0,1,0,0,0,0,1,0,0,0,0,0,1,0,0,0,0,0,0,0,0,0,0,0,0,0,0,0,0,0
0,1,0,1,1,1,0,0,0,0,1,0,1,1,0,1,1,1,1,0,0,1,0,0,0,1,1,1,1,1,1,0,0,1,0,0,0,0,0,0,0,1,0,1,0,1,0,1,0,1,1,0,1,1,0,1,0,1,0,1,0,1,0,1,1,1,0,1,1,0,1,1,0,0,1,0,0,1,0,1,1,1,1,1,1,1,0,1,1,1,1,1,1,1,1,1,1,1,0,1,0,1,1,1,1,0,1,1,0,1,1,1,1,0,0,1,1,1,1,0,1,1,1,1,0,0,0,1,1,0,1,0,1,0,0,1,1,0,1,1,1,1,0,1,1,1,1,1,0,1,0,0,0,1,0,1,0,1,0,1,1,0,0,1,1,1,0,0,1,0,0,0,0,1,1,1,0,1,0,0,1,1,0,1,1,1,1,0,1,1,0,0,1,0,0,1,1,1,0,0,0,0,0,1,0,0,1,0,0,1,0,0,0,0,0,1,0,1,0,0,0
0,0,0,1,1,1,0,0,0,1,1,0,1,1,0,1,1,1,0,0,0,0,0,0,0,1,1,1,1,0,1,0,1,1,0,0,0,0,0,0,1,1,0,1,0,1,1,1,0,1,1,0,1,1,0,1,0,1,0,1,0,1,0,1,1,1,0,1,1,0,1,1,0,0,1,0,0,1,0,1,1,1,1,1,1,1,0,1,1,1,1,1,1,1,1,1,1,1,1,1,1,1,1,1,1,0,1,1,0,1,1,1,1,0,0,1,1,1,1,1,1,1,1,1,0,0,0,1,1,0,1,0,1,0,0,1,1,1,1,1,1,1,1,1,1,1,1,1,0,1,0,0,0,1,0,1,0,1,0,1,1,0,0,1,1,1,0,0,1,0,0,0,0,1,1,1,0,1,0,0,1,1,0,1,1,1,1,0,1,1,0,0,1,0,0,0,0,1,0,0,0,0,0,1,0,0,0,0,0,0,0,0,0,0,0,0,0,0,0,0,0
0,0,0,1,1,1,0,0,0,0,1,0,1,1,0,1,1,1,0,0,0,0,0,0,0,1,1,1,1,0,1,0,0,1,0,0,0,0,0,0,0,1,0,1,0,1,0,1,0,1,1,0,1,1,0,1,0,1,0,1,0,1,0,1,1,1,0,1,1,0,1,1,0,0,1,0,0,1,0,1,1,1,1,1,1,1,0,1,1,1,1,1,1,1,1,1,1,1,0,1,0,1,1,1,1,0,1,1,0,1,1,1,1,0,0,1,1,1,1,0,1,1,1,1,0,0,0,1,1,0,1,0,1,0,0,1,1,0,1,1,1,1,0,1,1,1,1,1,0,1,0,0,0,1,0,1,0,1,0,1,1,0,0,1,1,1,0,0,1,0,0,0,0,1,1,1,0,1,0,0,1,1,0,1,1,1,1,0,1,1,0,0,1,0,0,0,0,1,0,0,0,0,0,1,0,0,0,0,0,0,0,0,0,0,0,0,0,0,0,0,0
0,0,0,1,1,1,0,0,0,0,1,0,1,1,0,1,1,1,0,0,0,0,0,0,0,1,1,1,1,0,1,0,0,1,0,0,0,0,0,0,0,1,0,1,0,1,0,1,0,1,1,0,1,1,0,1,0,1,0,1,0,1,0,1,1,1,0,1,1,0,1,1,0,0,1,0,0,1,0,1,1,1,1,1,1,1,0,1,1,1,1,1,1,1,1,1,1,1,0,1,0,1,1,1,1,0,1,1,0,1,1,1,1,0,0,1,1,1,1,0,1,1,1,1,0,0,0,1,1,0,1,0,1,0,0,1,1,0,1,1,1,1,0,1,1,1,1,1,0,1,0,0,0,1,0,1,0,1,0,1,1,0,0,1,1,1,0,0,1,0,0,0,0,1,1,1,0,1,0,0,1,1,0,1,1,1,1,0,1,1,0,0,1,0,0,0,0,1,0,0,0,0,0,1,0,0,0,0,0,0,0,0,0,0,0,0,0,0,0,0,0
0,0,0,1,1,1,0,0,0,1,1,0,1,1,0,1,1,1,0,0,0,0,0,0,0,1,1,1,1,0,1,0,1,1,0,0,0,0,0,0,1,1,0,1,0,1,1,1,0,1,1,0,1,1,0,1,0,1,0,1,0,1,0,1,1,1,0,1,1,0,1,1,0,0,1,0,0,1,0,1,1,1,1,1,1,1,0,1,1,1,1,1,1,1,1,1,1,1,1,1,1,1,1,1,1,0,1,1,0,1,1,1,1,0,0,1,1,1,1,1,1,1,1,1,0,0,0,1,1,0,1,0,1,0,0,1,1,1,1,1,1,1,1,1,1,1,1,1,0,1,0,0,0,1,0,1,0,1,0,1,1,0,0,1,1,1,0,0,1,0,0,0,0,1,1,1,0,1,0,0,1,1,0,1,1,1,1,0,1,1,0,0,1,0,0,0,0,1,0,0,0,0,0,1,0,0,0,0,0,0,0,0,0,0,0,0,0,0,0,0,0
0,0,0,1,1,1,1,0,0,0,1,0,1,1,0,1,1,1,0,0,0,0,0,0,0,1,1,1,1,0,1,0,0,1,0,0,0,0,1,0,0,1,0,1,0,1,0,1,0,1,1,0,1,1,1,1,0,1,0,1,0,1,0,1,1,1,0,1,1,0,1,1,0,0,1,1,0,1,0,1,1,1,1,1,1,1,0,1,1,1,1,1,1,1,1,1,1,1,0,1,0,1,1,1,1,0,1,1,0,1,1,1,1,0,0,1,1,1,1,0,1,1,1,1,0,0,0,1,1,0,1,0,1,0,0,1,1,0,1,1,1,1,0,1,1,1,1,1,0,1,0,0,0,1,0,1,0,1,0,1,1,0,0,1,1,1,0,0,1,0,0,0,0,1,1,1,0,1,0,0,1,1,0,1,1,1,1,0,1,1,0,1,1,0,1,0,0,1,0,0,0,0,1,1,0,0,0,0,0,0,0,0,0,0,0,0,0,0,0,0,0
0,0,0,1,1,1,1,0,0,0,1,0,1,1,0,1,1,1,0,0,0,0,0,0,0,1,1,1,1,0,1,0,0,1,0,0,0,0,1,0,0,1,0,1,0,1,0,1,0,1,1,0,1,1,1,1,0,1,0,1,0,1,0,1,1,1,0,1,1,0,1,1,0,0,1,1,0,1,0,1,1,1,1,1,1,1,0,1,1,1,1,1,1,1,1,1,1,1,0,1,0,1,1,1,1,0,1,1,0,1,1,1,1,0,0,1,1,1,1,0,1,1,1,1,0,0,0,1,1,0,1,0,1,1,0,1,1,0,1,1,1,1,0,1,1,1,1,1,0,1,0,0,0,1,0,1,0,1,0,1,1,0,0,1,1,1,1,0,1,0,0,0,0,1,1,1,0,1,0,0,1,1,0,1,1,1,1,0,1,1,0,0,1,0,0,0,0,1,0,0,0,0,0,1,0,0,0,0,0,0,0,1,0,0,0,0,0,0,0,1,0
0,1,0,1,0,0,0,0,0,0,1,0,1,1,0,0,0,1,1,0,0,0,0,0,0,0,1,0,0,0,0,0,0,0,0,0,0,1,1,0,0,1,0,0,0,0,0,1,0,0,0,0,0,0,0,0,0,0,0,0,0,0,1,0,0,0,0,0,0,0,1,0,0,0,1,0,0,0,0,1,0,0,1,0,0,0,0,1,1,0,0,0,0,0,0,0,0,0,0,0,0,0,0,0,0,0,0,0,0,1,0,1,0,0,0,0,0,0,1,0,0,1,0,0,0,0,1,0,0,0,1,0,0,0,0,0,0,0,1,0,0,0,0,0,0,0,0,1,1,0,0,0,0,0,0,0,0,0,0,0,1,0,0,1,0,0,0,0,0,0,0,0,0,0,0,0,1,0,0,0,0,0,0,0,0,0,0,0,0,0,0,0,0,0,0,0,0,0,0,0,0,0,0,0,0,0,0,0,0,0,0,0,0,0,0,0,0,0,0,0,0
0,1,0,1,0,1,1,0,0,0,1,0,1,1,0,0,0,1,1,0,0,0,0,0,0,0,1,0,0,0,1,0,0,0,0,0,0,1,1,1,0,1,0,1,0,0,0,1,1,0,0,1,0,0,0,0,0,1,1,0,0,0,1,0,0,0,0,0,1,0,1,0,0,0,1,0,0,0,0,1,0,0,1,0,0,0,0,1,1,0,1,0,0,0,0,0,0,1,0,0,0,0,0,0,0,0,0,0,0,1,0,1,1,1,1,0,0,1,1,0,0,1,0,1,0,1,1,1,1,0,1,0,0,0,0,0,1,0,1,1,0,0,0,0,0,1,1,1,1,0,0,0,0,1,0,0,0,0,0,1,1,1,0,1,0,1,0,0,1,0,0,0,0,1,0,1,1,0,0,1,0,1,0,0,0,0,1,0,0,1,0,0,0,0,0,0,0,1,1,0,0,0,0,0,0,0,0,0,1,0,1,0,1,0,0,0,1,0,1,0,1
0,1,0,1,0,1,1,0,0,0,1,0,1,1,0,0,0,1,1,0,0,0,0,0,0,0,1,0,0,0,1,0,0,0,0,0,0,1,1,1,0,1,0,1,0,0,0,1,1,0,0,1,0,0,0,0,0,1,1,0,0,0,1,0,0,0,0,0,1,0,1,0,0,0,1,0,0,0,0,1,0,0,1,0,0,0,0,1,1,0,1,0,0,0,0,0,0,1,0,0,0,0,0,0,0,0,0,0,0,1,0,1,1,1,1,0,0,1,1,0,0,1,0,1,0,1,1,1,1,1,1,0,0,0,0,0,1,0,1,1,0,0,0,0,0,1,1,1,1,0,0,0,0,1,0,0,0,0,0,1,1,1,0,1,0,1,0,1,1,0,0,0,0,1,0,1,1,0,0,1,0,1,0,0,0,0,1,0,0,1,1,0,0,0,0,0,0,0,1,1,1,0,0,0,0,0,0,1,1,0,0,0,1,0,1,0,1,0,0,0,1
0,1,0,1,0,1,0,0,0,0,1,0,1,1,0,0,0,1,1,0,0,0,0,0,0,0,1,0,0,0,1,0,0,0,1,0,0,1,1,1,0,1,0,1,0,0,0,1,0,0,0,0,0,0,0,0,0,1,1,0,0,0,1,0,0,0,0,0,0,1,1,0,0,0,1,0,0,0,0,1,0,0,1,0,0,0,0,1,1,0,0,0,0,0,0,0,0,1,0,0,0,0,0,0,0,0,0,0,0,1,0,1,1,1,0,0,0,1,1,0,0,1,0,0,0,0,1,1,1,0,1,0,0,0,0,0,0,0,1,0,0,0,0,0,0,0,1,1,1,0,0,0,1,1,0,0,0,0,0,0,1,0,0,1,0,1,0,0,1,0,0,0,0,1,0,1,1,0,0,0,0,0,1,0,0,0,1,0,0,1,0,0,0,0,0,0,0,0,0,0,0,0,0,0,0,0,0,1,0,0,0,0,0,0,1,0,0,0,0,0,0
0,1,0,1,0,1,0,0,0,0,1,0,1,1,0,0,0,1,1,0,0,0,0,0,0,0,1,0,0,0,1,0,0,0,1,0,0,1,1,1,0,1,0,1,0,0,0,1,0,0,0,0,0,0,0,0,0,1,1,0,0,0,1,0,0,0,0,0,0,1,1,0,0,0,1,0,0,0,0,1,0,0,1,0,0,0,0,1,1,0,0,0,0,0,0,0,0,1,0,0,0,0,0,0,0,0,0,0,0,1,0,1,1,1,0,0,0,1,1,0,0,1,0,0,0,0,1,1,1,0,1,0,0,0,0,0,0,0,1,0,0,0,0,0,0,0,1,1,1,0,0,0,1,1,0,0,0,0,0,0,1,0,0,1,0,1,0,0,1,0,0,0,0,1,0,1,1,0,0,0,0,0,1,0,0,0,1,0,0,1,0,0,0,0,0,0,0,1,0,0,0,0,0,0,0,0,0,0,0,0,1,0,0,0,0,0,0,0,1,0,0
0,1,0,1,0,1,1,0,0,0,1,0,1,1,0,0,0,1,1,0,0,0,0,0,0,0,1,0,0,0,1,0,0,0,1,0,0,1,1,1,0,1,0,1,0,0,0,1,0,0,0,0,0,0,0,0,0,1,1,0,0,0,1,0,0,0,0,0,0,1,1,0,0,0,1,0,0,0,0,1,0,0,1,0,0,0,0,1,1,0,0,0,0,0,0,0,0,1,0,0,0,0,0,0,0,0,0,0,0,1,0,1,1,1,0,0,0,1,1,0,0,1,0,0,0,0,1,1,1,1,1,0,0,0,0,0,0,0,1,0,0,0,0,0,0,0,1,1,1,0,0,0,1,1,0,0,0,0,0,0,1,0,0,1,0,1,0,1,1,0,0,0,0,1,0,1,1,0,0,0,0,0,1,0,0,0,1,0,0,1,1,0,0,0,0,0,0,1,0,0,1,0,0,0,0,0,0,1,0,0,1,0,0,0,1,0,0,0,1,0,0
0,1,0,1,0,0,0,0,0,0,1,0,1,1,0,0,0,1,1,0,0,0,0,0,0,0,1,0,0,0,0,0,0,0,0,0,0,1,1,0,0,1,0,0,0,0,0,1,0,0,0,1,0,0,0,0,0,0,0,0,0,0,1,0,0,0,0,0,0,0,1,0,0,0,1,0,0,0,0,1,0,0,1,0,0,0,0,1,1,0,0,0,0,0,0,0,0,0,0,0,0,0,0,0,0,0,0,0,0,1,0,1,0,0,0,0,0,0,1,0,0,1,0,0,0,0,1,0,0,0,1,0,0,0,0,0,0,0,1,0,0,0,0,0,0,0,0,1,1,0,0,0,0,0,0,0,0,0,0,0,1,0,0,1,0,0,0,0,0,0,0,0,0,0,0,0,1,0,0,0,0,0,0,0,0,0,0,0,0,0,0,0,0,0,0,0,1,0,0,0,0,0,0,0,0,0,0,0,0,0,0,0,0,0,0,1,0,0,0,0,0
0,1,0,1,0,0,0,0,0,0,1,0,1,1,0,0,0,1,1,0,0,0,0,0,0,0,1,0,0,0,0,0,0,0,0,0,0,1,1,0,0,1,0,0,0,0,0,1,0,0,0,1,0,0,0,0,0,0,0,0,0,0,1,0,0,0,0,0,0,0,1,0,0,0,1,0,0,0,0,1,0,0,1,0,0,0,0,1,1,0,0,0,0,0,0,0,0,0,0,0,0,0,0,0,0,0,0,0,0,1,0,1,0,0,0,0,0,0,1,0,0,1,0,0,0,0,1,0,0,0,1,0,0,0,0,0,0,0,1,0,0,0,0,0,0,0,0,1,1,0,0,0,0,0,0,0,0,0,0,0,1,0,0,1,0,0,0,0,0,0,0,0,0,0,0,0,1,0,0,0,0,0,0,0,0,0,0,0,0,0,0,0,0,0,0,0,0,0,0,0,0,0,0,0,0,0,0,0,0,0,0,0,0,1,0,0,0,0,0,0,0
0,1,0,1,0,1,1,0,0,0,1,0,1,1,0,0,0,1,1,0,0,0,0,0,0,0,1,0,0,0,0,0,0,0,0,0,0,1,1,0,0,1,0,0,0,0,0,1,0,0,0,0,0,1,1,0,0,0,0,0,0,0,1,0,0,0,0,0,0,0,1,0,0,0,1,1,0,0,0,1,0,0,1,1,0,0,0,1,1,0,0,0,0,0,0,0,0,0,0,1,0,0,0,0,0,0,0,0,0,1,0,1,0,0,0,1,1,0,1,0,0,1,0,0,0,0,1,0,0,0,1,0,0,0,0,0,0,0,1,0,0,0,0,1,0,0,0,1,1,0,0,0,0,0,0,0,0,0,0,0,1,0,0,1,0,0,0,0,0,0,0,0,0,0,0,0,1,0,0,0,1,0,0,0,0,0,0,0,0,0,0,0,0,0,0,0,0,0,0,0,0,0,0,0,0,0,0,0,0,0,0,0,0,0,0,0,0,0,0,0,0
0,1,0,1,0,0,0,0,0,0,1,0,1,1,0,0,0,1,1,0,0,0,0,0,0,0,1,0,0,0,0,0,0,0,0,0,0,1,1,0,0,1,0,0,0,0,0,1,0,0,0,0,0,0,0,0,0,0,0,0,0,0,1,0,0,0,0,0,0,0,1,0,0,0,1,0,0,0,0,1,0,0,1,0,0,0,0,1,1,0,0,0,0,0,0,0,0,0,0,0,0,0,0,0,0,0,0,0,0,1,0,1,0,0,0,0,0,0,1,0,0,1,0,0,0,0,1,0,0,0,1,0,0,0,0,0,0,0,1,0,0,0,0,0,0,0,0,1,1,0,0,0,0,0,0,0,0,0,0,0,1,0,0,1,0,0,0,0,0,0,0,0,0,0,0,0,1,0,0,0,0,0,0,0,0,0,0,0,0,0,0,0,0,0,0,0,0,0,0,0,0,0,0,0,0,0,0,0,0,0,0,0,0,1,0,0,0,0,0,0,0
0,1,0,1,0,1,0,0,0,0,1,0,1,1,0,0,0,1,1,0,0,0,0,0,0,0,1,0,0,0,1,0,0,0,0,0,0,1,1,1,0,1,0,1,0,0,0,1,0,0,0,0,0,0,0,0,0,1,1,0,0,0,1,0,0,0,0,0,1,0,1,0,0,0,1,0,0,0,0,1,0,0,1,0,0,0,0,1,1,0,1,0,0,0,0,0,0,1,0,0,0,0,0,0,0,0,0,0,0,1,0,1,1,1,0,0,0,1,1,0,0,1,0,1,0,0,1,1,1,0,1,0,0,0,0,0,1,0,1,1,0,0,0,0,0,1,1,1,1,0,0,0,0,1,0,0,0,0,0,1,1,0,0,1,0,1,0,0,1,0,0,0,0,1,0,1,1,0,0,0,0,1,0,0,0,0,1,0,0,1,0,0,0,0,0,0,0,0,0,0,0,0,0,0,0,0,0,1,0,0,0,0,0,0,1,0,0,0,0,0,0
0,1,0,1,0,0,0,0,0,1,1,0,1,1,0,0,0,1,1,0,0,0,0,0,0,0,1,0,0,0,0,0,1,0,0,0,0,1,1,0,1,1,0,0,0,0,1,1,0,0,0,0,0,0,0,0,0,0,0,0,0,0,1,0,0,0,0,0,0,0,1,0,0,0,1,0,0,0,0,1,0,0,1,0,0,0,0,1,1,0,0,0,0,0,0,0,0,0,1,0,1,0,0,0,0,0,0,0,0,1,0,1,0,0,0,0,0,0,1,1,0,1,0,0,0,0,1,0,0,0,1,0,0,0,0,0,0,1,1,0,0,0,1,0,0,0,0,1,1,0,0,0,0,0,0,0,0,0,0,0,1,0,0,1,0,0,0,0,0,0,0,0,0,0,0,0,1,0,0,0,0,0,0,0,0,0,0,0,0,0,0,0,0,0,0,0,0,0,0,0,0,0,0,0,0,0,0,0,0,0,0,0,0,0,0,0,0,0,0,0,0
0,1,0,1,0,0,0,0,0,0,1,0,1,1,0,0,0,1,1,0,0,0,0,0,0,0,1,0,0,0,0,0,0,0,0,0,0,1,1,0,0,1,0,0,0,0,0,1,0,0,0,0,0,0,0,0,0,0,0,0,0,0,1,0,0,0,0,0,0,0,1,0,0,0,1,0,0,0,0,1,0,0,1,0,0,0,0,1,1,0,0,0,0,0,0,0,0,0,0,0,0,0,0,0,0,0,0,0,0,1,0,1,0,0,0,0,0,0,1,0,0,1,0,0,0,0,1,0,0,0,1,0,0,0,0,0,0,0,1,0,0,0,0,0,0,0,0,1,1,0,0,0,0,0,0,0,0,0,0,0,1,0,0,1,0,0,0,0,0,0,0,0,0,0,0,0,1,0,0,0,0,0,0,0,0,0,0,0,0,0,0,0,0,0,0,0,0,0,0,0,0,0,0,0,0,0,0,0,0,0,0,0,0,0,0,0,0,0,0,0,0
0,1,0,1,0,0,0,0,0,0,1,0,1,1,0,0,0,1,1,0,0,0,0,0,0,0,1,0,0,0,0,0,0,0,0,0,0,1,1,0,0,1,0,0,0,0,0,1,0,0,0,0,0,0,0,0,0,0,0,0,0,0,1,0,0,0,0,0,0,0,1,0,0,0,1,0,0,0,0,1,0,0,1,0,0,0,0,1,1,0,0,0,0,0,0,0,0,0,0,0,0,0,0,0,0,0,0,0,0,1,0,1,0,0,0,0,0,0,1,0,0,1,0,0,0,0,1,0,0,0,1,0,0,0,0,0,0,0,1,0,0,0,0,0,0,0,0,1,1,0,0,0,0,0,0,0,0,0,0,0,1,0,0,1,0,0,0,0,0,0,0,0,0,0,0,0,1,0,0,0,0,0,0,0,0,0,0,0,0,0,0,0,0,0,0,0,0,0,0,0,0,0,0,0,0,0,0,0,0,0,0,0,0,0,0,0,0,0,0,0,0
0,1,0,1,0,0,0,0,0,0,1,0,1,1,0,0,0,1,1,0,0,0,0,0,0,0,1,0,0,0,0,0,0,0,0,0,0,1,1,0,0,1,0,0,0,0,0,1,0,0,0,0,0,0,0,0,0,0,0,0,0,0,1,0,0,0,0,0,0,0,1,0,0,0,1,0,0,0,0,1,0,0,1,0,0,0,0,1,1,0,0,0,0,0,0,0,0,0,0,0,0,0,0,0,0,0,0,0,0,1,0,1,0,0,0,0,0,0,1,0,0,1,0,0,0,0,1,0,0,0,1,0,0,0,0,0,0,0,1,0,0,0,0,0,0,0,0,1,1,0,0,0,0,0,0,0,0,0,0,0,1,0,0,1,0,0,0,0,0,0,0,0,0,0,0,0,1,0,0,0,0,0,0,0,0,0,0,0,0,0,0,0,0,0,0,0,0,0,0,0,0,0,0,0,0,0,0,0,0,0,0,0,0,0,0,0,0,0,0,0,0
0,1,0,1,0,0,0,0,0,0,1,0,1,1,0,0,0,1,1,0,0,0,0,0,0,0,1,0,0,0,0,0,0,1,0,0,0,1,1,0,0,1,0,0,0,0,0,1,0,0,0,0,0,0,0,0,0,0,0,0,0,0,1,1,1,0,0,0,0,0,0,0,0,0,0,0,0,0,0,0,0,0,0,0,0,0,0,0,1,0,0,0,0,0,0,0,0,0,0,0,0,0,0,0,0,1,0,0,0,0,0,1,0,0,0,0,0,0,1,0,0,0,0,0,0,0,1,0,0,0,0,0,0,0,0,0,0,0,1,0,0,0,0,0,0,0,0,1,1,0,0,0,0,0,0,0,0,0,0,0,1,0,0,1,0,0,0,0,0,0,1,0,0,0,0,0,1,0,0,0,0,0,0,0,0,0,0,0,0,0,0,0,0,0,0,0,0,0,0,0,0,0,0,0,0,0,0,0,0,0,0,0,0,0,0,0,0,0,0,0,0
0,1,0,1,0,1,1,0,0,0,1,0,1,1,0,0,0,1,1,0,0,0,0,0,0,0,1,0,0,0,1,0,0,1,0,0,0,1,1,1,0,1,0,1,0,0,0,1,1,0,0,1,0,0,0,0,0,1,1,0,0,0,1,1,1,0,0,0,1,0,0,0,0,0,0,0,0,0,0,0,0,0,0,0,0,0,0,0,1,0,1,0,0,0,0,0,0,1,0,0,0,0,0,0,0,1,0,0,0,0,0,1,1,1,1,0,0,1,1,0,0,0,0,1,0,1,1,1,1,0,0,0,0,0,0,0,1,0,1,1,0,0,0,0,0,1,1,1,1,0,0,0,0,1,0,0,0,0,0,1,1,1,0,1,0,1,1,0,1,0,1,0,0,1,0,1,1,0,0,1,0,1,0,0,0,0,1,1,0,1,0,0,0,0,0,0,0,1,1,0,0,0,0,0,0,0,0,0,1,0,1,0,1,0,0,0,1,0,1,0,1
0,1,0,1,0,1,1,0,0,0,1,0,1,1,0,0,0,1,1,0,0,0,0,0,0,0,1,0,0,0,1,0,0,1,0,0,0,1,1,1,0,1,0,1,0,0,0,1,1,0,0,1,0,0,0,0,0,1,1,0,0,0,1,1,1,0,0,0,1,0,0,0,0,0,0,0,0,0,0,0,0,0,0,0,0,0,0,0,1,0,1,0,0,0,0,0,0,1,0,0,0,0,0,0,0,1,0,0,0,0,0,1,1,1,1,0,0,1,1,0,0,0,0,1,0,1,1,1,1,1,0,0,0,0,0,0,1,0,1,1,0,0,0,0,0,1,1,1,1,0,0,0,0,1,0,0,0,0,0,1,1,1,0,1,0,1,0,1,1,0,1,0,0,1,0,1,1,0,0,1,0,1,0,0,0,0,1,1,0,1,1,1,0,0,0,0,0,0,1,1,1,1,0,0,0,0,0,1,1,0,0,0,1,0,1,0,1,0,0,0,1
0,1,0,1,0,1,0,0,0,0,1,0,1,1,0,0,0,1,1,0,0,0,0,0,0,0,1,0,0,0,1,0,0,1,1,0,0,1,1,1,0,1,0,1,0,0,0,1,0,0,0,0,0,0,0,0,0,1,1,0,0,0,1,1,1,0,0,0,0,1,0,0,0,0,0,0,0,0,0,0,0,0,0,0,0,0,0,0,1,0,0,0,0,0,0,0,0,1,0,0,0,0,0,0,0,1,0,0,0,0,0,1,1,1,0,0,0,1,1,0,0,0,0,0,0,0,1,1,1,0,0,0,0,0,0,0,0,0,1,0,0,0,0,0,0,0,1,1,1,0,0,0,1,1,0,0,0,0,0,0,1,0,0,1,0,1,0,0,1,0,1,0,0,1,0,1,1,0,0,0,0,0,1,0,0,0,1,0,0,1,0,1,0,0,0,0,0,0,0,0,0,1,0,0,0,0,0,1,0,0,0,0,0,0,1,0,0,0,0,0,0
0,1,0,1,0,1,0,0,0,0,1,0,1,1,0,0,0,1,1,0,0,0,0,0,0,0,1,0,0,0,1,0,0,1,1,0,0,1,1,1,0,1,0,1,0,0,0,1,0,0,0,0,0,0,0,0,0,1,1,0,0,0,1,1,1,0,0,0,0,1,0,0,0,0,0,0,0,0,0,0,0,0,0,0,0,0,0,0,1,0,0,0,0,0,0,0,0,1,0,0,0,0,0,0,0,1,0,0,0,0,0,1,1,1,0,0,0,1,1,0,0,0,0,0,0,0,1,1,1,0,0,0,0,0,0,0,0,0,1,0,0,0,0,0,0,0,1,1,1,0,0,0,1,1,0,0,0,0,0,0,1,0,0,1,0,1,1,0,1,0,1,0,0,1,0,1,1,0,0,0,0,0,1,0,0,0,1,0,0,1,0,0,0,0,0,0,0,1,0,0,0,0,0,0,0,0,0,0,0,0,1,0,0,0,0,0,0,0,1,0,0
0,1,0,1,0,1,1,0,0,0,1,0,1,1,0,0,0,1,1,0,0,0,0,0,0,0,1,0,0,0,1,0,0,1,1,0,0,1,1,1,0,1,0,1,0,0,0,1,0,0,0,0,0,0,0,0,0,1,1,0,0,0,1,1,1,0,0,0,0,1,0,0,0,0,0,0,0,0,0,0,0,0,0,0,0,0,0,0,1,0,0,0,0,0,0,0,0,1,0,0,0,0,0,0,0,1,0,0,0,0,0,1,1,1,0,0,0,1,1,0,0,0,0,0,0,0,1,1,1,1,0,0,0,0,0,0,0,0,1,0,0,0,0,0,0,0,1,1,1,0,0,0,1,1,0,0,0,0,0,0,1,0,0,1,0,1,1,1,1,0,1,0,0,1,0,1,1,0,0,0,0,0,1,0,0,0,1,0,0,1,1,1,0,0,0,0,0,1,0,0,1,1,0,0,0,0,0,1,0,0,1,0,0,0,1,0,0,0,1,0,0
0,1,0,1,0,0,0,0,0,0,1,0,1,1,0,0,0,1,1,0,0,0,0,0,0,0,1,0,0,0,0,0,0,1,0,0,0,1,1,0,0,1,0,0,0,0,0,1,0,0,0,1,0,0,0,0,0,0,0,0,0,0,1,1,1,0,0,0,0,0,0,0,0,0,0,0,0,0,0,0,0,0,0,0,0,0,0,0,1,0,0,0,0,0,0,0,0,0,0,0,0,0,0,0,0,1,0,0,0,0,0,1,0,0,0,0,0,0,1,0,0,0,0,0,0,0,1,0,0,0,0,0,0,0,0,0,0,0,1,0,0,0,0,0,0,0,0,1,1,0,0,0,0,0,0,0,0,0,0,0,1,0,0,1,0,0,0,0,0,0,1,0,0,0,0,0,1,0,0,0,0,0,0,0,0,0,0,0,0,0,0,0,0,0,0,0,1,0,0,0,0,0,0,0,0,0,0,0,0,0,0,0,0,0,0,1,0,0,0,0,0
0,1,0,1,0,0,0,0,0,0,1,0,1,1,0,0,0,1,1,0,0,0,0,0,0,0,1,0,0,0,0,0,0,1,0,0,0,1,1,0,0,1,0,0,0,0,0,1,0,0,0,1,0,0,0,0,0,0,0,0,0,0,1,1,1,0,0,0,0,0,0,0,0,0,0,0,0,0,0,0,0,0,0,0,0,0,0,0,1,0,0,0,0,0,0,0,0,0,0,0,0,0,0,0,0,1,0,0,0,0,0,1,0,0,0,0,0,0,1,0,0,0,0,0,0,0,1,0,0,0,0,0,0,0,0,0,0,0,1,0,0,0,0,0,0,0,0,1,1,0,0,0,0,0,0,0,0,0,0,0,1,0,0,1,0,0,0,0,0,0,1,0,0,0,0,0,1,0,0,0,0,0,0,0,0,0,0,0,0,0,0,0,0,0,0,0,0,0,0,0,0,0,0,0,0,0,0,0,0,0,0,0,0,1,0,0,0,0,0,0,0
0,1,0,1,0,1,1,0,0,0,1,0,1,1,0,0,0,1,1,0,0,0,0,0,0,0,1,0,0,0,0,0,0,1,0,0,0,1,1,0,0,1,0,0,0,0,0,1,0,0,0,0,0,1,1,0,0,0,0,0,0,0,1,1,1,0,0,0,0,0,0,0,0,0,0,1,0,0,0,0,0,0,0,1,0,0,0,0,1,0,0,0,0,0,0,0,0,0,0,1,0,0,0,0,0,1,0,0,0,0,0,1,0,0,0,1,1,0,1,0,0,0,0,0,0,0,1,0,0,0,0,0,0,0,0,0,0,0,1,0,0,0,0,1,0,0,0,1,1,0,0,0,0,0,0,0,0,0,0,0,1,0,0,1,0,0,0,0,0,0,1,0,0,0,0,0,1,0,0,0,1,0,0,0,0,0,0,0,0,0,0,0,0,0,0,0,0,0,0,0,0,0,0,0,0,0,0,0,0,0,0,0,0,0,0,0,0,0,0,0,0
0,1,0,1,0,0,0,0,0,0,1,0,1,1,0,0,0,1,1,0,0,0,0,0,0,0,1,0,0,0,0,0,0,1,0,0,0,1,1,0,0,1,0,0,0,0,0,1,0,0,0,0,0,0,0,0,0,0,0,0,0,0,1,1,1,0,0,0,0,0,0,0,0,0,0,0,0,0,0,0,0,0,0,0,0,0,0,0,1,0,0,0,0,0,0,0,0,0,0,0,0,0,0,0,0,1,0,0,0,0,0,1,0,0,0,0,0,0,1,0,0,0,0,0,0,0,1,0,0,0,0,0,0,0,0,0,0,0,1,0,0,0,0,0,0,0,0,1,1,0,0,0,0,0,0,0,0,0,0,0,1,0,0,1,0,0,0,0,0,0,1,0,0,0,0,0,1,0,0,0,0,0,0,0,0,0,0,0,0,0,0,0,0,0,0,0,0,0,0,0,0,0,0,0,0,0,0,0,0,0,0,0,0,1,0,0,0,0,0,0,0
0,1,0,1,0,1,0,0,0,0,1,0,1,1,0,0,0,1,1,0,0,0,0,0,0,0,1,0,0,0,1,0,0,1,0,0,0,1,1,1,0,1,0,1,0,0,0,1,0,0,0,0,0,0,0,0,0,1,1,0,0,0,1,1,1,0,0,0,1,0,0,0,0,0,0,0,0,0,0,0,0,0,0,0,0,0,0,0,1,0,1,0,0,0,0,0,0,1,0,0,0,0,0,0,0,1,0,0,0,0,0,1,1,1,0,0,0,1,1,0,0,0,0,1,0,0,1,1,1,0,0,0,0,0,0,0,1,0,1,1,0,0,0,0,0,1,1,1,1,0,0,0,0,1,0,0,0,0,0,1,1,0,0,1,0,1,0,0,1,0,1,0,0,1,0,1,1,0,0,0,0,1,0,0,0,0,1,0,0,1,0,1,0,0,0,0,0,0,0,0,0,1,0,0,0,0,0,1,0,0,0,0,0,0,1,0,0,0,0,0,0
0,1,0,1,0,0,0,0,0,1,1,0,1,1,0,0,0,1,1,0,0,0,0,0,0,0,1,0,0,0,0,0,1,1,0,0,0,1,1,0,1,1,0,0,0,0,1,1,0,0,0,0,0,0,0,0,0,0,0,0,0,0,1,1,1,0,0,0,0,0,0,0,0,0,0,0,0,0,0,0,0,0,0,0,0,0,0,0,1,0,0,0,0,0,0,0,0,0,1,0,1,0,0,0,0,1,0,0,0,0,0,1,0,0,0,0,0,0,1,1,0,0,0,0,0,0,1,0,0,0,0,0,0,0,0,0,0,1,1,0,0,0,1,0,0,0,0,1,1,0,0,0,0,0,0,0,0,0,0,0,1,0,0,1,0,0,0,0,0,0,1,0,0,0,0,0,1,0,0,0,0,0,0,0,0,0,0,0,0,0,0,0,0,0,0,0,0,0,0,0,0,0,0,0,0,0,0,0,0,0,0,0,0,0,0,0,0,0,0,0,0
0,1,0,1,0,0,0,0,0,0,1,0,1,1,0,0,0,1,1,0,0,0,0,0,0,0,1,0,0,0,0,0,0,1,0,0,0,1,1,0,0,1,0,0,0,0,0,1,0,0,0,0,0,0,0,0,0,0,0,0,0,0,1,1,1,0,0,0,0,0,0,0,0,0,0,0,0,0,0,0,0,0,0,0,0,0,0,0,1,0,0,0,0,0,0,0,0,0,0,0,0,0,0,0,0,1,0,0,0,0,0,1,0,0,0,0,0,0,1,0,0,0,0,0,0,0,1,0,0,0,0,0,0,0,0,0,0,0,1,0,0,0,0,0,0,0,0,1,1,0,0,0,0,0,0,0,0,0,0,0,1,0,0,1,0,0,0,0,0,0,1,0,0,0,0,0,1,0,0,0,0,0,0,0,0,0,0,0,0,0,0,0,0,0,0,0,0,0,0,0,0,0,0,0,0,0,0,0,0,0,0,0,0,0,0,0,0,0,0,0,0
0,1,0,1,0,0,0,0,0,0,1,0,1,1,0,0,0,1,1,0,0,0,0,0,0,0,1,0,0,0,0,0,0,1,0,0,0,1,1,0,0,1,0,0,0,0,0,1,0,0,0,0,0,0,0,0,0,0,0,0,0,0,1,1,1,0,0,0,0,0,0,0,0,0,0,0,0,0,0,0,0,0,0,0,0,0,0,0,1,0,0,0,0,0,0,0,0,0,0,0,0,0,0,0,0,1,0,0,0,0,0,1,0,0,0,0,0,0,1,0,0,0,0,0,0,0,1,0,0,0,0,0,0,0,0,0,0,0,1,0,0,0,0,0,0,0,0,1,1,0,0,0,0,0,0,0,0,0,0,0,1,0,0,1,0,0,0,0,0,0,1,0,0,0,0,0,1,0,0,0,0,0,0,0,0,0,0,0,0,0,0,0,0,0,0,0,0,0,0,0,0,0,0,0,0,0,0,0,0,0,0,0,0,0,0,0,0,0,0,0,0
0,1,0,1,0,0,0,0,0,0,1,0,1,1,0,0,0,1,1,0,0,0,0,0,0,0,1,0,0,0,0,0,0,1,0,0,0,1,1,0,0,1,0,0,0,0,0,1,0,0,0,0,0,0,0,0,0,0,0,0,0,0,1,1,1,0,0,0,0,0,0,0,0,0,0,0,0,0,0,0,0,0,0,0,0,0,0,0,1,0,0,0,0,0,0,0,0,0,0,0,0,0,0,0,0,1,0,0,0,0,0,1,0,0,0,0,0,0,1,0,0,0,0,0,0,0,1,0,0,0,0,0,0,0,0,0,0,0,1,0,0,0,0,0,0,0,0,1,1,0,0,0,0,0,0,0,0,0,0,0,1,0,0,1,0,0,0,0,0,0,1,0,0,0,0,0,1,0,0,0,0,0,0,0,0,0,0,0,0,0,0,0,0,0,0,0,0,0,0,0,0,0,0,0,0,0,0,0,0,0,0,0,0,0,0,0,0,0,0,0,0
1,1,1,1,1,1,1,0,0,0,1,0,1,1,1,1,1,1,1,1,1,1,1,1,1,1,1,0,1,1,1,0,0,1,0,0,1,1,1,0,0,1,0,1,0,0,0,1,0,0,0,0,1,1,1,0,0,1,0,0,0,0,1,1,1,1,0,0,0,0,1,1,1,0,0,1,1,1,0,1,1,0,0,1,1,1,0,1,1,1,0,1,1,1,0,1,1,0,0,1,0,1,1,1,1,1,1,1,0,1,1,1,0,0,0,1,1,0,1,0,1,1,1,0,0,0,1,0,0,0,1,0,1,1,0,1,0,0,1,0,1,1,0,1,1,0,0,1,1,0,0,0,0,0,0,0,0,1,0,0,1,0,0,1,1,0,0,0,0,0,1,1,1,0,1,0,1,1,0,0,1,0,0,1,1,1,0,0,1,0,0,0,1,0,0,1,1,0,0,0,0,0,0,1,0,0,1,0,0,0,0,1,0,0,0,0,0,0,0,1,0
1,1,1,1,1,1,1,0,0,0,1,0,1,1,1,1,1,1,1,1,1,1,1,1,1,1,1,0,1,1,1,0,0,1,0,0,1,1,1,0,0,1,0,1,0,0,0,1,0,0,0,0,1,1,1,0,0,1,0,0,0,0,1,1,1,1,0,0,0,0,1,1,1,0,0,1,1,1,0,1,1,0,0,1,1,1,0,1,1,1,0,1,1,1,0,1,1,0,0,1,0,1,1,1,1,1,1,1,0,1,1,1,0,0,0,1,1,0,1,0,1,1,1,0,0,0,1,0,0,0,1,0,1,1,0,1,0,0,1,0,1,1,0,1,1,0,0,1,1,0,0,0,0,0,0,0,0,1,0,0,1,0,0,1,1,0,0,0,0,0,1,1,1,0,1,0,1,1,0,0,1,0,0,1,1,1,0,0,1,0,0,0,1,0,1,1,1,0,0,0,0,0,0,1,0,0,1,0,0,0,0,1,0,0,0,0,0,0,0,1,0
0,1,1,1,1,1,1,0,0,0,1,0,1,1,1,1,1,1,1,1,1,1,1,1,1,1,1,0,1,1,1,0,0,1,0,0,1,1,1,0,0,1,0,1,0,0,0,1,0,0,0,0,1,1,1,0,0,1,0,0,0,0,1,1,1,1,0,0,0,0,1,1,1,0,0,1,1,1,0,1,1,0,0,1,1,1,0,1,1,1,0,1,1,1,0,1,1,0,0,1,0,1,1,1,1,1,1,1,0,1,1,1,0,0,0,1,1,0,1,0,1,1,1,0,0,0,1,0,0,0,1,0,1,1,0,1,0,0,1,0,1,1,0,1,1,0,0,1,1,0,0,0,0,0,0,0,0,1,0,0,1,0,0,1,1,0,0,0,0,0,1,1,1,0,1,0,1,1,0,0,1,0,0,1,1,1,0,0,1,0,0,0,1,0,0,1,1,0,0,0,0,0,0,1,0,0,1,0,0,0,0,1,0,0,0,0,0,0,0,1,0
1,1,1,1,1,1,1,0,0,0,1,0,1,1,1,1,1,1,1,1,1,1,1,1,1,1,1,0,1,1,1,0,0,1,0,0,1,1,1,1,0,1,0,1,0,0,0,1,0,0,0,0,1,1,1,0,1,1,1,0,0,0,1,1,1,1,0,0,1,0,1,1,1,0,0,1,1,1,1,1,1,0,0,1,1,1,1,1,1,1,1,1,1,1,0,1,1,1,0,1,0,1,1,1,1,1,1,1,0,1,1,1,1,1,0,1,1,1,1,0,1,1,1,1,0,0,1,1,1,0,1,0,1,1,0,1,1,0,1,1,1,1,0,1,1,1,1,1,1,0,1,0,0,1,1,0,1,1,0,1,1,0,1,1,1,1,0,0,1,0,1,1,1,1,1,1,1,1,0,0,1,1,0,1,1,1,1,0,1,1,0,0,1,0,0,1,1,0,0,0,0,0,0,1,0,0,1,1,0,0,0,1,0,0,1,0,0,0,0,1,0
1,1,1,1,1,1,1,0,0,0,1,0,1,1,1,1,1,1,1,1,1,1,1,1,1,1,1,0,1,1,1,0,0,1,0,0,1,1,1,1,0,1,0,1,0,0,0,1,0,0,0,0,1,1,1,0,1,1,1,0,0,0,1,1,1,1,0,0,1,0,1,1,1,0,0,1,1,1,1,1,1,0,0,1,1,1,1,1,1,1,1,1,1,1,0,1,1,1,0,1,0,1,1,1,1,1,1,1,0,1,1,1,1,1,0,1,1,1,1,0,1,1,1,1,0,0,1,1,1,0,1,0,1,1,0,1,1,0,1,1,1,1,0,1,1,1,1,1,1,0,1,0,0,1,1,0,1,1,0,1,1,0,1,1,1,1,0,0,1,0,1,1,1,1,1,1,1,1,0,0,1,1,0,1,1,1,1,0,1,1,0,1,1,0,1,1,1,0,0,0,0,1,0,1,0,0,1,1,0,0,0,1,0,0,1,0,0,0,0,1,0
1,1,1,1,1,1,1,0,0,0,1,0,1,1,1,1,1,1,1,1,1,1,1,1,1,1,1,0,1,1,1,0,0,1,0,0,1,1,1,1,0,1,0,1,0,0,0,1,0,0,0,0,1,1,1,0,1,1,1,0,0,0,1,1,1,1,0,0,1,0,1,1,1,0,0,1,1,1,1,1,1,0,0,1,1,1,1,1,1,1,1,1,1,1,0,1,1,1,0,1,0,1,1,1,1,1,1,1,0,1,1,1,1,1,0,1,1,1,1,0,1,1,1,1,0,0,1,1,1,0,1,0,1,1,0,1,1,0,1,1,1,1,0,1,1,1,1,1,1,0,1,0,0,1,1,0,1,1,0,1,1,0,1,1,1,1,0,0,1,0,1,1,1,1,1,1,1,1,0,0,1,1,0,1,1,1,1,1,1,1,0,0,1,0,0,1,1,0,0,0,0,0,0,1,0,0,1,1,0,0,0,1,0,0,1,0,0,0,0,1,0
0,1,1,1,1,1,1,0,0,0,1,0,1,1,1,1,1,1,1,1,1,1,1,1,1,1,1,0,1,1,1,0,0,1,0,0,1,1,1,1,0,1,0,1,0,0,0,1,0,0,0,0,1,1,1,0,1,1,1,0,0,0,1,1,1,1,0,0,1,0,1,1,1,0,0,1,1,1,1,1,1,0,0,1,1,1,1,1,1,1,1,1,1,1,0,1,1,1,0,1,0,1,1,1,1,1,1,1,0,1,1,1,1,1,0,1,1,1,1,0,1,1,1,1,0,0,1,1,1,0,1,0,1,1,0,1,1,0,1,1,1,1,0,1,1,1,1,1,1,0,1,0,0,1,1,0,1,1,0,1,1,0,1,1,1,1,1,0,1,0,1,1,1,1,1,1,1,1,0,0,1,1,0,1,1,1,1,0,1,1,0,0,1,0,0,1,1,0,0,0,0,0,0,1,0,0,1,1,0,0,0,1,0,0,1,0,0,0,0,1,0
0,1,0,1,1,1,1,0,0,0,1,0,1,1,1,1,1,1,1,1,1,1,1,1,1,1,1,0,1,1,1,0,0,1,0,0,1,1,1,1,0,1,0,1,0,0,0,1,0,0,0,0,1,1,1,0,1,1,1,0,0,0,1,1,1,1,0,0,1,0,1,1,1,0,0,1,1,1,1,1,1,0,0,1,1,1,1,1,1,1,1,1,1,1,0,1,1,1,0,1,0,1,1,1,1,1,1,1,1,1,1,1,1,1,0,1,1,1,1,0,1,1,1,1,1,0,1,1,1,0,1,0,1,1,0,1,1,0,1,1,1,1,0,1,1,1,1,1,1,0,1,1,0,1,1,0,1,1,0,1,1,0,1,1,1,1,0,0,1,0,1,1,1,1,1,1,1,1,1,0,1,1,0,1,1,1,1,0,1,1,0,0,1,0,0,1,1,0,0,0,0,0,0,1,0,0,1,1,0,0,0,1,0,0,1,0,0,0,0,1,0
0,1,0,1,1,1,1,0,1,0,1,0,1,1,0,1,1,1,1,0,0,1,0,0,0,1,1,0,1,0,1,1,0,0,1,0,0,0,1,0,0,1,1,1,1,1,0,1,1,0,0,1,0,1,1,0,0,0,0,0,1,1,1,0,0,1,0,0,1,0,1,1,1,0,0,1,0,0,0,1,0,0,0,1,0,1,0,1,1,0,0,0,0,0,0,0,1,0,0,1,0,0,0,1,1,0,1,0,0,1,1,1,0,0,0,1,1,0,1,0,0,1,0,0,1,0,1,0,0,0,1,0,0,0,0,1,0,0,0,0,0,0,0,1,0,0,0,1,1,0,1,1,0,0,0,0,0,0,0,0,1,0,0,1,0,0,0,0,0,0,0,1,1,0,0,0,1,1,1,0,1,0,0,0,0,0,0,0,0,0,0,0,0,0,0,0,0,0,0,0,0,0,0,0,0,0,0,0,0,0,0,0,0,1,0,0,0,0,0,0,0
0,1,0,1,1,1,1,0,1,0,1,0,1,1,1,0,0,1,1,0,0,0,0,0,0,1,1,1,1,1,1,1,0,0,1,0,0,0,1,0,0,1,1,1,1,1,0,1,1,1,1,1,1,1,1,1,0,0,0,0,1,1,1,0,0,1,1,1,0,1,1,1,1,0,1,1,1,0,0,1,0,1,1,1,1,1,0,1,1,1,0,1,1,1,1,0,1,0,0,1,0,1,1,1,1,0,1,0,0,1,1,1,0,0,0,1,1,0,1,0,0,1,1,0,1,0,1,0,0,0,1,1,0,0,0,1,0,0,0,0,1,0,0,1,0,0,0,1,1,0,0,0,0,0,0,0,0,0,0,0,1,0,0,1,1,0,0,0,0,0,0,1,1,0,1,0,1,1,1,0,1,0,0,0,0,1,0,0,0,0,0,0,0,0,0,0,0,0,0,0,0,0,0,0,0,0,0,0,0,0,0,0,0,0,0,0,0,0,0,0,0
0,1,0,1,1,1,1,0,1,0,1,0,1,1,0,0,0,1,1,0,0,0,0,0,0,1,1,0,1,0,1,1,0,0,1,1,0,0,1,0,0,1,1,1,1,1,0,1,1,0,0,1,0,1,1,0,0,0,0,0,1,1,1,0,0,1,0,0,1,0,1,1,1,0,0,1,0,0,0,1,0,0,0,1,0,1,0,1,1,0,0,0,0,0,0,0,1,0,0,1,0,0,0,1,1,0,1,0,0,1,1,1,0,0,0,1,1,0,1,0,0,1,0,0,0,0,1,0,0,0,1,0,0,0,0,1,0,0,0,0,0,0,0,1,0,0,0,1,1,0,0,0,0,0,0,0,0,0,0,0,1,0,0,1,0,0,1,0,0,0,0,1,1,0,0,0,1,1,0,0,1,0,0,0,0,0,0,0,0,0,0,0,0,0,0,0,0,0,0,0,0,0,0,0,0,0,0,0,0,0,0,0,0,0,0,0,0,0,0,0,0
0,1,0,1,1,1,1,0,1,0,1,0,1,1,0,0,0,1,1,0,0,0,0,0,0,1,1,0,1,0,1,1,0,0,1,1,0,0,1,0,0,1,0,0,1,1,0,1,1,0,0,1,0,1,1,0,0,0,0,0,1,1,1,0,0,1,0,0,0,0,1,1,1,0,0,1,0,0,0,1,0,0,0,1,0,1,0,1,1,0,0,0,0,0,0,0,1,0,0,1,0,0,0,1,1,0,1,0,0,1,1,1,0,0,0,1,1,0,1,0,0,1,0,0,0,0,1,0,0,0,1,0,0,0,0,1,0,0,0,0,0,0,0,1,0,0,0,1,1,0,0,0,0,0,0,0,0,0,0,0,1,0,0,1,0,0,0,0,0,0,0,1,1,0,0,0,1,1,0,0,1,0,0,0,0,0,0,0,0,0,0,0,0,0,0,0,0,0,0,0,0,0,0,0,0,0,0,0,0,0,0,0,0,0,0,0,0,0,0,0,0
0,1,0,1,0,1,1,1,0,0,0,0,0,0,0,0,1,1,1,0,0,1,0,0,0,1,1,0,1,0,1,0,0,0,1,0,0,0,0,1,0,1,0,1,0,0,0,1,0,0,0,1,0,0,0,0,1,1,1,0,0,0,1,0,0,0,0,0,1,1,0,1,0,1,0,0,0,0,0,0,1,0,0,0,0,1,1,0,0,0,1,0,0,0,0,1,0,1,0,0,0,0,0,0,0,0,0,1,0,0,0,1,1,1,0,0,0,1,0,0,1,0,0,1,0,0,0,1,1,1,0,0,1,0,1,0,1,0,0,1,0,1,0,0,0,1,1,0,0,1,1,0,1,1,1,0,1,1,1,1,0,0,1,0,0,1,0,1,1,1,0,1,1,1,0,1,0,0,0,0,0,1,1,1,1,0,1,0,1,1,1,0,1,1,0,1,1,1,0,1,1,0,0,1,1,0,0,1,0,0,1,0,0,0,1,0,0,0,1,0,0
0,1,0,1,1,1,1,1,1,0,1,0,1,1,1,0,0,1,1,0,0,0,0,0,0,1,1,0,1,0,1,1,0,0,1,0,0,0,1,1,0,1,1,1,1,1,0,1,1,0,0,1,0,1,1,0,0,0,0,0,1,1,1,0,0,1,0,0,0,1,1,1,1,0,0,1,0,0,0,1,0,0,0,1,0,1,0,1,1,0,0,0,0,0,0,0,1,0,0,1,0,0,0,1,1,0,1,0,0,1,1,1,0,0,0,1,1,0,1,0,0,1,0,0,1,1,1,0,0,0,1,0,0,0,0,1,0,0,0,0,0,0,0,1,0,0,0,1,1,0,0,0,1,0,0,0,0,0,0,0,1,0,0,1,0,0,1,0,0,0,0,1,1,0,0,0,1,1,1,0,1,0,0,0,0,0,0,0,0,0,0,0,0,0,0,0,0,0,0,0,0,0,0,0,0,0,0,0,0,0,0,0,0,0,0,0,0,0,0,0,0
0,1,0,1,0,1,1,1,0,0,0,0,0,0,0,0,1,1,1,0,0,1,0,0,0,1,1,0,1,0,1,0,0,0,1,0,0,0,0,1,0,0,0,1,0,0,0,1,1,0,0,1,0,0,0,0,1,1,1,0,0,0,0,0,0,0,0,0,1,1,0,1,0,1,0,0,0,0,0,0,1,0,0,0,0,1,1,0,0,0,1,0,0,0,0,1,0,1,0,0,0,0,0,0,0,0,0,1,0,0,0,1,1,1,0,0,0,1,0,0,1,0,0,1,0,0,0,1,1,1,0,0,1,0,1,0,1,0,0,1,0,1,0,0,0,1,1,0,0,1,1,0,1,1,1,0,1,1,1,1,0,0,1,0,0,1,0,1,1,1,0,0,1,1,0,1,0,0,0,0,0,1,1,1,1,0,1,0,1,1,1,0,1,1,0,1,1,1,0,1,1,0,0,1,1,0,0,1,0,0,1,0,0,0,1,0,0,0,1,0,0
0,1,0,1,0,1,1,1,0,0,0,0,0,0,0,0,1,1,1,0,0,1,0,0,0,1,1,0,1,0,1,0,0,0,0,0,0,0,0,1,0,1,0,1,0,0,0,1,0,0,0,1,0,0,0,0,1,1,1,0,0,0,1,0,0,0,0,0,1,0,0,1,0,1,0,0,0,0,0,0,1,0,0,0,0,1,1,0,0,0,1,0,0,0,0,1,0,1,0,0,0,0,0,0,0,0,0,1,0,0,0,1,1,1,0,0,0,1,0,0,1,0,0,1,0,0,0,1,1,1,0,0,1,0,1,0,1,0,0,1,0,1,0,0,0,1,1,0,0,1,1,0,0,1,1,0,1,1,1,1,0,0,1,0,0,1,0,1,1,1,0,1,1,1,0,1,0,0,0,0,0,1,0,1,1,0,1,0,1,1,1,0,1,1,0,1,1,1,0,1,1,0,0,1,1,0,0,1,0,0,1,0,0,0,1,0,0,0,1,0,0
0,1,0,1,0,1,1,1,0,0,0,0,0,0,0,0,1,1,1,0,0,1,0,0,0,1,1,0,1,0,1,0,0,0,0,0,0,0,0,1,0,0,0,1,0,0,0,1,1,0,0,1,0,0,0,0,1,1,1,0,0,0,0,0,0,0,0,0,1,0,0,1,0,1,0,0,0,0,0,0,1,0,0,0,0,1,1,0,0,0,1,0,0,0,0,1,0,1,0,0,0,0,0,0,0,0,0,1,0,0,0,1,1,1,0,0,0,1,0,0,1,0,0,1,0,0,0,1,1,1,0,0,1,0,1,0,1,0,0,1,0,1,0,0,0,1,1,0,0,1,1,0,0,1,1,0,1,1,1,1,0,0,1,0,0,1,0,1,1,1,0,0,1,1,0,1,0,0,0,0,0,1,0,1,1,0,1,0,1,1,1,0,1,1,0,1,1,1,0,1,1,0,0,1,1,0,0,1,0,0,1,0,0,0,1,0,0,0,1,0,0
0,1,0,0,0,1,1,1,0,0,1,0,0,1,0,1,1,1,1,1,1,1,1,1,1,1,1,0,1,1,1,0,0,0,0,0,0,0,1,1,0,1,1,1,1,1,0,1,1,1,1,1,0,1,1,0,1,1,1,1,1,1,1,0,0,1,1,1,1,0,1,0,1,0,1,1,0,0,0,1,0,1,1,1,0,0,0,1,1,1,1,1,0,0,1,0,1,1,0,1,0,1,0,1,1,0,1,0,0,1,1,1,1,1,1,1,1,1,1,0,0,1,0,1,0,1,0,1,1,0,1,1,0,0,0,1,1,0,0,1,0,0,0,1,0,1,1,1,0,0,1,0,0,1,1,0,0,0,0,1,1,1,1,1,0,1,1,0,1,0,0,0,0,1,0,1,1,1,0,1,1,1,0,0,0,0,1,1,0,1,0,1,0,0,0,1,1,1,1,0,0,1,1,0,0,0,1,1,1,1,1,0,1,0,1,0,1,1,1,0,1
0,1,0,0,0,1,1,1,0,0,1,0,0,1,0,1,1,1,1,1,1,1,1,1,1,1,1,0,1,1,1,0,0,0,0,0,0,0,1,1,0,1,1,1,1,1,0,1,1,1,1,1,0,1,1,0,1,1,1,1,1,1,1,0,0,1,1,1,1,0,1,0,1,0,1,1,0,0,0,1,0,1,1,1,0,0,0,1,1,1,1,1,0,0,1,0,1,1,0,1,0,1,0,1,1,0,1,0,0,1,1,1,1,1,1,1,1,1,1,0,0,1,0,1,0,1,0,1,1,0,1,1,0,0,0,1,1,0,0,1,0,0,0,1,0,1,1,1,0,0,1,0,0,1,1,0,0,0,0,1,1,1,1,1,0,1,1,0,1,0,0,0,0,1,0,1,1,1,0,1,1,1,0,0,0,0,1,1,0,1,0,1,0,0,0,1,1,1,1,0,0,1,1,0,0,0,1,1,1,1,1,0,1,0,1,1,1,1,1,0,1
0,1,0,0,0,1,1,1,0,0,1,0,0,1,0,1,1,1,1,1,1,1,1,1,1,1,1,0,1,1,1,0,0,0,0,0,0,0,1,1,0,1,1,1,1,1,0,1,1,1,1,1,0,1,1,0,1,1,1,1,1,1,1,0,0,1,1,1,1,0,1,0,1,0,1,1,0,0,0,1,0,1,1,1,0,0,0,1,1,1,1,1,0,0,1,0,1,1,0,1,0,1,0,1,1,0,1,0,0,1,1,1,1,1,1,1,1,1,1,0,0,1,0,1,0,1,0,1,1,0,1,1,0,0,0,1,1,0,0,1,0,0,0,1,0,1,1,1,0,0,1,0,0,1,1,0,0,0,0,1,1,1,1,1,0,1,1,0,1,0,0,0,0,1,0,1,1,1,0,1,1,1,0,0,0,0,1,1,0,1,0,1,0,0,0,1,1,1,1,0,0,1,1,0,0,0,1,1,1,1,1,0,1,0,1,0,1,1,1,0,1
0,1,0,0,0,1,1,1,0,0,1,0,0,1,0,1,1,1,1,1,1,1,1,1,1,1,1,0,1,1,1,0,0,0,0,0,0,0,1,1,0,1,1,1,1,1,0,1,1,1,1,1,0,1,1,0,1,1,1,1,1,1,1,0,0,1,1,1,1,0,1,0,1,0,1,1,0,0,0,1,0,1,1,1,0,0,0,1,1,1,1,1,0,0,1,0,1,1,0,1,0,1,0,1,1,0,1,0,0,1,1,1,1,1,1,1,1,1,1,0,0,1,0,1,0,1,0,1,1,0,1,1,0,0,0,1,1,0,0,1,0,0,0,1,0,1,1,1,0,0,1,0,0,1,1,0,0,0,0,1,1,1,1,1,0,1,1,0,1,0,0,0,0,1,0,1,1,1,0,1,1,1,0,0,0,0,1,1,0,1,0,1,0,0,0,1,1,1,1,0,0,1,1,0,0,0,1,1,1,1,1,0,1,1,1,0,1,1,1,0,1
0,1,0,0,0,1,1,1,0,0,1,0,0,1,0,1,1,1,1,1,1,1,1,1,1,1,1,0,1,1,1,0,0,0,0,0,1,0,1,1,0,1,1,1,1,1,0,1,1,1,1,1,0,1,1,0,1,1,1,1,1,1,1,0,0,1,1,1,1,0,1,0,1,0,1,1,0,0,0,1,0,1,1,1,0,0,0,1,1,1,1,1,0,0,1,0,1,1,0,1,0,1,0,1,1,0,1,0,0,1,1,1,1,1,1,1,1,1,1,0,0,1,0,1,0,1,0,1,1,0,1,1,0,0,0,1,1,0,0,1,0,0,0,1,0,1,1,1,0,0,1,0,0,1,1,0,0,0,0,1,1,1,1,1,0,1,1,0,1,0,0,0,0,1,0,1,1,1,0,1,1,1,0,0,0,0,1,1,0,1,0,1,0,0,0,1,1,1,1,0,0,1,1,0,0,0,1,1,1,1,1,0,1,1,1,0,1,1,1,0,1
0,1,0,0,0,1,1,1,0,0,1,0,0,1,0,1,1,1,1,1,1,1,1,1,1,1,1,0,1,1,1,0,0,0,0,0,0,0,1,1,0,1,1,1,1,1,0,1,1,1,1,1,0,1,1,0,1,1,1,1,1,1,1,0,0,1,1,1,1,0,1,0,1,0,1,1,0,0,0,1,0,1,1,1,0,0,0,1,1,1,1,1,0,0,1,0,1,1,0,1,0,1,0,1,1,0,1,0,0,1,1,1,1,1,1,1,1,1,1,0,0,1,0,1,0,1,0,1,1,0,1,1,0,0,0,1,1,0,0,1,0,0,0,1,0,1,1,1,0,0,1,0,0,1,1,0,0,0,0,1,1,1,1,1,0,1,1,0,1,0,0,0,0,1,0,1,1,1,0,1,1,1,0,0,0,0,1,1,0,1,0,1,0,0,0,1,1,1,1,0,0,1,1,0,0,0,1,1,1,1,1,0,1,0,1,1,1,1,1,0,1
0,1,0,0,0,1,1,1,0,0,1,0,0,1,0,1,1,1,1,1,1,1,1,1,1,1,1,0,1,1,1,0,0,0,0,0,0,0,1,1,0,1,1,1,1,1,0,1,1,1,1,1,0,1,1,0,1,1,1,1,1,1,1,0,0,1,1,1,1,0,1,0,1,0,1,1,0,0,0,1,0,1,1,1,0,0,0,1,1,1,1,1,0,0,1,0,1,1,0,1,0,1,0,1,1,0,1,0,0,1,1,1,1,1,1,1,1,1,1,0,0,1,0,1,0,1,0,1,1,0,1,1,0,0,0,1,1,0,0,1,0,0,0,1,0,1,1,1,0,0,1,0,0,1,1,0,0,0,0,1,1,1,1,1,0,1,1,0,1,0,0,0,0,1,0,1,1,1,0,1,1,1,0,0,0,0,1,1,0,1,0,1,0,0,0,1,1,1,1,0,0,1,1,0,0,0,1,1,1,1,1,0,1,0,1,0,1,1,1,0,1
0,1,0,0,0,1,1,1,0,0,1,0,0,1,0,1,1,1,1,1,1,1,1,1,1,1,1,0,1,1,1,0,0,0,0,0,0,0,1,1,0,1,1,1,1,1,0,1,1,1,1,1,0,1,1,0,1,1,1,1,1,1,1,0,0,1,1,1,1,0,1,0,1,0,1,1,0,0,0,1,0,1,1,1,0,0,0,1,1,1,1,1,0,0,1,0,1,1,0,1,0,1,0,1,1,0,1,0,0,1,1,1,1,1,1,1,1,1,1,0,0,1,0,1,0,1,0,1,1,0,1,1,0,0,0,1,1,0,0,1,0,0,0,1,0,1,1,1,0,0,1,0,0,1,1,0,0,0,0,1,1,1,1,1,0,1,1,0,1,0,0,0,0,1,0,1,1,1,0,1,1,1,0,0,0,0,1,1,0,1,0,1,0,0,0,1,1,1,1,0,0,1,1,0,0,0,1,1,1,1,1,0,1,0,1,0,1,1,1,0,1
0,1,0,0,0,1,1,1,0,0,1,0,0,1,0,1,1,1,1,1,1,1,1,1,1,1,1,0,1,1,1,0,0,0,0,0,0,0,1,1,0,1,1,1,1,1,0,1,1,1,1,1,0,1,1,0,1,1,1,1,1,1,1,0,0,1,1,1,1,0,1,0,1,0,1,1,0,0,0,1,0,1,1,1,0,0,0,1,1,1,1,1,0,0,1,0,1,1,0,1,0,1,0,1,1,0,1,0,0,1,1,1,1,1,1,1,1,1,1,0,0,1,0,1,0,1,0,1,1,0,1,1,0,0,0,1,1,0,0,1,0,0,0,1,0,1,1,1,0,0,1,0,0,1,1,0,0,0,0,1,1,1,1,1,0,1,1,0,1,0,0,0,0,1,0,1,1,1,0,1,1,1,0,0,0,0,1,1,0,1,0,1,0,0,0,1,1,1,1,0,0,1,1,0,0,0,1,1,1,1,1,0,1,0,1,0,1,1,1,0,1
0,1,0,1,0,1,1,1,0,0,1,0,0,1,0,1,1,1,1,1,1,1,1,1,1,1,1,0,1,1,1,0,0,0,0,0,0,0,1,1,0,1,1,1,1,1,0,1,1,1,1,1,0,1,1,0,1,1,1,1,1,1,1,0,0,1,1,1,1,0,1,0,1,0,1,1,0,0,0,1,0,1,1,1,0,0,0,1,1,1,1,1,0,0,1,0,1,1,0,1,0,1,0,1,1,0,1,0,0,1,1,1,1,1,1,1,1,1,1,0,0,1,0,1,0,1,0,1,1,0,1,1,0,0,0,1,1,0,0,1,0,0,0,1,0,1,1,1,0,0,1,0,0,1,1,0,0,0,0,1,1,1,1,1,0,1,1,0,1,0,0,0,0,1,0,1,1,1,0,1,1,1,0,0,0,0,1,1,0,1,0,1,0,0,0,1,1,1,1,0,0,1,1,0,0,0,1,1,1,1,1,0,1,0,1,0,1,1,1,0,1
0,1,0,0,0,1,1,1,1,0,1,0,0,1,0,1,1,1,1,1,1,1,1,1,1,1,1,0,1,1,1,1,0,0,0,0,0,0,1,1,0,1,1,1,1,1,0,1,1,1,1,1,0,1,1,0,1,1,1,1,1,1,1,0,0,1,1,1,1,0,1,0,1,0,1,1,0,0,0,1,0,1,1,1,0,0,0,1,1,1,1,1,0,0,1,0,1,1,0,1,0,1,0,1,1,0,1,0,0,1,1,1,1,1,1,1,1,1,1,0,0,1,0,1,0,1,0,1,1,0,1,1,0,0,0,1,1,0,0,1,0,0,0,1,0,1,1,1,0,0,1,0,0,1,1,0,0,0,0,1,1,1,1,1,0,1,1,0,1,0,0,0,0,1,0,1,1,1,0,1,1,1,0,0,0,0,1,1,0,1,0,1,0,0,0,1,1,1,1,0,0,1,1,0,0,0,1,1,1,1,1,0,1,0,1,0,1,1,1,0,1
0,1,0,1,0,1,1,1,0,0,1,0,0,1,0,1,1,1,1,1,1,1,1,1,1,1,1,0,1,1,1,0,0,0,0,0,0,0,1,1,0,1,1,1,1,1,0,1,1,1,1,1,0,1,1,0,1,1,1,1,1,1,1,0,0,1,1,1,1,0,1,0,1,0,1,1,0,0,0,1,0,1,1,1,0,0,0,1,1,1,1,1,0,0,1,0,1,1,0,1,0,1,0,1,1,0,1,0,0,1,1,1,1,1,1,1,1,1,1,0,0,1,0,1,0,1,0,1,1,0,1,1,0,0,0,1,1,0,0,1,0,0,0,1,0,1,1,1,0,0,1,0,0,1,1,0,0,0,0,1,1,1,1,1,0,1,1,0,1,0,0,0,0,1,0,1,1,1,0,1,1,1,0,0,0,0,1,1,0,1,0,1,0,0,0,1,1,1,1,0,0,1,1,0,0,0,1,1,1,1,1,0,1,0,1,0,1,1,1,0,1
0,1,0,0,0,1,1,1,0,1,1,0,0,1,0,1,1,1,1,1,1,1,1,1,1,1,1,0,1,1,1,0,1,0,0,0,0,0,1,1,1,1,1,1,1,1,1,1,1,1,1,1,0,1,1,0,1,1,1,1,1,1,1,0,0,1,1,1,1,0,1,0,1,0,1,1,0,0,0,1,0,1,1,1,0,0,0,1,1,1,1,1,0,0,1,0,1,1,1,1,1,1,0,1,1,0,1,0,0,1,1,1,1,1,1,1,1,1,1,1,0,1,0,1,0,1,0,1,1,0,1,1,0,0,0,1,1,1,0,1,0,0,1,1,0,1,1,1,0,0,1,0,0,1,1,0,0,0,0,1,1,1,1,1,0,1,1,0,1,0,0,0,0,1,0,1,1,1,0,1,1,1,0,0,0,0,1,1,0,1,0,1,0,0,0,1,1,1,1,0,0,1,1,0,0,0,1,1,1,1,1,0,1,0,1,0,1,1,1,0,1
0,1,0,0,0,1,1,1,0,1,1,0,0,1,0,1,1,1,1,1,1,1,1,1,1,1,1,0,1,1,1,0,1,0,0,0,0,0,1,1,1,1,1,1,1,1,1,1,1,1,1,1,0,1,1,0,1,1,1,1,1,1,1,0,0,1,1,1,1,0,1,0,1,0,1,1,0,0,0,1,0,1,1,1,0,0,0,1,1,1,1,1,0,0,1,0,1,1,1,1,1,1,0,1,1,0,1,0,0,1,1,1,1,1,1,1,1,1,1,1,0,1,0,1,0,1,0,1,1,0,1,1,0,0,0,1,1,1,0,1,0,0,1,1,0,1,1,1,0,0,1,0,0,1,1,0,0,0,0,1,1,1,1,1,0,1,1,0,1,0,0,0,0,1,0,1,1,1,0,1,1,1,0,0,0,0,1,1,0,1,0,1,0,0,0,1,1,1,1,0,0,1,1,0,0,0,1,1,1,1,1,0,1,0,1,0,1,1,1,0,1
0,1,0,0,0,1,1,1,0,1,1,0,0,1,0,1,1,1,1,1,1,1,1,1,1,1,1,0,1,1,1,0,1,0,0,0,0,0,1,1,1,1,1,1,1,1,1,1,1,1,1,1,0,1,1,0,1,1,1,1,1,1,1,0,0,1,1,1,1,0,1,0,1,0,1,1,0,0,0,1,0,1,1,1,0,0,0,1,1,1,1,1,0,0,1,0,1,1,1,1,1,1,0,1,1,0,1,0,0,1,1,1,1,1,1,1,1,1,1,1,0,1,0,1,0,1,0,1,1,0,1,1,0,0,0,1,1,1,0,1,0,0,1,1,0,1,1,1,0,0,1,0,0,1,1,0,0,0,0,1,1,1,1,1,0,1,1,0,1,0,0,0,0,1,0,1,1,1,0,1,1,1,0,0,0,0,1,1,0,1,0,1,0,0,0,1,1,1,1,0,0,1,1,0,0,0,1,1,1,1,1,0,1,0,1,0,1,1,1,0,1
0,1,0,0,0,1,1,1,0,0,1,0,0,1,0,1,1,1,1,1,1,1,1,1,1,1,1,0,1,1,1,0,0,0,0,0,0,0,1,1,0,1,1,1,1,1,0,1,1,1,1,1,0,1,1,0,1,1,1,1,1,1,1,0,0,1,1,1,1,0,1,1,1,0,1,1,0,0,1,1,1,1,1,1,0,0,1,1,1,1,1,1,0,0,1,1,1,1,0,1,0,1,0,1,1,0,1,1,0,1,1,1,1,1,1,1,1,1,1,0,1,1,0,1,0,1,0,1,1,0,1,1,1,0,0,1,1,0,0,1,0,1,0,1,0,1,1,1,0,0,1,0,0,1,1,0,0,1,0,1,1,1,1,1,0,1,1,0,1,0,0,0,0,1,0,1,1,1,0,1,1,1,0,1,1,0,1,1,1,1,0,1,1,0,0,1,1,1,1,0,0,1,1,1,0,0,1,1,1,1,1,0,1,1,1,0,1,1,1,0,1
0,1,0,1,0,1,1,1,0,0,1,0,0,1,0,1,1,1,1,1,1,1,1,1,1,1,1,0,1,1,1,0,0,0,0,0,0,0,1,1,0,1,1,1,1,1,0,1,1,1,1,1,0,1,1,0,1,1,1,1,1,1,1,0,0,1,1,1,1,0,1,0,1,0,1,1,0,0,0,1,0,1,1,1,0,0,0,1,1,1,1,1,0,0,1,0,1,1,0,1,0,1,0,1,1,0,1,0,0,1,1,1,1,1,1,1,1,1,1,0,0,1,0,1,0,1,0,1,1,0,1,1,0,0,0,1,1,0,0,1,0,0,0,1,0,1,1,1,0,0,1,0,0,1,1,0,0,0,0,1,1,1,1,1,0,1,1,0,1,0,0,0,0,1,0,1,1,1,0,1,1,1,0,0,0,0,1,1,0,1,0,1,0,0,0,1,1,1,1,0,0,1,1,0,0,0,1,1,1,1,1,0,1,1,1,0,1,1,1,0,1
0,1,0,0,0,1,1,1,0,0,1,0,0,1,0,1,1,1,1,1,1,1,1,1,1,1,1,0,1,1,1,0,0,0,0,0,0,0,1,1,0,1,1,1,1,1,0,1,1,1,1,1,0,1,1,0,1,1,1,1,1,1,1,0,0,1,1,1,1,0,1,0,1,0,1,1,0,0,0,1,0,1,1,1,0,0,0,1,1,1,1,1,0,0,1,0,1,1,0,1,0,1,0,1,1,0,1,0,0,1,1,1,1,1,1,1,1,1,1,0,0,1,0,1,0,1,0,1,1,0,1,1,0,0,0,1,1,0,0,1,0,0,0,1,0,1,1,1,0,0,1,0,0,1,1,0,0,0,0,1,1,1,1,1,0,1,1,0,1,0,0,0,0,1,0,1,1,1,0,1,1,1,0,0,0,0,1,1,0,1,0,1,0,0,0,1,1,1,1,0,0,1,1,0,0,0,1,1,1,1,1,0,1,0,1,0,1,1,1,0,1
0,1,0,0,0,1,1,1,0,0,1,0,0,1,0,1,1,1,1,1,1,1,1,1,1,1,1,0,1,1,1,0,0,0,0,0,0,0,1,1,0,1,1,1,1,1,0,1,1,1,1,1,0,1,1,0,1,1,1,1,1,1,1,0,0,1,1,1,1,0,1,0,1,0,1,1,0,0,0,1,0,1,1,1,0,0,0,1,1,1,1,1,0,0,1,0,1,1,0,1,0,1,0,1,1,0,1,0,0,1,1,1,1,1,1,1,1,1,1,0,0,1,0,1,0,1,0,1,1,0,1,1,0,0,0,1,1,0,0,1,0,0,0,1,0,1,1,1,0,0,1,0,0,1,1,0,0,0,0,1,1,1,1,1,0,1,1,0,1,0,0,0,0,1,0,1,1,1,0,1,1,1,0,0,0,0,1,1,0,1,0,1,0,0,0,1,1,1,1,0,0,1,1,0,0,0,1,1,1,1,1,0,1,1,1,0,1,1,1,0,1
0,1,0,0,0,1,1,1,0,0,1,0,0,1,0,1,1,1,1,1,1,1,1,1,1,1,1,0,1,1,1,0,0,0,0,0,0,0,1,1,0,1,1,1,1,1,0,1,1,1,1,1,0,1,1,0,1,1,1,1,1,1,1,0,0,1,1,1,1,0,1,0,1,0,1,1,0,0,0,1,0,1,1,1,0,0,0,1,1,1,1,1,0,0,1,0,1,1,0,1,0,1,0,1,1,0,1,0,0,1,1,1,1,1,1,1,1,1,1,0,0,1,0,1,0,1,0,1,1,0,1,1,0,0,0,1,1,0,0,1,0,0,0,1,0,1,1,1,0,0,1,0,0,1,1,0,0,0,0,1,1,1,1,1,0,1,1,0,1,0,0,0,0,1,0,1,1,1,0,1,1,1,0,0,0,0,1,1,0,1,1,1,0,0,0,1,1,1,1,1,1,1,1,0,0,0,1,1,1,1,1,0,1,0,1,0,1,1,1,0,1
0,1,0,0,0,1,1,1,0,0,1,0,0,1,0,1,1,1,1,1,1,1,1,1,1,1,1,0,1,1,1,0,0,0,0,0,0,0,1,1,0,1,1,1,1,1,0,1,1,1,1,1,0,1,1,0,1,1,1,1,1,1,1,0,0,1,1,1,1,0,1,0,1,0,1,1,0,0,0,1,0,1,1,1,0,0,0,1,1,1,1,1,0,0,1,0,1,1,0,1,0,1,0,1,1,0,1,0,0,1,1,1,1,1,1,1,1,1,1,0,0,1,0,1,0,1,0,1,1,0,1,1,0,0,0,1,1,0,0,1,0,0,0,1,0,1,1,1,0,0,1,0,0,1,1,0,0,0,0,1,1,1,1,1,0,1,1,0,1,0,0,0,0,1,0,1,1,1,0,1,1,1,0,0,0,0,1,1,0,1,0,1,0,0,0,1,1,1,1,0,0,1,1,0,0,0,1,1,1,1,1,0,1,1,1,1,1,1,1,0,1
0,1,0,0,0,1,1,1,0,0,1,0,0,1,0,1,1,1,1,1,1,1,1,1,1,1,1,0,1,1,1,0,0,0,0,0,0,0,1,1,0,1,1,1,1,1,0,1,1,1,1,1,0,1,1,0,1,1,1,1,1,1,1,0,0,1,1,1,1,0,1,0,1,0,1,1,0,0,0,1,0,1,1,1,0,0,0,1,1,1,1,1,0,0,1,0,1,1,0,1,0,1,0,1,1,0,1,0,0,1,1,1,1,1,1,1,1,1,1,0,0,1,0,1,0,1,0,1,1,0,1,1,0,0,0,1,1,0,0,1,0,0,0,1,0,1,1,1,0,0,1,0,0,1,1,0,0,0,0,1,1,1,1,1,0,1,1,0,1,0,0,0,0,1,0,1,1,1,0,1,1,1,0,0,0,0,1,1,0,1,0,1,0,0,0,1,1,1,1,0,0,1,1,0,0,0,1,1,1,1,1,0,1,0,1,0,1,1,1,0,1
0,1,0,0,0,1,1,0,0,0,0,0,0,0,0,0,1,1,1,0,0,1,0,0,0,1,1,0,1,0,1,0,0,0,0,0,0,0,0,1,0,1,1,1,0,0,0,1,1,0,0,0,0,0,0,0,0,1,1,0,0,0,1,0,0,0,0,0,1,0,0,1,0,1,0,0,0,0,0,0,1,0,0,0,0,0,0,0,0,0,1,0,0,0,0,1,0,1,0,0,0,0,0,0,0,0,0,1,0,0,0,1,1,1,0,0,0,1,0,0,1,0,0,1,0,0,0,1,1,0,0,0,1,0,1,0,1,0,0,1,0,1,0,0,0,1,1,0,0,0,1,0,0,1,1,0,0,1,1,1,0,0,1,0,0,1,0,0,1,1,0,0,0,1,0,1,1,0,0,0,0,1,0,1,1,0,1,0,1,1,0,1,1,0,0,1,1,1,1,0,0,1,0,1,0,0,0,0,1,0,1,0,0,0,0,0,1,0,1,0,0
0,1,0,0,0,1,1,0,0,1,0,0,0,0,0,0,1,1,1,0,0,1,0,0,0,1,1,0,1,0,1,0,1,0,0,0,0,0,0,1,1,1,1,1,0,0,1,1,1,0,0,0,0,0,0,0,0,1,1,0,0,0,1,0,0,0,0,0,1,0,0,1,0,1,0,0,0,0,0,0,1,0,0,0,0,0,0,0,0,0,1,0,0,0,0,1,0,1,1,0,1,0,0,0,0,0,0,1,0,0,0,1,1,1,0,0,0,1,0,1,1,0,0,1,0,0,0,1,1,0,0,0,1,0,1,0,1,1,0,1,0,1,1,0,0,1,1,0,0,0,1,0,0,1,1,0,0,1,1,1,0,0,1,0,0,1,0,0,1,1,0,0,0,1,0,1,1,0,0,0,0,1,0,1,1,0,1,0,1,1,0,1,1,0,0,1,1,1,1,0,0,1,0,1,0,0,0,0,1,0,1,0,0,0,0,0,1,0,1,0,0
1,1,0,1,1,1,0,0,0,0,1,0,1,1,0,1,1,1,1,0,0,1,0,0,0,1,1,0,1,0,1,0,0,1,0,0,1,1,1,0,0,1,0,1,1,1,0,1,0,1,1,1,0,1,1,0,0,0,0,1,1,1,1,1,1,1,0,1,0,0,1,1,1,0,1,1,0,1,0,1,1,1,1,1,0,1,0,1,1,1,0,1,0,0,1,0,1,0,0,1,0,1,0,1,1,1,1,1,1,1,1,1,0,0,0,1,1,0,1,0,0,1,0,0,0,0,1,0,0,0,1,1,1,0,0,1,0,0,0,0,0,0,0,1,0,0,0,1,1,0,0,0,0,0,0,0,0,0,0,0,1,0,0,1,0,0,0,0,0,0,1,1,1,0,0,0,1,1,0,0,1,0,0,0,0,0,0,0,1,0,0,0,1,0,1,1,1,0,0,0,0,0,0,1,0,0,1,0,0,0,0,1,0,0,0,0,0,0,0,1,0
1,1,0,1,1,1,0,0,0,0,1,0,1,1,0,0,0,1,1,0,0,0,0,0,0,1,1,0,1,0,1,0,0,1,0,0,1,1,1,0,0,1,0,1,1,1,0,1,0,1,1,1,0,1,1,0,0,0,0,1,1,1,1,1,1,1,0,1,0,0,1,1,1,0,1,1,0,1,0,1,1,1,1,1,0,1,0,1,1,1,0,1,0,0,1,0,1,0,0,1,0,1,0,1,1,1,1,1,1,1,1,1,0,0,0,1,1,0,1,0,0,1,0,0,0,0,1,0,0,0,1,1,1,0,0,1,0,0,0,0,0,0,0,1,0,0,0,1,1,0,0,0,0,0,0,0,0,0,0,0,1,0,0,1,0,0,0,0,0,0,1,1,1,0,0,0,1,1,0,0,1,0,0,0,0,0,0,0,1,0,0,0,1,0,1,1,1,0,0,0,0,0,0,1,0,0,1,0,0,0,0,1,0,0,0,0,0,0,0,1,0
1,1,0,1,1,1,0,0,0,0,1,0,1,1,0,1,1,1,0,1,1,1,0,0,0,1,1,0,0,0,1,0,0,1,0,0,1,1,1,0,0,1,0,1,1,1,0,1,0,1,1,1,0,1,1,0,0,0,0,1,1,1,1,1,1,1,0,1,0,0,1,1,1,0,1,1,0,1,0,1,1,1,1,1,0,1,0,1,1,1,0,1,0,0,1,0,1,0,0,1,0,1,0,1,1,1,1,1,1,1,1,1,0,0,0,1,1,0,1,0,0,1,0,0,0,0,1,0,0,0,1,1,1,0,0,1,0,0,0,0,0,0,0,1,0,0,0,1,1,0,0,0,0,0,0,0,0,0,0,0,1,0,0,1,0,0,0,0,0,0,1,1,1,0,0,0,1,1,0,0,1,0,0,0,0,0,0,0,1,0,0,0,1,0,1,1,1,0,0,0,0,0,0,1,0,0,1,0,0,0,0,1,0,0,0,0,0,0,0,1,0
0,1,0,1,0,1,1,0,0,0,0,0,0,0,0,1,1,1,1,0,0,1,1,1,0,0,1,0,1,0,1,0,0,1,0,0,1,0,0,1,0,1,0,1,0,0,0,1,1,0,0,1,0,0,0,0,0,1,1,1,0,0,1,1,1,0,0,0,1,0,0,1,0,0,0,0,0,1,0,0,1,0,0,0,0,1,0,0,1,0,1,0,0,0,0,1,0,1,0,0,0,0,0,0,0,1,0,1,0,0,0,1,1,1,0,0,0,1,1,0,1,0,0,1,0,0,0,1,1,0,0,0,1,0,0,0,1,0,0,1,0,1,0,0,0,1,1,1,0,0,0,0,0,1,0,0,0,1,0,1,1,0,0,1,0,1,0,0,1,0,1,1,1,1,0,1,1,0,0,0,0,1,0,1,1,0,1,0,1,1,0,0,1,0,0,1,1,1,1,0,0,0,0,1,0,0,1,1,1,1,0,0,0,1,1,1,1,1,0,0,0
1,1,1,1,1,1,1,1,1,0,1,0,1,1,1,1,1,1,1,1,1,1,0,1,0,1,1,1,1,1,1,1,0,1,0,0,1,0,1,0,0,1,1,1,1,1,0,1,1,1,1,1,1,1,1,1,0,1,0,1,1,1,0,1,1,1,0,1,1,0,1,1,1,0,1,1,1,1,0,1,1,1,1,1,1,1,0,1,1,1,1,1,1,1,1,1,1,1,0,1,0,1,1,1,1,1,1,1,0,1,1,1,1,0,0,1,1,1,1,0,1,1,1,1,1,1,1,1,0,0,1,1,1,1,1,1,1,0,1,1,1,0,0,1,1,1,0,1,1,1,1,1,0,0,1,1,0,0,1,1,1,0,1,1,1,0,1,0,0,1,1,1,1,0,1,0,1,1,0,1,1,1,0,0,0,1,0,0,0,0,0,0,0,0,0,1,1,0,0,0,0,0,0,0,0,0,0,0,0,0,0,1,0,0,0,0,0,0,0,1,0
0,1,0,1,1,1,1,0,1,0,1,0,1,1,1,1,1,1,1,1,1,1,0,1,0,1,1,1,1,1,1,1,0,1,0,0,1,0,1,0,0,1,1,1,1,1,0,1,1,1,1,1,1,1,1,1,0,1,0,1,1,1,0,1,1,1,0,1,1,0,1,1,1,0,1,1,1,1,0,1,1,1,1,1,1,1,0,1,1,1,1,1,1,1,1,1,1,1,0,1,0,1,1,1,1,1,1,1,0,1,1,1,1,0,0,1,1,0,1,0,1,1,1,1,0,0,1,0,0,0,1,1,1,1,1,1,1,0,1,0,1,0,0,1,1,0,0,1,1,1,1,0,0,0,1,1,0,0,1,1,1,0,1,1,1,1,1,0,1,1,1,1,1,0,1,1,1,1,0,0,1,0,0,0,0,1,0,1,0,0,0,0,0,0,0,1,1,0,0,0,0,0,0,0,0,0,0,0,0,0,0,1,0,0,0,0,0,0,0,1,0
0,1,0,1,1,1,1,0,1,0,1,0,1,1,1,1,1,1,1,1,1,1,0,1,0,1,1,1,1,1,1,1,0,1,0,0,1,0,1,0,0,1,1,1,1,1,0,1,1,1,1,0,1,1,1,1,0,1,0,1,1,1,0,1,1,1,0,1,1,0,1,1,1,0,1,1,1,1,0,1,1,1,1,1,1,1,0,1,1,1,1,1,1,1,1,1,1,1,0,1,0,1,1,1,1,0,1,1,0,1,1,1,1,0,0,1,1,0,1,0,1,1,1,1,0,0,1,0,0,0,1,1,1,1,1,1,1,0,1,0,1,0,0,1,1,0,0,1,1,1,1,0,0,0,1,1,0,0,1,1,1,0,1,1,1,1,1,0,1,1,1,1,0,0,1,1,1,1,0,0,1,0,0,0,0,1,0,1,0,0,0,0,0,0,0,1,1,0,0,0,0,0,0,0,0,0,0,0,0,0,0,1,0,0,0,0,0,0,0,1,0
1,1,1,1,1,1,1,0,1,1,1,0,1,1,1,1,1,1,1,1,1,1,0,1,0,1,1,1,1,1,1,1,1,1,0,0,1,0,1,0,1,1,1,1,1,1,1,1,1,1,1,1,1,1,1,1,0,1,0,1,1,1,0,1,1,1,0,1,1,0,1,1,1,0,1,1,1,1,0,1,1,1,1,1,1,1,0,1,1,1,1,1,1,1,1,1,1,1,1,1,1,1,1,1,1,1,1,1,0,1,1,1,1,0,0,1,1,0,1,1,1,1,1,1,0,0,1,0,0,0,1,1,1,1,1,1,1,1,1,0,1,0,1,1,1,0,0,1,1,1,1,0,0,0,1,1,0,0,1,1,1,0,1,1,1,1,1,0,1,1,1,1,1,0,1,1,1,1,0,0,1,0,0,0,0,1,0,1,0,0,0,0,0,0,0,1,1,0,0,0,0,0,0,0,0,0,0,0,0,0,0,1,0,0,0,0,0,0,0,1,0
1,1,1,1,1,1,1,0,1,0,1,0,1,1,1,1,1,1,1,1,1,1,0,1,0,1,1,1,1,1,1,1,0,1,0,0,1,0,1,0,0,1,1,1,1,1,0,1,1,1,1,1,1,1,1,1,0,1,0,1,1,1,0,1,1,1,0,1,1,0,1,1,1,0,1,1,1,1,0,1,1,1,1,1,1,1,0,1,1,1,1,1,1,1,1,1,1,1,0,1,0,1,1,1,1,1,1,1,0,1,1,1,1,0,0,1,1,0,1,0,1,1,1,1,0,0,1,0,0,0,1,1,1,1,1,1,1,0,1,0,1,0,0,1,1,0,0,1,1,1,1,0,0,0,1,1,0,0,1,1,1,0,1,1,1,1,1,0,1,1,1,1,1,0,1,1,1,1,0,0,1,0,0,0,0,1,0,1,0,0,0,0,0,0,0,1,1,0,0,0,0,0,0,0,0,0,0,0,0,0,0,1,0,0,0,0,0,0,0,1,0
1,1,1,1,1,1,1,0,1,0,1,0,1,1,1,1,1,1,1,1,1,1,0,1,0,1,1,1,1,1,1,1,0,1,0,0,1,0,1,0,0,1,1,1,1,1,0,1,1,1,1,1,1,1,1,1,0,1,0,1,1,1,0,1,1,1,0,1,1,0,1,1,1,0,1,1,1,1,0,1,1,1,1,1,1,1,0,1,1,1,1,1,1,1,1,1,1,1,0,1,0,1,1,1,1,1,1,1,0,1,1,1,1,0,0,1,1,0,1,0,1,1,1,1,0,0,1,0,0,0,1,1,1,1,1,1,1,0,1,0,1,0,0,1,1,0,0,1,1,1,1,0,0,0,1,1,0,0,1,1,1,0,1,1,1,1,1,0,0,1,1,1,1,0,1,0,1,1,0,0,1,0,0,0,0,1,1,1,0,0,0,1,0,0,0,1,1,0,0,0,0,1,0,0,0,0,0,0,0,0,0,1,0,0,0,0,0,0,0,1,0
1,1,1,1,1,1,1,1,1,0,1,0,1,1,1,1,1,1,1,1,1,1,0,1,0,1,1,1,1,1,1,1,0,1,0,0,1,0,1,1,0,1,1,1,1,1,0,1,1,1,1,1,1,1,1,1,0,1,1,1,1,1,0,1,1,1,0,1,1,0,1,1,1,0,1,1,1,1,0,1,1,1,1,1,1,1,0,1,1,1,1,1,1,1,1,1,1,1,0,1,0,1,1,1,1,1,1,1,0,1,1,1,1,1,0,1,1,1,1,0,1,1,1,1,0,0,1,1,1,0,1,1,1,1,1,1,1,0,1,1,1,0,0,1,1,1,1,1,1,1,1,0,0,1,1,1,0,0,1,1,1,0,1,1,1,1,1,0,1,1,1,1,1,1,1,1,1,1,0,0,1,1,0,0,0,1,1,1,0,1,0,0,0,0,0,1,1,1,1,0,0,0,0,0,0,0,0,0,1,0,0,1,0,0,0,0,1,0,0,1,0
1,1,1,1,1,1,1,1,1,0,1,0,1,1,1,1,1,1,1,1,1,1,0,1,0,1,1,1,1,1,1,1,0,1,0,0,1,0,1,1,0,1,1,1,1,1,0,1,1,1,1,1,1,1,1,1,0,1,1,1,1,1,0,1,1,1,0,1,1,0,1,1,1,0,1,1,1,1,0,1,1,1,1,1,1,1,0,1,1,1,1,1,1,1,1,1,1,1,0,1,0,1,1,1,1,1,1,1,0,1,1,1,1,1,0,1,1,1,1,0,1,1,1,1,0,0,1,1,1,0,1,1,1,1,1,1,1,0,1,1,1,0,0,1,1,1,1,1,1,1,1,0,0,1,1,1,0,0,1,1,1,0,1,1,1,1,1,0,1,1,1,1,1,1,1,1,1,1,0,0,1,1,0,0,0,1,1,1,0,1,0,1,0,0,0,1,1,1,1,0,0,1,0,0,0,0,0,0,1,0,0,1,0,0,0,0,1,0,0,1,0
1,1,1,1,1,1,1,1,1,1,1,0,1,1,1,1,1,1,1,1,1,1,0,1,0,1,1,1,1,1,1,1,1,1,0,0,1,0,1,0,1,1,1,1,1,1,1,1,1,1,1,1,1,1,1,1,0,1,0,1,1,1,0,1,1,1,0,1,1,0,1,1,1,0,1,1,1,1,0,1,1,1,1,1,1,1,0,1,1,1,1,1,1,1,1,1,1,1,1,1,1,1,1,1,1,1,1,1,0,1,1,1,1,0,0,1,1,1,1,1,1,1,1,1,1,1,1,1,0,0,1,1,1,1,1,1,1,1,1,1,1,0,1,1,1,1,0,1,1,1,1,1,0,0,1,1,0,0,1,1,1,0,1,1,1,0,1,0,0,1,1,1,1,0,1,0,1,1,0,1,1,1,0,0,0,1,0,0,0,0,0,0,0,0,0,1,1,0,0,0,0,0,0,0,0,0,0,0,0,0,0,1,0,0,0,0,0,0,0,1,0
1,1,1,1,1,1,1,1,1,0,1,0,1,1,1,1,1,1,1,1,1,1,0,1,0,1,1,1,1,1,1,1,0,1,0,0,1,0,1,0,0,1,1,1,1,1,0,1,1,1,1,1,1,1,1,1,0,1,0,1,1,1,0,1,1,1,0,1,1,0,1,1,1,0,1,1,1,1,0,1,1,1,1,1,1,1,0,1,1,1,1,1,1,1,1,1,1,1,0,1,0,1,1,1,1,1,1,1,0,1,1,1,1,0,0,1,1,1,1,0,1,1,1,1,1,1,1,1,0,0,1,1,1,1,1,1,1,0,1,1,1,0,0,1,1,1,0,1,1,1,1,1,0,0,1,1,0,0,1,1,1,0,1,1,1,0,1,0,0,1,1,1,1,0,1,0,1,1,0,1,1,1,0,0,0,1,0,0,0,0,0,0,0,0,0,1,1,0,0,0,0,0,0,0,0,0,0,0,0,0,0,1,0,0,0,0,0,0,0,1,0
0,0,0,1,1,1,1,0,1,0,1,0,1,1,0,1,1,0,0,0,0,0,0,0,0,1,1,1,0,0,1,1,0,1,0,0,1,0,0,0,0,1,0,1,0,1,0,1,1,1,1,1,1,1,0,1,0,1,0,1,0,1,0,1,1,1,0,1,1,0,1,1,0,0,1,0,1,1,0,1,1,1,1,1,1,1,0,1,1,1,1,1,1,1,1,1,1,1,0,1,0,1,1,1,1,0,1,1,0,1,1,1,1,0,0,1,1,0,1,0,1,1,1,1,0,0,0,0,0,0,1,1,1,1,1,1,1,0,1,0,1,0,0,1,0,0,0,1,0,0,0,0,0,0,0,0,0,0,1,1,1,0,0,1,1,0,1,0,0,1,1,1,0,0,1,0,1,1,0,0,1,0,0,0,0,1,0,0,0,0,0,0,0,0,0,0,0,0,0,0,0,0,0,0,0,0,0,0,0,0,0,0,0,0,0,0,0,0,0,0,0
1,1,1,1,1,1,1,1,1,0,1,0,1,1,1,1,1,1,1,1,1,1,0,1,0,1,1,1,1,1,1,1,0,1,0,0,1,0,1,1,0,1,1,1,1,1,0,1,1,1,1,1,1,1,1,1,0,1,1,1,1,1,0,1,1,1,0,1,1,0,1,1,1,0,1,1,1,1,0,1,1,1,1,1,1,1,0,1,1,1,1,1,1,1,1,1,1,1,0,1,0,1,1,1,1,1,1,1,0,1,1,1,1,1,0,1,1,1,1,0,1,1,1,1,1,1,1,1,1,0,1,1,1,1,1,1,1,0,1,1,1,0,0,1,1,1,1,1,1,1,1,1,0,1,1,1,0,0,1,1,1,0,1,1,1,1,1,0,1,1,1,1,1,1,1,1,1,1,0,1,1,1,0,0,0,1,1,1,0,1,0,0,0,0,0,1,1,1,1,0,0,0,0,0,0,0,0,0,1,0,0,1,0,0,0,0,1,0,0,1,0
1,1,1,1,1,1,1,0,1,0,1,0,1,1,0,1,1,1,1,1,1,1,0,1,0,1,1,1,1,1,1,1,0,1,0,0,1,0,1,0,0,1,1,1,1,1,0,1,1,1,1,0,1,1,1,1,0,1,0,1,1,1,0,1,1,1,0,1,1,0,1,1,1,0,1,1,1,1,0,1,1,1,1,1,1,1,0,1,1,1,1,1,1,1,1,1,1,1,0,1,0,1,1,1,1,1,1,1,0,1,1,1,1,0,0,1,1,0,1,0,1,1,1,1,0,0,0,0,0,0,1,1,1,1,1,1,1,0,1,0,1,0,0,1,1,0,0,1,0,1,1,0,0,0,1,1,0,0,1,1,1,0,1,1,1,1,1,0,0,1,1,1,1,0,1,0,1,1,0,0,1,0,0,0,0,1,0,0,0,0,0,0,0,0,0,1,1,0,0,0,0,0,0,0,0,0,0,0,0,0,0,1,0,0,0,0,0,0,0,1,0
1,1,1,1,1,1,1,0,1,0,1,0,1,1,0,1,1,1,1,1,1,1,0,1,0,1,1,1,1,1,1,1,0,1,0,0,1,0,1,0,0,1,1,1,1,1,0,1,1,1,1,0,1,1,1,1,0,1,0,1,1,1,0,1,1,1,0,1,1,0,1,1,1,0,1,1,1,1,0,1,1,1,1,1,1,1,0,1,1,1,1,1,1,1,1,1,1,1,0,1,0,1,1,1,1,1,1,1,0,1,1,1,1,0,0,1,1,0,1,0,1,1,1,1,0,0,0,0,0,0,1,1,1,1,1,1,1,0,1,0,1,0,0,1,1,0,0,1,0,1,1,0,0,0,1,1,0,0,1,1,1,0,1,1,1,1,1,0,0,1,1,1,1,0,1,0,1,1,0,0,1,0,0,0,0,1,0,0,1,0,0,0,0,0,0,1,1,0,0,0,0,0,0,0,0,0,0,0,0,0,0,1,0,0,0,0,0,0,0,1,0
1,1,0,1,1,1,1,0,1,0,1,0,1,1,0,1,1,1,1,1,1,1,0,1,0,1,1,1,1,1,1,1,0,1,0,0,1,0,1,0,0,1,1,1,1,1,0,1,1,1,1,1,1,1,1,1,0,1,0,1,1,1,0,1,1,1,0,1,1,0,1,1,1,0,1,1,1,1,0,1,1,1,1,1,1,1,0,1,1,1,1,1,1,1,1,1,1,1,0,1,0,1,1,1,1,1,1,1,0,1,1,1,1,0,0,1,1,0,1,0,1,1,1,1,0,0,0,0,0,0,1,1,0,1,1,1,1,0,1,0,1,0,0,1,1,0,0,1,0,1,1,0,0,0,1,1,0,0,1,1,1,0,1,1,1,1,1,0,0,1,1,1,1,0,1,0,1,1,0,0,1,0,0,0,0,1,0,0,0,0,0,0,0,0,0,1,1,0,0,0,0,0,0,0,0,0,0,0,0,0,0,1,0,0,0,0,0,0,0,1,0
1,1,0,1,1,1,1,0,1,0,1,0,1,1,0,1,1,1,1,1,1,1,0,1,0,1,1,1,1,1,1,1,0,1,0,0,1,0,1,0,0,1,1,1,1,1,0,1,1,1,1,1,1,1,1,1,0,1,0,1,1,1,0,1,1,1,0,1,1,0,1,1,1,0,1,1,1,1,0,1,1,1,1,1,1,1,0,1,1,1,1,1,1,1,1,1,1,1,0,1,0,1,1,1,1,1,1,1,1,1,1,1,1,0,0,1,1,0,1,0,1,1,1,1,0,0,1,0,0,0,1,1,0,1,1,1,1,0,1,0,1,0,0,1,1,0,0,1,1,1,1,0,0,0,1,1,0,0,1,1,1,0,1,1,1,1,1,0,0,1,1,1,1,0,1,0,1,1,0,0,1,0,0,0,0,1,0,0,0,0,0,0,0,0,0,1,1,0,0,0,0,0,0,0,0,0,0,0,0,0,0,1,0,0,0,0,0,0,0,1,0
1,1,0,1,1,1,1,0,1,1,1,0,1,1,0,1,1,1,1,1,1,1,0,1,0,1,1,1,1,1,1,1,1,1,0,0,1,0,1,0,1,1,1,1,1,1,1,1,1,1,1,1,1,1,1,1,0,1,0,1,1,1,0,1,1,1,0,1,1,0,1,1,1,0,1,1,1,1,0,1,1,1,1,1,1,1,0,1,1,1,1,1,1,1,1,1,1,1,1,1,1,1,1,1,1,1,1,1,1,1,1,1,1,0,0,1,1,0,1,1,1,1,1,1,0,0,1,0,0,0,1,1,0,1,1,1,1,1,1,0,1,0,1,1,1,0,0,1,1,1,1,0,0,0,1,1,0,0,1,1,1,0,1,1,1,1,1,0,0,1,1,1,1,0,1,0,1,1,0,0,1,0,0,0,0,1,0,0,0,0,0,0,0,0,0,1,1,0,0,0,0,0,0,0,0,0,0,0,0,0,0,1,0,0,0,0,0,0,0,1,0
1,1,1,1,1,1,1,1,1,0,1,0,1,1,0,1,1,1,1,1,1,1,0,1,0,1,1,1,1,1,1,1,0,1,0,0,1,0,1,1,0,1,1,1,1,1,0,1,1,1,1,1,1,1,1,1,0,1,1,1,1,1,0,1,1,1,0,1,1,0,1,1,1,0,1,1,1,1,0,1,1,1,1,1,1,1,0,1,1,1,1,1,1,1,1,1,1,1,0,1,0,1,1,1,1,1,1,1,1,1,1,1,1,1,0,1,1,1,1,0,1,1,1,1,0,0,1,1,1,0,1,1,0,1,1,1,1,0,1,1,1,0,0,1,1,1,1,1,1,1,1,0,0,1,1,1,0,0,1,1,1,0,1,1,1,1,1,0,1,1,1,1,1,1,1,1,1,1,0,0,1,1,0,0,0,1,1,1,0,1,0,0,0,0,0,1,1,1,1,0,0,0,0,0,0,0,0,0,1,0,0,1,0,0,0,0,1,0,0,1,0
1,1,1,1,1,1,1,0,1,0,1,0,1,1,0,1,1,1,1,1,1,1,0,1,0,1,1,1,1,1,1,1,0,1,0,0,1,0,1,0,0,1,1,1,1,1,0,1,1,1,1,1,1,1,1,1,0,1,0,1,1,1,0,1,1,1,0,1,1,0,1,1,1,0,1,1,1,1,0,1,1,1,1,1,1,1,0,1,1,1,1,1,1,1,1,1,1,1,0,1,0,1,1,1,1,1,1,1,1,1,1,1,1,0,0,1,1,0,1,0,1,1,1,1,0,0,1,0,0,0,1,1,0,1,1,1,1,0,1,0,1,0,0,1,1,0,0,1,1,1,1,0,0,0,1,1,0,0,1,1,1,0,1,1,1,1,1,0,0,1,1,1,1,0,1,0,1,1,0,0,1,0,0,0,0,1,0,0,0,0,0,0,0,0,0,1,1,0,0,0,0,0,0,0,0,0,0,0,0,0,0,1,0,0,0,0,0,0,0,1,0
1,1,1,1,1,1,1,0,1,0,1,0,1,1,0,1,1,1,1,1,1,1,0,1,0,1,1,1,1,1,1,1,0,1,0,0,1,0,1,0,0,1,1,1,1,1,0,1,1,1,1,1,1,1,1,1,0,1,0,1,1,1,0,1,1,1,0,1,1,0,1,1,1,0,1,1,1,1,0,1,1,1,1,1,1,1,0,1,1,1,1,1,1,1,1,1,1,1,0,1,0,1,1,1,1,1,1,1,1,1,1,1,1,0,0,1,1,0,1,0,1,1,1,1,0,0,1,0,0,0,1,1,0,1,1,1,1,0,1,0,1,0,0,1,1,0,0,1,1,1,1,0,0,0,1,1,0,0,1,1,1,0,1,1,1,1,1,0,0,1,1,1,1,0,1,0,1,1,0,0,1,0,0,0,0,1,0,0,0,0,0,0,0,0,0,1,1,0,0,0,0,0,0,0,0,0,0,0,0,0,0,1,0,0,0,0,0,0,0,1,0
1,1,0,1,1,1,1,0,1,0,1,0,1,1,0,1,1,1,1,1,1,1,0,1,0,1,1,1,1,1,1,1,0,1,0,0,1,0,1,0,0,1,1,1,1,1,0,1,1,1,1,0,1,1,1,1,0,1,0,1,1,1,0,1,1,1,0,1,1,0,1,1,1,0,1,1,1,1,0,1,1,1,1,1,1,1,0,1,1,1,1,1,1,1,1,1,1,1,0,1,0,1,1,1,1,1,1,1,1,1,1,1,1,0,0,1,1,0,1,0,1,1,1,1,0,0,1,0,0,0,1,1,0,1,1,1,1,0,1,0,1,0,0,1,1,0,0,1,1,1,1,0,0,0,1,1,0,0,1,1,1,0,1,1,1,1,1,0,0,1,1,1,0,0,1,0,1,1,0,0,1,0,0,0,0,1,0,0,0,0,0,0,0,0,0,1,1,0,0,0,0,0,0,0,0,0,0,0,0,0,0,1,0,0,0,0,0,0,0,1,0
1,1,1,1,1,1,1,0,1,0,1,0,1,1,0,1,1,1,1,1,1,1,0,1,0,1,1,1,1,1,1,1,0,1,0,0,1,0,1,0,0,1,1,1,1,1,0,1,1,1,1,1,1,1,1,1,0,1,0,1,1,1,0,1,1,1,0,1,1,0,1,1,1,0,1,1,1,1,0,1,1,1,1,1,1,1,0,1,1,1,1,1,1,1,1,1,1,1,0,1,0,1,1,1,1,1,1,1,1,1,1,1,1,0,0,1,1,0,1,0,1,1,1,1,0,0,1,0,0,0,1,1,0,1,1,1,1,0,1,0,1,0,0,1,1,0,0,1,1,1,1,0,0,0,1,1,0,0,1,1,1,0,1,1,1,1,1,0,0,1,1,1,1,0,1,0,1,1,0,0,1,0,0,0,0,1,0,0,0,0,0,0,0,0,0,1,1,0,0,0,0,0,0,0,0,0,0,0,0,0,0,1,0,0,0,0,0,0,0,1,0
1,1,1,1,1,1,1,0,1,0,1,0,1,1,0,1,1,1,1,1,1,1,0,1,0,1,1,1,1,1,1,1,0,1,0,0,1,0,1,0,0,1,1,1,1,1,0,1,1,1,1,1,1,1,1,1,0,1,0,1,1,1,0,1,1,1,0,1,1,0,1,1,1,0,1,1,1,1,0,1,1,1,1,1,1,1,0,1,1,1,1,1,1,1,1,1,1,1,0,1,0,1,1,1,1,1,1,1,1,1,1,1,1,0,0,1,1,0,1,0,1,1,1,1,0,0,1,0,0,0,1,1,0,1,1,1,1,0,1,0,1,0,0,1,1,0,0,1,1,1,1,0,0,0,1,1,0,0,1,1,1,0,1,1,1,1,1,0,0,1,1,1,1,0,1,0,1,1,0,0,1,0,0,0,0,1,0,0,0,0,0,0,0,0,0,1,1,0,0,0,0,0,0,0,0,0,0,0,0,0,0,1,0,0,0,0,0,0,0,1,0
0,1,0,1,1,1,1,0,1,0,1,0,1,1,0,1,1,1,1,1,1,1,0,1,0,1,1,1,1,1,1,1,0,1,0,0,0,0,1,0,0,1,0,1,1,1,0,1,1,1,1,1,1,1,1,1,0,1,0,1,1,1,0,1,1,1,0,1,1,0,1,1,1,0,1,1,1,1,0,1,1,1,1,1,1,1,0,1,1,1,1,1,1,1,1,1,1,1,0,1,0,1,1,1,1,1,1,1,1,1,1,1,1,0,0,1,1,0,1,0,1,1,1,1,0,0,1,0,0,0,1,1,0,1,1,1,1,0,1,0,1,0,0,1,1,0,0,1,1,0,0,0,0,0,0,1,0,0,1,1,1,0,0,1,1,0,1,0,0,1,1,1,1,0,1,0,1,1,0,0,1,0,0,0,0,1,0,0,0,0,0,0,0,0,0,1,1,0,0,0,0,0,0,0,0,0,0,0,0,0,0,1,0,0,0,0,0,0,0,1,0
1,1,1,1,1,1,1,0,1,0,1,0,1,1,0,1,1,1,1,1,1,1,0,1,0,1,1,1,1,1,1,1,0,1,0,0,1,0,1,0,0,1,1,1,1,1,0,1,1,1,1,1,1,1,1,1,0,1,0,1,1,1,0,1,1,1,0,1,1,0,1,1,1,0,1,1,1,1,0,1,1,1,1,1,1,1,0,1,1,1,1,1,1,1,1,1,1,1,0,1,0,1,1,1,1,1,1,1,1,1,1,1,1,0,0,1,1,0,1,0,1,1,1,1,0,0,1,0,0,0,1,1,0,1,1,1,1,0,1,0,1,0,0,1,1,0,0,1,1,1,1,0,0,0,1,1,0,0,1,1,1,0,1,1,1,1,1,0,0,1,1,1,1,0,1,0,1,1,0,0,1,0,0,0,0,1,0,0,0,0,0,0,0,0,0,1,1,0,0,0,0,0,0,0,0,0,0,0,0,0,0,1,0,0,0,0,0,0,0,1,0
1,1,1,1,1,1,1,0,1,0,1,0,1,1,0,1,1,1,1,1,1,1,0,1,0,1,1,1,1,1,1,1,0,1,0,0,1,0,1,0,0,1,1,1,1,1,0,1,1,1,1,1,1,1,1,1,0,1,0,1,1,1,0,1,1,1,0,1,1,0,1,1,1,0,1,1,1,1,0,1,1,1,1,1,1,1,0,1,1,1,1,1,1,1,1,1,1,1,0,1,0,1,1,1,1,1,1,1,1,1,1,1,1,0,0,1,1,0,1,0,1,1,1,1,0,0,1,0,0,0,1,1,0,1,1,1,1,0,1,0,1,0,0,1,1,0,0,1,1,1,1,0,0,0,1,1,0,0,1,1,1,0,1,1,1,1,1,0,0,1,1,1,1,0,1,0,1,1,0,0,1,0,0,0,0,1,1,0,0,0,0,0,0,0,0,1,1,0,0,0,0,0,0,0,0,0,0,0,0,0,0,1,0,0,0,0,0,0,0,1,0
1,1,1,1,1,1,1,0,1,0,1,0,1,1,0,1,1,1,1,1,1,1,0,1,0,1,1,1,1,1,1,1,0,1,0,1,0,0,1,0,0,1,1,1,1,1,0,1,1,1,1,1,1,1,1,1,0,1,0,1,1,1,0,1,1,1,0,1,1,0,1,1,1,0,1,1,1,1,0,1,1,1,1,1,1,1,0,1,1,1,1,1,1,1,1,1,1,1,0,1,0,1,1,1,1,1,1,1,1,1,1,1,1,0,0,1,1,0,1,0,1,1,1,1,0,0,1,0,0,0,1,1,0,1,1,1,1,0,1,0,1,0,0,1,1,0,0,1,1,1,1,0,0,0,1,1,0,0,1,1,1,0,1,1,1,0,1,0,0,1,1,1,1,0,1,0,1,1,0,0,1,0,0,0,0,1,0,0,0,0,0,0,0,0,0,1,1,0,0,0,0,0,0,0,0,0,0,0,0,0,0,1,0,0,0,0,0,0,0,1,0
1,1,0,1,1,1,1,0,1,0,1,0,1,1,0,1,1,1,1,1,1,1,0,1,0,1,1,1,1,1,1,1,0,1,0,0,0,0,1,1,0,1,1,1,1,1,0,1,1,1,1,1,1,1,1,1,0,1,0,1,1,1,0,1,1,1,0,1,1,0,1,1,1,0,1,1,1,1,0,1,1,1,1,1,1,1,0,1,1,1,1,1,1,1,1,1,1,1,0,1,0,1,1,1,1,1,1,1,1,1,1,1,1,0,0,1,1,0,1,0,1,1,1,1,0,0,1,0,0,0,1,1,0,1,1,1,1,0,1,0,1,0,0,1,1,0,0,1,1,1,1,0,0,0,1,1,0,0,1,1,1,0,1,1,1,0,1,0,0,1,1,1,1,0,1,0,1,1,0,0,1,0,0,0,0,1,0,0,0,0,0,0,0,0,0,1,1,0,0,0,0,0,0,0,0,0,0,0,0,0,0,1,0,0,0,0,0,0,0,1,0
1,1,0,1,1,1,1,0,1,0,1,0,1,1,0,1,1,1,1,1,1,1,0,1,0,1,1,1,1,1,1,1,0,1,0,0,1,0,1,0,0,1,1,1,1,1,0,1,1,1,1,1,1,1,1,1,0,1,0,1,1,1,0,1,1,1,0,1,1,0,1,1,1,0,1,1,1,1,0,1,1,1,1,1,1,1,0,1,1,1,1,1,1,1,1,1,1,1,0,1,0,1,1,1,1,1,1,1,1,1,1,1,1,0,0,1,1,0,1,0,1,1,1,1,0,0,1,0,0,0,1,1,0,1,1,1,1,0,1,0,1,0,0,1,1,0,0,1,1,1,1,0,0,0,1,1,0,0,1,1,1,0,1,1,1,0,1,0,0,1,1,1,1,0,1,0,1,1,0,0,1,0,0,0,0,1,0,0,0,0,0,0,0,0,0,1,1,0,0,0,0,0,0,0,0,0,0,0,0,0,0,1,0,0,0,0,0,0,0,1,0
1,1,0,1,0,1,1,0,0,1,0,0,0,0,0,1,1,1,1,0,0,1,1,1,1,1,1,0,1,0,1,0,1,1,1,0,1,0,1,1,1,1,0,1,1,1,1,1,1,0,0,1,0,1,1,0,0,1,1,1,1,1,0,1,1,1,0,1,1,1,1,1,1,0,0,1,0,1,0,1,1,0,0,1,0,1,0,1,1,1,1,1,0,0,0,0,1,1,1,1,1,1,0,0,1,1,1,1,0,1,1,1,1,1,1,1,1,1,1,1,0,1,0,1,0,1,0,1,1,0,1,1,1,0,0,1,1,1,1,1,0,0,1,1,1,1,1,1,0,0,0,0,1,1,0,1,0,0,0,1,1,1,0,1,0,1,0,0,1,0,1,1,1,1,0,1,1,1,0,1,1,1,1,0,0,0,1,1,1,1,0,1,0,0,1,1,1,0,1,0,0,1,0,0,0,0,1,1,1,0,0,1,1,1,1,1,1,1,0,1,1
1,1,0,1,0,1,1,0,0,1,0,0,0,0,0,1,1,1,1,0,0,1,1,1,1,1,1,0,1,0,1,0,1,1,1,0,1,0,1,1,1,1,0,1,1,1,1,1,1,0,0,1,0,1,1,0,0,1,1,1,1,1,0,1,1,1,0,1,1,1,1,1,1,0,0,1,0,1,0,1,1,0,0,1,0,1,0,1,1,1,1,1,0,0,0,0,1,1,1,1,1,1,0,0,1,1,1,1,0,1,1,1,1,1,1,1,1,1,1,1,0,1,0,1,0,1,0,1,1,0,1,1,1,0,0,1,1,1,1,1,0,0,1,1,1,1,1,1,0,0,0,0,1,1,0,1,0,0,0,1,1,1,0,1,0,1,0,0,1,0,1,1,1,1,0,1,1,1,0,1,1,1,1,0,0,0,1,1,1,1,0,1,1,0,0,1,1,0,1,0,0,1,0,0,0,0,1,1,1,0,0,1,1,1,1,1,1,1,0,1,1
1,1,1,1,0,1,1,0,0,1,0,0,0,0,0,1,1,1,1,0,0,1,1,1,1,1,1,0,1,0,1,0,1,1,1,0,1,0,1,1,1,1,0,1,1,1,1,1,1,0,0,1,0,1,1,0,0,1,1,1,1,1,0,1,1,1,0,1,1,1,1,1,1,0,0,1,0,1,0,1,1,0,0,1,0,1,0,1,1,1,1,1,0,0,0,0,1,1,1,1,1,1,0,0,1,1,1,1,0,1,1,1,1,1,1,1,1,1,1,1,0,1,0,1,0,1,0,1,1,0,1,1,1,0,0,1,1,1,1,1,0,0,1,1,1,1,1,1,0,0,0,0,1,1,0,1,0,0,0,1,1,1,0,1,0,1,0,0,1,0,1,1,1,1,0,1,1,1,0,1,1,1,1,0,0,0,1,1,1,1,0,1,1,0,0,1,1,0,1,0,0,1,0,1,0,0,1,1,1,0,0,1,1,1,1,1,1,1,0,1,1
1,1,1,1,0,1,1,0,0,1,0,0,0,0,0,1,1,1,1,0,0,1,1,1,1,1,1,0,1,0,1,0,1,1,1,0,1,0,1,1,1,1,0,1,1,1,1,1,1,0,0,1,0,1,1,0,0,1,1,1,1,1,0,1,1,1,0,1,1,1,1,1,1,0,0,1,0,1,0,1,1,0,0,1,0,1,0,1,1,1,1,1,0,0,0,0,1,1,1,1,1,1,0,0,1,1,1,1,0,1,1,1,1,1,1,1,1,1,1,1,0,1,0,1,0,1,0,1,1,0,1,1,1,0,0,1,1,1,1,1,0,0,1,1,1,1,1,1,0,0,0,0,1,1,0,1,0,0,0,1,1,1,0,1,0,1,0,0,1,0,1,1,1,1,0,1,1,1,0,1,1,1,1,0,0,0,1,1,1,1,0,1,1,0,0,1,1,0,1,0,0,1,0,1,0,0,1,1,1,0,0,1,1,1,1,1,1,1,0,1,1
1,1,1,1,0,1,1,0,0,1,0,0,0,0,0,1,1,1,1,0,0,1,1,1,1,1,1,0,1,0,1,0,1,1,1,0,1,0,1,1,1,1,0,1,1,1,1,1,1,0,0,1,0,1,1,0,0,1,1,1,1,1,0,1,1,1,0,1,1,1,1,1,1,0,0,1,0,1,0,1,1,0,0,1,0,1,0,1,1,1,1,1,0,0,0,0,1,1,1,1,1,1,0,0,1,1,1,1,0,1,1,1,1,1,1,1,1,1,1,1,0,1,0,1,0,1,0,1,1,0,1,1,1,0,0,1,1,1,1,1,0,0,1,1,1,1,1,1,0,0,0,0,1,1,0,1,0,0,0,1,1,1,0,1,0,1,0,0,1,0,1,1,1,1,0,1,1,1,0,1,1,1,1,0,0,0,1,1,1,1,0,1,1,0,0,1,1,0,1,0,0,1,0,1,0,0,1,1,1,0,0,1,1,1,1,1,1,1,0,1,1
1,1,1,1,0,1,1,0,0,1,0,0,0,0,0,1,1,1,1,0,0,1,1,1,1,1,1,0,1,1,1,0,1,1,1,0,1,0,1,1,1,1,0,1,1,1,1,1,1,0,0,1,0,1,1,0,0,1,1,1,1,1,0,1,1,1,0,1,1,1,1,1,1,0,0,1,0,1,0,1,1,0,0,1,0,1,0,1,1,1,1,1,0,0,0,1,1,1,1,1,1,1,0,0,1,1,1,1,0,1,1,1,1,1,1,1,1,1,1,1,1,1,0,1,0,1,0,1,1,0,1,1,1,0,0,1,1,1,1,1,0,1,1,1,1,1,1,1,0,0,0,0,1,1,0,1,0,1,0,1,1,1,0,1,0,1,0,0,1,0,0,1,1,1,0,1,1,1,0,1,1,1,1,1,1,0,1,1,1,1,0,1,1,0,0,1,1,0,1,0,0,1,0,1,0,0,1,1,1,0,0,1,1,1,1,1,1,1,0,1,1
1,1,1,1,0,1,1,0,0,1,0,0,0,0,0,1,1,1,1,0,0,1,1,1,1,1,1,0,1,0,1,0,1,1,1,0,1,0,1,1,1,1,0,1,1,1,1,1,1,0,0,1,0,1,1,0,0,1,1,1,1,1,0,1,1,1,0,1,1,1,1,1,1,0,0,1,0,1,0,1,1,0,0,1,0,1,0,1,1,1,1,1,0,0,0,0,1,1,1,1,1,1,0,0,1,1,1,1,0,1,1,1,1,1,1,1,1,1,1,1,0,1,0,1,0,1,0,1,1,0,1,1,1,0,0,1,1,1,1,1,0,0,1,1,1,1,1,1,0,0,0,0,1,1,0,1,0,0,0,1,1,1,0,1,0,1,0,0,1,0,1,1,1,1,0,1,1,1,0,1,1,1,1,0,0,0,1,1,1,1,0,1,1,0,0,1,1,0,1,0,0,1,0,0,0,0,1,1,1,0,0,1,1,1,1,1,1,1,0,1,1
1,1,1,1,0,1,1,0,0,1,0,0,0,0,0,1,1,1,1,0,0,1,1,1,1,1,1,0,1,0,1,0,1,1,1,0,1,0,1,1,1,1,0,1,1,1,1,1,1,0,0,1,0,1,1,0,0,1,1,1,1,1,0,1,1,1,0,1,1,1,1,1,1,0,0,1,0,1,0,1,1,0,0,1,0,1,0,1,1,1,1,1,0,0,0,0,1,1,1,1,1,1,0,0,1,1,1,1,0,1,1,1,1,1,1,1,1,1,1,1,0,1,0,1,0,1,0,1,1,0,1,1,1,0,0,1,1,1,1,1,0,0,1,1,1,1,1,1,0,0,0,0,1,1,0,1,0,0,0,1,1,1,0,1,0,1,0,0,1,0,1,1,1,1,0,1,1,1,0,1,1,1,1,0,0,0,1,1,1,1,0,1,1,0,0,1,1,0,1,0,0,1,0,0,0,0,1,1,1,0,0,1,1,1,1,1,1,1,0,1,1
0,1,0,0,0,1,1,0,0,0,0,0,0,0,0,0,0,0,0,0,0,0,0,0,0,0,0,0,0,0,1,0,0,1,1,0,1,0,0,1,0,1,0,1,0,0,0,1,1,0,0,1,0,0,0,0,0,1,1,0,0,0,0,1,1,0,0,0,1,1,0,1,0,0,0,0,0,1,0,0,1,0,0,0,0,1,0,0,1,0,1,0,0,0,0,0,0,1,0,0,0,0,0,0,0,1,0,1,0,0,0,1,1,1,1,0,0,1,1,0,0,0,0,1,0,1,0,1,1,0,0,0,1,0,0,0,1,0,0,1,0,0,0,0,0,1,1,1,0,0,0,0,1,1,0,0,0,0,0,1,1,1,0,1,0,1,0,0,1,0,1,1,1,1,0,1,1,0,0,1,0,1,1,0,0,0,1,1,1,1,0,1,1,0,0,0,0,0,1,0,0,1,0,0,0,0,0,1,1,0,0,0,1,0,1,0,1,0,0,0,1
1,1,1,1,1,1,1,0,0,1,1,0,1,1,0,1,1,1,1,0,0,1,1,1,1,1,1,1,1,1,1,0,1,1,1,0,1,0,1,1,1,1,0,1,1,1,1,1,1,1,1,1,0,1,1,0,0,1,1,1,1,1,0,1,1,1,0,1,1,1,1,1,1,0,1,1,0,1,0,1,1,1,1,1,0,1,0,1,1,1,1,1,0,0,1,0,1,1,1,1,1,1,0,1,1,1,1,1,0,1,1,1,1,1,1,1,1,1,1,1,0,1,0,1,0,1,1,1,1,0,1,1,1,1,0,1,1,1,1,1,0,1,1,1,1,1,1,1,1,0,0,0,1,1,0,1,0,0,0,1,1,1,0,1,0,1,0,0,1,0,1,1,1,1,0,1,1,1,0,1,1,1,1,0,0,0,1,1,0,1,0,1,0,0,0,1,1,0,1,0,0,1,0,0,0,0,1,1,1,0,0,1,1,1,1,1,1,1,0,1,1
0,1,0,1,0,1,1,0,1,0,1,0,1,1,0,1,1,1,1,0,0,1,0,0,0,1,1,0,1,0,1,1,0,0,0,0,0,0,1,1,0,1,0,1,0,0,0,1,0,0,0,1,0,1,1,0,0,0,0,0,0,0,1,0,0,1,0,0,0,0,1,1,1,1,0,1,0,0,0,1,1,0,0,1,0,1,0,1,1,1,0,1,0,0,0,1,1,0,0,1,0,1,0,1,1,0,1,1,0,1,1,1,0,0,0,1,1,0,1,0,1,1,0,0,0,0,1,0,0,0,1,0,1,1,0,1,0,0,0,0,0,1,0,1,0,0,0,1,1,0,0,0,0,0,0,0,0,1,0,0,1,0,0,1,0,0,0,0,0,0,0,1,1,0,0,0,1,1,0,0,1,0,0,1,1,0,0,0,1,0,0,0,1,0,1,1,0,0,0,0,0,0,0,1,0,0,0,0,0,0,0,0,0,0,0,0,0,0,0,0,0
0,1,0,0,0,1,1,1,0,0,1,0,0,1,0,1,1,1,1,0,0,1,0,0,0,0,1,0,0,0,1,0,0,0,1,0,0,0,1,1,0,1,0,1,0,0,0,1,1,0,0,1,0,1,1,0,1,1,1,0,0,0,1,0,0,0,0,0,1,1,0,1,0,0,0,1,0,0,1,0,1,0,0,1,0,0,1,0,1,0,1,0,0,0,0,1,1,1,0,1,0,0,0,0,0,0,0,1,0,0,0,1,1,1,1,1,1,1,1,0,1,0,0,1,1,1,0,1,1,0,0,0,1,0,0,1,1,0,0,1,0,1,0,1,0,1,1,1,0,0,1,0,1,1,0,0,0,1,0,1,1,1,0,1,0,1,0,0,1,0,0,0,0,1,0,1,1,1,1,1,1,1,1,1,1,0,1,0,1,1,1,0,1,1,0,1,0,1,1,1,1,0,0,1,1,0,1,1,1,1,0,0,1,0,1,0,1,1,0,0,1
0,1,0,0,0,1,1,1,0,0,1,0,0,1,0,1,1,1,1,0,0,1,0,0,0,0,1,0,0,0,1,0,0,0,1,0,0,0,1,1,0,1,0,1,0,0,0,1,1,0,0,1,0,1,1,0,1,1,1,0,0,0,1,0,0,0,0,0,1,1,0,1,0,0,0,1,0,0,1,0,1,0,0,1,0,0,1,0,1,0,1,0,0,0,0,1,1,1,0,1,0,0,0,0,0,0,0,1,0,0,0,1,1,1,1,1,1,1,1,0,1,0,0,1,1,1,0,1,1,0,0,0,1,0,0,1,1,0,0,1,0,1,0,1,0,1,1,1,0,0,1,0,1,1,0,0,0,1,0,1,1,1,0,1,0,1,0,0,1,0,0,0,0,1,0,1,1,1,1,1,1,1,1,1,1,0,1,0,1,1,1,0,1,1,0,1,0,1,1,1,1,0,0,1,1,0,1,1,1,1,0,0,1,0,1,0,1,1,0,0,1
0,1,0,0,0,1,1,1,0,0,1,0,0,1,0,0,0,1,1,0,0,0,0,0,0,0,1,0,0,0,1,0,0,0,1,0,0,0,1,1,0,1,0,1,0,0,0,1,1,0,0,1,0,1,1,0,1,1,1,0,0,0,1,0,0,0,0,0,1,1,0,1,0,0,0,1,0,0,1,0,1,0,0,1,0,0,1,0,1,0,1,0,0,0,0,1,1,1,0,1,0,0,0,0,0,0,0,1,0,0,0,1,1,1,1,1,1,1,1,0,1,0,0,1,1,1,0,1,1,0,0,0,1,0,0,1,1,0,0,1,0,1,0,1,0,1,1,1,0,0,1,0,1,1,0,0,0,1,0,1,1,1,0,1,0,1,0,0,1,0,0,0,0,1,0,1,1,1,1,1,1,1,1,1,1,0,1,0,1,1,1,0,1,1,0,1,0,1,1,1,1,0,0,1,1,0,1,1,1,1,0,0,1,0,1,0,1,1,0,0,1
0,1,0,0,0,1,1,1,0,0,1,0,0,1,0,0,0,1,1,0,0,0,0,0,0,0,1,0,0,0,1,0,0,0,1,0,0,0,1,1,0,1,0,1,0,0,0,1,1,0,0,1,0,1,1,0,1,1,1,0,0,0,1,0,0,0,0,0,1,1,0,1,0,0,0,1,0,0,1,0,1,0,0,1,0,0,1,0,1,0,1,0,0,0,0,1,1,1,0,1,0,0,0,0,0,0,0,1,0,0,0,1,1,1,1,1,1,1,1,0,1,0,0,1,1,1,0,1,1,0,0,0,1,0,0,1,1,0,0,1,0,1,0,1,0,1,1,1,0,0,1,0,1,1,0,0,0,1,0,1,1,1,0,1,0,1,0,0,1,0,0,0,0,1,0,1,1,1,1,1,1,1,1,1,1,0,1,0,1,1,1,0,1,1,0,1,0,1,1,1,1,0,0,1,1,0,1,1,1,1,0,0,1,0,1,0,1,1,0,0,1
0,1,0,0,0,1,1,1,0,0,1,0,0,1,0,1,1,1,1,0,0,1,0,0,0,0,1,0,0,0,1,0,0,0,1,0,0,0,1,1,0,1,0,1,0,0,0,1,1,0,0,1,0,1,1,0,1,1,1,0,0,0,1,0,0,0,0,0,1,1,0,1,0,0,0,1,0,0,1,0,1,0,0,1,0,0,1,0,1,0,1,0,0,0,0,1,1,1,0,1,0,0,0,0,0,0,0,1,0,0,0,1,1,1,1,1,1,1,1,0,1,0,0,1,1,1,0,1,1,0,0,0,1,0,0,1,1,0,0,1,0,1,0,1,0,1,1,1,0,0,1,0,1,1,0,0,0,1,0,1,1,1,0,1,0,1,0,0,1,0,0,0,0,1,0,1,1,1,1,1,1,1,1,1,1,0,1,0,1,1,1,0,1,1,0,1,0,1,1,1,1,0,0,1,1,0,1,1,1,1,0,0,1,0,1,0,1,1,0,0,1
0,1,0,0,0,1,1,1,0,0,1,0,0,1,0,1,1,1,1,0,0,1,0,0,0,0,1,0,0,0,1,0,0,0,1,0,0,0,1,1,0,1,0,1,0,0,0,1,1,0,0,1,0,1,1,0,1,1,1,0,0,0,1,0,0,0,0,0,1,1,0,1,0,0,0,1,0,0,1,0,1,0,0,1,0,0,1,0,1,0,1,0,0,0,0,1,1,1,0,1,0,0,0,0,0,0,0,1,0,0,0,1,1,1,1,1,1,1,1,0,1,0,0,1,1,1,0,1,1,0,0,0,1,0,0,1,1,0,0,1,0,1,0,1,0,1,1,1,0,0,1,0,1,1,0,0,0,1,0,1,1,1,0,1,0,1,0,0,1,0,0,0,0,1,0,1,1,1,1,1,1,1,1,1,1,0,1,0,1,1,1,0,1,1,0,1,0,1,1,1,1,0,0,1,1,0,1,1,1,1,0,0,1,0,1,0,1,1,0,0,1
0,1,0,0,0,1,1,0,1,0,1,1,1,1,1,0,1,1,1,0,0,1,0,0,0,1,1,0,1,0,1,1,0,0,0,1,1,1,1,1,0,1,0,1,0,0,0,1,0,0,0,0,0,0,0,0,0,0,0,0,0,0,1,0,0,0,0,0,0,0,0,1,0,1,0,0,0,0,0,0,1,0,0,0,0,0,0,0,0,0,0,0,0,0,0,1,0,0,0,0,0,0,0,0,0,0,0,1,1,0,0,1,0,0,0,0,0,0,0,0,1,0,0,0,0,0,0,0,0,0,0,0,1,1,0,0,0,0,0,0,0,1,0,0,0,0,0,1,0,0,0,0,0,0,0,0,0,1,0,0,0,0,0,0,0,0,0,0,0,0,0,0,0,0,0,0,1,0,0,0,0,0,0,1,1,0,0,0,1,0,0,0,1,0,1,1,1,0,0,0,0,0,0,1,0,1,1,0,0,1,0,0,0,0,0,0,0,1,0,0,0
0,1,1,0,0,1,1,0,1,0,1,1,1,1,1,0,1,1,1,0,0,1,1,1,1,0,1,0,1,1,1,1,0,0,0,1,1,1,1,1,0,1,0,1,0,0,0,1,0,0,0,0,0,0,0,0,0,0,0,1,0,0,1,0,0,0,0,0,0,0,0,1,0,1,0,0,0,0,0,0,1,0,0,0,0,0,0,0,0,0,0,0,0,0,0,1,0,0,0,0,0,0,0,0,0,0,0,1,1,0,0,1,0,0,0,0,0,0,0,0,1,0,0,0,0,0,0,0,0,0,0,0,1,1,0,0,0,0,0,0,0,1,0,0,0,0,0,1,0,0,0,0,0,0,0,0,0,1,0,0,0,0,0,0,0,0,0,0,0,0,0,0,0,0,0,0,1,0,0,0,0,0,0,1,1,0,0,0,1,0,0,0,1,0,1,1,1,0,0,0,0,0,0,1,0,1,1,0,0,1,0,0,0,0,0,1,0,1,0,0,0
0,1,0,0,0,1,1,0,1,1,1,1,1,1,1,0,1,1,1,0,0,1,1,1,0,0,1,0,1,0,1,1,1,0,0,1,1,1,1,1,1,1,0,1,0,0,1,1,0,0,0,0,0,0,0,0,0,0,0,0,0,0,1,0,0,0,0,0,0,0,0,1,0,1,0,0,0,0,0,0,1,0,0,0,0,0,0,0,0,0,0,0,0,0,0,1,0,0,1,0,1,0,0,0,0,0,0,1,1,0,0,1,0,0,0,0,0,0,0,1,1,0,0,0,0,0,0,0,0,0,0,0,1,1,0,0,0,1,0,0,0,1,1,0,0,0,0,1,0,0,0,0,0,0,0,0,0,1,0,0,0,0,0,0,0,0,0,0,0,0,0,0,0,0,0,0,1,0,0,0,0,0,0,1,1,0,0,0,1,0,0,0,1,0,1,1,1,0,0,0,0,0,0,1,0,1,1,0,0,1,0,0,0,0,0,0,0,1,0,0,0
0,1,0,0,0,1,1,0,1,1,1,1,1,1,1,0,1,1,1,0,0,1,1,1,0,0,1,0,1,0,1,1,1,0,0,1,1,1,1,1,1,1,0,1,0,0,1,1,0,0,0,0,0,0,0,0,0,0,0,0,0,0,1,0,0,0,0,0,0,0,0,1,0,1,0,0,0,0,0,0,1,0,0,0,0,0,0,0,0,0,0,0,0,0,0,1,0,0,1,0,1,0,0,0,0,0,0,1,1,0,0,1,0,0,0,0,0,0,0,1,1,0,0,0,0,0,0,0,0,0,0,0,1,1,0,0,0,1,0,0,0,1,1,0,0,0,0,1,0,0,0,0,0,0,0,0,0,1,0,0,0,0,0,0,0,0,0,0,0,0,0,0,0,0,0,0,1,0,0,0,0,0,0,1,1,0,0,0,1,0,0,0,1,0,1,1,1,0,0,0,0,0,0,1,0,1,1,0,0,1,0,0,0,0,0,0,0,1,0,0,0
0,1,0,0,0,1,1,0,1,0,1,1,1,1,1,0,1,1,1,0,0,1,1,1,0,0,1,0,1,0,1,1,0,0,0,1,1,1,1,1,0,1,0,1,0,0,0,1,0,0,0,0,0,0,0,0,0,0,0,0,0,0,1,0,0,0,0,0,0,0,0,1,0,1,0,0,0,0,0,0,1,0,0,0,0,0,0,0,0,0,0,0,0,0,0,1,0,0,0,0,0,0,0,0,0,0,0,1,1,0,0,1,0,0,0,0,0,0,0,0,1,0,0,0,0,0,0,0,0,0,0,0,1,1,0,0,0,0,0,0,0,1,0,0,0,0,0,1,0,0,0,0,0,0,0,0,0,1,0,0,0,0,0,0,0,0,0,0,0,0,0,0,0,0,0,0,1,0,0,0,0,0,0,1,1,0,0,0,1,0,0,0,1,0,1,1,1,0,0,0,0,0,0,1,0,1,1,0,0,1,0,0,0,0,0,0,0,1,0,0,0
0,1,0,0,0,1,1,0,1,0,1,1,1,1,1,0,1,1,1,0,0,1,1,1,0,0,1,0,1,0,1,1,0,0,0,1,1,1,1,1,0,1,0,1,0,0,0,1,0,0,0,0,0,0,0,0,0,0,0,0,0,0,1,0,0,0,0,0,0,0,0,1,0,1,0,0,0,0,0,0,1,0,0,0,0,0,0,0,0,0,0,0,0,0,0,1,0,0,0,0,0,0,0,0,0,0,0,1,1,0,0,1,0,0,0,0,0,0,0,0,1,0,0,0,0,0,0,0,0,0,0,0,1,1,0,0,0,0,0,0,0,1,0,0,0,0,0,1,0,0,0,0,0,0,0,0,0,1,0,0,0,0,0,0,0,0,0,0,0,0,0,0,0,0,0,0,1,0,0,0,0,0,0,1,1,0,0,0,1,0,0,0,1,0,1,1,1,0,0,0,0,0,0,1,0,1,1,0,0,1,0,0,0,0,0,0,0,1,0,0,0
0,1,0,0,0,1,1,1,1,0,1,1,1,1,1,0,1,1,1,0,0,1,1,1,0,0,1,0,1,0,1,1,0,0,0,1,1,1,1,1,0,1,0,1,0,0,0,1,1,0,0,1,0,0,0,0,0,1,1,0,0,0,1,0,0,0,0,0,1,0,0,1,0,1,0,0,0,0,0,0,1,0,0,0,0,0,0,0,0,0,1,0,0,0,0,1,0,1,0,0,0,0,0,0,0,0,0,1,1,0,0,1,1,1,0,0,0,1,0,0,1,0,0,1,0,0,0,1,1,0,0,0,1,1,0,0,1,0,0,1,0,1,0,0,0,1,1,1,0,0,0,0,0,1,0,0,0,1,0,1,0,0,0,0,0,1,0,0,1,0,0,0,0,1,0,1,1,0,0,0,0,1,0,1,1,0,1,0,1,1,0,0,1,0,1,1,1,1,1,0,0,0,0,1,0,1,1,1,0,1,0,0,0,0,1,0,0,1,0,0,0
0,1,0,0,0,1,1,0,1,0,1,1,1,1,1,0,1,1,1,0,0,1,1,1,0,0,1,0,1,0,1,1,0,0,0,1,1,1,1,1,0,1,0,1,0,0,0,1,0,0,0,1,0,0,0,0,0,0,0,0,0,0,1,0,0,0,0,0,0,0,0,1,0,1,0,0,0,0,0,0,1,0,0,0,0,0,0,0,0,0,0,0,0,0,0,1,0,0,0,0,0,0,0,0,0,0,0,1,1,0,0,1,0,0,0,0,0,0,0,0,1,0,0,0,0,0,0,0,0,0,0,0,1,1,0,0,0,0,0,0,0,1,0,0,0,0,0,1,0,0,0,0,0,0,0,0,0,1,0,0,0,0,0,0,0,0,0,0,0,0,0,0,0,0,0,0,1,0,0,0,0,0,0,1,1,0,0,0,1,0,0,0,1,0,1,1,1,0,0,0,0,0,0,1,0,1,1,0,0,1,0,0,0,1,0,0,0,1,0,0,0
0,1,0,0,0,1,1,0,1,0,1,1,1,1,1,0,1,1,1,0,0,1,1,1,0,0,1,0,1,0,1,1,0,0,0,1,1,1,1,1,0,1,0,1,0,0,0,1,0,0,0,1,0,0,0,0,0,0,0,0,0,0,1,0,0,0,0,0,0,0,0,1,0,1,0,0,0,0,0,0,1,0,0,0,0,0,0,0,0,0,0,0,0,0,0,1,0,0,0,0,0,0,0,0,0,0,0,1,1,0,0,1,0,0,0,0,0,0,0,0,1,0,0,0,0,0,0,0,0,0,0,0,1,1,0,0,0,0,0,0,0,1,0,0,0,0,0,1,0,0,0,0,0,0,0,0,0,1,0,0,0,0,0,0,0,0,0,0,0,0,0,0,0,0,0,0,1,0,0,0,0,0,0,1,1,0,0,0,1,0,0,0,1,0,1,1,1,0,0,0,0,0,0,1,0,1,1,0,0,1,0,0,0,1,0,0,0,1,0,0,0
0,1,0,0,0,1,1,0,1,0,1,1,1,1,1,0,1,1,1,0,0,1,1,1,0,0,1,0,1,0,1,1,0,0,0,1,1,1,1,1,0,1,0,1,0,0,0,1,0,0,0,0,0,0,0,0,0,0,0,0,0,0,1,0,0,0,0,0,0,0,0,1,0,1,0,0,0,0,0,0,1,0,0,0,0,0,0,0,0,0,0,0,0,0,0,1,0,0,0,0,0,0,0,0,0,0,0,1,1,0,0,1,0,0,0,0,0,0,0,0,1,0,0,0,0,0,0,0,0,0,0,0,1,1,0,0,0,0,0,0,0,1,0,0,0,0,0,1,0,0,0,0,0,0,0,0,0,1,0,0,0,0,0,0,0,0,0,0,0,0,0,0,0,0,0,0,1,0,0,0,0,0,0,1,1,0,0,0,1,0,0,0,1,0,1,1,1,0,0,0,0,0,0,1,0,1,1,0,0,1,0,0,0,0,0,0,0,1,0,0,0
0,1,0,0,0,1,1,0,1,0,1,1,1,1,1,0,1,1,1,0,0,1,1,1,0,0,1,0,1,0,1,1,0,0,0,1,1,1,1,1,0,1,0,1,0,0,0,1,0,0,0,0,0,0,0,0,0,0,0,0,0,0,1,0,0,0,0,0,0,0,0,1,0,1,0,0,0,0,0,0,1,0,0,0,0,0,0,0,0,0,0,0,0,0,0,1,0,0,0,0,0,0,0,0,0,0,0,1,1,0,0,1,0,0,0,0,0,0,0,0,1,0,0,0,0,0,0,0,0,0,0,0,1,1,0,0,0,0,0,0,0,1,0,0,0,0,0,1,0,0,0,0,0,0,0,0,0,1,0,0,0,0,0,0,0,0,0,0,0,0,0,0,0,0,0,0,1,0,0,0,0,0,0,1,1,0,0,0,1,0,0,0,1,0,1,1,1,0,0,0,0,0,0,1,0,1,1,0,0,1,0,0,0,0,0,0,0,1,0,0,0
0,1,0,0,0,1,1,0,1,1,1,1,1,1,1,0,1,1,1,0,0,1,1,1,0,0,1,0,1,0,1,1,1,0,0,1,1,1,1,1,1,1,0,1,0,0,1,1,0,0,0,0,0,0,0,0,0,0,0,0,0,0,1,0,0,0,0,0,0,0,0,1,0,1,0,0,0,0,0,0,1,0,0,0,0,0,0,0,0,0,0,0,0,0,0,1,0,0,1,0,1,0,0,0,0,0,0,1,1,0,0,1,0,0,0,0,0,0,0,1,1,0,0,0,0,0,0,0,0,0,0,0,1,1,0,0,0,1,0,0,0,1,1,0,0,0,0,1,0,0,0,0,0,0,0,0,0,1,0,0,0,0,0,0,0,0,0,0,0,0,0,0,0,0,0,0,1,0,0,0,0,0,0,1,1,0,0,0,1,0,0,0,1,0,1,1,1,0,0,0,0,0,0,1,0,1,1,0,0,1,0,0,0,0,0,0,0,1,0,0,0
0,1,0,0,0,1,1,0,1,0,1,1,1,1,1,0,1,1,1,0,0,1,1,1,0,0,1,0,1,0,1,1,0,0,0,1,1,1,1,1,0,1,0,1,0,0,0,1,0,0,0,0,0,0,0,0,0,0,0,0,0,0,1,0,0,0,0,0,0,0,0,1,0,1,0,0,0,0,0,0,1,0,0,0,0,0,0,0,0,0,0,0,0,0,0,1,0,0,0,0,0,0,0,0,0,0,0,1,1,0,0,1,0,0,0,0,0,0,0,0,1,0,0,0,0,0,0,0,0,0,0,0,1,1,0,0,0,0,0,0,0,1,0,0,0,0,0,1,0,0,0,0,0,0,0,0,0,1,0,0,0,0,0,0,0,0,0,0,0,0,0,0,0,0,0,0,1,0,0,0,0,0,0,1,1,0,0,0,1,0,0,0,1,0,1,1,1,0,0,0,0,0,0,1,0,1,1,0,0,1,0,0,0,0,0,0,0,1,0,0,0
0,1,0,0,0,1,1,0,1,0,1,1,1,1,1,0,1,1,1,0,0,1,0,0,0,1,1,0,1,0,1,1,0,0,0,1,1,0,1,1,0,1,0,1,0,0,0,1,0,0,0,1,0,0,0,0,0,0,0,0,0,0,1,0,0,0,0,0,0,0,0,1,0,1,0,0,0,0,0,0,1,0,0,0,0,0,0,0,0,0,0,0,0,0,0,1,0,0,0,0,0,0,0,0,0,0,0,1,1,0,0,1,0,0,0,0,0,0,0,0,1,0,0,0,0,0,0,0,0,0,0,0,1,1,0,0,0,0,0,0,0,1,0,0,0,0,0,1,0,0,0,0,0,0,0,0,0,1,0,0,0,0,0,0,0,0,0,0,0,0,0,0,0,0,0,0,1,0,0,0,0,0,0,1,1,0,0,0,1,0,0,0,1,0,1,1,1,0,0,0,0,0,0,1,0,1,1,0,0,1,0,0,0,0,0,0,0,1,0,0,0
0,1,0,0,0,1,1,0,1,0,1,1,1,1,1,0,1,1,1,0,0,1,1,1,1,0,1,0,1,1,1,1,0,0,0,1,1,0,1,1,0,1,0,1,0,0,0,1,0,0,0,1,0,0,0,0,0,0,0,1,0,0,1,0,0,0,0,0,0,0,0,1,0,1,0,0,0,0,0,0,1,0,0,0,0,0,0,0,0,0,0,0,0,0,0,1,0,0,0,0,0,0,0,0,0,0,0,1,1,0,0,1,0,0,0,0,0,0,0,0,1,0,0,0,0,0,0,0,0,0,0,0,1,1,0,0,0,0,0,0,0,1,0,0,0,0,0,1,0,0,0,0,0,0,0,0,0,1,0,0,0,0,0,0,0,0,0,0,0,0,0,0,0,0,0,0,1,0,0,0,0,0,0,1,1,0,0,0,1,0,0,0,1,0,1,1,1,0,0,0,0,0,0,1,0,1,1,0,0,1,0,0,0,0,0,1,0,1,0,0,0
0,1,0,0,0,1,1,0,1,1,1,1,1,1,1,0,1,1,1,0,0,1,1,1,0,0,1,0,1,0,1,1,1,0,0,1,1,0,1,1,1,1,0,1,0,0,1,1,0,0,0,1,0,0,0,0,0,0,0,0,0,0,1,0,0,0,0,0,0,0,0,1,0,1,0,0,0,0,0,0,1,0,0,0,0,0,0,0,0,0,0,0,0,0,0,1,0,0,1,0,1,0,0,0,0,0,0,1,1,0,0,1,0,0,0,0,0,0,0,1,1,0,0,0,0,0,0,0,0,0,0,0,1,1,0,0,0,1,0,0,0,1,1,0,0,0,0,1,0,0,0,0,0,0,0,0,0,1,0,0,0,0,0,0,0,0,0,0,0,0,0,0,0,0,0,0,1,0,0,0,0,0,0,1,1,0,0,0,1,0,0,0,1,0,1,1,1,0,0,0,0,0,0,1,0,1,1,0,0,1,0,0,0,0,0,0,0,1,0,0,0
0,1,0,0,0,1,1,0,1,0,1,1,1,1,1,0,1,1,1,0,0,1,1,1,0,0,1,0,1,0,1,1,0,0,0,1,1,0,1,1,0,1,0,1,0,0,0,1,0,0,0,1,0,0,0,0,0,0,0,0,0,0,1,0,0,0,0,0,0,0,0,1,0,1,0,0,0,0,0,0,1,0,0,0,0,0,0,0,0,0,0,0,0,0,0,1,0,0,0,0,0,0,0,0,0,0,0,1,1,0,0,1,0,0,0,0,0,0,0,0,1,0,0,0,0,0,0,0,0,0,0,0,1,1,0,0,0,0,0,0,0,1,0,0,0,0,0,1,0,0,0,0,0,0,0,0,0,1,0,0,0,0,0,0,0,0,0,0,0,0,0,0,0,0,0,0,1,0,0,0,0,0,0,1,1,0,0,0,1,0,0,0,1,0,1,1,1,0,0,0,0,0,0,1,0,1,1,0,0,1,0,0,0,0,0,0,0,1,0,0,0
0,1,0,0,0,1,1,0,1,1,1,1,1,1,1,0,1,1,1,0,0,1,1,1,0,0,1,0,1,0,1,1,1,0,0,1,1,0,1,1,1,1,0,1,0,0,1,1,0,0,0,1,0,0,0,0,0,0,0,0,0,0,1,0,0,0,0,0,0,0,0,1,0,1,0,0,0,0,0,0,1,0,0,0,0,0,0,0,0,0,0,0,0,0,0,1,0,0,1,0,1,0,0,0,0,0,0,1,1,0,0,1,0,0,0,0,0,0,0,1,1,0,0,0,0,0,0,0,0,0,0,0,1,1,0,0,0,1,0,0,0,1,1,0,0,0,0,1,0,0,0,0,0,0,0,0,0,1,0,0,0,0,0,0,0,0,0,0,0,0,0,0,0,0,0,0,1,0,0,0,0,0,0,1,1,0,0,0,1,0,0,0,1,0,1,1,1,0,0,0,0,0,0,1,0,1,1,0,0,1,0,0,0,0,0,0,0,1,0,0,0
0,1,0,0,0,1,1,0,1,0,1,1,1,1,1,0,1,1,1,0,0,1,1,1,0,0,1,0,1,0,1,1,0,0,0,1,1,0,1,1,0,1,0,1,0,0,0,1,0,0,0,1,0,0,0,0,0,0,0,0,0,0,1,0,0,0,0,0,0,0,0,1,0,1,0,0,0,0,0,0,1,0,0,0,0,0,0,0,0,0,0,0,0,0,0,1,0,0,0,0,0,0,0,0,0,0,0,1,1,0,0,1,0,0,0,0,0,0,0,0,1,0,0,0,0,0,0,0,0,0,0,0,1,1,0,0,0,0,0,0,0,1,0,0,0,0,0,1,0,0,0,0,0,0,0,0,0,1,0,0,0,0,0,0,0,0,0,0,0,0,0,0,0,0,0,0,1,0,0,0,0,0,0,1,1,0,0,0,1,0,0,0,1,0,1,1,1,0,0,0,0,0,0,1,0,1,1,0,0,1,0,0,0,0,0,0,0,1,0,0,0
0,1,0,0,0,1,1,0,1,0,1,1,1,1,1,0,1,1,1,0,0,1,1,1,0,0,1,0,1,0,1,1,0,0,0,1,1,0,1,1,0,1,0,1,0,0,0,1,0,0,0,1,0,0,0,0,0,0,0,0,0,0,1,0,0,0,0,0,0,0,0,1,0,1,0,0,0,0,0,0,1,0,0,0,0,0,0,0,0,0,0,0,0,0,0,1,0,0,0,0,0,0,0,0,0,0,0,1,1,0,0,1,0,0,0,0,0,0,0,0,1,0,0,0,0,0,0,0,0,0,0,0,1,1,0,0,0,0,0,0,0,1,0,0,0,0,0,1,0,0,0,0,0,0,0,0,0,1,0,0,0,0,0,0,0,0,0,0,0,0,0,0,0,0,0,0,1,0,0,0,0,0,0,1,1,0,0,0,1,0,0,0,1,0,1,1,1,0,0,0,0,0,0,1,0,1,1,0,0,1,0,0,0,0,0,0,0,1,0,0,0
0,1,0,0,0,1,1,1,1,0,1,1,1,1,1,0,1,1,1,0,0,1,1,1,0,0,1,0,1,0,1,1,0,0,0,1,1,0,1,1,0,1,0,1,0,0,0,1,1,0,0,1,0,0,0,0,0,1,1,0,0,0,1,0,0,0,0,0,1,0,0,1,0,1,0,0,0,0,0,0,1,0,0,0,0,0,0,0,0,0,1,0,0,0,0,1,0,1,0,0,0,0,0,0,0,0,0,1,1,0,0,1,1,1,0,0,0,1,0,0,1,0,0,1,0,0,0,1,1,0,0,0,1,1,0,0,1,0,0,1,0,1,0,0,0,1,1,1,0,0,0,0,0,1,0,0,0,1,0,1,0,0,0,0,0,1,0,0,1,0,0,0,0,1,0,1,1,0,0,0,0,1,0,1,1,0,1,0,1,1,0,0,1,0,1,1,1,1,1,0,0,0,0,1,0,1,1,1,0,1,0,0,0,0,1,0,0,1,0,0,0
0,1,0,0,0,1,1,0,1,0,1,1,1,1,1,0,1,1,1,0,0,1,1,1,0,0,1,0,1,0,1,1,0,0,0,1,1,0,1,1,0,1,0,1,0,0,0,1,0,0,0,1,0,0,0,0,0,0,0,0,0,0,1,0,0,0,0,0,0,0,0,1,0,1,0,0,0,0,0,0,1,0,0,0,0,0,0,0,0,0,0,0,0,0,0,1,0,0,0,0,0,0,0,0,0,0,0,1,1,0,0,1,0,0,0,0,0,0,0,0,1,0,0,0,0,0,0,0,0,0,0,0,1,1,0,0,0,0,0,0,0,1,0,0,0,0,0,1,0,0,0,0,0,0,0,0,0,1,0,0,0,0,0,0,0,0,0,0,0,0,0,0,0,0,0,0,1,0,0,0,0,0,0,1,1,0,0,0,1,0,0,0,1,0,1,1,1,0,0,0,0,0,0,1,0,1,1,0,0,1,0,0,0,1,0,0,0,1,0,0,0
0,1,0,0,0,1,1,0,1,0,1,1,1,1,1,0,1,1,1,0,0,1,1,1,0,0,1,0,1,0,1,1,0,0,0,1,1,0,1,1,0,1,0,1,0,0,0,1,0,0,0,1,0,0,0,0,0,0,0,0,0,0,1,0,0,0,0,0,0,0,0,1,0,1,0,0,0,0,0,0,1,0,0,0,0,0,0,0,0,0,0,0,0,0,0,1,0,0,0,0,0,0,0,0,0,0,0,1,1,0,0,1,0,0,0,0,0,0,0,0,1,0,0,0,0,0,0,0,0,0,0,0,1,1,0,0,0,0,0,0,0,1,0,0,0,0,0,1,0,0,0,0,0,0,0,0,0,1,0,0,0,0,0,0,0,0,0,0,0,0,0,0,0,0,0,0,1,0,0,0,0,0,0,1,1,0,0,0,1,0,0,0,1,0,1,1,1,0,0,0,0,0,0,1,0,1,1,0,0,1,0,0,0,1,0,0,0,1,0,0,0
0,1,0,0,0,1,1,0,1,0,1,1,1,1,1,0,1,1,1,0,0,1,1,1,0,0,1,0,1,0,1,1,0,0,0,1,1,0,1,1,0,1,0,1,0,0,0,1,0,0,0,1,0,0,0,0,0,0,0,0,0,0,1,0,0,0,0,0,0,0,0,1,0,1,0,0,0,0,0,0,1,0,0,0,0,0,0,0,0,0,0,0,0,0,0,1,0,0,0,0,0,0,0,0,0,0,0,1,1,0,0,1,0,0,0,0,0,0,0,0,1,0,0,0,0,0,0,0,0,0,0,0,1,1,0,0,0,0,0,0,0,1,0,0,0,0,0,1,0,0,0,0,0,0,0,0,0,1,0,0,0,0,0,0,0,0,0,0,0,0,0,0,0,0,0,0,1,0,0,0,0,0,0,1,1,0,0,0,1,0,0,0,1,0,1,1,1,0,0,0,0,0,0,1,0,1,1,0,0,1,0,0,0,0,0,0,0,1,0,0,0
0,1,0,0,0,1,1,0,1,0,1,1,1,1,1,0,1,1,1,0,0,1,1,1,0,0,1,0,1,0,1,1,0,0,0,1,1,0,1,1,0,1,0,1,0,0,0,1,0,0,0,1,0,0,0,0,0,0,0,0,0,0,1,0,0,0,0,0,0,0,0,1,0,1,0,0,0,0,0,0,1,0,0,0,0,0,0,0,0,0,0,0,0,0,0,1,0,0,0,0,0,0,0,0,0,0,0,1,1,0,0,1,0,0,0,0,0,0,0,0,1,0,0,0,0,0,0,0,0,0,0,0,1,1,0,0,0,0,0,0,0,1,0,0,0,0,0,1,0,0,0,0,0,0,0,0,0,1,0,0,0,0,0,0,0,0,0,0,0,0,0,0,0,0,0,0,1,0,0,0,0,0,0,1,1,0,0,0,1,0,0,0,1,0,1,1,1,0,0,0,0,0,0,1,0,1,1,0,0,1,0,0,0,0,0,0,0,1,0,0,0
0,1,0,0,0,1,1,0,1,1,1,1,1,1,1,0,1,1,1,0,0,1,1,1,0,0,1,0,1,0,1,1,1,0,0,1,1,0,1,1,1,1,0,1,0,0,1,1,0,0,0,1,0,0,0,0,0,0,0,0,0,0,1,0,0,0,0,0,0,0,0,1,0,1,0,0,0,0,0,0,1,0,0,0,0,0,0,0,0,0,0,0,0,0,0,1,0,0,1,0,1,0,0,0,0,0,0,1,1,0,0,1,0,0,0,0,0,0,0,1,1,0,0,0,0,0,0,0,0,0,0,0,1,1,0,0,0,1,0,0,0,1,1,0,0,0,0,1,0,0,0,0,0,0,0,0,0,1,0,0,0,0,0,0,0,0,0,0,0,0,0,0,0,0,0,0,1,0,0,0,0,0,0,1,1,0,0,0,1,0,0,0,1,0,1,1,1,0,0,0,0,0,0,1,0,1,1,0,0,1,0,0,0,0,0,0,0,1,0,0,0
0,0,0,0,0,1,1,0,0,0,0,0,0,0,0,0,1,1,0,0,0,0,0,0,0,0,0,0,0,0,1,0,0,1,1,0,0,0,0,1,0,1,0,1,0,0,0,1,1,0,0,1,0,0,0,0,0,1,1,0,0,0,0,0,1,0,0,0,1,1,0,0,0,0,0,0,0,0,0,0,0,0,0,0,0,0,0,0,0,0,1,0,0,0,0,0,0,1,0,0,0,0,0,0,0,1,0,0,0,0,0,0,1,1,1,0,0,1,0,0,0,0,0,1,0,1,0,1,1,1,0,0,0,0,0,0,1,0,0,1,0,0,0,0,0,1,1,0,0,0,1,0,1,1,1,0,0,0,0,1,0,1,1,0,0,1,1,1,1,0,1,0,0,1,0,1,0,0,0,1,0,1,1,0,0,0,1,0,0,1,1,0,0,0,0,1,1,1,1,1,1,0,0,0,0,0,0,1,1,0,1,0,1,0,1,0,1,0,1,0,1
0,1,0,0,0,1,1,0,1,0,1,1,1,1,1,0,1,1,1,0,0,1,1,1,0,0,1,0,1,0,1,1,0,0,0,1,1,0,1,1,0,1,0,1,0,0,0,1,0,0,0,1,0,0,0,0,0,0,0,0,0,0,1,0,0,0,0,0,0,0,0,1,0,1,0,0,0,0,0,0,1,0,0,0,0,0,0,0,0,0,0,0,0,0,0,1,0,0,0,0,0,0,0,0,0,0,0,1,1,0,0,1,0,0,0,0,0,0,0,0,1,0,0,0,0,0,0,0,0,0,0,0,1,1,0,0,0,0,0,0,0,1,0,0,0,0,0,1,0,0,0,0,0,0,0,0,0,1,0,0,0,0,0,0,0,0,0,0,0,0,0,0,0,0,0,0,1,0,0,0,0,0,0,1,1,0,0,0,1,0,0,0,1,0,1,1,1,0,0,0,0,0,0,1,0,1,1,0,0,1,0,0,0,0,0,0,0,1,0,0,0
1,1,1,1,0,1,1,1,0,0,0,0,0,0,0,1,1,1,1,0,1,1,1,1,1,1,1,0,1,0,1,0,0,1,1,0,0,0,1,1,0,1,0,1,1,1,0,1,1,0,0,1,0,1,1,0,0,1,1,1,1,1,0,1,1,1,0,1,1,1,1,1,1,0,0,1,0,1,0,1,1,0,0,1,0,1,0,1,1,1,1,1,0,0,0,0,1,1,0,1,0,1,0,0,1,1,1,1,0,1,1,1,1,1,1,1,1,1,1,0,0,1,0,1,0,1,0,1,1,1,1,1,1,0,1,1,1,0,1,1,0,0,0,1,1,1,1,1,0,0,1,0,1,1,1,1,0,0,0,1,1,1,1,1,0,1,1,1,1,1,1,1,1,1,0,1,1,1,0,1,1,1,1,0,0,0,1,0,1,1,1,0,1,0,0,1,1,1,1,1,1,0,0,1,0,0,0,1,1,0,1,1,1,0,1,0,1,0,1,1,1
1,1,1,1,0,1,1,1,0,0,0,0,0,0,0,1,1,1,1,0,1,1,1,1,1,1,1,0,1,0,1,0,0,1,1,0,0,0,1,1,0,1,0,1,1,1,0,1,1,0,0,1,0,1,1,0,0,1,1,1,1,1,0,1,1,1,0,1,1,1,1,1,1,0,0,1,0,1,0,1,1,0,0,1,0,1,0,1,1,1,1,1,0,0,0,0,1,1,0,1,0,1,0,0,1,1,1,1,0,1,1,1,1,1,1,1,1,1,1,0,0,1,0,1,0,1,0,1,1,1,1,1,1,0,1,1,1,0,1,1,0,0,0,1,1,1,1,1,0,0,1,0,1,1,1,1,0,0,0,1,1,1,1,1,0,1,1,1,1,1,1,1,1,1,0,1,1,1,0,1,1,1,1,0,0,0,1,0,1,1,1,0,1,0,0,1,1,1,1,1,1,0,0,1,0,0,0,1,1,0,1,1,1,0,1,0,1,0,1,1,1
1,1,1,1,0,1,1,1,0,0,0,0,0,0,0,1,1,1,1,0,1,1,1,1,1,1,1,0,1,0,1,0,0,1,1,0,0,0,1,1,0,1,0,1,1,1,0,1,1,0,0,1,0,1,1,0,0,1,1,1,1,1,0,1,1,1,0,1,1,1,1,1,1,0,0,1,0,1,0,1,1,0,0,1,0,1,0,1,1,1,1,1,0,0,0,0,1,1,0,1,0,1,0,0,1,1,1,1,0,1,1,1,1,1,1,1,1,1,1,0,0,1,0,1,0,1,0,1,1,1,1,1,1,0,1,1,1,0,1,1,0,0,0,1,1,1,1,1,0,0,1,0,1,1,1,1,0,0,0,1,1,1,1,1,0,1,1,1,1,1,1,1,1,1,0,1,1,1,0,1,1,1,1,0,0,0,1,0,1,1,1,0,1,0,0,1,1,1,1,1,1,0,0,1,0,0,0,1,1,0,1,1,1,0,1,0,1,0,1,1,1
1,1,1,1,0,1,1,1,0,0,0,0,0,0,0,1,1,1,1,0,1,1,1,1,1,1,1,0,1,0,1,0,0,1,1,0,0,0,1,1,0,1,0,1,1,1,0,1,1,0,0,1,0,1,1,0,0,1,1,1,1,1,0,1,1,1,0,1,1,1,1,1,1,0,0,1,0,1,0,1,1,0,0,1,0,1,0,1,1,1,1,1,0,0,0,0,1,1,0,1,0,1,0,0,1,1,1,1,0,1,1,1,1,1,1,1,1,1,1,0,0,1,0,1,0,1,0,1,1,1,1,1,1,0,1,1,1,0,1,1,0,0,0,1,1,1,1,1,0,0,1,0,1,1,1,1,0,0,0,1,1,1,1,1,0,1,1,1,1,1,1,1,1,1,0,1,1,1,0,1,1,1,1,0,0,0,1,0,1,1,1,0,1,0,0,1,1,1,1,1,1,0,0,1,0,0,0,1,1,0,1,1,1,0,1,0,1,0,1,1,1
1,1,1,1,0,1,1,1,0,1,0,0,0,0,0,1,1,1,1,0,1,1,1,1,1,1,1,0,1,1,1,0,1,1,0,0,0,0,1,1,1,1,1,1,1,1,1,1,1,0,0,1,0,1,1,0,0,1,1,1,1,1,0,1,1,1,0,1,1,0,1,1,1,0,0,1,0,1,0,1,1,0,0,1,0,1,0,1,1,1,1,1,0,0,0,0,1,1,1,1,1,1,0,0,1,1,1,1,0,1,1,1,1,1,1,1,1,1,1,1,0,1,0,1,0,1,0,1,1,1,1,1,1,0,1,1,1,1,1,1,0,0,1,1,1,1,1,1,0,0,1,0,0,1,1,1,0,0,0,1,1,1,1,1,0,1,1,1,1,1,1,1,1,1,0,1,1,1,0,1,1,1,0,0,0,0,1,0,1,1,1,0,1,0,0,1,1,1,1,1,1,0,0,1,0,0,0,1,1,0,1,1,1,0,1,0,1,0,1,1,1
1,1,1,1,0,1,1,1,0,1,0,0,0,0,0,1,1,1,1,0,1,1,1,1,1,1,1,0,1,1,1,0,1,1,0,0,0,0,1,1,1,1,1,1,1,1,1,1,1,0,0,1,0,1,1,0,0,1,1,1,1,1,0,1,1,1,0,1,1,0,1,1,1,0,0,1,0,1,0,1,1,0,0,1,0,1,0,1,1,1,1,1,0,0,0,0,1,1,1,1,1,1,0,0,1,1,1,1,0,1,1,1,1,1,1,1,1,1,1,1,0,1,0,1,0,1,0,1,1,1,1,1,1,0,1,1,1,1,1,1,0,0,1,1,1,1,1,1,0,0,1,0,0,1,1,1,0,0,0,1,1,1,1,1,0,1,1,1,1,1,1,1,1,1,0,1,1,1,0,1,1,1,0,0,0,0,1,0,1,1,1,0,1,0,0,1,1,1,1,1,1,0,0,1,0,0,0,1,1,0,1,1,1,0,1,0,1,0,1,1,1
1,1,1,1,0,1,1,1,0,1,0,0,0,0,0,1,1,1,1,0,1,1,1,1,1,1,1,0,1,1,1,0,1,1,0,0,0,0,1,1,1,1,1,1,1,1,1,1,1,0,0,1,0,1,1,0,0,1,1,1,1,1,0,1,1,1,0,1,1,0,1,1,1,0,0,1,0,1,0,1,1,0,0,1,0,1,0,1,1,1,1,1,0,0,0,0,1,1,1,1,1,1,0,0,1,1,1,1,0,1,1,1,1,1,1,1,1,1,1,1,0,1,0,1,0,1,0,1,1,1,1,1,1,0,1,1,1,1,1,1,0,0,1,1,1,1,1,1,0,0,1,0,0,1,1,1,0,0,0,1,1,1,1,1,0,1,1,1,1,1,1,1,1,1,0,1,1,1,0,1,1,1,0,0,0,0,1,0,1,1,1,0,1,0,0,1,1,1,1,1,1,0,0,1,0,0,0,1,1,0,1,1,1,0,1,0,1,0,1,1,1
1,1,1,1,0,1,1,1,0,1,0,0,0,0,0,1,1,1,1,0,1,1,1,1,1,1,1,0,1,0,1,0,1,1,1,0,0,0,1,1,1,1,0,1,1,1,1,1,1,0,0,1,0,1,1,0,0,1,1,1,1,1,0,1,1,1,0,1,1,1,1,1,1,0,0,1,0,1,0,1,1,0,0,1,0,1,0,1,1,1,1,1,0,0,0,0,1,1,1,1,1,1,0,0,1,1,1,1,0,1,1,1,1,1,1,1,1,1,1,1,0,1,0,1,0,1,0,1,1,1,1,1,1,0,1,1,1,1,1,1,0,0,1,1,1,1,1,1,0,0,1,0,1,1,1,1,0,0,0,1,1,1,1,1,0,1,1,1,1,1,1,1,1,1,0,1,1,1,0,1,1,1,1,0,0,0,1,0,1,1,1,0,1,0,0,1,1,1,1,1,1,0,0,1,0,0,0,1,1,0,1,1,1,0,1,0,1,0,1,1,1
1,1,1,1,0,1,1,1,0,1,0,0,0,0,0,1,1,1,1,0,1,1,1,1,1,1,1,0,1,0,1,0,1,1,1,0,0,0,1,1,1,1,0,1,1,1,1,1,1,0,0,1,0,1,1,0,0,1,1,1,1,1,0,1,1,1,0,1,1,1,1,1,1,0,0,1,0,1,0,1,1,0,0,1,0,1,0,1,1,1,1,1,0,0,0,0,1,1,1,1,1,1,0,0,1,1,1,1,0,1,1,1,1,1,1,1,1,1,1,1,0,1,0,1,0,1,0,1,1,1,1,1,1,0,1,1,1,1,1,1,0,0,1,1,1,1,1,1,0,0,1,0,1,1,1,1,0,0,0,1,1,1,1,1,0,1,1,1,1,1,1,1,1,1,0,1,1,1,0,1,1,1,1,0,0,0,1,0,1,1,1,0,1,0,0,1,1,1,1,1,1,0,0,1,0,0,0,1,1,0,1,1,1,0,1,0,1,0,1,1,1
1,1,1,1,0,1,1,1,0,1,0,0,0,0,0,1,1,1,1,0,1,1,1,1,1,1,1,0,1,0,1,0,1,1,1,0,0,0,1,1,1,1,0,1,1,1,1,1,1,0,0,1,0,1,1,0,0,1,1,1,1,1,0,1,1,1,0,1,1,1,1,1,1,0,0,1,0,1,0,1,1,0,0,1,0,1,0,1,1,1,1,1,0,0,0,0,1,1,1,1,1,1,0,0,1,1,1,1,0,1,1,1,1,1,1,1,1,1,1,1,0,1,0,1,0,1,0,1,1,1,1,1,1,0,1,1,1,1,1,1,0,0,1,1,1,1,1,1,0,0,1,0,1,1,1,1,0,0,0,1,1,1,1,1,0,1,1,1,1,1,1,1,1,1,0,1,1,1,0,1,1,1,1,0,0,0,1,0,1,1,1,0,1,0,0,1,1,1,1,1,1,0,0,1,0,0,0,1,1,0,1,1,1,0,1,0,1,0,1,1,1
1,1,1,1,0,1,1,1,0,1,0,0,0,0,0,1,1,1,1,0,1,1,1,1,1,1,1,0,1,0,1,0,1,1,1,0,0,0,1,1,1,1,1,1,1,1,1,1,1,0,0,1,0,1,1,0,0,1,1,1,1,1,0,1,1,1,0,1,1,1,1,1,1,0,0,1,0,1,0,1,1,0,0,1,0,1,0,1,1,1,1,1,0,0,0,0,1,1,1,1,1,1,0,0,1,1,1,1,0,1,1,1,1,1,1,1,1,1,1,1,0,1,0,1,1,1,0,1,1,1,1,1,1,0,1,1,1,1,1,1,0,0,1,1,1,1,1,1,0,0,1,1,1,1,1,1,0,0,0,1,1,1,1,1,0,1,1,1,1,1,1,1,1,1,0,1,1,1,1,1,1,1,1,0,0,0,1,0,1,1,1,0,1,0,0,1,1,1,1,1,1,0,0,1,0,0,0,1,1,0,1,1,1,0,1,0,1,0,1,1,1
1,1,1,1,0,1,1,1,0,1,0,0,0,0,0,1,1,1,1,0,1,1,1,1,1,1,1,0,1,0,1,0,1,1,1,0,0,0,1,1,1,1,0,1,1,1,1,1,1,0,0,1,0,1,1,0,0,1,1,1,1,1,0,1,1,1,0,1,1,1,1,1,1,0,0,1,0,1,0,1,1,0,0,1,0,1,0,1,1,1,1,1,0,0,0,0,1,1,1,1,1,1,0,0,1,1,1,1,0,1,1,1,1,1,1,1,1,1,1,1,0,1,0,1,0,1,0,1,1,1,1,1,1,0,0,1,1,1,1,1,0,0,1,1,1,1,1,1,0,0,1,0,1,1,1,1,0,0,0,1,1,1,1,1,0,1,0,1,1,0,1,1,1,1,0,1,1,1,0,1,1,1,1,0,0,0,1,1,1,1,1,0,1,0,0,1,1,1,1,1,1,0,0,1,0,0,0,1,1,0,1,1,1,0,1,0,1,0,1,1,1
1,1,1,1,0,1,1,1,0,1,0,0,0,0,0,1,1,1,1,0,1,1,1,1,1,1,1,0,1,0,1,0,1,1,1,0,0,0,1,1,1,1,0,1,1,1,1,1,1,0,0,1,0,1,1,0,0,1,1,1,1,1,0,1,1,1,0,1,1,1,1,1,1,0,0,1,0,1,0,1,1,0,0,1,0,1,0,1,1,1,1,1,0,0,0,0,1,1,1,1,1,1,0,0,1,1,1,1,0,1,1,1,1,1,1,1,1,1,1,1,0,1,0,1,0,1,0,1,1,1,1,1,1,0,0,1,1,1,1,1,0,0,1,1,1,1,1,1,0,0,1,0,1,1,1,1,0,0,0,1,1,1,1,1,0,1,0,1,1,0,1,1,1,1,0,1,1,1,0,1,1,1,1,0,0,0,1,1,1,1,1,0,1,0,0,1,1,1,1,1,1,0,0,1,0,0,0,1,1,0,1,1,1,0,1,0,1,0,1,1,1
1,1,1,1,0,1,1,1,0,1,0,0,0,0,0,1,1,1,1,0,1,1,1,1,1,1,1,0,1,0,1,0,1,1,1,0,0,0,1,1,1,1,0,1,1,1,1,1,1,0,0,1,0,1,1,0,0,1,1,1,1,1,0,1,1,1,0,1,1,1,1,1,1,0,0,1,0,1,0,1,1,0,0,1,0,1,0,1,1,1,1,1,0,0,0,0,1,1,1,1,1,1,0,0,1,1,1,1,0,1,1,1,1,1,1,1,1,1,1,1,0,1,0,1,0,1,0,1,1,1,1,1,1,0,0,1,1,1,1,1,0,0,1,1,1,1,1,1,0,0,1,0,1,1,1,1,0,0,0,1,1,1,1,1,0,1,0,1,1,0,1,1,1,1,0,1,1,1,0,1,1,1,1,0,0,0,1,1,1,1,1,0,1,0,0,1,1,1,1,1,1,0,0,1,0,0,0,1,1,0,1,1,1,0,1,0,1,0,1,1,1
1,1,1,1,0,1,1,0,0,1,0,0,0,0,0,1,1,1,1,0,1,1,1,1,1,1,1,0,1,0,1,0,1,1,1,0,0,0,1,1,1,1,0,1,1,1,1,1,1,0,0,1,0,1,1,0,0,1,1,1,1,1,0,1,1,1,0,1,1,1,1,0,1,0,0,1,0,0,0,1,0,0,0,1,0,0,0,1,1,1,1,1,0,0,0,0,1,1,1,1,1,1,0,0,1,1,1,0,0,1,1,1,1,1,1,1,1,1,1,1,0,1,0,1,0,1,0,1,1,1,1,1,0,0,0,1,1,1,1,1,0,0,1,1,1,1,1,1,0,0,1,0,1,1,1,1,0,0,0,1,1,1,1,1,0,1,1,1,1,0,1,0,0,1,0,1,1,1,0,1,1,1,1,0,0,0,1,0,0,1,1,0,0,0,0,1,1,1,1,1,1,0,0,0,0,0,0,1,1,0,1,1,1,0,1,0,1,0,1,1,1
1,1,1,1,0,1,1,0,0,1,0,0,0,0,0,1,1,1,1,0,1,1,1,1,1,1,1,0,1,0,1,0,1,1,1,0,0,0,1,1,1,1,0,1,1,1,1,1,1,0,0,1,0,1,1,0,0,1,1,1,1,1,0,1,1,1,0,1,1,1,1,0,1,0,0,1,0,0,0,1,0,0,0,1,0,0,0,1,1,1,1,1,0,0,0,0,1,1,1,1,1,1,0,0,1,1,1,0,0,1,1,1,1,1,1,1,1,1,1,1,0,1,0,1,0,1,0,1,1,1,1,1,0,0,0,1,1,1,1,1,0,0,1,1,1,1,1,1,0,0,1,0,1,1,1,1,0,0,0,1,1,1,1,1,0,1,1,1,1,0,1,0,0,1,0,1,1,1,0,1,1,1,1,0,0,0,1,0,0,1,1,0,0,0,0,1,1,1,1,1,1,0,0,0,0,0,0,1,1,0,1,1,1,0,1,0,1,0,1,1,1
1,1,1,1,0,1,1,0,0,1,0,0,0,0,0,1,1,1,1,0,1,1,1,1,1,1,1,0,1,0,1,0,1,1,1,0,0,0,1,1,1,1,0,1,1,1,1,1,1,0,0,1,0,1,1,0,0,1,1,1,1,1,0,1,1,1,0,1,1,1,1,0,1,0,0,1,0,0,0,1,0,0,0,1,0,0,0,1,1,1,1,1,0,0,0,0,1,1,1,1,1,1,0,0,1,1,1,0,0,1,1,1,1,1,1,1,1,1,1,1,0,1,0,1,0,1,0,1,1,1,1,1,0,0,0,1,1,1,1,1,0,0,1,1,1,1,1,1,0,0,1,0,1,1,1,1,0,0,0,1,1,1,1,1,0,1,1,1,1,0,1,0,0,1,0,1,1,1,0,1,1,1,1,0,0,0,1,0,0,1,1,0,0,0,0,1,1,1,1,1,1,0,0,0,0,0,0,1,1,0,1,1,1,0,1,0,1,0,1,1,1
1,1,1,1,0,1,1,1,0,1,0,0,0,0,0,1,1,1,1,0,1,1,1,1,1,1,1,0,1,0,1,0,1,1,1,0,0,0,1,1,1,1,1,1,1,1,1,1,1,0,0,1,0,1,1,0,0,1,1,1,1,1,0,1,1,1,0,1,1,1,1,0,1,0,0,1,0,0,0,1,0,0,0,1,0,0,0,1,1,1,1,1,0,0,0,0,1,1,1,1,1,1,0,0,1,1,1,0,0,1,1,1,1,1,1,1,1,1,1,1,0,1,0,1,1,1,0,1,1,1,1,1,0,0,0,1,1,1,1,1,0,0,1,1,1,1,1,1,0,0,1,1,1,1,1,1,0,0,0,1,1,1,1,1,0,1,1,1,1,0,1,0,0,1,0,1,1,1,1,1,1,1,1,0,0,0,1,0,0,1,1,0,0,0,0,1,1,1,1,1,1,0,0,0,0,0,0,1,1,0,1,1,1,0,1,0,1,0,1,1,1
0,1,0,1,1,1,1,0,0,0,1,0,1,1,0,0,0,1,1,0,0,1,1,0,0,1,1,0,1,1,1,0,0,1,0,0,0,0,1,0,0,1,1,1,1,1,0,1,1,0,1,1,1,1,1,1,0,0,0,0,1,1,1,1,1,1,1,1,1,0,1,1,1,0,0,1,0,1,0,1,1,0,1,1,1,1,0,1,1,1,0,1,1,1,1,1,1,0,0,1,0,1,1,1,1,1,1,1,0,1,1,1,0,0,0,1,1,0,1,0,1,1,1,0,1,0,1,0,0,0,1,0,1,1,0,1,0,0,1,0,1,1,0,1,1,0,0,1,1,0,0,1,0,0,0,1,0,1,0,0,1,0,0,1,1,0,0,0,0,0,1,1,1,0,1,0,1,1,1,0,1,0,0,1,1,1,0,0,1,0,0,0,1,0,0,0,0,0,0,0,0,0,0,1,0,0,0,0,0,0,0,1,0,0,0,0,0,0,0,1,0
0,1,0,0,0,1,1,0,0,0,0,0,0,0,0,1,1,1,0,0,1,1,0,0,0,1,1,0,0,0,1,0,0,0,0,0,0,0,0,1,0,1,1,1,0,0,0,1,1,0,0,0,0,0,0,0,0,1,1,0,0,0,1,0,0,0,0,0,1,0,0,1,0,1,0,0,0,0,0,0,1,0,0,0,0,0,0,0,0,0,1,0,0,0,0,1,0,1,0,0,0,0,0,0,0,0,0,1,0,0,0,1,1,1,0,0,0,1,0,0,1,0,0,1,0,0,0,1,1,0,0,0,1,0,1,0,1,0,0,1,0,1,0,0,0,1,1,0,0,0,1,0,0,1,1,0,0,1,1,1,0,0,1,0,0,1,0,0,1,1,0,0,0,1,0,1,1,0,0,0,0,1,0,1,1,0,1,1,1,1,0,0,1,0,0,1,0,1,1,0,0,0,0,1,0,0,0,0,1,0,1,0,0,0,0,0,1,0,1,0,0
1,1,1,1,0,1,1,1,0,1,0,0,0,0,0,1,1,1,1,0,1,1,1,1,1,1,1,0,1,1,1,0,1,1,0,0,0,0,1,1,1,1,1,1,1,1,1,1,1,0,0,1,0,1,1,0,0,1,1,1,1,1,0,1,1,1,0,1,1,0,1,1,1,0,0,1,0,1,0,1,1,0,0,1,0,1,0,1,1,1,1,1,0,0,0,0,1,1,1,1,1,1,0,0,1,1,1,1,0,1,1,1,1,1,1,1,1,1,1,1,0,1,0,1,0,1,0,1,1,1,1,1,1,0,1,1,1,1,1,1,0,0,1,1,1,1,1,1,0,0,1,0,0,1,1,1,0,0,0,1,1,1,1,1,0,1,1,1,1,1,1,1,1,1,0,1,1,1,0,1,1,1,0,0,0,0,1,0,1,1,1,0,1,0,0,1,1,1,1,1,1,0,0,1,0,0,0,1,1,0,1,1,1,0,1,0,1,0,1,1,1
0,1,0,0,0,1,1,1,0,0,0,0,0,0,0,1,1,1,0,0,1,1,0,0,0,1,1,0,0,0,1,0,0,0,0,0,0,0,0,1,0,1,1,1,0,0,0,1,1,0,0,0,0,0,0,0,0,1,1,0,0,0,1,0,0,0,0,0,1,0,0,1,0,1,0,0,0,0,0,0,1,0,0,0,0,0,0,0,0,0,1,0,0,0,0,1,0,1,0,0,0,0,0,0,0,0,0,1,0,0,0,1,1,1,0,0,0,1,0,0,1,0,0,1,1,0,0,1,1,0,0,0,1,0,1,0,1,0,0,1,0,1,0,0,0,1,1,0,0,0,1,1,0,1,1,0,0,1,1,1,0,0,1,0,0,1,0,0,1,1,0,0,0,1,0,1,1,0,1,0,0,1,0,1,1,0,1,0,1,1,0,1,1,0,0,1,0,1,1,0,0,1,0,1,0,0,0,0,1,0,1,0,0,0,0,0,1,0,1,0,0
0,1,0,0,0,1,1,0,0,0,0,0,0,0,0,0,1,1,0,0,0,0,0,0,0,1,1,0,0,0,1,0,0,0,0,0,0,0,0,1,0,1,1,1,0,0,0,1,1,0,0,0,0,0,0,0,0,1,1,0,0,0,1,0,0,0,0,0,1,0,0,1,0,1,0,0,0,0,0,0,1,0,0,0,0,0,0,0,0,0,1,0,0,0,0,1,0,1,0,0,0,0,0,0,0,0,0,1,0,0,0,1,1,1,0,0,0,1,0,0,1,0,0,1,0,0,0,1,1,0,0,0,1,0,1,0,1,0,0,1,0,1,0,0,0,1,1,0,0,0,1,0,0,1,1,0,0,1,1,1,0,0,1,0,0,1,1,0,1,1,0,0,0,1,0,1,1,0,0,0,0,1,0,1,1,0,1,0,1,1,0,0,1,0,0,1,0,1,1,0,0,0,0,1,0,0,0,0,1,0,1,0,0,0,0,0,1,0,1,0,0
0,1,0,0,0,1,1,0,0,0,1,0,1,1,0,0,1,1,0,0,0,0,0,0,0,1,1,0,0,0,1,0,0,0,0,0,0,0,0,1,0,1,1,1,0,0,0,1,1,0,0,0,0,0,0,0,0,1,1,0,0,0,1,0,0,0,0,0,1,0,0,1,0,1,0,0,0,0,0,0,1,0,0,0,0,0,0,0,0,0,1,0,0,0,0,1,0,1,0,0,0,0,0,0,0,0,0,1,0,0,0,1,1,1,0,0,0,1,0,0,1,0,0,1,0,0,0,1,1,0,0,0,1,0,1,0,1,0,0,1,0,1,0,0,0,1,1,0,0,0,1,0,0,1,1,0,0,1,1,1,0,0,1,0,0,1,0,0,1,1,0,0,0,1,0,1,1,0,0,0,0,1,0,1,1,0,1,1,1,1,0,0,1,0,0,1,0,1,1,0,0,0,0,1,0,0,0,0,1,0,1,0,0,0,0,0,1,0,1,0,0
0,1,0,0,0,1,1,0,0,0,1,0,1,1,0,0,1,1,0,0,0,0,0,0,0,1,1,0,0,0,1,0,0,0,0,0,0,0,0,1,0,1,1,1,0,0,0,1,1,0,0,0,0,0,0,0,0,1,1,0,0,0,1,0,0,0,0,0,1,0,0,1,0,1,0,0,0,0,0,0,1,0,0,0,0,0,0,0,0,0,1,0,0,0,0,1,0,1,0,0,0,0,0,0,0,0,0,1,0,0,0,1,1,1,0,0,0,1,0,0,1,0,0,1,0,0,0,1,1,0,0,0,1,0,1,0,1,0,0,1,0,1,0,0,0,1,1,0,0,0,1,0,0,1,1,0,0,1,1,1,0,0,1,0,0,1,0,0,1,1,0,0,0,1,0,1,1,0,0,0,0,1,0,1,1,0,1,0,1,1,0,1,1,0,0,1,0,1,1,0,0,1,0,1,0,0,0,0,1,0,1,0,0,0,0,0,1,0,1,0,0
0,1,0,0,0,1,1,0,0,0,0,0,0,0,0,1,1,1,0,0,1,1,0,0,0,1,1,0,0,0,1,0,0,0,0,0,0,0,0,1,0,1,1,1,0,0,0,1,1,0,0,0,0,0,0,0,0,1,1,0,0,0,1,0,0,0,0,0,1,0,0,1,0,1,0,0,0,0,0,0,1,0,0,0,0,0,0,0,0,0,1,0,0,0,0,1,0,1,0,0,0,0,0,0,0,0,0,1,0,0,0,1,1,1,0,0,0,1,0,0,1,0,0,1,0,0,0,1,1,0,0,0,1,0,1,0,1,0,0,1,0,1,0,0,0,1,1,0,0,0,1,0,0,1,1,0,0,1,1,1,0,0,1,0,0,1,1,0,1,1,0,0,0,1,0,1,1,0,0,0,0,1,0,1,1,0,1,0,1,1,0,0,1,0,0,1,0,1,1,0,0,0,0,1,0,0,0,0,1,0,1,0,0,0,0,0,1,0,1,0,0
0,1,0,1,0,1,1,0,0,0,1,0,1,1,0,0,0,1,1,0,0,0,0,0,0,1,1,0,1,0,1,0,0,1,0,0,0,0,1,1,0,1,0,1,1,1,0,1,0,1,1,1,0,1,1,0,1,1,1,1,1,1,1,1,1,1,0,1,1,0,1,1,1,0,1,1,0,0,0,1,0,1,1,1,0,1,1,1,1,1,1,1,0,0,1,0,1,1,0,1,0,1,0,1,1,1,1,0,0,1,1,1,1,1,0,1,1,1,1,0,0,1,0,1,0,0,0,1,1,0,1,1,0,0,0,1,1,0,0,1,0,0,0,1,0,1,1,1,0,1,0,0,0,1,0,0,1,0,0,1,1,0,0,1,0,1,0,0,1,0,1,1,1,1,0,1,1,1,0,0,1,1,0,0,0,0,1,1,0,1,0,0,0,0,0,1,1,0,1,0,0,0,0,0,0,0,1,0,1,0,0,1,0,0,0,0,1,0,0,1,0
0,1,0,1,0,1,1,0,0,0,1,0,1,1,0,0,0,1,1,0,0,0,0,0,0,1,1,0,1,0,1,0,0,1,0,0,0,0,1,1,0,1,0,1,1,1,0,1,0,1,1,1,0,1,1,0,1,1,1,1,1,1,1,1,1,1,0,1,1,0,1,1,1,0,1,1,0,0,0,1,0,1,1,1,0,1,1,1,1,1,1,1,0,0,1,0,1,1,0,1,0,1,0,1,1,1,1,0,0,1,1,1,1,1,0,1,1,1,1,0,0,1,0,1,0,0,0,1,1,0,1,1,0,0,0,1,1,0,0,1,0,0,0,1,0,1,1,1,0,1,0,0,0,1,0,0,1,0,0,1,1,0,0,1,0,1,0,0,1,0,1,1,1,1,0,1,1,1,0,0,1,1,0,0,0,0,1,1,0,1,0,0,0,0,0,1,1,0,1,0,0,0,0,0,0,0,1,0,1,0,0,1,0,0,0,0,1,0,0,1,0
0,1,0,1,1,1,1,1,1,0,0,0,0,0,0,1,1,1,1,1,1,1,0,1,0,1,1,0,1,0,1,1,0,1,0,0,0,0,1,1,0,1,1,1,1,1,0,1,1,0,0,1,1,1,1,1,1,1,1,1,1,1,1,1,1,1,0,1,1,0,1,1,1,0,0,1,0,1,1,1,1,0,0,1,1,1,1,1,1,1,1,1,1,1,0,1,1,1,0,1,0,1,1,0,1,0,1,1,0,1,1,1,1,1,0,1,1,1,1,0,1,1,1,1,0,0,1,1,1,0,1,0,1,1,0,1,1,0,1,1,1,1,0,1,1,1,1,1,1,0,1,0,0,1,0,1,0,1,0,1,1,0,0,1,1,1,1,0,1,0,1,1,0,1,1,1,1,1,0,0,1,1,0,1,0,1,1,0,1,1,0,1,1,0,0,1,1,1,0,0,0,1,1,1,0,0,0,1,0,0,0,0,0,0,1,0,0,0,0,0,0
0,1,0,1,1,1,1,1,1,1,0,0,0,0,0,1,1,1,1,1,1,1,0,1,0,1,1,0,1,0,1,1,1,1,0,0,0,0,1,1,1,1,1,1,1,1,1,1,1,0,0,1,1,1,1,1,1,1,1,1,1,1,1,1,1,1,0,1,1,0,1,1,1,0,0,1,0,1,1,1,1,0,0,1,1,1,1,1,1,1,1,1,1,1,0,1,1,1,1,1,1,1,1,0,1,0,1,1,0,1,1,1,1,1,0,1,1,1,1,1,1,1,1,1,0,0,1,1,1,0,1,0,1,1,0,1,1,1,1,1,1,1,1,1,1,1,1,1,1,0,1,0,0,1,0,1,0,1,0,1,1,0,0,1,1,1,1,0,1,0,1,1,0,1,1,1,1,1,0,0,1,1,0,1,0,1,1,0,1,1,0,1,1,0,0,1,1,1,0,0,0,1,1,1,0,0,0,1,0,0,0,0,0,0,1,0,0,0,0,0,0
0,1,0,1,1,1,1,1,1,0,0,0,0,0,0,1,1,1,1,1,1,1,0,1,0,1,1,0,1,0,1,1,0,1,0,0,0,0,1,1,0,1,1,1,1,1,0,1,1,0,0,1,1,1,1,1,1,1,1,1,1,1,1,1,1,1,0,1,1,0,1,1,1,0,0,1,0,1,1,1,1,0,0,1,1,1,1,1,1,1,1,1,1,1,0,1,1,1,0,1,0,1,1,0,1,0,1,1,0,1,1,1,1,1,0,1,1,1,1,0,1,1,1,1,0,0,1,1,1,0,1,0,1,1,0,1,1,0,1,1,1,1,0,1,1,1,1,1,1,0,1,0,0,1,0,1,0,1,0,1,1,0,0,1,1,1,1,0,1,0,1,1,0,1,1,1,1,1,0,0,1,1,0,1,0,1,1,0,1,1,0,1,1,0,0,1,1,1,0,0,0,1,1,1,0,0,0,1,0,0,0,0,0,0,1,0,0,0,0,0,0
1,1,0,1,1,1,1,1,1,0,0,0,0,0,0,1,1,1,1,1,1,1,0,1,0,1,1,0,1,0,1,1,0,1,0,0,0,0,1,1,0,1,1,1,1,1,0,1,1,0,0,1,1,1,1,1,1,1,1,1,1,1,1,1,1,1,0,1,1,0,1,1,1,0,0,1,0,1,1,1,1,0,0,1,1,1,1,1,1,1,1,1,1,1,0,1,1,1,0,1,0,1,1,0,1,0,1,1,0,1,1,1,1,1,0,1,1,1,1,0,1,1,1,1,1,0,1,1,1,0,1,0,1,1,0,1,1,0,1,1,1,1,0,1,1,1,1,1,1,0,1,1,0,1,0,1,0,1,0,1,1,0,0,1,1,1,1,0,1,0,1,1,0,1,1,1,1,1,1,0,1,1,0,1,0,1,1,0,1,1,0,1,1,0,0,1,1,1,0,0,0,1,1,1,0,0,0,1,0,0,0,0,0,0,1,0,0,0,0,0,0
0,1,0,1,1,1,1,1,1,0,0,0,0,0,0,1,1,1,1,1,1,1,0,1,0,1,1,0,1,0,1,1,0,1,0,0,0,0,1,0,0,1,1,1,1,1,0,1,1,0,0,1,1,1,1,1,1,0,0,1,1,1,1,1,1,1,0,1,1,0,1,1,1,0,0,1,0,1,1,1,1,0,0,1,1,1,1,1,1,1,0,1,1,1,0,1,1,0,0,1,0,1,1,0,1,0,1,1,0,1,1,1,0,0,0,1,1,1,1,0,1,1,1,0,0,0,1,1,1,0,1,0,1,1,0,1,0,0,1,1,1,1,0,1,1,1,0,1,1,0,1,0,0,1,0,1,0,1,0,0,1,0,0,1,1,1,1,0,1,0,1,1,0,0,1,1,1,1,0,0,1,1,0,1,0,1,1,0,1,1,0,0,1,0,0,1,1,1,0,0,0,0,0,1,0,0,0,0,0,0,0,0,0,0,0,0,0,0,0,0,0
0,1,0,1,1,1,1,1,1,1,0,0,0,0,0,1,1,1,1,1,1,1,0,1,0,1,1,0,1,0,1,1,1,1,0,0,0,0,1,0,1,1,1,1,1,1,1,1,1,0,0,1,1,1,1,1,1,0,0,1,1,1,1,1,1,1,0,1,1,0,1,1,1,0,0,1,0,1,1,1,1,0,0,1,1,1,1,1,1,1,0,1,1,1,0,1,1,0,1,1,1,1,1,0,1,0,1,1,0,1,1,1,0,0,0,1,1,1,1,1,1,1,1,0,0,0,1,1,1,0,1,0,1,1,0,1,0,1,1,1,1,1,1,1,1,1,0,1,1,0,1,0,0,1,0,1,0,1,0,0,1,0,0,1,1,1,1,0,1,0,1,1,0,0,1,1,1,1,0,0,1,1,0,1,0,1,1,0,1,1,0,0,1,0,0,1,1,1,0,0,0,0,0,1,0,0,0,0,0,0,0,0,0,0,0,0,0,0,0,0,0
0,1,0,1,1,1,1,1,1,0,0,0,0,0,0,1,1,1,1,1,1,1,0,1,0,1,1,0,1,0,1,1,0,1,0,0,0,0,1,0,0,1,1,1,1,1,0,1,1,0,0,1,1,1,1,1,1,0,0,1,1,1,1,1,1,1,0,1,1,0,1,1,1,0,0,1,0,1,1,1,1,0,0,1,1,1,1,1,1,1,0,1,1,1,0,1,1,0,0,1,0,1,1,0,1,0,1,1,0,1,1,1,0,0,0,1,1,1,1,0,1,1,1,0,0,0,1,1,1,0,1,0,1,1,0,1,0,0,1,1,1,1,0,1,1,1,0,1,1,0,1,0,0,1,0,1,0,1,0,0,1,0,0,1,1,1,1,0,1,0,1,1,0,0,1,1,1,1,0,0,1,1,0,1,0,1,1,0,1,1,0,0,1,0,0,1,1,1,0,0,0,0,0,1,0,0,0,0,0,0,0,0,0,0,0,0,0,0,0,0,0
0,1,0,1,1,1,1,1,1,0,0,0,0,0,0,1,1,1,1,1,1,1,0,1,0,1,1,0,1,0,1,1,0,1,0,0,0,0,1,1,0,1,1,1,1,1,0,1,1,0,0,1,1,1,1,1,1,1,1,1,1,1,1,1,1,1,0,1,1,0,1,1,1,0,0,1,0,1,1,1,1,0,0,1,1,1,1,1,1,1,1,1,1,1,0,1,1,1,0,1,0,1,1,0,1,0,1,1,0,1,1,1,1,1,0,1,1,1,1,0,1,1,1,1,1,0,1,1,1,0,1,0,1,1,0,1,1,0,1,1,1,1,0,1,1,1,1,1,1,0,1,1,0,1,0,1,0,1,0,1,1,0,0,1,1,1,1,0,1,0,1,1,0,1,1,1,1,1,1,0,1,1,0,1,0,1,1,0,1,1,0,0,1,0,0,1,1,1,0,0,0,0,0,1,0,0,0,0,0,0,0,0,0,0,0,0,0,0,0,0,0
1,1,0,1,1,1,1,1,1,0,0,0,0,0,0,1,1,1,1,1,1,1,0,1,0,1,1,0,1,0,1,1,0,1,0,0,0,0,1,1,0,1,1,1,1,1,0,1,1,0,0,1,1,1,1,1,1,1,1,1,1,1,1,1,1,1,0,1,1,0,1,1,1,0,0,1,0,1,1,1,1,0,0,1,1,1,1,1,1,1,1,1,1,1,0,1,1,1,0,1,0,1,1,0,1,0,1,1,0,1,1,1,1,1,1,1,1,1,1,0,1,1,1,1,0,1,1,1,1,0,1,0,1,1,0,1,1,0,1,1,1,1,0,1,1,1,1,1,1,0,1,0,0,1,0,1,0,1,0,1,1,1,0,1,1,1,1,0,1,0,1,1,0,1,1,1,1,1,0,1,1,1,0,1,0,1,1,1,1,1,0,1,1,0,0,1,1,1,1,0,0,1,1,1,0,0,0,1,1,0,0,0,1,0,1,0,1,0,0,0,1
1,1,0,1,1,1,1,1,1,1,0,0,0,0,0,1,1,1,1,1,1,1,0,1,0,1,1,0,1,0,1,1,1,1,0,0,0,0,1,1,1,1,1,1,1,1,1,1,1,0,0,1,1,1,1,1,1,1,1,1,1,1,1,1,1,1,0,1,1,0,1,1,1,0,0,1,0,1,1,1,1,0,0,1,1,1,1,1,1,1,1,1,1,1,0,1,1,1,1,1,1,1,1,0,1,0,1,1,0,1,1,1,1,1,1,1,1,1,1,1,1,1,1,1,0,1,1,1,1,0,1,0,1,1,0,1,1,1,1,1,1,1,1,1,1,1,1,1,1,0,1,0,0,1,0,1,0,1,0,1,1,1,0,1,1,1,1,0,1,0,1,1,0,1,1,1,1,1,0,1,1,1,0,1,0,1,1,1,1,1,0,1,1,0,0,1,1,1,1,0,0,1,1,1,0,0,0,1,1,0,0,0,1,0,1,0,1,0,0,0,1
1,1,0,1,1,1,1,1,1,0,0,0,0,0,0,1,1,1,1,1,1,1,0,1,0,1,1,0,1,0,1,1,0,1,0,0,0,0,1,1,0,1,1,1,1,1,0,1,1,0,0,1,1,1,1,1,1,1,1,1,1,1,1,1,1,1,0,1,1,0,1,1,1,0,0,1,0,1,1,1,1,0,0,1,1,1,1,1,1,1,1,1,1,1,0,1,1,1,0,1,0,1,1,0,1,0,1,1,0,1,1,1,1,1,1,1,1,1,1,0,1,1,1,1,0,1,1,1,1,0,1,0,1,1,0,1,1,0,1,1,1,1,0,1,1,1,1,1,1,0,1,0,0,1,0,1,0,1,0,1,1,1,0,1,1,1,1,0,1,0,1,1,0,1,1,1,1,1,0,1,1,1,0,1,0,1,1,1,1,1,0,1,1,0,0,1,1,1,1,0,0,1,1,1,0,0,0,1,1,0,0,0,1,0,1,0,1,0,0,0,1
1,1,0,1,1,1,1,1,1,0,0,0,0,0,0,1,1,1,1,1,1,1,0,1,0,1,1,0,1,0,1,1,0,1,0,0,0,0,1,1,0,1,1,1,1,1,0,1,1,0,0,1,1,1,1,1,1,1,1,1,1,1,1,1,1,1,0,1,1,0,1,1,1,0,0,1,0,1,1,1,1,0,0,1,1,1,1,1,1,1,1,1,1,1,0,1,1,1,0,1,0,1,1,0,1,0,1,1,0,1,1,1,1,1,1,1,1,1,1,0,1,1,1,1,1,1,1,1,1,0,1,0,1,1,0,1,1,0,1,1,1,1,0,1,1,1,1,1,1,0,1,1,0,1,0,1,0,1,0,1,1,1,0,1,1,1,1,0,1,0,1,1,0,1,1,1,1,1,1,1,1,1,0,1,0,1,1,1,1,1,0,1,1,0,0,1,1,1,1,0,0,1,1,1,0,0,0,1,1,0,0,0,1,0,1,0,1,0,0,0,1
0,1,0,1,1,1,1,1,1,0,0,0,0,0,0,1,1,1,1,1,1,1,0,1,0,1,1,0,1,0,1,1,0,1,0,0,0,0,1,1,0,1,1,1,1,1,0,1,1,0,0,1,1,1,1,1,1,1,1,1,1,1,1,0,1,1,0,1,1,0,1,1,1,0,0,1,0,0,1,1,1,0,0,1,1,0,1,1,1,1,1,1,1,1,0,1,1,1,0,1,0,1,1,0,1,0,1,1,0,1,1,1,1,1,0,1,1,1,1,0,1,1,1,1,0,0,1,1,1,0,1,0,1,1,0,1,1,0,1,1,1,1,0,1,1,1,1,1,1,0,1,0,0,1,0,1,0,1,0,1,1,0,0,1,1,1,1,0,1,0,1,0,0,1,1,1,1,1,0,0,1,1,0,1,0,1,1,0,1,1,0,1,1,0,0,1,1,1,0,0,0,1,1,1,0,0,0,1,0,0,0,0,0,0,1,0,0,0,0,0,0
0,1,0,1,1,1,1,1,1,1,0,0,0,0,0,1,1,1,1,1,1,1,0,1,0,1,1,0,1,0,1,1,1,1,0,0,0,0,1,1,1,1,1,1,1,1,1,1,1,0,0,1,1,1,1,1,1,1,1,1,1,1,1,0,1,1,0,1,1,0,1,1,1,0,0,1,0,0,1,1,1,0,0,1,1,0,1,1,1,1,1,1,1,1,0,1,1,1,1,1,1,1,1,0,1,0,1,1,0,1,1,1,1,1,0,1,1,1,1,1,1,1,1,1,0,0,1,1,1,0,1,0,1,1,0,1,1,1,1,1,1,1,1,1,1,1,1,1,1,0,1,0,0,1,0,1,0,1,0,1,1,0,0,1,1,1,1,0,1,0,1,0,0,1,1,1,1,1,0,0,1,1,0,1,0,1,1,0,1,1,0,1,1,0,0,1,1,1,0,0,0,1,1,1,0,0,0,1,0,0,0,0,0,0,1,0,0,0,0,0,0
0,1,0,1,1,1,1,1,1,0,0,0,0,0,0,1,1,1,1,1,1,1,0,1,0,1,1,0,1,0,1,1,0,1,0,0,0,0,1,1,0,1,1,1,1,1,0,1,1,0,0,1,1,1,1,1,1,1,1,1,1,1,1,0,1,1,0,1,1,0,1,1,1,0,0,1,0,0,1,1,1,0,0,1,1,0,1,1,1,1,1,1,1,1,0,1,1,1,0,1,0,1,1,0,1,0,1,1,0,1,1,1,1,1,0,1,1,1,1,0,1,1,1,1,0,0,1,1,1,0,1,0,1,1,0,1,1,0,1,1,1,1,0,1,1,1,1,1,1,0,1,0,0,1,0,1,0,1,0,1,1,0,0,1,1,1,1,0,1,0,1,0,0,1,1,1,1,1,0,0,1,1,0,1,0,1,1,0,1,1,0,1,1,0,0,1,1,1,0,0,0,1,1,1,0,0,0,1,0,0,0,0,0,0,1,0,0,0,0,0,0
0,1,0,1,1,1,1,1,1,0,0,0,0,0,0,1,1,1,1,1,1,1,0,1,0,1,1,0,1,0,1,1,0,1,0,0,0,0,1,1,0,1,1,1,1,1,0,1,1,0,0,1,1,1,1,1,1,1,1,1,1,1,1,0,1,1,0,1,1,0,1,1,1,0,0,1,0,0,1,1,1,0,0,1,1,0,1,1,1,1,1,1,1,1,0,1,1,1,0,1,0,1,1,0,1,0,1,1,0,1,1,1,1,1,0,1,1,1,1,0,1,1,1,1,1,0,1,1,1,0,1,0,1,1,0,1,1,0,1,1,1,1,0,1,1,1,1,1,1,0,1,1,0,1,0,1,0,1,0,1,1,0,0,1,1,1,1,0,1,0,1,0,0,1,1,1,1,1,0,0,1,1,0,1,0,1,1,0,1,1,0,1,1,0,0,1,1,1,0,0,0,1,1,1,0,0,0,1,0,0,0,0,0,0,1,0,0,0,0,0,0
0,1,0,1,1,1,1,1,1,0,0,0,0,0,0,1,1,1,1,1,1,1,0,1,0,1,1,0,1,0,1,1,0,1,0,0,0,0,1,0,0,1,1,1,1,1,0,1,1,0,0,1,1,1,1,1,1,0,0,1,1,1,1,0,1,1,0,1,1,0,1,1,1,0,0,1,0,0,1,1,1,0,0,1,1,0,1,1,1,1,0,1,1,1,0,1,1,0,0,1,0,1,1,0,1,0,1,1,0,1,1,1,0,0,0,1,1,1,1,0,1,1,1,0,0,0,1,1,1,0,1,0,1,1,0,1,0,0,1,1,1,1,0,1,1,1,0,1,1,0,1,0,0,1,0,1,0,1,0,0,1,0,0,1,1,1,1,0,1,0,1,0,0,0,1,1,1,1,0,0,1,1,0,1,0,1,1,0,1,1,0,0,1,0,0,1,1,1,0,0,0,0,0,1,0,0,0,0,0,0,0,0,0,0,0,0,0,0,0,0,0
0,1,0,1,1,1,1,1,1,1,0,0,0,0,0,1,1,1,1,1,1,1,0,1,0,1,1,0,1,0,1,1,1,1,0,0,0,0,1,0,1,1,1,1,1,1,1,1,1,0,0,1,1,1,1,1,1,0,0,1,1,1,1,0,1,1,0,1,1,0,1,1,1,0,0,1,0,0,1,1,1,0,0,1,1,0,1,1,1,1,0,1,1,1,0,1,1,0,1,1,1,1,1,0,1,0,1,1,0,1,1,1,0,0,0,1,1,1,1,1,1,1,1,0,0,0,1,1,1,0,1,0,1,1,0,1,0,1,1,1,1,1,1,1,1,1,0,1,1,0,1,0,0,1,0,1,0,1,0,0,1,0,0,1,1,1,1,0,1,0,1,0,0,0,1,1,1,1,0,0,1,1,0,1,0,1,1,0,1,1,0,0,1,0,0,1,1,1,0,0,0,0,0,1,0,0,0,0,0,0,0,0,0,0,0,0,0,0,0,0,0
0,1,0,1,1,1,1,1,1,0,0,0,0,0,0,1,1,1,1,1,1,1,0,1,0,1,1,0,1,0,1,1,0,1,0,0,0,0,1,0,0,1,1,1,1,1,0,1,1,0,0,1,1,1,1,1,1,0,0,1,1,1,1,0,1,1,0,1,1,0,1,1,1,0,0,1,0,0,1,1,1,0,0,1,1,0,1,1,1,1,0,1,1,1,0,1,1,0,0,1,0,1,1,0,1,0,1,1,0,1,1,1,0,0,0,1,1,1,1,0,1,1,1,0,0,0,1,1,1,0,1,0,1,1,0,1,0,0,1,1,1,1,0,1,1,1,0,1,1,0,1,0,0,1,0,1,0,1,0,0,1,0,0,1,1,1,1,0,1,0,1,0,0,0,1,1,1,1,0,0,1,1,0,1,0,1,1,0,1,1,0,0,1,0,0,1,1,1,0,0,0,0,0,1,0,0,0,0,0,0,0,0,0,0,0,0,0,0,0,0,0
0,1,0,1,1,1,1,1,1,0,0,0,0,0,0,1,1,1,1,1,1,1,0,1,0,1,1,0,1,0,1,1,0,1,0,0,0,0,1,1,0,1,1,1,1,1,0,1,1,0,0,1,1,1,1,1,1,1,1,1,1,1,1,0,1,1,0,1,1,0,1,1,1,0,0,1,0,0,1,1,1,0,0,1,1,0,1,1,1,1,1,1,1,1,0,1,1,1,0,1,0,1,1,0,1,0,1,1,0,1,1,1,1,1,0,1,1,1,1,0,1,1,1,1,1,0,1,1,1,0,1,0,1,1,0,1,1,0,1,1,1,1,0,1,1,1,1,1,1,0,1,1,0,1,0,1,0,1,0,1,1,0,0,1,1,1,1,0,1,0,1,0,0,1,1,1,1,1,0,0,1,1,0,1,0,1,1,0,1,1,0,0,1,0,0,1,1,1,0,0,0,0,0,1,0,0,0,0,0,0,0,0,0,0,0,0,0,0,0,0,0
0,1,0,1,1,1,1,1,1,0,0,0,0,0,0,1,1,1,1,1,1,1,0,1,0,1,1,0,1,0,1,1,0,1,0,0,0,0,1,1,0,1,1,1,1,1,0,1,1,0,0,1,1,1,1,1,1,1,1,1,1,1,1,0,1,1,0,1,1,0,1,1,1,0,0,1,0,0,1,1,1,0,0,1,1,0,1,1,1,1,1,1,1,1,0,1,1,1,0,1,0,1,1,0,1,0,1,1,0,1,1,1,1,1,1,1,1,1,1,0,1,1,1,1,0,1,1,1,1,0,1,0,1,1,0,1,1,0,1,1,1,1,0,1,1,1,1,1,1,0,1,0,0,1,0,1,0,1,0,1,1,1,0,1,1,1,1,0,1,0,1,0,0,1,1,1,1,1,0,1,1,1,0,1,0,1,1,1,1,1,0,1,1,0,0,1,1,1,1,0,0,1,1,1,0,0,0,1,1,0,0,0,1,0,1,0,1,0,0,0,1
0,1,0,1,1,1,1,1,1,1,0,0,0,0,0,1,1,1,1,1,1,1,0,1,0,1,1,0,1,0,1,1,1,1,0,0,0,0,1,1,1,1,1,1,1,1,1,1,1,0,0,1,1,1,1,1,1,1,1,1,1,1,1,0,1,1,0,1,1,0,1,1,1,0,0,1,0,0,1,1,1,0,0,1,1,0,1,1,1,1,1,1,1,1,0,1,1,1,1,1,1,1,1,0,1,0,1,1,0,1,1,1,1,1,1,1,1,1,1,1,1,1,1,1,0,1,1,1,1,0,1,0,1,1,0,1,1,1,1,1,1,1,1,1,1,1,1,1,1,0,1,0,0,1,0,1,0,1,0,1,1,1,0,1,1,1,1,0,1,0,1,0,0,1,1,1,1,1,0,1,1,1,0,1,0,1,1,1,1,1,0,1,1,0,0,1,1,1,1,0,0,1,1,1,0,0,0,1,1,0,0,0,1,0,1,0,1,0,0,0,1
0,1,0,1,1,1,1,1,1,0,0,0,0,0,0,1,1,1,1,1,1,1,0,1,0,1,1,0,1,0,1,1,0,1,0,0,0,0,1,1,0,1,1,1,1,1,0,1,1,0,0,1,1,1,1,1,1,1,1,1,1,1,1,0,1,1,0,1,1,0,1,1,1,0,0,1,0,0,1,1,1,0,0,1,1,0,1,1,1,1,1,1,1,1,0,1,1,1,0,1,0,1,1,0,1,0,1,1,0,1,1,1,1,1,1,1,1,1,1,0,1,1,1,1,0,1,1,1,1,0,1,0,1,1,0,1,1,0,1,1,1,1,0,1,1,1,1,1,1,0,1,0,0,1,0,1,0,1,0,1,1,1,0,1,1,1,1,0,1,0,1,0,0,1,1,1,1,1,0,1,1,1,0,1,0,1,1,1,1,1,0,1,1,0,0,1,1,1,1,0,0,1,1,1,0,0,0,1,1,0,0,0,1,0,1,0,1,0,0,0,1
1,1,0,1,1,1,1,1,1,0,0,0,0,0,0,1,1,1,1,1,1,1,0,1,0,1,1,0,1,0,1,1,0,1,0,0,0,0,1,1,0,1,1,1,1,1,0,1,1,0,0,1,1,1,1,1,1,1,1,1,1,1,1,0,1,1,0,1,1,0,1,1,1,0,0,1,0,0,1,1,1,0,0,1,1,0,1,1,1,1,1,1,1,1,0,1,1,1,0,1,0,1,1,0,1,0,1,1,0,1,1,1,1,1,1,1,1,1,1,0,1,1,1,1,1,1,1,1,1,0,1,0,1,1,0,1,1,0,1,1,1,1,0,1,1,1,1,1,1,0,1,1,0,1,0,1,0,1,0,1,1,1,0,1,1,1,1,0,1,0,1,0,0,1,1,1,1,1,0,1,1,1,0,1,0,1,1,1,1,1,0,1,1,0,0,1,1,1,1,0,0,1,1,1,0,0,0,1,1,0,0,0,1,0,1,0,1,0,0,0,1
0,1,0,1,0,1,1,1,1,1,1,0,0,1,0,1,1,1,1,0,0,1,0,0,0,1,1,0,1,0,1,1,1,1,0,0,0,0,1,1,1,1,1,1,0,0,1,1,1,0,0,1,0,1,1,0,0,1,1,0,0,0,1,1,1,0,0,0,1,0,0,1,0,1,0,1,0,1,0,0,1,0,0,1,0,1,0,0,1,0,1,0,0,0,0,1,1,1,1,1,1,0,0,0,0,0,0,1,1,0,0,1,1,1,0,1,1,1,1,1,1,0,0,1,1,0,1,1,1,0,0,0,1,0,0,1,1,1,0,1,0,1,1,1,0,1,1,1,1,0,1,1,0,1,1,0,0,1,0,1,1,0,1,1,0,1,0,0,1,0,1,1,1,1,0,1,1,1,1,0,1,1,0,1,1,0,1,0,1,1,0,1,0,1,1,1,0,0,0,0,0,1,0,0,0,0,0,0,0,0,0,0,0,0,0,0,0,0,0,0,0
0,0,0,1,1,1,1,0,0,0,0,0,0,0,0,1,1,1,0,1,1,0,0,0,0,1,1,1,0,0,1,0,0,1,1,0,0,0,1,0,0,1,0,1,1,1,0,1,1,1,1,0,0,1,0,0,0,0,0,0,0,1,1,0,1,1,1,1,1,0,1,1,1,0,1,1,0,1,0,1,1,1,1,1,0,1,0,1,1,1,0,1,0,0,1,1,1,0,0,1,0,1,0,1,1,0,1,1,0,1,1,1,0,0,0,1,1,0,1,0,1,1,0,0,0,0,0,0,0,0,1,1,1,0,0,1,0,0,0,0,0,1,0,1,0,0,0,1,0,0,0,0,0,0,0,0,0,1,0,0,1,0,0,1,0,0,0,0,0,0,0,0,0,0,0,0,1,1,0,0,1,0,0,1,1,0,0,0,0,0,0,0,0,0,0,0,0,0,0,0,0,0,0,0,0,0,0,0,0,0,0,0,0,0,0,0,0,0,0,0,0
0,0,0,1,1,1,1,0,0,0,0,0,0,0,0,1,1,1,0,1,1,0,0,0,0,1,1,1,0,0,1,0,0,0,1,0,0,0,0,0,0,1,0,0,0,1,0,1,1,1,1,0,0,1,0,0,0,0,0,0,0,1,1,0,0,1,1,1,1,0,1,0,0,0,1,0,0,0,0,1,0,1,1,1,0,0,0,1,1,1,0,1,0,0,1,0,1,0,0,1,0,1,0,1,1,0,1,0,0,1,1,1,0,0,0,1,1,0,1,0,0,1,0,0,0,0,0,0,0,0,1,1,0,0,0,1,0,0,0,0,0,0,0,1,0,0,0,1,0,0,0,0,0,0,0,0,0,0,0,0,1,0,0,1,0,0,0,0,0,0,0,0,0,0,0,0,1,1,0,0,1,0,0,0,0,0,0,0,0,0,0,0,0,0,0,0,0,0,0,0,0,0,0,0,0,0,0,0,0,0,0,0,0,0,0,0,0,0,0,0,0
0,1,0,1,1,1,1,0,0,0,0,0,0,0,0,1,1,1,0,1,1,1,0,0,0,1,1,0,0,0,1,0,0,0,1,0,0,0,1,1,0,1,0,1,0,1,0,1,0,1,1,1,0,1,1,0,0,1,1,0,0,1,1,0,0,1,0,1,0,1,1,0,0,0,1,1,0,0,0,1,0,1,1,1,0,0,0,1,1,1,0,1,0,0,1,0,1,1,0,1,0,1,0,1,1,0,1,0,0,1,1,1,1,0,0,1,1,1,1,0,0,1,0,0,0,0,1,1,1,0,1,1,0,0,0,1,0,0,1,0,0,0,0,1,1,0,1,1,1,0,0,0,1,1,0,1,0,0,0,0,1,0,0,1,0,1,1,0,1,0,0,0,0,1,0,1,1,1,0,0,1,0,1,0,0,0,1,0,0,1,0,0,0,0,0,0,1,1,0,0,0,0,0,0,0,0,0,1,0,0,1,0,0,0,1,1,0,0,1,0,0
0,1,0,1,1,1,1,0,0,1,0,0,0,0,0,1,1,1,0,1,1,1,0,0,0,1,1,0,0,0,1,0,1,0,1,0,0,0,1,1,1,1,0,1,0,1,1,1,0,1,1,0,0,1,1,0,0,1,1,0,0,1,1,0,0,1,0,1,0,1,1,0,0,0,1,1,0,0,0,1,0,1,1,1,0,0,0,1,1,1,0,1,0,0,1,0,1,1,1,1,1,1,0,1,1,0,1,0,0,1,1,1,1,0,0,1,1,1,1,1,0,1,0,0,0,0,1,1,1,0,1,1,0,0,0,1,0,1,1,0,0,0,1,1,1,0,1,1,1,0,0,0,1,1,0,1,0,0,0,0,1,0,0,1,0,1,1,0,1,0,0,0,0,1,0,1,1,1,0,0,1,0,1,0,0,0,1,0,0,1,0,0,0,0,0,0,1,1,0,0,0,0,0,0,0,0,0,0,0,0,1,0,0,0,0,1,0,0,1,0,0
0,1,0,1,1,1,1,1,1,0,1,0,1,1,0,0,0,1,1,0,0,0,0,0,0,1,1,0,1,0,1,1,0,1,1,0,0,0,1,1,0,1,0,1,0,1,0,1,0,1,1,1,1,1,1,1,0,1,1,0,0,1,0,1,1,1,0,1,0,1,1,0,0,0,1,1,0,0,0,1,0,1,1,1,1,0,0,1,1,1,0,1,1,1,1,0,1,1,0,1,0,1,0,1,0,1,0,0,0,1,1,1,1,0,0,1,1,1,1,0,0,1,1,0,0,0,0,1,1,0,1,0,0,0,0,1,0,0,0,0,0,0,0,1,0,0,1,1,0,0,0,0,1,1,0,0,0,0,0,0,1,0,0,1,0,1,1,0,1,0,1,0,0,1,1,1,1,1,0,0,1,0,1,0,0,1,1,0,0,1,0,0,0,0,0,0,1,1,0,0,0,0,0,0,0,0,0,1,0,0,1,0,0,0,1,1,0,0,1,0,0
0,1,0,1,1,1,1,1,1,1,1,0,1,1,0,0,0,1,1,0,0,0,0,0,0,1,1,0,1,0,1,1,1,1,1,0,0,0,1,1,1,1,0,1,0,1,1,1,0,1,1,0,1,1,1,1,0,1,1,0,0,1,0,1,1,1,0,1,0,1,1,0,0,0,1,1,0,0,0,1,0,1,1,1,1,0,0,1,1,1,0,1,1,1,1,0,1,1,1,1,1,1,0,1,0,1,0,0,0,1,1,1,1,0,0,1,1,1,1,1,0,1,1,0,0,0,0,1,1,0,1,0,0,0,0,1,0,1,0,0,0,0,1,1,0,0,1,1,0,0,0,0,1,1,0,0,0,0,0,0,1,0,0,1,0,1,1,0,1,0,1,0,0,1,1,1,1,1,0,0,1,0,1,0,0,1,1,0,0,1,0,0,0,0,0,0,1,1,0,0,0,0,0,0,0,0,0,0,0,0,1,0,0,0,0,1,0,0,1,0,0
0,1,0,1,1,1,1,0,0,1,1,0,1,1,0,1,1,1,1,0,0,1,0,0,0,1,1,0,1,0,1,0,1,1,1,0,0,1,1,1,1,1,0,1,0,0,1,1,0,0,0,1,1,1,1,0,0,1,1,0,0,0,1,1,1,1,0,0,0,1,1,1,1,0,1,1,0,0,0,1,0,0,1,1,1,1,0,1,1,1,0,1,1,1,0,0,1,1,1,1,1,1,1,1,1,0,1,0,0,1,1,1,1,0,0,1,1,1,1,1,0,1,1,0,0,0,1,1,1,0,1,0,0,0,0,1,0,1,1,0,1,0,1,1,0,0,1,1,1,0,0,0,1,1,0,0,0,0,0,0,1,0,0,1,1,1,1,0,1,0,1,1,1,1,1,1,1,1,0,0,1,0,1,0,0,1,1,0,0,1,0,0,0,0,0,0,1,1,0,0,0,0,0,0,0,0,0,1,0,0,1,0,0,0,1,1,0,0,1,0,0
0,1,0,1,1,1,1,0,0,1,1,0,1,1,0,1,1,1,1,0,0,1,0,0,0,1,1,0,1,0,1,0,1,1,1,0,0,1,1,1,1,1,0,1,0,0,1,1,0,0,0,0,1,1,1,0,0,1,1,0,0,0,1,1,1,1,0,0,0,1,1,1,1,0,1,1,0,0,0,1,0,0,1,1,1,1,0,1,1,1,0,1,1,1,0,0,1,1,1,1,1,1,1,1,1,0,1,0,0,1,1,1,1,0,0,1,1,1,1,1,0,1,1,0,0,0,1,1,1,0,1,0,0,0,0,1,0,1,1,0,1,0,1,1,0,0,1,1,1,0,0,0,1,1,0,0,0,0,0,0,1,0,0,1,1,1,1,0,1,0,1,1,1,1,1,1,1,1,0,0,1,0,1,0,0,1,1,0,0,1,0,0,0,0,0,0,1,1,0,0,0,0,0,0,0,0,0,0,0,0,1,0,0,0,0,1,0,0,1,0,0
0,1,0,1,1,1,1,0,0,0,1,0,1,1,0,0,0,1,1,0,0,0,0,0,0,1,1,0,1,0,1,0,0,1,1,0,0,0,1,1,0,1,0,1,1,1,0,1,0,1,1,1,0,1,1,0,0,1,1,0,1,1,0,1,1,1,0,1,0,1,1,0,1,0,1,1,0,0,0,1,0,1,1,1,0,0,0,1,1,1,0,1,0,0,1,0,1,1,0,1,0,1,0,1,1,1,1,0,0,1,1,1,1,0,0,1,1,1,1,0,0,1,0,0,0,0,0,1,1,0,1,1,0,0,0,1,0,0,1,0,0,0,0,1,1,0,1,1,0,0,0,0,1,1,0,1,0,0,0,0,1,0,0,1,0,1,1,0,1,0,1,0,0,1,0,1,1,1,0,0,1,0,1,0,0,0,1,0,0,1,0,0,0,0,0,0,1,1,0,0,0,0,0,0,0,0,0,1,0,0,1,0,0,0,1,1,0,0,1,0,0
0,1,0,1,1,1,1,0,0,1,1,0,1,1,0,0,0,1,1,0,0,0,0,0,0,1,1,0,1,0,1,0,1,1,1,0,0,0,1,1,1,1,0,1,1,1,1,1,0,1,1,0,0,1,1,0,0,1,1,0,1,1,0,1,1,1,0,1,0,1,1,0,1,0,1,1,0,0,0,1,0,1,1,1,0,0,0,1,1,1,0,1,0,0,1,0,1,1,1,1,1,1,0,1,1,1,1,0,0,1,1,1,1,0,0,1,1,1,1,1,0,1,0,0,0,0,0,1,1,0,1,1,0,0,0,1,0,1,1,0,0,0,1,1,1,0,1,1,0,0,0,0,1,1,0,1,0,0,0,0,1,0,0,1,0,1,1,0,1,0,1,0,0,1,0,1,1,1,0,0,1,0,1,0,0,0,1,0,0,1,0,0,0,0,0,0,1,1,0,0,0,0,0,0,0,0,0,0,0,0,1,0,0,0,0,1,0,0,1,0,0
0,1,0,1,0,1,1,0,0,0,0,0,0,0,0,1,1,1,1,0,0,1,0,0,0,1,1,0,1,0,1,0,0,1,1,0,0,0,0,1,0,1,1,1,0,1,0,1,1,1,1,1,1,1,0,1,0,1,1,0,0,1,0,1,1,1,0,1,1,1,1,0,0,0,1,0,1,0,0,1,0,1,1,1,1,0,0,1,1,1,1,1,1,1,1,0,1,1,0,1,0,1,1,1,1,1,1,0,0,1,1,1,1,1,0,1,1,1,1,0,0,1,1,1,1,0,0,1,1,0,1,1,0,0,0,1,1,0,0,1,1,0,0,1,0,1,1,1,0,0,1,1,1,1,1,0,0,0,0,1,1,0,1,1,1,1,1,0,1,0,0,0,0,1,1,1,1,1,1,0,1,1,1,0,0,1,1,1,0,1,0,0,0,0,0,0,1,1,0,0,0,0,0,0,0,0,0,1,0,0,1,0,0,0,1,1,0,0,1,0,0
0,1,0,1,0,1,1,0,0,1,0,0,0,0,0,1,1,1,1,0,0,1,0,0,0,1,1,0,1,0,1,0,1,1,1,0,0,0,0,1,1,1,1,1,0,1,1,1,1,1,1,0,1,1,0,1,0,1,1,0,0,1,0,1,1,1,0,1,1,1,1,0,0,0,1,0,1,0,0,1,0,1,1,1,1,0,0,1,1,1,1,1,1,1,1,0,1,1,1,1,1,1,1,1,1,1,1,0,0,1,1,1,1,1,0,1,1,1,1,1,0,1,1,1,1,0,0,1,1,0,1,1,0,0,0,1,1,1,0,1,1,0,1,1,0,1,1,1,0,0,1,1,1,1,1,0,0,0,0,1,1,0,1,1,1,1,1,0,1,0,0,0,0,1,1,1,1,1,1,0,1,1,1,0,0,1,1,1,0,1,0,0,0,0,0,0,1,1,0,0,0,0,0,0,0,0,0,0,0,0,1,0,0,0,0,1,0,0,1,0,0
0,1,0,1,0,1,1,1,0,0,0,0,0,0,0,1,1,1,1,0,0,1,0,0,0,0,1,0,0,0,1,0,0,1,1,0,0,0,1,1,0,1,1,1,0,0,0,1,1,0,0,1,0,1,1,0,0,1,1,0,0,0,1,1,1,0,0,0,1,1,1,1,0,0,1,1,0,1,0,1,1,0,1,1,0,1,0,0,1,0,0,0,0,0,0,0,1,1,0,1,0,0,0,0,0,1,0,0,0,1,0,1,1,0,0,1,1,1,1,0,0,1,0,0,1,0,0,1,1,0,1,0,0,0,0,1,0,0,0,0,0,0,0,1,0,0,1,1,0,0,1,1,1,1,0,0,0,0,0,0,1,0,0,1,0,1,1,0,1,0,1,1,1,1,0,1,1,1,1,0,1,0,1,0,0,0,1,0,0,1,0,0,0,0,0,0,1,1,0,0,0,0,0,0,0,0,0,1,0,0,1,0,0,0,1,1,0,0,1,0,0
0,1,0,1,0,1,1,1,0,1,0,0,0,0,0,1,1,1,1,0,0,1,0,0,0,0,1,0,0,0,1,0,1,1,1,0,0,0,1,1,1,1,1,1,0,0,1,1,1,0,0,0,0,1,1,0,0,1,1,0,0,0,1,1,1,0,0,0,1,1,1,1,0,0,1,1,0,1,0,1,1,0,1,1,0,1,0,0,1,0,0,0,0,0,0,0,1,1,1,1,1,0,0,0,0,1,0,0,0,1,0,1,1,0,0,1,1,1,1,1,0,1,0,0,1,0,0,1,1,0,1,0,0,0,0,1,0,1,0,0,0,0,1,1,0,0,1,1,0,0,1,1,1,1,0,0,0,0,0,0,1,0,0,1,0,1,1,0,1,0,1,1,1,1,0,1,1,1,1,0,1,0,1,0,0,0,1,0,0,1,0,0,0,0,0,0,1,1,0,0,0,0,0,0,0,0,0,0,0,0,1,0,0,0,0,1,0,0,1,0,0
0,1,0,1,0,1,1,0,0,0,0,0,0,0,0,1,1,1,1,0,0,1,0,0,0,0,1,0,0,0,1,0,0,1,1,0,0,0,1,1,0,1,1,1,0,0,0,1,1,0,0,1,0,1,1,0,0,1,1,0,0,0,1,1,1,0,0,0,1,1,1,0,0,0,1,1,0,0,0,1,0,0,1,1,0,0,0,0,1,0,0,0,0,0,0,0,1,1,0,1,0,0,0,0,0,1,0,0,0,1,0,1,1,0,0,1,1,1,1,0,0,1,0,0,1,0,0,1,1,0,1,0,0,0,0,1,0,0,0,0,0,0,0,1,0,0,1,1,0,0,1,1,1,1,0,0,0,0,0,0,1,0,0,1,0,1,1,0,1,0,1,0,0,1,0,1,1,1,1,0,1,0,1,0,0,0,1,0,0,1,0,0,0,0,0,0,1,1,0,0,0,0,0,0,0,0,0,1,0,0,1,0,0,0,1,1,0,0,1,0,0
0,1,0,1,0,1,1,0,0,1,0,0,0,0,0,1,1,1,1,0,0,1,0,0,0,0,1,0,0,0,1,0,1,1,1,0,0,0,1,1,1,1,1,1,0,0,1,1,1,0,0,0,0,1,1,0,0,1,1,0,0,0,1,1,1,0,0,0,1,1,1,0,0,0,1,1,0,0,0,1,0,0,1,1,0,0,0,0,1,0,0,0,0,0,0,0,1,1,1,1,1,0,0,0,0,1,0,0,0,1,0,1,1,0,0,1,1,1,1,1,0,1,0,0,1,0,0,1,1,0,1,0,0,0,0,1,0,1,0,0,0,0,1,1,0,0,1,1,0,0,1,1,1,1,0,0,0,0,0,0,1,0,0,1,0,1,1,0,1,0,1,0,0,1,0,1,1,1,1,0,1,0,1,0,0,0,1,0,0,1,0,0,0,0,0,0,1,1,0,0,0,0,0,0,0,0,0,0,0,0,1,0,0,0,0,1,0,0,1,0,0
0,1,0,1,1,1,1,0,0,0,1,0,1,1,0,0,0,1,1,0,0,0,0,0,0,1,1,0,1,0,1,0,0,1,1,0,0,0,1,1,0,1,0,1,0,0,0,1,0,0,1,1,1,1,1,1,0,1,1,0,0,0,0,1,1,1,0,1,0,1,1,0,0,0,1,1,0,0,0,1,0,0,1,1,1,0,0,1,1,0,0,0,1,1,1,0,1,1,0,1,0,0,1,1,0,1,0,0,0,1,0,1,1,0,0,1,1,1,1,0,0,1,1,0,0,0,0,1,1,0,1,0,0,0,0,1,0,0,0,0,1,0,0,1,0,0,1,1,0,0,0,0,1,1,0,0,0,0,0,0,1,0,0,1,1,1,1,0,1,0,1,0,0,1,1,1,1,1,0,0,1,0,1,0,0,0,1,0,0,1,0,0,0,0,0,0,1,1,0,0,0,0,0,0,0,0,0,1,0,0,1,0,0,0,1,1,0,0,1,0,0
1,1,0,1,0,1,1,1,0,0,0,0,0,0,0,0,0,1,1,0,0,1,1,1,0,0,1,0,1,0,1,0,0,1,1,0,1,0,1,1,0,1,0,1,0,0,0,1,1,0,0,1,0,1,1,0,0,1,1,0,0,0,1,1,1,0,0,0,1,1,1,0,0,0,1,1,0,0,0,1,0,0,1,1,0,0,0,0,1,0,1,0,0,0,0,0,1,1,0,1,0,0,0,0,0,1,0,0,0,1,0,1,1,1,0,1,1,1,1,0,0,1,0,1,0,0,0,1,1,0,1,0,0,0,0,1,1,0,0,1,0,0,0,1,0,1,1,1,0,0,0,0,1,1,0,0,0,0,0,1,1,0,0,1,0,1,1,0,1,0,1,0,0,1,0,1,1,1,0,0,1,1,1,0,0,0,1,0,0,1,0,0,0,0,0,1,1,1,1,0,0,0,0,0,0,0,1,1,0,0,1,0,0,0,1,1,0,0,1,0,0
1,1,0,1,0,1,1,1,0,1,0,0,0,0,0,0,0,1,1,0,0,1,1,1,0,0,1,0,1,0,1,0,1,1,1,0,1,0,1,1,1,1,0,1,0,0,1,1,1,0,0,1,0,1,1,0,0,1,1,0,0,0,1,1,1,0,0,0,1,1,1,0,0,0,1,1,0,0,0,1,0,0,1,1,0,0,0,0,1,0,1,0,0,0,0,0,1,1,1,1,1,0,0,0,0,1,0,0,0,1,0,1,1,1,0,1,1,1,1,1,0,1,0,1,0,0,0,1,1,0,1,0,0,0,0,1,1,1,0,1,0,0,1,1,0,1,1,1,0,0,0,0,1,1,0,0,0,0,0,1,1,0,0,1,0,1,1,0,1,0,1,0,0,1,0,1,1,1,0,0,1,1,1,0,0,0,1,0,0,1,0,0,0,0,0,1,1,1,1,0,0,0,0,0,0,0,1,1,0,0,1,0,0,0,1,1,0,0,1,0,0
0,1,0,1,0,1,1,0,0,0,1,1,0,0,0,1,1,1,1,0,0,1,0,0,0,0,1,0,0,0,1,0,0,0,0,0,0,0,1,1,0,1,0,1,0,0,0,1,1,0,0,1,0,1,1,0,0,1,1,0,0,0,1,0,0,0,0,0,1,0,0,1,0,1,0,1,0,0,0,0,1,0,0,1,0,0,0,0,1,0,1,0,0,0,0,1,1,1,0,1,0,0,0,0,0,0,0,1,0,0,0,1,1,1,1,1,1,1,1,0,1,0,0,1,0,1,1,1,1,0,0,0,1,0,0,1,1,0,0,1,0,1,0,1,0,1,1,1,1,0,0,0,0,1,0,0,0,1,0,1,1,1,0,1,0,1,0,0,1,0,0,0,0,1,0,1,1,1,0,1,1,1,0,1,1,0,1,0,1,1,0,0,1,1,0,1,0,1,1,0,0,0,0,1,1,0,1,1,1,1,0,0,1,0,1,0,1,1,0,0,1
1,1,0,1,0,1,1,0,0,0,1,1,0,0,0,1,1,1,1,0,0,1,1,1,0,0,1,0,1,0,1,0,0,0,0,0,0,0,1,1,0,1,0,1,0,0,0,1,1,0,0,1,0,1,1,0,0,1,1,0,0,0,1,0,0,0,0,0,1,0,0,1,0,1,0,1,0,0,0,0,1,0,0,1,0,0,0,0,1,0,1,0,0,0,0,1,1,1,0,1,0,0,0,0,0,0,0,1,0,0,0,1,1,1,1,1,1,1,1,0,1,0,0,1,0,1,1,1,1,0,0,0,1,0,0,1,1,0,0,1,0,1,0,1,0,1,1,1,1,0,0,0,0,1,0,0,0,1,0,1,1,1,0,1,0,1,0,0,1,0,0,0,0,1,0,1,1,1,0,1,1,1,0,1,1,0,1,0,1,1,0,0,1,1,0,1,0,1,1,0,0,0,0,1,1,0,1,1,1,1,0,0,1,0,1,0,1,1,0,0,1
1,1,0,1,0,1,1,0,0,0,1,1,0,0,0,1,1,1,1,0,0,1,1,1,0,0,1,0,1,0,1,0,0,0,0,0,0,0,1,1,0,1,0,1,0,0,0,1,1,0,0,1,0,1,1,0,0,1,1,0,0,0,1,0,0,0,0,0,1,0,0,1,0,1,0,1,0,0,0,0,1,0,0,1,0,0,0,0,1,0,1,0,0,0,0,1,1,1,0,1,0,0,0,0,0,0,0,1,0,0,0,1,1,1,1,1,1,1,1,0,1,0,0,1,0,1,1,1,1,0,0,0,1,0,0,1,1,0,0,1,0,1,0,1,0,1,1,1,1,0,0,0,0,1,0,0,0,1,0,1,1,1,0,1,0,1,0,0,1,0,0,0,0,1,0,1,1,1,0,1,1,1,0,1,1,0,1,0,1,1,0,0,1,1,0,1,0,1,1,0,0,0,0,1,1,0,1,1,1,1,0,0,1,0,1,0,1,1,0,0,1
1,1,0,1,0,1,1,0,0,0,1,1,0,0,0,1,1,1,1,0,0,1,1,1,0,0,1,0,1,0,1,0,0,0,0,0,0,0,1,1,0,1,0,1,0,0,0,1,1,0,0,1,0,1,1,0,0,1,1,0,0,0,1,0,0,0,0,0,1,0,0,1,0,1,0,1,0,0,0,0,1,0,0,1,0,0,0,0,1,0,1,0,0,0,0,1,1,1,0,1,0,0,0,0,0,0,0,1,0,0,0,1,1,1,1,1,1,1,1,0,1,0,0,1,0,1,1,1,1,0,0,0,1,0,0,1,1,0,0,1,0,1,0,1,0,1,1,1,1,0,0,0,0,1,0,0,0,1,0,1,1,1,0,1,0,1,0,0,1,0,0,0,0,1,0,1,1,1,0,1,1,1,0,1,1,0,1,0,1,1,0,0,1,1,0,1,0,1,1,0,0,0,0,1,1,0,1,1,1,1,0,0,1,0,1,0,1,1,0,0,1
1,1,0,1,0,1,1,0,0,0,1,1,0,0,0,1,1,1,1,0,0,1,1,1,0,0,1,0,1,0,1,0,0,0,0,0,0,0,1,1,0,1,0,1,0,0,0,1,1,0,0,1,0,1,1,0,0,1,1,0,0,0,1,0,0,0,0,0,1,0,0,1,0,1,0,1,0,0,0,0,1,0,0,1,0,0,0,0,1,0,1,0,0,0,0,1,1,1,0,1,0,0,0,0,0,0,0,1,0,0,0,1,1,1,1,1,1,1,1,0,1,0,0,1,0,1,1,1,1,0,0,0,1,0,0,1,1,0,0,1,0,1,0,1,0,1,1,1,1,0,0,0,0,1,0,0,0,1,0,1,1,1,0,1,0,1,0,0,1,0,0,0,0,1,0,1,1,1,0,1,1,1,0,1,1,0,1,0,1,1,0,0,1,1,0,1,0,1,1,0,0,0,0,1,1,0,1,1,1,1,0,0,1,0,1,0,1,1,0,0,1
1,1,0,1,0,1,1,0,0,1,1,1,0,0,0,1,1,1,1,0,0,1,1,1,0,0,1,0,1,0,1,0,1,0,0,0,0,0,1,1,1,1,0,1,0,0,1,1,1,0,0,1,0,1,1,0,0,1,1,0,0,0,1,0,0,0,0,0,1,0,0,1,0,1,0,1,0,0,0,0,1,0,0,1,0,0,0,0,1,0,1,0,0,0,0,1,1,1,1,1,1,0,0,0,0,0,0,1,0,0,0,1,1,1,1,1,1,1,1,1,1,0,0,1,0,1,1,1,1,0,0,0,1,0,0,1,1,1,0,1,0,1,1,1,0,1,1,1,1,0,0,0,0,1,0,0,0,1,0,1,1,1,0,1,0,1,0,0,1,0,0,0,0,1,0,1,1,1,0,1,1,1,0,1,1,0,1,0,1,1,0,0,1,1,0,1,0,1,1,0,0,0,0,1,1,0,1,1,1,1,0,0,1,0,1,0,1,1,0,0,1
1,1,0,1,0,1,1,0,0,1,1,1,0,0,0,1,1,1,1,0,0,1,1,1,0,0,1,0,1,0,1,0,1,0,0,0,0,0,1,1,1,1,0,1,0,0,1,1,1,0,0,1,0,1,1,0,0,1,1,0,0,0,1,0,0,0,0,0,1,0,0,1,0,1,0,1,0,0,0,0,1,0,0,1,0,0,0,0,1,0,1,0,0,0,0,1,1,1,1,1,1,0,0,0,0,0,0,1,0,0,0,1,1,1,1,1,1,1,1,1,1,0,0,1,0,1,1,1,1,0,0,0,1,0,0,1,1,1,0,1,0,1,1,1,0,1,1,1,1,0,0,0,0,1,0,0,0,1,0,1,1,1,0,1,0,1,0,0,1,0,0,0,0,1,0,1,1,1,0,1,1,1,0,1,1,0,1,0,1,1,0,0,1,1,0,1,0,1,1,0,0,0,0,1,1,0,1,1,1,1,0,0,1,0,1,0,1,1,0,0,1
1,1,0,1,0,1,1,0,0,0,1,1,0,0,0,1,1,1,1,1,1,1,0,1,0,1,1,0,1,0,1,0,0,0,0,0,0,0,1,1,0,1,0,1,1,1,0,1,1,1,1,1,0,1,1,0,0,1,1,0,0,1,1,0,0,1,0,1,1,0,1,1,1,1,1,1,0,0,0,1,1,1,1,1,0,0,0,1,1,1,1,1,0,0,1,1,1,1,0,1,0,1,0,1,1,0,1,1,0,1,1,1,1,1,1,1,1,1,1,0,1,1,0,1,0,1,1,1,1,0,1,1,1,0,0,1,1,0,0,1,0,1,0,1,0,1,1,1,1,0,0,0,0,1,0,0,0,1,0,1,1,1,0,1,0,1,0,0,1,0,0,0,0,1,0,1,1,1,0,1,1,1,0,1,1,0,1,0,1,1,0,0,1,1,0,1,0,1,1,0,0,0,0,1,1,0,1,1,1,1,0,0,1,0,1,0,1,1,0,0,1
1,1,0,1,0,1,1,0,0,0,1,1,0,0,0,1,1,1,1,0,0,1,0,0,0,0,1,0,0,0,1,0,0,0,0,0,0,0,1,1,0,1,0,1,0,0,0,1,1,0,0,1,0,1,1,0,0,1,1,0,0,0,1,0,0,0,0,0,1,0,0,1,0,1,0,1,0,0,0,0,1,0,0,1,0,0,0,0,1,0,1,0,0,0,0,1,1,1,0,1,0,0,0,0,0,0,0,1,0,0,0,1,1,1,1,1,1,1,1,0,1,0,0,1,0,1,1,1,1,0,0,0,1,0,0,1,1,0,0,1,0,1,0,1,0,1,1,1,1,0,0,0,0,1,0,0,0,1,0,1,1,1,0,1,0,1,0,0,1,0,0,0,0,1,0,1,1,1,0,1,1,1,0,1,1,0,1,0,1,1,0,0,1,1,0,1,0,1,1,0,0,0,0,1,1,0,1,1,1,1,0,0,1,0,1,0,1,1,0,0,1
1,1,0,1,0,1,1,0,0,0,1,1,0,0,0,1,1,1,1,0,0,1,0,0,0,0,1,0,0,0,1,0,0,0,0,0,0,0,1,1,0,1,0,1,0,0,0,1,1,0,0,1,0,1,1,0,0,1,1,0,0,0,1,0,0,0,0,0,1,0,0,1,0,1,0,1,0,0,0,0,1,0,0,1,0,0,0,0,1,0,1,0,0,0,0,1,1,1,0,1,0,0,0,0,0,0,0,1,0,0,0,1,1,1,1,1,1,1,1,0,1,0,0,1,0,1,1,1,1,0,0,0,1,0,0,1,1,0,0,1,0,1,0,1,0,1,1,1,1,0,0,0,0,1,0,0,0,1,0,1,1,1,0,1,0,1,0,0,1,0,0,0,0,1,0,1,1,1,0,1,1,1,0,1,1,0,1,0,1,1,0,0,1,1,0,1,0,1,1,0,0,0,0,1,1,0,1,1,1,1,0,0,1,0,1,0,1,1,0,0,1
1,1,0,1,0,1,1,0,0,0,1,1,0,0,0,1,1,1,1,0,0,1,0,0,0,0,1,0,0,0,1,0,0,0,0,0,0,0,1,1,0,1,0,1,0,0,0,1,1,0,0,1,0,1,1,0,0,1,1,0,0,0,1,0,0,0,0,0,1,0,0,1,0,1,0,1,0,0,0,0,1,0,0,1,0,0,0,0,1,0,1,0,0,0,0,1,1,1,0,1,0,0,0,0,0,0,0,1,0,0,0,1,1,1,1,1,1,1,1,0,1,0,0,1,0,1,1,1,1,0,0,0,1,0,0,1,1,0,0,1,0,1,0,1,0,1,1,1,1,0,0,0,0,1,0,0,0,1,0,1,1,1,0,1,0,1,0,0,1,0,0,0,0,1,0,1,1,1,0,1,1,1,0,1,1,0,1,0,1,1,0,0,1,1,0,1,0,1,1,0,0,0,0,1,1,0,1,1,1,1,0,0,1,0,1,0,1,1,0,0,1
0,1,0,1,0,1,1,0,0,0,1,1,0,0,0,1,1,1,1,0,0,1,0,0,0,0,1,0,0,0,1,0,0,0,0,0,0,0,1,1,0,1,0,1,0,0,0,1,1,0,0,1,0,1,1,0,0,1,1,0,0,0,1,0,0,0,0,0,1,0,0,1,0,1,0,1,0,0,0,0,1,0,0,1,0,0,0,0,1,0,1,0,0,0,0,1,1,1,0,1,0,0,0,0,0,0,0,1,0,0,0,1,1,1,1,1,1,1,1,0,1,0,0,1,0,1,1,1,1,0,0,0,1,0,0,1,1,0,0,1,0,1,0,1,0,1,1,1,1,0,0,0,0,1,0,0,0,1,0,1,1,1,0,1,0,1,0,0,1,0,0,0,0,1,0,1,1,1,0,1,1,1,0,1,1,0,1,0,1,1,0,0,1,1,0,1,0,1,1,0,0,0,0,1,1,0,1,1,1,1,0,0,1,0,1,0,1,1,0,0,1
1,1,0,1,0,1,1,0,0,0,1,1,0,0,0,1,1,1,1,0,0,1,0,0,0,0,1,0,0,0,1,0,0,0,0,0,0,0,1,1,0,1,0,1,0,0,0,1,1,0,0,1,0,1,1,0,0,1,1,0,0,0,1,0,0,0,0,0,1,0,0,1,0,1,0,1,0,0,0,0,1,0,0,1,0,0,0,0,1,0,1,0,0,0,0,1,1,1,0,1,0,0,0,0,0,0,0,1,0,0,0,1,1,1,1,1,1,1,1,0,1,0,0,1,0,1,1,1,1,0,0,0,1,0,0,1,1,0,0,1,0,1,0,1,0,1,1,1,1,0,0,0,0,1,0,0,0,1,0,1,1,1,0,1,0,1,0,0,1,0,0,0,0,1,0,1,1,1,0,1,1,1,0,1,1,0,1,0,1,1,0,0,1,1,0,1,0,1,1,0,0,0,0,1,1,0,1,1,1,1,0,0,1,0,1,0,1,1,0,0,1
0,1,0,1,0,1,1,1,0,0,1,1,0,0,0,1,1,1,1,0,0,1,0,0,0,0,1,0,0,0,1,0,0,0,1,0,0,0,1,1,0,1,1,1,0,0,0,1,1,0,0,1,0,1,1,0,0,1,1,0,0,0,1,0,0,0,0,0,1,1,0,1,0,1,0,1,0,0,0,0,1,0,0,1,0,0,0,0,1,0,1,0,0,0,0,1,1,1,0,1,0,0,0,0,0,0,0,1,0,0,0,1,1,1,1,1,1,1,1,0,1,0,0,1,1,1,1,1,1,0,0,0,1,0,0,1,1,0,0,1,0,1,0,1,0,1,1,1,1,0,0,0,0,1,0,0,0,1,0,1,1,1,0,1,0,1,0,0,1,0,0,0,0,1,0,1,1,1,1,1,1,1,0,1,1,0,1,0,1,1,0,0,1,1,0,1,0,1,1,0,0,0,0,1,1,0,1,1,1,1,0,0,1,0,1,0,1,1,0,0,1
1,1,1,1,0,1,1,1,0,0,1,1,0,0,1,1,1,1,1,0,0,1,1,1,1,0,1,0,1,1,1,0,0,1,0,0,0,0,1,1,0,1,1,1,0,0,0,1,1,0,0,1,0,1,1,0,0,1,1,0,0,0,1,0,1,0,0,0,1,0,0,1,0,1,0,1,0,0,0,0,1,0,0,1,0,0,0,0,1,0,1,0,0,0,0,1,1,1,0,1,0,0,0,0,0,1,0,1,0,0,0,1,1,1,1,1,1,1,1,0,1,0,0,1,1,1,1,1,1,0,0,0,1,0,0,1,1,0,0,1,0,1,0,1,0,1,1,1,1,0,1,1,0,1,1,0,0,1,0,1,1,1,1,1,0,1,0,0,1,0,1,0,0,1,0,1,1,1,0,1,1,1,0,1,1,0,1,0,1,1,0,0,1,1,0,1,0,1,1,0,0,0,0,1,1,0,1,1,1,1,0,0,1,0,1,0,1,1,0,0,1
1,1,1,1,0,1,1,1,0,0,0,0,0,0,0,1,1,1,1,1,1,1,1,1,1,1,1,0,1,1,1,0,0,0,1,0,1,0,0,1,0,1,1,1,0,0,0,1,1,0,0,0,0,0,0,0,0,1,1,0,0,0,1,0,0,0,0,0,1,1,0,1,0,1,0,0,0,0,0,0,1,0,0,0,0,0,0,0,0,0,1,0,0,0,0,1,0,1,0,0,0,0,0,0,0,0,0,1,0,0,0,1,1,1,0,0,0,1,0,0,1,0,0,1,0,0,0,1,1,1,0,0,1,0,1,0,1,0,0,1,0,1,0,0,0,1,1,0,0,0,1,0,1,1,1,0,0,1,1,1,0,0,1,0,0,1,0,1,1,1,0,0,0,1,0,1,1,0,0,0,0,1,1,1,1,0,1,1,1,1,1,0,1,1,0,1,1,1,0,1,1,0,0,1,1,0,0,1,0,0,1,0,0,0,1,0,0,0,1,0,0
1,1,1,1,1,1,1,1,0,0,0,0,0,0,0,1,1,1,1,1,1,1,1,1,1,1,1,0,1,1,1,0,0,0,1,0,0,0,0,1,0,1,1,1,0,0,0,1,1,0,0,0,0,0,0,0,0,1,1,0,0,0,1,0,0,0,0,0,1,1,0,1,0,1,0,0,0,0,0,0,1,0,0,0,0,0,0,0,1,0,1,0,0,0,0,1,0,1,0,0,0,0,0,0,0,0,0,1,0,0,0,1,1,1,0,0,0,1,1,0,1,0,0,1,0,0,1,1,1,1,0,0,1,0,1,0,1,0,0,1,0,1,0,0,0,1,1,1,1,0,1,0,1,1,1,0,0,1,1,1,1,0,1,1,0,1,0,1,1,1,0,0,0,1,0,1,1,0,0,0,0,1,1,1,1,0,1,1,1,1,1,0,1,1,0,1,1,1,0,1,1,0,0,1,1,0,0,1,0,0,1,0,0,0,1,0,0,0,1,0,0
1,1,1,1,0,1,1,1,0,0,0,0,0,0,0,1,1,1,1,1,1,1,1,1,1,1,1,0,1,1,1,0,0,0,1,0,0,0,0,1,0,1,1,1,0,0,0,1,1,0,0,0,0,0,0,0,0,1,1,0,0,0,1,0,0,0,0,0,1,1,0,1,0,1,0,0,0,0,0,0,1,0,0,0,0,0,0,0,1,0,1,0,0,0,0,1,0,1,0,0,0,0,0,0,0,0,0,1,0,0,0,1,1,1,0,0,0,1,1,0,1,0,0,1,0,0,0,1,1,1,0,0,1,0,1,0,1,0,0,1,0,1,0,0,0,1,1,1,0,0,1,0,1,1,1,0,0,1,1,1,1,0,1,1,0,1,0,1,1,1,0,0,0,1,0,1,1,0,0,0,0,1,1,1,1,0,1,1,1,1,1,0,1,1,0,1,1,1,0,1,1,0,0,1,1,0,1,1,0,1,1,0,0,0,1,0,0,1,1,0,0
1,1,1,1,0,1,1,1,0,0,0,0,0,0,0,0,1,1,1,0,0,1,1,1,1,1,1,0,1,1,1,0,0,0,1,0,0,0,0,1,0,1,1,1,0,0,0,1,1,0,0,1,0,0,0,0,0,1,1,0,0,0,1,0,0,0,0,0,1,1,0,1,0,1,0,0,0,0,0,0,1,0,0,0,0,0,0,0,1,0,1,0,0,0,0,1,0,1,0,0,0,0,0,0,0,0,0,1,0,0,0,1,1,1,0,0,0,1,1,0,1,0,0,1,0,0,0,1,1,1,0,0,1,0,1,0,1,0,0,1,0,1,0,0,0,1,1,1,0,0,1,0,1,1,1,0,0,1,1,1,1,0,1,1,0,1,0,1,1,1,0,0,0,1,0,1,1,0,0,0,0,1,1,1,1,0,1,1,1,1,1,0,1,1,0,1,1,1,0,1,1,0,0,1,1,0,0,1,0,0,1,0,0,0,1,0,0,0,1,0,0
1,1,1,1,0,1,1,1,0,0,0,0,0,0,0,1,1,1,1,1,1,1,1,1,1,0,1,0,1,1,1,0,0,0,1,0,1,0,0,1,0,1,1,1,0,0,0,1,1,0,0,0,0,0,0,0,0,1,1,0,0,0,1,0,0,0,0,0,1,1,0,1,0,1,0,0,0,0,0,0,1,0,0,0,0,0,0,0,0,0,1,0,0,0,0,1,0,1,0,0,0,0,0,0,0,0,0,1,0,0,0,1,1,1,0,0,0,1,0,0,1,0,0,1,0,0,0,1,1,1,0,0,1,0,1,0,1,0,0,1,0,1,0,0,0,1,1,0,0,0,1,0,1,1,1,0,0,1,1,1,0,0,1,0,0,1,0,1,1,1,0,0,0,1,0,1,1,0,0,0,0,1,1,1,0,0,1,1,1,1,1,0,1,1,0,1,1,1,0,1,1,0,0,1,1,0,0,1,0,0,1,0,0,0,1,0,0,0,1,0,0
1,1,1,1,1,1,1,1,0,0,0,0,0,0,0,1,1,1,1,1,1,1,1,1,1,0,1,0,1,1,1,0,0,0,1,0,0,0,0,1,0,1,1,1,0,0,0,1,1,0,0,0,0,0,0,0,0,1,1,0,0,0,1,0,0,0,0,0,1,1,0,1,0,1,0,0,0,0,0,0,1,0,0,0,0,0,0,0,1,0,1,0,0,0,0,1,0,1,0,0,0,0,0,0,0,0,0,1,0,0,0,1,1,1,0,0,0,1,1,0,1,0,0,1,0,0,1,1,1,1,0,0,1,0,1,0,1,0,0,1,0,1,0,0,0,1,1,1,1,0,1,0,1,1,1,0,0,1,1,1,1,0,1,1,0,1,0,1,1,1,0,0,0,1,0,1,1,0,0,0,0,1,1,1,0,0,1,1,1,1,1,0,1,1,0,1,1,1,0,1,1,0,0,1,1,0,0,1,0,0,1,0,0,0,1,0,0,0,1,0,0
1,1,1,1,0,1,1,1,0,0,0,0,0,0,0,1,1,1,1,1,1,1,1,1,1,0,1,0,1,1,1,0,0,0,1,0,0,0,0,1,0,1,1,1,0,0,0,1,1,0,0,0,0,0,0,0,0,1,1,0,0,0,1,0,0,0,0,0,1,1,0,1,0,1,0,0,0,0,0,0,1,0,0,0,0,0,0,0,1,0,1,0,0,0,0,1,0,1,0,0,0,0,0,0,0,0,0,1,0,0,0,1,1,1,0,0,0,1,1,0,1,0,0,1,0,0,0,1,1,1,0,0,1,0,1,0,1,0,0,1,0,1,0,0,0,1,1,1,0,0,1,0,1,1,1,0,0,1,1,1,1,0,1,1,0,1,0,1,1,1,0,0,0,1,0,1,1,0,0,0,0,1,1,1,0,0,1,1,1,1,1,0,1,1,0,1,1,1,0,1,1,0,0,1,1,0,1,1,0,1,1,0,0,0,1,0,0,1,1,0,0
1,1,1,1,0,1,1,1,0,0,0,0,0,0,0,0,1,1,1,0,0,1,1,1,1,0,1,0,1,1,1,0,0,0,1,0,0,0,0,1,0,1,1,1,0,0,0,1,1,0,0,1,0,0,0,0,0,1,1,0,0,0,1,0,0,0,0,0,1,1,0,1,0,1,0,0,0,0,0,0,1,0,0,0,0,0,0,0,1,0,1,0,0,0,0,1,0,1,0,0,0,0,0,0,0,0,0,1,0,0,0,1,1,1,0,0,0,1,1,0,1,0,0,1,0,0,0,1,1,1,0,0,1,0,1,0,1,0,0,1,0,1,0,0,0,1,1,1,0,0,1,0,1,1,1,0,0,1,1,1,1,0,1,1,0,1,1,1,1,1,0,0,0,1,0,1,1,0,0,0,0,1,1,1,0,0,1,1,1,1,1,0,1,1,0,1,1,1,0,1,1,0,0,1,1,0,0,1,0,0,1,0,0,0,1,0,0,0,1,0,0
1,1,1,1,1,1,1,1,0,0,0,0,0,0,0,1,1,1,1,1,1,1,1,1,1,1,1,0,1,1,1,0,0,0,1,0,0,0,0,1,0,1,1,1,0,0,0,1,1,0,0,0,0,0,0,0,0,1,1,0,0,0,1,0,0,0,0,0,1,1,0,1,0,1,0,0,0,0,0,0,1,0,0,0,0,0,0,0,1,0,1,0,0,0,0,1,0,1,0,0,0,0,0,0,0,0,0,1,0,0,0,1,1,1,0,0,0,1,1,0,1,0,0,1,0,0,1,1,1,1,0,0,1,0,1,0,1,0,0,1,0,1,0,0,0,1,1,1,1,0,1,0,1,1,1,0,0,1,1,1,1,0,1,1,0,1,0,1,1,1,0,0,0,1,0,1,1,0,0,0,0,1,1,1,1,0,1,1,1,1,1,0,1,1,0,1,1,1,1,1,1,0,0,1,1,0,1,1,0,0,1,0,0,0,1,0,0,0,1,0,0
1,1,1,1,0,1,1,1,0,0,0,0,0,0,0,1,1,1,1,1,1,1,1,1,1,1,1,0,1,1,1,0,0,0,1,0,1,0,0,1,0,1,1,1,0,0,0,1,1,0,0,0,0,0,0,0,0,1,1,0,0,0,1,0,0,0,0,0,1,1,0,1,0,1,0,0,0,0,0,0,1,0,0,0,0,0,0,0,0,0,1,0,0,0,0,1,0,1,0,0,0,0,0,0,0,0,0,1,0,0,0,1,1,1,0,0,0,1,0,0,1,0,0,1,0,0,0,1,1,1,0,0,1,0,1,0,1,0,0,1,0,1,0,0,0,1,1,0,0,0,1,0,1,1,1,0,0,1,1,1,0,0,1,0,0,1,0,1,1,1,0,0,0,1,0,1,1,0,0,0,0,1,1,1,1,0,1,1,1,1,1,0,1,1,0,1,1,1,1,1,1,0,0,1,1,0,1,1,0,0,1,0,0,0,1,0,0,0,1,0,0
1,1,1,1,0,1,1,1,0,0,0,0,0,0,0,1,1,1,1,1,1,1,1,1,1,1,1,0,1,1,1,0,0,0,1,0,0,0,0,1,0,1,1,1,0,0,0,1,1,0,0,0,0,0,0,0,0,1,1,0,0,0,1,0,0,0,0,0,1,1,0,1,0,1,0,0,0,0,0,0,1,0,0,0,0,0,0,0,1,0,1,0,0,0,0,1,0,1,0,0,0,0,0,0,0,0,0,1,0,0,0,1,1,1,0,0,0,1,1,0,1,0,0,1,0,0,0,1,1,1,0,0,1,0,1,0,1,0,0,1,0,1,0,0,0,1,1,1,0,0,1,0,1,1,1,0,0,1,1,1,1,0,1,1,0,1,0,1,1,1,0,0,0,1,0,1,1,0,0,0,0,1,1,1,1,0,1,1,1,1,1,0,1,1,0,1,1,1,1,1,1,0,0,1,1,0,1,1,0,1,1,0,0,0,1,0,0,1,1,0,0
1,1,1,1,0,1,1,1,0,0,0,0,0,0,0,0,1,1,1,0,0,1,1,1,1,1,1,0,1,1,1,0,0,0,1,0,0,0,0,1,0,1,1,1,0,0,0,1,1,0,0,1,0,0,0,0,0,1,1,0,0,0,1,0,0,0,0,0,1,1,0,1,0,1,0,0,0,0,0,0,1,0,0,0,0,0,0,0,1,0,1,0,0,0,0,1,0,1,0,0,0,0,0,0,0,0,0,1,0,0,0,1,1,1,0,0,0,1,1,0,1,0,0,1,0,0,0,1,1,1,0,0,1,0,1,0,1,0,0,1,0,1,0,0,0,1,1,1,0,0,1,0,1,1,1,0,0,1,1,1,1,0,1,1,0,1,0,1,1,1,0,0,0,1,0,1,1,0,0,0,0,1,1,1,1,0,1,1,1,1,1,0,1,1,0,1,1,1,1,1,1,0,0,1,1,0,1,1,0,0,1,0,0,0,1,0,0,0,1,0,0
1,1,1,1,0,1,1,1,0,0,0,0,0,0,0,1,1,1,1,1,1,1,0,1,1,1,1,0,1,0,1,0,0,0,1,0,0,0,0,1,0,1,1,1,0,0,0,1,1,0,0,0,0,0,0,0,0,1,1,0,0,0,1,0,0,0,0,0,1,1,0,1,0,1,0,0,0,0,0,0,1,0,0,0,0,0,0,0,0,0,1,0,0,0,0,1,0,1,0,0,0,0,0,0,0,0,0,1,0,0,0,1,1,1,0,0,0,1,0,0,1,0,0,1,0,0,0,1,1,1,0,0,1,0,1,0,1,0,0,1,0,1,0,0,0,1,1,0,0,0,1,0,1,1,1,0,0,1,1,1,0,0,1,0,0,1,0,1,1,1,0,0,0,1,0,1,1,0,0,0,0,1,1,1,1,0,1,1,1,1,1,0,1,1,0,1,1,1,1,1,1,0,0,1,1,0,1,1,0,0,1,0,0,0,1,0,0,0,1,0,0
1,1,1,1,0,1,1,1,0,0,0,0,0,0,0,1,1,1,1,1,1,1,1,1,1,1,1,0,1,1,1,0,0,0,1,0,0,1,1,1,0,1,1,1,0,0,0,1,1,0,0,1,0,0,0,0,0,1,1,0,0,0,1,0,0,0,0,0,1,1,0,1,0,1,0,0,0,0,0,0,1,0,0,0,0,0,0,0,1,0,1,0,0,0,0,1,0,1,0,0,0,0,0,0,0,0,0,1,0,0,0,1,1,1,0,0,0,1,1,0,1,0,0,1,0,0,0,1,1,1,0,0,1,0,1,0,1,0,0,1,0,1,0,0,0,1,1,1,0,0,1,0,1,1,1,0,0,1,1,1,1,0,1,1,0,1,0,1,1,1,0,0,0,1,0,1,1,0,0,0,0,1,1,1,1,0,1,1,1,1,1,0,1,1,0,1,1,1,1,1,1,0,0,1,1,0,1,1,0,1,1,0,0,0,1,0,0,1,1,0,0
1,1,1,1,0,1,1,1,0,0,0,0,0,0,0,1,1,1,1,1,1,1,1,1,1,0,1,0,1,1,1,0,0,0,1,0,1,0,0,1,0,1,1,1,0,0,0,1,1,0,0,0,0,0,0,0,0,1,1,0,0,0,1,0,0,0,0,0,1,1,0,1,0,1,0,0,0,0,0,0,1,0,0,0,0,0,0,0,0,0,1,0,0,0,0,1,0,1,0,0,0,0,0,0,0,0,0,1,0,0,0,1,1,1,0,0,0,1,0,0,1,0,0,1,0,0,0,1,1,1,0,0,1,0,1,0,1,0,0,1,0,1,0,0,0,1,1,0,0,0,1,0,1,1,1,0,0,1,1,1,0,0,1,0,0,1,0,1,1,1,0,0,0,1,0,1,1,0,0,0,0,1,1,1,1,0,1,1,1,1,1,0,1,1,0,1,1,1,0,1,1,0,0,1,1,0,0,1,0,0,1,0,0,0,1,0,0,0,1,0,0
1,1,1,1,0,1,1,1,0,0,0,0,0,0,0,0,0,1,1,0,0,1,1,1,0,0,1,0,1,1,1,0,0,0,1,0,0,0,0,1,0,1,1,1,0,0,0,1,1,0,0,1,0,0,0,0,0,1,1,0,0,0,1,0,0,0,0,0,1,1,0,1,0,1,0,0,0,0,0,0,1,0,0,0,0,0,0,0,1,0,1,0,0,0,0,1,0,1,0,0,0,0,0,0,0,0,0,1,0,0,0,1,1,1,0,0,0,1,1,0,1,0,0,1,0,0,0,1,1,1,0,0,1,0,1,0,1,0,0,1,0,1,0,0,0,1,1,1,0,0,1,0,1,1,1,0,0,1,1,1,1,0,1,1,0,1,1,1,1,1,0,0,0,1,0,1,1,0,0,0,0,1,1,1,1,0,1,1,1,1,1,0,1,1,0,1,0,1,0,1,1,0,0,1,1,0,0,1,0,0,1,0,0,0,1,0,0,0,1,0,0
1,1,1,1,0,1,1,1,0,0,0,0,0,0,0,1,1,1,1,1,1,1,0,1,0,0,1,0,0,0,1,0,0,0,1,0,0,0,0,1,0,1,1,1,0,0,0,1,1,0,0,0,0,0,0,0,0,1,1,0,0,0,1,0,0,0,0,0,1,1,0,1,0,1,0,0,0,0,0,0,1,0,0,0,0,0,0,0,0,0,1,0,0,0,0,1,0,1,0,0,0,0,0,0,0,0,0,1,0,0,0,1,1,1,0,0,0,1,0,0,1,0,0,1,0,0,0,1,1,1,0,0,1,0,1,0,1,0,0,1,0,1,0,0,0,1,1,0,0,0,1,0,1,1,1,0,0,1,1,1,0,0,1,0,0,1,0,1,1,1,0,0,0,1,0,1,1,0,0,0,0,1,1,1,1,0,1,1,1,1,1,0,1,1,0,1,0,1,0,1,1,0,0,1,1,0,0,1,0,0,1,0,0,0,1,0,0,0,1,0,0
1,1,0,1,0,1,1,1,0,0,1,0,1,1,1,0,0,1,1,0,0,0,0,0,0,0,1,0,0,0,1,0,0,0,1,0,0,0,0,1,0,1,1,1,0,0,0,1,1,0,0,0,0,0,0,0,0,1,1,0,0,0,1,0,0,0,0,0,1,1,0,1,0,1,0,0,0,0,0,0,1,0,0,0,0,0,0,0,0,0,1,0,0,0,0,1,0,1,0,0,0,0,0,0,0,0,0,1,0,0,0,1,1,1,0,0,0,1,0,0,1,0,0,1,0,0,0,1,1,1,0,0,1,0,1,0,1,0,0,1,0,1,0,0,0,1,1,0,0,0,1,0,1,1,1,0,0,1,1,1,0,0,1,0,0,1,0,1,1,1,0,0,0,1,0,1,1,0,0,0,0,1,1,1,1,0,1,1,1,1,1,0,1,1,0,1,0,1,0,1,1,0,0,1,1,0,0,1,0,0,1,0,0,0,1,0,0,0,1,0,0
0,1,0,1,0,1,1,1,0,0,0,0,0,0,0,0,0,1,1,0,0,0,0,0,0,0,1,0,0,0,1,0,0,1,1,0,0,0,1,1,0,1,0,1,0,0,0,1,1,0,0,1,0,1,1,0,0,1,1,0,0,0,0,1,1,0,0,0,1,1,0,1,0,0,0,1,0,1,0,0,1,0,0,1,0,1,0,0,1,0,1,0,0,0,0,0,1,1,0,1,0,0,0,0,0,1,0,0,1,0,0,1,1,1,1,1,1,1,1,0,1,0,0,1,0,1,1,1,1,0,0,0,0,0,0,1,1,0,0,1,0,0,0,1,0,1,1,1,1,0,0,0,1,1,0,0,0,0,0,1,1,1,0,1,0,1,0,0,1,0,1,1,1,1,0,1,1,1,0,1,1,1,1,1,1,0,1,0,0,1,0,0,0,0,0,0,0,0,1,0,0,0,0,0,0,0,0,1,1,0,0,1,1,0,1,0,1,0,0,1,1
1,1,0,1,0,1,1,1,0,0,0,0,0,0,0,0,0,1,1,0,0,0,0,0,0,0,1,0,0,0,1,0,0,0,1,0,0,0,0,1,0,1,1,1,0,0,0,1,1,0,0,1,0,0,0,0,0,1,1,0,0,0,1,0,0,0,0,0,1,1,0,1,0,1,0,0,0,0,0,0,1,0,0,0,0,0,0,0,0,0,1,0,0,0,0,1,0,1,0,0,0,0,0,0,0,0,0,1,0,0,0,1,1,1,0,0,0,1,0,0,1,0,0,1,0,0,0,1,1,1,0,0,1,0,1,0,1,0,0,1,0,1,0,0,0,1,1,0,0,0,1,0,1,1,1,0,0,1,1,1,0,0,1,0,0,1,0,1,1,1,0,0,0,1,0,1,1,0,0,0,0,1,1,1,1,0,1,1,1,1,1,0,1,1,0,1,0,1,0,1,1,0,0,1,1,0,0,1,0,0,1,0,0,0,1,0,0,0,1,0,0
0,1,0,1,0,1,1,1,0,0,0,0,0,0,0,0,0,1,1,0,0,0,0,0,0,0,1,0,0,0,1,0,0,1,1,0,0,0,1,1,0,1,0,1,0,0,0,1,1,0,0,1,0,1,1,0,0,1,1,0,0,0,0,1,1,0,0,0,1,1,0,1,0,0,0,1,0,1,0,0,1,0,0,1,0,1,0,0,1,0,1,0,0,0,0,0,1,1,0,1,0,0,0,0,0,1,0,0,1,0,0,1,1,1,1,1,1,1,1,0,1,0,0,1,0,1,1,1,1,0,0,0,0,0,0,1,1,0,0,1,0,0,0,1,0,1,1,1,1,0,0,0,1,1,0,0,0,0,0,1,1,1,0,1,0,1,0,0,1,0,1,1,1,1,0,1,1,1,0,1,1,1,1,1,1,0,1,0,0,1,0,0,0,0,0,0,0,0,1,0,0,0,0,0,0,0,0,1,1,0,0,0,1,0,1,0,1,0,0,0,1
0,1,0,1,0,1,1,1,0,0,0,0,0,0,0,0,0,1,1,0,0,0,0,0,0,0,1,0,0,0,1,0,0,1,1,0,0,0,1,1,0,1,0,1,0,0,0,1,1,0,0,1,0,1,1,0,0,1,1,0,0,0,0,1,1,0,0,0,1,1,0,1,0,0,0,1,0,1,0,0,1,0,0,1,0,1,0,0,1,0,1,0,0,0,0,0,1,1,0,1,0,0,0,0,0,1,0,0,1,0,0,1,1,1,1,1,1,1,1,0,1,0,0,1,0,1,1,1,1,0,0,0,0,0,0,1,1,0,0,1,0,0,0,1,0,1,1,1,1,0,0,0,1,1,0,0,0,0,0,1,1,1,0,1,0,1,0,0,1,0,1,1,1,1,0,1,1,1,0,1,1,1,1,1,1,0,1,0,0,1,0,0,0,0,0,0,0,0,1,0,0,0,0,0,0,0,0,1,1,0,0,0,1,0,1,0,1,0,0,0,1
0,1,0,1,0,1,1,1,0,0,0,0,0,0,0,0,0,1,1,0,0,0,0,0,0,0,1,0,0,0,1,0,0,1,1,0,0,0,1,1,0,1,0,1,0,0,0,1,1,0,0,1,0,1,1,0,0,1,1,0,0,0,0,1,1,0,0,0,1,1,0,1,0,0,0,1,0,1,0,0,1,0,0,1,0,1,0,0,1,0,1,0,0,0,0,0,1,1,0,1,0,0,0,0,0,1,0,0,1,0,0,1,1,1,1,1,1,1,1,0,1,0,0,1,1,1,1,1,1,0,0,0,0,0,0,1,1,0,0,1,0,0,0,1,0,1,1,1,1,0,0,1,1,1,0,0,0,0,0,1,1,1,0,1,0,1,0,0,1,0,1,1,1,1,0,1,1,1,1,1,1,1,1,1,1,0,1,0,0,1,0,0,0,0,0,0,0,0,1,0,0,0,0,0,0,0,0,1,1,0,0,0,1,0,1,0,1,0,0,0,1
0,1,0,1,0,1,1,1,0,0,0,0,0,0,0,0,0,1,1,0,0,0,0,0,0,0,1,0,0,0,1,0,0,1,1,0,0,0,1,1,0,1,0,1,0,0,0,1,1,0,0,1,0,1,1,0,0,1,1,0,0,0,0,1,1,0,0,0,1,1,0,1,0,0,0,1,0,1,0,0,1,0,0,1,0,1,0,0,1,0,1,0,0,0,0,0,1,1,0,1,0,0,0,0,0,1,0,0,1,0,0,1,1,1,1,1,1,1,1,0,1,0,0,1,0,1,1,1,1,0,0,0,0,0,0,1,1,0,0,1,0,0,0,1,0,1,1,1,1,0,0,0,1,1,0,0,0,0,0,1,1,1,0,1,0,1,1,0,1,0,1,1,1,1,0,1,1,1,0,1,1,1,1,1,1,0,1,0,0,1,0,1,0,0,0,0,0,0,1,0,0,1,1,0,0,0,0,1,1,0,0,0,1,0,1,0,1,0,0,0,1
0,1,0,1,0,1,1,1,0,0,0,0,0,0,0,0,0,1,1,0,0,0,0,0,0,0,1,0,0,0,1,0,0,1,1,0,0,0,1,1,0,1,0,1,0,0,0,1,1,0,0,1,0,1,1,0,0,1,1,0,0,0,0,1,1,0,0,0,1,1,0,1,0,0,0,1,0,1,0,0,1,0,0,1,0,1,0,0,1,0,1,0,0,0,0,0,1,1,0,1,0,0,0,0,0,1,0,0,1,0,0,1,1,1,1,1,1,1,1,0,1,0,0,1,0,1,1,1,1,0,0,0,0,0,0,1,1,0,0,1,0,0,0,1,0,1,1,1,1,0,0,0,1,1,0,0,0,0,0,1,1,1,0,1,0,1,0,0,1,0,1,1,1,1,0,1,1,1,0,1,1,1,1,1,1,0,1,1,0,1,0,0,0,0,0,0,0,0,1,0,0,0,0,0,0,0,0,1,1,0,0,0,1,0,1,0,1,0,0,0,1
0,1,0,1,0,1,1,1,0,1,0,0,0,0,0,0,0,1,1,0,0,0,0,0,0,0,1,0,0,0,1,0,1,1,1,0,0,0,1,1,1,1,0,1,0,0,1,1,1,0,0,1,0,1,1,0,0,1,1,0,0,0,0,1,1,0,0,0,1,1,0,1,0,0,0,1,0,1,0,0,1,0,0,1,0,1,0,0,1,0,1,0,0,0,0,0,1,1,1,1,1,0,0,0,0,1,0,0,1,0,0,1,1,1,1,1,1,1,1,1,1,0,0,1,0,1,1,1,1,0,0,0,0,0,0,1,1,1,0,1,0,0,1,1,0,1,1,1,1,0,0,0,1,1,0,0,0,0,0,1,1,1,0,1,0,1,0,0,1,0,1,1,1,1,0,1,1,1,0,1,1,1,1,1,1,0,1,0,0,1,0,0,0,0,0,0,0,0,1,0,0,0,0,0,0,0,0,1,1,0,0,0,1,0,1,0,1,0,0,0,1
0,1,0,1,0,1,1,1,0,1,0,0,0,0,0,0,0,1,1,0,0,0,0,0,0,0,1,0,0,0,1,0,1,1,1,0,0,0,1,1,1,1,0,1,0,0,1,1,1,0,0,1,0,1,1,0,0,1,1,0,0,0,0,1,1,0,0,0,1,1,0,1,0,0,0,1,0,1,0,0,1,0,0,1,0,1,0,0,1,0,1,0,0,0,0,0,1,1,1,1,1,0,0,0,0,1,0,0,1,0,0,1,1,1,1,1,1,1,1,1,1,0,0,1,0,1,1,1,1,0,0,0,0,0,0,1,1,1,0,1,0,0,1,1,0,1,1,1,1,0,0,0,1,1,0,0,0,0,0,1,1,1,0,1,0,1,0,0,1,0,1,1,1,1,0,1,1,1,0,1,1,1,1,1,1,0,1,0,0,1,0,0,0,0,0,0,0,0,1,0,0,0,0,0,0,0,0,1,1,0,0,0,1,0,1,0,1,0,0,0,1
0,1,0,1,0,1,1,1,0,1,0,0,0,0,0,0,0,1,1,0,0,0,0,0,0,0,1,0,0,0,1,0,1,1,1,0,0,0,1,1,1,1,0,1,0,0,1,1,1,0,0,1,0,1,1,0,0,1,1,0,0,0,0,1,1,0,0,0,1,1,0,1,0,0,0,1,0,1,0,0,1,0,0,1,0,1,0,0,1,0,1,0,0,0,0,0,1,1,1,1,1,0,0,0,0,1,0,0,1,0,0,1,1,1,1,1,1,1,1,1,1,0,0,1,0,1,1,1,1,0,0,0,0,0,0,1,1,1,0,1,0,0,1,1,0,1,1,1,1,0,0,0,1,1,0,0,0,0,0,1,1,1,0,1,0,1,0,0,1,0,1,1,1,1,0,1,1,1,0,1,1,1,1,1,1,0,1,0,0,1,0,0,0,0,0,0,0,0,1,0,0,0,0,0,0,0,0,1,1,0,0,0,1,0,1,0,1,0,0,0,1
0,1,0,1,0,1,1,1,0,0,0,0,0,0,0,0,0,1,1,0,0,0,0,0,0,0,1,0,0,0,1,0,0,1,1,0,0,0,1,1,0,1,0,1,0,0,0,1,1,0,0,1,0,1,1,0,0,1,1,0,0,0,0,1,1,0,0,0,1,1,0,1,0,0,0,1,0,1,0,0,1,0,0,1,0,1,0,0,1,0,1,0,0,0,0,0,1,1,0,1,0,0,0,0,0,1,0,0,1,0,0,1,1,1,1,1,1,1,1,0,1,0,0,1,0,1,1,1,1,0,0,0,0,0,0,1,1,0,0,1,0,0,0,1,0,1,1,1,1,0,0,0,1,1,0,0,0,0,0,1,1,1,0,1,0,1,0,0,1,0,1,1,1,1,0,1,1,1,0,1,1,1,1,1,1,0,1,0,0,1,0,0,0,0,0,0,0,0,1,0,0,0,0,0,0,0,0,1,1,0,0,1,1,0,1,0,1,0,0,1,1
0,1,0,1,0,1,1,1,0,0,0,0,0,0,0,0,0,1,1,0,0,0,0,0,0,0,1,0,0,0,1,0,0,1,1,0,0,0,1,1,0,1,0,1,0,0,0,1,1,0,0,1,0,1,1,0,0,1,1,0,0,0,0,1,1,0,0,0,1,1,0,1,0,0,0,1,0,1,0,0,1,0,0,1,0,1,0,0,1,0,1,0,0,0,0,0,1,1,0,1,0,0,0,0,0,1,0,0,1,0,0,1,1,1,1,1,1,1,1,0,1,0,0,1,0,1,1,1,1,0,0,0,0,0,0,1,1,0,0,1,0,0,0,1,0,1,1,1,1,0,0,0,1,1,0,0,0,0,0,1,1,1,0,1,0,1,0,0,1,0,1,1,1,1,0,1,1,1,0,1,1,1,1,1,1,0,1,0,0,1,0,0,0,0,0,0,0,0,1,0,0,0,0,0,0,0,0,1,1,0,0,0,1,0,1,0,1,0,0,0,1
0,1,0,1,0,1,1,1,0,0,0,0,0,0,0,0,0,1,1,0,0,0,0,0,0,0,1,0,0,0,1,0,0,1,1,0,0,0,1,1,0,1,0,1,0,0,0,1,1,0,0,1,0,1,1,0,0,1,1,0,0,0,0,1,1,0,0,0,1,1,0,1,0,0,0,1,0,1,0,0,1,0,0,1,0,1,0,0,1,0,1,0,0,0,0,0,1,1,0,1,0,0,0,0,0,1,0,0,1,0,0,1,1,1,1,1,1,1,1,0,1,0,0,1,0,1,1,1,1,0,0,0,0,0,0,1,1,0,0,1,0,0,0,1,0,1,1,1,1,0,0,0,1,1,0,0,0,0,0,1,1,1,0,1,0,1,0,0,1,0,1,1,1,1,0,1,1,1,0,1,1,1,1,1,1,0,1,0,0,1,0,0,0,0,0,0,0,0,1,0,0,0,0,0,0,0,0,1,1,0,0,0,1,0,1,0,1,0,0,0,1
0,1,0,1,0,1,1,1,0,0,0,0,0,0,0,0,0,1,1,0,0,0,0,0,0,0,1,0,0,0,1,0,0,1,1,0,0,0,1,1,0,1,0,1,0,0,0,1,1,0,0,1,0,1,1,0,0,1,1,0,0,0,0,1,1,0,0,0,1,1,0,1,0,0,0,1,0,1,0,0,1,0,0,1,0,1,0,0,1,0,1,0,0,0,0,0,1,1,0,1,0,0,0,0,0,1,0,0,1,0,0,1,1,1,1,1,1,1,1,0,1,0,0,1,0,1,1,1,1,0,0,0,0,0,0,1,1,0,0,1,0,0,0,1,0,1,1,1,1,0,0,0,1,1,0,0,0,0,0,1,1,1,0,1,0,1,0,0,1,0,1,1,1,1,0,1,1,1,0,1,1,1,1,1,1,0,1,0,0,1,0,0,0,0,0,0,0,0,1,0,0,0,0,0,0,0,0,1,1,0,0,0,1,0,1,0,1,0,0,0,1
0,1,0,1,0,1,1,1,0,0,0,0,0,0,0,0,0,1,1,0,0,0,0,0,0,0,1,0,0,0,1,0,0,1,1,0,0,0,1,1,0,1,0,1,0,0,0,1,1,0,0,1,0,1,1,0,0,1,1,0,0,0,0,1,1,0,0,0,1,1,0,1,0,0,0,1,0,1,0,0,1,0,0,1,0,1,0,0,1,0,1,0,0,0,0,0,1,1,0,1,0,0,0,0,0,1,0,0,1,0,0,1,1,1,1,1,1,1,1,0,1,0,0,1,0,1,1,1,1,0,0,0,0,0,0,1,1,0,0,1,0,0,0,1,0,1,1,1,1,0,0,0,1,1,0,0,0,0,0,1,1,1,0,1,0,1,0,0,1,0,1,1,1,1,0,1,1,1,0,1,1,1,1,1,1,0,1,0,0,1,0,0,0,0,0,0,0,0,1,0,0,0,0,0,0,0,0,1,1,0,0,0,1,0,1,0,1,0,0,0,1
0,1,0,1,0,1,1,1,0,0,0,0,0,0,0,0,0,1,1,0,0,0,0,0,0,0,1,0,0,0,1,0,0,1,1,0,0,0,1,1,0,1,0,1,0,0,0,1,1,0,0,1,0,1,1,0,0,1,1,0,0,0,0,1,1,0,0,0,1,1,0,1,0,0,0,1,0,1,0,0,1,0,0,1,0,1,0,0,1,0,1,0,0,0,0,0,1,1,0,1,0,0,0,0,0,1,0,0,1,0,0,1,1,1,1,1,1,1,1,0,1,0,0,1,0,1,1,1,1,0,0,0,0,0,0,1,1,0,0,1,0,0,0,1,0,1,1,1,1,0,0,0,1,1,0,0,0,0,0,1,1,1,0,1,0,1,0,0,1,0,1,1,1,1,0,1,1,1,0,1,1,1,1,1,1,0,1,0,0,1,0,0,0,0,0,0,0,0,1,0,0,0,0,0,0,0,0,1,1,0,0,0,1,0,1,0,1,0,0,0,1
0,1,0,1,0,1,1,1,0,0,0,0,0,0,0,0,0,1,1,0,0,0,0,0,0,0,1,0,0,0,1,0,0,1,1,0,0,0,1,1,0,1,0,1,0,0,0,1,1,0,0,1,0,1,1,0,0,1,1,0,0,0,0,1,1,0,0,0,1,1,0,1,0,0,0,1,0,1,0,0,1,0,0,1,0,1,0,0,1,0,1,0,0,0,0,0,1,1,0,1,0,0,0,0,0,1,0,0,1,0,0,1,1,1,1,1,1,1,1,0,1,0,0,1,0,1,1,1,1,0,0,0,0,0,0,1,1,0,0,1,0,0,0,1,0,1,1,1,1,0,0,0,1,1,0,0,0,0,0,1,1,1,0,1,0,1,0,0,1,0,1,1,1,1,0,1,1,1,0,1,1,1,1,1,1,0,1,0,0,1,0,0,0,0,0,0,0,0,1,0,0,0,0,0,0,0,0,1,1,0,0,0,1,0,1,0,1,0,0,0,1
0,1,0,1,0,1,1,1,0,0,0,0,0,0,0,0,0,1,1,0,0,0,0,0,0,0,1,0,0,0,1,0,0,1,1,0,0,0,1,1,0,1,0,1,0,0,0,1,1,0,0,1,0,1,1,0,0,1,1,0,0,0,0,1,1,0,0,0,1,1,0,1,0,0,0,1,0,1,0,0,1,0,0,1,0,1,0,0,1,0,1,0,0,0,0,0,1,1,0,1,0,0,0,0,0,1,0,0,1,0,0,1,1,1,1,1,1,1,1,0,1,0,0,1,0,1,1,1,1,0,0,0,0,0,0,1,1,0,0,1,0,0,0,1,0,1,1,1,1,0,0,0,1,1,0,0,0,0,0,1,1,1,0,1,0,1,0,0,1,0,1,1,1,1,0,1,1,1,0,1,1,1,1,1,1,0,1,0,0,1,0,0,0,0,0,0,0,0,1,0,0,0,0,0,0,0,0,1,1,0,0,0,1,0,1,0,1,0,0,0,1
0,1,0,1,0,1,1,1,0,0,0,0,0,0,0,0,0,1,1,0,0,0,0,0,0,0,1,0,0,0,1,0,0,1,1,0,0,0,1,1,0,1,0,1,0,0,0,1,1,0,0,1,0,1,1,0,0,1,1,0,0,0,0,1,1,0,0,0,1,1,0,1,0,0,0,1,0,1,0,0,1,0,0,1,0,1,0,0,1,0,1,0,0,0,0,0,1,1,0,1,0,0,0,0,0,1,0,0,1,0,0,1,1,1,1,1,1,1,1,0,1,0,0,1,0,1,1,1,1,0,0,0,0,0,0,1,1,0,0,1,0,0,0,1,0,1,1,1,1,0,0,0,1,1,0,0,0,0,0,1,1,1,0,1,0,1,0,0,1,0,1,1,1,1,0,1,1,1,0,1,1,1,1,1,1,0,1,0,0,1,0,0,0,0,0,0,0,0,1,0,0,0,0,0,0,0,0,1,1,0,0,0,1,0,1,0,1,0,0,0,1
0,1,0,1,0,1,1,1,0,0,0,0,0,0,0,0,0,1,1,0,0,0,0,0,0,0,1,0,0,0,1,0,0,1,1,0,0,0,1,1,0,1,0,1,0,0,0,1,1,0,0,1,0,1,1,0,0,1,1,0,0,0,0,1,1,0,0,0,1,1,0,1,0,0,0,1,0,1,0,0,1,0,0,1,0,1,0,0,1,0,1,0,0,0,0,0,1,1,0,1,0,0,0,0,0,1,0,0,1,0,0,1,1,1,1,1,1,1,1,0,1,0,0,1,0,1,1,1,1,0,0,0,0,0,0,1,1,0,0,1,0,0,0,1,0,1,1,1,1,0,0,0,1,1,0,0,0,0,0,1,1,1,0,1,0,1,0,0,1,0,1,1,1,1,0,1,1,1,0,1,1,1,1,1,1,0,1,0,0,1,0,0,0,0,0,0,0,0,1,0,0,0,0,0,0,0,0,1,1,0,0,0,1,0,1,0,1,0,0,0,1
0,1,0,1,0,1,1,1,0,0,0,0,0,0,0,0,0,1,1,0,0,0,0,0,0,0,1,0,0,0,1,0,0,1,1,0,0,0,1,1,0,1,0,1,0,0,0,1,1,0,0,1,0,1,1,0,0,1,1,0,0,0,0,1,1,0,0,0,1,1,0,1,0,0,0,1,0,1,0,0,1,0,0,1,0,1,0,0,1,0,1,0,0,0,0,0,1,1,0,1,0,0,0,0,0,1,0,0,1,0,0,1,1,1,1,1,1,1,1,0,1,0,0,1,0,1,1,1,1,0,0,0,0,0,0,1,1,0,0,1,0,0,0,1,0,1,1,1,1,0,0,0,1,1,0,0,0,0,0,1,1,1,0,1,0,1,0,0,1,0,1,1,1,1,0,1,1,1,0,1,1,1,1,1,1,0,1,0,0,1,0,0,0,0,0,0,0,0,1,0,0,0,0,0,0,0,0,1,1,0,0,0,1,0,1,0,1,0,0,0,1
0,1,0,1,0,1,1,1,0,0,1,0,1,1,0,0,0,1,1,0,0,0,0,0,0,1,1,0,1,0,1,0,0,1,1,0,0,0,1,1,0,1,0,1,1,1,0,1,1,1,1,1,0,1,1,0,0,1,1,1,1,1,0,1,1,1,0,1,1,1,1,1,1,0,1,1,0,1,0,1,1,1,1,1,0,1,0,1,1,1,1,1,0,0,1,0,1,1,0,1,0,1,0,1,1,1,1,0,1,1,1,1,1,1,1,1,1,1,1,0,1,1,0,1,0,1,1,1,1,0,1,1,0,0,0,1,1,0,0,1,0,0,0,1,0,1,1,1,1,0,0,0,1,1,0,0,0,0,0,1,1,1,0,1,0,1,0,0,1,0,1,1,1,1,0,1,1,1,0,1,1,1,1,1,1,0,1,0,0,1,0,0,0,0,0,1,0,0,1,0,0,0,0,0,0,0,0,1,1,0,0,1,1,0,1,0,1,0,0,1,1
0,1,0,1,0,1,1,1,0,0,0,0,0,0,0,1,1,1,1,0,0,1,0,0,0,1,1,0,1,0,1,0,0,1,1,0,0,0,1,1,0,1,0,1,1,1,0,1,1,1,1,1,0,1,1,0,0,1,1,1,1,1,0,1,1,1,0,1,1,1,1,1,1,0,1,1,0,1,0,1,1,1,1,1,0,1,0,1,1,1,1,1,0,0,1,0,1,1,0,1,0,1,0,1,1,1,1,0,1,1,1,1,1,1,1,1,1,1,1,0,1,1,0,1,0,1,1,1,1,0,1,1,0,0,0,1,1,0,0,1,0,0,0,1,0,1,1,1,1,0,0,0,1,1,0,0,0,0,0,1,1,1,0,1,0,1,0,0,1,0,1,1,1,1,0,1,1,1,0,1,1,1,1,1,1,0,1,0,0,1,0,0,0,0,0,1,0,0,1,0,0,0,0,0,0,0,0,1,1,0,0,1,1,0,1,0,1,0,0,1,1
0,1,0,1,0,1,1,0,0,0,0,0,0,0,0,1,1,1,1,0,0,1,0,0,0,0,1,0,0,0,1,0,0,0,1,0,0,0,1,1,0,1,0,1,0,0,0,1,1,0,0,1,0,1,1,0,0,1,1,0,0,0,1,0,0,0,0,0,1,1,0,1,0,0,0,1,0,1,0,0,1,0,0,1,0,1,0,0,1,0,1,0,0,0,0,0,1,1,0,1,0,0,0,0,0,0,0,0,0,0,0,1,1,1,1,1,1,1,1,0,1,0,0,1,0,1,1,1,1,0,0,0,0,0,0,1,1,0,0,1,0,0,0,1,0,1,1,1,1,0,0,0,1,1,0,0,0,0,0,1,1,1,0,1,0,1,0,0,1,0,0,1,1,1,0,1,1,1,0,1,1,1,1,1,1,0,1,0,0,1,0,0,0,0,0,0,0,0,1,0,0,0,0,0,0,0,0,1,1,0,0,0,1,0,1,0,1,0,0,0,1
0,1,0,1,0,1,1,1,0,0,0,0,0,0,0,1,1,1,1,0,0,1,0,0,0,0,1,0,0,0,1,0,0,0,1,0,0,0,1,1,0,1,0,1,0,0,0,1,1,0,0,1,0,1,1,0,0,1,1,0,0,0,1,0,0,0,0,0,1,1,0,1,0,0,0,1,0,1,0,0,1,0,0,1,0,1,0,0,1,0,1,0,0,0,0,0,1,1,0,1,0,0,0,0,0,0,0,0,0,0,0,1,1,1,1,1,1,1,1,0,1,0,0,1,0,1,1,1,1,0,0,0,0,0,0,1,1,0,0,1,0,0,0,1,0,1,1,1,1,0,0,0,1,1,0,0,0,0,0,1,1,1,0,1,0,1,1,0,1,0,0,1,1,1,0,1,1,1,0,1,1,1,1,1,1,0,1,0,0,1,0,1,0,0,0,0,0,0,1,0,0,1,1,0,0,0,0,1,1,0,0,0,1,0,1,0,1,0,0,0,1
0,1,0,1,0,1,1,0,0,0,0,0,0,0,0,1,1,1,1,0,0,1,0,0,0,0,1,0,0,0,1,0,0,0,1,0,0,0,1,1,0,1,0,1,0,0,0,1,1,0,0,1,0,1,1,0,0,1,1,0,0,0,1,0,0,0,0,0,1,1,0,1,0,0,0,1,0,1,0,0,1,0,0,1,0,1,0,0,1,0,1,0,0,0,0,0,1,1,0,1,0,0,0,0,0,0,0,0,0,0,0,1,1,1,1,1,1,1,1,0,1,0,0,1,0,1,1,1,1,0,0,0,0,0,0,1,1,0,0,1,0,0,0,1,0,1,1,1,1,0,0,0,1,1,0,0,0,0,0,1,1,1,0,1,0,1,0,0,1,0,0,1,1,1,0,1,1,1,0,1,1,1,1,1,1,0,1,0,0,1,0,0,0,0,0,0,0,0,1,0,0,0,0,0,0,0,0,1,1,0,0,0,1,0,1,0,1,0,0,0,1
0,1,0,1,0,1,1,1,0,0,0,0,0,0,0,1,1,1,1,0,0,1,0,0,0,0,1,0,0,0,1,0,0,0,1,0,0,0,1,1,0,1,0,1,0,0,0,1,1,0,0,1,0,1,1,0,0,1,1,0,0,0,1,0,0,0,0,0,1,1,0,1,0,0,0,1,0,1,0,0,1,0,0,1,0,1,0,0,1,0,1,0,0,0,0,0,1,1,0,1,0,0,0,0,0,0,0,0,0,0,0,1,1,1,1,1,1,1,1,0,1,0,0,1,0,1,1,1,1,0,0,0,0,0,0,1,1,0,1,1,0,0,0,1,1,1,1,1,1,0,0,0,1,1,0,0,0,0,0,1,1,1,0,1,0,1,0,0,1,0,0,1,1,1,0,1,1,1,0,1,1,1,1,1,1,0,1,0,0,1,0,0,0,0,0,0,0,0,1,0,0,0,0,0,0,0,0,1,1,0,0,0,1,0,1,0,1,0,0,0,1
0,1,0,1,0,1,1,1,0,0,0,0,0,0,0,1,1,1,1,0,0,1,0,0,0,0,1,0,0,0,1,0,0,0,1,0,0,0,1,1,0,1,0,1,0,0,0,1,1,0,0,1,0,1,1,0,0,1,1,0,0,0,1,0,0,0,0,0,1,1,0,1,0,0,0,1,0,1,0,0,1,0,0,1,0,1,0,0,1,0,1,0,0,0,0,0,1,1,0,1,0,0,0,0,0,0,0,0,0,0,0,1,1,1,1,1,1,1,1,0,1,0,0,1,0,1,1,1,1,0,0,0,0,0,0,1,1,0,0,1,0,0,0,1,0,1,1,1,1,0,0,0,1,1,0,0,0,0,0,1,1,1,0,1,0,1,0,0,1,0,0,1,1,1,0,1,1,1,0,1,1,1,1,1,1,0,1,1,0,1,0,0,0,0,0,0,0,0,1,0,0,0,0,0,0,0,0,1,1,0,0,0,1,0,1,0,1,0,0,0,1
0,1,0,1,0,1,1,0,0,1,0,0,0,0,0,1,1,1,1,0,0,1,0,0,0,0,1,0,0,0,1,0,1,0,1,0,0,0,1,1,1,1,0,1,0,0,1,1,1,0,0,1,0,1,1,0,0,1,1,0,0,0,1,0,0,0,0,0,1,1,0,1,0,0,0,1,0,1,0,0,1,0,0,1,0,1,0,0,1,0,1,0,0,0,0,0,1,1,1,1,1,0,0,0,0,0,0,0,0,0,0,1,1,1,1,1,1,1,1,1,1,0,0,1,0,1,1,1,1,0,0,0,0,0,0,1,1,1,0,1,0,0,1,1,0,1,1,1,1,0,0,0,1,1,0,0,0,0,0,1,1,1,0,1,0,1,0,0,1,0,0,1,1,1,0,1,1,1,0,1,1,1,1,1,1,0,1,0,0,1,0,0,0,0,0,0,0,0,1,0,0,0,0,0,0,0,0,1,1,0,0,0,1,0,1,0,1,0,0,0,1
0,0,0,1,0,1,1,0,0,0,0,0,0,0,0,0,0,0,0,0,0,0,0,0,0,0,0,0,0,0,1,0,0,0,0,0,0,1,1,1,0,1,0,1,0,0,0,1,0,0,0,1,0,0,0,0,1,1,1,0,0,0,1,0,0,0,0,0,1,0,0,1,0,0,0,0,0,0,0,0,0,0,0,0,0,1,1,0,1,0,1,0,0,0,0,0,0,1,0,0,0,0,0,0,0,0,0,0,0,0,0,1,1,1,0,0,0,1,1,0,0,0,0,1,0,0,0,1,1,0,0,0,0,0,0,0,1,0,0,1,0,0,0,0,0,1,1,1,0,1,0,0,0,1,0,0,1,0,0,1,1,0,0,1,0,1,0,0,1,0,0,1,1,1,0,1,0,0,0,0,0,1,0,0,0,0,1,1,0,1,0,0,0,0,0,1,0,1,1,0,0,0,0,0,0,0,0,0,1,0,0,0,0,0,0,0,1,0,0,0,0
0,1,0,1,0,1,1,0,0,0,0,0,0,0,0,1,1,1,1,0,0,1,0,0,0,0,1,0,0,0,1,0,0,0,1,0,0,0,1,1,0,1,0,1,0,0,0,1,1,0,0,1,0,1,1,0,0,1,1,0,0,0,1,0,0,0,0,0,1,1,0,1,0,0,0,1,0,1,0,0,1,0,0,1,0,1,0,0,1,0,1,0,0,0,0,0,1,1,0,1,0,0,0,0,0,0,0,0,0,0,0,1,1,1,1,1,1,1,1,0,1,0,0,1,0,1,1,1,1,0,0,0,0,0,0,1,1,0,0,1,0,0,0,1,0,1,1,1,1,0,0,0,1,1,0,0,0,0,0,1,1,1,0,1,0,1,0,0,1,0,0,1,1,1,0,1,1,1,0,1,1,1,1,1,1,0,1,0,0,1,0,0,0,0,0,0,0,0,1,0,0,0,0,0,0,0,0,1,1,0,0,0,1,0,1,0,1,0,0,0,1
0,1,0,1,0,1,1,0,0,0,1,1,0,0,0,1,1,1,0,0,0,0,0,0,0,0,0,0,0,0,1,0,0,0,0,0,1,1,1,0,0,1,1,1,0,0,0,1,1,0,0,1,0,0,0,0,1,0,0,0,0,0,1,0,0,0,0,0,1,0,0,1,0,0,0,0,0,0,0,0,0,0,0,0,0,1,1,0,0,0,0,0,0,0,0,0,0,0,0,0,0,0,0,0,0,0,0,0,0,0,0,1,0,0,0,0,0,0,0,0,0,0,0,0,0,0,0,0,0,0,0,0,0,0,0,0,0,0,0,0,0,0,0,0,0,0,0,1,0,1,0,0,0,0,0,0,0,0,0,0,0,0,0,0,0,1,1,0,0,0,0,1,1,0,0,0,1,0,0,0,0,0,0,0,0,0,1,0,0,0,0,1,0,0,0,1,0,0,0,0,0,1,0,0,0,0,1,0,0,1,0,0,0,0,0,0,0,1,0,0,0
0,1,0,1,0,1,1,0,0,0,1,1,0,0,0,1,1,1,0,0,0,0,0,0,0,0,0,0,0,0,1,0,0,0,0,0,0,1,1,1,0,1,1,1,0,0,0,1,1,0,0,1,0,0,0,0,1,0,0,0,0,0,1,0,0,0,0,0,1,0,0,1,0,0,0,0,0,0,0,0,0,0,0,0,0,1,1,0,0,0,0,0,0,0,0,0,0,0,0,0,0,0,0,0,0,0,0,0,0,0,0,1,0,0,0,0,0,0,0,0,0,0,0,0,1,0,0,0,0,0,0,0,0,0,0,0,0,0,0,0,0,0,0,0,0,0,0,1,0,1,0,1,0,0,0,0,0,0,0,0,0,0,0,0,0,1,0,0,0,0,0,1,1,0,0,0,1,0,1,0,0,0,0,0,0,0,0,1,0,0,0,0,0,0,0,1,0,0,0,0,0,0,0,0,0,0,1,0,0,1,0,0,0,0,0,0,0,1,0,0,0
0,1,0,1,0,1,1,0,0,0,0,0,0,0,0,1,1,1,0,0,0,0,0,0,0,0,0,0,0,0,1,0,0,0,0,0,1,0,0,0,0,1,1,1,0,0,0,1,1,0,0,1,0,0,0,0,1,0,0,0,0,0,1,0,0,0,0,0,1,0,0,1,0,0,0,0,0,0,0,0,0,0,0,0,0,1,1,0,1,0,0,0,0,0,0,0,0,0,0,0,0,0,0,0,0,0,0,0,0,0,0,1,0,0,0,0,0,0,1,0,0,0,0,0,0,0,0,0,0,0,0,0,0,0,0,0,0,0,0,0,0,0,0,0,0,0,0,1,0,1,0,0,0,0,0,0,0,0,0,0,1,0,0,1,0,1,1,0,0,0,0,1,1,0,0,0,1,0,0,0,0,0,0,0,0,0,1,0,0,0,0,1,0,0,0,0,0,0,0,0,0,1,0,0,0,0,0,0,0,0,0,0,0,0,0,0,0,0,0,0,0
0,0,0,1,0,1,1,0,0,0,0,0,0,0,0,1,1,0,0,0,0,0,0,0,0,0,0,0,0,0,1,0,0,0,0,0,1,0,0,0,0,1,1,1,0,0,0,1,1,0,0,1,0,0,0,0,1,0,0,0,0,0,1,0,0,0,0,0,1,0,0,1,0,0,0,0,0,0,0,0,0,0,0,0,0,1,1,0,0,0,0,0,0,0,0,0,0,0,0,0,0,0,0,0,0,0,0,0,0,0,0,1,0,0,0,0,0,0,0,0,0,0,0,0,0,0,0,0,0,0,0,0,0,0,0,0,0,0,0,0,0,0,0,0,0,0,0,0,0,1,0,0,0,0,0,0,0,0,0,0,0,0,0,0,0,1,1,0,0,0,0,1,1,0,0,0,1,0,0,0,0,0,0,0,0,0,1,0,0,0,0,1,0,0,0,0,0,0,0,0,0,1,0,0,0,0,0,0,0,0,0,0,0,0,0,0,0,0,0,0,0
0,1,0,1,0,1,1,0,0,0,0,0,0,0,0,1,1,1,0,0,0,0,0,0,0,0,0,0,0,0,1,0,0,0,0,0,0,0,0,1,0,1,1,1,0,0,0,1,1,0,0,1,0,0,0,0,1,0,0,0,0,0,1,0,0,0,0,0,1,0,0,1,0,0,0,0,0,0,0,0,0,0,0,0,0,1,1,0,1,0,0,0,0,0,0,0,0,0,0,0,0,0,0,0,0,0,0,0,0,0,0,1,0,0,0,0,0,0,1,0,0,0,0,0,1,0,0,0,0,0,0,0,0,0,0,0,0,0,0,0,0,0,0,0,0,0,0,1,0,1,0,1,0,0,0,0,0,0,0,0,1,0,0,1,0,1,0,0,0,0,0,1,1,0,0,0,1,0,1,0,0,0,0,0,0,0,0,1,0,0,0,0,0,0,0,0,0,0,0,0,0,0,0,0,0,0,0,0,0,0,0,0,0,0,0,0,0,0,0,0,0
0,0,0,1,0,1,1,0,0,0,0,0,0,0,0,1,1,0,0,0,0,0,0,0,0,0,0,0,0,0,1,0,0,0,0,0,0,0,0,1,0,1,1,1,0,0,0,1,1,0,0,1,0,0,0,0,1,0,0,0,0,0,1,0,0,0,0,0,1,0,0,1,0,0,0,0,0,0,0,0,0,0,0,0,0,1,1,0,0,0,0,0,0,0,0,0,0,0,0,0,0,0,0,0,0,0,0,0,0,0,0,1,0,0,0,0,0,0,0,0,0,0,0,0,1,0,0,0,0,0,0,0,0,0,0,0,0,0,0,0,0,0,0,0,0,0,0,0,0,1,0,1,0,0,0,0,0,0,0,0,0,0,0,0,0,1,0,0,0,0,0,1,1,0,0,0,1,0,1,0,0,0,0,0,0,0,0,1,0,0,0,0,0,0,0,0,0,0,0,0,0,0,0,0,0,0,0,0,0,0,0,0,0,0,0,0,0,0,0,0,0
1,1,0,1,0,1,1,0,0,0,1,1,0,0,0,1,1,1,1,0,0,1,0,0,0,0,1,0,0,0,1,0,0,1,0,0,1,1,1,0,0,1,1,1,0,0,0,1,1,0,0,1,0,1,1,0,1,0,0,0,0,0,1,1,1,0,0,0,1,0,0,1,0,0,0,1,0,0,0,0,0,0,0,1,0,1,1,0,1,0,0,0,0,0,0,0,1,0,0,1,0,0,0,0,0,0,0,0,0,0,0,1,0,0,0,1,1,0,1,0,0,0,0,0,0,0,0,0,0,0,0,0,0,0,0,1,0,0,0,0,0,0,0,1,0,0,0,1,0,1,0,0,0,0,0,0,0,0,0,0,1,0,0,1,0,1,1,0,0,0,1,1,0,0,0,0,1,1,0,0,1,0,0,0,0,0,1,0,0,0,0,1,0,0,0,1,1,0,0,0,0,1,0,0,0,0,1,0,0,1,0,0,0,0,0,0,0,1,0,0,0
0,1,0,1,0,1,1,0,0,0,1,1,0,0,0,1,1,1,1,0,0,1,0,0,0,0,1,0,0,0,1,0,0,1,0,0,1,1,1,1,0,1,1,1,0,0,0,1,1,0,0,1,0,1,1,0,1,0,0,0,0,0,1,1,1,0,0,0,1,0,0,1,0,0,0,1,0,0,0,0,0,0,0,1,0,1,1,0,1,0,0,0,0,0,0,0,1,0,0,1,0,0,0,0,0,0,0,0,0,0,0,1,0,0,0,1,1,0,1,0,0,0,0,0,1,0,0,0,0,0,0,0,0,0,0,1,0,0,0,0,0,0,0,1,0,0,0,1,0,1,0,1,0,0,0,0,0,0,0,0,1,0,0,1,0,1,0,0,0,0,1,1,0,0,0,0,1,1,1,0,1,0,0,0,0,0,0,1,0,0,0,0,0,0,0,1,1,0,0,0,0,0,0,0,0,0,1,0,0,1,0,0,0,0,0,0,0,1,0,0,0
0,1,0,1,0,1,1,0,0,0,0,0,0,0,0,1,1,1,1,0,0,1,0,0,0,0,1,0,0,0,1,0,0,1,0,0,1,0,1,1,0,1,1,1,0,0,0,1,1,0,0,1,0,1,1,0,1,0,0,0,0,0,1,1,1,0,0,0,1,0,0,1,0,0,0,1,0,0,0,0,0,0,0,1,0,1,1,0,1,0,0,0,0,0,0,0,1,0,0,1,0,0,0,0,0,0,0,0,0,0,0,1,0,0,0,1,1,0,1,0,0,0,0,0,1,0,0,0,0,0,0,0,0,0,0,1,0,0,0,0,0,0,0,1,0,0,0,1,0,1,0,1,0,0,0,0,0,0,0,0,1,0,0,1,0,1,0,0,0,0,1,1,0,0,0,0,1,1,1,0,1,0,0,0,0,0,0,1,0,0,0,0,0,0,0,1,1,0,0,0,0,0,0,0,0,0,1,0,0,0,0,0,0,0,0,0,0,0,0,0,0
0,1,0,1,0,1,1,0,0,0,0,0,0,0,0,1,1,1,1,0,0,1,0,0,0,0,1,0,0,0,1,0,0,1,0,0,1,0,1,0,0,1,1,1,0,0,0,1,1,0,0,1,0,1,1,0,1,0,0,0,0,0,1,1,1,0,0,0,1,0,0,1,0,0,0,1,0,0,0,0,0,0,0,1,0,1,1,0,1,0,0,0,0,0,0,0,1,0,0,1,0,0,0,0,0,0,0,0,0,0,0,1,0,0,0,1,1,0,1,0,0,0,0,0,0,0,0,0,0,0,0,0,0,0,0,1,0,0,0,0,0,0,0,1,0,0,0,1,0,1,0,0,0,0,0,0,0,0,0,0,1,0,0,1,0,1,1,0,0,0,1,1,0,0,0,0,1,1,0,0,1,0,0,0,0,0,1,0,0,0,0,1,0,0,0,1,1,0,0,0,0,1,0,0,0,0,1,0,0,0,0,0,0,0,0,0,0,0,0,0,0
0,1,0,1,0,1,1,0,0,0,0,0,0,0,0,1,1,1,0,0,0,0,0,0,0,0,0,0,0,0,1,0,0,1,0,0,1,0,1,1,0,1,1,1,0,0,0,1,1,0,0,1,0,1,1,0,1,0,0,0,0,0,1,1,1,0,0,0,1,0,0,1,0,0,0,1,0,0,0,0,0,0,0,1,0,1,1,0,1,0,0,0,0,0,0,0,1,0,0,1,0,0,0,0,0,0,0,0,0,0,0,1,0,0,0,1,1,0,1,0,0,0,0,0,1,0,0,0,0,0,0,0,0,0,0,1,0,0,0,0,0,0,0,1,0,0,0,1,0,1,0,1,0,0,0,0,0,0,0,0,1,0,0,1,0,1,0,0,0,0,1,1,0,0,0,0,1,1,1,0,1,0,0,0,0,0,0,1,0,0,0,0,0,0,0,1,1,0,0,0,0,0,0,0,0,0,1,0,0,0,0,0,0,0,0,0,0,0,0,0,0
0,1,0,1,0,1,1,0,0,0,0,0,0,0,0,1,1,1,0,0,0,0,0,0,0,0,0,0,0,0,1,0,0,1,0,0,1,0,1,0,0,1,1,1,0,0,0,1,1,0,0,1,0,1,1,0,1,0,0,0,0,0,1,1,1,0,0,0,1,0,0,1,0,0,0,1,0,0,0,0,0,0,0,1,0,1,1,0,1,0,0,0,0,0,0,0,1,0,0,1,0,0,0,0,0,0,0,0,0,0,0,1,0,0,0,1,1,0,1,0,0,0,0,0,0,0,0,0,0,0,0,0,0,0,0,1,0,0,0,0,0,0,0,1,0,0,0,1,0,1,0,0,0,0,0,0,0,0,0,0,1,0,0,1,0,1,1,0,0,0,1,1,0,0,0,0,1,1,0,0,1,0,0,0,0,0,1,0,0,0,0,1,0,0,0,1,1,0,0,0,0,1,0,0,0,0,1,0,0,0,0,0,0,0,0,0,0,0,0,0,0
0,1,0,1,0,1,1,0,0,0,1,1,0,0,0,1,1,1,1,0,0,1,0,0,0,0,1,0,0,0,1,0,0,1,0,0,0,1,1,1,0,1,1,1,0,0,0,1,1,0,0,0,0,1,1,0,1,0,0,0,0,0,1,1,1,0,0,0,1,0,0,1,0,0,0,1,0,0,0,0,0,0,0,1,0,1,1,0,1,0,0,0,0,0,0,0,1,0,0,1,0,0,0,0,0,0,0,0,0,0,0,1,0,0,0,1,1,0,1,0,0,0,0,0,1,0,0,0,0,0,0,0,0,0,0,1,0,0,0,0,0,0,0,1,0,0,0,1,0,1,0,1,0,0,0,0,0,0,0,0,1,0,0,1,0,1,0,0,0,0,1,1,0,0,0,0,1,1,1,0,1,0,0,0,0,0,0,1,0,0,0,0,0,0,0,1,0,0,0,0,0,0,0,0,0,0,1,0,0,1,0,0,0,0,0,0,0,1,0,0,0
0,1,0,1,0,1,1,0,0,0,1,1,0,0,0,1,1,1,1,0,0,1,0,0,0,0,1,0,0,0,1,0,0,1,0,0,1,1,1,0,0,1,1,1,0,0,0,1,1,0,0,0,0,1,1,0,1,0,0,0,0,0,1,1,1,0,0,0,1,0,0,1,0,0,0,1,0,0,0,0,0,0,0,1,0,1,1,0,1,0,0,0,0,0,0,0,1,0,0,1,0,0,0,0,0,0,0,0,0,0,0,1,0,0,0,1,1,0,1,0,0,0,0,0,0,0,0,0,0,0,0,0,0,0,0,1,0,0,0,0,0,0,0,1,0,0,0,1,0,1,0,0,0,0,0,0,0,0,0,0,1,0,0,1,0,1,1,0,0,0,1,1,0,0,0,0,1,1,0,0,1,0,0,0,0,0,1,0,0,0,0,1,0,0,0,1,0,0,0,0,0,1,0,0,0,0,1,0,0,1,0,0,0,0,0,0,0,1,0,0,0
0,1,0,1,0,1,1,0,0,0,0,0,0,0,0,1,1,1,1,0,0,1,0,0,0,0,1,0,0,0,1,0,0,1,0,0,1,0,1,0,0,1,1,1,0,0,0,1,1,0,0,0,0,1,1,0,1,0,0,0,0,0,1,1,1,0,0,0,1,0,0,1,0,0,0,1,0,0,0,0,0,0,0,1,0,1,1,0,1,0,0,0,0,0,0,0,1,0,0,1,0,0,0,0,0,0,0,0,0,0,0,1,0,0,0,1,1,0,1,0,0,0,0,0,0,0,0,0,0,0,0,0,0,0,0,1,0,0,0,0,0,0,0,1,0,0,0,1,0,1,0,0,0,0,0,0,0,0,0,0,1,0,0,1,0,1,1,0,0,0,1,1,0,0,0,0,1,1,0,0,1,0,0,0,0,0,1,0,0,0,0,1,0,0,0,0,0,0,0,0,0,1,0,0,0,0,0,0,0,0,0,0,0,0,0,0,0,0,0,0,0
0,1,0,1,0,1,1,0,0,0,0,0,0,0,0,1,1,1,1,0,0,1,0,0,0,0,1,0,0,0,1,0,0,1,0,0,0,0,1,1,0,1,1,1,0,0,0,1,1,0,0,0,0,1,1,0,1,0,0,0,0,0,1,1,1,0,0,0,1,0,0,1,0,0,0,1,0,0,0,0,0,0,0,1,0,1,1,0,1,0,0,0,0,0,0,0,1,0,0,1,0,0,0,0,0,0,0,0,0,0,0,1,0,0,0,1,1,0,1,0,0,0,0,0,1,0,0,0,0,0,0,0,0,0,0,1,0,0,0,0,0,0,0,1,0,0,0,1,0,1,0,1,0,0,0,0,0,0,0,0,1,0,0,1,0,1,0,0,0,0,1,1,0,0,0,0,1,1,1,0,1,0,0,0,0,0,0,1,0,0,0,0,0,0,0,0,0,0,0,0,0,0,0,0,0,0,0,0,0,0,0,0,0,0,0,0,0,0,0,0,0
0,1,0,1,0,1,1,0,0,0,0,0,0,0,0,1,1,1,0,0,0,0,0,0,0,0,0,0,0,0,1,0,0,1,0,0,1,0,1,0,0,1,1,1,0,0,0,1,1,0,0,0,0,1,1,0,1,0,0,0,0,0,1,1,1,0,0,0,1,0,0,1,0,0,0,1,0,0,0,0,0,0,0,1,0,1,1,0,1,0,0,0,0,0,0,0,1,0,0,1,0,0,0,0,0,0,0,0,0,0,0,1,0,0,0,1,1,0,1,0,0,0,0,0,0,0,0,0,0,0,0,0,0,0,0,1,0,0,0,0,0,0,0,1,0,0,0,1,0,1,0,0,0,0,0,0,0,0,0,0,1,0,0,1,0,1,1,0,0,0,1,1,0,0,0,0,1,1,0,0,1,0,0,0,0,0,1,0,0,0,0,1,0,0,0,0,0,0,0,0,0,1,0,0,0,0,0,0,0,0,0,0,0,0,0,0,0,0,0,0,0
0,0,0,1,0,1,1,0,0,0,0,0,0,0,0,1,1,1,0,0,0,0,0,0,0,0,0,0,0,0,1,0,0,1,0,0,0,0,1,1,0,1,1,1,0,0,0,1,1,0,0,0,0,1,1,0,1,0,0,0,0,0,1,1,1,0,0,0,1,0,0,1,0,0,0,1,0,0,0,0,0,0,0,1,0,1,1,0,1,0,0,0,0,0,0,0,1,0,0,1,0,0,0,0,0,0,0,0,0,0,0,1,0,0,0,1,1,0,1,0,0,0,0,0,1,0,0,0,0,0,0,0,0,0,0,1,0,0,0,0,0,0,0,1,0,0,0,1,0,1,0,1,0,0,0,0,0,0,0,0,1,0,0,1,0,1,0,0,0,0,1,1,0,0,0,0,1,1,1,0,1,0,0,0,0,0,0,1,0,0,0,0,0,0,0,0,0,0,0,0,0,0,0,0,0,0,0,0,0,0,0,0,0,0,0,0,0,0,0,0,0
0,1,0,1,0,1,1,0,0,0,1,1,0,0,0,1,1,1,0,0,0,0,0,0,0,0,0,0,0,0,1,0,0,0,0,0,1,1,1,0,0,1,1,1,0,0,0,1,1,0,0,1,0,0,0,0,1,0,0,0,0,0,1,0,0,0,0,0,1,0,0,1,0,0,0,0,0,0,0,0,0,0,0,0,0,1,1,0,0,0,0,0,0,0,0,0,0,0,0,0,0,0,0,0,0,0,0,0,0,0,0,1,0,0,0,0,0,0,0,0,0,0,0,0,0,0,0,0,0,0,0,0,0,0,0,0,0,0,0,0,0,0,0,0,0,0,0,1,0,1,0,0,0,0,0,0,0,0,0,0,0,0,0,0,0,1,0,0,0,0,0,1,1,0,0,0,1,0,0,0,0,0,0,0,0,0,0,1,0,0,0,0,0,0,0,1,0,0,0,0,0,0,0,0,0,0,1,0,0,1,0,0,0,0,0,0,0,1,0,0,0
0,1,0,1,0,1,1,0,0,0,1,1,0,0,0,1,1,1,0,0,0,0,0,0,0,0,0,0,0,0,1,0,0,0,0,0,0,1,1,1,0,1,1,1,0,0,0,1,1,0,0,1,0,0,0,0,1,0,0,0,0,0,1,0,0,0,0,0,1,0,0,1,0,0,0,0,0,0,0,0,0,0,0,0,0,1,1,0,0,0,0,0,0,0,0,0,0,0,0,0,0,0,0,0,0,0,0,0,0,0,0,1,0,0,0,0,0,0,0,0,0,0,0,0,0,0,0,0,0,0,0,0,0,0,0,0,0,0,0,0,0,0,0,0,0,0,0,1,0,1,0,0,0,0,0,0,0,0,0,0,0,0,0,0,0,0,1,0,0,0,0,1,1,0,0,0,1,0,0,0,0,0,0,0,0,0,0,0,0,0,0,0,0,0,0,1,0,0,0,0,0,0,0,0,0,0,1,0,0,1,0,0,0,0,0,0,0,1,0,0,0
0,1,0,1,0,1,1,0,0,0,0,0,0,0,0,1,1,1,0,0,0,0,0,0,0,0,0,0,0,0,1,0,0,0,0,0,1,0,0,0,0,1,1,1,0,0,0,1,1,0,0,1,0,0,0,0,1,0,0,0,0,0,1,0,0,0,0,0,1,0,0,1,0,0,0,0,0,0,0,0,0,0,0,0,0,1,1,0,1,0,0,0,0,0,0,0,0,0,0,0,0,0,0,0,0,0,0,0,0,0,0,1,0,0,0,0,0,0,1,0,0,0,0,0,0,0,0,0,0,0,0,0,0,0,0,0,0,0,0,0,0,0,0,0,0,0,0,1,0,1,0,0,0,0,0,0,0,0,0,0,1,0,0,1,0,1,0,0,0,0,0,1,1,0,0,0,1,0,0,0,0,0,0,0,0,0,0,1,0,0,0,0,0,0,0,0,0,0,0,0,0,0,0,0,0,0,0,0,0,0,0,0,0,0,0,0,0,0,0,0,0
0,1,0,1,0,1,1,0,0,0,0,0,0,0,0,1,1,1,0,0,0,0,0,0,0,0,0,0,0,0,1,0,0,0,0,0,0,0,0,1,0,1,1,1,0,0,0,1,1,0,0,1,0,0,0,0,1,0,0,0,0,0,1,0,0,0,0,0,1,0,0,1,0,0,0,0,0,0,0,0,0,0,0,0,0,1,1,0,1,0,0,0,0,0,0,0,0,0,0,0,0,0,0,0,0,0,0,0,0,0,0,1,0,0,0,0,0,0,1,0,0,0,0,0,0,0,0,0,0,0,0,0,0,0,0,0,0,0,0,0,0,0,0,0,0,0,0,1,0,1,0,0,0,0,0,0,0,0,0,0,1,0,0,1,0,0,1,0,0,0,0,1,1,0,0,0,1,0,0,0,0,0,0,0,0,0,0,0,0,0,0,0,0,0,0,0,0,0,0,0,0,0,0,0,0,0,0,0,0,0,0,0,0,0,0,0,0,0,0,0,0
0,0,0,1,0,1,1,0,0,0,0,0,0,0,0,1,1,0,0,0,0,0,0,0,0,0,0,0,0,0,1,0,0,0,0,0,1,0,0,0,0,1,1,1,0,0,0,1,1,0,0,1,0,0,0,0,1,0,0,0,0,0,1,0,0,0,0,0,1,0,0,1,0,0,0,0,0,0,0,0,0,0,0,0,0,1,1,0,0,0,0,0,0,0,0,0,0,0,0,0,0,0,0,0,0,0,0,0,0,0,0,1,0,0,0,0,0,0,0,0,0,0,0,0,0,0,0,0,0,0,0,0,0,0,0,0,0,0,0,0,0,0,0,0,0,0,0,0,0,1,0,0,0,0,0,0,0,0,0,0,0,0,0,0,0,1,0,0,0,0,0,1,1,0,0,0,1,0,0,0,0,0,0,0,0,0,0,1,0,0,0,0,0,0,0,0,0,0,0,0,0,0,0,0,0,0,0,0,0,0,0,0,0,0,0,0,0,0,0,0,0
0,0,0,1,0,1,1,0,0,0,0,0,0,0,0,1,1,0,0,0,0,0,0,0,0,0,0,0,0,0,1,0,0,0,0,0,0,0,0,1,0,1,1,1,0,0,0,1,1,0,0,1,0,0,0,0,1,0,0,0,0,0,1,0,0,0,0,0,1,0,0,1,0,0,0,0,0,0,0,0,0,0,0,0,0,1,1,0,0,0,0,0,0,0,0,0,0,0,0,0,0,0,0,0,0,0,0,0,0,0,0,1,0,0,0,0,0,0,0,0,0,0,0,0,0,0,0,0,0,0,0,0,0,0,0,0,0,0,0,0,0,0,0,0,0,0,0,0,0,1,0,0,0,0,0,0,0,0,0,0,0,0,0,0,0,0,1,0,0,0,0,1,1,0,0,0,1,0,0,0,0,0,0,0,0,0,0,0,0,0,0,0,0,0,0,0,0,0,0,0,0,0,0,0,0,0,0,0,0,0,0,0,0,0,0,0,0,0,0,0,0
1,1,0,1,0,1,1,0,0,0,1,1,0,0,0,1,1,1,1,0,0,1,0,0,0,0,1,0,0,0,1,0,0,1,0,0,1,1,1,0,0,1,1,1,0,0,0,1,1,0,0,1,0,1,1,0,1,0,0,0,0,0,1,1,1,0,0,0,1,0,0,1,0,0,0,1,0,0,0,0,0,0,0,1,0,1,1,0,1,0,0,0,0,0,0,0,1,0,0,1,0,0,0,0,0,0,0,0,0,0,0,1,0,0,0,1,1,0,1,0,0,0,0,0,0,0,0,0,0,0,0,0,0,0,0,1,0,0,0,0,0,0,0,1,0,0,0,1,0,1,0,0,0,0,0,0,0,0,0,0,1,0,0,1,0,1,0,0,0,0,1,1,0,0,0,0,1,1,0,0,1,0,0,0,0,0,0,1,0,0,0,0,0,0,0,1,1,0,0,0,0,0,0,0,0,0,1,0,0,1,0,0,0,0,0,0,0,1,0,0,0
0,1,0,1,0,1,1,0,0,0,1,1,0,0,0,1,1,1,1,0,0,1,0,0,0,0,1,0,0,0,1,0,0,1,0,0,1,1,1,1,0,1,1,1,0,0,0,1,1,0,0,1,0,1,1,0,1,0,0,0,0,0,1,1,1,0,0,0,1,0,0,1,0,0,0,1,0,0,0,0,0,0,0,1,0,1,1,0,1,0,0,0,0,0,0,0,1,0,0,1,0,0,0,0,0,0,0,0,0,0,0,1,0,0,0,1,1,0,1,0,0,0,0,0,0,0,0,0,0,0,0,0,0,0,0,1,0,0,0,0,0,0,0,1,0,0,0,1,0,1,0,0,0,0,0,0,0,0,0,0,1,0,0,1,0,0,1,0,0,0,1,1,0,0,0,0,1,1,0,0,1,0,0,0,0,0,0,0,0,0,0,0,0,0,0,1,1,0,0,0,0,0,0,0,0,0,1,0,0,1,0,0,0,0,0,0,0,1,0,0,0
0,1,0,1,0,1,1,0,0,0,0,0,0,0,0,1,1,1,0,0,0,0,0,0,0,0,0,0,0,0,1,0,0,1,0,0,1,0,1,1,0,1,1,1,0,0,0,1,1,0,0,1,0,1,1,0,1,0,0,0,0,0,1,1,1,0,0,0,1,0,0,1,0,0,0,1,0,0,0,0,0,0,0,1,0,1,1,0,1,0,0,0,0,0,0,0,1,0,0,1,0,0,0,0,0,0,0,0,0,0,0,1,0,0,0,1,1,0,1,0,0,0,0,0,0,0,0,0,0,0,0,0,0,0,0,1,0,0,0,0,0,0,0,1,0,0,0,1,0,1,0,0,0,0,0,0,0,0,0,0,1,0,0,1,0,0,1,0,0,0,1,1,0,0,0,0,1,1,0,0,1,0,0,0,0,0,0,0,0,0,0,0,0,0,0,1,1,0,0,0,0,0,0,0,0,0,1,0,0,0,0,0,0,0,0,0,0,0,0,0,0
0,1,0,1,0,1,1,0,0,0,1,1,0,0,0,1,1,1,1,0,0,1,0,0,0,0,1,0,0,0,1,0,0,1,0,0,1,1,1,0,0,1,1,1,0,0,0,1,1,0,0,0,0,1,1,0,1,0,0,0,0,0,1,1,1,0,0,0,1,0,0,1,0,0,0,1,0,0,0,0,0,0,0,1,0,1,1,0,1,0,0,0,0,0,0,0,1,0,0,1,0,0,0,0,0,0,0,0,0,0,0,1,0,0,0,1,1,0,1,0,0,0,0,0,0,0,0,0,0,0,0,0,0,0,0,1,0,0,0,0,0,0,0,1,0,0,0,1,0,1,0,0,0,0,0,0,0,0,0,0,1,0,0,1,0,1,0,0,0,0,1,1,0,0,0,0,1,1,0,0,1,0,0,0,0,0,0,1,0,0,0,0,0,0,0,1,0,0,0,0,0,0,0,0,0,0,1,0,0,1,0,0,0,0,0,0,0,1,0,0,0
0,1,0,1,0,1,1,0,0,0,0,0,0,0,0,1,1,1,0,0,0,0,0,0,0,0,0,0,0,0,1,0,0,1,0,0,1,0,1,0,0,1,1,1,0,0,0,1,1,0,0,1,0,1,1,0,1,0,0,0,0,0,1,1,1,0,0,0,1,0,0,1,0,0,0,1,0,0,0,0,0,0,0,1,0,1,1,0,1,0,0,0,0,0,0,0,1,0,0,1,0,0,0,0,0,0,0,0,0,0,0,1,0,0,0,1,1,0,1,0,0,0,0,0,0,0,0,0,0,0,0,0,0,0,0,1,0,0,0,0,0,0,0,1,0,0,0,1,0,1,0,0,0,0,0,0,0,0,0,0,1,0,0,1,0,1,0,0,0,0,1,1,0,0,0,0,1,1,0,0,1,0,0,0,0,0,0,1,0,0,0,0,0,0,0,1,1,0,0,0,0,0,0,0,0,0,1,0,0,0,0,0,0,0,0,0,0,0,0,0,0
0,1,0,1,0,1,1,0,0,0,0,0,0,0,0,1,1,1,1,0,0,1,0,0,0,0,1,0,0,0,1,0,0,1,0,0,1,0,1,1,0,1,1,1,0,0,0,1,1,0,0,1,0,1,1,0,1,0,0,0,0,0,1,1,1,0,0,0,1,0,0,1,0,0,0,1,0,0,0,0,0,0,0,1,0,1,1,0,1,0,0,0,0,0,0,0,1,0,0,1,0,0,0,0,0,0,0,0,0,0,0,1,0,0,0,1,1,0,1,0,0,0,0,0,0,0,0,0,0,0,0,0,0,0,0,1,0,0,0,0,0,0,0,1,0,0,0,1,0,1,0,0,0,0,0,0,0,0,0,0,1,0,0,1,0,0,1,0,0,0,1,1,0,0,0,0,1,1,0,0,1,0,0,0,0,0,0,0,0,0,0,0,0,0,0,1,1,0,0,0,0,0,0,0,0,0,1,0,0,0,0,0,0,0,0,0,0,0,0,0,0
0,1,0,1,0,1,1,0,0,0,0,0,0,0,0,1,1,1,1,0,0,1,0,0,0,0,1,0,0,0,1,0,0,1,0,0,1,0,1,0,0,1,1,1,0,0,0,1,1,0,0,1,0,1,1,0,1,0,0,0,0,0,1,1,1,0,0,0,1,0,0,1,0,0,0,1,0,0,0,0,0,0,0,1,0,1,1,0,1,0,0,0,0,0,0,0,1,0,0,1,0,0,0,0,0,0,0,0,0,0,0,1,0,0,0,1,1,0,1,0,0,0,0,0,0,0,0,0,0,0,0,0,0,0,0,1,0,0,0,0,0,0,0,1,0,0,0,1,0,1,0,0,0,0,0,0,0,0,0,0,1,0,0,1,0,1,0,0,0,0,1,1,0,0,0,0,1,1,0,0,1,0,0,0,0,0,0,1,0,0,0,0,0,0,0,1,1,0,0,0,0,0,0,0,0,0,1,0,0,0,0,0,0,0,0,0,0,0,0,0,0
0,0,0,0,0,0,0,0,0,0,1,1,0,0,0,0,0,0,0,0,0,0,0,0,0,0,0,0,0,0,0,0,0,1,0,0,0,1,1,0,0,1,0,0,0,0,0,1,0,0,0,0,0,0,0,0,0,0,0,0,0,0,0,1,1,0,0,0,0,0,0,0,0,0,0,0,0,0,0,0,0,0,0,0,0,0,0,0,1,0,0,0,0,0,0,0,0,0,0,0,0,0,0,0,0,1,0,0,0,0,0,1,0,0,0,0,0,0,1,0,0,0,0,0,0,0,0,0,0,0,0,0,0,0,0,0,0,0,0,0,0,0,0,0,0,0,0,1,0,0,0,0,0,0,0,0,0,0,0,0,1,0,0,1,0,0,0,0,0,0,1,0,0,0,0,0,1,0,0,0,0,0,0,0,0,0,0,0,0,0,0,0,0,0,0,1,0,0,0,0,0,0,0,0,0,0,1,0,0,1,0,0,0,0,0,0,0,1,0,0,0
0,1,0,1,0,1,1,0,0,0,1,1,0,0,0,1,1,1,1,0,0,1,0,0,0,0,1,0,0,0,1,0,0,1,0,0,0,1,1,1,0,1,1,1,0,0,0,1,1,0,0,0,0,1,1,0,1,0,0,0,0,0,1,1,1,0,0,0,1,0,0,1,0,0,0,1,0,0,0,0,0,0,0,1,0,1,1,0,1,0,0,0,0,0,0,0,1,0,0,1,0,0,0,0,0,0,0,0,0,0,0,1,0,0,0,1,1,0,1,0,0,0,0,0,0,0,0,0,0,0,0,0,0,0,0,1,0,0,0,0,0,0,0,1,0,0,0,1,0,1,0,0,0,0,0,0,0,0,0,0,1,0,0,1,0,0,1,0,0,0,1,1,0,0,0,0,1,1,0,0,1,0,0,0,0,0,0,0,0,0,0,0,0,0,0,1,0,0,0,0,0,0,0,0,0,0,1,0,0,1,0,0,0,0,0,0,0,1,0,0,0
0,1,0,1,0,1,1,0,0,0,0,0,0,0,0,1,1,1,1,0,0,1,0,0,0,0,1,0,0,0,1,0,0,1,0,0,1,0,1,0,0,1,1,1,0,0,0,1,1,0,0,0,0,1,1,0,1,0,0,0,0,0,1,1,1,0,0,0,1,0,0,1,0,0,0,1,0,0,0,0,0,0,0,1,0,1,1,0,1,0,0,0,0,0,0,0,1,0,0,1,0,0,0,0,0,0,0,0,0,0,0,1,0,0,0,1,1,0,1,0,0,0,0,0,0,0,0,0,0,0,0,0,0,0,0,1,0,0,0,0,0,0,0,1,0,0,0,1,0,1,0,0,0,0,0,0,0,0,0,0,1,0,0,1,0,1,0,0,0,0,1,1,0,0,0,0,1,1,0,0,1,0,0,0,0,0,0,1,0,0,0,0,0,0,0,0,0,0,0,0,0,0,0,0,0,0,0,0,0,0,0,0,0,0,0,0,0,0,0,0,0
0,1,0,1,0,1,1,0,0,0,0,0,0,0,0,1,1,1,0,0,0,0,0,0,0,0,0,0,0,0,1,0,0,1,0,0,1,0,1,0,0,1,1,1,0,0,0,1,1,0,0,0,0,1,1,0,1,0,0,0,0,0,1,1,1,0,0,0,1,0,0,1,0,0,0,1,0,0,0,0,0,0,0,1,0,1,1,0,1,0,0,0,0,0,0,0,1,0,0,1,0,0,0,0,0,0,0,0,0,0,0,1,0,0,0,1,1,0,1,0,0,0,0,0,0,0,0,0,0,0,0,0,0,0,0,1,0,0,0,0,0,0,0,1,0,0,0,1,0,1,0,0,0,0,0,0,0,0,0,0,1,0,0,1,0,1,0,0,0,0,1,1,0,0,0,0,1,1,0,0,1,0,0,0,0,0,0,1,0,0,0,0,0,0,0,0,0,0,0,0,0,0,0,0,0,0,0,0,0,0,0,0,0,0,0,0,0,0,0,0,0
0,1,0,1,0,1,1,0,0,0,0,0,0,0,0,1,1,1,1,0,0,1,0,0,0,0,1,0,0,0,1,0,0,1,0,0,0,0,1,1,0,1,1,1,0,0,0,1,1,0,0,0,0,1,1,0,1,0,0,0,0,0,1,1,1,0,0,0,1,0,0,1,0,0,0,1,0,0,0,0,0,0,0,1,0,1,1,0,1,0,0,0,0,0,0,0,1,0,0,1,0,0,0,0,0,0,0,0,0,0,0,1,0,0,0,1,1,0,1,0,0,0,0,0,0,0,0,0,0,0,0,0,0,0,0,1,0,0,0,0,0,0,0,1,0,0,0,1,0,1,0,0,0,0,0,0,0,0,0,0,1,0,0,1,0,0,1,0,0,0,1,1,0,0,0,0,1,1,0,0,1,0,0,0,0,0,0,0,0,0,0,0,0,0,0,0,0,0,0,0,0,0,0,0,0,0,0,0,0,0,0,0,0,0,0,0,0,0,0,0,0
0,0,0,1,0,1,1,0,0,0,0,0,0,0,0,1,1,1,0,0,0,0,0,0,0,0,0,0,0,0,1,0,0,1,0,0,0,0,1,1,0,1,1,1,0,0,0,1,1,0,0,0,0,1,1,0,1,0,0,0,0,0,1,1,1,0,0,0,1,0,0,1,0,0,0,1,0,0,0,0,0,0,0,1,0,1,1,0,1,0,0,0,0,0,0,0,1,0,0,1,0,0,0,0,0,0,0,0,0,0,0,1,0,0,0,1,1,0,1,0,0,0,0,0,0,0,0,0,0,0,0,0,0,0,0,1,0,0,0,0,0,0,0,1,0,0,0,1,0,1,0,0,0,0,0,0,0,0,0,0,1,0,0,1,0,0,1,0,0,0,1,1,0,0,0,0,1,1,0,0,1,0,0,0,0,0,0,0,0,0,0,0,0,0,0,0,0,0,0,0,0,0,0,0,0,0,0,0,0,0,0,0,0,0,0,0,0,0,0,0,0
0,0,0,0,0,1,0,0,0,0,0,0,0,0,0,1,1,0,0,0,0,0,0,0,0,0,0,0,0,0,1,0,0,0,1,0,0,0,0,1,0,1,1,1,0,0,0,1,1,0,0,0,0,0,0,0,0,0,0,0,0,0,1,0,0,0,0,0,0,1,0,0,0,0,0,0,0,0,0,0,0,0,0,0,0,0,0,0,0,0,0,0,0,0,0,0,0,0,0,0,0,0,0,0,0,0,0,0,0,0,0,1,0,0,0,0,0,0,0,0,0,0,0,0,0,0,0,0,0,0,0,0,0,0,0,0,0,0,0,0,0,0,0,0,0,0,0,0,0,0,0,0,1,0,0,0,0,0,0,0,0,0,0,0,0,0,1,0,0,0,0,0,0,0,0,0,1,0,0,0,0,0,0,0,0,0,0,0,0,0,0,0,0,0,0,0,0,0,0,0,0,0,0,0,0,0,0,0,0,0,0,0,0,0,0,0,0,0,0,0,0
0,0,0,0,0,1,0,0,0,0,0,0,0,0,0,1,1,0,0,0,0,0,0,0,0,0,0,0,0,0,1,0,0,0,1,0,0,0,0,1,0,1,1,1,0,0,0,1,1,0,0,0,0,0,0,0,0,0,0,0,0,0,1,0,0,0,0,0,0,1,0,0,0,0,0,0,0,0,0,0,0,0,0,0,0,0,0,0,0,0,0,0,0,0,0,0,0,0,0,0,0,0,0,0,0,0,0,0,0,0,0,1,0,0,0,0,0,0,0,0,0,0,0,0,1,0,0,0,0,0,0,0,0,0,0,0,0,0,0,0,0,0,0,0,0,0,0,0,0,0,0,0,1,0,0,0,0,0,0,0,0,0,0,0,0,1,0,0,0,0,0,0,0,0,0,0,1,0,1,0,0,0,0,0,0,0,0,1,0,0,0,0,0,0,0,0,0,0,0,0,0,0,0,0,0,0,0,0,0,0,0,0,0,0,0,0,0,0,0,0,0
0,0,0,0,0,1,0,0,0,0,0,0,0,0,0,1,1,0,0,0,0,0,0,0,0,0,0,0,0,0,1,0,0,0,1,0,1,0,0,0,0,1,1,1,0,0,0,1,1,0,0,0,0,0,0,0,0,0,0,0,0,0,1,0,0,0,0,0,0,1,0,0,0,0,0,0,0,0,0,0,0,0,0,0,0,0,0,0,0,0,0,0,0,0,0,0,0,0,0,0,0,0,0,0,0,0,0,0,0,0,0,1,0,0,0,0,0,0,0,0,0,0,0,0,0,0,0,0,0,0,0,0,0,0,0,0,0,0,0,0,0,0,0,0,0,0,0,0,0,0,0,0,1,0,0,0,0,0,0,0,0,0,0,0,0,1,1,0,0,0,0,0,0,0,0,0,1,0,0,0,0,0,0,0,0,0,1,0,0,0,0,1,0,0,0,0,0,0,0,0,0,1,0,0,0,0,0,0,0,0,0,0,0,0,0,0,0,0,0,0,0
0,0,0,0,0,1,0,0,0,0,0,0,0,0,0,1,1,0,0,0,0,0,0,0,0,0,0,0,0,0,1,0,0,0,1,0,1,0,0,0,0,1,1,1,0,0,0,1,1,0,0,0,0,0,0,0,0,0,0,0,0,0,1,0,0,0,0,0,0,1,0,0,0,0,0,0,0,0,0,0,0,0,0,0,0,0,0,0,0,0,0,0,0,0,0,0,0,0,0,0,0,0,0,0,0,0,0,0,0,0,0,1,0,0,0,0,0,0,0,0,0,0,0,0,0,0,0,0,0,0,0,0,0,0,0,0,0,0,0,0,0,0,0,0,0,0,0,0,0,0,0,0,1,0,0,0,0,0,0,0,0,0,0,0,0,1,0,0,0,0,0,0,0,0,0,0,1,0,0,0,0,0,0,0,0,0,0,1,0,0,0,0,0,0,0,0,0,0,0,0,0,0,0,0,0,0,0,0,0,0,0,0,0,0,0,0,0,0,0,0,0
0,0,0,0,0,1,0,0,0,0,0,0,0,0,0,1,1,1,0,0,0,0,0,0,0,0,0,0,0,0,1,0,0,0,1,0,0,0,0,1,0,1,1,1,0,0,0,1,1,0,0,0,0,0,0,0,0,0,0,0,0,0,1,0,0,0,0,0,0,1,0,0,0,0,0,0,0,0,0,0,0,0,0,0,0,0,0,0,1,0,0,0,0,0,0,0,0,0,0,0,0,0,0,0,0,0,0,0,0,0,0,1,0,0,0,0,0,0,1,0,0,0,0,0,0,0,0,0,0,0,0,0,0,0,0,0,0,0,0,0,0,0,0,0,0,0,0,1,0,0,0,0,1,0,0,0,0,0,0,0,1,0,0,1,0,0,1,0,0,0,0,0,0,0,0,0,1,0,0,0,0,0,0,0,0,0,0,0,0,0,0,0,0,0,0,0,0,0,0,0,0,0,0,0,0,0,0,0,0,0,0,0,0,0,0,0,0,0,0,0,0
0,0,0,0,0,1,0,0,0,0,0,0,0,0,0,1,1,1,0,0,0,0,0,0,0,0,0,0,0,0,1,0,0,0,1,0,0,0,0,1,0,1,1,1,0,0,0,1,1,0,0,0,0,0,0,0,0,0,0,0,0,0,1,0,0,0,0,0,0,1,0,0,0,0,0,0,0,0,0,0,0,0,0,0,0,0,0,0,1,0,0,0,0,0,0,0,0,0,0,0,0,0,0,0,0,0,0,0,0,0,0,1,0,0,0,0,0,0,1,0,0,0,0,0,1,0,0,0,0,0,0,0,0,0,0,0,0,0,0,0,0,0,0,0,0,0,0,1,0,0,0,0,1,0,0,0,0,0,0,0,1,0,0,1,0,1,0,0,0,0,0,0,0,0,0,0,1,0,1,0,0,0,0,0,0,0,0,1,0,0,0,0,0,0,0,0,0,0,0,0,0,0,0,0,0,0,0,0,0,0,0,0,0,0,0,0,0,0,0,0,0
0,0,0,0,0,1,0,0,0,0,0,0,0,0,0,1,1,1,0,0,0,0,0,0,0,0,0,0,0,0,1,0,0,0,1,0,1,0,0,0,0,1,1,1,0,0,0,1,1,0,0,0,0,0,0,0,0,0,0,0,0,0,1,0,0,0,0,0,0,1,0,0,0,0,0,0,0,0,0,0,0,0,0,0,0,0,0,0,1,0,0,0,0,0,0,0,0,0,0,0,0,0,0,0,0,0,0,0,0,0,0,1,0,0,0,0,0,0,1,0,0,0,0,0,0,0,0,0,0,0,0,0,0,0,0,0,0,0,0,0,0,0,0,0,0,0,0,1,0,0,0,0,1,0,0,0,0,0,0,0,1,0,0,1,0,1,0,0,0,0,0,0,0,0,0,0,1,0,0,0,0,0,0,0,0,0,0,1,0,0,0,0,0,0,0,0,0,0,0,0,0,0,0,0,0,0,0,0,0,0,0,0,0,0,0,0,0,0,0,0,0
0,0,0,0,0,1,0,0,0,0,0,0,0,0,0,1,1,1,0,0,0,0,0,0,0,0,0,0,0,0,1,0,0,0,1,0,1,0,0,0,0,1,1,1,0,0,0,1,1,0,0,0,0,0,0,0,0,0,0,0,0,0,1,0,0,0,0,0,0,1,0,0,0,0,0,0,0,0,0,0,0,0,0,0,0,0,0,0,1,0,0,0,0,0,0,0,0,0,0,0,0,0,0,0,0,0,0,0,0,0,0,1,0,0,0,0,0,0,1,0,0,0,0,0,0,0,0,0,0,0,0,0,0,0,0,0,0,0,0,0,0,0,0,0,0,0,0,1,0,0,0,0,1,0,0,0,0,0,0,0,1,0,0,1,0,1,1,0,0,0,0,0,0,0,0,0,1,0,0,0,0,0,0,0,0,0,1,0,0,0,0,1,0,0,0,0,0,0,0,0,0,1,0,0,0,0,0,0,0,0,0,0,0,0,0,0,0,0,0,0,0
0,0,0,0,0,1,0,0,0,0,1,1,0,0,0,1,1,1,0,0,0,0,0,0,0,0,0,0,0,0,1,0,0,0,1,0,0,1,1,1,0,1,1,1,0,0,0,1,1,0,0,0,0,0,0,0,0,0,0,0,0,0,1,0,0,0,0,0,0,1,0,0,0,0,0,0,0,0,0,0,0,0,0,0,0,0,0,0,0,0,0,0,0,0,0,0,0,0,0,0,0,0,0,0,0,0,0,0,0,0,0,1,0,0,0,0,0,0,0,0,0,0,0,0,0,0,0,0,0,0,0,0,0,0,0,0,0,0,0,0,0,0,0,0,0,0,0,1,0,0,0,0,1,0,0,0,0,0,0,0,0,0,0,0,0,0,1,0,0,0,0,0,0,0,0,0,1,0,0,0,0,0,0,0,0,0,0,0,0,0,0,0,0,0,0,1,0,0,0,0,0,0,0,0,0,0,1,0,0,1,0,0,0,0,0,0,0,1,0,0,0
0,0,0,0,0,1,0,0,0,0,1,1,0,0,0,1,1,1,0,0,0,0,0,0,0,0,0,0,0,0,1,0,0,0,1,0,0,1,1,1,0,1,1,1,0,0,0,1,1,0,0,0,0,0,0,0,0,0,0,0,0,0,1,0,0,0,0,0,0,1,0,0,0,0,0,0,0,0,0,0,0,0,0,0,0,0,0,0,0,0,0,0,0,0,0,0,0,0,0,0,0,0,0,0,0,0,0,0,0,0,0,1,0,0,0,0,0,0,0,0,0,0,0,0,1,0,0,0,0,0,0,0,0,0,0,0,0,0,0,0,0,0,0,0,0,0,0,1,0,0,0,0,1,0,0,0,0,0,0,0,0,0,0,0,0,1,0,0,0,0,0,0,0,0,0,0,1,0,1,0,0,0,0,0,0,0,0,1,0,0,0,0,0,0,0,1,0,0,0,0,0,0,0,0,0,0,1,0,0,1,0,0,0,0,0,0,0,1,0,0,0
0,0,0,0,0,1,0,0,0,0,1,1,0,0,0,1,1,1,0,0,0,0,0,0,0,0,0,0,0,0,1,0,0,0,1,0,1,1,1,0,0,1,1,1,0,0,0,1,1,0,0,0,0,0,0,0,0,0,0,0,0,0,1,0,0,0,0,0,0,1,0,0,0,0,0,0,0,0,0,0,0,0,0,0,0,0,0,0,0,0,0,0,0,0,0,0,0,0,0,0,0,0,0,0,0,0,0,0,0,0,0,1,0,0,0,0,0,0,0,0,0,0,0,0,0,0,0,0,0,0,0,0,0,0,0,0,0,0,0,0,0,0,0,0,0,0,0,1,0,0,0,0,1,0,0,0,0,0,0,0,0,0,0,0,0,1,0,0,0,0,0,0,0,0,0,0,1,0,0,0,0,0,0,0,0,0,0,1,0,0,0,0,0,0,0,1,0,0,0,0,0,0,0,0,0,0,1,0,0,1,0,0,0,0,0,0,0,1,0,0,0
0,0,0,0,0,1,0,0,0,0,1,1,0,0,0,1,1,1,0,0,0,0,0,0,0,0,0,0,0,0,1,0,0,0,1,0,1,1,1,0,0,1,1,1,0,0,0,1,1,0,0,0,0,0,0,0,0,0,0,0,0,0,1,0,0,0,0,0,0,1,0,0,0,0,0,0,0,0,0,0,0,0,0,0,0,0,0,0,0,0,0,0,0,0,0,0,0,0,0,0,0,0,0,0,0,0,0,0,0,0,0,1,0,0,0,0,0,0,0,0,0,0,0,0,0,0,0,0,0,0,0,0,0,0,0,0,0,0,0,0,0,0,0,0,0,0,0,1,0,0,0,0,1,0,0,0,0,0,0,0,0,0,0,0,0,1,1,0,0,0,0,0,0,0,0,0,1,0,0,0,0,0,0,0,0,0,1,0,0,0,0,1,0,0,0,1,0,0,0,0,0,1,0,0,0,0,1,0,0,1,0,0,0,0,0,0,0,1,0,0,0
0,1,0,1,0,1,0,0,0,0,1,0,0,1,0,0,0,1,1,0,0,0,0,0,0,0,1,0,0,0,1,0,0,0,0,0,0,0,0,1,0,1,1,1,0,0,0,1,1,0,0,1,0,0,0,0,0,0,0,0,0,0,1,0,0,0,0,0,1,0,0,0,0,0,0,0,0,0,0,0,0,0,0,0,0,0,0,0,0,0,0,0,0,0,0,0,0,0,0,0,0,0,0,0,0,0,0,0,0,0,0,1,0,0,0,0,0,1,0,0,0,0,0,0,0,0,0,1,1,0,0,0,0,0,0,0,0,0,0,1,0,0,0,0,0,1,0,0,0,0,1,0,0,1,0,0,0,0,0,0,0,0,0,0,0,1,0,0,1,0,0,0,0,0,0,1,0,0,0,0,0,1,0,0,0,0,1,1,0,1,0,0,0,0,0,1,1,1,1,0,0,0,0,0,0,0,1,0,0,1,0,0,0,1,0,1,0,1,0,0,0
1,1,0,1,1,1,1,0,0,1,1,0,1,1,0,1,1,1,1,1,1,1,0,1,0,1,1,0,1,0,1,0,1,1,0,0,0,0,1,0,1,1,0,1,1,1,1,1,0,1,1,0,0,1,1,0,0,0,0,1,1,1,1,1,1,1,0,1,0,0,1,1,1,0,1,1,0,1,0,1,1,1,1,1,0,1,0,1,1,1,0,1,0,0,1,1,1,0,1,1,1,1,0,1,1,1,1,1,1,1,1,1,0,0,0,1,1,0,1,1,1,1,0,0,0,0,1,0,0,0,1,1,1,0,0,1,0,1,0,0,0,1,1,1,0,0,0,1,1,0,0,0,0,0,0,0,0,1,0,0,1,0,0,1,0,0,0,0,0,0,1,1,1,0,0,0,1,1,0,0,1,0,0,1,1,0,0,0,1,0,0,0,1,0,0,1,1,0,0,0,0,0,0,1,0,0,1,0,0,0,0,1,0,0,0,0,0,0,0,1,0
1,1,0,1,1,1,1,0,0,0,1,0,1,1,0,1,1,1,1,1,1,1,0,1,0,1,1,0,1,0,1,0,0,1,0,0,0,0,1,0,0,1,0,1,1,1,0,1,0,1,1,0,0,1,1,0,0,0,0,1,1,1,1,1,1,1,0,1,0,0,1,1,1,0,1,1,0,1,0,1,1,1,1,1,0,1,0,1,1,1,0,1,0,0,1,1,1,0,0,1,0,1,0,1,1,1,1,1,1,1,1,1,0,0,0,1,1,0,1,0,1,1,0,0,0,0,1,0,0,0,1,1,1,0,0,1,0,0,0,0,0,1,0,1,0,0,0,1,1,0,0,0,0,0,0,0,0,1,0,0,1,0,0,1,0,0,0,0,0,0,1,1,1,0,0,0,1,1,0,0,1,0,0,1,1,0,0,0,1,0,0,0,1,0,0,1,1,0,0,0,0,0,0,1,0,0,1,0,0,0,0,1,0,0,0,0,0,0,0,1,0
1,1,0,1,1,1,1,0,0,0,1,0,1,1,0,1,1,1,1,1,1,1,0,1,0,1,1,0,1,0,1,0,0,1,0,0,0,0,1,0,0,1,0,1,1,1,0,1,0,1,1,0,0,1,1,0,0,0,0,1,1,1,1,1,1,1,0,1,0,0,1,1,1,0,1,1,0,1,0,1,1,1,1,1,0,1,0,1,1,1,0,1,0,0,1,1,1,0,0,1,0,1,0,1,1,1,1,1,1,1,1,1,0,0,0,1,1,0,1,0,1,1,0,0,0,0,1,0,0,0,1,1,1,0,0,1,0,0,0,0,0,1,0,1,0,0,0,1,1,0,0,0,0,0,0,0,0,1,0,0,1,0,0,1,0,0,0,0,0,0,1,1,1,0,0,0,1,1,0,0,1,0,0,1,1,0,0,0,1,0,0,0,1,0,0,1,1,0,0,0,0,0,0,1,0,0,1,0,0,0,0,1,0,0,0,0,0,0,0,1,0
1,1,0,1,1,1,1,0,0,0,1,0,1,1,0,1,1,1,1,1,1,1,0,1,0,1,1,0,1,0,1,0,0,1,0,0,0,0,1,1,0,1,0,1,1,1,0,1,1,1,1,1,0,1,1,0,0,1,1,1,1,1,1,1,1,1,0,1,1,0,1,1,1,0,1,1,0,1,0,1,1,1,1,1,0,1,0,1,1,1,1,1,0,0,1,1,1,1,0,1,0,1,0,1,1,1,1,1,1,1,1,1,1,1,0,1,1,1,1,0,1,1,0,1,0,0,1,1,1,0,1,1,1,0,0,1,1,0,0,1,0,1,0,1,0,1,1,1,1,0,0,0,0,1,0,0,0,1,0,1,1,0,0,1,0,1,0,0,1,0,1,1,1,1,0,1,1,1,0,0,1,1,0,1,1,0,1,0,1,1,0,1,1,1,0,1,1,0,0,0,0,1,0,1,1,0,1,1,0,0,0,1,0,0,1,0,0,0,0,1,0
1,1,0,1,1,1,1,0,0,0,1,0,1,1,0,1,1,1,1,1,1,1,0,1,0,1,1,0,1,0,1,0,0,1,0,0,0,0,1,0,0,1,0,1,1,1,0,1,0,1,1,0,0,1,1,0,0,0,0,1,1,1,1,1,1,1,0,1,0,0,1,1,1,0,1,1,0,1,0,1,1,1,1,1,0,1,0,1,1,1,0,1,0,0,1,1,1,0,0,1,0,1,0,1,1,1,1,1,1,1,1,1,0,0,0,1,1,0,1,0,1,1,0,0,0,0,1,0,0,0,1,1,1,0,0,1,0,0,0,0,0,1,0,1,0,0,0,1,1,0,0,0,0,0,0,0,0,1,0,0,1,0,0,1,0,0,0,0,0,0,1,1,1,0,0,0,1,1,0,0,1,0,0,1,1,0,0,0,1,0,0,0,1,0,0,1,1,0,0,0,0,0,0,1,0,0,1,0,0,0,0,1,0,0,0,0,0,0,0,1,0
1,1,0,1,1,1,1,0,0,0,1,0,1,1,0,1,1,1,1,1,1,1,0,1,0,1,1,0,1,0,1,0,0,1,0,0,0,0,1,0,0,1,0,1,1,1,0,1,0,1,1,1,0,1,1,0,0,0,0,1,1,1,1,1,1,1,0,1,0,0,1,1,1,0,1,1,0,1,0,1,1,1,1,1,0,1,0,1,1,1,0,1,0,0,1,1,1,0,0,1,0,1,0,1,1,1,1,1,1,1,1,1,0,0,0,1,1,0,1,0,1,1,0,0,0,0,1,0,0,0,1,1,1,0,0,1,0,0,0,0,0,1,0,1,0,0,0,1,1,0,0,0,0,0,0,0,0,1,0,0,1,0,0,1,0,0,0,0,0,0,1,1,1,0,0,0,1,1,0,0,1,0,0,1,1,0,0,0,1,0,0,0,1,0,0,1,1,0,0,0,0,0,0,1,0,0,1,0,0,0,0,1,0,1,0,0,0,0,0,1,0
1,1,0,1,1,1,1,0,0,1,1,0,1,1,0,1,1,1,1,1,1,1,0,1,0,1,1,0,1,0,1,0,1,1,0,0,0,0,1,0,1,1,0,1,1,1,1,1,0,1,1,0,0,1,1,0,0,0,0,1,1,1,1,1,1,1,0,1,0,0,1,1,1,0,1,1,0,1,0,1,1,1,1,1,0,1,0,1,1,1,0,1,0,0,1,1,1,0,1,1,1,1,0,1,1,1,1,1,1,1,1,1,0,0,0,1,1,0,1,1,1,1,0,0,0,0,1,0,0,0,1,1,1,0,0,1,0,1,0,0,0,1,1,1,0,0,0,1,1,0,0,0,0,0,0,0,0,1,0,0,1,0,0,1,0,0,0,0,0,0,1,1,1,0,0,0,1,1,0,0,1,0,0,1,1,0,0,0,1,0,0,0,1,0,0,1,1,0,0,0,0,0,0,1,0,0,1,0,0,0,0,1,0,0,0,0,0,0,0,1,0
1,1,0,1,1,1,1,0,0,0,1,0,1,1,0,1,1,1,1,1,1,1,0,1,0,1,1,0,1,0,1,0,0,1,0,0,0,0,1,1,0,1,0,1,1,1,0,1,1,1,1,1,0,1,1,0,0,1,1,1,1,1,1,1,1,1,0,1,1,0,1,1,1,0,1,1,0,1,0,1,1,1,1,1,0,1,0,1,1,1,1,1,0,0,1,1,1,1,0,1,0,1,0,1,1,1,1,1,1,1,1,1,1,1,0,1,1,1,1,0,1,1,0,1,0,0,1,1,1,0,1,1,1,0,0,1,1,0,0,1,0,1,0,1,0,1,1,1,1,0,0,0,0,1,0,0,0,1,0,1,1,0,0,1,0,1,0,0,1,0,1,1,1,1,0,1,1,1,0,0,1,1,0,1,1,0,1,1,1,1,0,0,1,0,0,1,1,0,1,0,0,0,0,1,0,0,1,0,1,0,0,1,0,0,0,0,1,0,0,1,0
1,1,0,1,1,1,1,0,0,0,1,0,1,1,0,1,1,1,1,1,1,1,0,1,0,1,1,0,1,0,1,0,0,1,0,0,0,0,1,0,0,1,0,1,1,1,0,1,0,1,1,0,0,1,1,0,0,0,0,1,1,1,1,1,1,1,0,1,0,0,1,1,1,0,1,1,0,1,0,1,1,1,1,1,0,1,0,1,1,1,0,1,0,0,1,1,1,0,0,1,0,1,0,1,1,1,1,1,1,1,1,1,0,0,0,1,1,0,1,0,1,1,0,0,0,0,1,0,0,0,1,1,1,0,0,1,0,0,0,0,0,1,0,1,0,0,0,1,1,0,0,0,0,0,0,0,0,1,0,0,1,0,0,1,0,0,0,0,0,0,1,1,1,0,0,0,1,1,0,0,1,0,0,1,1,0,0,0,1,0,0,0,1,0,0,1,1,0,0,0,0,0,0,1,0,0,1,0,0,0,0,1,0,0,0,0,0,0,0,1,0
1,1,0,1,1,1,1,0,0,0,1,0,1,1,0,1,1,1,1,1,1,1,0,1,0,1,1,0,1,0,1,0,0,1,0,0,0,0,1,0,0,1,0,1,1,1,0,1,0,1,1,0,0,1,1,0,0,0,0,1,1,1,1,1,1,1,0,1,0,0,1,1,1,0,1,1,0,1,0,1,1,1,1,1,0,1,0,1,1,1,0,1,0,0,1,1,1,0,0,1,0,1,0,1,1,1,1,1,1,1,1,1,0,0,0,1,1,0,1,0,1,1,0,0,0,0,1,0,0,0,1,1,1,0,0,1,0,0,0,0,0,1,0,1,0,0,0,1,1,0,0,0,0,0,0,0,0,1,0,0,1,0,0,1,0,0,0,0,0,0,1,1,1,0,0,0,1,1,0,0,1,0,0,1,1,0,0,0,1,0,0,0,1,0,0,1,1,0,0,0,0,0,0,1,0,0,1,0,0,0,0,1,0,0,0,0,0,0,0,1,0
1,1,0,1,1,1,1,0,0,0,1,0,1,1,0,1,1,1,1,1,1,1,0,1,0,1,1,0,1,0,1,0,0,1,0,0,0,0,1,0,0,1,0,1,1,1,0,1,0,1,1,0,0,1,1,0,0,0,0,1,1,1,1,1,1,1,0,1,0,0,1,1,1,0,1,1,0,1,0,1,1,1,1,1,0,1,0,1,1,1,0,1,0,0,1,1,1,0,0,1,0,1,0,1,1,1,1,1,1,1,1,1,0,0,0,1,1,0,1,0,1,1,0,0,0,0,1,0,0,0,1,1,1,0,0,1,0,0,0,0,0,1,0,1,0,0,0,1,1,0,0,0,0,0,0,0,0,1,0,0,1,0,0,1,0,0,0,0,0,0,1,1,1,0,0,0,1,1,0,0,1,0,0,1,1,0,0,0,1,0,0,0,1,0,0,1,1,0,0,0,0,0,0,1,0,0,1,0,0,0,0,1,0,0,0,0,0,0,0,1,0
1,1,0,1,1,1,1,0,0,0,1,0,1,1,0,1,1,1,1,1,1,1,0,1,0,1,1,0,1,0,1,0,0,1,0,0,0,0,1,0,0,1,0,1,1,1,0,1,0,1,1,0,0,1,1,0,0,0,0,1,1,1,1,1,1,1,0,1,0,0,1,1,1,0,1,1,0,1,0,1,1,1,1,1,0,1,0,1,1,1,0,1,0,0,1,1,1,0,0,1,0,1,0,1,1,1,1,1,1,1,1,1,0,0,0,1,1,0,1,0,1,1,0,0,0,0,1,0,0,0,1,1,1,0,0,1,0,0,0,0,0,1,0,1,0,0,0,1,1,0,0,0,0,0,0,0,0,1,0,0,1,0,0,1,0,0,0,0,0,0,1,1,1,0,0,0,1,1,0,0,1,0,0,1,1,0,0,0,1,0,0,0,1,0,0,1,1,0,0,0,0,0,0,1,0,0,1,0,0,0,0,1,0,0,0,0,0,0,0,1,0
1,1,0,1,1,1,1,0,0,1,1,0,1,1,0,1,1,1,1,1,1,1,0,1,0,1,1,0,1,0,1,0,1,1,0,0,0,0,1,0,1,1,0,1,1,1,1,1,0,1,1,0,0,1,1,0,0,0,0,1,1,1,1,1,1,1,0,1,0,0,1,1,1,0,1,1,0,1,0,1,1,1,1,1,0,1,0,1,1,1,0,1,0,0,1,1,1,0,1,1,1,1,0,1,1,1,1,1,1,1,1,1,0,0,0,1,1,0,1,1,1,1,0,0,0,0,1,0,0,0,1,1,1,0,0,1,0,1,0,0,0,1,1,1,0,0,0,1,1,0,0,0,0,0,0,0,0,1,0,0,1,0,0,1,0,0,0,0,0,0,1,1,1,0,0,0,1,1,0,0,1,0,0,1,1,0,0,0,1,0,0,0,1,0,0,1,1,0,0,0,0,0,0,1,0,0,1,0,0,0,0,1,0,0,0,0,0,0,0,1,0
1,1,0,1,1,1,1,0,0,0,1,0,1,1,0,1,1,1,1,1,1,1,0,1,0,1,1,0,1,0,1,0,0,1,0,0,0,0,1,1,0,1,0,1,1,1,0,1,1,1,1,1,0,1,1,0,0,1,1,1,1,1,1,1,1,1,0,1,1,0,1,1,1,0,1,1,0,1,0,1,1,1,1,1,0,1,0,1,1,1,1,1,0,0,1,1,1,1,0,1,0,1,0,1,1,1,1,1,1,1,1,1,1,1,0,1,1,1,1,0,1,1,0,1,0,0,1,1,1,0,1,1,1,0,0,1,1,0,0,1,0,1,0,1,0,1,1,1,1,0,0,0,0,1,0,0,0,1,0,1,1,0,0,1,0,1,0,0,1,0,1,1,1,1,0,1,1,1,0,0,1,1,0,1,1,0,1,0,1,1,0,1,1,1,0,1,1,0,0,0,0,1,0,1,1,0,1,1,0,0,0,1,0,0,1,0,0,0,0,1,0
1,1,0,1,1,1,1,0,0,0,1,0,1,1,0,1,1,1,1,1,1,1,0,1,0,1,1,0,1,0,1,0,0,1,0,0,0,0,1,0,0,1,0,1,1,1,0,1,0,1,1,0,0,1,1,0,0,0,0,1,1,1,1,1,1,1,0,1,0,0,1,1,1,0,1,1,0,1,0,1,1,1,1,1,0,1,0,1,1,1,0,1,0,0,1,1,1,0,0,1,0,1,0,1,1,1,1,1,1,1,1,1,0,0,0,1,1,0,1,0,1,1,0,0,0,0,1,0,0,0,1,1,1,0,0,1,0,0,0,0,0,1,0,1,0,0,0,1,1,0,0,0,0,0,0,0,0,1,0,0,1,0,0,1,0,0,0,0,0,0,1,1,1,0,0,0,1,1,0,0,1,0,0,1,1,0,0,0,1,0,0,0,1,0,0,1,1,0,0,0,0,0,0,1,0,0,1,0,0,0,0,1,0,0,0,0,0,0,0,1,0
1,1,0,1,1,1,1,0,0,0,1,0,1,1,0,1,1,1,1,1,1,1,0,1,0,1,1,0,1,0,1,0,0,1,0,0,0,0,1,0,0,1,0,1,1,1,0,1,0,1,1,1,0,1,1,0,0,0,0,1,1,1,1,1,1,1,0,1,0,0,1,1,1,0,1,1,0,1,0,1,1,1,1,1,0,1,0,1,1,1,0,1,0,0,1,1,1,0,0,1,0,1,0,1,1,1,1,1,1,1,1,1,0,0,0,1,1,0,1,0,1,1,0,0,0,0,1,0,0,0,1,1,1,0,0,1,0,0,0,0,0,1,0,1,0,0,0,1,1,0,0,0,0,0,0,0,0,1,0,0,1,0,0,1,0,0,0,0,0,0,1,1,1,0,0,0,1,1,0,0,1,0,0,1,1,0,0,0,1,0,0,0,1,0,0,1,1,0,0,0,0,0,0,1,0,0,1,0,0,0,0,1,0,1,0,0,0,0,0,1,0
1,1,0,1,1,1,1,0,0,0,1,0,1,1,0,1,1,1,1,1,1,1,0,1,0,1,1,0,1,0,1,0,0,1,0,0,0,0,1,0,0,1,0,1,1,1,0,1,0,1,1,0,0,1,1,0,0,0,0,1,1,1,1,1,1,1,0,1,0,0,1,1,1,0,1,1,0,1,0,1,1,1,1,1,0,1,0,1,1,1,0,1,0,0,1,1,1,0,0,1,0,1,0,1,1,1,1,1,1,1,1,1,0,0,0,1,1,0,1,0,1,1,0,0,0,0,1,0,0,0,1,1,1,0,0,1,0,0,0,0,0,1,0,1,0,0,0,1,1,0,0,0,0,0,0,0,0,1,0,0,1,0,0,1,0,0,0,0,0,0,1,1,1,0,0,0,1,1,0,0,1,0,0,1,1,0,0,0,1,0,0,0,1,0,0,1,1,0,0,0,0,0,0,1,0,0,1,0,0,0,0,1,0,0,0,0,0,0,0,1,0
1,1,0,1,1,1,1,0,0,1,1,0,1,1,0,1,1,1,1,1,1,1,0,1,0,1,1,0,1,0,1,0,1,1,0,0,0,0,1,0,1,1,0,1,1,1,1,1,0,1,1,0,0,1,1,0,0,0,0,1,1,1,1,1,1,1,0,1,0,0,1,1,1,0,1,1,0,1,0,1,1,1,1,1,0,1,0,1,1,1,0,1,0,0,1,1,1,0,1,1,1,1,0,1,1,1,1,1,1,1,1,1,0,0,0,1,1,0,1,1,1,1,0,0,0,0,1,0,0,0,1,1,1,0,0,1,0,1,0,0,0,1,1,1,0,0,0,1,1,0,0,0,0,0,0,0,0,1,0,0,1,0,0,1,0,0,0,0,0,0,1,1,1,0,0,0,1,1,0,0,1,0,0,1,1,0,0,0,1,0,0,0,1,0,0,1,1,0,0,0,0,0,0,1,0,0,1,0,0,0,0,1,0,0,0,0,0,0,0,1,0
1,1,0,1,1,1,1,0,0,0,1,0,1,1,0,1,1,1,1,1,1,1,0,1,0,1,1,0,1,0,1,0,0,1,0,0,0,0,1,1,0,1,0,1,1,1,0,1,1,1,1,1,0,1,1,0,0,1,1,1,1,1,1,1,1,1,0,1,1,0,1,1,1,0,1,1,0,1,0,1,1,1,1,1,0,1,0,1,1,1,1,1,0,0,1,1,1,1,0,1,0,1,0,1,1,1,1,1,1,1,1,1,1,1,0,1,1,1,1,0,1,1,0,1,0,0,1,1,1,0,1,1,1,0,0,1,1,0,0,1,0,1,0,1,0,1,1,1,1,0,0,0,0,1,0,0,0,1,0,1,1,0,0,1,0,1,0,0,1,0,1,1,1,1,0,1,1,1,0,0,1,1,0,1,1,0,1,1,1,1,0,0,1,0,0,1,1,0,1,0,0,0,0,1,0,0,1,0,1,0,0,1,0,0,0,0,1,0,0,1,0
1,1,0,1,1,1,1,0,0,0,1,0,1,1,0,1,1,1,1,1,1,1,0,1,0,1,1,0,1,0,1,0,0,1,0,0,0,0,1,0,0,1,0,1,1,1,0,1,0,1,1,0,0,1,1,0,0,0,0,1,1,1,1,1,1,1,0,1,0,0,1,1,1,0,1,1,0,1,0,1,1,1,1,1,0,1,0,1,1,1,0,1,0,0,1,1,1,0,0,1,0,1,0,1,1,1,1,1,1,1,1,1,0,0,0,1,1,0,1,0,1,1,0,0,0,0,1,0,0,0,1,1,1,0,0,1,0,0,0,0,0,1,0,1,0,0,0,1,1,0,0,0,0,0,0,0,0,1,0,0,1,0,0,1,0,0,0,0,0,0,1,1,1,0,0,0,1,1,0,0,1,0,0,1,1,0,0,0,1,0,0,0,1,0,0,1,1,0,0,0,0,0,0,1,0,0,1,0,0,0,0,1,0,0,0,0,0,0,0,1,0
1,1,0,1,1,1,1,0,0,0,1,0,1,1,0,1,1,1,1,1,1,1,0,1,0,1,1,0,1,0,1,0,0,1,0,0,0,0,1,0,0,1,0,1,1,1,0,1,0,1,1,0,0,1,1,0,0,0,0,1,1,1,1,1,1,1,0,1,0,0,1,1,1,0,1,1,0,1,0,1,1,1,1,1,0,1,0,1,1,1,0,1,0,0,1,1,1,0,0,1,0,1,0,1,1,1,1,1,1,1,1,1,0,0,0,1,1,0,1,0,1,1,0,0,0,0,1,0,0,0,1,1,1,0,0,1,0,0,0,0,0,1,0,1,0,0,0,1,1,0,0,0,0,0,0,0,0,1,0,0,1,0,0,1,0,0,0,0,0,0,1,1,1,0,0,0,1,1,0,0,1,0,0,1,1,0,0,0,1,0,0,0,1,0,0,1,1,0,0,0,0,0,0,1,0,0,1,0,0,0,0,1,0,0,0,0,0,0,0,1,0
1,1,0,1,1,1,1,0,0,0,1,0,1,1,0,1,1,1,1,1,1,1,0,1,0,1,1,0,1,0,1,0,0,1,0,0,0,0,1,0,0,1,0,1,1,1,0,1,0,1,1,0,0,1,1,0,0,0,0,1,1,1,1,1,1,1,0,1,0,0,1,1,1,0,1,1,0,1,0,1,1,1,1,1,0,1,0,1,1,1,0,1,0,0,1,1,1,0,0,1,0,1,0,1,1,1,1,1,1,1,1,1,0,0,0,1,1,0,1,0,1,1,0,0,0,0,1,0,0,0,1,1,1,0,0,1,0,0,0,0,0,1,0,1,0,0,0,1,1,0,0,0,0,0,0,0,0,1,0,0,1,0,0,1,0,0,0,0,0,0,1,1,1,0,0,0,1,1,0,0,1,0,0,1,1,0,0,0,1,0,0,0,1,0,0,1,1,0,0,0,0,0,0,1,0,0,1,0,0,0,0,1,0,0,0,0,0,0,0,1,0
1,1,0,1,1,1,1,0,0,0,1,0,1,1,0,1,1,1,1,1,1,1,0,1,0,1,1,0,1,0,1,0,0,1,0,0,0,0,1,1,0,1,0,1,1,1,0,1,1,1,1,1,0,1,1,0,0,1,1,1,1,1,1,1,1,1,0,1,1,0,1,1,1,0,1,1,0,1,0,1,1,1,1,1,0,1,0,1,1,1,1,1,0,0,1,1,1,1,0,1,0,1,0,1,1,1,1,1,1,1,1,1,1,1,0,1,1,1,1,0,1,1,0,1,0,0,1,1,1,0,1,1,1,0,0,1,1,0,0,1,0,1,0,1,0,1,1,1,1,0,0,0,0,1,0,0,0,1,0,1,1,0,0,1,0,1,0,0,1,0,1,1,1,1,0,1,1,1,0,0,1,1,0,1,1,0,1,1,1,1,0,1,1,0,0,1,1,1,1,0,0,1,0,1,0,0,1,0,1,0,0,1,0,0,0,0,1,0,0,1,0
1,1,0,1,1,1,1,0,0,1,1,0,1,1,0,1,1,1,1,1,1,1,0,1,0,1,1,0,1,0,1,0,1,1,0,0,0,0,1,1,1,1,0,1,1,1,1,1,1,1,1,1,0,1,1,0,0,1,1,1,1,1,1,1,1,1,0,1,1,0,1,1,1,0,1,1,0,1,0,1,1,1,1,1,0,1,0,1,1,1,1,1,0,0,1,1,1,1,1,1,1,1,0,1,1,1,1,1,1,1,1,1,1,1,0,1,1,1,1,1,1,1,0,1,0,0,1,1,1,0,1,1,1,0,0,1,1,1,0,1,0,1,1,1,0,1,1,1,1,0,0,0,0,1,0,0,0,1,0,1,1,0,0,1,0,1,0,0,1,0,1,1,1,1,0,1,1,1,0,0,1,1,0,1,1,0,1,1,1,1,0,1,1,0,0,1,1,1,1,0,0,1,0,1,0,0,1,0,1,0,0,1,0,0,0,0,1,0,0,1,0
1,1,0,1,1,1,1,1,0,0,1,0,1,1,0,1,1,1,1,1,1,1,0,1,0,1,1,0,1,0,1,0,0,1,0,0,0,0,1,1,0,1,0,1,1,1,0,1,1,1,1,1,0,1,1,0,0,1,1,1,1,1,1,1,1,1,0,1,1,0,1,1,1,0,1,1,0,1,0,1,1,1,1,1,0,1,0,1,1,1,1,1,0,0,1,1,1,1,0,1,0,1,0,1,1,1,1,1,1,1,1,1,1,1,0,1,1,1,1,0,1,1,0,1,0,0,1,1,1,0,1,1,1,0,0,1,1,0,0,1,0,1,0,1,0,1,1,1,1,0,0,0,0,1,0,0,0,1,0,1,1,0,0,1,0,1,0,0,1,0,1,1,1,1,0,1,1,1,0,0,1,1,0,1,1,0,1,1,1,1,0,1,1,1,0,1,1,1,1,0,0,1,0,1,1,0,1,1,1,0,0,1,0,0,1,0,1,0,0,1,0
1,1,0,1,1,1,1,0,0,0,1,0,1,1,0,1,1,1,1,1,1,1,0,1,0,1,1,0,1,0,1,0,0,1,0,0,0,0,1,1,0,1,0,1,1,1,0,1,1,1,1,1,0,1,1,0,0,1,1,1,1,1,1,1,1,1,0,1,1,0,1,1,1,0,1,1,0,1,0,1,1,1,1,1,0,1,0,1,1,1,1,1,0,0,1,1,1,1,0,1,0,1,0,1,1,1,1,1,1,1,1,1,1,1,0,1,1,1,1,0,1,1,0,1,0,0,1,1,1,0,1,1,1,0,0,1,1,0,0,1,0,1,0,1,0,1,1,1,1,0,0,0,0,1,0,0,0,1,0,1,1,0,0,1,0,1,0,0,1,0,1,1,1,1,0,1,1,1,0,0,1,1,0,1,1,0,1,1,1,1,0,1,1,0,0,1,1,1,1,0,0,1,0,1,0,0,1,0,1,0,0,1,0,0,0,0,1,0,0,1,0
1,1,0,1,1,1,1,0,0,0,1,0,1,1,0,1,1,1,1,1,1,1,0,1,0,1,1,0,1,0,1,0,0,1,0,0,0,0,1,1,0,1,0,1,1,1,0,1,1,1,1,1,0,1,1,0,0,1,1,1,1,1,1,1,1,1,0,1,1,0,1,1,1,0,1,1,0,1,0,1,1,1,1,1,0,1,0,1,1,1,1,1,0,0,1,1,1,1,0,1,0,1,0,1,1,1,1,1,1,1,1,1,1,1,0,1,1,1,1,0,1,1,0,1,0,0,1,1,1,0,1,1,1,0,0,1,1,0,0,1,0,1,0,1,0,1,1,1,1,0,0,0,0,1,0,0,0,1,0,1,1,0,0,1,0,1,0,0,1,0,1,1,1,1,0,1,1,1,0,0,1,1,0,1,1,0,1,1,1,1,0,1,1,0,0,1,1,1,1,0,0,1,0,1,0,0,1,0,1,0,0,1,0,1,0,0,1,0,0,1,0
1,1,0,1,1,1,1,0,0,0,1,0,1,1,0,1,1,1,1,1,1,1,0,1,0,1,1,0,1,0,1,0,0,1,0,0,0,0,1,1,0,1,0,1,1,1,0,1,1,1,1,1,0,1,1,0,0,1,1,1,1,1,1,1,1,1,0,1,1,0,1,1,1,0,1,1,0,1,0,1,1,1,1,1,0,1,0,1,1,1,1,1,0,0,1,1,1,1,0,1,0,1,0,1,1,1,1,1,1,1,1,1,1,1,0,1,1,1,1,0,1,1,0,1,0,0,1,1,1,0,1,1,1,0,0,1,1,0,0,1,0,1,0,1,0,1,1,1,1,0,0,0,0,1,0,0,0,1,0,1,1,0,0,1,0,1,0,0,1,0,1,1,1,1,0,1,1,1,0,0,1,1,0,1,1,0,1,1,1,1,0,1,1,0,0,1,1,1,1,0,0,1,0,1,0,0,1,0,1,0,0,1,0,0,0,0,1,0,0,1,0
1,1,0,1,1,1,1,0,0,1,1,0,1,1,0,1,1,1,1,1,1,1,0,1,0,1,1,0,1,0,1,0,1,1,0,0,0,0,1,1,1,1,0,1,1,1,1,1,1,1,1,1,0,1,1,0,0,1,1,1,1,1,1,1,1,1,0,1,1,0,1,1,1,0,1,1,0,1,0,1,1,1,1,1,0,1,0,1,1,1,1,1,0,0,1,1,1,1,1,1,1,1,0,1,1,1,1,1,1,1,1,1,1,1,0,1,1,1,1,1,1,1,0,1,0,0,1,1,1,0,1,1,1,0,0,1,1,1,0,1,0,1,1,1,0,1,1,1,1,0,0,0,0,1,0,0,0,1,0,1,1,0,0,1,0,1,0,0,1,0,1,1,1,1,0,1,1,1,0,0,1,1,0,1,1,0,1,1,1,1,0,1,1,0,0,1,1,1,1,0,0,1,0,1,0,0,1,0,1,0,0,1,0,0,0,0,1,0,0,1,0
1,1,0,1,1,1,1,1,0,0,1,0,1,1,0,1,1,1,1,1,1,1,0,1,0,1,1,0,1,0,1,0,0,1,0,0,0,0,1,1,0,1,0,1,1,1,0,1,1,1,1,1,0,1,1,0,0,1,1,1,1,1,1,1,1,1,0,1,1,0,1,1,1,0,1,1,0,1,0,1,1,1,1,1,0,1,0,1,1,1,1,1,0,0,1,1,1,1,0,1,0,1,0,1,1,1,1,1,1,1,1,1,1,1,0,1,1,1,1,0,1,1,0,1,0,0,1,1,1,0,1,1,1,0,0,1,1,0,0,1,0,1,0,1,0,1,1,1,1,0,0,0,0,1,0,0,0,1,0,1,1,0,0,1,0,1,0,0,1,0,1,1,1,1,0,1,1,1,0,0,1,1,0,1,1,0,1,1,1,1,0,1,1,0,0,1,1,1,1,0,0,1,0,1,0,0,1,0,1,0,0,1,0,0,0,0,1,0,0,1,0
1,1,0,1,1,1,1,0,0,0,1,0,1,1,0,1,1,1,1,1,1,1,0,1,0,1,1,0,1,0,1,0,0,1,0,0,0,0,1,1,0,1,0,1,1,1,0,1,1,1,1,1,0,1,1,0,0,1,1,1,1,1,1,1,1,1,0,1,1,0,1,1,1,0,1,1,0,1,0,1,1,1,1,1,0,1,0,1,1,1,1,1,0,0,1,1,1,1,0,1,0,1,0,1,1,1,1,1,1,1,1,1,1,1,0,1,1,1,1,0,1,1,0,1,0,0,1,1,1,0,1,1,1,0,0,1,1,0,0,1,0,1,0,1,0,1,1,1,1,0,0,0,0,1,0,0,0,1,0,1,1,0,0,1,0,1,0,0,1,0,1,1,1,1,0,1,1,1,0,0,1,1,0,1,1,0,1,1,1,1,0,1,1,0,0,1,1,1,1,0,0,1,0,1,0,0,1,0,1,0,0,1,0,0,0,0,1,0,0,1,0
1,1,0,1,1,1,1,0,0,0,1,0,1,1,0,1,1,1,1,1,1,1,0,1,0,1,1,0,1,0,1,0,0,1,0,0,0,0,1,1,0,1,0,1,1,1,0,1,1,1,1,1,0,1,1,0,0,1,1,1,1,1,1,1,1,1,0,1,1,0,1,1,1,0,1,1,0,1,0,1,1,1,1,1,0,1,0,1,1,1,1,1,0,0,1,1,1,1,0,1,0,1,0,1,1,1,1,1,1,1,1,1,1,1,0,1,1,1,1,0,1,1,0,1,0,0,1,1,1,0,1,1,1,0,0,1,1,0,0,1,0,1,0,1,0,1,1,1,1,0,0,0,0,1,0,0,0,1,0,1,1,0,0,1,0,1,0,0,1,0,1,1,1,1,0,1,1,1,0,0,1,1,0,1,1,0,1,1,1,1,0,1,1,0,0,1,1,1,1,0,0,1,0,1,0,0,1,0,1,0,0,1,0,0,0,0,1,0,0,1,0
0,1,0,0,0,1,0,0,0,0,0,0,0,0,0,1,1,1,1,0,0,1,0,0,0,1,1,0,1,0,1,0,0,0,0,0,0,0,1,1,0,1,0,1,1,1,0,1,1,1,1,1,0,1,1,0,0,1,1,1,1,1,1,0,0,1,1,1,1,0,1,0,1,0,1,1,0,0,0,1,0,1,1,1,0,0,0,1,1,1,1,1,0,0,1,0,1,1,0,1,0,1,0,1,1,0,1,0,0,1,1,1,1,1,0,1,1,1,1,0,0,1,0,1,0,0,0,1,1,0,1,1,0,0,0,1,1,0,0,1,0,0,0,1,0,1,1,1,0,0,0,0,0,1,0,0,0,0,0,1,1,0,0,1,0,1,1,0,1,0,0,0,0,1,0,1,1,1,0,0,1,1,0,0,0,0,1,0,0,1,0,1,0,0,0,1,0,1,1,0,0,1,0,0,0,0,1,0,1,1,1,0,0,0,0,0,1,1,1,0,0
1,1,0,1,1,1,1,0,0,0,1,0,1,1,0,1,1,1,1,1,1,1,0,1,0,1,1,0,1,0,1,0,0,1,0,0,0,0,1,1,0,1,0,1,1,1,0,1,1,1,1,1,0,1,1,0,0,1,1,1,1,1,1,1,1,1,0,1,1,0,1,1,1,0,1,1,0,1,0,1,1,1,1,1,0,1,0,1,1,1,1,1,0,0,1,1,1,1,0,1,0,1,0,1,1,1,1,1,1,1,1,1,1,1,0,1,1,1,1,0,1,1,0,1,0,0,1,1,1,0,1,1,1,0,0,1,1,0,0,1,0,1,0,1,0,1,1,1,1,0,0,0,0,1,0,0,0,1,0,1,1,0,0,1,0,1,0,0,1,0,1,1,1,1,0,1,1,1,0,0,1,1,0,1,1,0,1,1,1,1,0,1,1,0,0,1,1,1,1,0,0,1,0,1,0,0,1,0,1,0,0,1,0,0,0,0,1,0,0,1,0
0,1,0,0,0,1,0,0,0,0,0,0,0,0,0,1,1,1,1,0,0,1,0,0,0,1,1,0,1,0,1,0,0,0,0,0,0,0,1,1,0,1,0,1,1,1,0,1,1,1,1,1,0,1,1,0,0,1,1,1,1,1,1,0,0,1,1,1,1,0,1,0,1,0,1,1,0,0,0,1,0,1,1,1,0,0,0,1,1,1,1,1,0,0,1,0,1,1,0,1,0,1,0,1,1,0,1,0,0,1,1,1,1,1,0,1,1,1,1,0,0,1,0,1,0,0,0,1,1,0,1,1,0,0,0,1,1,0,0,1,0,0,0,1,0,1,1,1,0,0,0,0,0,1,0,0,0,0,0,1,1,0,0,1,0,1,1,0,1,0,0,0,0,1,0,1,1,1,0,0,1,1,0,0,0,0,1,0,0,1,0,1,0,0,0,1,0,1,1,0,0,1,0,0,0,0,1,0,1,1,1,0,0,0,0,0,1,1,1,0,0
0,1,0,0,0,1,0,0,0,0,0,0,0,0,0,1,1,1,1,0,0,1,0,0,0,1,1,0,1,0,1,0,0,0,0,0,0,0,1,1,0,1,0,1,1,1,0,1,1,1,1,1,0,1,1,0,0,1,1,1,1,1,1,0,0,1,1,1,1,0,1,0,1,0,1,1,0,0,0,1,0,1,1,1,0,0,0,1,1,1,1,1,0,0,1,0,1,1,0,1,0,1,0,1,1,0,1,0,0,1,1,1,1,1,0,1,1,1,1,0,0,1,0,1,0,0,0,1,1,0,1,1,0,0,0,1,1,0,0,1,0,0,0,1,0,1,1,1,0,0,0,0,0,1,0,0,0,0,0,1,1,0,0,1,0,1,1,0,1,0,0,0,0,1,0,1,1,1,0,0,1,1,0,0,0,0,1,0,0,1,0,1,0,0,0,1,0,1,1,0,0,1,0,0,0,0,1,0,1,1,1,1,0,0,0,0,1,1,1,1,0
0,1,0,0,0,1,0,0,0,0,0,0,0,0,0,1,1,1,1,0,0,1,0,0,0,1,1,0,1,0,1,0,0,0,0,0,0,0,1,1,0,1,0,1,1,1,0,1,1,1,1,1,0,1,1,0,0,1,1,1,1,1,1,0,0,1,1,1,1,0,1,0,1,0,1,1,0,0,0,1,0,1,1,1,0,0,0,1,1,1,1,1,0,0,1,0,1,1,0,1,0,1,0,1,1,0,1,0,0,1,1,1,1,1,0,1,1,1,1,0,0,1,0,1,0,0,0,1,1,0,1,1,0,0,0,1,1,0,0,1,0,0,0,1,0,1,1,1,0,0,0,0,0,1,0,0,0,0,0,1,1,0,0,1,0,1,1,0,1,0,0,0,0,1,0,1,1,1,0,0,1,1,0,0,0,0,1,0,0,1,0,1,0,0,0,1,0,1,1,0,0,1,0,0,0,0,1,0,1,1,1,0,0,0,0,0,1,1,1,0,0
0,1,0,0,0,1,0,0,0,0,0,0,0,0,0,1,1,1,1,0,0,1,0,0,0,1,1,0,1,0,1,0,0,0,0,0,0,0,1,1,0,1,0,1,1,1,0,1,1,1,1,1,0,1,1,0,0,1,1,1,1,1,1,0,0,1,1,1,1,0,1,0,1,0,1,1,0,0,0,1,0,1,1,1,0,0,0,1,1,1,1,1,0,0,1,0,1,1,0,1,0,1,0,1,1,0,1,0,0,1,1,1,1,1,0,1,1,1,1,0,0,1,0,1,0,0,0,1,1,0,1,1,0,0,0,1,1,0,0,1,0,0,0,1,0,1,1,1,0,0,0,0,0,1,0,0,0,0,0,1,1,0,0,1,0,1,1,0,1,0,0,0,0,1,0,1,1,1,0,0,1,1,0,0,0,0,1,0,0,1,0,1,0,0,0,1,0,1,1,0,0,1,0,0,0,0,1,0,1,1,1,0,0,0,0,0,1,1,1,0,0
0,1,0,0,0,1,0,0,0,0,0,0,0,0,0,1,1,1,1,0,0,1,0,0,0,1,1,0,1,0,1,0,0,0,0,0,0,0,1,1,0,1,0,1,1,1,0,1,1,1,1,1,0,1,1,0,0,1,1,1,1,1,1,0,0,1,1,1,1,0,1,0,1,0,1,1,0,0,0,1,0,1,1,1,0,0,0,1,1,1,1,1,0,0,1,0,1,1,0,1,0,1,0,1,1,0,1,0,0,1,1,1,1,1,0,1,1,1,1,0,0,1,0,1,0,0,0,1,1,0,1,1,0,0,0,1,1,0,0,1,0,0,0,1,0,1,1,1,0,0,0,0,0,1,0,0,0,0,0,1,1,0,0,1,0,1,1,0,1,0,0,0,0,1,0,1,1,1,0,0,1,1,0,0,0,0,1,0,0,1,0,1,0,0,0,1,0,1,1,0,0,1,0,0,0,0,1,0,1,1,1,0,0,0,0,0,1,1,1,0,0
0,1,0,0,0,1,0,0,0,0,0,0,0,0,0,1,1,1,1,0,0,1,0,0,0,1,1,0,1,0,1,0,0,0,0,0,0,0,1,1,0,1,0,1,1,1,0,1,1,1,1,1,0,1,1,0,0,1,1,1,1,1,1,0,0,1,1,1,1,0,1,0,1,0,1,1,0,0,0,1,0,1,1,1,0,0,0,1,1,1,1,1,0,0,1,0,1,1,0,1,0,1,0,1,1,0,1,0,0,1,1,1,1,1,0,1,1,1,1,0,0,1,0,1,0,0,0,1,1,0,1,1,0,0,0,1,1,0,0,1,0,0,0,1,0,1,1,1,0,0,0,0,0,1,0,0,0,0,0,1,1,0,0,1,0,1,1,0,1,0,0,0,0,1,0,1,1,1,0,0,1,1,0,0,0,0,1,0,0,1,0,1,0,0,0,1,0,1,1,0,0,1,0,0,0,0,1,0,1,1,1,0,0,0,0,0,1,1,1,0,0
0,1,0,0,0,1,0,0,0,0,0,0,0,0,0,1,1,1,1,0,0,1,0,0,0,1,1,0,1,0,1,0,0,0,0,0,0,0,1,1,0,1,0,1,1,1,0,1,1,1,1,1,0,1,1,0,0,1,1,1,1,1,1,0,0,1,1,1,1,0,1,0,1,0,1,1,0,0,0,1,0,1,1,1,0,0,0,1,1,1,1,1,0,0,1,0,1,1,0,1,0,1,0,1,1,0,1,0,0,1,1,1,1,1,0,1,1,1,1,0,0,1,0,1,0,0,0,1,1,0,1,1,0,0,0,1,1,0,0,1,0,0,0,1,0,1,1,1,0,0,0,0,0,1,0,0,0,0,0,1,1,0,0,1,0,1,1,0,1,0,0,0,0,1,0,1,1,1,0,0,1,1,0,0,0,0,1,0,0,1,0,1,0,0,0,1,0,1,1,0,0,1,0,0,0,0,1,0,1,1,1,0,0,0,0,0,1,1,1,0,0
0,1,0,0,0,1,0,0,0,0,0,0,0,0,0,1,1,1,1,0,0,1,0,0,0,1,1,0,1,0,1,0,0,0,0,0,0,0,1,1,0,1,0,1,1,1,0,1,1,1,1,1,0,1,1,0,0,1,1,1,1,1,1,0,0,1,1,1,1,0,1,0,1,0,1,1,0,0,0,1,0,1,1,1,0,0,0,1,1,1,1,1,0,0,1,0,1,1,0,1,0,1,0,1,1,0,1,0,0,1,1,1,1,1,0,1,1,1,1,0,0,1,0,1,0,0,0,1,1,0,1,1,0,0,0,1,1,0,0,1,0,0,0,1,0,1,1,1,0,0,0,0,0,1,0,0,0,0,0,1,1,0,0,1,0,1,1,0,1,0,0,0,0,1,0,1,1,1,0,0,1,1,0,0,0,0,1,0,0,1,0,1,0,0,0,1,0,1,1,0,0,1,0,0,0,0,1,0,1,1,1,0,0,0,0,0,1,1,1,0,0
0,1,0,0,0,1,0,0,0,1,0,0,0,0,0,1,1,1,1,0,0,1,0,0,0,1,1,0,1,0,1,0,1,0,0,0,0,0,1,1,1,1,0,1,1,1,1,1,1,1,1,1,0,1,1,0,0,1,1,1,1,1,1,0,0,1,1,1,1,0,1,0,1,0,1,1,0,0,0,1,0,1,1,1,0,0,0,1,1,1,1,1,0,0,1,0,1,1,1,1,1,1,0,1,1,0,1,0,0,1,1,1,1,1,0,1,1,1,1,1,0,1,0,1,0,0,0,1,1,0,1,1,0,0,0,1,1,1,0,1,0,0,1,1,0,1,1,1,0,0,0,0,0,1,0,0,0,0,0,1,1,0,0,1,0,1,1,0,1,0,0,0,0,1,0,1,1,1,0,0,1,1,0,0,0,0,1,0,0,1,0,1,0,0,0,1,0,1,1,0,0,1,0,0,0,0,1,0,1,1,1,0,0,0,0,0,1,1,1,0,0
0,1,0,0,0,1,0,0,0,1,0,0,0,0,0,1,1,1,1,0,0,1,0,0,0,1,1,0,1,0,1,0,1,0,0,0,0,0,1,1,1,1,0,1,1,1,1,1,1,1,1,1,0,1,1,0,0,1,1,1,1,1,1,0,0,1,1,1,1,0,1,0,1,0,1,1,0,0,0,1,0,1,1,1,0,0,0,1,1,1,1,1,0,0,1,0,1,1,1,1,1,1,0,1,1,0,1,0,0,1,1,1,1,1,0,1,1,1,1,1,0,1,0,1,0,0,0,1,1,0,1,1,0,0,0,1,1,1,0,1,0,0,1,1,0,1,1,1,0,0,0,0,0,1,0,0,0,0,0,1,1,0,0,1,0,1,1,0,1,0,0,0,0,1,0,1,1,1,0,0,1,1,0,0,0,0,1,0,0,1,0,1,0,0,0,1,0,1,1,0,0,1,0,0,0,0,1,0,1,1,1,0,0,0,0,0,1,1,1,0,0
0,1,0,0,0,1,0,0,0,1,0,0,0,0,0,1,1,1,1,0,0,1,0,0,0,1,1,0,1,0,1,0,1,0,0,0,0,0,1,1,1,1,0,1,1,1,1,1,1,1,1,1,0,1,1,0,0,1,1,1,1,1,1,0,0,1,1,1,1,0,1,0,1,0,1,1,0,0,0,1,0,1,1,1,0,0,0,1,1,1,1,1,0,0,1,0,1,1,1,1,1,1,0,1,1,0,1,0,0,1,1,1,1,1,0,1,1,1,1,1,0,1,0,1,0,0,0,1,1,0,1,1,0,0,0,1,1,1,0,1,0,0,1,1,0,1,1,1,0,0,0,0,0,1,0,0,0,0,0,1,1,0,0,1,0,1,1,0,1,0,0,0,0,1,0,1,1,1,0,0,1,1,0,0,0,0,1,0,0,1,0,1,0,0,0,1,0,1,1,0,0,1,0,0,0,0,1,0,1,1,1,0,0,0,0,0,1,1,1,0,0
0,1,0,0,0,1,0,0,0,0,0,0,0,0,0,1,1,1,1,0,0,1,0,0,0,1,1,0,1,0,1,0,0,0,0,0,0,0,1,1,0,1,0,1,1,1,0,1,1,1,1,1,0,1,1,0,0,1,1,1,1,1,1,0,0,1,1,1,1,0,1,0,1,0,1,1,0,0,0,1,0,1,1,1,0,0,0,1,1,1,1,1,0,0,1,0,1,1,0,1,0,1,0,1,1,0,1,0,0,1,1,1,1,1,0,1,1,1,1,0,0,1,0,1,0,0,0,1,1,0,1,1,0,0,0,1,1,0,0,1,0,0,0,1,0,1,1,1,0,0,0,0,0,1,0,0,0,0,0,1,1,0,0,1,0,1,1,0,1,0,0,0,0,1,0,1,1,1,0,0,1,1,0,0,0,0,1,0,0,1,0,1,0,0,0,1,0,1,1,0,0,1,0,0,0,0,1,0,1,1,1,0,0,0,0,0,1,1,1,0,0
0,1,0,0,0,1,0,0,0,0,0,0,0,0,0,1,1,1,1,0,0,1,0,0,0,1,1,0,1,0,1,0,0,0,0,0,0,0,1,1,0,1,0,1,1,1,0,1,1,1,1,1,0,1,1,0,0,1,1,1,1,1,1,0,0,1,1,1,1,0,1,0,1,0,1,1,0,0,0,1,0,1,1,1,0,0,0,1,1,1,1,1,0,0,1,0,1,1,0,1,0,1,0,1,1,0,1,0,0,1,1,1,1,1,0,1,1,1,1,0,0,1,0,1,0,0,0,1,1,0,1,1,0,0,0,1,1,0,0,1,0,0,0,1,0,1,1,1,0,0,0,0,0,1,0,0,0,0,0,1,1,0,0,1,0,1,1,0,1,0,0,0,0,1,0,1,1,1,0,0,1,1,0,0,0,0,1,0,0,1,0,1,0,0,0,1,0,1,1,0,0,1,0,0,0,0,1,0,1,1,1,0,0,0,0,0,1,1,1,0,0
0,1,0,0,0,1,0,0,0,0,0,0,0,0,0,1,1,1,1,0,0,1,0,0,0,1,1,0,1,0,1,0,0,0,0,0,0,0,1,1,0,1,0,1,1,1,0,1,1,1,1,1,0,1,1,0,0,1,1,1,1,1,1,0,0,1,1,1,1,0,1,0,1,0,1,1,0,0,0,1,0,1,1,1,0,0,0,1,1,1,1,1,0,0,1,0,1,1,0,1,0,1,0,1,1,0,1,0,0,1,1,1,1,1,0,1,1,1,1,0,0,1,0,1,0,0,0,1,1,0,1,1,0,0,0,1,1,0,0,1,0,0,0,1,0,1,1,1,0,0,0,0,0,1,0,0,0,0,0,1,1,0,0,1,0,1,1,0,1,0,0,0,0,1,0,1,1,1,0,0,1,1,0,0,0,0,1,0,0,1,0,1,0,0,0,1,0,1,1,0,0,1,0,0,0,0,1,0,1,1,1,0,0,0,0,0,1,1,1,0,0
0,1,0,0,0,1,0,0,0,0,0,0,0,0,0,1,1,1,1,0,0,1,0,0,0,1,1,0,1,0,1,0,0,0,0,0,0,0,1,1,0,1,0,1,1,1,0,1,1,1,1,1,0,1,1,0,0,1,1,1,1,1,1,0,0,1,1,1,1,0,1,0,1,0,1,1,0,0,0,1,0,1,1,1,0,0,0,1,1,1,1,1,0,0,1,0,1,1,0,1,0,1,0,1,1,0,1,0,0,1,1,1,1,1,0,1,1,1,1,0,0,1,0,1,0,0,0,1,1,0,1,1,0,0,0,1,1,0,0,1,0,0,0,1,0,1,1,1,0,0,0,0,0,1,0,0,0,0,0,1,1,0,0,1,0,1,1,0,1,0,0,0,0,1,0,1,1,1,0,0,1,1,0,0,0,0,1,0,0,1,0,1,0,0,0,1,0,1,1,0,0,1,0,0,0,0,1,0,1,1,1,0,0,0,0,0,1,1,1,0,0
0,1,0,1,0,1,0,0,0,0,0,0,0,0,0,1,1,1,1,0,0,1,0,0,0,1,1,0,1,0,1,0,0,0,0,0,0,0,1,1,0,1,0,1,1,1,0,1,1,1,1,1,0,1,1,0,0,1,1,1,1,1,1,0,0,1,1,1,1,0,1,0,1,0,1,1,0,0,0,1,0,1,1,1,0,0,0,1,1,1,1,1,0,0,1,0,1,1,0,1,0,1,0,1,1,0,1,0,0,1,1,1,1,1,0,1,1,1,1,0,0,1,0,1,0,0,0,1,1,0,1,1,0,0,0,1,1,0,0,1,0,0,0,1,0,1,1,1,0,0,0,0,0,1,0,0,0,0,0,1,1,0,0,1,0,1,1,0,1,0,0,0,0,1,0,1,1,1,0,0,1,1,0,0,0,0,1,0,0,1,0,1,0,0,0,1,0,1,1,0,0,1,0,0,0,0,1,0,1,1,1,1,0,0,0,0,1,1,1,1,0
0,1,0,1,0,1,0,0,0,0,0,0,0,0,0,1,1,1,1,0,0,1,0,0,0,1,1,0,1,0,1,0,0,0,0,0,0,0,1,1,0,1,0,1,1,1,0,1,1,1,1,1,0,1,1,0,0,1,1,1,1,1,1,0,0,1,1,1,1,0,1,0,1,0,1,1,0,0,0,1,0,1,1,1,0,0,0,1,1,1,1,1,0,0,1,0,1,1,0,1,0,1,0,1,1,0,1,0,0,1,1,1,1,1,0,1,1,1,1,0,0,1,0,1,0,0,0,1,1,0,1,1,0,0,0,1,1,0,0,1,0,0,0,1,0,1,1,1,0,0,0,0,0,1,0,0,0,0,0,1,1,0,0,1,0,1,1,0,1,0,0,0,0,1,0,1,1,1,0,0,1,1,0,0,0,0,1,0,0,1,0,1,0,0,0,1,0,1,1,0,0,1,0,0,0,0,1,0,1,1,1,0,0,0,0,0,1,1,1,0,0
0,1,0,1,0,1,0,0,0,0,0,0,0,0,0,1,1,1,1,0,0,1,0,0,0,1,1,0,1,0,1,0,0,0,0,0,0,0,1,1,0,1,0,1,1,1,0,1,1,1,1,1,0,1,1,0,0,1,1,1,1,1,1,0,0,1,1,1,1,0,1,0,1,0,1,1,0,0,0,1,0,1,1,1,0,0,0,1,1,1,1,1,0,0,1,0,1,1,0,1,0,1,0,1,1,0,1,0,0,1,1,1,1,1,0,1,1,1,1,0,0,1,0,1,0,0,0,1,1,0,1,1,0,0,0,1,1,0,0,1,0,0,0,1,0,1,1,1,0,0,0,0,0,1,0,0,0,0,0,1,1,0,0,1,0,1,1,0,1,0,0,0,0,1,0,1,1,1,0,0,1,1,0,0,0,0,1,0,0,1,0,1,0,0,0,1,0,1,1,0,0,1,0,0,0,0,1,0,1,1,1,0,0,0,0,0,1,1,1,0,0
0,1,0,0,0,1,0,0,0,0,0,0,0,0,0,1,1,1,1,0,0,1,0,0,0,1,1,0,1,0,1,0,0,0,0,0,0,0,1,1,0,1,0,1,1,1,0,1,1,1,1,1,0,1,1,0,0,1,1,1,1,1,1,0,0,1,1,1,1,0,1,0,1,0,1,1,0,0,0,1,0,1,1,1,0,0,0,1,1,1,1,1,0,0,1,0,1,1,0,1,0,1,0,1,1,0,1,0,0,1,1,1,1,1,0,1,1,1,1,0,0,1,0,1,0,0,0,1,1,0,1,1,0,0,0,1,1,0,0,1,0,0,0,1,0,1,1,1,0,0,0,0,0,1,0,0,0,0,0,1,1,0,0,1,0,1,1,0,1,0,0,0,0,1,0,1,1,1,0,0,1,1,0,0,0,0,1,0,0,1,0,1,0,0,0,1,0,1,1,0,0,1,0,0,0,0,1,0,1,1,1,1,0,0,0,0,1,1,1,1,0
0,1,0,0,0,1,0,0,0,0,0,0,0,0,0,1,1,1,1,0,0,1,0,0,0,1,1,0,1,0,1,0,0,0,0,0,0,0,1,1,0,1,0,1,1,1,0,1,1,1,1,1,0,1,1,0,0,1,1,1,1,1,1,0,0,1,1,1,1,0,1,0,1,0,1,1,0,0,0,1,0,1,1,1,0,0,0,1,1,1,1,1,0,0,1,0,1,1,0,1,0,1,0,1,1,0,1,0,0,1,1,1,1,1,0,1,1,1,1,0,0,1,0,1,0,0,0,1,1,0,1,1,0,0,0,1,1,0,0,1,0,0,0,1,0,1,1,1,0,0,0,0,0,1,0,0,0,0,0,1,1,0,0,1,0,1,1,0,1,0,0,0,0,1,0,1,1,1,0,0,1,1,0,0,0,0,1,0,0,1,0,1,0,0,0,1,0,1,1,0,0,1,0,0,0,0,1,0,1,1,1,0,0,0,0,0,1,1,1,0,0
0,1,0,0,0,1,0,0,0,0,0,0,0,0,0,1,1,1,1,0,0,1,0,0,0,1,1,0,1,0,1,0,0,0,0,0,0,0,1,1,0,1,0,1,1,1,0,1,1,1,1,1,0,1,1,0,0,1,1,1,1,1,1,0,0,1,1,1,1,0,1,0,1,0,1,1,0,0,0,1,0,1,1,1,0,0,0,1,1,1,1,1,0,0,1,0,1,1,0,1,0,1,0,1,1,0,1,0,0,1,1,1,1,1,0,1,1,1,1,0,0,1,0,1,0,0,0,1,1,0,1,1,0,0,0,1,1,0,0,1,0,0,0,1,0,1,1,1,0,0,0,0,0,1,0,0,0,0,0,1,1,0,0,1,0,1,1,0,1,0,0,0,0,1,0,1,1,1,0,0,1,1,0,0,0,0,1,0,0,1,0,1,0,0,0,1,0,1,1,0,0,1,0,0,0,0,1,0,1,1,1,0,0,0,0,0,1,1,1,0,0
0,1,0,0,0,1,1,0,0,0,0,0,0,0,0,1,1,1,1,0,0,1,0,0,0,1,1,0,1,0,1,0,0,0,0,0,0,0,1,1,0,1,0,1,1,1,0,1,1,1,1,1,0,1,1,0,0,1,1,1,1,1,1,0,0,1,1,1,1,0,1,0,1,0,1,1,0,0,0,1,0,1,1,1,0,0,0,1,1,1,1,1,0,0,1,0,1,1,0,1,0,1,0,1,1,0,1,0,0,1,1,1,1,1,0,1,1,1,1,0,0,1,0,1,1,0,0,1,1,0,1,1,0,0,0,1,1,0,0,1,0,0,0,1,0,1,1,1,0,0,0,1,0,1,0,0,0,0,0,1,1,0,0,1,0,1,1,0,1,0,0,0,0,1,0,1,1,1,1,0,1,1,0,0,0,0,1,0,0,1,0,1,0,0,0,1,0,1,1,0,0,1,0,0,0,0,1,0,1,1,1,0,0,0,0,0,1,1,1,0,0
0,1,0,0,0,1,1,0,0,0,0,0,0,0,0,1,1,1,1,0,0,1,0,0,0,1,1,0,1,0,1,0,0,0,0,0,0,0,1,1,0,1,0,1,1,1,0,1,1,1,1,1,0,1,1,0,0,1,1,1,1,1,1,0,0,1,1,1,1,0,1,0,1,0,1,1,0,0,0,1,0,1,1,1,0,0,0,1,1,1,1,1,0,0,1,0,1,1,0,1,0,1,0,1,1,0,1,0,0,1,1,1,1,1,0,1,1,1,1,0,0,1,0,1,0,0,0,1,1,0,1,1,0,0,0,1,1,0,0,1,0,0,0,1,0,1,1,1,0,0,0,0,0,1,0,0,0,0,0,1,1,0,0,1,0,1,1,0,1,0,0,0,0,1,0,1,1,1,0,0,1,1,0,0,0,0,1,0,0,1,0,1,0,0,0,1,0,1,1,0,0,1,1,0,0,0,1,0,1,1,1,0,0,0,0,0,1,1,1,0,0
0,1,0,0,0,1,0,0,0,0,0,0,0,0,0,1,1,1,1,0,0,1,0,0,0,1,1,0,1,0,1,0,0,0,0,0,0,0,1,1,0,1,0,1,1,1,0,1,1,1,1,1,0,1,1,0,0,1,1,1,1,1,1,0,0,1,1,1,1,0,1,0,1,0,1,1,0,0,0,1,0,1,1,1,0,0,0,1,1,1,1,1,0,0,1,0,1,1,0,1,0,1,0,1,1,0,1,0,0,1,1,1,1,1,0,1,1,1,1,0,0,1,0,1,0,0,0,1,1,0,1,1,0,0,0,1,1,0,0,1,0,0,0,1,0,1,1,1,0,0,0,0,0,1,0,0,0,0,0,1,1,0,0,1,0,1,1,0,1,0,0,0,0,1,0,1,1,1,0,0,1,1,0,0,0,0,1,0,0,1,0,1,0,0,0,1,0,1,1,0,0,1,0,0,0,0,1,0,1,1,1,0,0,0,0,0,1,1,1,0,0
0,1,0,0,0,1,1,0,0,0,0,0,0,0,0,1,1,1,1,0,0,1,0,0,0,1,1,0,1,0,1,0,0,0,0,0,0,0,1,1,0,1,0,1,1,1,0,1,1,1,1,1,0,1,1,0,0,1,1,1,1,1,1,0,0,1,1,1,1,0,1,0,1,0,1,1,0,0,0,1,0,1,1,1,0,0,0,1,1,1,1,1,0,0,1,0,1,1,0,1,0,1,0,1,1,0,1,0,0,1,1,1,1,1,0,1,1,1,1,0,0,1,0,1,0,0,0,1,1,0,1,1,0,0,0,1,1,0,0,1,0,0,0,1,0,1,1,1,0,0,0,0,0,1,0,0,0,0,0,1,1,0,0,1,0,1,1,0,1,0,0,0,0,1,0,1,1,1,0,0,1,1,0,0,0,0,1,1,0,1,0,1,0,0,0,1,0,1,1,0,0,1,0,0,0,0,1,0,1,1,1,0,0,0,0,0,1,1,1,0,0
0,1,0,0,0,1,0,0,0,1,0,0,0,0,0,1,1,1,1,0,0,1,0,0,0,1,1,0,1,0,1,0,1,0,0,0,0,0,1,1,1,1,0,1,1,1,1,1,1,1,1,1,0,1,1,0,0,1,1,1,1,1,1,0,0,1,1,1,1,0,1,0,1,0,1,1,0,0,0,1,0,1,1,1,0,0,0,1,1,1,1,1,0,0,1,0,1,1,1,1,1,1,0,1,1,0,1,0,0,1,1,1,1,1,0,1,1,1,1,1,0,1,0,1,0,0,0,1,1,0,1,1,0,0,0,1,1,1,0,1,0,0,1,1,0,1,1,1,0,0,0,0,0,1,0,0,0,0,0,1,1,0,0,1,0,1,1,0,1,0,0,0,0,1,0,1,1,1,0,0,1,1,0,0,0,0,1,0,0,1,0,1,0,0,0,1,0,1,1,0,0,1,0,0,0,0,1,0,1,1,1,0,0,0,0,0,1,1,1,0,0
0,1,0,0,0,1,0,0,0,1,0,0,0,0,0,1,1,1,1,0,0,1,0,0,0,1,1,0,1,0,1,0,1,0,0,0,0,0,1,1,1,1,0,1,1,1,1,1,1,1,1,1,0,1,1,0,0,1,1,1,1,1,1,0,0,1,1,1,1,0,1,0,1,0,1,1,0,0,0,1,0,1,1,1,0,0,0,1,1,1,1,1,0,0,1,0,1,1,1,1,1,1,0,1,1,0,1,0,0,1,1,1,1,1,0,1,1,1,1,1,0,1,0,1,0,0,0,1,1,0,1,1,0,0,0,1,1,1,0,1,0,0,1,1,0,1,1,1,0,0,0,0,0,1,0,0,0,0,0,1,1,0,0,1,0,1,1,0,1,0,0,0,0,1,0,1,1,1,0,0,1,1,0,0,0,0,1,0,0,1,0,1,0,0,0,1,0,1,1,0,0,1,0,0,0,0,1,0,1,1,1,0,0,0,0,0,1,1,1,0,0
0,1,0,0,0,1,0,0,0,0,0,0,0,0,0,1,1,1,1,0,0,1,0,0,0,1,1,0,1,0,1,0,0,0,0,0,0,0,1,1,0,1,0,1,1,1,0,1,1,1,1,1,0,1,1,0,0,1,1,1,1,1,1,0,0,1,1,1,1,0,1,0,1,0,1,1,0,0,0,1,0,1,1,1,0,0,0,1,1,1,1,1,0,0,1,0,1,1,0,1,0,1,0,1,1,0,1,0,0,1,1,1,1,1,0,1,1,1,1,0,0,1,0,1,0,0,0,1,1,0,1,1,0,0,0,1,1,0,0,1,0,0,0,1,0,1,1,1,0,0,0,0,0,1,0,0,0,0,0,1,1,0,0,1,0,1,1,0,1,0,0,0,0,1,0,1,1,1,0,0,1,1,0,0,0,0,1,0,0,1,0,1,0,0,0,1,0,1,1,0,0,1,0,0,0,0,1,0,1,1,1,0,0,0,0,0,1,1,1,0,0
0,1,0,0,0,1,0,0,0,0,0,0,0,0,0,1,1,1,1,0,0,1,0,0,0,1,1,0,1,0,1,0,0,0,0,0,0,0,1,1,0,1,0,1,1,1,0,1,1,1,1,1,0,1,1,0,0,1,1,1,1,1,1,0,0,1,1,1,1,0,1,0,1,0,1,1,0,0,0,1,0,1,1,1,0,0,0,1,1,1,1,1,0,0,1,0,1,1,0,1,0,1,0,1,1,0,1,0,0,1,1,1,1,1,0,1,1,1,1,0,0,1,0,1,0,0,0,1,1,0,1,1,0,0,0,1,1,0,0,1,0,0,0,1,0,1,1,1,0,0,0,0,0,1,0,0,0,0,0,1,1,0,0,1,0,1,1,0,1,0,0,0,0,1,0,1,1,1,0,0,1,1,0,0,0,0,1,0,0,1,0,1,0,0,0,1,0,1,1,0,0,1,0,0,0,0,1,0,1,1,1,0,0,0,0,0,1,1,1,0,0
0,1,0,0,0,1,0,0,0,0,0,0,0,0,0,1,1,1,1,0,0,1,0,0,0,1,1,0,1,0,1,0,0,0,0,0,0,0,1,1,0,1,0,1,1,1,0,1,1,1,1,1,0,1,1,0,0,1,1,1,1,1,1,0,0,1,1,1,1,0,1,0,1,0,1,1,0,0,0,1,0,1,1,1,0,0,0,1,1,1,1,1,0,0,1,0,1,1,0,1,0,1,0,1,1,0,1,0,0,1,1,1,1,1,0,1,1,1,1,0,0,1,0,1,0,0,0,1,1,0,1,1,0,0,0,1,1,0,0,1,0,0,0,1,0,1,1,1,0,0,0,0,0,1,0,0,0,0,0,1,1,0,0,1,0,1,1,0,1,0,0,0,0,1,0,1,1,1,0,0,1,1,0,0,0,0,1,0,0,1,0,1,0,0,0,1,0,1,1,0,0,1,0,0,0,0,1,0,1,1,1,0,0,0,0,0,1,1,1,0,0
0,0,0,0,0,0,0,0,0,0,0,0,0,0,0,1,1,1,1,0,0,1,0,0,0,1,1,0,1,0,0,0,0,0,0,0,0,0,1,0,0,1,0,0,1,1,0,1,0,1,1,0,0,1,1,0,0,0,0,1,1,1,1,0,0,1,1,1,0,0,1,0,1,0,1,1,0,0,0,1,0,1,1,1,0,0,0,1,1,1,0,1,0,0,1,0,1,0,0,1,0,1,0,1,1,0,1,0,0,1,1,1,0,0,0,1,1,0,1,0,0,1,0,0,0,0,0,0,0,0,1,1,0,0,0,1,0,0,0,0,0,0,0,1,0,0,0,1,0,0,0,0,0,0,0,0,0,0,0,0,1,0,0,1,0,0,0,0,0,0,0,0,0,0,0,0,1,1,0,0,1,0,0,0,0,0,0,0,0,0,0,0,0,0,0,1,0,0,0,0,0,0,0,0,0,0,1,0,0,1,0,0,0,0,0,0,0,1,0,0,0
0,1,0,0,0,1,0,0,0,0,0,0,0,0,0,0,0,1,1,0,0,1,0,0,0,0,1,0,0,0,1,0,0,0,0,0,0,0,1,1,0,1,0,1,0,0,0,1,1,0,0,1,0,1,1,0,0,1,1,0,0,0,1,0,0,0,0,0,1,0,1,0,0,0,1,1,0,0,0,1,0,0,1,1,0,0,0,1,1,0,1,0,0,0,0,0,1,1,0,1,0,0,0,0,0,0,0,0,0,1,0,1,1,1,0,1,1,1,1,0,0,1,0,1,0,0,0,1,1,0,0,0,0,0,0,1,1,0,0,1,0,0,0,1,0,1,1,1,0,0,0,0,0,1,0,0,0,0,0,1,1,0,0,1,0,1,0,0,1,0,0,0,0,1,0,1,1,1,0,0,1,1,0,0,0,0,1,0,0,1,0,1,0,0,0,1,0,1,1,0,0,1,0,0,0,0,1,0,1,1,1,0,0,0,0,0,1,1,1,0,0
0,1,0,0,0,1,0,0,0,0,0,0,0,0,0,0,0,1,1,0,0,1,0,0,0,0,1,0,0,0,1,0,0,0,0,0,0,0,1,1,0,1,0,1,0,0,0,1,1,0,0,1,0,1,1,0,0,1,1,0,0,0,1,0,0,0,0,0,1,0,1,0,0,0,1,1,0,0,0,1,0,0,1,1,0,0,0,1,1,0,1,0,0,0,0,0,1,1,0,1,0,0,0,0,0,0,0,0,0,1,0,1,1,1,0,1,1,1,1,0,0,1,0,1,0,0,0,1,1,0,0,0,0,0,0,1,1,0,0,1,0,0,0,1,0,1,1,1,0,0,0,0,0,1,0,0,0,0,0,1,1,0,0,1,0,1,0,0,1,0,0,0,0,1,0,1,1,1,0,0,1,1,0,0,0,0,1,0,0,1,0,1,0,0,0,1,0,1,1,0,0,1,0,0,0,0,1,0,1,1,1,0,0,0,0,0,1,1,1,0,0
0,1,0,0,0,1,0,0,0,0,0,0,0,0,0,0,0,1,1,0,0,1,0,0,0,0,1,0,0,0,1,0,0,0,0,0,0,0,1,1,0,1,0,1,0,0,0,1,1,0,0,1,0,1,1,0,0,1,1,0,0,0,1,0,0,0,0,0,1,0,1,0,0,0,1,1,0,0,0,1,0,0,1,1,0,0,0,1,1,0,1,0,0,0,0,0,1,1,0,1,0,0,0,0,0,0,0,0,0,1,0,1,1,1,0,1,1,1,1,0,0,1,0,1,0,0,0,1,1,0,0,0,0,0,0,1,1,0,0,1,0,0,0,1,0,1,1,1,0,0,0,0,0,1,0,0,0,0,0,1,1,0,0,1,0,1,0,0,1,0,0,0,0,1,0,1,1,1,0,0,1,1,0,0,0,0,1,0,0,1,0,1,0,0,0,1,0,1,1,0,0,1,0,0,0,0,1,0,1,1,1,0,0,0,0,0,1,1,1,0,0
0,1,0,0,0,1,0,0,0,0,0,0,0,0,0,0,0,1,1,0,0,1,0,0,0,0,1,0,0,0,1,0,0,0,0,0,0,0,1,1,0,1,0,1,0,0,0,1,1,0,0,1,0,1,1,0,0,1,1,0,0,0,1,0,0,0,0,0,1,0,1,0,0,0,1,1,0,0,0,1,0,0,1,1,0,0,0,1,1,0,1,0,0,0,0,0,1,1,0,1,0,0,0,0,0,0,0,0,0,1,0,1,1,1,0,1,1,1,1,0,0,1,0,1,0,0,0,1,1,0,0,0,0,0,0,1,1,0,0,1,0,0,0,1,0,1,1,1,0,0,0,0,0,1,0,0,0,0,0,1,1,0,0,1,0,1,0,0,1,0,0,0,0,1,0,1,1,1,0,0,1,1,0,0,0,0,1,0,0,1,0,1,0,0,0,1,0,1,1,0,0,1,0,0,0,0,1,0,1,1,1,0,0,0,0,0,1,1,1,0,0
0,1,0,0,0,1,0,0,0,1,0,0,0,0,0,0,0,1,1,0,0,1,0,0,0,0,1,0,0,0,1,0,1,0,0,0,0,0,1,1,1,1,0,1,0,0,1,1,1,0,0,1,0,1,1,0,0,1,1,0,0,0,1,0,0,0,0,0,1,0,1,0,0,0,1,1,0,0,0,1,0,0,1,1,0,0,0,1,1,0,1,0,0,0,0,0,1,1,1,1,1,0,0,0,0,0,0,0,0,1,0,1,1,1,0,1,1,1,1,1,0,1,0,1,0,0,0,1,1,0,0,0,0,0,0,1,1,1,0,1,0,0,1,1,0,1,1,1,0,0,0,0,0,1,0,0,0,0,0,1,1,0,0,1,0,1,0,0,1,0,0,0,0,1,0,1,1,1,0,0,1,1,0,0,0,0,1,0,0,1,0,1,0,0,0,1,0,1,1,0,0,1,0,0,0,0,1,0,1,1,1,0,0,0,0,0,1,1,1,0,0
0,1,0,0,0,1,0,0,0,1,0,0,0,0,0,0,0,1,1,0,0,1,0,0,0,0,1,0,0,0,1,0,1,0,0,0,0,0,1,1,1,1,0,1,0,0,1,1,1,0,0,1,0,1,1,0,0,1,1,0,0,0,1,0,0,0,0,0,1,0,1,0,0,0,1,1,0,0,0,1,0,0,1,1,0,0,0,1,1,0,1,0,0,0,0,0,1,1,1,1,1,0,0,0,0,0,0,0,0,1,0,1,1,1,0,1,1,1,1,1,0,1,0,1,0,0,0,1,1,0,0,0,0,0,0,1,1,1,0,1,0,0,1,1,0,1,1,1,0,0,0,0,0,1,0,0,0,0,0,1,1,0,0,1,0,1,0,0,1,0,0,0,0,1,0,1,1,1,0,0,1,1,0,0,0,0,1,0,0,1,0,1,0,0,0,1,0,1,1,0,0,1,0,0,0,0,1,0,1,1,1,0,0,0,0,0,1,1,1,0,0
0,1,0,0,0,1,0,0,0,1,0,0,0,0,0,0,0,1,1,0,0,1,0,0,0,0,1,0,0,0,1,0,1,0,0,0,0,0,1,1,1,1,0,1,0,0,1,1,1,0,0,1,0,1,1,0,0,1,1,0,0,0,1,0,0,0,0,0,1,0,1,0,0,0,1,1,0,0,0,1,0,0,1,1,0,0,0,1,1,0,1,0,0,0,0,0,1,1,1,1,1,0,0,0,0,0,0,0,0,1,0,1,1,1,0,1,1,1,1,1,0,1,0,1,0,0,0,1,1,0,0,0,0,0,0,1,1,1,0,1,0,0,1,1,0,1,1,1,0,0,0,0,0,1,0,0,0,0,0,1,1,0,0,1,0,1,0,0,1,0,0,0,0,1,0,1,1,1,0,0,1,1,0,0,0,0,1,0,0,1,0,1,0,0,0,1,0,1,1,0,0,1,0,0,0,0,1,0,1,1,1,0,0,0,0,0,1,1,1,0,0
0,1,0,0,0,1,0,0,0,0,0,0,0,0,0,0,0,1,1,0,0,1,0,0,0,0,1,0,0,0,1,0,0,0,0,0,0,0,1,1,0,1,0,1,0,0,0,1,1,0,0,1,0,1,1,0,0,1,1,0,0,0,1,0,0,0,0,0,1,0,1,0,0,0,1,1,0,0,0,1,0,0,1,1,0,0,0,1,1,0,1,0,0,0,0,0,1,1,0,1,0,0,0,0,0,0,0,0,0,1,0,1,1,1,0,1,1,1,1,0,0,1,0,1,0,0,0,1,1,0,0,0,0,0,0,1,1,0,0,1,0,0,0,1,0,1,1,1,0,0,0,0,0,1,0,0,0,0,0,1,1,0,0,1,0,1,0,0,1,0,0,0,0,1,0,1,1,1,0,0,1,1,0,0,0,0,1,0,0,1,0,1,0,0,0,1,0,1,1,0,0,1,0,0,0,0,1,0,1,1,1,0,0,0,0,0,1,1,1,0,0
0,1,0,0,0,1,0,0,0,0,0,0,0,0,0,0,0,1,1,0,0,1,0,0,0,0,1,0,0,0,1,0,0,0,0,0,0,0,1,1,0,1,0,1,0,0,0,1,1,0,0,1,0,1,1,0,0,1,1,0,0,0,1,0,0,0,0,0,1,0,1,0,0,0,1,1,0,0,0,1,0,0,1,1,0,0,0,1,1,0,1,0,0,0,0,0,1,1,0,1,0,0,0,0,0,0,0,0,0,1,0,1,1,1,0,1,1,1,1,0,0,1,0,1,0,0,0,1,1,0,0,0,0,0,0,1,1,0,0,1,0,0,0,1,0,1,1,1,0,0,0,0,0,1,0,0,0,0,0,1,1,0,0,1,0,1,0,0,1,0,0,0,0,1,0,1,1,1,0,0,1,1,0,0,0,0,1,0,0,1,0,1,0,0,0,1,0,1,1,0,0,1,0,0,0,0,1,0,1,1,1,0,0,0,0,0,1,1,1,0,0
0,1,0,0,0,1,0,0,0,0,0,0,0,0,0,0,0,1,1,0,0,1,0,0,0,0,1,0,0,0,1,0,0,0,0,0,0,0,1,1,0,1,0,1,0,0,0,1,1,0,0,1,0,1,1,0,0,1,1,0,0,0,1,0,0,0,0,0,1,0,1,0,0,0,1,1,0,0,0,1,0,0,1,1,0,0,0,1,1,0,1,0,0,0,0,0,1,1,0,1,0,0,0,0,0,0,0,0,0,1,0,1,1,1,0,1,1,1,1,0,0,1,0,1,0,0,0,1,1,0,0,0,0,0,0,1,1,0,0,1,0,0,0,1,0,1,1,1,0,0,0,0,0,1,0,0,0,0,0,1,1,0,0,1,0,1,0,0,1,0,0,0,0,1,0,1,1,1,0,0,1,1,0,0,0,0,1,0,0,1,0,1,0,0,0,1,0,1,1,0,0,1,0,0,0,0,1,0,1,1,1,0,0,0,0,0,1,1,1,0,0
0,1,0,0,0,1,0,0,0,0,0,0,0,0,0,0,0,1,1,0,0,1,0,0,0,0,1,0,0,0,1,0,0,0,0,0,0,0,1,1,0,1,0,1,0,0,0,1,1,0,0,1,0,1,1,0,0,1,1,0,0,0,1,0,0,0,0,0,1,0,1,0,0,0,1,1,0,0,0,1,0,0,1,1,0,0,0,1,1,0,1,0,0,0,0,0,1,1,0,1,0,0,0,0,0,0,0,0,0,1,0,1,1,1,0,1,1,1,1,0,0,1,0,1,0,0,0,1,1,0,0,0,0,0,0,1,1,0,0,1,0,0,0,1,0,1,1,1,0,0,0,0,0,1,0,0,0,0,0,1,1,0,0,1,0,1,0,0,1,0,0,0,0,1,0,1,1,1,0,0,1,1,0,0,0,0,1,0,0,1,0,1,0,0,0,1,0,1,1,0,0,1,0,0,0,0,1,0,1,1,1,0,0,0,0,0,1,1,1,0,0
0,1,0,0,0,1,0,0,0,0,0,0,0,0,0,0,0,1,1,0,0,1,0,0,0,0,1,0,0,0,1,0,0,0,0,0,0,0,1,1,0,1,0,1,0,0,0,1,1,0,0,1,0,1,1,0,0,1,1,0,0,0,1,0,0,0,0,0,1,0,1,0,0,0,1,1,0,0,0,1,0,0,1,1,0,0,0,1,1,0,1,0,0,0,0,0,1,1,0,1,0,0,0,0,0,0,0,0,0,1,0,1,1,1,0,1,1,1,1,0,0,1,0,1,0,0,0,1,1,0,0,0,0,0,0,1,1,0,0,1,0,0,0,1,0,1,1,1,0,0,0,0,0,1,0,0,0,0,0,1,1,0,0,1,0,1,0,0,1,0,0,0,0,1,0,1,1,1,0,0,1,1,0,0,0,0,1,0,0,1,0,1,0,0,0,1,0,1,1,0,0,1,0,0,0,0,1,0,1,1,1,0,0,0,0,0,1,1,1,0,0
0,1,0,0,0,1,0,0,0,0,0,0,0,0,0,0,0,1,1,0,0,1,0,0,0,0,1,0,0,0,1,0,0,0,0,0,0,0,1,1,0,1,0,1,0,0,0,1,1,0,0,1,0,1,1,0,0,1,1,0,0,0,1,0,0,0,0,0,1,0,1,0,0,0,1,1,0,0,0,1,0,0,1,1,0,0,0,1,1,0,1,0,0,0,0,0,1,1,0,1,0,0,0,0,0,0,0,0,0,1,0,1,1,1,0,1,1,1,1,0,0,1,0,1,0,0,0,1,1,0,0,0,0,0,0,1,1,0,0,1,0,0,0,1,0,1,1,1,0,0,0,0,0,1,0,0,0,0,0,1,1,0,0,1,0,1,0,0,1,0,0,0,0,1,0,1,1,1,0,0,1,1,0,0,0,0,1,0,0,1,0,1,0,0,0,1,0,1,1,0,0,1,0,0,0,0,1,0,1,1,1,0,0,0,0,0,1,1,1,0,0
0,1,0,0,0,1,0,0,0,0,0,0,0,0,0,0,0,1,1,0,0,1,0,0,0,0,1,0,0,0,1,0,0,0,0,0,0,0,1,1,0,1,0,1,0,0,0,1,1,0,0,1,0,1,1,0,0,1,1,0,0,0,1,0,0,0,0,0,1,0,1,0,0,0,1,1,0,0,0,1,0,0,1,1,0,0,0,1,1,0,1,0,0,0,0,0,1,1,0,1,0,0,0,0,0,0,0,0,0,1,0,1,1,1,0,1,1,1,1,0,0,1,0,1,0,0,0,1,1,0,0,0,0,0,0,1,1,0,0,1,0,0,0,1,0,1,1,1,0,0,0,0,0,1,0,0,0,0,0,1,1,0,0,1,0,1,0,0,1,0,0,0,0,1,0,1,1,1,0,0,1,1,0,0,0,0,1,0,0,1,0,1,0,0,0,1,0,1,1,0,0,1,0,0,0,0,1,0,1,1,1,1,0,0,0,0,1,1,1,1,0
0,1,0,0,0,1,0,0,0,0,0,0,0,0,0,0,0,1,1,0,0,1,0,0,0,0,1,0,0,0,1,0,0,0,0,0,0,0,1,1,0,1,0,1,0,0,0,1,1,0,0,1,0,1,1,0,0,1,1,0,0,0,1,0,0,0,0,0,1,0,1,0,0,0,1,1,0,0,0,1,0,0,1,1,0,0,0,1,1,0,1,0,0,0,0,0,1,1,0,1,0,0,0,0,0,0,0,0,0,1,0,1,1,1,0,1,1,1,1,0,0,1,0,1,0,0,0,1,1,0,0,0,0,0,0,1,1,0,0,1,0,0,0,1,0,1,1,1,0,0,0,0,0,1,0,0,0,0,0,1,1,0,0,1,0,1,0,0,1,0,0,0,0,1,0,1,1,1,0,0,1,1,0,0,0,0,1,0,0,1,0,1,0,0,0,1,0,1,1,0,0,1,0,0,0,0,1,0,1,1,1,0,0,0,0,0,1,1,1,0,0
0,1,0,0,0,1,0,0,0,0,0,0,0,0,0,0,0,1,1,0,0,1,0,0,0,0,1,0,0,0,1,0,0,0,0,0,0,0,1,1,0,1,0,1,0,0,0,1,1,0,0,1,0,1,1,0,0,1,1,0,0,0,1,0,0,0,0,0,1,0,1,0,0,0,1,1,0,0,0,1,0,0,1,1,0,0,0,1,1,0,1,0,0,0,0,0,1,1,0,1,0,0,0,0,0,0,0,0,0,1,0,1,1,1,0,1,1,1,1,0,0,1,0,1,0,0,0,1,1,0,0,0,0,0,0,1,1,0,0,1,0,0,0,1,0,1,1,1,0,0,0,0,0,1,0,0,0,0,0,1,1,0,0,1,0,1,0,0,1,0,0,0,0,1,0,1,1,1,0,0,1,1,0,0,0,0,1,0,0,1,0,1,0,0,0,1,0,1,1,0,0,1,0,0,0,0,1,0,1,1,1,0,0,0,0,0,1,1,1,0,0
0,1,0,1,0,1,0,0,0,0,0,0,0,0,0,0,0,1,1,0,0,1,0,0,0,0,1,0,0,0,1,0,0,0,0,0,0,0,1,1,0,1,0,1,0,0,0,1,1,0,0,1,0,1,1,0,0,1,1,0,0,0,1,0,0,0,0,0,1,0,1,0,0,0,1,1,0,0,0,1,0,0,1,1,0,0,0,1,1,0,1,0,0,0,0,0,1,1,0,1,0,0,0,0,0,0,0,0,0,1,0,1,1,1,0,1,1,1,1,0,0,1,0,1,0,0,0,1,1,0,0,0,0,0,0,1,1,0,0,1,0,0,0,1,0,1,1,1,0,0,0,0,0,1,0,0,0,0,0,1,1,0,0,1,0,1,0,0,1,0,0,0,0,1,0,1,1,1,0,0,1,1,0,0,0,0,1,0,0,1,0,1,0,0,0,1,0,1,1,0,0,1,0,0,0,0,1,0,1,1,1,1,0,0,0,0,1,1,1,1,0
0,1,0,1,0,1,0,0,0,0,0,0,0,0,0,0,0,1,1,0,0,1,0,0,0,0,1,0,0,0,1,0,0,0,0,0,0,0,1,1,0,1,0,1,0,0,0,1,1,0,0,1,0,1,1,0,0,1,1,0,0,0,1,0,0,0,0,0,1,0,1,0,0,0,1,1,0,0,0,1,0,0,1,1,0,0,0,1,1,0,1,0,0,0,0,0,1,1,0,1,0,0,0,0,0,0,0,0,0,1,0,1,1,1,0,1,1,1,1,0,0,1,0,1,0,0,0,1,1,0,0,0,0,0,0,1,1,0,0,1,0,0,0,1,0,1,1,1,0,0,0,0,0,1,0,0,0,0,0,1,1,0,0,1,0,1,0,0,1,0,0,0,0,1,0,1,1,1,0,0,1,1,0,0,0,0,1,0,0,1,0,1,0,0,0,1,0,1,1,0,0,1,0,0,0,0,1,0,1,1,1,0,0,0,0,0,1,1,1,0,0
0,1,0,1,0,1,0,0,0,0,0,0,0,0,0,0,0,1,1,0,0,1,0,0,0,0,1,0,0,0,1,0,0,0,0,0,0,0,1,1,0,1,0,1,0,0,0,1,1,0,0,1,0,1,1,0,0,1,1,0,0,0,1,0,0,0,0,0,1,0,1,0,0,0,1,1,0,0,0,1,0,0,1,1,0,0,0,1,1,0,1,0,0,0,0,0,1,1,0,1,0,0,0,0,0,0,0,0,0,1,0,1,1,1,0,1,1,1,1,0,0,1,0,1,0,0,0,1,1,0,0,0,0,0,0,1,1,0,0,1,0,0,0,1,0,1,1,1,0,0,0,0,0,1,0,0,0,0,0,1,1,0,0,1,0,1,0,0,1,0,0,0,0,1,0,1,1,1,0,0,1,1,0,0,0,0,1,0,0,1,0,1,0,0,0,1,0,1,1,0,0,1,0,0,0,0,1,0,1,1,1,0,0,0,0,0,1,1,1,0,0
0,1,0,0,0,1,0,0,0,0,0,0,0,0,0,0,0,1,1,0,0,1,0,0,0,0,1,0,0,0,1,0,0,0,0,0,0,0,1,1,0,1,0,1,0,0,0,1,1,0,0,1,0,1,1,0,0,1,1,0,0,0,1,0,0,0,0,0,1,0,1,0,0,0,1,1,0,0,0,1,0,0,1,1,0,0,0,1,1,0,1,0,0,0,0,0,1,1,0,1,0,0,0,0,0,0,0,0,0,1,0,1,1,1,0,1,1,1,1,0,0,1,0,1,0,0,0,1,1,0,0,0,0,0,0,1,1,0,0,1,0,0,0,1,0,1,1,1,0,0,0,0,0,1,0,0,0,0,0,1,1,0,0,1,0,1,0,0,1,0,0,0,0,1,0,1,1,1,0,0,1,1,0,0,0,0,1,0,0,1,0,1,0,0,0,1,0,1,1,0,0,1,0,0,0,0,1,0,1,1,1,1,0,0,0,0,1,1,1,1,0
0,1,0,0,0,1,0,0,0,0,0,0,0,0,0,0,0,1,1,0,0,1,0,0,0,0,1,0,0,0,1,0,0,0,0,0,0,0,1,1,0,1,0,1,0,0,0,1,1,0,0,1,0,1,1,0,0,1,1,0,0,0,1,0,0,0,0,0,1,0,1,0,0,0,1,1,0,0,0,1,0,0,1,1,0,0,0,1,1,0,1,0,0,0,0,0,1,1,0,1,0,0,0,0,0,0,0,0,0,1,0,1,1,1,0,1,1,1,1,0,0,1,0,1,0,0,0,1,1,0,0,0,0,0,0,1,1,0,0,1,0,0,0,1,0,1,1,1,0,0,0,0,0,1,0,0,0,0,0,1,1,0,0,1,0,1,0,0,1,0,0,0,0,1,0,1,1,1,0,0,1,1,0,0,0,0,1,0,0,1,0,1,0,0,0,1,0,1,1,0,0,1,0,0,0,0,1,0,1,1,1,0,0,0,0,0,1,1,1,0,0
0,1,0,0,0,1,0,0,0,0,0,0,0,0,0,0,0,1,1,0,0,1,0,0,0,0,1,0,0,0,1,0,0,0,0,0,0,0,1,1,0,1,0,1,0,0,0,1,1,0,0,1,0,1,1,0,0,1,1,0,0,0,1,0,0,0,0,0,1,0,1,0,0,0,1,1,0,0,0,1,0,0,1,1,0,0,0,1,1,0,1,0,0,0,0,0,1,1,0,1,0,0,0,0,0,0,0,0,0,1,0,1,1,1,0,1,1,1,1,0,0,1,0,1,0,0,0,1,1,0,0,0,0,0,0,1,1,0,0,1,0,0,0,1,0,1,1,1,0,0,0,0,0,1,0,0,0,0,0,1,1,0,0,1,0,1,0,0,1,0,0,0,0,1,0,1,1,1,0,0,1,1,0,0,0,0,1,0,0,1,0,1,0,0,0,1,0,1,1,0,0,1,0,0,0,0,1,0,1,1,1,0,0,0,0,0,1,1,1,0,0
0,1,0,0,0,1,1,0,0,0,0,0,0,0,0,0,0,1,1,0,0,1,0,0,0,0,1,0,0,0,1,0,0,0,0,0,0,0,1,1,0,1,0,1,0,0,0,1,1,0,0,1,0,1,1,0,0,1,1,0,0,0,1,0,0,0,0,0,1,0,1,0,0,0,1,1,0,0,0,1,0,0,1,1,0,0,0,1,1,0,1,0,0,0,0,0,1,1,0,1,0,0,0,0,0,0,0,0,0,1,0,1,1,1,0,1,1,1,1,0,0,1,0,1,1,0,0,1,1,0,0,0,0,0,0,1,1,0,0,1,0,0,0,1,0,1,1,1,0,0,0,1,0,1,0,0,0,0,0,1,1,0,0,1,0,1,0,0,1,0,0,0,0,1,0,1,1,1,1,0,1,1,0,0,0,0,1,0,0,1,0,1,0,0,0,1,0,1,1,0,0,1,0,0,0,0,1,0,1,1,1,0,0,0,0,0,1,1,1,0,0
0,1,0,0,0,1,1,0,0,0,0,0,0,0,0,0,0,1,1,0,0,1,0,0,0,0,1,0,0,0,1,0,0,0,0,0,0,0,1,1,0,1,0,1,0,0,0,1,1,0,0,1,0,1,1,0,0,1,1,0,0,0,1,0,0,0,0,0,1,0,1,0,0,0,1,1,0,0,0,1,0,0,1,1,0,0,0,1,1,0,1,0,0,0,0,0,1,1,0,1,0,0,0,0,0,0,0,0,0,1,0,1,1,1,0,1,1,1,1,0,0,1,0,1,0,0,0,1,1,0,0,0,0,0,0,1,1,0,0,1,0,0,0,1,0,1,1,1,0,0,0,0,0,1,0,0,0,0,0,1,1,0,0,1,0,1,1,0,1,0,0,0,0,1,0,1,1,1,0,0,1,1,0,0,0,0,1,0,0,1,0,1,0,0,0,1,0,1,1,0,0,1,1,0,0,0,1,0,1,1,1,0,0,0,0,0,1,1,1,0,0
0,1,0,0,0,1,1,0,0,0,0,0,0,0,0,0,0,1,1,0,0,1,0,0,0,0,1,0,0,0,1,0,0,0,0,0,0,0,1,1,0,1,0,1,0,0,0,1,1,0,0,1,0,1,1,0,0,1,1,0,0,0,1,0,0,0,0,0,1,0,1,0,0,0,1,1,0,0,0,1,0,0,1,1,0,0,0,1,1,0,1,0,0,0,0,0,1,1,0,1,0,0,0,0,0,0,0,0,0,1,0,1,1,1,0,1,1,1,1,0,0,1,0,1,0,0,0,1,1,0,0,0,0,0,0,1,1,0,0,1,0,0,0,1,0,1,1,1,0,0,0,0,0,1,0,0,0,0,0,1,1,0,0,1,0,1,0,0,1,0,0,0,0,1,0,1,1,1,0,0,1,1,0,0,0,0,1,1,0,1,0,1,0,0,0,1,0,1,1,0,0,1,0,0,0,0,1,0,1,1,1,0,0,0,0,0,1,1,1,0,0
0,1,0,0,0,1,0,0,0,0,0,0,0,0,0,0,0,1,1,0,0,1,0,0,0,0,1,0,0,0,1,0,0,0,0,0,0,0,1,1,0,1,0,1,0,0,0,1,1,0,0,1,0,1,1,0,0,1,1,0,0,0,1,0,0,0,0,0,1,0,1,0,0,0,1,1,0,0,0,1,0,0,1,1,0,0,0,1,1,0,1,0,0,0,0,0,1,1,0,0,0,0,0,0,0,0,0,0,0,1,0,1,1,1,0,1,0,1,1,0,0,1,0,1,0,0,0,1,1,0,0,0,0,0,0,1,1,0,0,1,0,0,0,1,0,1,1,1,0,0,0,0,0,1,0,0,0,0,0,1,1,0,0,1,0,1,0,0,1,0,0,0,0,1,0,1,1,1,0,0,1,1,0,0,0,0,1,0,0,1,0,1,0,0,0,1,0,1,1,0,0,1,0,0,0,0,1,0,1,1,1,0,0,0,0,0,1,1,1,0,0
0,1,0,0,0,1,0,0,0,1,0,0,0,0,0,0,0,1,1,0,0,1,0,0,0,0,1,0,0,0,1,0,1,0,0,0,0,0,1,1,1,1,0,1,0,0,1,1,1,0,0,1,0,1,1,0,0,1,1,0,0,0,1,0,0,0,0,0,1,0,1,0,0,0,1,1,0,0,0,1,0,0,1,1,0,0,0,1,1,0,1,0,0,0,0,0,1,1,1,1,1,0,0,0,0,0,0,0,0,1,0,1,1,1,0,1,1,1,1,1,0,1,0,1,0,0,0,1,1,0,0,0,0,0,0,1,1,1,0,1,0,0,1,1,0,1,1,1,0,0,0,0,0,1,0,0,0,0,0,1,1,0,0,1,0,1,0,0,1,0,0,0,0,1,0,1,1,1,0,0,1,1,0,0,0,0,1,0,0,1,0,1,0,0,0,1,0,1,1,0,0,1,0,0,0,0,1,0,1,1,1,0,0,0,0,0,1,1,1,0,0
0,1,0,0,0,1,0,0,0,1,0,0,0,0,0,0,0,1,1,0,0,1,0,0,0,0,1,0,0,0,1,0,1,0,0,0,0,0,1,1,1,1,0,1,0,0,1,1,1,0,0,1,0,1,1,0,0,1,1,0,0,0,1,0,0,0,0,0,1,0,1,0,0,0,1,1,0,0,0,1,0,0,1,1,0,0,0,1,1,0,1,0,0,0,0,0,1,1,1,1,1,0,0,0,0,0,0,0,0,1,0,1,1,1,0,1,1,1,1,1,0,1,0,1,0,0,0,1,1,0,0,0,0,0,0,1,1,1,0,1,0,0,1,1,0,1,1,1,0,0,0,0,0,1,0,0,0,0,0,1,1,0,0,1,0,1,0,0,1,0,0,0,0,1,0,1,1,1,0,0,1,1,0,0,0,0,1,0,0,1,0,1,0,0,0,1,0,1,1,0,0,1,0,0,0,0,1,0,1,1,1,0,0,0,0,0,1,1,1,0,0
0,1,0,0,0,1,0,0,0,0,0,0,0,0,0,0,0,1,1,0,0,1,0,0,0,0,1,0,0,0,1,0,0,0,0,0,0,0,1,1,0,1,0,1,0,0,0,1,1,0,0,1,0,1,1,0,0,1,1,0,0,0,1,0,0,0,0,0,1,0,1,0,0,0,1,1,0,0,0,1,0,0,1,1,0,0,0,1,1,0,1,0,0,0,0,0,1,1,0,1,0,0,0,0,0,0,0,0,0,1,0,1,1,1,0,1,1,1,1,0,0,1,0,1,0,0,0,1,1,0,0,0,0,0,0,1,1,0,0,1,0,0,0,1,0,1,1,1,0,0,0,0,0,1,0,0,0,0,0,1,1,0,0,1,0,1,0,0,1,0,0,0,0,1,0,1,1,1,0,0,1,1,0,0,0,0,1,0,0,1,0,1,0,0,0,1,0,1,1,0,0,1,0,0,0,0,1,0,1,1,1,0,0,0,0,0,1,1,1,0,0
0,1,0,0,0,1,0,0,0,0,0,0,0,0,0,0,0,1,1,0,0,1,0,0,0,0,1,0,0,0,1,0,0,0,0,0,0,0,1,1,0,1,0,1,0,0,0,1,1,0,0,1,0,1,1,0,0,1,1,0,0,0,1,0,0,0,0,0,1,0,1,0,0,0,1,1,0,0,0,1,0,0,1,1,0,0,0,1,1,0,1,0,0,0,0,0,1,1,0,1,0,0,0,0,0,0,0,0,0,1,0,1,1,1,0,1,1,1,1,0,0,1,0,1,0,0,0,1,1,0,0,0,0,0,0,1,1,0,0,1,0,0,0,1,0,1,1,1,0,0,0,0,0,1,0,0,0,0,0,1,1,0,0,1,0,1,0,0,1,0,0,0,0,1,0,1,1,1,0,0,1,1,0,0,0,0,1,0,0,1,0,1,0,0,0,1,0,1,1,0,0,1,0,0,0,0,1,0,1,1,1,0,0,0,0,0,1,1,1,0,0
0,1,0,0,0,1,0,0,0,0,0,0,0,0,0,0,0,1,1,0,0,1,0,0,0,0,1,0,0,0,1,0,0,0,0,0,0,0,1,1,0,1,0,1,0,0,0,1,1,0,0,1,0,1,1,0,0,1,1,0,0,0,1,0,0,0,0,0,1,0,1,0,0,0,1,1,0,0,0,1,0,0,1,1,0,0,0,1,1,0,1,0,0,0,0,0,1,1,0,1,0,0,0,0,0,0,0,0,0,1,0,1,1,1,0,1,1,1,1,0,0,1,0,1,0,0,0,1,1,0,0,0,0,0,0,1,1,0,0,1,0,0,0,1,0,1,1,1,0,0,0,0,0,1,0,0,0,0,0,1,1,0,0,1,0,1,0,0,1,0,0,0,0,1,0,1,1,1,0,0,1,1,0,0,0,0,1,0,0,1,0,1,0,0,0,1,0,1,1,0,0,1,0,0,0,0,1,0,1,1,1,0,0,0,0,0,1,1,1,0,0
0,0,0,0,0,0,0,0,0,0,0,0,0,0,0,0,0,1,1,0,0,1,0,0,0,0,1,0,0,0,0,0,0,0,0,0,0,0,1,0,0,1,0,0,0,0,0,1,0,0,0,0,0,1,1,0,0,0,0,0,0,0,1,0,0,0,0,0,0,0,1,0,0,0,1,1,0,0,0,1,0,0,1,1,0,0,0,1,1,0,0,0,0,0,0,0,1,0,0,1,0,0,0,0,0,0,0,0,0,1,0,1,0,0,0,1,1,0,1,0,0,1,0,0,0,0,0,0,0,0,1,0,0,0,0,1,0,0,0,0,0,0,0,1,0,0,0,1,0,0,0,0,0,0,0,0,0,0,0,0,1,0,0,1,0,0,0,0,0,0,0,0,0,0,0,0,1,1,0,0,1,0,0,0,0,0,0,0,0,0,0,0,0,0,0,1,0,0,0,0,0,0,0,0,0,0,1,0,0,1,0,0,0,0,0,0,0,1,0,0,0
0,1,0,0,0,1,1,1,0,0,1,0,0,1,1,1,1,1,1,0,0,1,1,1,0,1,1,0,1,1,1,0,0,0,0,0,0,0,1,1,0,1,0,1,1,1,0,1,1,1,1,1,0,1,1,0,1,1,1,1,1,1,1,0,0,1,1,1,1,0,1,0,1,0,1,1,0,0,0,1,0,1,1,1,0,0,0,1,1,1,1,1,0,0,1,0,1,1,0,0,0,1,0,1,1,0,1,0,0,1,0,1,1,1,1,1,0,1,1,0,0,1,0,1,0,1,0,1,1,0,1,1,0,0,0,1,1,0,0,1,0,0,0,1,0,1,1,1,0,0,0,0,0,1,0,0,0,0,0,1,1,1,0,1,0,1,1,0,1,0,0,0,0,1,0,1,1,1,0,1,1,1,0,0,0,0,1,1,0,1,0,1,0,0,0,1,1,1,1,0,0,1,1,0,0,0,1,1,1,1,1,1,1,1,1,1,1,1,1,1,1
0,1,0,0,0,1,1,1,0,0,1,0,0,1,0,1,1,1,1,0,0,1,1,1,0,1,1,0,1,1,1,0,0,0,0,0,0,0,1,1,0,1,0,1,1,1,0,1,1,1,1,1,0,1,1,0,1,1,1,1,1,1,1,0,0,1,1,1,1,0,1,0,1,0,1,1,0,0,0,1,0,1,1,1,0,0,0,1,1,1,1,1,0,0,1,0,1,1,0,0,0,1,0,1,1,0,1,0,0,1,0,1,1,1,1,1,0,1,1,0,0,1,0,1,0,1,0,1,1,0,1,1,0,0,0,1,1,0,0,1,0,0,0,1,0,1,1,1,0,0,0,0,0,1,0,0,0,0,0,1,1,1,0,1,0,1,1,0,1,0,0,0,0,1,0,1,1,1,0,1,1,1,0,0,0,0,1,1,0,1,0,1,0,0,0,1,1,1,1,0,0,1,1,0,0,0,1,1,1,1,1,1,1,1,1,1,1,1,1,1,1
0,1,0,0,0,1,1,1,0,0,0,0,0,0,0,0,1,1,1,0,0,1,0,0,0,0,1,0,0,0,1,0,0,0,1,0,0,0,0,1,0,0,1,1,0,0,0,0,1,0,0,1,0,0,0,0,0,1,1,0,0,0,0,0,0,0,0,0,1,1,0,1,0,1,0,0,0,0,0,0,1,0,0,0,0,0,0,0,0,0,1,0,0,0,0,1,0,1,0,0,0,0,0,0,0,0,0,1,0,0,0,0,1,1,0,0,0,1,0,0,1,0,0,1,0,0,0,1,1,1,0,0,1,0,1,0,1,0,0,1,0,1,0,0,0,1,1,0,0,0,1,0,1,1,1,0,0,1,1,1,0,0,1,0,0,1,0,1,1,1,0,0,0,1,0,1,0,0,0,0,0,1,1,1,0,0,1,0,1,1,1,0,1,1,0,1,1,1,0,1,1,0,0,1,1,0,0,1,0,0,1,0,0,0,1,1,0,0,1,0,0
0,1,0,0,0,1,1,1,0,0,0,0,0,0,0,0,1,1,1,0,0,1,0,0,0,0,1,0,0,0,1,0,0,0,1,1,0,0,0,1,0,0,1,1,0,0,0,0,1,0,0,1,0,0,0,0,0,1,1,0,0,0,0,0,0,0,0,0,1,1,0,1,0,1,0,0,0,0,0,0,1,0,0,0,0,0,0,0,0,0,1,0,0,0,0,1,0,1,0,0,0,0,0,0,0,0,0,1,0,0,0,0,1,1,0,0,0,1,0,0,1,0,0,1,0,0,0,1,1,1,0,0,1,0,1,0,1,0,0,1,0,1,0,0,0,1,1,0,0,0,1,0,1,1,1,0,0,1,1,1,0,0,1,0,0,1,0,1,1,1,0,0,0,1,0,1,0,0,0,0,0,1,1,1,0,0,1,0,1,1,1,0,1,1,0,1,1,1,1,1,1,0,0,1,1,1,1,1,0,0,1,0,0,0,1,1,0,0,1,0,0
0,1,0,1,0,1,1,0,0,0,0,0,0,0,0,1,1,1,1,0,0,1,0,0,0,0,1,0,0,0,1,0,0,0,1,0,0,0,0,1,0,1,0,1,0,0,0,1,1,0,0,1,0,0,0,0,0,1,1,0,0,0,1,0,0,0,0,0,1,1,0,1,0,0,0,0,0,1,0,0,1,0,0,0,0,1,0,0,1,0,1,0,0,0,0,0,0,1,0,0,0,0,0,0,0,0,0,0,0,0,0,1,1,1,1,0,0,1,1,0,1,0,0,1,0,1,1,1,1,0,0,0,0,0,0,0,1,0,0,1,0,0,0,0,0,1,1,1,1,0,0,0,1,1,0,0,0,0,0,1,1,1,0,1,0,1,0,0,1,0,0,1,1,1,0,1,1,0,0,1,0,1,1,1,1,0,1,0,0,1,0,0,0,0,0,0,0,0,1,0,0,0,0,0,0,0,0,1,1,0,0,0,1,0,1,0,1,0,0,0,1
0,1,0,1,0,1,1,1,0,0,0,0,0,0,0,1,1,1,1,0,0,1,0,0,0,0,1,0,0,0,1,0,0,0,1,0,0,0,0,1,0,1,0,1,0,0,0,1,1,0,0,1,0,0,0,0,0,1,1,0,0,0,1,0,0,0,0,0,1,1,0,1,0,0,0,0,0,1,0,0,1,0,0,0,0,1,0,0,1,0,1,0,0,0,0,0,0,1,0,0,0,0,0,0,0,0,0,0,0,0,0,1,1,1,1,0,0,1,1,0,1,0,0,1,0,1,1,1,1,0,0,0,0,0,0,0,1,0,0,1,0,0,0,0,0,1,1,1,1,0,0,0,1,1,0,0,0,0,0,1,1,1,0,1,0,1,0,0,1,0,0,1,1,1,0,1,1,0,0,1,0,1,1,1,1,0,1,1,0,1,0,0,0,0,0,0,0,0,1,0,0,0,0,0,0,0,0,1,1,0,0,0,1,0,1,0,1,0,0,0,1
0,1,0,1,0,1,1,1,0,0,0,0,0,0,0,1,1,1,1,0,0,1,0,0,0,0,1,0,0,0,1,0,0,0,1,0,0,0,0,1,0,1,0,1,0,0,0,1,1,0,0,1,0,0,0,0,0,1,1,0,0,0,1,0,0,0,0,0,1,1,0,1,0,0,0,0,0,1,0,0,1,0,0,0,0,1,0,0,1,0,1,0,0,0,0,0,0,1,0,0,0,0,0,0,0,0,0,0,0,0,0,1,1,1,1,0,0,1,1,0,1,0,0,1,0,1,1,1,1,0,0,0,0,0,0,0,1,0,0,1,0,0,0,0,0,1,1,1,1,0,0,0,1,1,0,0,0,0,0,1,1,1,0,1,0,1,0,0,1,0,0,1,1,1,0,1,1,0,0,1,0,1,1,1,1,0,1,0,0,1,0,1,0,0,0,0,0,0,1,0,0,1,0,0,0,0,0,1,1,0,0,0,1,0,1,0,1,0,0,0,1
0,1,0,1,0,1,1,0,0,1,0,0,0,0,0,1,1,1,1,0,0,1,0,0,0,0,1,0,0,0,1,0,1,0,1,0,0,0,0,1,1,1,0,1,0,0,1,1,1,0,0,1,0,0,0,0,0,1,1,0,0,0,1,0,0,0,0,0,1,1,0,1,0,0,0,0,0,1,0,0,1,0,0,0,0,1,0,0,1,0,1,0,0,0,0,0,0,1,1,0,1,0,0,0,0,0,0,0,0,0,0,1,1,1,1,0,0,1,1,1,1,0,0,1,0,1,1,1,1,0,0,0,0,0,0,0,1,1,0,1,0,0,1,0,0,1,1,1,1,0,0,0,1,1,0,0,0,0,0,1,1,1,0,1,0,1,0,0,1,0,0,1,1,1,0,1,1,0,0,1,0,1,1,1,1,0,1,0,0,1,0,0,0,0,0,0,0,0,1,0,0,0,0,0,0,0,0,1,1,0,0,0,1,0,1,0,1,0,0,0,1
0,1,0,1,0,1,1,0,0,0,0,0,0,0,0,1,1,1,1,0,0,1,0,0,0,0,1,0,0,0,1,0,0,0,1,0,0,0,0,1,0,1,0,1,0,0,0,1,1,0,0,1,0,0,0,0,0,1,1,0,0,0,1,0,0,0,0,0,1,1,0,1,0,0,0,0,0,1,0,0,1,0,0,0,0,1,0,0,1,0,1,0,0,0,0,0,0,1,0,0,0,0,0,0,0,0,0,0,0,0,0,1,1,1,1,0,0,1,1,0,1,0,0,1,0,1,1,1,1,0,0,0,0,0,0,0,1,0,0,1,0,0,0,0,0,1,1,1,1,0,0,0,1,1,0,0,0,0,0,1,1,1,0,1,0,1,0,0,1,0,0,1,1,1,0,1,1,0,0,1,0,1,1,1,1,0,1,0,0,1,0,0,0,0,0,0,0,0,1,0,0,0,0,0,0,0,0,1,1,0,0,0,1,0,1,0,1,0,0,0,1
0,1,0,1,0,1,1,0,0,0,0,0,0,0,0,1,1,1,1,0,0,1,0,0,0,0,1,0,0,0,1,0,0,0,1,0,0,0,0,1,0,1,0,1,0,0,0,1,1,0,0,1,0,0,0,0,0,1,1,0,0,0,1,0,0,0,0,0,1,1,0,1,0,0,0,0,0,1,0,0,1,0,0,0,0,1,0,0,1,0,1,0,0,0,0,0,0,1,0,0,0,0,0,0,0,0,0,0,0,0,0,1,1,1,1,0,0,1,1,0,1,0,0,1,0,1,1,1,1,0,0,0,0,0,0,0,1,0,0,1,0,0,0,0,0,1,1,1,1,0,0,0,1,1,0,0,0,0,0,1,1,1,0,1,0,1,0,0,1,0,0,1,1,1,0,1,1,0,0,1,0,1,1,1,1,0,1,0,0,1,0,0,0,0,0,0,0,0,1,0,0,0,0,0,0,0,0,1,1,0,0,0,1,0,1,0,1,0,0,0,1
0,1,0,1,0,1,1,1,0,0,0,0,0,0,0,0,0,1,1,0,0,0,0,0,0,0,1,0,0,0,1,0,0,1,1,0,0,0,1,1,0,1,0,1,0,0,0,1,1,0,0,1,0,1,1,0,0,1,1,0,0,0,0,1,1,0,0,0,1,1,0,1,0,0,0,1,0,1,0,0,1,0,0,1,0,1,0,0,1,0,1,0,0,0,0,0,1,1,0,1,0,0,0,0,0,1,0,1,0,0,0,1,1,1,1,1,1,1,1,0,1,0,0,1,0,1,0,1,1,0,0,0,0,1,0,1,1,0,1,1,0,0,0,1,0,1,1,1,0,0,0,0,1,1,0,0,0,0,0,1,1,1,0,1,0,1,0,0,1,0,1,1,1,1,0,1,1,1,0,1,1,1,1,1,1,0,1,0,0,1,0,0,0,0,0,0,0,0,1,0,0,0,0,0,0,0,0,1,1,0,0,0,1,0,1,0,1,0,0,0,1
0,1,0,1,0,1,1,1,0,0,0,0,0,0,0,0,0,1,1,0,0,0,0,0,0,0,1,0,0,0,1,0,0,1,1,0,0,0,1,1,0,1,0,1,0,0,0,1,1,0,0,1,0,1,1,0,0,1,1,0,0,0,0,1,1,0,0,0,1,1,0,1,0,0,0,1,0,1,0,0,1,0,0,1,0,1,0,0,1,0,1,0,0,0,0,0,1,1,0,1,0,0,0,0,0,1,0,1,0,0,0,1,1,1,1,1,1,1,1,0,1,0,0,1,0,1,0,1,1,0,0,0,0,1,0,1,1,0,1,1,0,0,0,1,0,1,1,1,0,0,0,0,1,1,0,0,0,0,0,1,1,1,0,1,0,1,1,0,1,0,1,1,1,1,0,1,1,1,0,1,1,1,1,1,1,0,1,0,0,1,0,1,0,0,0,0,0,0,1,0,0,1,1,0,0,0,0,1,1,0,0,0,1,0,1,0,1,0,0,0,1
0,1,0,1,0,1,1,1,0,1,0,0,0,0,0,0,0,1,1,0,0,0,0,0,0,0,1,0,0,0,1,0,1,1,1,0,0,0,1,1,1,1,0,1,0,0,1,1,1,0,0,1,0,1,1,0,0,1,1,0,0,0,0,1,1,0,0,0,1,1,0,1,0,0,0,1,0,1,0,0,1,0,0,1,0,1,0,0,1,0,1,0,0,0,0,0,1,1,1,1,1,0,0,0,0,1,0,1,0,0,0,1,1,1,1,1,1,1,1,1,1,0,0,1,0,1,0,1,1,0,0,0,0,1,0,1,1,1,1,1,0,0,1,1,0,1,1,1,0,0,0,0,1,1,0,0,0,0,0,1,1,1,0,1,0,1,0,0,1,0,1,1,1,1,0,1,1,1,0,1,1,1,1,1,1,0,1,0,0,1,0,0,0,0,0,0,0,0,1,0,0,0,0,0,0,0,0,1,1,0,0,0,1,0,1,0,1,0,0,0,1
0,1,0,1,0,1,1,1,0,0,1,0,1,1,0,0,0,1,1,0,0,0,0,0,0,1,1,0,1,0,1,0,0,1,1,0,0,0,1,1,0,1,0,1,1,1,0,1,1,1,1,1,0,1,1,0,0,1,1,1,1,1,0,1,1,1,0,1,1,1,1,1,1,0,1,1,0,1,0,1,1,1,1,1,0,1,0,1,1,1,1,1,0,0,1,0,1,1,0,1,0,1,0,1,1,1,1,0,1,1,1,1,1,1,1,1,1,1,1,0,1,1,0,1,0,1,1,1,1,0,1,1,0,0,0,1,1,0,0,1,0,0,0,1,0,1,1,1,1,0,0,0,1,1,0,0,0,0,0,1,1,1,0,1,0,1,0,0,1,0,1,1,1,1,0,1,1,1,0,1,1,1,1,1,1,0,1,0,0,1,0,0,0,0,0,1,1,0,1,0,0,0,0,0,0,0,1,1,1,0,0,1,1,0,1,0,1,0,0,1,1
0,1,0,1,0,1,1,1,0,0,1,0,1,1,0,0,0,1,1,0,0,0,0,0,0,1,1,0,1,0,1,0,0,1,1,0,0,0,1,1,0,1,0,1,1,1,0,1,1,1,1,1,0,1,1,0,0,1,1,1,1,1,0,1,1,1,0,1,1,1,1,1,1,0,1,1,0,1,0,1,1,1,1,1,0,1,0,1,1,1,1,1,0,0,1,0,1,1,0,1,0,1,0,1,1,1,1,0,1,1,1,1,1,1,1,1,1,1,1,0,1,1,0,1,0,1,1,1,1,0,1,1,0,0,0,1,1,0,0,1,0,0,0,1,0,1,1,1,1,0,0,0,1,1,0,0,0,0,0,1,1,1,0,1,0,1,0,0,1,0,1,1,1,1,0,1,1,1,0,1,1,1,1,1,1,0,1,1,0,1,0,1,0,0,0,1,1,1,1,0,0,1,0,0,0,0,1,1,1,0,0,1,1,0,1,0,1,0,0,1,1
0,1,0,1,0,1,1,1,0,1,1,0,1,1,0,0,0,1,1,0,0,0,0,0,0,1,1,0,1,0,1,0,1,1,1,0,0,0,1,1,1,1,0,1,1,1,1,1,1,1,1,1,0,1,1,0,0,1,1,1,1,1,0,1,1,1,0,1,1,1,1,1,1,0,1,1,0,1,0,1,1,1,1,1,0,1,0,1,1,1,1,1,0,0,1,0,1,1,1,1,1,1,0,1,1,1,1,0,1,1,1,1,1,1,1,1,1,1,1,1,1,1,0,1,0,1,1,1,1,0,1,1,0,0,0,1,1,1,0,1,0,0,1,1,0,1,1,1,1,0,0,0,1,1,0,0,0,0,0,1,1,1,0,1,0,1,0,0,1,0,1,1,1,1,0,1,1,1,0,1,1,1,1,1,1,0,1,0,0,1,0,0,0,0,0,1,1,0,1,0,0,0,0,0,0,0,1,1,1,0,0,1,1,0,1,0,1,0,0,1,1
0,0,0,1,0,0,0,0,0,0,1,1,0,0,0,1,1,1,0,0,0,0,0,0,0,1,1,0,0,0,0,0,0,1,0,0,0,0,1,0,0,0,0,0,1,1,0,0,0,0,0,1,0,1,1,0,0,0,0,1,1,1,0,0,1,1,0,1,0,0,1,0,1,0,0,1,0,0,0,1,0,0,0,1,0,0,0,1,1,1,0,1,0,0,0,0,1,0,0,1,0,1,0,0,1,0,1,0,0,1,1,0,0,0,0,1,1,0,1,0,0,1,0,0,0,0,0,0,0,0,1,1,0,0,0,1,0,0,1,0,0,0,0,1,1,0,0,1,0,0,0,0,0,0,0,1,0,0,0,0,1,0,0,1,0,0,0,0,0,0,0,0,0,0,0,0,1,1,0,0,1,0,0,0,0,0,0,0,0,0,0,0,0,0,0,1,1,0,0,0,0,0,0,0,0,0,0,0,0,0,0,1,0,0,0,1,0,0,0,1,0
0,0,0,1,0,0,0,0,0,0,0,0,0,0,0,1,1,1,1,0,0,1,0,0,0,1,1,0,0,0,0,0,0,1,0,0,0,0,1,0,0,0,0,0,1,1,0,0,0,0,0,1,0,1,1,0,0,0,0,1,1,1,0,0,1,1,0,1,0,0,1,0,1,0,0,1,0,0,0,1,0,0,0,1,0,0,0,1,1,1,0,1,0,0,0,0,1,0,0,1,0,1,0,0,1,0,1,0,0,1,1,0,0,0,0,1,1,0,1,0,0,1,0,0,0,0,0,0,0,0,1,1,0,0,0,1,0,0,1,0,0,0,0,1,1,0,0,1,0,0,0,0,0,0,0,1,0,0,0,0,1,0,0,1,0,0,0,0,0,0,0,0,0,0,0,0,1,1,0,0,1,0,0,0,0,0,0,0,0,0,0,0,0,0,0,1,1,0,0,0,0,0,0,0,0,0,0,0,0,0,0,1,0,0,0,1,0,0,0,1,0
0,0,0,1,0,0,0,0,0,0,0,0,0,0,0,1,1,1,0,0,0,0,0,0,0,1,1,0,0,0,0,0,0,1,0,0,0,0,1,0,0,0,0,0,1,1,0,0,0,0,0,1,0,1,1,0,0,0,0,1,1,1,0,0,1,1,0,1,0,0,1,0,1,0,0,1,0,0,0,1,0,0,0,1,0,0,0,1,1,1,0,1,0,0,0,0,1,0,0,1,0,1,0,0,1,0,1,0,0,1,1,0,0,0,0,1,1,0,1,0,0,1,0,0,0,0,0,0,0,0,1,1,0,0,0,1,0,0,1,0,0,0,0,1,1,0,0,1,0,0,0,0,0,0,0,1,0,0,0,0,1,0,0,1,0,0,0,0,0,0,0,0,0,0,0,0,1,1,0,0,1,0,0,0,0,0,0,0,0,0,0,0,0,0,0,1,1,0,0,0,0,0,0,0,0,0,0,0,0,0,0,1,0,0,0,1,0,0,0,1,0
0,0,0,1,0,0,0,0,0,0,1,1,0,0,0,1,1,1,0,0,0,0,0,0,0,1,1,0,0,0,0,0,0,1,0,0,0,0,1,0,0,0,0,0,1,1,0,0,0,0,0,0,0,1,1,0,0,0,0,1,1,1,0,0,1,1,0,1,0,0,1,0,1,0,0,1,0,0,0,1,0,0,0,1,0,0,0,1,1,1,0,1,0,0,0,0,1,0,0,1,0,1,0,0,1,0,1,0,0,1,1,0,0,0,0,1,1,0,1,0,0,1,0,0,0,0,0,0,0,0,1,1,0,0,0,1,0,0,1,0,0,0,0,1,1,0,0,1,0,0,0,0,0,0,0,1,0,0,0,0,1,0,0,1,0,0,0,0,0,0,0,0,0,0,0,0,1,1,0,0,1,0,0,0,0,0,0,0,0,0,0,0,0,0,0,1,1,0,0,0,0,0,0,0,0,0,0,0,0,0,0,1,0,0,0,0,0,0,0,1,0
0,0,0,1,0,0,0,0,0,0,0,0,0,0,0,1,1,1,1,0,0,1,0,0,0,1,1,0,0,0,0,0,0,1,0,0,0,0,1,0,0,0,0,0,1,1,0,0,0,0,0,0,0,1,1,0,0,0,0,1,1,1,0,0,1,1,0,1,0,0,1,0,1,0,0,1,0,0,0,1,0,0,0,1,0,0,0,1,1,1,0,1,0,0,0,0,1,0,0,1,0,1,0,0,1,0,1,0,0,1,1,0,0,0,0,1,1,0,1,0,0,1,0,0,0,0,0,0,0,0,1,1,0,0,0,1,0,0,1,0,0,0,0,1,1,0,0,1,0,0,0,0,0,0,0,1,0,0,0,0,1,0,0,1,0,0,0,0,0,0,0,0,0,0,0,0,1,1,0,0,1,0,0,0,0,0,0,0,0,0,0,0,0,0,0,1,1,0,0,0,0,0,0,0,0,0,0,0,0,0,0,1,0,0,0,0,0,0,0,1,0
0,0,0,1,0,0,0,0,0,0,0,0,0,0,0,1,1,1,0,0,0,0,0,0,0,1,1,0,0,0,0,0,0,1,0,0,0,0,1,0,0,0,0,0,1,1,0,0,0,0,0,0,0,1,1,0,0,0,0,1,1,1,0,0,1,1,0,1,0,0,1,0,1,0,0,1,0,0,0,1,0,0,0,1,0,0,0,1,1,1,0,1,0,0,0,0,1,0,0,1,0,1,0,0,1,0,1,0,0,1,1,0,0,0,0,1,1,0,1,0,0,1,0,0,0,0,0,0,0,0,1,1,0,0,0,1,0,0,1,0,0,0,0,1,1,0,0,1,0,0,0,0,0,0,0,1,0,0,0,0,1,0,0,1,0,0,0,0,0,0,0,0,0,0,0,0,1,1,0,0,1,0,0,0,0,0,0,0,0,0,0,0,0,0,0,1,1,0,0,0,0,0,0,0,0,0,0,0,0,0,0,1,0,0,0,0,0,0,0,1,0
0,0,0,1,0,0,0,0,0,1,1,1,0,0,0,1,1,1,0,0,0,0,0,0,0,1,1,0,0,0,0,0,1,1,0,0,0,0,1,0,1,0,0,0,1,1,1,0,0,0,0,0,0,1,1,0,0,0,0,1,1,1,0,0,1,1,0,1,0,0,1,0,1,0,0,1,0,0,0,1,0,0,0,1,0,0,0,1,1,1,0,1,0,0,0,0,1,0,1,1,1,1,0,0,1,0,1,0,0,1,1,0,0,0,0,1,1,0,1,1,0,1,0,0,0,0,0,0,0,0,1,1,0,0,0,1,0,1,1,0,0,0,1,1,1,0,0,1,0,0,0,0,0,0,0,1,0,0,0,0,1,0,0,1,0,0,0,0,0,0,0,0,0,0,0,0,1,1,0,0,1,0,0,0,0,0,0,0,0,0,0,0,0,0,0,1,1,0,0,0,0,0,0,0,0,0,0,0,0,0,0,1,0,0,0,0,0,0,0,1,0
0,0,0,1,0,0,0,0,0,1,0,0,0,0,0,1,1,1,1,0,0,1,0,0,0,1,1,0,0,0,0,0,1,1,0,0,0,0,1,0,1,0,0,0,1,1,1,0,0,0,0,0,0,1,1,0,0,0,0,1,1,1,0,0,1,1,0,1,0,0,1,0,1,0,0,1,0,0,0,1,0,0,0,1,0,0,0,1,1,1,0,1,0,0,0,0,1,0,1,1,1,1,0,0,1,0,1,0,0,1,1,0,0,0,0,1,1,0,1,1,0,1,0,0,0,0,0,0,0,0,1,1,0,0,0,1,0,1,1,0,0,0,1,1,1,0,0,1,0,0,0,0,0,0,0,1,0,0,0,0,1,0,0,1,0,0,0,0,0,0,0,0,0,0,0,0,1,1,0,0,1,0,0,0,0,0,0,0,0,0,0,0,0,0,0,1,1,0,0,0,0,0,0,0,0,0,0,0,0,0,0,1,0,0,0,0,0,0,0,1,0
0,0,0,1,0,0,0,0,0,1,0,0,0,0,0,1,1,1,0,0,0,0,0,0,0,1,1,0,0,0,0,0,1,1,0,0,0,0,1,0,1,0,0,0,1,1,1,0,0,0,0,0,0,1,1,0,0,0,0,1,1,1,0,0,1,1,0,1,0,0,1,0,1,0,0,1,0,0,0,1,0,0,0,1,0,0,0,1,1,1,0,1,0,0,0,0,1,0,1,1,1,1,0,0,1,0,1,0,0,1,1,0,0,0,0,1,1,0,1,1,0,1,0,0,0,0,0,0,0,0,1,1,0,0,0,1,0,1,1,0,0,0,1,1,1,0,0,1,0,0,0,0,0,0,0,1,0,0,0,0,1,0,0,1,0,0,0,0,0,0,0,0,0,0,0,0,1,1,0,0,1,0,0,0,0,0,0,0,0,0,0,0,0,0,0,1,1,0,0,0,0,0,0,0,0,0,0,0,0,0,0,1,0,0,0,0,0,0,0,1,0
0,0,0,1,0,0,0,0,0,1,0,0,0,0,0,1,1,1,1,0,0,1,0,0,0,1,1,0,0,0,0,0,1,1,0,0,0,0,1,0,1,0,0,0,1,1,1,0,0,0,0,0,0,1,1,0,0,0,0,1,1,1,0,0,1,1,0,1,0,0,1,0,1,0,0,1,0,0,0,1,0,0,0,1,0,0,0,1,1,1,0,1,0,0,0,0,1,0,1,0,1,1,0,0,1,0,1,0,0,1,1,0,0,0,0,1,0,0,1,1,0,1,0,0,0,0,0,0,0,0,1,1,0,0,0,1,0,1,1,0,0,0,1,1,1,0,0,1,0,0,0,0,0,0,0,1,0,0,0,0,1,0,0,1,0,0,0,0,0,0,0,0,0,0,0,0,1,1,0,0,1,0,0,0,0,0,0,0,0,0,0,0,0,0,0,1,1,0,0,0,0,0,0,0,0,0,0,0,0,0,0,1,0,0,0,0,0,0,0,1,0
0,0,0,1,0,0,0,0,0,1,1,1,0,0,0,1,1,1,0,0,0,0,0,0,0,1,1,0,0,0,0,0,1,1,0,0,0,0,1,0,1,0,0,0,1,1,1,0,0,0,0,0,0,1,1,0,0,0,0,1,1,1,0,0,1,1,0,1,0,0,1,0,1,0,0,1,0,0,0,1,0,0,0,1,0,0,0,1,1,1,0,1,0,0,0,0,1,0,1,0,1,1,0,0,1,0,1,0,0,1,1,0,0,0,0,1,0,0,1,1,0,1,0,0,0,0,0,0,0,0,1,1,0,0,0,1,0,1,1,0,0,0,1,1,1,0,0,1,0,0,0,0,0,0,0,1,0,0,0,0,1,0,0,1,0,0,0,0,0,0,0,0,0,0,0,0,1,1,0,0,1,0,0,0,0,0,0,0,0,0,0,0,0,0,0,1,1,0,0,0,0,0,0,0,0,0,0,0,0,0,0,1,0,0,0,0,0,0,0,1,0
0,0,0,1,0,0,0,0,0,1,0,0,0,0,0,1,1,1,0,0,0,0,0,0,0,1,1,0,0,0,0,0,1,1,0,0,0,0,1,0,1,0,0,0,1,1,1,0,0,0,0,0,0,1,1,0,0,0,0,1,1,1,0,0,1,1,0,1,0,0,1,0,1,0,0,1,0,0,0,1,0,0,0,1,0,0,0,1,1,1,0,1,0,0,0,0,1,0,1,0,1,1,0,0,1,0,1,0,0,1,1,0,0,0,0,1,0,0,1,1,0,1,0,0,0,0,0,0,0,0,1,1,0,0,0,1,0,1,1,0,0,0,1,1,1,0,0,1,0,0,0,0,0,0,0,1,0,0,0,0,1,0,0,1,0,0,0,0,0,0,0,0,0,0,0,0,1,1,0,0,1,0,0,0,0,0,0,0,0,0,0,0,0,0,0,1,1,0,0,0,0,0,0,0,0,0,0,0,0,0,0,1,0,0,0,0,0,0,0,1,0
0,0,0,1,0,0,0,0,0,0,1,1,0,0,0,1,1,1,0,0,0,0,0,0,0,1,1,0,0,0,0,0,0,1,0,0,0,0,1,0,0,0,0,0,1,1,0,0,0,0,0,0,0,1,1,0,0,0,0,1,1,1,0,0,1,1,0,1,0,0,1,0,1,0,0,1,0,0,0,1,0,0,0,1,0,0,0,1,1,1,0,1,0,0,0,0,1,0,0,0,0,1,0,0,1,0,1,0,0,1,1,0,0,0,0,1,0,0,1,0,0,1,0,0,0,0,0,0,0,0,1,1,0,0,0,1,0,0,1,0,0,0,0,1,1,0,0,1,0,0,0,0,0,0,0,1,0,0,0,0,1,0,0,1,0,0,0,0,0,0,0,0,0,0,0,0,1,1,0,0,1,0,0,0,0,0,0,0,0,0,0,0,0,0,0,1,1,0,0,0,0,0,0,0,0,0,0,0,0,0,0,1,0,0,0,0,0,0,0,1,0
0,0,0,1,0,0,0,0,0,0,0,0,0,0,0,1,1,1,1,0,0,1,0,0,0,1,1,0,0,0,0,0,0,1,0,0,0,0,1,0,0,0,0,0,1,1,0,0,0,0,0,0,0,1,1,0,0,0,0,1,1,1,0,0,1,1,0,1,0,0,1,0,1,0,0,1,0,0,0,1,0,0,0,1,0,0,0,1,1,1,0,1,0,0,0,0,1,0,0,0,0,1,0,0,1,0,1,0,0,1,1,0,0,0,0,1,0,0,1,0,0,1,0,0,0,0,0,0,0,0,1,1,0,0,0,1,0,0,1,0,0,0,0,1,1,0,0,1,0,0,0,0,0,0,0,1,0,0,0,0,1,0,0,1,0,0,0,0,0,0,0,0,0,0,0,0,1,1,0,0,1,0,0,0,0,0,0,0,0,0,0,0,0,0,0,1,1,0,0,0,0,0,0,0,0,0,0,0,0,0,0,1,0,0,0,0,0,0,0,1,0
0,0,0,1,0,0,0,0,0,0,0,0,0,0,0,1,1,1,0,0,0,0,0,0,0,1,1,0,0,0,0,0,0,1,0,0,0,0,1,0,0,0,0,0,1,1,0,0,0,0,0,0,0,1,1,0,0,0,0,1,1,1,0,0,1,1,0,1,0,0,1,0,1,0,0,1,0,0,0,1,0,0,0,1,0,0,0,1,1,1,0,1,0,0,0,0,1,0,0,0,0,1,0,0,1,0,1,0,0,1,1,0,0,0,0,1,0,0,1,0,0,1,0,0,0,0,0,0,0,0,1,1,0,0,0,1,0,0,1,0,0,0,0,1,1,0,0,1,0,0,0,0,0,0,0,1,0,0,0,0,1,0,0,1,0,0,0,0,0,0,0,0,0,0,0,0,1,1,0,0,1,0,0,0,0,0,0,0,0,0,0,0,0,0,0,1,1,0,0,0,0,0,0,0,0,0,0,0,0,0,0,1,0,0,0,0,0,0,0,1,0
0,0,0,1,0,0,0,0,0,0,1,1,0,0,0,1,1,1,0,0,0,0,0,0,0,1,1,0,0,0,0,0,0,1,0,0,0,0,1,0,0,0,0,0,1,1,0,0,0,0,0,0,0,1,1,0,0,0,0,1,1,1,0,0,1,1,0,1,0,0,1,0,1,0,0,1,0,0,0,1,0,0,0,1,0,0,0,1,1,1,0,1,0,0,0,0,1,0,0,1,0,1,0,0,1,0,1,0,0,1,1,0,0,0,0,1,1,0,1,0,0,1,0,0,0,0,0,0,0,0,1,1,0,0,0,1,0,0,1,0,0,0,0,1,1,0,0,1,0,0,0,0,0,0,0,1,0,0,0,0,1,0,0,1,0,0,0,0,0,0,0,0,0,0,0,0,1,1,0,0,1,0,0,0,0,0,0,0,0,0,0,0,0,0,0,1,1,0,0,0,0,0,0,0,0,0,0,0,0,0,0,1,0,0,0,0,0,0,0,1,0
0,0,0,1,0,0,0,0,0,0,0,0,0,0,0,1,1,1,1,0,0,1,0,0,0,1,1,0,0,0,0,0,0,1,0,0,0,0,1,0,0,0,0,0,1,1,0,0,0,0,0,0,0,1,1,0,0,0,0,1,1,1,0,0,1,1,0,1,0,0,1,0,1,0,0,1,0,0,0,1,0,0,0,1,0,0,0,1,1,1,0,1,0,0,0,0,1,0,0,1,0,1,0,0,1,0,1,0,0,1,1,0,0,0,0,1,1,0,1,0,0,1,0,0,0,0,0,0,0,0,1,1,0,0,0,1,0,0,1,0,0,0,0,1,1,0,0,1,0,0,0,0,0,0,0,1,0,0,0,0,1,0,0,1,0,0,0,0,0,0,0,0,0,0,0,0,1,1,0,0,1,0,0,0,0,0,0,0,0,0,0,0,0,0,0,1,1,0,0,0,0,0,0,0,0,0,0,0,0,0,0,1,0,0,0,0,0,0,0,1,0
0,0,0,1,0,0,0,0,0,0,0,0,0,0,0,1,1,1,0,0,0,0,0,0,0,1,1,0,0,0,0,0,0,1,0,0,0,0,1,0,0,0,0,0,1,1,0,0,0,0,0,0,0,1,1,0,0,0,0,1,1,1,0,0,1,1,0,1,0,0,1,0,1,0,0,1,0,0,0,1,0,0,0,1,0,0,0,1,1,1,0,1,0,0,0,0,1,0,0,1,0,1,0,0,1,0,1,0,0,1,1,0,0,0,0,1,1,0,1,0,0,1,0,0,0,0,0,0,0,0,1,1,0,0,0,1,0,0,1,0,0,0,0,1,1,0,0,1,0,0,0,0,0,0,0,1,0,0,0,0,1,0,0,1,0,0,0,0,0,0,0,0,0,0,0,0,1,1,0,0,1,0,0,0,0,0,0,0,0,0,0,0,0,0,0,1,1,0,0,0,0,0,0,0,0,0,0,0,0,0,0,1,0,0,0,0,0,0,0,1,0
0,0,0,1,0,0,0,0,0,1,0,0,0,0,0,1,1,1,1,0,0,1,0,0,0,1,1,0,0,0,0,0,1,1,0,0,0,0,1,0,1,0,0,0,1,1,1,0,0,0,0,0,0,1,1,0,0,0,0,1,1,1,0,0,1,1,0,1,0,0,1,0,1,0,0,1,0,0,0,1,0,0,0,1,0,0,0,1,1,1,0,1,0,0,0,0,1,0,1,1,1,1,0,0,1,0,1,0,0,1,1,0,0,0,0,1,1,0,1,1,0,1,0,0,0,0,0,0,0,0,1,1,0,0,0,1,0,1,1,0,0,0,1,1,1,0,0,1,0,0,0,0,0,0,0,1,0,0,0,0,1,0,0,1,0,0,0,0,0,0,0,0,0,0,0,0,1,1,0,0,1,0,0,0,0,0,0,0,0,0,0,0,0,0,0,1,1,0,0,0,0,0,0,0,0,0,0,0,0,0,0,1,0,0,0,0,0,0,0,1,0
0,0,0,1,0,0,0,0,0,1,0,0,0,0,0,1,1,1,0,0,0,0,0,0,0,1,1,0,0,0,0,0,1,1,0,0,0,0,1,0,1,0,0,0,1,1,1,0,0,0,0,0,0,1,1,0,0,0,0,1,1,1,0,0,1,1,0,1,0,0,1,0,1,0,0,1,0,0,0,1,0,0,0,1,0,0,0,1,1,1,0,1,0,0,0,0,1,0,1,1,1,1,0,0,1,0,1,0,0,1,1,0,0,0,0,1,1,0,1,1,0,1,0,0,0,0,0,0,0,0,1,1,0,0,0,1,0,1,1,0,0,0,1,1,1,0,0,1,0,0,0,0,0,0,0,1,0,0,0,0,1,0,0,1,0,0,0,0,0,0,0,0,0,0,0,0,1,1,0,0,1,0,0,0,0,0,0,0,0,0,0,0,0,0,0,1,1,0,0,0,0,0,0,0,0,0,0,0,0,0,0,1,0,0,0,0,0,0,0,1,0
0,0,0,1,0,0,0,0,0,0,1,1,0,0,0,1,1,1,0,0,0,0,0,0,0,1,1,0,0,0,0,0,0,1,0,0,0,0,1,0,0,0,0,0,1,1,0,0,0,0,0,1,0,1,1,0,0,0,0,1,1,1,0,0,1,1,0,1,0,0,1,0,1,0,0,1,0,0,0,1,0,0,0,1,0,0,0,1,1,1,0,1,0,0,0,0,1,0,0,1,0,1,0,0,1,0,1,0,0,1,1,0,0,0,0,1,1,0,1,0,0,1,0,0,0,0,0,0,0,0,1,1,0,0,0,1,0,0,1,0,0,0,0,1,1,0,0,1,0,0,0,0,0,0,0,1,0,0,0,0,1,0,0,1,0,0,0,0,0,0,0,0,0,0,0,0,1,1,0,0,1,0,0,0,0,0,0,0,0,0,0,0,0,0,0,1,1,0,0,0,0,0,0,0,0,0,0,0,0,0,0,1,0,1,0,0,0,0,0,1,0
0,0,0,1,0,0,0,0,0,0,0,0,0,0,0,1,1,1,1,0,0,1,0,0,0,1,1,0,0,0,0,0,0,1,0,0,0,0,1,0,0,0,0,0,1,1,0,0,0,0,0,1,0,1,1,0,0,0,0,1,1,1,0,0,1,1,0,1,0,0,1,0,1,0,0,1,0,0,0,1,0,0,0,1,0,0,0,1,1,1,0,1,0,0,0,0,1,0,0,1,0,1,0,0,1,0,1,0,0,1,1,0,0,0,0,1,1,0,1,0,0,1,0,0,0,0,0,0,0,0,1,1,0,0,0,1,0,0,1,0,0,0,0,1,1,0,0,1,0,0,0,0,0,0,0,1,0,0,0,0,1,0,0,1,0,0,0,0,0,0,0,0,0,0,0,0,1,1,0,0,1,0,0,0,0,0,0,0,0,0,0,0,0,0,0,1,1,0,0,0,0,0,0,0,0,0,0,0,0,0,0,1,0,1,0,0,0,0,0,1,0
0,0,0,1,0,0,0,0,0,0,0,0,0,0,0,1,1,1,0,0,0,0,0,0,0,1,1,0,0,0,0,0,0,1,0,0,0,0,1,0,0,0,0,0,1,1,0,0,0,0,0,1,0,1,1,0,0,0,0,1,1,1,0,0,1,1,0,1,0,0,1,0,1,0,0,1,0,0,0,1,0,0,0,1,0,0,0,1,1,1,0,1,0,0,0,0,1,0,0,1,0,1,0,0,1,0,1,0,0,1,1,0,0,0,0,1,1,0,1,0,0,1,0,0,0,0,0,0,0,0,1,1,0,0,0,1,0,0,1,0,0,0,0,1,1,0,0,1,0,0,0,0,0,0,0,1,0,0,0,0,1,0,0,1,0,0,0,0,0,0,0,0,0,0,0,0,1,1,0,0,1,0,0,0,0,0,0,0,0,0,0,0,0,0,0,1,1,0,0,0,0,0,0,0,0,0,0,0,0,0,0,1,0,1,0,0,0,0,0,1,0
0,0,0,1,0,0,0,0,0,0,1,1,0,0,0,1,1,1,0,0,0,0,0,0,0,1,1,0,0,0,0,0,0,1,0,0,0,0,1,0,0,0,0,0,1,1,0,0,0,0,0,1,0,1,1,0,0,0,0,1,1,1,0,0,1,1,0,1,0,0,1,0,1,0,0,1,0,0,0,1,0,0,0,1,0,0,0,1,1,1,0,1,0,0,0,0,1,0,0,1,0,1,0,0,1,0,1,0,0,1,1,0,0,0,0,1,1,0,1,0,0,1,0,0,0,0,0,0,0,0,1,1,0,0,0,1,0,0,1,0,0,0,0,1,1,0,0,1,0,0,0,0,0,0,0,1,0,0,0,0,1,0,0,1,0,0,0,0,0,0,0,0,0,0,0,0,1,1,0,0,1,0,0,0,0,0,0,0,0,0,0,0,0,0,0,1,1,0,0,0,0,0,0,0,0,0,1,0,0,1,0,1,0,0,0,0,0,1,0,1,0
0,0,0,1,0,0,0,0,0,0,0,0,0,0,0,1,1,1,1,0,0,1,0,0,0,1,1,0,0,0,0,0,0,1,0,0,0,0,1,0,0,0,0,0,1,1,0,0,0,0,0,1,0,1,1,0,0,0,0,1,1,1,0,0,1,1,0,1,0,0,1,0,1,0,0,1,0,0,0,1,0,0,0,1,0,0,0,1,1,1,0,1,0,0,0,0,1,0,0,1,0,1,0,0,1,0,1,0,0,1,1,0,0,0,0,1,1,0,1,0,0,1,0,0,0,0,0,0,0,0,1,1,0,0,0,1,0,0,1,0,0,0,0,1,1,0,0,1,0,0,0,0,0,0,0,1,0,0,0,0,1,0,0,1,0,0,0,0,0,0,0,0,0,0,0,0,1,1,0,0,1,0,0,0,0,0,0,0,0,0,0,0,0,0,0,1,1,0,0,0,0,0,0,0,0,0,1,0,0,1,0,1,0,0,0,0,0,1,0,1,0
0,0,0,1,0,0,0,0,0,0,0,0,0,0,0,1,1,1,0,0,0,0,0,0,0,1,1,0,0,0,0,0,0,1,0,0,0,0,1,0,0,0,0,0,1,1,0,0,0,0,0,1,0,1,1,0,0,0,0,1,1,1,0,0,1,1,0,1,0,0,1,0,1,0,0,1,0,0,0,1,0,0,0,1,0,0,0,1,1,1,0,1,0,0,0,0,1,0,0,1,0,1,0,0,1,0,1,0,0,1,1,0,0,0,0,1,1,0,1,0,0,1,0,0,0,0,0,0,0,0,1,1,0,0,0,1,0,0,1,0,0,0,0,1,1,0,0,1,0,0,0,0,0,0,0,1,0,0,0,0,1,0,0,1,0,0,0,0,0,0,0,0,0,0,0,0,1,1,0,0,1,0,0,0,0,0,0,0,0,0,0,0,0,0,0,1,1,0,0,0,0,0,0,0,0,0,1,0,0,1,0,1,0,0,0,0,0,1,0,1,0
0,0,0,1,0,1,0,0,0,0,1,1,0,0,0,1,1,1,0,0,0,0,0,0,0,1,1,0,0,0,1,0,0,1,0,0,0,0,1,1,0,0,0,1,1,1,0,0,1,0,0,1,0,1,1,0,0,1,1,1,1,1,0,0,1,1,0,1,1,0,1,0,1,0,0,1,0,0,0,1,0,0,0,1,0,0,0,1,1,1,1,1,0,0,0,0,1,1,0,1,0,1,0,0,1,0,1,0,0,1,1,0,1,1,0,1,1,1,1,0,0,1,0,1,0,0,0,1,1,0,1,1,0,0,0,1,1,0,1,1,0,0,0,1,1,1,1,1,0,0,0,0,0,1,0,1,0,0,0,1,1,0,0,1,0,1,0,0,1,0,0,0,0,1,0,1,1,1,0,0,1,1,0,0,0,0,1,1,0,1,0,0,0,0,0,1,1,1,1,0,0,0,0,0,0,0,0,0,1,0,0,1,0,0,0,0,1,0,0,1,0
0,0,0,1,0,1,0,0,0,0,0,0,0,0,0,1,1,1,1,0,0,1,0,0,0,1,1,0,0,0,1,0,0,1,0,0,0,0,1,1,0,0,0,1,1,1,0,0,1,0,0,1,0,1,1,0,0,1,1,1,1,1,0,0,1,1,0,1,1,0,1,0,1,0,0,1,0,0,0,1,0,0,0,1,0,0,0,1,1,1,1,1,0,0,0,0,1,1,0,1,0,1,0,0,1,0,1,0,0,1,1,0,1,1,0,1,1,1,1,0,0,1,0,1,0,0,0,1,1,0,1,1,0,0,0,1,1,0,1,1,0,0,0,1,1,1,1,1,0,0,0,0,0,1,0,1,0,0,0,1,1,0,0,1,0,1,0,0,1,0,0,0,0,1,0,1,1,1,0,0,1,1,0,0,0,0,1,1,0,1,0,0,0,0,0,1,1,1,1,0,0,0,0,0,0,0,0,0,1,0,0,1,0,0,0,0,1,0,0,1,0
0,0,0,1,0,1,0,0,0,0,0,0,0,0,0,1,1,1,0,0,0,0,0,0,0,1,1,0,0,0,1,0,0,1,0,0,0,0,1,1,0,0,0,1,1,1,0,0,1,0,0,1,0,1,1,0,0,1,1,1,1,1,0,0,1,1,0,1,1,0,1,0,1,0,0,1,0,0,0,1,0,0,0,1,0,0,0,1,1,1,1,1,0,0,0,0,1,1,0,1,0,1,0,0,1,0,1,0,0,1,1,0,1,1,0,1,1,1,1,0,0,1,0,1,0,0,0,1,1,0,1,1,0,0,0,1,1,0,1,1,0,0,0,1,1,1,1,1,0,0,0,0,0,1,0,1,0,0,0,1,1,0,0,1,0,1,0,0,1,0,0,0,0,1,0,1,1,1,0,0,1,1,0,0,0,0,1,1,0,1,0,0,0,0,0,1,1,1,1,0,0,0,0,0,0,0,0,0,1,0,0,1,0,0,0,0,1,0,0,1,0
0,0,0,1,0,1,1,0,0,0,0,0,0,0,0,0,0,0,0,0,0,0,0,0,0,0,0,0,0,0,1,0,0,1,0,0,0,0,1,1,0,0,1,1,0,0,0,0,1,0,0,1,0,1,1,0,1,0,0,0,0,0,0,0,1,0,0,0,1,0,1,1,1,1,0,1,0,0,1,1,1,0,0,1,0,0,1,0,1,0,0,0,0,0,0,0,0,0,0,1,0,0,0,0,0,0,0,1,0,1,0,0,0,0,0,1,1,0,1,0,0,0,0,0,0,0,0,0,0,0,0,0,1,0,1,0,0,0,0,0,0,0,0,1,0,0,0,1,0,0,1,0,0,0,0,0,0,0,0,0,0,0,0,1,0,1,0,0,0,1,1,0,0,0,0,0,0,0,0,0,1,0,0,0,0,0,0,0,0,0,0,0,0,0,0,0,0,0,0,0,0,0,0,0,0,0,0,0,0,0,0,0,0,0,0,0,0,0,0,0,0
0,0,0,1,0,1,1,0,0,0,0,0,0,0,0,0,0,0,0,0,0,0,0,0,0,0,0,0,0,0,1,0,0,1,0,0,0,0,1,1,0,0,1,1,0,0,0,0,1,0,0,1,0,1,1,0,1,0,0,0,0,0,0,0,1,0,0,0,1,0,1,1,1,1,0,1,0,0,1,1,1,0,0,1,0,0,1,0,1,0,0,0,0,0,0,0,0,0,0,1,0,0,0,0,0,0,0,1,0,1,0,0,0,0,0,1,1,0,1,0,0,0,0,0,0,0,0,0,0,0,0,0,1,0,1,0,0,0,0,0,0,0,0,1,0,0,0,1,0,0,1,0,0,0,0,0,0,0,0,0,0,0,0,1,0,1,0,0,0,1,1,0,0,0,0,0,0,0,0,0,1,0,0,0,0,0,0,0,0,0,0,0,0,0,0,0,0,0,0,0,0,0,0,0,0,0,0,0,0,0,0,0,0,0,0,0,0,0,0,0,0
0,0,0,1,0,1,1,0,0,0,0,0,0,0,0,0,0,0,0,0,0,0,0,0,0,0,0,0,0,0,1,0,0,1,0,0,0,0,1,1,0,0,1,1,0,0,0,0,1,0,0,1,0,1,1,0,1,0,0,0,0,0,0,0,1,0,0,0,1,0,1,1,1,1,0,1,0,0,1,1,1,0,0,1,0,0,1,0,1,0,0,0,0,0,0,0,0,0,0,1,0,0,0,0,0,0,0,1,0,1,0,0,0,0,0,1,1,0,1,0,0,0,0,0,0,0,0,0,0,0,0,0,1,0,1,0,0,0,0,0,0,0,0,1,0,0,0,1,0,0,1,0,0,0,0,0,0,0,0,0,0,0,0,1,0,1,0,0,0,1,1,0,0,0,0,0,0,0,0,0,1,0,0,0,0,0,0,0,0,0,0,0,0,0,0,0,0,0,0,0,0,0,0,0,0,0,0,0,0,0,0,0,0,0,0,0,0,0,0,0,0
0,0,0,1,0,1,1,1,0,0,0,0,0,0,0,0,0,0,0,0,0,0,0,0,0,0,0,0,0,0,1,0,0,1,0,0,0,0,1,1,0,0,1,1,0,0,0,0,1,0,0,1,0,1,1,0,1,1,1,0,0,0,0,0,1,0,0,0,1,0,1,1,1,1,0,1,0,0,1,1,1,0,0,1,0,0,1,0,1,0,1,0,0,0,0,0,0,1,0,1,0,0,0,0,0,0,0,1,0,1,0,0,1,1,0,1,1,1,1,0,0,0,0,1,0,0,0,1,1,0,0,0,1,0,1,0,1,0,0,1,0,0,0,1,0,1,1,1,0,0,1,0,0,1,0,0,0,0,0,1,0,0,0,1,0,1,0,0,1,1,1,0,0,1,0,1,0,0,0,0,1,1,0,0,0,0,1,1,0,1,0,0,0,0,0,0,0,0,0,0,0,0,0,0,0,0,0,0,0,0,0,0,0,0,0,0,0,0,0,0,0
0,0,0,1,0,1,1,1,0,0,0,0,0,0,0,0,0,0,0,0,0,0,0,0,0,0,0,0,0,0,1,0,0,1,0,0,0,0,1,1,0,0,1,1,0,0,0,0,1,0,0,1,0,1,1,0,1,0,0,0,0,0,0,0,1,0,0,0,1,0,1,1,1,1,0,1,0,0,1,1,1,0,0,1,0,0,1,0,1,0,0,0,0,0,0,0,0,0,0,1,0,0,0,0,0,0,0,1,0,1,0,0,0,0,0,1,1,0,1,0,0,0,0,0,0,0,1,0,0,0,0,0,1,0,1,0,0,0,0,0,0,0,0,1,0,0,0,1,0,0,1,0,0,0,0,0,0,0,0,0,0,0,0,1,0,1,0,0,0,1,1,0,0,0,0,0,0,0,0,0,1,0,0,0,0,0,0,0,0,0,0,0,0,0,0,0,0,0,0,0,0,0,0,0,0,0,0,0,0,0,0,0,0,0,0,0,0,0,0,0,0
0,0,0,1,0,1,1,0,0,0,0,0,0,0,0,0,0,0,0,0,0,0,0,0,0,0,0,0,0,0,1,0,0,1,0,0,0,0,1,1,0,0,1,1,0,0,0,0,1,0,0,1,0,1,1,0,1,0,0,0,0,0,0,0,1,0,0,0,1,0,1,1,1,1,0,1,0,0,1,1,1,0,0,1,0,0,1,0,1,0,0,0,0,0,0,0,0,0,0,1,0,0,0,0,0,0,0,1,0,1,0,0,0,0,0,1,1,0,1,0,0,0,0,0,0,0,0,0,0,0,0,0,1,0,1,0,0,0,0,0,0,0,0,1,0,0,0,1,0,0,1,0,0,0,0,0,0,0,0,0,0,0,0,1,0,1,0,0,0,1,1,0,0,0,0,0,0,0,0,0,1,0,0,0,0,0,0,0,0,0,0,0,0,0,0,0,0,0,0,0,0,0,0,0,0,0,0,0,0,0,0,0,0,0,0,0,0,0,0,0,0
0,0,0,1,0,1,1,0,0,0,0,0,0,0,0,0,0,0,0,0,0,0,0,0,0,0,0,0,0,0,1,0,0,1,0,0,0,0,1,1,0,0,1,1,0,0,0,0,1,0,0,1,0,1,1,0,1,0,0,0,0,0,0,0,1,0,0,0,1,0,1,1,1,1,0,1,0,0,1,1,1,0,0,1,0,0,1,0,1,0,0,0,0,0,0,0,0,0,0,1,0,0,0,0,0,0,0,1,0,1,0,0,0,0,0,1,1,0,1,0,0,0,0,0,0,0,0,0,0,0,0,0,1,0,1,0,0,0,0,0,0,0,0,1,0,0,0,1,0,0,1,0,0,0,0,0,0,0,0,0,0,0,0,1,0,1,0,0,0,1,1,0,0,0,0,0,0,0,0,0,1,0,0,0,0,0,0,0,0,0,0,0,0,0,0,0,0,0,0,0,0,0,0,0,0,0,0,0,0,0,0,0,0,0,0,0,0,0,0,0,0
0,0,0,1,0,1,1,1,0,0,0,0,0,0,0,0,0,0,0,0,0,0,0,0,0,0,0,0,0,0,1,0,0,1,0,0,0,0,1,1,0,0,1,1,0,0,0,0,1,0,0,1,0,1,1,0,1,0,0,0,0,0,0,0,1,0,0,0,1,0,1,1,1,1,0,1,0,0,1,1,1,0,0,1,0,0,1,0,1,0,0,0,0,0,0,1,0,0,0,1,0,0,0,0,0,0,0,1,0,1,0,0,0,0,0,1,1,1,1,0,1,0,0,0,0,0,0,1,1,0,0,0,1,1,1,0,0,0,0,1,0,1,0,1,0,1,0,1,0,0,1,0,0,1,0,0,0,1,0,0,0,0,0,1,0,1,1,0,1,1,1,0,0,0,0,1,0,0,0,0,1,1,0,1,1,0,1,0,1,1,0,0,1,0,0,0,0,1,0,0,0,0,0,1,0,0,0,0,0,0,0,1,0,0,0,0,0,0,0,1,0
0,0,0,1,0,1,1,1,0,0,0,0,0,0,0,0,0,0,0,0,0,0,0,0,0,0,0,0,0,0,1,0,0,1,0,0,0,0,1,1,0,0,1,1,0,0,0,0,1,0,0,1,0,1,1,0,1,0,0,0,0,0,0,0,1,0,0,0,1,0,1,1,1,1,0,1,0,0,1,1,1,0,0,1,0,0,1,0,1,0,0,0,0,0,0,1,0,0,0,1,0,0,0,0,0,0,0,1,0,1,0,0,0,0,0,1,1,1,1,0,1,0,0,0,0,0,0,1,1,0,0,0,1,0,1,0,0,0,0,1,0,1,0,1,0,1,0,1,0,0,1,0,0,1,0,0,0,1,0,0,0,0,0,1,0,1,0,0,1,1,1,0,0,0,0,1,0,0,0,0,1,1,0,1,1,0,1,0,1,1,0,1,1,0,1,0,0,1,0,0,0,0,1,1,0,0,0,0,0,0,0,0,0,0,0,0,0,0,0,0,0
0,0,0,1,0,1,1,0,0,0,0,0,0,0,0,0,0,0,0,0,0,0,0,0,0,0,0,0,0,0,1,0,0,1,0,0,0,0,1,1,0,0,0,1,0,0,0,0,1,0,0,1,0,1,1,0,1,0,0,0,0,0,0,0,1,0,0,0,1,0,1,1,1,1,0,1,0,0,1,1,1,0,0,1,0,0,1,0,1,0,0,0,0,0,0,0,0,0,0,1,0,0,0,0,0,0,0,1,0,1,0,0,0,0,0,1,1,0,1,0,0,0,0,0,0,0,0,0,0,0,0,0,1,0,1,0,0,0,0,0,0,0,0,1,0,0,0,1,0,0,0,0,0,0,0,0,0,0,0,0,0,0,0,1,0,1,0,0,0,1,1,0,0,0,0,0,0,0,0,0,1,0,0,0,0,0,0,0,0,0,0,0,0,0,0,0,0,0,0,0,0,0,0,0,0,0,0,0,0,0,0,0,0,0,0,0,0,0,0,0,0
0,0,0,1,0,1,1,0,0,0,0,0,0,0,0,0,0,0,0,0,0,0,0,0,0,0,0,0,0,0,1,0,0,1,0,0,0,0,1,1,0,0,0,1,0,0,0,0,1,0,0,1,0,1,1,0,1,0,0,0,0,0,0,0,1,0,0,0,1,0,1,1,1,1,0,1,0,0,1,1,1,0,0,1,0,0,1,0,1,0,0,0,0,0,0,0,0,0,0,1,0,0,0,0,0,0,0,1,0,1,0,0,0,0,0,1,1,0,1,0,0,0,0,0,0,0,0,0,0,0,0,0,1,0,1,0,0,0,0,0,0,0,0,1,0,0,0,1,0,0,0,0,0,0,0,0,0,0,0,0,0,0,0,1,0,1,0,0,0,1,1,0,0,0,0,0,0,0,0,0,1,0,0,0,0,0,0,0,0,0,0,0,0,0,0,0,0,0,0,0,0,0,0,0,0,0,0,0,0,0,0,0,0,0,0,0,0,0,0,0,0
0,0,0,1,0,1,1,1,0,0,0,0,0,0,0,0,0,0,0,0,0,0,0,0,0,0,0,0,0,0,1,0,0,1,0,0,0,0,1,1,0,0,0,1,0,0,0,0,1,0,0,1,0,1,1,0,1,1,1,0,0,0,0,0,1,0,0,0,1,0,1,1,1,1,0,1,0,0,1,1,1,0,0,1,0,0,1,0,1,0,1,0,0,0,0,0,0,1,0,1,0,0,0,0,0,0,0,1,0,1,0,0,1,1,0,1,1,1,1,0,0,0,0,1,0,0,0,1,1,0,0,0,1,0,1,0,1,0,0,1,0,0,0,1,0,1,1,1,0,0,0,0,0,1,0,0,0,0,0,1,0,0,0,1,0,1,0,0,1,1,1,0,0,1,0,1,0,0,0,0,1,1,0,0,0,0,1,1,0,1,0,0,0,0,0,0,0,0,0,0,0,0,0,0,0,0,0,0,0,0,0,0,0,0,0,0,0,0,0,0,0
0,0,0,1,0,1,1,1,0,0,0,0,0,0,0,0,0,0,0,0,0,0,0,0,0,0,0,0,0,0,1,0,0,1,0,0,0,0,1,1,0,0,0,1,0,0,0,0,1,0,0,1,0,1,1,0,1,0,0,0,0,0,0,0,1,0,0,0,1,0,1,1,1,1,0,1,0,0,1,1,1,0,0,1,0,0,1,0,1,0,0,0,0,0,0,0,0,0,0,1,0,0,0,0,0,0,0,1,0,1,0,0,0,0,0,1,1,0,1,0,0,0,0,0,0,0,1,0,0,0,0,0,1,0,1,0,0,0,0,0,0,0,0,1,0,0,0,1,0,0,0,0,0,0,0,0,0,0,0,0,0,0,0,1,0,1,0,0,0,1,1,0,0,0,0,0,0,0,0,0,1,0,0,0,0,0,0,0,0,0,0,0,0,0,0,0,0,0,0,0,0,0,0,0,0,0,0,0,0,0,0,0,0,0,0,0,0,0,0,0,0
0,0,0,0,0,1,1,0,1,0,0,0,0,0,0,0,0,1,1,0,0,0,0,0,0,0,1,0,0,0,0,1,0,0,0,0,0,0,0,0,0,0,0,0,0,0,0,0,0,0,0,1,0,0,0,0,0,0,0,0,0,0,0,0,0,0,0,0,0,0,0,0,0,0,0,0,0,0,0,0,0,0,0,0,0,0,0,0,0,0,0,0,0,0,0,0,0,0,0,0,0,0,0,0,0,0,0,0,0,0,0,0,0,0,0,0,0,0,0,0,0,0,0,0,0,0,0,0,0,0,0,0,0,0,0,0,0,0,0,0,0,0,0,0,0,0,0,0,0,0,0,0,0,0,0,0,0,0,0,0,0,0,0,0,0,0,0,0,0,0,0,0,0,0,0,0,0,0,0,0,0,0,0,0,0,0,0,0,0,0,0,0,0,0,0,0,0,0,0,0,0,0,0,0,0,0,0,0,0,0,0,0,0,0,0,0,0,0,0,0,0
0,0,0,0,0,1,1,0,1,0,0,0,0,0,0,0,0,1,1,0,0,0,0,0,0,0,1,0,0,0,0,1,0,0,0,0,0,0,0,0,0,0,0,0,0,0,0,0,0,0,0,1,0,0,0,0,0,0,0,0,0,0,0,0,0,0,0,0,0,0,0,0,0,0,0,0,0,0,0,0,0,0,0,0,0,0,0,0,0,0,0,0,0,0,0,0,0,0,0,0,0,0,0,0,0,0,0,0,0,0,0,0,0,0,0,0,0,0,0,0,0,0,0,0,0,0,0,0,0,0,0,0,0,0,0,0,0,0,0,0,0,0,0,0,0,0,0,0,0,0,0,0,0,0,0,0,0,0,0,0,0,0,0,0,0,0,0,0,0,0,0,0,0,0,0,0,0,0,0,0,0,0,0,0,0,0,0,0,0,0,0,0,0,0,0,0,0,0,0,0,0,0,0,0,0,0,0,0,0,0,0,0,0,0,0,0,0,0,0,0,0
0,0,0,0,0,1,1,0,1,1,0,0,0,0,0,0,0,1,1,0,0,0,0,0,0,0,1,0,0,0,0,1,1,0,0,0,0,0,0,0,1,0,0,0,0,0,1,0,0,0,0,1,0,0,0,0,0,0,0,0,0,0,0,0,0,0,0,0,0,0,0,0,0,0,0,0,0,0,0,0,0,0,0,0,0,0,0,0,0,0,0,0,0,0,0,0,0,0,1,0,1,0,0,0,0,0,0,0,0,0,0,0,0,0,0,0,0,0,0,1,0,0,0,0,0,0,0,0,0,0,0,0,0,0,0,0,0,1,0,0,0,0,1,0,0,0,0,0,0,0,0,0,0,0,0,0,0,0,0,0,0,0,0,0,0,0,0,0,0,0,0,0,0,0,0,0,0,0,0,0,0,0,0,0,0,0,0,0,0,0,0,0,0,0,0,0,0,0,0,0,0,0,0,0,0,0,0,0,0,0,0,0,0,0,0,0,0,0,0,0,0
0,0,0,0,0,1,1,1,1,0,0,0,0,0,0,0,0,1,1,0,0,0,0,0,0,0,1,0,0,0,0,1,0,0,0,0,0,0,1,0,0,0,0,0,0,0,0,0,0,0,0,1,0,1,1,0,0,0,0,0,0,0,0,0,0,0,0,0,0,0,0,0,0,0,0,1,0,0,0,0,0,0,0,1,0,0,0,0,1,0,0,0,0,0,0,0,0,0,0,1,0,0,0,0,0,0,0,0,0,0,0,0,0,0,0,1,1,0,1,0,0,0,0,0,0,0,0,0,0,0,0,0,0,0,0,0,0,0,0,0,0,0,0,1,0,0,0,1,0,0,0,0,0,0,0,0,0,0,0,0,0,0,0,1,0,0,0,0,0,0,0,0,0,0,0,0,0,0,0,0,1,0,0,0,0,0,0,0,0,0,0,0,0,0,0,0,0,0,0,0,0,0,0,0,0,0,0,0,0,0,0,0,0,0,0,0,0,0,0,0,0
0,0,0,0,0,1,1,0,1,0,0,0,0,0,0,0,0,1,1,0,0,0,0,0,0,0,1,0,0,0,0,1,0,0,0,0,0,0,0,0,0,0,0,0,0,0,0,0,0,0,0,1,0,0,0,0,0,0,0,0,0,0,0,0,0,0,0,0,0,0,0,0,0,0,0,0,0,0,0,0,0,0,0,0,0,0,0,0,0,0,0,0,0,0,0,0,0,0,0,0,0,0,0,0,0,0,0,0,0,0,0,0,0,0,0,0,0,0,0,0,0,0,0,0,0,0,0,0,0,0,0,0,0,0,0,0,0,0,0,0,0,0,0,0,0,0,0,0,0,0,0,0,0,0,0,0,0,0,0,0,0,0,0,0,0,0,0,0,0,0,0,0,0,0,0,0,0,0,0,0,0,0,0,0,0,0,0,0,0,0,0,0,0,0,0,0,0,0,0,0,0,0,0,0,0,0,0,0,0,0,0,0,0,1,0,0,0,0,0,0,0
0,0,0,0,0,1,1,0,1,0,0,0,0,0,0,0,0,1,1,0,0,0,0,0,0,0,1,0,0,0,0,1,0,0,0,0,0,0,0,0,0,0,0,0,0,0,0,0,0,0,0,1,0,0,0,0,0,0,0,0,0,0,0,0,0,0,0,0,0,0,0,0,0,0,0,0,0,0,0,0,0,0,0,0,0,0,0,0,0,0,0,0,0,0,0,0,0,0,0,0,0,0,0,0,0,0,0,0,0,0,0,0,0,0,0,0,0,0,0,0,0,0,0,0,0,0,0,0,0,0,0,0,0,0,0,0,0,0,0,0,0,0,0,0,0,0,0,0,0,0,0,0,0,0,0,0,0,0,0,0,0,0,0,0,0,0,0,0,0,0,0,0,0,0,0,0,0,0,0,0,0,0,0,0,0,0,0,0,0,0,0,0,0,0,0,0,0,0,0,0,0,0,0,0,0,0,0,0,0,0,0,0,0,1,0,0,0,0,0,0,0
0,0,0,0,0,1,1,0,1,0,0,0,0,0,0,0,0,1,1,0,0,0,0,0,0,0,1,0,0,0,1,1,0,0,0,0,0,0,0,1,0,0,0,1,0,0,0,0,0,0,0,1,0,0,0,0,0,1,1,0,0,0,0,0,0,0,0,0,1,0,0,0,0,0,0,0,0,0,0,0,0,0,0,0,0,0,0,0,0,0,1,0,0,0,0,0,0,1,0,0,0,0,0,0,0,0,0,0,0,0,0,0,1,1,0,0,0,1,0,0,0,0,0,1,0,0,0,1,1,0,0,0,0,0,0,0,1,0,0,1,0,0,0,0,0,1,1,0,0,0,0,0,0,1,0,0,0,0,0,1,0,0,0,0,0,1,0,0,1,0,0,0,0,1,0,1,0,0,0,0,0,1,0,0,0,0,1,0,0,1,0,0,0,0,0,0,0,0,0,0,0,0,0,0,0,0,0,1,0,0,0,0,0,0,1,0,0,0,0,0,0
0,0,0,0,0,1,1,0,1,0,0,0,0,0,0,0,0,1,1,0,0,0,0,0,0,0,1,0,0,0,1,1,0,0,0,0,0,0,0,1,0,0,0,1,0,0,0,0,1,0,0,1,0,0,0,0,0,1,1,0,0,0,0,0,0,0,0,0,1,0,0,0,0,0,0,0,0,0,0,0,0,0,0,0,0,0,0,0,0,0,1,0,0,0,0,0,0,1,0,0,0,0,0,0,0,0,0,0,0,0,0,0,1,1,0,0,0,1,0,0,0,0,0,1,0,0,0,1,1,0,0,0,0,0,0,0,1,0,0,1,0,0,0,0,0,1,1,0,0,0,0,0,0,1,0,0,0,0,0,1,0,0,0,0,0,1,0,0,1,0,0,0,0,1,0,1,0,0,0,0,0,1,0,0,0,0,1,0,0,1,0,0,0,0,0,0,0,0,0,0,0,0,0,0,0,0,0,1,0,0,0,0,0,0,1,0,0,0,0,0,0
0,1,0,0,0,1,1,0,1,0,0,0,0,0,0,0,0,1,1,0,0,0,0,0,0,0,1,0,0,0,0,1,0,0,0,0,1,0,0,0,0,0,0,0,0,0,0,0,0,0,0,1,0,0,0,0,0,0,0,0,0,0,0,0,0,0,0,0,0,0,0,0,0,0,0,0,0,0,0,0,0,0,0,0,0,0,0,0,0,0,0,0,0,0,0,0,0,0,0,0,0,0,0,0,0,0,0,0,0,0,0,0,0,0,0,0,0,0,0,0,0,0,0,0,0,0,0,0,0,0,0,0,0,0,0,0,0,0,0,0,0,0,0,0,0,0,0,0,0,0,0,0,0,0,0,0,0,0,0,0,0,0,0,0,0,0,0,0,0,0,0,0,0,0,0,0,0,0,0,0,0,0,0,0,0,0,0,0,0,0,0,0,0,0,0,1,1,0,0,0,0,0,0,0,0,0,1,0,0,0,0,0,0,1,0,0,0,0,0,0,0
0,1,0,0,0,1,1,0,1,0,0,0,0,0,0,0,0,1,1,0,0,0,0,0,0,0,1,0,0,0,0,1,0,0,0,1,0,0,0,0,0,0,0,0,0,0,0,0,0,0,0,1,0,0,0,0,0,0,0,0,0,0,0,0,0,0,0,0,0,0,0,0,0,0,0,0,0,0,0,0,0,0,0,0,0,0,0,0,0,0,0,0,0,0,0,0,0,0,0,0,0,0,0,0,0,0,0,0,0,0,0,0,0,0,0,0,0,0,0,0,0,0,0,0,0,0,0,0,0,0,0,0,0,0,0,0,0,0,0,0,0,0,0,0,0,0,0,0,0,0,0,0,0,0,0,0,0,0,0,0,0,0,0,0,0,0,0,0,0,0,0,0,0,0,0,0,0,0,0,0,0,0,0,0,0,0,0,0,0,0,0,0,0,0,0,1,1,0,0,0,0,0,0,0,0,1,1,0,0,0,0,0,0,1,0,0,0,0,0,0,0
1,1,1,1,1,1,0,0,0,1,1,0,1,1,0,1,1,1,1,0,0,1,1,1,1,1,1,1,1,1,1,0,1,1,0,0,1,1,1,0,1,1,0,1,1,1,1,1,0,1,1,1,0,1,1,0,0,0,0,1,1,1,0,1,1,1,0,1,0,0,1,1,1,0,1,1,0,1,0,1,1,1,1,1,0,1,0,1,1,1,0,1,0,0,1,0,1,0,1,1,1,1,0,1,1,1,1,1,1,1,1,1,0,0,0,1,1,0,1,1,0,1,0,0,0,0,1,0,0,0,1,1,1,0,0,1,0,1,1,0,0,0,1,1,1,0,0,1,1,0,0,0,0,0,0,1,0,0,0,0,1,0,0,1,0,0,0,0,0,0,1,1,1,0,0,0,1,1,0,0,1,0,0,0,0,0,0,0,1,0,0,0,1,0,1,1,1,0,0,0,0,0,0,1,0,0,1,0,0,0,0,1,0,1,0,1,0,1,0,1,0
1,1,1,1,1,1,0,0,0,1,1,0,1,1,0,1,1,1,1,0,0,1,1,1,1,1,1,1,1,1,1,0,1,1,0,0,1,1,1,0,1,1,0,1,1,1,1,1,0,1,1,1,0,1,1,0,0,0,0,1,1,1,0,1,1,1,0,1,0,0,1,1,1,0,1,1,0,1,0,1,1,1,1,1,0,1,0,1,1,1,0,1,0,0,1,0,1,0,1,1,1,1,0,1,1,1,1,1,1,1,1,1,0,0,0,1,1,0,1,1,0,1,0,0,0,0,1,0,0,0,1,1,1,0,0,1,0,1,1,0,0,0,1,1,1,0,0,1,1,0,0,0,0,0,0,1,0,0,0,0,1,0,0,1,0,0,0,0,0,0,1,1,1,0,0,0,1,1,0,0,1,0,0,0,0,0,0,0,1,0,0,0,1,0,1,1,1,0,0,0,0,0,0,1,0,0,1,0,0,0,0,1,0,1,0,1,0,1,0,1,0
0,1,0,1,0,1,0,0,0,0,0,0,0,0,0,1,1,1,1,0,0,1,0,1,0,1,1,0,0,0,1,0,0,1,0,0,1,0,1,1,0,0,0,1,1,1,0,0,1,0,0,1,0,1,1,0,0,1,1,1,1,1,0,0,1,1,0,1,1,0,1,0,1,0,0,1,0,0,0,1,0,0,0,1,0,0,0,1,1,1,1,1,0,0,0,0,1,1,0,1,0,1,0,0,1,0,1,0,0,1,1,0,1,1,0,1,1,1,1,0,0,1,0,1,0,0,0,1,1,0,1,1,0,0,0,1,1,0,1,1,0,0,0,1,1,1,1,1,0,0,0,0,0,1,0,1,0,0,0,1,1,0,0,1,0,1,0,0,1,0,0,0,0,1,0,1,1,1,0,0,1,1,0,0,0,0,1,1,0,1,0,0,0,0,0,1,1,1,1,0,0,0,0,0,0,0,1,0,1,0,0,1,0,1,0,1,1,1,0,1,0
1,1,1,1,1,1,0,0,0,1,1,0,1,1,0,1,1,1,1,0,0,1,1,1,1,1,1,1,1,1,1,0,1,1,0,0,1,1,1,0,1,1,0,1,1,1,1,1,0,1,1,1,0,1,1,0,0,0,0,1,1,1,0,1,1,1,0,1,0,0,1,1,1,0,1,1,0,1,0,1,1,1,1,1,0,1,0,1,1,1,0,1,0,0,1,0,1,0,1,1,1,1,0,1,1,1,1,1,1,1,1,1,0,0,0,1,1,0,1,1,0,1,0,0,0,0,1,0,0,0,1,1,1,0,0,1,0,1,1,0,0,0,1,1,1,0,0,1,1,0,0,0,0,0,0,1,0,0,0,0,1,0,0,1,0,0,0,0,0,0,1,1,1,0,0,0,1,1,0,0,1,0,0,0,0,0,0,0,1,0,0,0,1,0,1,1,1,0,0,0,0,0,0,1,0,0,1,0,0,0,0,1,0,1,0,1,0,1,0,1,0
1,1,1,1,1,0,0,0,0,0,1,0,1,1,1,1,1,1,1,1,1,1,0,1,0,1,1,1,1,1,0,0,0,0,0,0,0,0,1,0,0,1,0,0,1,1,0,1,0,1,1,1,0,1,1,0,0,0,0,1,1,1,1,0,0,1,1,1,0,0,1,0,1,0,1,1,0,0,0,1,0,1,1,1,0,0,0,1,1,1,0,1,0,0,1,0,1,0,0,1,0,1,0,1,1,0,1,0,0,1,1,1,0,0,0,1,1,0,1,0,0,1,0,0,0,0,0,0,0,0,1,1,0,0,0,1,0,0,1,0,0,0,0,1,1,0,0,1,0,0,0,0,0,0,0,1,0,0,0,0,1,0,0,1,0,0,0,0,0,0,0,0,0,0,0,0,1,1,0,0,1,0,0,0,0,0,0,0,0,0,0,0,0,0,0,1,1,0,0,0,0,0,0,0,0,0,1,0,0,0,0,1,0,0,0,0,0,0,0,1,0
1,1,0,1,1,0,0,0,0,0,1,0,1,1,1,1,1,1,1,1,1,1,0,1,0,1,1,1,1,1,0,0,0,0,0,0,0,0,1,0,0,1,0,0,1,1,0,1,0,1,1,0,0,1,1,0,0,0,0,1,1,1,1,0,0,1,1,1,0,0,1,0,1,0,1,1,0,0,0,1,0,1,1,1,0,0,0,1,1,1,0,1,0,0,1,0,1,0,0,1,0,1,0,1,1,0,1,0,0,1,1,1,0,0,0,1,1,0,1,0,0,1,0,0,0,0,0,0,0,0,1,1,0,0,0,1,0,0,1,0,0,0,0,1,1,0,0,1,0,0,0,0,0,0,0,1,0,0,0,0,1,0,0,1,0,0,0,0,0,0,0,0,0,0,0,0,1,1,0,0,1,0,0,0,0,0,0,0,0,0,0,0,0,0,0,1,1,0,0,0,0,0,0,0,0,0,1,0,0,0,0,1,0,0,0,0,0,0,0,1,0
0,1,0,1,0,1,0,0,1,0,1,0,1,1,0,1,1,1,1,1,1,1,1,1,1,1,1,0,1,1,1,1,0,0,0,0,0,0,1,0,0,1,0,1,1,1,0,1,0,0,0,1,0,1,1,0,0,0,0,1,1,1,1,0,0,1,1,1,0,0,1,1,1,0,0,1,0,1,0,1,1,0,0,1,0,1,0,1,1,1,0,1,0,0,0,0,1,0,0,1,0,1,0,1,1,0,1,1,0,1,1,1,0,0,0,1,1,0,1,0,0,1,0,0,0,0,0,0,0,0,1,1,0,1,0,1,0,0,1,0,0,0,0,1,0,0,0,1,0,0,0,0,0,0,0,0,0,0,0,0,1,0,0,1,0,0,0,0,0,0,0,1,0,0,0,0,1,1,0,0,1,0,0,0,0,0,0,0,0,0,0,0,0,0,0,1,1,0,0,0,0,0,0,0,0,0,1,0,0,0,0,1,0,0,0,0,0,0,0,1,0
0,1,0,1,0,0,0,0,0,0,1,0,1,1,0,1,1,1,1,0,0,1,0,0,0,1,1,0,1,0,0,0,0,1,0,0,0,0,1,0,0,1,0,0,1,1,0,1,0,0,0,0,0,1,1,0,0,0,0,1,1,1,1,1,1,1,0,1,0,0,1,0,1,0,0,1,0,0,0,1,0,0,0,1,0,0,0,1,1,1,0,1,0,0,0,0,1,0,0,1,0,1,0,0,1,0,1,0,0,1,1,1,0,0,0,1,1,0,1,0,0,1,0,0,0,0,0,0,0,0,1,1,0,0,0,1,0,0,1,0,0,0,0,1,0,0,0,1,0,0,0,0,0,0,0,0,0,0,0,0,1,0,0,1,0,0,0,0,0,0,1,0,0,0,0,0,1,1,0,0,1,0,0,0,0,0,0,0,0,0,0,0,0,0,0,1,1,0,0,0,0,0,0,0,0,0,1,0,0,0,0,1,0,0,0,0,0,0,0,1,0
0,1,0,1,0,0,0,0,0,0,1,0,1,1,0,1,1,1,1,0,0,1,0,0,0,1,1,0,1,0,0,0,0,1,0,0,0,0,1,0,0,1,0,0,1,1,0,1,0,0,0,0,0,1,1,0,0,0,0,1,1,1,1,1,1,1,0,1,0,0,1,0,1,0,0,1,0,0,0,1,0,0,0,1,0,0,0,1,1,1,0,1,0,0,0,0,1,0,0,1,0,1,0,0,1,0,1,0,0,1,1,1,0,0,0,1,1,0,1,0,0,1,0,0,0,0,0,0,0,0,1,1,0,0,0,1,0,0,1,0,0,0,0,1,0,0,0,1,0,0,0,0,0,0,0,0,0,0,0,0,1,0,0,1,0,0,0,0,0,0,1,0,0,0,0,0,1,1,0,0,1,0,0,0,0,0,0,0,0,0,0,0,0,0,0,1,1,0,0,0,0,0,0,0,0,0,1,0,0,0,0,1,0,0,0,0,0,0,0,1,0
0,1,0,1,0,0,0,0,0,0,1,0,1,1,0,1,1,1,1,0,0,1,0,0,0,1,1,0,1,0,0,0,0,1,0,0,0,0,1,0,0,1,0,0,1,1,0,1,0,0,0,1,0,1,1,0,0,0,0,1,1,1,1,1,1,1,0,1,0,0,1,0,1,0,0,1,0,0,0,1,0,0,0,1,0,0,0,1,1,1,0,1,0,0,0,0,1,0,0,1,0,1,0,0,1,0,1,0,0,1,1,1,0,0,0,1,1,0,1,0,0,1,0,0,0,0,0,0,0,0,1,1,0,0,0,1,0,0,1,0,0,0,0,1,0,0,0,1,0,0,0,0,0,0,0,0,0,0,0,0,1,0,0,1,0,0,0,0,0,0,1,0,0,0,0,0,1,1,0,0,1,0,0,0,0,0,0,0,0,0,0,0,0,0,0,1,1,0,0,0,0,0,0,0,0,0,1,0,0,0,0,1,0,0,0,1,0,0,0,1,0
0,1,0,1,0,1,0,0,0,0,1,0,1,1,0,1,1,1,1,0,0,1,0,0,0,1,1,0,1,0,1,0,0,1,0,0,0,0,1,1,0,1,0,1,1,1,0,1,1,0,0,1,0,1,1,0,0,1,1,1,1,1,1,1,1,1,0,1,1,0,1,0,1,0,0,1,0,0,0,1,0,0,0,1,0,0,0,1,1,1,1,1,0,0,0,0,1,1,0,1,0,1,0,0,1,0,1,0,0,1,1,1,1,1,0,1,1,1,1,0,0,1,0,1,0,0,0,1,1,0,1,1,0,0,0,1,1,0,1,1,0,0,0,1,0,1,1,1,0,0,0,0,0,1,0,0,0,0,0,1,1,0,0,1,0,1,0,0,1,0,1,0,0,1,0,1,1,1,0,0,1,1,0,0,0,0,1,1,0,1,0,1,0,0,0,1,1,1,1,0,0,1,1,0,0,0,1,0,1,0,0,1,0,0,0,0,1,0,0,1,0
0,0,0,1,0,0,0,0,0,0,1,0,1,1,0,1,1,1,0,0,0,0,0,0,0,1,1,1,1,0,0,0,0,1,0,0,0,0,1,0,0,1,0,0,1,1,0,1,0,1,1,0,0,1,1,0,0,0,0,1,1,1,0,1,1,1,0,1,0,0,1,0,1,0,1,1,0,0,0,1,0,1,1,1,0,0,0,1,1,1,0,1,0,0,1,0,1,0,0,1,0,1,0,1,1,0,1,0,0,1,1,1,0,0,0,1,1,0,1,0,0,1,0,0,0,0,0,0,0,0,1,1,0,0,0,1,0,0,1,0,0,0,0,1,1,0,0,1,0,0,0,0,0,0,0,1,0,0,0,0,1,0,0,1,0,0,0,0,0,0,1,0,0,0,0,0,1,1,0,0,1,0,0,0,0,0,0,0,0,0,0,0,0,0,0,1,1,0,0,0,0,0,0,0,0,0,1,0,0,0,0,1,0,0,0,0,0,0,0,1,0
0,0,0,1,0,0,0,0,0,0,1,0,1,1,0,1,1,1,0,0,0,0,0,0,0,1,1,1,1,0,0,0,0,1,0,0,0,0,1,0,0,1,0,0,1,1,0,1,0,1,1,0,0,1,1,0,0,0,0,1,1,1,0,1,1,1,0,1,0,0,1,0,1,0,1,1,0,0,0,1,0,1,1,1,0,0,0,1,1,1,0,1,0,0,1,0,1,0,0,1,0,1,0,1,1,0,1,0,0,1,1,1,0,0,0,1,1,0,1,0,0,1,0,0,0,0,0,0,0,0,1,1,0,0,0,1,0,0,1,0,0,0,0,1,1,0,0,1,0,0,0,0,0,0,0,1,0,0,0,0,1,0,0,1,0,0,0,0,0,0,1,0,0,0,0,0,1,1,0,0,1,0,0,0,0,0,0,0,0,0,0,0,0,0,0,1,1,0,0,0,0,0,0,0,0,0,1,0,0,0,0,1,0,0,0,0,0,0,0,1,0
0,0,0,1,0,0,0,0,0,0,1,0,1,1,0,1,1,1,0,0,0,0,0,0,0,1,1,1,1,0,0,0,0,1,0,0,0,0,1,0,0,1,0,0,1,1,0,1,0,1,1,1,0,1,1,0,0,0,0,1,1,1,0,1,1,1,0,1,0,0,1,0,1,0,1,1,0,0,0,1,0,1,1,1,0,0,0,1,1,1,0,1,0,0,1,0,1,0,0,1,0,1,0,1,1,0,1,0,0,1,1,1,0,0,0,1,1,0,1,0,0,1,0,0,0,0,0,0,0,0,1,1,0,0,0,1,0,0,1,0,0,0,0,1,1,0,0,1,0,0,0,0,0,0,0,1,0,0,0,0,1,0,0,1,0,0,0,0,0,0,1,0,0,0,0,0,1,1,0,0,1,0,0,0,0,0,0,0,0,0,0,0,0,0,0,1,1,0,0,0,0,0,0,0,0,0,1,0,0,0,0,1,0,0,0,1,0,0,0,1,0
0,0,0,1,0,1,0,0,0,0,1,0,1,1,0,1,1,1,0,0,0,0,0,0,0,1,1,1,1,0,1,0,0,1,0,0,0,0,1,1,0,1,0,1,1,1,0,1,1,1,1,1,0,1,1,0,0,1,1,1,1,1,0,1,1,1,0,1,1,0,1,0,1,0,1,1,0,0,0,1,0,1,1,1,0,0,0,1,1,1,1,1,0,0,1,0,1,1,0,1,0,1,0,1,1,0,1,0,0,1,1,1,1,1,0,1,1,1,1,0,0,1,0,1,0,0,0,1,1,0,1,1,0,0,0,1,1,0,1,1,0,0,0,1,1,1,1,1,0,0,0,0,0,1,0,1,0,0,0,1,1,0,0,1,0,1,0,0,1,0,1,0,0,1,0,1,1,1,0,0,1,1,0,0,0,0,1,1,0,1,0,1,0,0,0,1,1,1,1,0,0,1,1,0,0,0,1,0,1,0,0,1,0,0,0,0,1,0,0,1,0
0,1,0,1,0,1,0,0,1,0,1,0,1,1,0,1,1,1,1,1,1,1,1,1,1,1,1,1,1,1,1,1,0,0,0,0,0,0,1,0,0,1,0,1,1,1,0,1,0,1,1,0,0,1,1,0,0,0,0,1,1,1,1,0,0,1,1,1,0,0,1,1,1,0,1,1,0,1,0,1,1,1,1,1,0,1,0,1,1,1,0,1,0,0,1,0,1,0,0,1,0,1,0,1,1,0,1,1,0,1,1,1,0,0,0,1,1,0,1,0,0,1,0,0,0,0,0,0,0,0,1,1,0,1,0,1,0,0,1,0,0,0,0,1,1,0,0,1,0,0,0,0,0,0,0,1,0,0,0,0,1,0,0,1,0,0,0,0,0,0,0,1,0,0,0,0,1,1,0,0,1,0,0,0,0,0,0,0,0,0,0,0,0,0,0,1,1,0,0,0,0,0,0,0,0,0,1,0,0,0,0,1,0,0,0,0,0,0,0,1,0
0,1,0,1,0,1,0,0,1,0,1,0,1,1,0,1,1,1,1,1,1,1,1,1,1,1,1,1,1,1,1,1,0,0,0,0,0,0,1,0,0,1,0,1,1,1,0,1,0,1,1,0,0,1,1,0,0,0,0,1,1,1,1,0,0,1,1,1,0,0,1,1,1,0,1,1,0,1,0,1,1,1,1,1,0,1,0,1,1,1,0,1,0,0,1,0,1,0,0,1,0,1,0,1,1,0,1,1,0,1,1,1,0,0,0,1,1,0,1,0,0,1,0,0,0,0,0,0,0,0,1,1,0,1,0,1,0,0,1,0,0,0,0,1,1,0,0,1,0,0,0,0,0,0,0,1,0,0,0,0,1,0,0,1,0,0,0,0,0,0,0,1,0,0,0,0,1,1,0,0,1,0,0,0,0,0,0,0,0,0,0,0,0,0,0,1,1,0,0,0,0,0,0,0,0,0,1,0,0,0,0,1,0,0,0,0,0,0,0,1,0
0,1,0,1,0,1,0,0,1,0,1,0,1,1,0,1,1,1,1,1,1,1,1,1,1,1,1,1,1,1,1,1,0,0,0,0,0,0,1,0,0,1,0,1,1,1,0,1,0,1,1,1,0,1,1,0,0,0,0,1,1,1,1,0,0,1,1,1,0,0,1,1,1,0,1,1,0,1,0,1,1,1,1,1,0,1,0,1,1,1,0,1,0,0,1,0,1,0,0,1,0,1,0,1,1,0,1,1,0,1,1,1,0,0,0,1,1,0,1,0,0,1,0,0,0,0,0,0,0,0,1,1,0,1,0,1,0,0,1,0,0,0,0,1,1,0,0,1,0,0,0,0,0,0,0,1,0,0,0,0,1,0,0,1,0,0,0,0,0,0,0,1,0,0,0,0,1,1,0,0,1,0,0,0,0,0,0,0,0,0,0,0,0,0,0,1,1,0,0,0,0,0,0,0,0,0,1,0,0,0,0,1,0,0,0,1,0,0,0,1,0
0,1,0,1,0,1,1,0,1,0,1,0,1,1,0,1,1,1,1,1,1,1,1,1,1,1,1,1,1,1,1,1,0,0,0,0,0,0,1,1,0,1,0,1,1,1,0,1,1,1,1,1,0,1,1,0,0,1,1,1,1,1,1,0,0,1,1,1,1,0,1,1,1,0,1,1,0,1,0,1,1,1,1,1,0,1,0,1,1,1,1,1,0,0,1,0,1,1,0,1,0,1,0,1,1,0,1,1,0,1,1,1,1,1,0,1,1,1,1,0,0,1,0,1,0,0,0,1,1,0,1,1,0,1,0,1,1,0,1,1,0,0,0,1,1,1,1,1,0,0,0,0,0,1,0,1,0,0,0,1,1,0,0,1,0,1,0,0,1,0,0,1,0,1,0,1,1,1,0,0,1,1,0,0,0,0,1,1,0,1,0,1,0,0,0,1,1,1,1,0,0,1,1,0,0,0,1,0,1,0,0,1,0,0,0,0,1,0,0,1,0
0,1,0,1,0,1,0,0,1,0,1,0,1,1,0,1,1,1,1,1,1,1,1,1,1,1,1,1,1,1,1,1,0,0,0,0,0,0,1,0,0,1,0,1,1,1,0,1,0,1,1,1,0,1,1,0,0,0,0,1,1,1,1,0,0,1,1,1,0,0,1,1,1,0,1,1,0,1,0,1,1,1,1,1,0,1,0,1,1,1,0,1,0,0,1,0,1,0,0,1,0,1,0,1,1,0,1,1,0,1,1,1,0,0,0,1,1,0,1,0,0,1,0,0,0,0,0,0,0,0,1,1,0,1,0,1,0,0,1,0,0,0,0,1,1,0,0,1,0,0,0,0,0,0,0,1,0,0,0,0,1,0,0,1,0,0,0,0,0,0,0,1,0,0,0,0,1,1,0,0,1,0,0,0,0,0,0,0,0,0,0,0,0,0,0,1,1,0,0,0,0,0,0,0,0,0,1,0,0,0,0,1,0,0,0,0,0,0,0,1,0
0,1,0,1,0,1,0,0,1,0,1,0,1,1,0,1,1,1,1,1,1,1,1,1,1,1,1,1,1,1,1,1,0,0,0,0,0,0,1,0,0,1,0,1,1,1,0,1,0,1,1,1,0,1,1,0,0,0,0,1,1,1,1,0,0,1,1,1,0,0,1,1,1,0,1,1,0,1,0,1,1,1,1,1,0,1,0,1,1,1,0,1,0,0,1,0,1,0,0,1,0,1,0,1,1,0,1,1,0,1,1,1,0,0,0,1,1,0,1,0,0,1,0,0,0,0,0,0,0,0,1,1,0,1,0,1,0,0,1,0,0,0,0,1,1,0,0,1,0,0,0,0,0,0,0,1,0,0,0,0,1,0,0,1,0,0,0,0,0,0,0,1,0,0,0,0,1,1,0,0,1,0,0,0,0,0,0,0,0,0,0,0,0,0,0,1,1,0,0,0,0,0,0,0,0,0,1,0,0,0,0,1,0,0,0,0,0,0,0,1,0
0,1,0,1,0,1,0,0,1,0,1,0,1,1,0,1,1,1,1,1,1,1,1,1,1,1,1,1,1,1,1,1,0,0,0,0,0,0,1,0,0,1,0,1,1,1,0,1,0,1,1,1,0,1,1,0,0,0,0,1,1,1,1,0,0,1,1,1,0,0,1,1,1,0,1,1,0,1,0,1,1,1,1,1,0,1,0,1,1,1,0,1,0,0,1,0,1,0,0,1,0,1,0,1,1,0,1,1,0,1,1,1,0,0,0,1,1,0,1,0,0,1,0,0,0,0,0,0,0,0,1,1,0,1,0,1,0,0,1,0,0,0,0,1,1,0,0,1,0,0,0,0,0,0,0,1,0,0,0,0,1,0,0,1,0,0,0,0,0,0,0,1,0,0,0,0,1,1,0,0,1,0,0,0,0,0,0,0,0,0,0,0,0,0,0,1,1,0,0,0,0,0,0,0,0,0,1,0,0,0,0,1,0,0,0,1,0,0,0,1,0
0,1,0,1,0,1,1,0,1,0,1,0,1,1,0,1,1,1,1,1,1,1,1,1,1,1,1,1,1,1,1,1,0,0,0,0,0,0,1,1,0,1,0,1,1,1,0,1,1,1,1,1,0,1,1,0,0,1,1,1,1,1,1,0,0,1,1,1,1,0,1,1,1,0,1,1,0,1,0,1,1,1,1,1,0,1,0,1,1,1,1,1,0,0,1,0,1,1,0,1,0,1,0,1,1,0,1,1,0,1,1,1,1,1,0,1,1,1,1,0,0,1,0,1,0,0,0,1,1,0,1,1,0,1,0,1,1,0,1,1,0,0,0,1,1,1,1,1,0,0,0,0,0,1,0,1,0,0,0,1,1,0,0,1,0,1,0,0,1,0,0,1,0,1,0,1,1,1,0,0,1,1,0,0,0,0,1,1,0,1,0,1,0,0,0,1,1,1,1,0,0,1,1,0,0,0,1,0,1,0,0,1,0,0,0,0,1,0,0,1,0
0,0,0,1,0,0,0,0,0,0,1,0,1,1,0,1,1,1,0,0,0,0,0,0,0,1,1,1,1,0,0,0,0,0,0,0,0,0,1,0,0,1,0,0,1,1,0,1,0,1,1,1,0,1,1,0,0,0,0,1,1,1,1,0,0,1,1,1,0,0,1,0,1,0,1,1,0,0,0,1,0,1,1,1,0,0,0,1,1,1,0,1,0,0,1,0,1,0,0,1,0,1,0,1,1,0,1,0,0,1,1,1,0,0,0,1,1,0,1,0,0,1,0,0,0,0,0,0,0,0,1,1,0,0,0,1,0,0,1,0,0,0,0,1,1,0,0,1,0,0,0,0,0,0,0,1,0,0,0,0,1,0,0,1,0,0,0,0,0,0,0,0,0,0,0,0,1,1,0,0,1,0,0,0,0,0,0,0,0,0,0,0,0,0,0,1,1,0,0,0,0,0,0,0,0,0,1,0,0,0,0,1,0,0,0,0,0,0,0,1,0
0,0,0,1,0,0,0,0,0,0,1,0,1,1,0,1,1,1,0,0,0,0,0,0,0,1,1,1,1,0,0,0,0,1,0,0,0,0,1,0,0,1,0,0,1,1,0,1,0,1,1,1,0,1,1,0,0,0,0,1,1,1,1,1,1,1,1,1,0,0,1,0,1,0,1,1,0,0,0,1,0,1,1,1,0,0,0,1,1,1,0,1,0,0,1,0,1,0,0,1,0,1,0,1,1,0,1,0,0,1,1,1,0,0,0,1,1,0,1,0,0,1,0,0,0,0,0,0,0,0,1,1,0,0,0,1,0,0,1,0,0,0,0,1,1,0,0,1,0,0,0,0,0,0,0,1,0,0,0,0,1,0,0,1,0,0,0,0,0,0,1,0,0,0,0,0,1,1,0,0,1,0,0,0,0,0,0,0,0,0,0,0,0,0,0,1,1,0,0,0,0,0,0,0,0,0,1,0,0,0,0,1,0,0,0,0,0,0,0,1,0
0,0,0,1,0,0,0,0,0,0,1,0,1,1,0,1,1,1,0,0,0,0,0,0,0,1,1,1,1,0,0,0,0,1,0,0,0,0,1,0,0,1,0,0,1,1,0,1,0,1,1,1,0,1,1,0,0,0,0,1,1,1,1,1,1,1,1,1,0,0,1,0,1,0,1,1,0,0,0,1,0,1,1,1,0,0,0,1,1,1,0,1,0,0,1,0,1,0,0,1,0,1,0,1,1,0,1,0,0,1,1,1,0,0,0,1,1,0,1,0,0,1,0,0,0,0,0,0,0,0,1,1,0,0,0,1,0,0,1,0,0,0,0,1,1,0,0,1,0,0,0,0,0,0,0,1,0,0,0,0,1,0,0,1,0,0,0,0,0,0,1,0,0,0,0,0,1,1,0,0,1,0,0,0,0,0,0,0,0,0,0,0,0,0,0,1,1,0,0,0,0,0,0,0,0,0,1,0,0,0,0,1,0,0,0,1,0,0,0,1,0
0,0,0,1,0,1,0,0,0,0,1,0,1,1,0,1,1,1,0,0,0,0,0,0,0,1,1,1,1,0,1,0,0,1,0,0,0,0,1,1,0,1,0,1,1,1,0,1,1,1,1,1,0,1,1,0,0,1,1,1,1,1,1,1,1,1,1,1,1,0,1,0,1,0,1,1,0,0,0,1,0,1,1,1,0,0,0,1,1,1,1,1,0,0,1,0,1,1,0,1,0,1,0,1,1,0,1,0,0,1,1,1,1,1,0,1,1,1,1,0,0,1,0,1,0,0,0,1,1,0,1,1,0,0,0,1,1,0,1,1,0,0,0,1,1,1,1,1,0,0,0,0,0,1,0,1,0,0,0,1,1,0,0,1,0,1,0,0,1,0,1,0,0,1,0,1,1,1,0,0,1,1,0,0,0,0,1,1,0,1,0,1,0,0,0,1,1,1,1,0,0,1,1,0,0,0,1,0,1,0,0,1,0,0,0,0,1,0,0,1,0
0,1,1,1,0,1,0,0,1,0,1,0,1,1,0,1,1,1,1,1,1,1,1,1,1,1,1,1,1,1,1,1,0,0,0,0,0,0,1,0,0,1,0,1,1,1,0,1,0,1,1,0,0,1,1,0,0,0,0,1,1,1,1,0,0,1,1,1,0,0,1,1,1,0,1,1,0,1,0,1,1,1,1,1,0,1,0,1,1,1,0,1,0,0,1,0,1,0,0,1,0,1,0,1,1,0,1,1,0,1,1,1,0,0,0,1,1,0,1,0,0,1,0,0,0,0,0,0,0,0,1,1,0,1,0,1,0,0,1,0,0,0,0,1,1,0,0,1,0,0,0,0,0,0,0,1,0,0,0,0,1,0,0,1,0,0,0,0,0,0,0,1,0,0,0,0,1,1,0,0,1,0,0,0,0,0,0,0,0,0,0,0,0,0,0,1,1,0,0,0,0,0,0,0,0,0,1,0,0,0,0,1,0,0,0,0,0,0,0,1,0
0,1,0,1,0,0,0,0,0,0,1,0,1,1,0,1,1,1,1,0,0,1,0,0,0,1,1,1,1,1,0,0,0,1,0,0,0,0,1,0,0,1,0,0,1,1,0,1,0,1,1,0,0,1,1,0,0,0,0,1,1,1,1,1,1,1,1,1,0,0,1,0,1,0,1,1,0,0,0,1,0,1,1,1,0,0,0,1,1,1,0,1,0,0,1,0,1,0,0,1,0,1,0,1,1,0,1,0,0,1,1,1,0,0,0,1,1,0,1,0,0,1,0,0,0,0,0,0,0,0,1,1,0,0,0,1,0,0,1,0,0,0,0,1,1,0,0,1,0,0,0,0,0,0,0,1,0,0,0,0,1,0,0,1,0,0,0,0,0,0,1,0,0,0,0,0,1,1,0,0,1,0,0,0,0,0,0,0,0,0,0,0,0,0,0,1,1,0,0,0,0,0,0,0,0,0,1,0,0,0,0,1,0,0,0,0,0,0,0,1,0
0,0,0,0,0,0,0,0,0,0,0,0,0,0,0,0,0,1,1,0,0,1,1,0,0,0,0,0,0,0,0,0,0,1,0,1,1,0,1,0,0,0,0,0,0,0,0,0,0,0,0,1,0,0,0,0,0,0,0,0,0,0,0,0,1,0,0,0,0,0,0,0,0,0,0,0,0,0,0,0,0,0,0,0,0,0,0,0,0,0,0,0,0,0,0,0,0,0,0,0,0,0,0,0,0,0,0,0,0,0,0,0,0,0,0,0,0,0,0,0,0,0,0,0,0,0,0,0,0,0,0,0,0,0,0,0,0,0,0,0,0,0,0,0,0,0,0,0,0,0,0,0,0,0,0,0,0,0,0,0,0,0,0,0,0,0,0,0,0,0,1,0,0,0,0,0,0,0,0,0,0,0,0,0,0,0,0,0,0,0,0,0,0,0,0,1,1,0,0,0,0,0,0,0,0,1,0,0,0,0,0,0,0,0,0,1,0,0,0,0,0
0,0,0,0,0,1,0,0,0,0,1,0,0,1,0,1,1,1,0,0,0,0,0,0,0,1,1,0,0,0,1,0,0,1,0,0,1,0,0,1,0,1,0,1,0,0,0,1,0,0,0,0,0,0,0,0,0,1,1,1,0,0,0,1,1,0,0,0,1,0,0,1,0,1,0,0,0,0,0,0,1,0,0,0,0,0,0,0,0,0,1,0,0,0,0,1,0,1,0,0,0,0,0,0,0,1,0,1,0,0,0,1,1,1,0,0,0,1,0,0,1,0,0,1,0,0,0,1,1,0,0,0,1,0,0,0,1,0,0,1,0,1,0,0,0,1,1,0,0,0,1,0,0,1,1,0,0,1,0,1,0,0,1,0,0,1,0,0,1,0,1,0,0,1,0,1,1,0,0,0,0,1,0,1,1,0,1,1,1,1,0,0,1,0,0,1,1,1,1,0,0,0,0,1,0,0,0,0,0,0,1,0,0,0,0,0,0,0,1,0,0
0,1,0,0,0,1,0,0,0,0,1,0,0,1,0,1,1,1,1,0,0,1,0,0,0,1,1,0,1,0,1,0,0,0,0,0,1,0,0,1,0,1,0,1,0,0,0,1,0,0,0,0,0,0,0,0,0,1,1,1,0,0,1,0,0,0,0,0,1,0,0,1,0,1,0,0,0,0,0,0,1,0,0,0,0,0,0,0,1,0,1,0,0,0,0,1,0,1,0,0,0,0,0,0,0,0,0,1,0,0,0,1,1,1,0,0,0,1,1,0,1,0,0,1,0,0,0,1,1,0,0,0,1,0,0,0,1,0,0,1,0,1,0,0,0,1,1,1,0,0,1,0,0,1,1,0,0,1,0,1,1,0,1,1,0,1,0,0,1,0,0,0,0,1,0,1,1,0,0,0,0,1,0,1,1,0,1,1,1,1,0,0,1,0,0,1,1,1,1,0,0,0,0,1,0,0,0,0,0,0,1,0,0,0,0,0,0,0,1,0,0
0,1,0,0,0,1,1,0,0,0,1,0,0,1,0,1,1,1,1,0,0,1,0,0,0,1,1,0,1,0,1,0,0,0,1,0,1,0,0,1,0,1,0,1,0,0,0,1,0,0,0,0,0,0,0,0,0,1,1,1,0,0,1,0,0,0,0,0,1,1,0,1,0,1,0,0,0,0,0,0,1,0,0,0,0,0,0,0,1,0,1,0,0,0,0,1,0,1,0,0,0,0,0,0,0,0,0,1,0,0,0,1,1,1,0,0,0,1,1,0,1,0,0,1,0,0,0,1,1,0,0,0,1,0,0,0,1,0,0,1,0,1,0,0,0,1,1,1,0,0,1,0,1,1,1,0,0,1,0,1,1,0,1,1,0,1,0,0,1,0,0,0,0,1,0,1,1,0,0,0,0,1,1,1,1,0,1,1,1,1,0,1,1,0,0,1,1,1,1,0,0,1,0,1,0,0,0,1,0,0,1,0,0,0,1,0,0,0,1,0,0
0,1,0,0,0,1,1,0,0,0,1,0,0,1,0,1,1,1,1,0,0,1,0,0,0,1,1,0,1,0,1,0,0,0,0,0,1,0,0,1,0,1,0,1,0,0,0,1,1,0,0,1,0,0,0,0,0,1,1,1,0,0,1,0,0,0,0,0,1,0,0,1,0,1,0,0,0,0,0,0,1,0,0,0,0,0,0,0,1,0,1,0,0,0,0,1,0,1,0,0,0,0,0,0,0,0,0,1,0,0,0,1,1,1,1,0,0,1,1,0,1,0,0,1,0,1,0,1,1,0,0,0,1,0,0,0,1,0,0,1,0,1,0,0,0,1,1,1,0,0,1,0,0,1,1,0,0,1,0,1,1,1,1,1,0,1,0,0,1,0,0,0,0,1,0,1,1,0,0,1,0,1,0,1,1,0,1,1,1,1,0,1,1,0,0,1,1,1,1,0,0,1,0,1,0,0,0,1,1,0,1,0,1,0,1,0,1,0,1,0,1
0,1,0,0,0,1,1,0,0,0,1,0,0,1,0,1,1,1,1,0,0,1,0,0,0,1,1,0,1,0,1,0,0,0,0,0,1,0,0,1,0,1,0,1,0,0,0,1,1,0,0,1,0,0,0,0,0,1,1,1,0,0,1,0,0,0,0,0,1,0,0,1,0,1,0,0,0,0,0,0,1,0,0,0,0,0,0,0,1,0,1,0,0,0,0,1,0,1,0,0,0,0,0,0,0,0,0,1,0,0,0,1,1,1,0,0,0,1,1,0,1,0,0,1,0,0,0,1,1,0,0,0,1,0,0,0,1,0,0,1,0,1,0,0,0,1,1,1,0,0,1,0,0,1,1,0,0,1,0,1,1,0,1,1,0,1,0,0,1,0,0,0,0,1,0,1,1,0,0,0,0,1,0,1,1,0,1,1,1,1,0,1,1,0,0,1,1,1,1,0,0,1,0,1,0,0,0,1,0,0,1,0,0,0,1,0,0,0,1,0,0
0,1,0,0,0,1,1,0,0,0,1,0,0,1,0,1,1,1,1,0,0,1,0,0,0,1,1,0,1,0,1,0,0,0,0,0,1,0,0,1,0,1,0,1,0,0,0,1,1,0,0,1,0,0,0,0,0,1,1,1,0,0,1,0,0,0,0,0,1,0,0,1,0,1,0,0,0,0,0,0,1,0,0,0,0,0,0,0,1,0,1,0,0,0,0,1,0,1,0,0,0,0,0,0,0,0,0,1,0,0,0,1,1,1,0,0,0,1,1,0,1,0,0,1,0,0,0,1,1,0,0,0,1,0,0,0,1,0,0,1,0,1,0,0,0,1,1,1,0,0,1,0,0,1,1,0,0,1,0,1,1,0,1,1,0,1,1,0,1,0,0,0,0,1,0,1,1,0,0,0,0,1,0,1,1,0,1,1,1,1,0,0,1,0,0,1,1,1,1,0,0,0,0,1,0,0,0,0,1,0,1,0,0,0,0,0,1,0,1,0,0
0,1,0,0,0,1,0,0,0,0,1,0,0,1,0,1,1,1,1,0,0,1,0,0,0,1,1,0,1,0,1,0,0,0,0,0,1,0,0,1,0,1,0,1,0,0,0,1,0,0,0,1,0,0,0,0,0,1,1,1,0,0,1,0,0,0,0,0,1,0,0,1,0,1,0,0,0,0,0,0,1,0,0,0,0,0,0,0,1,0,1,0,0,0,0,1,0,1,0,0,0,0,0,0,0,0,0,1,0,0,0,1,1,1,0,0,0,1,1,0,1,0,0,1,0,0,0,1,1,0,0,0,1,0,0,0,1,0,0,1,0,1,0,0,0,1,1,1,0,0,1,0,0,1,1,0,0,1,0,1,1,0,1,1,0,1,0,0,1,0,0,0,0,1,0,1,1,0,0,0,0,1,0,1,1,0,1,1,1,1,0,0,1,0,0,1,1,1,1,0,0,0,0,1,0,0,0,0,0,0,1,0,0,1,0,0,0,0,1,0,0
0,1,0,0,0,1,0,0,0,1,1,0,0,1,0,1,1,1,1,0,0,1,0,0,0,1,1,0,1,0,1,0,1,0,0,0,1,0,0,1,1,1,0,1,0,0,1,1,0,0,0,0,0,0,0,0,0,1,1,1,0,0,1,0,0,0,0,0,1,0,0,1,0,1,0,0,0,0,0,0,1,0,0,0,0,0,0,0,1,0,1,0,0,0,0,1,0,1,1,0,1,0,0,0,0,0,0,1,0,0,0,1,1,1,0,0,0,1,1,1,1,0,0,1,0,0,0,1,1,0,0,0,1,0,0,0,1,1,0,1,0,1,1,0,0,1,1,1,0,0,1,0,0,1,1,0,0,1,0,1,1,0,1,1,0,1,0,0,1,0,0,0,0,1,0,1,1,0,0,0,0,1,0,1,1,0,1,1,1,1,0,0,1,0,0,1,1,1,1,0,0,0,0,1,0,0,0,0,0,0,1,0,0,0,0,0,0,0,1,0,0
0,1,0,0,0,1,0,0,0,0,1,0,0,1,0,1,1,1,1,0,0,1,0,0,0,1,1,0,1,0,1,0,0,0,0,0,1,0,0,1,0,1,0,1,0,0,0,1,0,0,0,0,0,0,0,0,0,1,1,1,0,0,1,0,0,0,0,0,1,0,0,1,0,1,0,0,0,0,0,0,1,0,0,0,0,0,0,0,1,0,1,0,0,0,0,1,0,1,0,0,0,0,0,0,0,0,0,1,0,0,0,1,1,1,0,0,0,1,1,0,1,0,0,1,0,0,0,1,1,0,0,0,1,0,0,0,1,0,0,1,0,1,0,0,0,1,1,1,0,0,1,0,0,1,1,0,0,1,0,1,1,0,1,1,0,1,0,0,1,0,0,0,0,1,0,1,1,0,0,0,0,1,0,1,1,0,1,1,1,1,0,0,1,0,0,1,1,1,1,0,0,0,0,1,0,0,0,0,0,0,1,0,0,0,0,0,0,0,1,0,0
0,1,0,0,0,1,1,0,0,0,1,0,0,1,0,1,1,1,1,0,0,1,1,1,0,1,1,0,1,1,1,0,0,0,0,0,1,0,0,1,0,1,0,1,0,0,0,1,0,0,0,0,0,0,0,0,0,1,1,1,0,0,1,0,0,0,0,0,1,0,0,1,0,1,0,0,0,0,0,0,1,0,0,0,0,0,0,0,1,0,1,0,0,0,0,1,0,1,0,0,0,0,0,0,0,0,0,1,0,0,0,1,1,1,0,0,0,1,1,0,1,0,0,1,0,0,0,1,1,0,0,0,1,0,1,0,1,0,0,1,0,1,0,0,0,1,1,1,0,0,1,0,0,1,1,0,0,1,1,1,1,0,1,1,0,1,0,0,1,1,0,0,0,1,0,1,1,0,0,0,0,1,0,1,1,0,1,1,1,1,0,0,1,0,0,1,1,1,1,0,0,0,0,1,0,0,1,0,0,0,1,0,0,0,0,0,0,0,1,0,0
0,1,0,0,0,1,1,0,0,0,1,0,0,1,0,1,1,1,1,0,0,1,1,1,0,1,1,0,1,1,1,0,0,0,0,0,1,0,0,1,0,1,0,1,0,0,0,1,1,0,0,1,0,0,0,0,0,1,1,1,0,0,1,0,0,0,0,0,1,0,0,1,0,1,0,0,0,0,0,0,1,0,0,0,0,0,0,0,1,0,1,0,0,0,0,1,0,1,0,0,0,0,0,0,0,0,0,1,0,0,0,1,1,1,0,0,0,1,1,0,1,0,0,1,0,0,0,1,1,0,0,0,1,0,1,0,1,0,0,1,0,1,0,0,0,1,1,1,0,0,1,0,0,1,1,0,0,1,1,1,1,0,1,1,0,1,0,0,1,1,0,0,0,1,0,1,1,0,0,0,0,1,0,1,1,0,1,1,1,1,0,0,1,1,0,1,1,1,1,0,0,0,0,1,1,0,1,1,0,0,1,0,0,0,1,0,0,0,1,0,0
0,1,0,0,0,1,1,1,0,0,1,0,0,1,0,1,1,1,1,0,0,1,1,1,0,1,1,0,1,1,1,0,0,0,0,0,1,0,0,1,0,1,0,1,0,0,0,1,1,0,0,1,0,0,0,0,0,1,1,1,0,0,1,0,0,0,0,0,1,0,0,1,0,1,0,0,0,0,0,0,1,0,0,0,0,0,0,0,1,0,1,0,0,0,0,1,0,1,0,0,0,0,0,0,0,0,0,1,0,0,0,1,1,1,1,0,0,1,1,0,1,0,0,1,0,1,0,1,1,0,0,0,1,0,1,0,1,0,0,1,0,1,0,0,0,1,1,1,0,0,1,0,0,1,1,0,0,1,1,1,1,1,1,1,0,1,0,0,1,1,0,0,0,1,0,1,1,0,0,1,0,1,0,1,1,0,1,1,1,1,0,1,1,0,0,1,1,1,1,0,0,1,0,1,0,0,1,1,1,0,1,0,1,0,1,0,1,0,1,0,1
1,1,0,0,0,1,1,1,0,0,1,0,0,1,0,1,1,1,1,0,0,1,1,1,0,1,1,0,1,1,1,0,0,0,0,0,1,0,0,1,0,1,0,1,0,0,0,1,1,0,0,1,0,0,0,0,0,1,1,1,0,0,1,0,0,0,0,0,1,0,0,1,0,1,0,0,0,0,0,0,1,0,0,0,0,0,0,0,1,0,1,0,0,0,0,1,0,1,0,0,0,0,0,0,0,0,0,1,0,0,0,1,1,1,1,0,0,1,1,0,1,0,0,1,0,1,0,1,1,0,0,0,1,0,1,0,1,0,0,1,0,1,0,0,0,1,1,1,0,0,1,0,0,1,1,0,0,1,1,1,1,1,1,1,0,1,0,0,1,1,0,0,0,1,0,1,1,0,0,1,0,1,0,1,1,0,1,1,1,1,0,1,1,1,0,1,1,1,1,0,0,1,0,1,1,0,1,1,1,0,1,0,1,0,1,0,1,0,1,0,1
0,1,0,0,0,1,1,1,0,0,1,0,0,1,0,1,1,1,1,0,0,1,1,1,0,1,1,0,1,1,1,0,0,0,0,0,1,0,0,1,0,1,0,1,0,0,0,1,1,0,0,1,0,0,0,0,0,1,1,1,0,0,1,0,0,0,0,0,1,0,0,1,0,1,0,0,0,0,0,0,1,0,0,0,0,0,0,0,1,0,1,0,0,0,0,1,0,1,0,0,0,0,0,0,0,0,0,1,0,0,0,1,1,1,0,0,0,1,1,0,1,0,0,1,0,0,0,1,1,0,0,0,1,0,1,0,1,0,0,1,0,1,0,0,0,1,1,1,0,0,1,0,0,1,1,0,0,1,1,1,1,0,1,1,0,1,1,0,1,1,0,0,0,1,0,1,1,0,0,0,0,1,0,1,1,0,1,1,1,1,0,0,1,0,0,1,1,1,1,0,0,0,0,1,0,0,1,0,1,0,1,0,0,0,0,0,1,0,1,0,0
1,1,0,0,0,1,1,1,0,0,1,0,0,1,0,1,1,1,1,0,0,1,1,1,0,1,1,0,1,1,1,0,0,0,0,0,1,0,0,1,0,1,0,1,0,0,0,1,1,0,0,1,0,0,0,0,0,1,1,1,0,0,1,0,0,0,0,0,1,0,0,1,0,1,0,0,0,0,0,0,1,0,0,0,0,0,0,0,1,0,1,0,0,0,0,1,0,1,0,0,0,0,0,0,0,0,0,1,0,0,0,1,1,1,1,0,0,1,1,0,1,0,0,1,0,1,0,1,1,0,0,0,1,0,1,0,1,0,0,1,0,1,0,0,0,1,1,1,0,0,1,0,0,1,1,0,0,1,1,1,1,1,1,1,0,1,1,0,1,1,0,0,0,1,0,1,1,0,0,1,0,1,0,1,1,0,1,1,1,1,0,0,1,1,0,1,1,1,1,0,0,0,0,1,1,0,1,1,1,0,1,0,1,0,1,0,1,0,1,0,1
0,1,0,0,0,1,1,1,0,0,1,0,0,1,0,1,1,1,1,0,0,1,1,1,0,1,1,0,1,1,1,0,0,0,0,0,1,0,0,1,0,1,0,1,0,0,0,1,1,0,0,1,0,0,0,0,0,1,1,1,0,0,1,0,0,0,0,0,1,0,0,1,0,1,0,0,0,0,0,0,1,0,0,0,0,0,0,0,1,0,1,0,0,0,0,1,0,1,0,0,0,0,0,0,0,0,0,1,0,0,0,1,1,1,0,0,0,1,1,0,1,0,0,1,0,0,0,1,1,0,0,0,1,0,1,0,1,0,0,1,0,1,0,0,0,1,1,1,0,0,1,0,0,1,1,0,0,1,1,1,1,0,1,1,0,1,1,0,1,1,0,0,0,1,0,1,1,0,0,0,0,1,0,1,1,0,1,1,1,1,0,0,1,1,0,1,1,1,1,0,0,0,0,1,1,0,1,1,1,0,1,0,0,0,1,0,1,0,1,0,0
0,1,0,0,0,1,1,0,0,0,1,0,0,1,0,1,1,1,1,0,0,1,1,1,0,1,1,0,1,1,1,0,0,0,0,0,1,0,0,1,0,1,0,1,0,0,0,1,1,0,0,1,0,0,0,0,0,1,1,1,0,0,1,0,0,0,0,0,1,0,0,1,0,1,0,0,0,0,0,0,1,0,0,0,0,0,0,0,1,0,1,0,0,0,0,1,0,1,0,0,0,0,0,0,0,0,0,1,0,0,0,1,1,1,0,0,0,1,1,0,1,0,0,1,0,0,0,1,1,0,0,0,1,0,1,0,1,0,0,1,0,1,0,0,0,1,1,1,0,0,1,0,0,1,1,0,0,1,1,1,1,0,1,1,0,1,0,0,1,1,0,0,0,1,0,1,1,0,0,0,0,1,0,1,1,0,1,1,1,1,0,1,1,0,0,1,1,1,1,0,0,1,0,1,0,0,1,1,0,0,1,0,0,0,1,0,0,0,1,0,0
0,1,0,1,1,1,0,0,0,0,1,0,1,1,0,1,1,1,1,1,1,1,0,1,0,1,1,1,1,1,1,0,0,1,0,0,1,0,1,0,0,1,0,1,1,1,0,1,0,1,1,0,0,1,1,0,0,0,0,1,1,1,1,1,1,1,0,1,0,0,1,1,1,0,1,1,0,1,0,1,1,1,1,1,0,1,0,1,1,1,0,1,0,0,1,1,1,0,0,1,0,1,0,1,1,1,1,1,1,1,1,1,0,0,0,1,1,0,1,0,1,1,0,0,0,0,1,0,0,0,1,1,1,0,0,1,0,0,1,0,0,1,0,1,1,0,0,1,1,0,0,0,0,0,0,1,0,1,0,0,1,0,0,1,0,0,0,0,0,0,1,1,1,0,0,0,1,1,0,0,1,0,0,1,0,0,0,0,1,0,0,0,1,0,0,1,1,0,0,0,0,0,0,1,0,0,1,0,0,0,0,1,0,0,0,1,0,0,0,1,0
0,1,0,0,0,1,1,1,0,0,1,0,0,1,0,1,1,1,1,0,0,1,1,1,0,1,1,0,1,1,1,0,0,0,0,0,1,0,0,1,0,1,0,1,0,0,0,1,1,0,0,1,0,0,0,0,0,1,1,1,0,0,1,0,0,0,0,0,1,0,0,1,0,1,0,0,0,0,0,0,1,0,0,0,0,0,0,0,1,0,1,0,0,0,0,1,0,1,0,0,0,0,0,0,0,0,0,1,0,0,0,1,1,1,0,0,0,1,1,0,1,0,0,1,0,0,0,1,1,0,0,0,1,0,1,0,1,0,0,1,0,1,0,0,0,1,1,1,0,0,1,0,0,1,1,0,0,1,1,1,1,0,1,1,0,1,0,0,1,1,0,0,0,1,0,1,1,0,0,0,0,1,0,1,1,0,1,1,1,1,0,1,1,1,0,1,1,1,1,0,0,1,0,1,1,0,1,1,0,0,1,0,0,0,1,0,0,0,1,0,0
0,1,0,1,1,1,0,0,0,0,1,0,1,1,0,1,1,1,1,1,1,1,0,1,0,1,1,1,1,1,1,0,0,1,0,0,1,0,1,0,0,1,0,1,1,1,0,1,0,1,1,0,0,1,1,0,0,0,0,1,1,1,1,1,1,1,0,1,0,0,1,1,1,0,1,1,0,1,0,1,1,1,1,1,0,1,0,1,1,1,0,1,0,0,1,1,1,0,0,1,0,1,0,1,1,1,1,1,1,1,1,1,0,0,0,1,1,0,1,0,1,1,0,0,0,0,1,0,0,0,1,1,1,0,0,1,0,0,1,0,0,1,0,1,1,0,0,1,1,0,0,0,0,0,0,1,0,1,0,0,1,0,0,1,0,0,0,0,0,0,1,1,1,0,0,0,1,1,0,0,1,0,0,1,0,0,0,0,1,0,0,0,1,0,0,1,1,0,0,0,0,0,0,1,0,0,1,0,0,0,0,1,0,0,0,1,0,0,0,1,0
0,1,0,1,1,1,0,0,0,0,1,0,1,1,0,1,1,1,1,1,1,1,0,1,0,1,1,1,1,1,1,0,0,1,0,0,1,0,1,0,0,1,0,1,1,1,0,1,0,1,1,0,1,1,1,1,0,0,0,1,1,1,1,1,1,1,0,1,0,0,1,1,1,0,1,1,1,1,0,1,1,1,1,1,1,1,0,1,1,1,0,1,0,0,1,0,1,0,0,1,0,1,1,1,1,0,1,1,0,1,1,1,0,0,0,1,1,0,1,0,0,1,1,0,0,0,0,0,0,0,1,1,1,0,0,1,0,0,1,0,1,0,0,1,1,0,0,1,0,0,0,0,0,0,0,1,0,0,0,0,1,0,0,1,0,0,0,0,0,0,1,1,0,0,1,0,1,1,0,0,1,0,0,0,0,0,0,0,1,0,0,0,0,0,1,1,1,0,0,0,0,0,0,0,0,0,1,0,0,0,0,1,0,1,0,0,0,0,0,1,0
0,1,0,1,1,1,0,0,0,0,1,0,1,1,0,1,1,1,1,1,1,1,0,1,0,1,1,1,1,1,1,0,0,1,0,0,1,0,1,0,0,1,0,1,1,1,0,1,0,1,1,0,1,1,1,1,0,0,0,1,1,1,1,1,1,1,0,1,0,0,1,1,1,0,1,1,1,1,0,1,1,1,1,1,1,1,0,1,1,1,0,1,0,0,1,0,1,0,0,1,0,1,1,1,1,0,1,1,0,1,1,1,0,0,0,1,1,0,1,0,0,1,1,0,0,0,0,0,0,0,1,1,1,0,0,1,0,0,1,0,1,0,0,1,1,0,0,1,0,0,0,0,0,0,0,1,0,0,0,0,1,0,0,1,0,0,0,0,0,0,1,1,0,0,1,0,1,1,0,0,1,0,0,0,0,0,0,0,1,0,0,0,0,0,1,1,1,0,0,0,0,0,0,0,0,0,1,0,0,0,0,1,0,1,0,0,0,0,0,1,0
0,1,0,1,1,1,0,0,0,0,1,0,1,1,0,1,1,1,1,1,1,1,0,1,0,1,1,1,1,1,1,0,0,1,0,0,1,0,1,0,0,1,0,1,1,1,0,1,0,1,1,0,1,1,1,1,0,0,0,1,1,1,1,1,1,1,0,1,0,0,1,1,1,0,1,1,1,1,0,1,1,1,1,1,1,1,0,1,1,1,0,1,0,0,1,0,1,0,0,1,0,1,1,1,1,0,1,1,0,1,1,1,0,0,0,1,1,0,1,0,0,1,1,0,0,0,0,0,0,0,1,1,1,0,0,1,0,0,1,0,1,0,0,1,1,0,0,1,0,0,0,0,0,0,0,1,0,0,0,0,1,0,0,1,0,0,0,0,0,0,1,1,0,0,1,0,1,1,0,0,1,0,0,0,0,0,0,0,1,0,0,0,0,0,1,1,1,0,0,0,0,0,0,0,0,0,1,0,0,0,0,1,0,1,0,0,0,0,0,1,0
1,1,0,1,1,1,1,0,0,0,0,0,0,0,0,1,1,1,0,1,1,1,0,1,0,1,1,1,1,0,1,0,0,1,0,0,1,0,1,0,0,1,0,1,0,1,0,1,0,1,1,0,1,1,1,1,0,0,0,0,0,1,1,1,1,1,0,1,0,0,1,1,0,0,1,1,1,1,0,1,1,1,1,1,1,1,0,1,1,1,0,1,1,1,1,1,1,0,0,1,0,1,1,1,1,1,1,1,0,1,1,1,0,0,0,1,1,0,1,0,1,1,1,0,0,0,1,0,0,0,1,1,1,1,0,1,0,0,1,0,1,1,0,1,0,0,0,1,1,0,0,0,0,0,0,0,0,1,0,0,1,0,0,1,1,0,0,0,0,0,1,1,1,0,1,0,1,1,0,0,1,0,0,1,1,1,0,0,1,0,0,0,0,0,1,0,0,0,0,0,0,0,0,0,0,0,0,0,0,0,0,0,0,0,0,0,0,0,0,0,0
0,1,0,1,1,1,1,0,0,0,0,0,0,0,0,1,1,1,0,1,1,1,0,1,0,1,1,1,1,0,1,0,0,1,0,0,1,0,1,0,0,1,0,1,0,1,0,1,0,1,1,0,1,1,1,1,0,0,0,0,0,1,1,1,1,1,0,1,0,0,1,1,0,0,1,1,1,1,0,1,1,1,1,1,1,1,0,1,1,1,0,1,1,1,1,1,1,0,0,1,0,1,1,1,1,1,1,1,0,1,1,1,0,0,0,1,1,0,1,0,1,1,1,0,0,0,1,0,0,0,1,1,1,1,0,1,0,0,1,0,1,1,0,1,0,0,0,1,1,0,0,0,0,0,0,0,0,1,0,0,1,0,0,1,1,0,0,0,0,0,1,1,1,0,1,0,1,1,0,0,1,0,0,1,1,1,0,0,1,0,0,0,0,0,1,0,0,0,0,0,0,0,0,0,0,0,0,0,0,0,0,0,0,0,0,0,0,0,0,0,0
0,1,0,1,1,1,1,0,0,0,0,0,0,0,0,1,1,1,0,1,1,1,0,1,0,1,1,1,1,0,1,0,0,1,0,0,1,0,1,0,0,1,0,1,0,1,0,1,0,1,1,0,1,1,1,1,0,0,0,0,0,1,1,1,1,1,0,1,0,0,1,1,0,0,1,1,1,1,0,1,1,1,1,1,1,1,0,1,1,1,0,1,1,1,1,1,1,0,0,1,0,1,1,1,1,1,1,1,0,1,1,1,0,0,0,1,1,0,1,0,1,1,1,0,0,0,1,0,0,0,1,1,1,1,0,1,0,0,1,0,1,1,0,1,0,0,0,1,1,0,0,0,0,0,0,0,0,1,0,0,1,0,0,1,1,0,0,0,0,0,1,1,1,0,1,0,1,1,0,0,1,0,0,1,1,1,0,0,1,0,0,0,0,0,1,0,0,0,0,0,0,0,0,0,0,0,0,0,0,0,0,0,0,0,0,0,0,0,0,0,0
0,1,0,1,1,1,1,0,0,0,0,0,0,0,0,1,1,1,0,1,1,1,0,1,0,1,1,1,1,0,1,0,0,1,0,0,1,0,1,0,0,1,0,1,0,1,0,1,0,1,1,0,1,1,1,1,0,0,0,0,0,1,1,1,1,1,0,1,0,0,1,1,0,0,1,1,1,1,0,1,1,1,1,1,1,1,0,1,1,1,0,1,1,1,1,1,1,0,0,1,0,1,1,1,1,1,1,1,0,1,1,1,0,0,0,1,1,0,1,0,1,1,1,0,0,0,1,0,0,0,1,1,1,1,0,1,0,0,1,0,1,1,0,1,0,0,0,1,1,0,0,0,0,0,0,0,0,1,0,0,1,0,0,1,1,0,0,0,0,0,1,1,1,0,1,0,1,1,0,0,1,0,0,1,1,1,0,0,1,0,0,0,0,0,1,0,0,0,0,0,0,0,0,0,0,0,0,0,0,0,0,0,0,0,0,0,0,0,0,0,0
0,1,0,1,1,1,1,0,0,0,0,0,0,0,0,1,1,1,0,1,1,1,0,1,0,1,1,1,1,0,1,0,0,1,0,0,1,0,1,0,0,1,0,1,0,1,0,1,0,1,1,0,1,1,1,1,0,0,0,0,0,1,1,1,1,1,0,1,0,0,1,1,0,0,1,1,1,1,0,1,1,1,1,1,1,1,0,1,1,1,0,1,1,1,1,1,1,0,0,1,0,1,1,1,1,1,1,1,0,1,1,1,0,0,0,1,1,0,1,0,1,1,1,0,0,0,1,0,0,0,1,1,1,1,0,1,0,0,1,0,1,1,0,1,0,0,0,1,1,0,0,0,0,0,0,0,0,1,0,0,1,0,0,1,1,0,0,0,0,0,1,1,1,0,1,0,1,1,0,0,1,0,0,1,1,1,0,0,1,0,0,0,0,0,1,0,0,0,0,0,0,0,0,0,0,0,0,0,0,0,0,0,0,0,0,0,0,0,0,0,0
0,1,0,1,1,1,1,0,0,1,0,0,0,0,0,1,1,1,0,1,1,1,0,1,0,1,1,1,1,0,1,0,1,1,0,0,1,0,1,0,1,1,0,1,0,1,1,1,0,1,1,0,1,1,1,1,0,0,0,0,0,1,1,1,1,1,0,1,0,0,1,1,0,0,1,1,1,1,0,1,1,1,1,1,1,1,0,1,1,1,0,1,1,1,1,1,1,0,1,1,1,1,1,1,1,1,1,1,0,1,1,1,0,0,0,1,1,0,1,1,1,1,1,0,0,0,1,0,0,0,1,1,1,1,0,1,0,1,1,0,1,1,1,1,0,0,0,1,1,0,0,0,0,0,0,0,0,1,0,0,1,0,0,1,1,0,0,0,0,0,1,1,1,0,1,0,1,1,0,0,1,0,0,1,1,1,0,0,1,0,0,0,0,0,1,0,0,0,0,0,0,0,0,0,0,0,0,0,0,0,0,0,0,0,0,0,0,0,0,0,0
1,1,0,1,1,1,1,0,0,0,0,0,0,0,0,1,1,1,0,1,1,1,0,1,0,1,1,1,1,0,1,0,0,1,0,0,1,0,1,0,0,1,0,1,0,1,0,1,0,1,1,1,1,1,1,1,0,0,0,0,0,1,1,1,1,1,0,1,0,0,1,1,0,0,1,1,1,1,0,1,1,1,1,1,1,1,0,1,1,1,0,1,1,1,1,1,1,0,0,1,0,1,1,1,1,1,1,1,0,1,1,1,0,0,0,1,1,0,1,0,1,1,1,0,0,0,1,0,0,0,1,1,1,1,0,1,0,0,1,0,1,1,0,1,0,0,0,1,1,0,0,0,0,0,0,0,0,1,0,0,1,0,0,1,1,0,0,0,0,0,1,1,1,0,1,0,1,1,0,0,1,0,0,1,1,1,0,0,1,0,0,0,0,0,1,1,0,0,0,0,0,0,0,0,0,0,1,0,0,1,0,0,0,0,0,0,0,1,0,0,0
1,1,0,1,1,1,1,0,0,0,0,0,0,0,0,1,1,1,0,1,1,1,0,1,0,1,1,1,1,0,1,0,0,1,0,0,1,0,1,0,0,1,0,1,0,1,0,1,0,1,1,1,1,1,1,1,0,0,0,0,0,1,1,1,1,1,0,1,0,0,1,1,0,0,1,1,1,1,0,1,1,1,1,1,1,1,0,1,1,1,0,1,1,1,1,1,1,0,0,1,0,1,1,1,1,1,1,1,0,1,1,1,0,0,0,1,1,0,1,0,1,1,1,0,0,0,1,0,0,0,1,1,1,1,0,1,0,0,1,0,1,1,0,1,0,0,0,1,1,0,0,0,0,0,0,0,0,1,0,0,1,0,0,1,1,0,0,0,0,0,1,1,1,0,1,0,1,1,0,0,1,0,0,1,1,1,0,0,1,0,0,0,0,0,1,0,1,0,0,0,0,0,0,0,0,0,0,0,0,0,0,0,0,0,0,1,0,0,0,0,0
0,1,0,1,1,1,1,0,0,0,0,0,0,0,0,1,1,1,0,1,1,1,0,1,0,1,1,1,1,0,1,0,0,1,0,0,1,1,1,0,0,1,0,1,0,1,0,1,0,1,1,0,1,1,1,1,0,0,0,0,0,1,1,1,1,1,0,1,0,0,1,1,0,0,1,1,1,1,0,1,1,1,1,1,1,1,0,1,1,1,0,1,1,1,1,1,1,0,0,1,0,1,1,1,1,1,1,1,0,1,1,1,0,0,0,1,1,0,1,0,1,1,1,0,0,0,1,0,0,0,1,1,1,1,0,1,0,0,1,0,1,1,0,1,0,0,0,1,1,0,0,0,0,0,0,0,0,1,0,0,1,0,0,1,1,0,0,0,0,0,1,1,1,0,1,0,1,1,0,0,1,0,0,1,1,1,0,0,1,0,0,0,0,0,1,0,0,0,0,0,0,0,0,0,0,0,0,0,0,0,0,0,0,0,0,0,0,0,0,0,0
1,1,0,1,1,1,1,1,0,0,0,0,0,0,0,1,1,1,0,1,1,1,0,1,0,1,1,1,1,0,1,0,0,1,0,0,1,0,1,1,0,1,0,1,0,1,0,1,1,1,1,1,1,1,1,1,0,1,1,0,0,1,1,1,1,1,0,1,1,0,1,1,0,0,1,1,1,1,0,1,1,1,1,1,1,1,0,1,1,1,1,1,1,1,1,1,1,1,0,1,0,1,1,1,1,1,1,1,0,1,1,1,1,1,0,1,1,1,1,0,1,1,1,1,0,0,1,1,1,0,1,1,1,1,0,1,1,0,1,1,1,1,0,1,0,1,1,1,1,0,0,0,0,1,0,0,0,1,0,1,1,0,0,1,1,1,0,0,1,0,1,1,1,1,1,1,1,1,0,0,1,1,0,1,1,1,1,1,1,1,0,0,0,0,1,0,0,0,1,0,0,0,0,0,0,0,0,0,1,0,0,0,0,0,0,0,1,0,0,0,0
0,1,0,1,1,1,1,0,0,1,0,0,0,0,0,1,1,1,0,1,1,1,0,1,0,1,1,1,1,0,1,0,1,1,0,0,1,1,1,0,1,1,0,1,0,1,1,1,0,1,1,0,1,1,1,1,0,0,0,0,0,1,1,1,1,1,0,1,0,0,1,1,0,0,1,1,1,1,0,1,1,1,1,1,1,1,0,1,1,1,0,1,1,1,1,1,1,0,1,1,1,1,1,1,1,1,1,1,0,1,1,1,0,0,0,1,1,0,1,1,1,1,1,0,0,0,1,0,0,0,1,1,1,1,0,1,0,1,1,0,1,1,1,1,0,0,0,1,1,0,0,0,0,0,0,0,0,1,0,0,1,0,0,1,1,0,0,0,0,0,1,1,1,0,1,0,1,1,0,0,1,0,0,1,1,1,0,0,1,0,0,0,0,0,1,0,0,0,0,0,0,0,0,0,0,0,0,0,0,0,0,0,0,0,0,0,0,0,0,0,0
1,1,0,1,1,1,1,0,0,1,0,0,0,0,0,1,1,1,1,1,1,1,0,1,0,1,1,0,1,0,1,0,1,1,0,0,1,0,1,0,1,1,0,1,0,1,1,1,0,1,1,0,0,1,1,0,0,0,0,0,0,1,1,1,1,1,0,1,0,0,1,1,0,0,1,1,0,1,0,1,1,1,1,1,0,1,0,1,1,1,0,1,0,0,1,1,1,0,1,1,1,1,0,1,1,1,1,1,0,1,0,1,0,0,0,1,1,0,1,1,1,1,0,0,0,0,1,0,0,0,1,1,1,1,0,1,0,1,1,0,0,1,1,1,0,0,0,1,1,0,0,0,0,0,0,0,0,1,0,0,1,0,0,1,0,0,0,0,0,0,1,1,1,0,0,0,1,1,0,0,1,0,0,1,1,0,0,0,1,0,0,0,1,0,1,0,0,0,0,0,0,0,0,1,0,0,0,0,0,0,0,0,0,0,0,0,0,0,0,0,0
0,1,0,1,1,1,1,0,0,0,0,0,0,0,0,1,1,1,0,1,1,1,0,1,0,1,1,1,1,0,1,0,0,1,0,0,1,0,1,1,0,1,1,1,0,1,0,1,1,1,1,0,1,1,1,1,0,1,1,0,0,1,1,1,1,1,0,1,1,0,1,1,0,0,1,1,1,1,0,1,1,1,1,1,1,1,0,1,1,1,1,1,1,1,1,1,1,1,0,1,0,1,1,1,1,0,1,1,0,1,1,1,1,1,0,1,1,1,1,0,1,1,1,1,1,0,1,1,1,0,1,1,1,0,0,1,1,0,0,1,1,1,0,1,0,1,1,1,1,0,1,1,0,1,1,0,0,1,0,1,1,0,1,1,1,1,1,0,1,0,1,1,0,1,1,1,1,1,1,0,1,1,0,1,1,1,0,1,0,0,0,0,0,0,0,0,0,0,0,0,0,0,0,0,0,0,0,0,0,0,0,0,0,0,0,0,0,0,0,0,0
0,1,0,1,1,1,1,0,0,0,0,0,0,0,0,1,1,1,0,1,1,1,0,1,0,1,1,1,1,0,1,0,0,1,0,0,1,0,1,1,0,1,1,1,0,1,0,1,1,1,1,0,1,1,1,1,0,1,1,0,0,1,1,1,1,1,0,1,1,0,1,1,0,0,1,1,1,1,0,1,1,1,1,1,1,1,0,1,1,1,1,1,1,1,1,1,1,1,0,1,0,1,1,1,1,0,1,1,0,1,1,1,1,1,0,1,1,1,1,0,1,1,1,1,1,0,1,1,1,0,1,1,1,0,0,1,1,0,0,1,1,1,0,1,0,1,1,1,1,0,1,1,0,1,1,0,0,1,0,1,1,0,1,1,1,1,1,0,1,0,1,1,0,1,1,1,1,1,1,0,1,1,0,1,1,1,0,1,0,0,0,0,0,0,0,0,0,0,0,0,0,0,0,0,0,0,0,0,0,0,0,0,0,0,0,0,0,0,0,0,0
0,1,0,1,1,1,1,0,0,0,0,0,0,0,0,1,1,1,0,1,1,1,0,1,0,1,1,1,1,0,1,0,0,1,0,0,1,0,1,1,0,1,1,1,0,1,0,1,1,1,1,0,1,1,1,1,0,1,1,0,0,1,1,1,1,1,0,1,1,0,1,1,0,0,1,1,1,1,0,1,1,1,1,1,1,1,0,1,1,1,1,1,1,1,1,1,1,1,0,1,0,1,1,1,1,0,1,1,0,1,1,1,1,1,0,1,1,1,1,0,1,1,1,1,1,0,1,1,1,0,1,1,1,0,0,1,1,0,0,1,1,1,0,1,0,1,1,1,1,0,1,1,0,1,1,0,0,1,0,1,1,0,1,1,1,1,1,0,1,0,1,1,0,1,1,1,1,1,1,0,1,1,0,1,1,1,0,1,0,0,0,0,0,0,0,0,0,0,0,0,0,0,0,0,0,0,0,0,0,0,0,0,0,0,0,0,0,0,0,0,0
0,1,0,1,1,1,1,0,0,1,0,0,0,0,0,1,1,1,0,1,1,1,0,1,0,1,1,1,1,0,1,0,1,1,0,0,1,0,1,1,1,1,1,1,0,1,1,1,1,1,1,0,1,1,1,1,0,1,1,0,0,1,1,1,1,1,0,1,1,0,1,1,0,0,1,1,1,1,0,1,1,1,1,1,1,1,0,1,1,1,1,1,1,1,1,1,1,1,1,1,1,1,1,1,1,0,1,1,0,1,1,1,1,1,0,1,1,1,1,1,1,1,1,1,1,0,1,1,1,0,1,1,1,0,0,1,1,1,0,1,1,1,1,1,0,1,1,1,1,0,1,1,0,1,1,0,0,1,0,1,1,0,1,1,1,1,1,0,1,0,1,1,0,1,1,1,1,1,1,0,1,1,0,1,1,1,0,1,0,0,0,0,0,0,0,0,0,0,0,0,0,0,0,0,0,0,0,0,0,0,0,0,0,0,0,0,0,0,0,0,0
0,1,0,1,1,1,1,0,0,0,0,0,0,0,0,1,1,1,0,1,1,1,0,1,0,1,1,1,1,0,1,0,0,1,0,0,1,0,1,1,0,1,1,1,0,1,0,1,1,1,1,0,1,1,1,1,0,1,1,0,0,1,1,1,1,1,0,1,1,0,1,1,0,0,1,1,1,1,0,1,1,1,1,1,1,1,0,1,1,1,1,1,1,1,1,1,1,1,0,1,0,1,1,1,1,0,1,1,0,1,1,1,1,1,0,1,1,1,1,0,1,1,1,1,1,0,1,1,1,0,1,1,1,0,0,1,1,0,0,1,1,1,0,1,0,1,1,1,1,0,1,1,0,1,1,0,0,1,0,1,1,0,1,1,1,1,1,0,1,0,1,1,0,1,1,1,1,1,1,0,1,1,0,1,1,1,0,1,0,0,0,0,0,0,0,0,0,0,0,0,0,0,0,0,0,0,0,0,0,0,0,0,0,0,0,0,0,0,0,0,0
0,1,0,1,1,1,1,0,0,0,0,0,0,0,0,1,1,1,0,1,1,1,0,1,0,1,1,1,1,0,1,0,0,1,0,0,1,0,1,1,0,1,1,1,0,1,0,1,1,1,1,1,1,1,1,1,0,1,1,0,0,1,1,1,1,1,0,1,1,0,1,1,0,0,1,1,1,1,0,1,1,1,1,1,1,1,0,1,1,1,1,1,1,1,1,1,1,1,0,1,0,1,1,1,1,0,1,1,0,1,1,1,1,1,0,1,1,1,1,0,1,1,1,1,1,0,1,1,1,0,1,1,1,0,0,1,1,0,0,1,1,1,0,1,0,1,1,1,1,0,1,1,0,1,1,0,0,1,0,1,1,0,1,1,1,1,1,0,1,0,1,1,0,1,1,1,1,1,1,0,1,1,0,1,1,1,0,1,0,0,0,0,0,0,0,0,0,0,0,0,0,0,0,0,0,0,0,0,0,0,0,0,0,0,0,0,0,0,0,0,0
1,1,0,1,1,1,1,0,0,0,0,0,0,0,0,1,1,1,1,1,1,1,0,1,0,1,1,0,1,0,1,0,0,1,0,0,1,0,1,1,0,1,1,1,0,1,0,1,1,1,1,0,1,1,1,1,0,1,1,0,0,1,1,1,1,1,0,1,1,0,1,1,0,0,1,1,1,1,0,1,1,1,1,1,1,1,0,1,1,1,1,1,1,1,1,1,1,1,0,1,0,1,1,1,1,0,1,1,0,1,1,1,1,1,0,1,1,1,1,0,1,1,1,1,0,0,0,1,1,0,1,1,1,0,0,1,1,0,0,1,1,1,0,1,0,1,1,1,0,0,1,0,0,1,1,0,0,1,0,1,1,0,1,1,1,1,1,0,1,0,1,1,0,1,1,1,1,1,0,0,1,1,0,1,1,1,1,1,0,1,0,1,0,0,0,0,0,0,0,0,0,1,1,0,0,0,0,0,0,0,0,0,0,0,0,0,0,0,0,0,0
0,1,0,1,1,1,1,0,0,0,0,0,0,0,0,1,1,1,1,1,1,1,0,1,0,1,1,0,1,0,1,0,0,1,0,0,1,0,1,1,0,1,1,1,0,1,0,1,1,1,1,1,1,1,1,1,0,1,1,0,0,1,1,1,1,1,0,1,1,0,1,1,0,0,1,1,1,1,0,1,1,1,1,1,1,1,0,1,1,1,1,1,1,1,1,1,1,1,0,1,0,1,1,1,1,0,1,1,0,1,1,1,1,1,0,1,1,1,1,0,1,1,1,1,0,0,0,1,1,0,1,1,1,0,0,1,1,0,0,1,1,1,0,1,0,1,1,1,0,0,1,0,0,1,1,0,0,1,0,1,1,0,1,1,1,1,1,0,1,0,1,1,0,1,1,1,1,1,0,0,1,1,0,1,1,1,1,1,0,1,0,1,0,0,0,0,0,0,0,0,0,1,1,0,0,0,0,0,0,0,0,0,0,0,0,0,0,0,0,0,0
0,1,0,1,1,1,1,0,0,1,1,0,1,1,0,1,1,1,0,1,1,1,0,1,0,1,1,1,1,1,1,0,1,1,0,0,1,0,1,0,1,1,0,1,0,1,1,1,0,1,1,0,1,1,1,1,0,0,0,1,0,1,1,1,1,1,0,1,0,0,1,1,0,0,1,1,1,1,0,1,1,1,1,1,1,1,0,1,1,1,0,1,1,1,1,1,1,0,1,1,1,1,1,1,1,1,1,1,0,1,1,1,0,0,0,1,1,0,1,1,1,1,1,0,0,0,1,0,0,0,1,1,1,1,0,1,0,1,1,0,1,1,1,1,0,0,0,1,1,0,0,0,0,0,0,0,0,1,0,0,1,0,0,1,1,0,0,0,0,0,1,1,1,0,1,0,1,1,0,0,1,0,0,1,1,1,0,0,1,0,0,0,0,0,1,0,0,0,0,0,0,0,0,0,0,0,1,0,0,0,0,0,0,0,0,0,0,0,0,0,0
0,1,0,1,1,1,1,0,0,0,1,0,1,1,0,1,1,1,0,1,1,1,0,1,0,1,1,1,1,1,1,0,0,1,0,0,0,1,1,0,0,1,0,1,0,1,0,1,0,1,1,0,1,1,1,1,0,0,0,1,0,1,1,1,1,1,0,1,0,0,1,1,0,0,1,1,1,1,0,1,1,1,1,1,1,1,0,1,1,1,0,1,1,1,1,1,1,0,0,1,0,1,1,1,1,1,1,1,0,1,1,1,0,0,0,1,1,0,1,0,1,1,1,0,0,0,1,0,0,0,1,1,1,1,0,1,0,0,1,0,1,1,0,1,0,0,0,1,1,0,0,0,0,0,0,0,0,1,0,0,1,0,0,1,1,0,0,0,0,0,1,1,1,0,1,0,1,1,0,0,1,0,0,1,1,1,0,0,1,0,0,0,0,0,1,0,0,0,0,0,0,0,0,0,0,0,1,0,0,0,0,0,0,0,0,0,0,0,0,0,0
0,1,0,1,1,1,1,0,0,0,1,0,1,1,0,1,1,1,0,1,1,1,0,1,0,1,1,1,1,1,1,0,0,1,0,0,0,1,1,0,0,1,0,1,0,1,0,1,0,1,1,0,1,1,1,1,0,0,0,1,0,1,1,1,1,1,0,1,0,0,1,1,0,0,1,1,1,1,0,1,1,1,1,1,1,1,0,1,1,1,0,1,1,1,1,1,1,0,0,1,0,1,1,1,1,1,1,1,0,1,1,1,0,0,0,1,1,0,1,0,1,1,1,0,0,0,1,0,0,0,1,1,1,1,0,1,0,0,1,0,1,1,0,1,0,0,0,1,1,0,0,0,0,0,0,0,0,1,0,0,1,0,0,1,1,0,0,0,0,0,1,1,1,0,1,0,1,1,0,0,1,0,0,1,1,1,0,0,1,0,0,0,0,0,1,0,0,0,0,0,0,0,0,0,0,0,1,0,0,0,0,0,0,0,0,0,0,0,0,0,0
0,1,0,1,1,1,1,0,0,0,1,0,1,1,0,1,1,1,0,1,1,1,0,1,0,1,1,1,1,1,1,0,0,1,0,0,1,0,1,1,0,1,1,1,0,1,0,1,1,1,1,0,1,1,1,1,0,1,1,1,0,1,1,1,1,1,0,1,1,0,1,1,0,0,1,1,1,1,0,1,1,1,1,1,1,1,0,1,1,1,1,1,1,1,1,1,1,1,0,1,0,1,1,1,1,1,1,1,0,1,1,1,1,1,0,1,1,1,1,0,1,1,1,1,1,0,1,1,1,0,1,1,1,0,0,1,1,0,0,1,1,1,0,1,0,1,1,1,1,0,1,1,0,1,1,0,0,1,0,1,1,0,1,1,1,1,1,0,1,0,1,1,0,1,1,1,1,1,1,0,1,1,0,1,1,1,0,1,1,0,0,0,0,0,1,0,0,0,0,0,0,0,0,0,0,0,1,0,0,0,0,0,0,0,0,0,0,0,0,0,0
1,1,1,1,1,1,1,1,0,0,1,0,1,1,1,1,1,1,1,0,0,1,1,1,0,1,1,1,1,1,1,0,0,1,0,0,0,1,1,1,0,1,0,1,1,1,0,1,1,1,1,1,0,1,1,0,0,1,1,1,1,1,1,1,1,1,0,1,1,0,1,1,1,0,1,1,0,1,0,1,1,1,1,1,0,1,0,1,1,1,1,1,0,0,1,1,1,1,0,1,0,1,0,1,1,1,1,1,1,1,1,1,1,1,1,1,1,1,1,0,1,1,0,1,0,1,1,1,1,0,1,1,1,0,0,1,1,0,1,1,0,1,0,1,0,1,1,1,1,0,0,0,0,1,0,0,0,1,0,1,1,1,0,1,0,1,0,0,1,0,1,1,1,1,0,1,1,1,0,1,1,1,0,1,1,0,1,1,1,1,0,1,1,0,0,1,1,1,1,0,0,1,1,1,0,0,1,1,1,1,0,1,1,0,1,0,1,1,0,1,1
1,1,1,1,1,1,1,1,0,0,1,0,1,1,1,1,1,1,1,0,0,1,1,1,0,1,1,1,1,1,1,0,0,1,0,0,0,1,1,1,0,1,0,1,1,1,0,1,1,1,1,1,0,1,1,0,0,1,1,1,1,1,1,1,1,1,0,1,1,0,1,1,1,0,1,1,0,1,0,1,1,1,1,1,0,1,0,1,1,1,1,1,0,0,1,1,1,1,0,1,0,1,0,1,1,1,1,1,1,1,1,1,1,1,1,1,1,1,1,0,1,1,0,1,0,1,1,1,1,0,1,1,1,0,0,1,1,0,1,1,0,1,0,1,0,1,1,1,1,0,0,0,0,1,0,0,0,1,0,1,1,1,0,1,0,1,0,0,1,0,1,1,1,1,0,1,1,1,0,1,1,1,0,1,1,0,1,1,1,1,0,1,1,0,0,1,1,1,1,0,0,1,1,1,0,0,1,1,1,1,0,1,1,0,1,0,1,1,0,1,1
1,1,1,1,1,1,1,1,0,0,1,0,1,1,1,1,1,1,1,0,0,1,0,0,0,1,1,1,1,1,1,0,0,1,0,0,0,1,1,1,0,1,0,1,1,1,0,1,1,1,1,1,0,1,1,0,0,1,1,1,1,1,1,1,1,1,0,1,1,0,1,1,1,0,1,1,0,1,0,1,1,1,1,1,0,1,0,1,1,1,1,1,0,0,1,0,1,1,0,1,0,1,0,1,1,1,1,0,1,1,1,1,1,1,1,1,1,1,1,0,0,1,0,1,0,1,1,1,1,0,1,1,0,0,0,1,1,0,0,1,0,0,0,1,0,1,1,1,1,0,0,0,0,1,0,0,0,0,0,1,1,1,0,1,0,1,0,0,1,0,1,1,1,1,0,1,1,1,0,1,1,1,0,0,0,0,1,1,0,1,0,1,0,0,0,1,1,1,1,0,0,1,1,0,0,0,1,1,1,1,0,1,1,0,1,0,1,1,0,1,1
1,1,1,1,1,1,1,1,0,0,1,0,1,1,1,1,1,1,1,0,0,1,1,1,0,1,1,1,1,1,1,0,0,1,0,0,0,1,1,1,0,1,0,1,1,1,0,1,1,1,1,1,0,1,1,0,0,1,1,1,1,1,1,1,1,1,0,1,1,0,1,1,1,0,1,1,0,1,0,1,1,1,1,1,0,1,0,1,1,1,1,1,0,0,1,1,1,1,0,1,0,1,0,1,1,1,1,1,0,1,1,1,1,1,1,1,1,1,1,0,1,1,0,1,0,1,1,1,1,0,1,1,1,0,0,1,1,0,1,1,0,1,0,1,0,1,1,1,1,0,0,0,0,1,0,0,0,1,0,1,1,1,0,1,0,1,0,0,1,0,1,1,1,1,0,1,1,1,0,1,1,1,0,1,1,0,1,1,1,1,0,1,1,0,0,1,1,1,1,0,0,1,1,1,0,0,1,1,1,1,0,1,1,0,1,0,1,1,0,1,1
1,1,1,1,1,1,1,1,0,0,1,0,1,1,1,0,0,1,1,0,0,1,0,0,0,1,1,1,1,1,1,0,0,1,1,1,0,0,1,1,0,1,1,1,1,1,0,1,1,1,1,1,0,1,1,0,0,1,1,1,1,1,1,1,1,1,0,1,1,1,1,1,1,0,1,1,0,1,0,1,1,1,1,1,0,1,0,1,1,1,1,1,0,0,1,0,1,1,0,1,0,1,0,1,1,1,1,0,1,1,1,1,1,1,1,1,1,1,1,0,0,1,0,1,0,1,1,1,1,0,1,1,0,0,0,1,1,0,1,1,0,0,0,1,0,1,1,1,1,0,1,0,1,1,1,0,0,0,0,1,1,1,1,1,0,1,0,1,1,0,1,1,1,1,0,1,1,1,0,1,1,1,1,0,0,0,1,1,0,1,1,1,0,0,0,1,1,1,1,1,1,1,0,0,0,1,1,1,1,1,1,1,1,0,1,0,1,1,1,1,1
1,1,1,1,1,1,1,1,0,0,1,0,1,1,1,0,0,1,1,0,0,1,0,0,0,1,1,1,1,1,1,0,0,1,1,1,0,0,1,1,0,1,1,1,1,1,0,1,1,1,1,1,0,1,1,0,0,1,1,1,1,1,1,1,1,1,0,1,1,1,1,1,1,0,1,1,0,1,0,1,1,1,1,1,0,1,0,1,1,1,1,1,0,0,1,0,1,1,0,1,0,1,0,1,1,1,1,1,0,1,1,1,1,1,1,1,1,1,1,0,0,1,0,1,0,1,1,1,1,0,1,1,1,0,0,1,1,0,1,1,0,0,0,1,0,1,1,1,1,0,1,0,1,1,1,0,0,0,0,1,1,1,1,1,0,1,0,1,1,0,1,1,1,1,0,1,1,1,0,1,1,1,1,0,0,0,1,1,1,1,1,1,0,0,1,1,1,1,1,1,1,1,0,0,0,1,1,1,1,1,1,1,1,0,1,0,1,1,1,1,1
1,1,1,1,1,1,1,1,0,0,1,0,1,1,1,0,0,1,1,0,0,1,0,0,0,1,1,1,1,1,1,0,0,1,1,1,0,0,1,1,0,1,1,1,1,1,0,1,1,1,1,1,0,1,1,0,0,1,1,1,1,1,1,1,1,1,0,1,1,1,1,1,1,0,1,1,0,1,0,1,1,1,1,1,0,1,0,1,1,1,1,1,0,0,1,0,1,1,0,1,0,1,0,1,1,1,1,0,1,1,1,1,1,1,1,1,1,1,1,0,0,1,0,1,0,1,1,1,1,0,1,1,0,0,0,1,1,0,0,1,0,0,0,1,0,1,1,1,1,0,1,0,1,1,1,0,0,0,0,1,1,1,1,1,0,1,0,1,1,0,1,1,1,1,0,1,1,1,0,1,1,1,1,0,0,0,1,1,0,1,1,1,0,0,0,1,1,1,1,1,1,1,0,0,0,1,1,1,1,1,1,1,1,0,1,0,1,1,1,1,1
1,1,1,1,1,1,1,1,0,0,1,0,1,1,1,0,0,1,1,0,0,1,0,0,0,1,1,1,1,1,1,0,0,1,1,1,0,0,1,1,0,1,1,1,1,1,0,1,1,1,1,1,0,1,1,0,0,1,1,1,1,1,1,1,1,1,0,1,1,1,1,1,1,0,1,1,0,1,0,1,1,1,1,1,0,1,0,1,1,1,1,1,0,0,1,0,1,1,0,1,0,1,0,1,1,1,1,1,0,1,1,1,1,1,1,1,1,1,1,0,0,1,0,1,0,1,1,1,1,0,1,1,1,0,0,1,1,0,0,1,0,0,0,1,0,1,1,1,1,0,1,0,1,1,1,0,0,0,0,1,1,1,1,1,0,1,0,1,1,0,1,1,1,1,0,1,1,1,0,1,1,1,1,0,0,0,1,1,0,1,1,1,0,0,0,1,1,1,1,1,1,1,0,0,0,1,1,1,1,1,1,1,1,0,1,0,1,1,1,1,1
1,1,1,1,1,1,1,1,0,0,1,0,1,1,1,0,0,1,1,0,0,1,0,0,0,1,1,1,1,1,1,0,0,1,1,1,0,0,1,1,0,1,1,1,1,1,0,1,1,1,1,1,0,1,1,0,0,1,1,1,1,1,1,1,1,1,0,1,1,1,1,1,1,0,1,1,0,1,0,1,1,1,1,1,0,1,0,1,1,1,1,1,0,0,1,0,1,1,0,1,0,1,0,1,1,1,1,1,0,1,1,1,1,1,1,1,1,1,1,0,0,1,0,1,0,1,1,1,1,0,1,1,1,0,0,1,1,0,0,1,0,0,0,1,0,1,1,1,1,0,1,0,1,1,1,0,0,0,0,1,1,1,1,1,0,1,0,1,1,0,1,1,1,1,0,1,1,1,0,1,1,1,1,0,0,0,1,1,1,1,1,1,0,0,1,1,1,1,1,1,1,1,0,0,0,1,1,1,1,1,1,1,1,0,1,0,1,1,1,1,1
1,1,1,1,1,1,1,1,0,0,1,0,1,1,1,0,0,1,1,0,0,1,0,0,0,1,1,1,1,1,1,0,0,1,1,1,0,0,1,1,0,1,1,1,1,1,0,1,1,1,1,1,0,1,1,0,0,1,1,1,1,1,1,1,1,1,0,1,1,1,1,1,1,0,1,1,0,1,0,1,1,1,1,1,0,1,0,1,1,1,1,1,0,0,1,0,1,1,0,1,0,1,0,1,1,1,1,0,1,1,1,1,1,1,1,1,1,1,1,0,0,1,0,1,0,1,1,1,1,0,1,1,0,0,0,1,1,0,0,1,0,0,0,1,0,1,1,1,1,0,1,0,1,1,1,0,0,0,0,1,1,1,1,1,0,1,0,1,1,0,1,1,1,1,0,1,1,1,0,1,1,1,1,0,0,0,1,1,0,1,1,1,0,0,0,1,1,1,1,1,1,1,0,0,0,1,1,1,1,1,1,1,1,0,1,0,1,1,1,1,1
1,1,0,1,1,1,0,0,0,0,1,1,1,1,1,1,1,1,0,0,1,1,0,0,0,1,1,1,1,0,1,0,0,1,0,0,1,1,1,0,0,1,1,1,1,1,0,1,1,1,1,1,1,1,1,1,0,0,0,1,1,1,1,1,1,1,0,0,1,0,1,0,1,0,1,1,1,0,0,1,0,1,1,1,1,0,0,1,1,0,0,0,0,0,1,0,1,0,0,1,0,0,1,1,1,1,1,0,0,1,1,1,0,0,0,1,1,0,1,0,0,1,1,0,0,0,0,0,0,0,1,0,0,0,0,1,0,0,1,0,1,0,0,1,1,0,0,1,0,0,1,0,0,0,0,1,0,0,0,0,1,0,0,1,0,1,0,0,0,0,1,0,0,0,1,0,1,1,0,0,1,0,0,0,0,0,1,1,0,0,0,0,0,0,0,1,1,0,0,0,0,0,0,0,0,0,1,0,0,0,0,1,0,0,0,1,0,0,0,1,0
1,1,1,1,1,1,1,1,0,0,1,0,1,1,1,0,0,1,1,0,0,1,0,0,0,1,1,1,1,1,1,0,0,1,1,1,0,0,1,1,0,1,1,1,1,1,0,1,1,1,1,1,0,1,1,0,0,1,1,1,1,1,1,1,1,1,0,1,1,1,1,1,1,0,1,1,0,1,0,1,1,1,1,1,0,1,0,1,1,1,1,1,0,0,1,0,1,1,0,1,0,1,0,1,1,1,1,1,0,1,1,1,1,1,1,1,1,1,1,0,0,1,0,1,0,1,1,1,1,0,1,1,1,0,0,1,1,0,0,1,0,0,0,1,0,1,1,1,1,0,1,0,1,1,1,0,0,0,0,1,1,1,1,1,0,1,0,1,1,0,1,1,1,1,0,1,1,1,0,1,1,1,1,0,0,0,1,1,1,1,1,1,0,0,1,1,1,1,1,1,1,1,0,0,0,1,1,1,1,1,1,1,1,0,1,0,1,1,1,1,1
0,1,0,1,1,1,0,0,0,0,1,1,1,1,1,1,1,1,0,0,1,1,0,0,0,1,1,0,0,0,1,0,0,1,0,0,1,1,1,0,0,1,1,1,1,1,0,1,1,0,0,0,1,1,1,1,0,0,0,1,1,1,1,1,1,0,0,0,1,0,1,0,1,0,0,1,1,0,0,1,0,0,0,1,1,0,0,0,1,0,0,0,0,0,0,0,1,0,0,1,0,0,1,0,1,1,1,0,0,1,1,1,0,0,0,1,1,0,1,0,0,1,1,0,0,0,0,0,0,0,1,0,0,0,0,1,0,0,0,0,1,0,0,1,0,0,0,1,0,0,1,0,0,0,0,0,0,0,0,0,1,0,0,1,0,1,0,0,0,0,1,0,0,0,1,0,1,1,0,0,1,0,0,0,0,0,1,1,0,0,0,0,0,0,0,1,0,0,0,0,0,0,0,0,0,0,1,0,0,0,0,0,0,0,0,0,0,0,0,0,0
1,1,1,1,1,1,1,0,0,1,0,0,0,0,0,1,1,1,1,1,1,1,0,1,1,1,1,1,1,0,1,0,1,1,0,0,1,0,1,0,1,1,0,1,1,1,1,1,0,0,0,1,0,1,1,0,0,0,0,1,1,1,0,1,1,1,0,1,0,0,1,1,1,0,1,1,0,1,0,1,1,1,1,1,0,1,0,1,1,1,0,1,0,0,1,1,1,0,1,1,1,1,0,1,1,1,1,1,0,1,1,1,0,0,0,1,1,0,1,1,1,1,0,0,0,0,0,0,0,0,1,1,1,1,0,1,0,1,1,0,0,0,1,1,1,0,0,1,0,0,0,0,0,0,0,1,0,1,0,0,1,0,0,1,0,0,0,0,0,0,1,1,1,0,0,0,1,1,0,0,1,0,0,1,1,0,0,0,1,0,0,0,0,0,1,1,1,0,0,0,0,0,0,0,0,0,1,0,0,0,0,1,0,1,0,1,0,1,0,1,0
1,1,0,1,1,1,1,0,1,1,1,0,1,1,0,1,1,1,1,0,0,1,0,1,0,1,1,1,1,0,0,1,1,1,0,0,1,0,1,0,1,1,0,0,1,1,1,1,0,1,1,1,0,1,1,0,0,0,0,1,1,1,0,1,1,1,0,1,0,0,1,0,1,0,1,1,0,0,0,1,0,1,1,1,0,0,0,1,1,1,0,1,0,0,0,0,1,0,1,1,1,1,0,0,1,1,1,0,0,1,1,1,0,0,0,1,1,0,1,1,0,1,0,0,0,0,0,0,0,0,1,1,0,0,0,1,0,1,1,0,0,0,1,1,1,0,0,1,0,0,0,0,0,0,0,1,0,0,0,0,1,0,0,1,0,0,0,0,0,0,1,0,0,0,0,0,1,1,0,0,1,0,0,0,0,0,0,0,0,0,0,0,0,0,0,1,1,0,0,0,0,0,0,0,0,0,1,0,0,0,0,1,0,1,0,1,0,1,0,1,0
1,1,1,1,0,1,1,0,0,1,0,0,0,0,0,1,1,1,1,0,0,1,1,1,1,1,1,0,1,0,1,0,1,1,1,0,1,0,1,1,1,1,0,1,1,1,1,1,0,0,0,1,0,1,1,0,0,1,1,1,1,1,0,1,1,1,0,1,0,1,1,1,1,0,0,1,0,1,0,1,1,0,0,1,0,1,0,1,1,1,0,1,0,0,0,1,1,1,1,1,1,1,0,0,1,1,1,1,0,1,1,1,1,1,0,1,1,1,1,1,1,1,0,0,0,0,0,1,1,1,1,1,1,0,0,1,0,1,1,0,0,1,1,1,1,0,1,1,0,0,0,0,1,1,0,1,0,1,0,0,1,0,0,1,0,1,0,1,1,0,1,1,1,1,0,1,1,1,0,0,1,0,1,1,1,0,1,1,1,1,1,0,1,0,0,1,1,0,1,0,1,0,0,1,0,0,1,0,1,0,0,1,0,1,0,1,1,1,0,1,0
1,1,0,1,1,1,0,0,0,1,1,0,1,1,0,1,1,1,1,0,0,1,0,1,0,1,1,1,1,0,1,0,1,1,0,0,1,0,1,0,1,1,0,1,1,1,1,1,0,1,1,1,0,1,1,0,0,0,0,1,1,1,0,1,1,1,0,1,0,0,1,1,1,0,1,1,0,1,0,1,1,1,1,1,0,1,0,1,1,1,0,1,0,0,0,0,1,0,1,1,1,1,0,0,1,1,1,1,0,1,1,1,0,0,0,1,1,0,1,1,0,1,0,0,0,0,1,0,0,0,1,1,1,0,0,1,0,1,1,0,0,0,1,1,1,0,0,1,1,0,0,0,0,0,0,1,0,0,0,0,1,0,0,1,0,0,0,0,0,0,1,1,0,0,0,0,1,1,0,0,1,0,0,0,0,0,0,0,1,0,0,0,1,0,0,1,1,0,0,0,0,0,0,1,0,0,1,0,0,0,0,1,0,1,0,1,0,1,0,1,0
1,1,0,1,1,1,1,0,0,1,0,0,0,0,0,1,1,1,1,1,1,1,0,1,1,1,1,0,0,0,1,0,1,1,0,0,1,0,1,0,1,1,0,1,1,1,1,1,0,0,0,1,0,1,1,0,0,0,0,1,1,1,1,1,1,1,0,1,0,0,1,1,1,0,0,1,0,1,0,1,1,0,0,1,0,1,0,1,1,1,0,1,0,0,0,0,1,0,1,1,1,1,0,0,1,1,1,1,1,1,1,1,0,0,0,1,1,0,1,1,0,1,0,0,0,0,1,0,0,0,1,1,1,0,0,1,0,1,1,0,0,0,1,1,1,0,0,1,1,0,0,0,0,0,0,1,0,0,0,0,1,0,0,1,0,0,0,0,0,0,1,1,1,0,0,0,1,1,0,0,1,0,0,0,0,0,0,0,1,0,0,0,1,0,0,1,1,0,0,0,0,0,0,1,0,0,1,0,0,0,0,1,0,1,0,1,0,1,0,1,0
1,1,1,1,1,1,1,0,0,1,0,0,0,0,0,1,1,1,1,1,1,1,0,1,1,1,1,1,1,0,1,0,1,1,0,0,1,0,1,0,1,1,0,1,1,1,1,1,0,0,0,1,0,1,1,0,0,0,0,1,1,1,0,1,1,1,0,1,0,0,1,1,1,0,1,1,0,1,0,1,1,1,1,1,0,1,0,1,1,1,0,1,0,0,1,1,1,0,1,1,1,1,0,1,1,1,1,1,0,1,1,1,0,0,0,1,1,0,1,1,1,1,0,0,0,0,0,0,0,0,1,1,1,0,0,1,0,1,1,0,0,0,1,1,1,0,0,1,0,0,0,0,0,0,0,1,0,1,0,0,1,0,0,1,0,0,0,0,0,0,1,1,1,0,0,0,1,1,0,0,1,0,0,1,0,0,0,0,1,0,0,0,1,0,1,1,1,0,0,0,0,0,0,1,0,0,1,0,0,0,0,1,0,1,0,1,0,1,0,1,0
0,1,0,0,0,1,1,1,0,0,1,0,1,1,1,1,1,1,0,0,0,1,0,0,0,0,0,0,0,0,1,0,0,0,1,0,1,1,1,1,0,1,1,1,0,0,0,1,1,0,0,1,0,0,0,0,1,1,1,0,0,0,1,0,0,0,0,0,1,1,0,0,0,0,0,0,0,0,0,0,0,0,0,0,0,0,0,0,1,0,1,0,0,0,0,0,0,1,0,0,0,0,0,0,0,0,0,0,0,0,0,1,1,1,1,0,0,1,1,0,0,0,0,1,0,1,0,1,1,0,0,0,0,0,0,0,1,0,0,1,0,0,0,0,0,1,1,1,0,0,0,0,1,1,0,0,0,0,0,1,1,1,0,1,0,1,1,0,1,0,0,0,0,1,0,1,1,0,0,1,0,1,1,0,0,0,1,1,0,1,0,1,0,0,0,1,1,1,1,0,0,1,0,0,0,0,1,1,1,1,0,0,1,0,1,0,1,1,0,1,1
1,1,1,1,1,1,1,0,0,1,0,0,0,0,0,1,1,1,1,1,1,1,0,1,1,1,1,1,1,0,1,0,1,1,0,0,1,0,1,0,1,1,0,1,1,1,1,1,1,1,1,1,0,1,1,0,0,1,0,1,1,1,0,1,1,1,0,1,1,0,1,1,1,0,1,1,0,1,0,1,1,1,1,1,0,1,0,1,1,1,1,1,0,0,1,0,1,1,1,1,1,1,0,1,1,1,1,1,0,1,1,1,1,1,0,1,1,1,1,1,0,1,0,1,0,0,0,1,1,0,1,1,1,0,0,1,1,1,1,1,0,0,1,1,1,1,1,1,0,0,0,0,0,1,0,1,0,0,0,1,1,0,0,1,0,1,0,0,1,0,1,1,1,1,0,1,1,1,0,0,1,1,0,0,0,0,1,1,1,0,0,1,1,0,0,1,1,0,0,0,0,0,0,1,0,0,1,0,0,0,0,1,0,1,0,1,0,1,0,1,0
0,1,0,0,0,1,1,1,0,0,1,0,1,1,1,1,1,1,1,0,0,1,0,1,0,0,1,0,0,0,1,0,0,0,0,0,1,1,1,1,0,1,1,1,0,0,0,1,1,0,0,1,0,0,0,0,1,1,1,0,0,0,1,0,0,0,0,0,1,0,0,1,0,0,0,0,0,0,1,0,1,0,0,0,0,0,1,0,1,0,1,0,0,0,0,1,0,1,0,0,0,0,0,0,0,0,0,1,0,0,0,1,1,1,1,0,0,1,1,0,1,0,0,1,0,1,0,1,1,0,0,0,1,0,0,0,1,0,0,1,0,1,0,0,0,1,1,1,0,0,1,0,0,1,0,0,0,1,0,1,1,1,0,1,0,1,1,0,1,0,0,0,0,1,0,1,1,0,0,1,0,1,0,1,1,0,1,1,1,1,0,1,1,0,0,1,1,1,1,0,0,1,0,1,0,0,1,1,1,1,0,0,1,0,1,0,1,1,0,1,1
0,1,0,0,0,1,1,1,0,0,1,0,1,1,1,1,1,1,1,0,0,1,0,1,0,0,1,0,0,0,1,0,0,0,0,0,1,1,1,1,0,1,1,1,0,0,0,1,1,0,0,1,0,0,0,0,1,1,1,0,0,0,1,0,0,0,0,0,1,0,0,1,0,0,0,0,0,0,1,0,1,0,0,0,0,0,1,0,1,0,1,0,0,0,0,1,0,1,0,0,0,0,0,0,0,0,0,1,0,0,0,1,1,1,1,0,0,1,1,0,1,0,0,1,0,1,0,1,1,0,0,0,1,0,0,0,1,0,0,1,0,1,0,0,0,1,1,1,0,0,1,0,0,1,0,0,0,1,0,1,1,1,0,1,0,1,1,0,1,0,0,0,0,1,0,1,1,0,0,1,0,1,0,1,1,0,1,1,1,1,0,1,1,0,0,1,1,1,1,0,0,1,0,1,0,0,1,1,1,1,0,0,1,0,1,0,1,1,0,1,1
0,1,0,0,0,1,1,1,0,0,1,0,1,1,1,1,1,1,1,0,0,1,0,1,0,0,1,0,0,0,1,0,0,0,0,0,1,1,1,1,0,1,1,1,0,0,0,1,1,0,0,1,0,0,0,0,1,1,1,0,0,0,1,0,0,0,0,0,1,0,0,1,0,0,0,0,0,0,1,0,1,0,0,0,0,0,1,0,1,0,1,0,0,0,0,1,0,1,0,0,0,0,0,0,0,0,0,1,0,0,0,1,1,1,1,0,0,1,1,0,1,0,0,1,0,1,0,1,1,0,0,0,1,0,0,0,1,0,0,1,0,1,0,0,0,1,1,1,0,0,1,0,0,1,0,0,0,1,0,1,1,1,0,1,0,1,1,0,1,0,0,0,0,1,0,1,1,0,0,1,0,1,0,1,1,0,1,1,1,1,0,1,1,0,0,1,1,1,1,0,0,1,0,1,0,0,1,1,1,1,0,0,1,0,1,1,1,1,0,1,1
0,1,0,0,0,1,1,1,0,0,1,0,1,1,1,1,1,1,1,0,0,1,0,1,0,0,1,0,0,0,1,0,0,0,0,0,1,1,1,1,0,1,1,1,0,0,0,1,1,0,0,1,0,0,0,0,1,1,1,0,0,0,1,0,0,0,0,0,1,0,0,1,0,0,0,0,0,0,1,0,1,0,0,0,0,0,1,0,1,0,1,0,0,0,0,1,0,1,0,0,0,0,0,0,0,0,0,1,0,0,0,1,1,1,1,0,0,1,1,0,1,0,0,1,0,1,0,1,1,0,0,0,1,0,0,0,1,0,0,1,0,1,0,0,0,1,1,1,0,0,1,0,0,1,0,0,0,1,0,1,1,1,0,1,0,1,1,0,1,0,0,0,0,1,0,1,1,0,0,1,0,1,0,1,1,0,1,1,1,1,0,1,1,0,0,1,1,1,1,0,0,1,0,1,0,0,1,1,1,1,0,0,1,1,1,0,1,1,0,1,1
0,1,0,0,0,1,1,1,0,0,1,0,1,1,1,1,1,1,1,0,0,1,0,1,0,0,1,0,0,0,1,0,0,0,0,0,1,1,1,1,0,1,1,1,0,0,0,1,1,0,0,1,0,0,0,0,1,1,1,0,0,0,1,0,0,0,0,0,1,0,0,1,0,0,0,0,0,0,1,0,1,0,0,0,0,0,1,0,1,0,1,0,0,0,0,1,0,1,0,0,0,0,0,0,0,0,0,1,0,0,0,1,1,1,1,0,0,1,1,0,1,0,0,1,0,1,0,1,1,1,0,0,1,0,1,0,1,0,0,1,0,1,0,0,0,1,1,1,0,0,1,0,0,1,0,0,0,1,1,1,1,1,0,1,0,1,1,1,1,1,0,0,0,1,0,1,1,0,0,1,0,1,0,1,1,0,1,1,1,1,0,1,1,0,0,1,1,1,1,0,0,1,0,1,0,0,1,1,1,1,1,0,1,0,1,0,1,1,1,1,1
0,1,0,0,0,1,1,1,0,0,1,0,1,1,1,1,1,1,1,0,0,1,0,1,0,0,1,0,0,0,1,0,0,0,0,0,1,1,1,1,0,1,1,1,0,0,0,1,1,0,0,1,0,0,0,0,1,1,1,0,0,0,1,0,0,0,0,0,1,0,0,1,0,0,0,0,0,0,1,0,1,0,0,0,0,0,1,0,1,0,1,0,0,0,0,1,0,1,0,0,0,0,0,0,0,0,0,1,0,0,0,1,1,1,1,0,0,1,1,0,1,0,0,1,0,1,0,1,1,0,0,0,1,0,0,0,1,0,0,1,0,1,0,0,0,1,1,1,0,0,1,0,0,1,0,0,0,1,0,1,1,1,0,1,0,1,1,0,1,0,0,0,0,1,0,1,1,0,0,1,0,1,0,1,1,0,1,1,1,1,0,1,1,0,0,1,1,1,1,0,0,1,0,1,0,0,1,1,1,1,0,0,1,0,1,0,1,1,0,1,1
0,1,0,0,0,1,1,1,0,0,1,0,1,1,1,1,1,1,1,0,0,1,0,1,0,0,1,0,0,0,1,0,0,0,0,0,1,1,1,1,0,1,1,1,0,0,0,1,1,0,0,1,0,0,0,0,1,1,1,0,0,0,1,0,0,0,0,0,1,0,0,1,0,0,0,0,0,0,1,0,1,0,0,0,0,0,1,0,1,0,1,0,0,0,0,1,0,1,0,0,0,0,0,0,0,0,0,1,0,0,0,1,1,1,1,0,0,1,1,0,1,0,0,1,0,1,0,1,1,0,0,0,1,0,0,0,1,0,0,1,0,1,0,0,0,1,1,1,0,0,1,0,0,1,0,0,0,1,0,1,1,1,0,1,0,1,1,0,1,0,0,0,0,1,0,1,1,0,0,1,0,1,0,1,1,0,1,1,1,1,1,1,1,1,0,1,1,1,1,1,1,1,0,1,1,0,1,1,1,1,0,0,1,0,1,0,1,1,0,1,1
0,1,0,0,0,1,1,1,0,0,1,0,1,1,1,1,1,1,1,0,0,1,0,1,0,0,1,0,0,0,1,0,0,0,0,0,1,1,1,1,0,1,1,1,0,0,0,1,1,0,0,1,0,0,0,0,1,1,1,0,0,0,1,0,0,0,0,0,1,0,0,1,0,0,0,0,0,0,1,0,1,0,0,0,0,0,1,0,1,0,1,0,0,0,0,1,0,1,0,0,0,0,0,0,0,0,0,1,0,0,0,1,1,1,1,0,0,1,1,0,1,0,0,1,0,1,0,1,1,0,0,0,1,0,0,0,1,0,0,1,0,1,0,0,0,1,1,1,0,0,1,0,0,1,0,0,0,1,0,1,1,1,0,1,0,1,1,0,1,0,0,0,0,1,0,1,1,0,0,1,0,1,0,1,1,0,1,1,1,1,1,1,1,1,0,1,1,1,1,1,1,1,0,1,1,0,1,1,1,1,0,0,1,0,1,0,1,1,0,1,1
0,1,0,1,0,1,1,1,0,0,1,0,1,1,1,1,1,1,1,0,0,1,0,1,0,0,1,0,0,0,1,0,0,0,0,0,1,1,1,1,0,1,1,1,0,0,0,1,1,0,0,1,0,1,1,0,1,1,1,0,0,0,1,0,0,0,0,0,1,0,0,1,0,0,0,1,0,0,1,0,1,0,0,1,0,0,1,0,1,0,1,0,0,0,0,1,0,1,0,1,0,0,0,0,0,0,0,1,0,0,0,1,1,1,1,1,1,1,1,0,1,0,0,1,0,1,0,1,1,0,0,0,1,1,0,0,1,0,0,1,0,1,0,1,0,1,1,1,0,0,1,0,0,1,0,0,0,1,0,1,1,1,0,1,0,1,1,0,1,0,0,0,0,1,0,1,1,0,0,1,1,1,0,1,1,0,1,1,1,1,0,1,1,0,0,1,1,1,1,0,0,1,0,1,0,0,1,1,1,1,0,1,1,0,1,0,1,1,0,1,1
0,1,0,1,0,1,1,1,0,0,1,0,1,1,1,1,1,1,1,0,0,1,0,1,0,0,1,0,0,0,1,0,0,0,0,0,1,1,1,1,0,1,1,1,0,0,0,1,1,0,0,1,0,1,1,0,1,1,1,0,0,0,1,0,0,0,0,0,1,0,0,1,0,0,0,1,0,0,1,0,1,0,0,1,0,0,1,0,1,0,1,0,0,0,0,1,0,1,0,1,0,0,0,0,0,0,0,1,0,0,0,1,1,1,1,1,1,1,1,0,1,0,0,1,0,1,0,1,1,0,0,0,1,0,0,0,1,0,0,1,0,1,0,1,0,1,1,1,0,0,1,0,0,1,0,0,0,1,0,1,1,1,0,1,0,1,1,0,1,0,0,0,0,1,0,1,1,0,0,1,1,1,0,1,1,0,1,1,1,1,0,1,1,0,0,1,1,1,1,0,0,1,0,1,0,0,1,1,1,1,0,0,1,0,1,0,1,1,0,1,1
0,1,0,1,0,1,1,1,0,0,1,0,1,1,1,1,1,1,1,0,0,1,0,1,0,0,1,0,0,0,1,0,0,0,0,0,1,1,1,1,0,1,1,1,0,0,0,1,1,0,0,1,0,1,1,0,1,1,1,0,0,0,1,0,0,0,0,0,1,0,0,1,0,0,0,1,0,0,1,0,1,0,0,1,0,0,1,0,1,0,1,0,0,0,0,1,0,1,0,1,0,0,0,0,0,0,0,1,0,0,0,1,1,1,1,1,1,1,1,0,1,0,0,1,0,1,0,1,1,0,0,0,1,0,0,0,1,0,0,1,0,1,0,1,0,1,1,1,0,0,1,0,0,1,0,0,0,1,0,1,1,1,0,1,0,1,1,0,1,0,0,0,0,1,0,1,1,0,0,1,1,1,0,1,1,0,1,1,1,1,0,1,1,0,1,1,1,1,1,0,0,1,1,1,0,0,1,1,1,1,0,0,1,0,1,0,1,1,0,1,1
0,1,0,1,0,1,1,1,0,0,1,0,1,1,1,1,1,1,1,0,0,1,0,1,0,0,1,0,0,0,1,0,0,0,0,0,1,1,1,1,0,1,1,1,0,0,0,1,1,0,0,1,0,1,1,0,1,1,1,0,0,0,1,0,0,0,0,0,1,0,0,1,0,0,0,1,0,0,1,0,1,0,0,1,0,0,1,0,1,0,1,0,0,0,0,1,0,1,0,1,0,0,0,0,0,0,0,1,0,0,0,1,1,1,1,1,1,1,1,0,1,0,0,1,0,1,0,1,1,0,0,0,1,0,0,0,1,0,1,1,0,1,0,1,1,1,1,1,0,0,1,0,0,1,0,0,0,1,0,1,1,1,0,1,0,1,1,0,1,0,0,0,0,1,0,1,1,0,0,1,1,1,0,1,1,0,1,1,1,1,0,1,1,0,0,1,1,1,1,0,0,1,0,1,0,0,1,1,1,1,0,0,1,0,1,0,1,1,0,1,1
0,1,0,1,0,1,1,1,0,1,1,0,1,1,1,1,1,1,1,0,0,1,0,1,0,0,1,0,0,0,1,0,1,0,0,0,1,1,1,1,1,1,1,1,0,0,1,1,1,0,0,1,0,1,1,0,1,1,1,0,0,0,1,0,0,0,0,0,1,0,0,1,0,0,0,1,0,0,1,0,1,0,0,1,0,0,1,0,1,0,1,0,0,0,0,1,0,1,1,1,1,0,0,0,0,0,0,1,0,0,0,1,1,1,1,1,1,1,1,1,1,0,0,1,0,1,0,1,1,0,0,0,1,0,0,0,1,1,0,1,0,1,1,1,0,1,1,1,0,0,1,0,0,1,0,0,0,1,0,1,1,1,0,1,0,1,1,0,1,0,0,0,0,1,0,1,1,0,0,1,1,1,0,1,1,0,1,1,1,1,0,1,1,0,0,1,1,1,1,0,0,1,0,1,0,0,1,1,1,1,0,0,1,0,1,0,1,1,0,1,1
0,1,0,1,0,1,1,1,0,0,1,0,1,1,1,1,1,1,1,0,0,1,0,1,0,0,1,0,0,0,1,0,0,0,0,0,1,1,1,1,0,1,1,1,0,0,0,1,1,0,0,1,0,1,1,0,1,1,1,0,0,0,1,0,0,0,0,0,1,0,0,1,0,0,0,1,0,0,1,0,1,0,0,1,0,0,1,0,1,0,1,0,0,0,0,1,0,1,0,1,0,0,0,0,0,0,0,1,0,0,0,1,1,1,1,1,1,1,1,0,1,0,0,1,0,1,0,1,1,0,0,0,1,0,0,0,1,0,0,1,0,1,0,1,0,1,1,1,0,0,1,0,0,1,0,0,0,1,0,1,1,1,0,1,0,1,1,0,1,0,0,0,0,1,0,1,1,0,0,1,1,1,0,1,1,0,1,1,1,1,0,1,1,0,0,1,1,1,1,0,0,1,0,1,0,0,1,1,1,1,0,1,1,1,1,0,1,1,0,1,1
0,1,0,1,0,1,1,1,0,1,1,0,1,1,1,1,1,1,1,0,0,1,0,1,0,0,1,0,0,0,1,0,1,0,0,0,1,1,1,1,1,1,1,1,0,0,1,1,1,0,0,1,0,1,1,0,1,1,1,0,0,0,1,0,0,0,0,0,1,0,0,1,0,0,0,1,0,0,1,0,1,0,0,1,0,0,1,0,1,0,1,0,0,0,0,1,0,1,1,1,1,0,0,0,0,0,0,1,0,0,0,1,1,1,1,1,1,1,1,1,1,0,0,1,0,1,0,1,1,0,0,0,1,0,0,0,1,1,0,1,0,1,1,1,0,1,1,1,0,0,1,0,0,1,0,0,0,1,0,1,1,1,0,1,0,1,1,0,1,0,0,0,0,1,0,1,1,0,0,1,1,1,0,1,1,0,1,1,1,1,0,1,1,0,0,1,1,1,1,0,0,1,0,1,0,0,1,1,1,1,0,0,1,0,1,0,1,1,0,1,1
0,1,0,1,0,1,1,1,0,1,1,0,1,1,1,1,1,1,1,0,0,1,0,1,0,0,1,0,0,0,1,0,1,0,0,0,1,1,1,1,1,1,1,1,0,0,1,1,1,0,0,1,0,1,1,0,1,1,1,0,0,0,1,0,0,0,0,0,1,0,0,1,0,0,0,1,0,0,1,0,1,0,0,1,0,0,1,0,1,0,1,0,0,0,0,1,0,1,1,1,1,0,0,0,0,0,0,1,0,0,0,1,1,1,1,1,1,1,1,1,1,0,0,1,0,1,0,1,1,0,0,0,1,0,0,0,1,1,0,1,0,1,1,1,0,1,1,1,0,0,1,0,0,1,0,0,0,1,0,1,1,1,0,1,0,1,1,0,1,0,0,0,0,1,0,1,1,0,0,1,1,1,0,1,1,0,1,1,1,1,0,1,1,0,1,1,1,1,1,0,0,1,1,1,0,0,1,1,1,1,0,0,1,0,1,0,1,1,0,1,1
0,1,0,1,0,1,1,1,0,0,1,0,1,1,1,1,1,1,1,0,0,1,0,1,0,0,1,0,0,0,1,0,0,0,0,0,1,1,1,1,0,1,1,1,0,0,0,1,1,0,0,1,0,1,1,0,1,1,1,0,0,0,1,0,0,0,0,0,1,0,0,1,0,0,0,1,0,0,1,0,1,0,0,1,0,0,1,0,1,0,1,0,0,0,0,1,0,1,0,1,0,0,0,0,0,0,0,1,0,0,0,1,1,1,1,1,1,1,1,0,1,0,0,1,0,1,0,1,1,0,0,0,1,0,0,0,1,0,0,1,0,1,0,1,0,1,1,1,0,0,1,0,0,1,0,0,0,1,0,1,1,1,0,1,0,1,1,0,1,0,0,0,0,1,0,1,1,0,0,1,1,1,0,1,1,0,1,1,1,1,0,1,1,0,0,1,1,1,1,0,0,1,0,1,0,0,1,1,1,1,0,0,1,0,1,0,1,1,0,1,1
0,1,0,0,0,1,1,1,0,0,1,0,1,1,1,1,1,1,0,0,0,1,0,0,0,1,1,0,0,0,1,0,0,0,0,0,1,1,1,1,0,1,1,1,0,0,0,1,1,0,0,1,0,0,0,0,1,1,1,0,0,0,1,0,0,0,0,0,1,0,0,1,0,1,0,0,0,0,1,0,1,0,0,0,0,0,1,0,1,0,1,0,0,0,0,1,0,1,0,0,0,0,0,0,0,0,0,1,0,0,0,1,1,1,1,0,0,1,1,0,1,0,0,1,0,1,0,1,1,0,0,0,1,0,0,0,1,0,0,1,0,1,0,0,0,1,1,1,0,0,1,0,0,1,1,0,0,1,0,1,1,1,1,1,0,1,1,0,1,0,0,0,0,1,0,1,1,0,0,1,0,1,0,1,1,0,1,1,1,1,1,1,0,1,0,1,1,1,1,1,0,1,0,0,0,0,1,1,1,1,0,0,1,0,1,0,1,1,0,1,1
0,1,0,0,0,1,1,1,0,0,1,0,1,1,1,1,1,1,0,0,0,1,0,0,0,1,1,0,0,0,1,0,0,0,0,0,1,1,1,1,0,1,1,1,0,0,0,1,1,0,0,1,0,0,0,0,1,1,1,0,0,0,1,0,0,0,0,0,1,0,0,1,0,0,0,0,0,0,1,0,1,0,0,0,0,0,1,0,1,0,1,0,0,0,0,1,0,1,0,0,0,0,0,0,0,0,0,1,0,0,0,1,1,1,1,0,0,1,1,0,1,0,0,1,0,1,0,1,1,1,0,0,1,0,1,0,1,0,0,1,0,1,0,0,0,1,1,1,0,0,1,0,0,1,1,0,0,1,1,1,1,1,1,1,0,1,1,1,1,1,0,0,0,1,0,1,1,0,0,1,0,1,0,1,1,0,1,1,0,1,0,1,0,0,0,1,1,1,1,0,0,1,0,0,0,0,1,1,1,1,0,0,1,0,1,0,1,1,0,1,1
0,1,0,0,0,1,1,1,1,0,1,0,1,1,1,1,1,1,0,0,0,1,0,0,0,1,1,0,0,0,1,1,0,0,0,0,1,1,1,1,0,1,1,1,0,0,0,1,1,0,0,1,0,0,0,0,1,1,1,0,0,0,1,0,0,0,0,0,1,0,0,1,0,0,0,0,0,0,1,0,1,0,0,0,0,0,1,0,1,0,1,0,0,0,0,1,0,1,0,0,0,0,0,0,0,0,0,1,0,0,0,1,1,1,1,0,0,1,1,0,1,0,0,1,0,1,0,1,1,0,0,0,1,0,0,0,1,0,0,1,0,1,0,0,0,1,1,1,0,0,1,0,0,1,0,0,0,1,0,1,1,1,0,1,0,1,1,0,1,0,0,0,0,1,0,1,1,0,0,1,0,1,0,1,1,0,1,1,1,1,0,1,0,0,0,1,1,1,1,0,0,1,0,0,0,0,1,1,1,1,0,0,1,0,1,0,1,1,0,1,1
0,1,0,1,0,1,1,1,0,0,1,0,1,1,1,1,1,1,0,1,1,1,0,1,0,0,0,0,0,0,1,0,0,0,0,0,1,1,1,1,0,1,1,1,0,0,0,1,1,0,0,1,0,0,0,0,1,1,1,0,0,0,1,0,0,0,0,0,1,0,0,1,0,0,0,0,0,0,0,0,0,0,0,0,0,1,1,0,1,0,1,0,0,0,0,0,0,1,0,0,0,0,0,0,0,0,0,0,0,0,0,1,1,1,1,0,0,1,1,0,0,0,0,1,0,1,0,1,1,0,0,0,0,0,0,0,1,0,0,1,0,0,0,0,0,1,1,1,0,1,0,0,0,1,0,0,0,0,0,1,1,1,0,1,0,1,1,0,1,0,0,1,1,1,0,1,1,0,0,1,0,1,0,0,0,0,1,1,0,1,0,1,0,0,0,1,1,1,1,0,0,1,0,0,0,0,1,1,1,1,0,0,1,0,1,0,1,1,0,1,1
0,1,0,0,0,1,1,1,0,0,1,0,1,1,1,1,1,1,1,0,0,1,0,1,0,0,0,0,0,0,1,0,0,0,0,0,1,1,1,1,0,1,1,1,0,0,0,1,1,0,0,1,0,0,0,0,1,1,1,0,0,0,1,0,0,0,0,0,1,0,0,1,0,0,0,0,0,0,1,0,1,0,0,0,0,0,1,0,1,0,1,0,0,0,0,0,0,1,0,0,0,0,0,0,0,0,0,1,0,0,0,1,1,1,1,0,0,1,1,0,0,0,0,1,0,1,0,1,1,0,0,0,1,0,0,0,1,0,0,1,0,0,0,0,0,1,1,1,0,0,1,0,0,1,0,0,0,0,0,1,1,1,0,1,0,1,1,0,1,0,0,0,0,1,0,1,1,0,0,1,0,1,0,0,0,0,1,1,1,1,0,1,1,0,0,1,1,1,1,0,0,1,0,1,0,0,1,1,1,1,0,0,1,0,1,0,1,1,0,1,1
1,1,0,1,0,1,1,1,0,0,1,0,1,1,1,1,1,1,0,1,1,1,0,1,0,0,0,0,0,0,1,0,0,0,0,0,1,1,1,1,0,1,1,1,0,0,0,1,1,0,0,1,0,0,0,0,1,1,1,0,0,0,1,0,0,0,0,0,1,0,0,0,0,0,0,0,0,0,0,0,0,0,0,0,0,0,0,0,1,0,1,0,0,0,0,0,0,1,0,0,0,0,0,0,0,0,0,0,0,0,0,1,1,1,1,0,0,1,1,0,0,0,0,1,1,1,0,1,1,0,0,0,0,0,0,0,1,0,0,1,0,0,0,0,0,1,1,1,0,0,1,1,0,1,0,0,0,0,0,1,1,1,0,1,0,1,1,0,1,0,0,0,0,1,0,1,1,0,1,1,0,1,0,0,0,0,1,1,0,1,0,1,0,0,0,1,1,1,1,0,0,1,0,0,0,0,1,1,1,1,0,0,1,0,1,0,1,1,0,1,1
0,1,0,0,0,1,1,1,0,0,1,0,1,1,1,1,1,1,0,0,0,1,0,0,0,0,0,0,0,0,1,0,0,0,1,0,1,1,1,1,0,1,1,1,0,0,0,1,1,0,0,1,0,0,0,0,1,1,1,0,0,0,1,0,0,0,0,0,1,1,0,0,0,0,0,0,0,0,0,0,0,0,0,0,0,0,0,0,1,0,1,0,0,0,0,0,0,1,0,0,0,0,0,0,0,0,0,0,0,0,0,1,1,1,1,0,0,1,1,0,0,0,0,1,0,1,0,1,1,0,0,0,0,0,0,0,1,0,0,1,0,0,0,0,0,1,1,1,0,0,0,0,1,1,0,0,0,0,0,1,1,1,0,1,0,1,1,0,1,0,0,0,0,1,0,1,1,0,0,1,0,1,0,0,0,0,1,1,0,1,0,1,0,0,0,1,1,1,1,0,0,1,0,0,0,0,1,1,1,1,0,0,1,0,1,0,1,1,0,1,1
0,1,0,1,0,1,1,1,0,0,1,0,1,1,1,1,1,1,1,0,0,1,0,1,0,0,1,0,0,0,1,0,0,0,0,0,1,1,1,1,0,1,1,1,0,0,0,1,1,0,0,1,0,1,1,0,1,1,1,0,0,0,1,0,0,0,0,0,1,0,0,1,0,0,0,1,0,0,1,0,1,0,0,1,0,0,1,0,1,0,1,0,0,0,0,1,0,1,0,1,0,0,0,0,0,0,0,1,0,0,0,1,1,1,1,1,1,1,1,0,1,0,0,1,0,1,0,1,1,0,0,0,1,0,0,0,1,0,0,1,0,1,0,1,0,1,1,1,0,0,1,0,0,1,0,0,0,1,0,1,1,1,0,1,0,1,1,0,1,0,0,0,0,1,0,1,1,0,0,1,1,1,0,1,1,0,1,1,1,1,0,1,1,0,0,1,1,1,1,0,0,1,0,1,0,0,1,1,1,1,0,1,1,1,1,0,1,1,0,1,1
0,1,0,1,0,1,1,1,0,1,1,0,1,1,1,1,1,1,1,0,0,1,0,1,0,0,1,0,0,0,1,0,1,0,0,0,1,1,1,1,1,1,1,1,0,0,1,1,1,0,0,1,0,1,1,0,1,1,1,0,0,0,1,0,0,0,0,0,1,0,0,1,0,0,0,1,0,0,1,0,1,0,0,1,0,0,1,0,1,0,1,0,0,0,0,1,0,1,1,1,1,0,0,0,0,0,0,1,0,0,0,1,1,1,1,1,1,1,1,1,1,0,0,1,0,1,0,1,1,0,0,0,1,0,0,0,1,1,0,1,0,1,1,1,0,1,1,1,0,0,1,0,0,1,0,0,0,1,0,1,1,1,0,1,0,1,1,0,1,0,0,0,0,1,0,1,1,0,0,1,1,1,0,1,1,0,1,1,1,1,0,1,1,0,0,1,1,1,1,0,0,1,0,1,0,0,1,1,1,1,0,0,1,0,1,0,1,1,0,1,1
0,1,0,1,0,1,1,1,0,1,1,0,1,1,1,1,1,1,1,0,0,1,0,1,0,0,1,0,0,0,1,0,1,0,0,0,1,1,1,1,1,1,1,1,0,0,1,1,1,0,0,1,0,1,1,0,1,1,1,0,0,0,1,0,0,0,0,0,1,0,0,1,0,0,0,1,0,0,1,0,1,0,0,1,0,0,1,0,1,0,1,0,0,0,0,1,0,1,1,1,1,0,0,0,0,0,0,1,0,0,0,1,1,1,1,1,1,1,1,1,1,0,0,1,0,1,0,1,1,0,0,0,1,0,0,0,1,1,0,1,0,1,1,1,0,1,1,1,0,0,1,0,0,1,0,0,0,1,0,1,1,1,0,1,0,1,1,0,1,0,0,0,0,1,0,1,1,0,0,1,1,1,0,1,1,0,1,1,1,1,0,1,1,0,1,1,1,1,1,0,0,1,1,1,0,0,1,1,1,1,0,0,1,0,1,0,1,1,0,1,1
0,1,0,1,0,1,1,1,0,1,1,0,1,1,1,1,1,1,1,0,0,1,0,1,0,0,1,0,0,0,1,0,1,0,0,0,1,1,1,1,1,1,1,1,0,0,1,1,1,0,0,1,0,1,1,0,1,1,1,0,0,0,1,0,0,0,0,0,1,0,0,1,0,0,0,1,0,0,1,0,1,0,0,1,0,0,1,0,1,0,1,0,0,0,0,1,0,1,1,1,1,0,0,0,0,0,0,1,0,0,0,1,1,1,1,1,1,1,1,1,1,0,0,1,0,1,0,1,1,0,0,0,1,0,0,0,1,1,0,1,0,1,1,1,0,1,1,1,0,0,1,0,0,1,0,0,0,1,0,1,1,1,0,1,0,1,1,0,1,0,0,0,0,1,0,1,1,0,0,1,1,1,0,1,1,0,1,1,1,1,0,1,1,0,0,1,1,1,1,0,0,1,0,1,0,0,1,1,1,1,0,0,1,0,1,0,1,1,0,1,1
0,1,0,1,0,1,1,1,0,0,1,0,1,1,1,1,1,1,0,1,1,1,0,1,0,0,0,0,0,0,1,0,0,0,0,0,1,1,1,1,0,1,1,1,0,0,0,1,1,0,0,1,0,0,0,0,1,1,1,0,0,0,1,0,0,0,0,0,1,0,0,1,0,0,0,0,0,0,0,0,0,0,0,0,0,1,1,0,1,0,1,0,0,0,0,0,0,1,0,0,0,0,0,0,0,0,0,0,0,0,0,1,1,1,1,0,0,1,1,0,0,0,0,1,0,1,0,1,1,0,0,0,0,0,0,0,1,0,0,1,0,0,0,0,0,1,1,1,0,1,0,0,0,1,0,0,0,0,0,1,1,1,0,1,0,1,1,0,1,0,0,1,1,1,0,1,1,0,0,1,0,1,0,0,0,0,1,1,0,1,0,1,0,0,0,1,1,1,1,0,0,1,0,0,0,0,1,1,1,1,0,0,1,0,1,0,1,1,0,1,1
0,1,0,1,0,1,1,1,0,0,1,0,1,1,1,1,1,1,1,0,0,1,0,1,0,0,1,0,0,0,1,0,0,0,1,1,0,1,1,1,0,1,1,1,0,0,0,1,1,0,0,0,0,1,1,0,1,1,1,0,0,0,1,0,0,0,0,0,1,1,0,1,0,0,0,1,0,0,1,0,1,0,0,1,0,0,1,0,1,0,1,0,0,0,0,1,0,1,0,1,0,0,0,0,0,0,0,1,0,0,0,1,1,1,1,1,1,1,1,0,1,0,0,1,1,1,0,1,1,0,0,0,1,0,0,0,1,0,0,1,0,1,0,1,0,1,1,1,0,0,1,1,1,1,0,0,0,1,0,1,1,1,0,1,0,1,1,0,1,0,0,0,0,1,0,1,1,0,1,1,1,1,1,1,1,0,1,1,1,1,1,1,1,0,0,1,1,1,1,1,1,1,1,1,0,1,1,1,1,1,0,0,1,0,1,0,1,1,0,0,1
0,1,0,0,0,1,1,1,0,1,1,0,1,1,1,1,1,1,1,0,0,1,0,1,0,0,1,0,0,0,1,0,1,0,1,1,0,1,1,1,1,1,1,1,0,0,1,1,1,0,0,0,0,0,0,0,1,1,1,0,0,0,1,0,0,0,0,0,1,1,0,1,0,0,0,0,0,0,1,0,1,0,0,0,0,0,1,0,1,0,1,0,0,0,0,1,0,1,1,0,1,0,0,0,0,0,0,1,0,0,0,1,1,1,1,0,0,1,1,1,1,0,0,1,1,1,0,1,1,0,0,0,1,0,0,0,1,1,0,1,0,1,1,0,0,1,1,1,0,0,1,1,1,1,0,0,0,1,0,1,1,1,0,1,0,1,1,0,1,0,0,0,0,1,0,1,1,0,1,1,0,1,1,1,1,0,1,1,1,1,1,1,1,0,0,1,1,1,1,1,1,1,1,1,0,1,1,1,1,1,0,0,1,0,1,0,1,1,0,0,1
0,1,0,0,0,1,1,1,0,0,1,0,1,1,1,1,1,1,1,0,0,1,0,1,0,0,1,0,0,0,1,0,0,0,1,1,0,1,1,1,0,1,1,1,0,0,0,1,1,0,0,1,0,0,0,0,1,1,1,0,0,0,1,0,0,0,0,0,1,1,0,1,0,0,0,0,0,0,1,0,1,0,0,0,0,0,1,0,1,0,1,0,0,0,0,1,0,1,0,0,0,0,0,0,0,0,0,1,0,0,0,1,1,1,1,0,0,1,1,0,1,0,0,1,1,1,0,1,1,1,0,0,1,0,1,0,1,0,0,1,0,1,0,0,0,1,1,1,0,0,1,1,1,1,0,0,0,1,1,1,1,1,0,1,0,1,1,1,1,1,0,0,0,1,0,1,1,0,1,1,0,1,1,1,1,0,1,1,1,1,1,1,1,0,0,1,1,1,1,1,1,1,1,1,0,1,1,1,1,1,1,0,1,0,1,0,1,1,1,0,1
0,1,0,1,0,1,1,1,0,0,1,0,1,1,1,1,1,1,1,0,0,1,0,1,0,0,1,0,0,0,1,0,0,0,0,1,0,1,1,1,0,1,1,1,0,0,0,1,1,0,0,0,0,1,1,0,1,1,1,0,0,0,1,0,0,0,0,0,1,0,0,1,0,0,0,1,0,0,1,0,1,0,0,1,0,0,1,0,1,0,1,0,0,0,0,1,0,1,0,1,0,0,0,0,0,0,0,1,0,0,0,1,1,1,1,1,1,1,1,0,1,0,0,1,0,1,0,1,1,0,0,0,1,1,0,0,1,0,0,1,0,1,0,1,0,1,1,1,0,0,1,0,0,1,0,0,0,1,0,1,1,1,0,1,0,1,1,0,1,0,0,0,0,1,0,1,1,0,0,1,1,1,0,1,1,0,1,1,1,1,0,1,1,0,0,1,1,1,1,0,0,1,1,1,0,1,1,1,1,1,0,1,1,0,1,0,1,1,0,1,1
0,1,0,0,0,1,1,1,0,0,1,0,1,1,1,1,1,1,1,0,0,1,0,1,0,0,1,0,0,0,1,0,0,0,0,1,0,1,1,1,0,1,1,1,0,0,0,1,1,0,0,1,0,0,0,0,1,1,1,0,0,0,1,0,0,0,0,0,1,0,0,1,0,0,0,0,0,0,1,0,1,0,0,0,0,0,1,0,1,0,1,0,0,0,0,1,0,1,0,0,0,0,0,0,0,0,0,1,0,0,0,1,1,1,1,0,0,1,1,0,1,0,0,1,0,1,0,1,1,0,0,0,1,0,0,0,1,0,0,1,0,1,0,0,0,1,1,1,0,0,1,0,0,1,0,0,0,1,0,1,1,1,0,1,0,1,1,0,1,0,0,0,0,1,0,1,1,0,0,1,0,1,0,1,1,0,1,1,1,1,0,1,1,0,0,1,1,1,1,0,0,1,1,1,0,1,1,1,1,1,0,0,1,0,1,0,1,1,0,0,1
0,1,0,0,0,1,1,1,0,0,1,0,0,1,0,1,1,1,1,0,0,1,0,1,0,0,1,0,0,0,1,0,0,0,1,0,0,1,1,1,0,1,1,1,0,0,0,1,1,0,0,1,0,0,0,0,1,1,1,0,0,0,1,0,0,0,0,0,1,1,1,0,0,0,1,0,0,0,0,1,0,0,1,0,0,0,0,1,1,0,1,0,0,0,0,0,0,1,0,0,0,0,0,0,0,0,0,0,0,1,0,1,1,1,1,0,0,1,1,0,0,1,0,1,0,1,0,1,1,1,1,0,0,0,0,0,1,0,0,1,0,0,0,0,0,1,1,1,0,0,0,0,1,1,0,0,0,0,0,1,1,1,0,1,0,1,1,1,1,0,0,0,0,1,0,1,1,0,0,1,0,1,1,0,0,0,1,1,0,1,1,1,0,0,0,1,1,1,1,1,1,1,1,0,0,0,1,1,1,1,1,0,1,0,1,1,1,1,1,0,1
0,1,0,0,0,1,1,1,0,0,1,0,1,1,1,1,1,1,1,0,0,1,1,1,1,0,1,0,1,0,1,0,0,0,0,1,0,1,1,1,0,1,1,1,0,0,0,1,1,0,0,1,0,0,0,0,1,1,1,1,0,0,1,0,0,0,0,0,1,0,0,1,0,0,0,0,0,0,1,0,1,0,0,0,0,0,1,0,1,0,1,0,0,0,0,1,0,1,0,0,0,0,0,0,0,0,0,1,0,0,0,1,1,1,1,0,0,1,1,0,1,0,0,1,1,1,0,1,1,1,0,0,1,0,0,0,1,0,0,1,0,1,0,0,0,1,1,1,0,0,1,1,0,1,0,0,0,1,0,1,1,1,0,1,0,1,1,1,1,0,0,0,0,1,0,1,1,0,1,1,0,1,0,1,1,0,1,1,1,1,1,1,1,0,0,1,1,1,1,1,1,1,1,1,0,1,1,1,1,1,1,0,1,0,1,1,1,1,1,0,1
0,1,0,0,0,1,1,1,0,0,1,0,0,1,0,1,1,1,1,0,1,1,0,1,1,0,1,0,0,0,1,0,0,0,0,0,0,1,1,1,0,1,1,1,0,0,0,1,1,0,0,1,0,0,0,0,1,1,1,0,0,0,1,0,0,0,0,0,1,0,1,0,0,0,1,0,0,0,0,1,0,0,1,0,0,0,0,1,1,0,1,0,0,0,0,0,0,1,0,0,0,0,0,0,0,0,0,0,0,1,0,1,1,1,1,0,0,1,1,0,0,1,0,1,0,1,0,1,1,1,1,0,0,0,0,0,1,0,0,1,0,0,0,0,0,1,1,1,0,0,0,0,0,1,0,0,0,0,0,1,1,1,0,1,0,1,1,1,1,0,0,0,0,1,0,1,1,0,0,1,0,1,0,0,0,0,1,1,0,1,1,1,0,0,0,1,1,1,1,1,1,1,1,0,0,0,1,1,1,1,1,0,1,0,1,1,1,1,1,0,1
0,1,0,0,0,1,1,1,0,0,1,0,0,1,0,1,1,1,1,1,1,1,0,1,0,1,1,0,1,0,1,0,0,0,1,0,0,0,1,1,0,1,1,1,1,1,0,1,1,1,1,1,0,1,1,0,1,1,1,1,1,1,1,0,0,1,1,1,1,1,1,0,1,0,1,1,0,0,0,1,0,1,1,1,0,0,0,1,1,1,1,1,0,0,1,0,1,1,0,1,0,1,0,1,1,0,1,0,0,1,1,1,1,1,1,1,1,1,1,0,0,1,0,1,0,1,0,1,1,1,1,1,0,0,0,1,1,0,0,1,0,0,0,1,0,1,1,1,0,0,0,0,1,1,0,0,0,0,0,1,1,1,0,1,0,1,1,1,1,0,0,0,0,1,0,1,1,1,0,1,1,1,1,0,0,0,1,1,0,1,1,1,0,0,0,1,1,1,1,1,1,1,1,0,0,0,1,1,1,1,1,0,1,0,1,1,1,1,1,0,1
0,1,0,0,0,1,1,1,0,0,1,0,0,1,0,1,1,1,1,1,1,1,0,1,1,0,1,0,0,0,1,0,0,0,0,0,0,1,1,1,0,1,1,1,0,0,0,1,1,0,0,1,0,0,0,0,1,1,1,0,0,0,1,0,0,0,0,0,1,0,0,0,0,0,0,0,0,0,0,0,0,0,0,0,0,0,0,0,1,0,1,0,0,0,0,0,0,1,0,0,0,0,0,0,0,0,0,0,0,0,0,1,1,1,1,0,0,1,1,0,0,0,0,1,0,1,0,1,1,1,0,0,0,0,0,0,1,0,0,1,0,0,0,0,0,1,1,1,0,0,0,0,0,1,0,0,0,0,0,1,1,1,0,1,0,1,1,1,1,0,0,0,0,1,0,1,1,0,0,1,0,1,0,0,0,0,1,1,0,1,1,1,0,0,0,1,1,1,1,1,1,1,1,0,0,0,1,1,1,1,1,0,1,0,1,1,1,1,1,0,1
0,1,0,0,0,1,1,1,0,0,1,0,0,1,0,0,0,1,1,0,0,1,1,0,0,1,1,0,1,1,1,0,0,0,1,0,0,0,0,1,0,0,0,1,0,0,0,0,1,0,0,1,0,0,0,0,0,1,1,1,0,0,0,0,0,0,0,0,1,1,0,1,0,1,0,0,0,0,0,0,1,0,0,0,0,0,0,0,0,0,1,0,0,0,0,1,0,1,0,0,0,0,0,0,0,0,0,1,0,0,0,0,1,1,1,0,0,1,0,0,1,0,0,1,0,1,0,1,1,1,0,0,1,0,1,0,1,0,0,1,0,1,0,0,0,1,1,0,0,0,1,0,1,1,1,0,0,1,1,1,0,1,1,0,0,1,0,1,1,1,0,0,0,1,0,1,0,0,0,1,0,1,1,1,1,0,1,0,1,1,1,0,1,1,0,1,1,1,1,1,1,0,0,1,1,0,1,1,1,0,1,0,1,1,1,0,1,0,1,0,1
0,0,0,0,0,1,1,1,0,0,1,0,0,1,1,0,0,0,0,0,0,0,0,0,0,0,0,0,0,0,1,0,0,1,0,1,0,0,0,1,0,1,1,1,0,0,0,1,1,0,0,1,0,0,0,0,1,1,1,0,0,0,0,1,1,0,0,0,1,0,0,1,0,0,0,0,0,0,0,0,0,0,0,0,0,1,1,0,0,0,1,0,0,0,0,0,0,1,0,0,0,0,0,0,0,1,0,0,0,0,0,1,1,1,0,0,0,1,0,0,0,0,0,1,0,0,0,1,1,0,0,0,0,0,0,0,1,0,0,1,0,0,0,0,0,1,1,0,0,1,1,0,0,1,1,0,1,0,0,1,0,0,1,0,0,1,0,0,1,0,1,1,1,1,0,1,0,0,0,0,0,1,0,0,0,0,1,0,0,1,1,0,0,0,0,1,1,1,1,1,1,0,0,0,0,1,1,0,1,0,1,0,0,0,0,0,1,0,1,0,0
1,1,0,1,0,1,1,0,0,0,1,0,1,1,1,0,0,1,1,0,0,1,1,0,0,0,1,0,0,0,1,0,0,1,0,1,1,0,1,1,0,1,0,1,0,0,0,1,0,0,0,1,1,1,1,0,1,1,1,0,0,0,1,1,1,0,0,0,1,0,0,1,0,0,0,1,0,0,0,0,0,0,0,1,0,1,1,0,1,0,1,0,0,0,0,0,1,1,0,1,0,0,0,0,0,1,0,0,0,0,0,1,1,1,0,1,1,1,1,0,0,0,1,1,0,0,0,1,1,0,0,0,0,0,0,1,1,0,0,1,0,0,0,1,0,1,1,1,0,1,0,0,0,1,0,0,1,0,0,1,1,0,0,1,1,1,0,0,1,0,1,1,1,1,1,1,1,1,0,0,1,1,0,0,0,1,1,1,0,1,0,1,0,0,0,1,1,1,1,0,0,1,0,0,0,1,1,0,1,0,0,1,0,0,0,0,1,0,0,1,0
0,1,0,0,0,1,1,1,0,0,1,0,0,1,1,0,0,1,1,0,0,0,0,0,0,0,1,0,0,0,1,0,0,1,0,1,1,0,1,1,0,0,1,1,0,0,0,0,1,0,0,1,0,1,1,0,1,1,1,0,0,0,0,1,1,0,0,0,1,0,0,1,0,0,0,1,0,0,0,0,0,0,0,1,0,1,1,0,1,0,1,0,0,0,0,0,1,1,0,1,0,0,0,0,0,0,0,0,0,0,0,0,1,1,0,1,1,1,1,0,0,0,0,1,0,0,0,1,1,0,0,0,0,0,0,1,1,0,0,1,0,0,0,1,0,1,1,1,0,1,1,0,0,1,1,0,1,0,0,1,1,0,1,1,0,1,0,0,1,0,1,1,0,1,0,1,0,1,0,0,1,1,0,0,0,0,1,0,0,1,1,0,0,0,0,1,1,1,1,1,1,0,0,0,0,1,1,0,1,0,1,0,0,0,0,0,1,0,1,0,0
1,1,0,1,0,1,1,0,0,0,1,0,1,1,1,0,0,1,1,0,0,1,1,0,0,0,1,0,0,0,1,0,0,1,0,1,0,1,1,1,0,1,0,1,0,0,0,1,0,0,0,1,1,1,1,0,1,1,1,0,0,0,1,1,1,0,0,0,1,0,0,1,0,0,0,1,0,0,0,0,0,0,0,1,0,1,1,0,1,0,1,0,0,0,0,0,1,1,0,1,0,0,0,0,0,1,0,0,0,0,0,1,1,1,0,1,1,1,1,0,0,0,1,1,0,0,0,1,1,0,0,0,0,0,0,1,1,0,0,1,0,0,0,1,0,1,1,1,0,1,0,0,0,1,0,0,1,0,0,1,1,0,0,1,1,1,0,0,1,0,1,1,1,1,1,1,1,1,0,0,1,1,0,0,0,1,1,1,0,1,0,1,0,0,0,1,1,1,1,0,0,1,0,0,0,1,1,0,1,0,0,1,0,0,0,0,1,0,0,1,0
0,1,0,0,0,1,1,0,0,0,0,0,0,0,0,1,1,1,1,0,1,1,0,1,0,1,1,0,1,0,1,0,0,0,0,0,1,0,0,1,0,1,1,1,0,0,0,1,1,0,0,1,0,0,0,0,1,1,1,0,0,0,1,0,0,0,0,0,1,0,0,1,0,1,0,0,0,0,1,0,1,0,0,0,0,0,1,0,1,0,1,0,0,0,0,1,0,1,0,0,0,0,0,0,0,0,0,1,0,0,0,1,1,1,0,0,0,1,1,0,1,0,0,1,0,0,0,1,1,1,0,0,1,0,1,0,1,0,0,1,0,1,0,0,0,1,1,1,0,0,1,0,0,1,1,0,1,1,1,1,1,0,1,1,0,1,1,1,1,1,0,0,0,1,0,1,1,0,0,0,0,1,0,1,1,0,1,0,1,1,1,1,1,1,0,1,1,1,1,1,1,1,0,1,1,0,1,1,0,0,1,0,0,0,1,0,0,0,1,0,0
1,1,1,1,1,1,0,0,0,0,1,0,1,1,0,1,1,1,1,1,1,1,1,1,1,1,1,0,1,1,1,0,0,1,0,0,1,0,1,1,0,1,0,1,1,1,0,1,0,1,1,0,0,1,1,0,0,0,0,1,1,1,1,1,1,1,0,1,0,0,1,1,1,1,1,1,0,0,0,1,1,1,1,1,0,0,0,1,1,1,0,1,0,0,1,1,1,0,0,1,0,1,0,1,1,1,1,1,0,1,1,1,0,0,0,1,1,0,1,0,1,1,0,0,0,0,1,0,0,0,1,1,1,0,0,1,0,0,0,0,0,1,0,1,0,0,0,1,1,0,0,0,0,0,0,0,0,1,0,0,1,0,0,1,0,0,0,0,0,0,1,0,0,0,0,0,1,1,0,0,1,0,0,1,1,0,0,0,1,0,0,0,1,0,1,1,1,0,0,0,0,0,0,1,0,0,1,0,0,0,0,1,0,0,0,1,0,0,0,1,0
0,1,0,0,0,1,1,0,0,0,0,0,0,0,0,1,1,1,0,0,1,1,0,0,0,1,1,0,0,0,1,0,0,0,0,0,1,0,0,1,0,1,1,1,0,0,0,1,1,0,0,1,0,0,0,0,1,1,1,0,0,0,1,0,0,0,0,0,1,0,0,1,0,1,0,0,0,0,1,0,1,0,0,0,0,0,1,0,0,0,1,0,0,0,0,1,0,1,0,0,0,0,0,0,0,0,0,1,0,0,0,1,1,1,0,0,0,1,0,0,1,0,0,1,0,0,0,1,1,1,0,0,1,0,1,0,1,0,0,1,0,1,0,0,0,1,1,0,0,0,1,0,0,1,1,0,1,1,1,1,0,0,1,0,0,1,1,1,1,1,0,0,0,1,0,1,1,0,0,0,0,1,0,1,1,0,1,0,1,1,1,1,1,1,0,1,1,1,1,1,1,1,0,1,1,0,1,1,0,0,1,0,0,0,1,0,0,0,1,0,0
0,1,0,0,0,1,1,0,0,0,0,0,0,0,0,1,1,1,1,0,1,1,0,1,0,1,1,0,1,0,1,0,0,0,0,0,1,0,0,1,0,1,1,1,0,0,0,1,1,0,0,1,0,0,0,0,1,1,1,0,0,0,1,0,0,0,0,0,1,0,0,1,0,1,0,0,0,0,1,0,1,0,0,0,0,0,1,0,1,0,1,0,0,0,0,1,0,1,0,0,0,0,0,0,0,0,0,1,0,0,0,1,1,1,0,0,0,1,1,0,1,0,0,1,0,0,0,1,1,1,0,0,1,0,1,0,1,0,0,1,0,1,0,0,0,1,1,1,0,0,1,0,0,1,1,0,1,1,1,1,1,0,1,1,0,1,0,1,1,1,0,0,0,1,0,1,1,0,0,0,0,1,0,1,1,0,1,1,1,1,1,0,1,1,0,1,1,1,1,1,1,0,0,1,1,0,1,1,0,0,1,0,0,0,1,0,0,0,1,0,0
0,1,0,0,0,1,1,0,0,0,0,0,0,0,0,1,1,1,1,0,1,1,0,1,0,1,1,0,1,0,1,0,0,0,0,0,1,0,0,1,0,1,1,1,0,0,0,1,1,0,0,1,0,0,0,0,1,1,1,0,0,0,1,0,0,0,0,0,1,0,0,1,0,1,0,0,0,0,1,0,1,0,0,0,0,0,1,0,1,0,1,0,0,0,0,1,0,1,0,0,0,0,0,0,0,0,0,1,0,0,0,1,1,1,0,0,0,1,1,0,1,0,0,1,0,0,0,1,1,1,0,0,1,0,1,0,1,0,0,1,0,1,0,0,0,1,1,1,0,0,1,0,0,1,1,0,1,1,1,1,1,0,1,1,0,1,0,1,1,1,0,0,0,1,0,1,1,0,0,0,0,1,0,1,1,0,1,1,1,1,1,0,1,1,0,1,1,1,1,1,1,0,0,1,1,0,1,1,0,0,1,0,0,0,1,1,0,0,1,0,0
0,1,0,0,0,1,1,0,0,0,0,0,0,0,0,1,1,1,0,0,1,1,0,0,0,1,1,0,0,0,1,0,0,0,0,0,1,0,0,1,0,1,1,1,0,0,0,1,1,0,0,1,0,0,0,0,1,1,1,0,0,0,1,0,0,0,0,0,1,0,0,1,0,1,0,0,0,0,1,0,1,0,0,0,0,0,1,0,0,0,1,0,0,0,0,1,0,1,0,0,0,0,0,0,0,0,0,1,0,0,0,1,1,1,0,0,0,1,0,0,1,0,0,1,0,0,0,1,1,1,0,0,1,0,1,0,1,0,0,1,0,1,0,0,0,1,1,0,0,0,1,0,0,1,1,0,1,1,1,1,0,0,1,0,0,1,0,1,1,1,0,0,0,1,0,1,1,0,0,0,0,1,0,1,1,0,1,1,1,1,1,0,1,1,0,1,1,1,1,1,1,0,0,1,1,0,1,1,0,0,1,0,0,0,1,0,0,0,1,0,0
0,1,0,0,0,1,1,0,0,0,0,0,0,0,0,0,1,1,1,0,0,1,0,0,0,1,1,0,1,0,1,0,0,0,0,0,0,0,0,1,0,1,1,1,0,0,0,1,1,0,0,1,0,0,0,0,1,1,1,0,0,0,1,0,0,0,0,0,1,0,0,1,0,1,0,0,0,0,1,0,1,0,0,0,0,0,1,0,1,0,1,0,0,0,0,1,0,1,0,0,0,0,0,0,0,0,0,1,0,0,0,1,1,1,0,0,0,1,1,0,1,0,0,1,0,0,0,1,1,1,0,0,1,0,1,0,1,0,0,1,0,1,0,0,0,1,1,1,0,0,1,0,0,1,1,0,1,1,1,1,1,0,1,1,0,1,1,1,1,1,0,0,0,1,0,1,1,0,0,0,0,1,0,1,1,0,1,0,1,1,1,0,1,1,0,1,1,1,1,1,1,0,0,1,1,0,1,1,0,0,1,0,0,0,1,0,0,0,1,0,0
0,1,0,0,0,1,1,0,0,0,0,0,0,0,0,0,1,1,1,0,0,1,0,0,0,1,1,0,1,0,1,0,0,0,0,0,0,1,1,1,0,1,1,1,0,0,0,1,1,0,0,1,0,0,0,0,1,1,1,0,0,0,1,0,0,0,0,0,1,0,0,1,0,1,0,0,0,0,1,0,1,0,0,0,0,0,1,0,1,0,1,0,0,0,0,1,0,1,0,0,0,0,0,0,0,0,0,1,0,0,0,1,1,1,0,0,0,1,1,0,1,0,0,1,0,0,0,1,1,1,0,0,1,0,1,0,1,0,0,1,0,1,0,0,0,1,1,1,0,0,1,0,0,1,1,0,1,1,1,1,1,0,1,1,0,1,1,1,1,1,0,0,0,1,0,1,1,0,0,0,0,1,0,1,1,0,1,0,1,1,1,0,1,1,0,1,1,1,1,1,1,0,0,1,1,0,1,1,0,0,1,0,0,0,1,0,0,0,1,0,0
0,1,0,0,0,1,1,0,0,0,0,0,0,0,0,0,1,1,1,0,0,1,0,0,0,1,1,0,1,0,1,0,0,0,0,0,0,0,0,1,0,1,1,1,0,0,0,1,1,0,0,1,0,0,0,0,1,1,1,0,0,0,1,0,0,0,0,0,1,0,0,1,0,1,0,0,0,0,1,0,1,0,0,0,0,0,1,0,1,0,1,0,0,0,0,1,0,1,0,0,0,0,0,0,0,0,0,1,0,0,0,1,1,1,0,0,0,1,1,0,1,0,0,1,0,0,0,1,1,1,0,0,1,0,1,0,1,0,0,1,0,1,0,0,0,1,1,1,0,0,1,0,0,1,1,0,1,1,1,1,1,0,1,1,0,1,0,1,1,1,0,0,0,1,0,1,1,0,0,0,0,1,0,1,1,0,1,0,1,1,1,1,1,1,0,1,1,1,1,1,1,1,0,1,1,0,1,1,0,0,1,0,0,0,1,1,0,0,1,0,0
0,1,0,0,0,1,1,0,0,0,0,0,0,0,0,0,1,1,1,0,0,1,0,0,0,1,1,0,1,0,1,0,0,0,0,0,0,0,0,1,0,1,1,1,0,0,0,1,1,0,0,1,0,0,0,0,1,1,1,0,0,0,1,0,0,0,0,0,1,0,0,1,0,1,0,0,0,0,1,0,1,0,0,0,0,0,1,0,1,0,1,0,0,0,0,1,0,1,0,0,0,0,0,0,0,0,0,1,0,0,0,1,1,1,0,0,0,1,1,0,1,0,0,1,0,0,0,1,1,1,0,0,1,0,1,0,1,0,0,1,0,1,0,0,0,1,1,1,0,0,1,0,0,1,1,0,1,1,1,1,1,0,1,1,0,1,0,1,1,1,0,0,0,1,0,1,1,0,0,0,0,1,0,1,1,0,1,0,1,1,1,0,1,1,0,1,1,1,1,1,1,0,0,1,1,0,1,1,0,0,1,0,0,1,1,0,0,0,1,0,0
0,1,0,0,0,1,1,1,0,0,0,0,0,0,0,0,1,1,1,0,0,1,0,0,0,1,1,0,1,0,1,0,0,0,1,0,0,0,0,1,0,1,1,1,0,0,0,1,1,0,0,1,0,0,0,0,1,1,1,0,0,0,1,0,0,0,0,0,1,1,0,1,0,1,0,0,0,0,1,0,1,0,0,0,0,0,1,0,1,0,1,0,0,0,0,1,0,1,0,0,0,0,0,0,0,0,0,1,0,0,0,1,1,1,0,0,0,1,1,0,1,0,0,1,0,0,0,1,1,1,0,0,1,0,1,0,1,0,0,1,0,1,0,0,0,1,1,1,0,0,1,0,1,1,1,0,1,1,1,1,1,0,1,1,0,1,0,1,1,1,0,0,0,1,0,1,1,0,0,0,0,1,1,1,1,0,1,0,1,1,1,0,1,1,0,1,1,1,1,1,1,0,0,1,1,0,1,1,0,0,1,0,0,1,1,0,0,0,1,0,0
0,1,0,0,0,1,1,1,0,0,0,0,0,0,0,0,1,1,1,0,0,1,1,1,0,1,1,0,1,1,1,0,0,0,1,0,0,0,0,1,0,1,1,1,0,0,0,1,1,0,0,1,0,0,0,0,1,1,1,0,0,0,1,0,0,0,0,0,1,1,0,1,0,1,0,0,0,0,1,0,1,0,0,0,0,0,1,0,1,0,1,0,0,0,0,1,0,1,0,0,0,0,0,0,0,0,0,1,0,0,0,1,1,1,0,0,0,1,1,0,1,0,0,1,0,0,0,1,1,1,0,0,1,0,1,0,1,0,0,1,0,1,0,0,0,1,1,1,0,0,1,0,1,1,1,0,1,1,1,1,1,0,1,1,0,1,0,1,1,1,0,0,0,1,0,1,1,0,0,0,0,1,1,1,1,0,1,0,1,1,1,0,1,1,0,1,1,1,1,1,1,0,0,1,1,0,1,1,0,0,1,0,0,1,1,0,0,0,1,0,0
0,1,0,0,0,1,1,1,0,0,0,0,0,0,0,0,1,1,1,0,0,1,1,1,0,1,1,0,1,1,1,0,0,0,1,0,0,0,0,1,0,1,1,1,0,0,0,1,1,0,0,1,0,0,0,0,1,1,1,0,0,0,1,0,0,0,0,0,1,1,0,1,0,1,0,0,0,0,1,0,1,0,0,0,0,0,1,0,1,0,1,0,0,0,0,1,0,1,0,0,0,0,0,0,0,0,0,1,0,0,0,1,1,1,0,0,0,1,1,0,1,0,0,1,0,0,0,1,1,1,0,0,1,0,1,0,1,0,0,1,0,1,0,0,0,1,1,1,0,0,1,0,1,1,1,0,1,1,1,1,1,0,1,1,0,1,0,1,1,1,0,0,0,1,0,1,1,0,0,0,0,1,1,1,1,0,1,0,1,1,1,0,1,1,0,1,1,1,1,1,1,0,0,1,1,0,1,1,0,0,1,0,0,1,1,0,0,0,1,0,0
0,1,0,0,0,1,1,1,0,0,0,0,0,0,0,1,1,1,0,0,1,1,0,0,0,1,1,0,0,0,1,0,0,0,1,0,1,0,0,1,0,1,1,1,0,0,0,1,1,0,0,1,0,0,0,0,1,1,1,0,0,0,1,0,0,0,0,0,1,1,0,1,0,1,0,0,0,0,1,0,1,0,0,0,0,0,1,0,0,0,1,0,0,0,0,1,0,1,0,0,0,0,0,0,0,0,0,1,0,0,0,1,1,1,0,0,0,1,0,0,1,0,0,1,0,0,0,1,1,1,0,0,1,0,1,0,1,0,0,1,0,1,0,0,0,1,1,0,0,0,1,0,1,1,1,0,1,1,1,1,0,0,1,0,0,1,1,1,1,1,0,0,0,1,0,1,1,0,0,0,0,1,0,1,1,0,1,0,1,1,1,1,1,1,0,1,1,1,1,1,1,1,0,1,1,0,1,1,0,0,1,0,0,0,1,0,0,0,1,0,0
0,1,0,0,0,1,1,0,0,0,0,0,0,0,0,0,1,1,1,0,0,1,1,1,0,1,1,0,1,1,1,0,0,0,0,0,0,0,0,1,0,1,1,1,0,0,0,1,1,0,0,1,0,0,0,0,1,1,1,0,0,0,1,0,0,0,0,0,1,0,0,1,0,1,0,0,0,0,1,0,1,0,0,0,0,0,1,0,1,0,1,0,0,0,0,1,0,1,0,0,0,0,0,0,0,0,0,1,0,0,0,1,1,1,0,0,0,1,1,0,1,0,0,1,0,0,0,1,1,1,0,0,1,0,1,0,1,0,0,1,0,1,0,0,0,1,1,1,0,0,1,0,0,1,1,0,1,1,1,1,1,0,1,1,0,1,0,1,1,1,0,0,0,1,0,1,1,0,0,0,0,1,0,1,1,0,1,0,1,1,1,0,1,1,0,1,1,1,1,1,1,0,0,1,1,0,1,1,0,0,1,0,0,1,1,0,0,0,1,0,0
0,1,0,0,0,1,1,0,0,0,0,0,0,0,0,1,1,1,1,0,1,1,0,1,0,1,1,0,1,0,1,0,0,0,0,0,1,0,0,1,0,1,1,1,0,0,0,1,1,0,0,1,0,0,0,0,1,1,1,0,0,0,1,0,0,0,0,0,1,0,0,1,0,1,0,0,0,0,1,0,1,0,0,0,0,0,1,0,1,0,1,0,0,0,0,1,0,1,0,0,0,0,0,0,0,0,0,1,0,0,0,1,1,1,0,0,0,1,1,0,1,0,0,1,0,0,0,1,1,1,0,0,1,0,1,0,1,0,0,1,0,1,0,0,0,1,1,1,0,0,1,0,0,1,1,0,1,1,1,1,1,0,1,1,0,1,1,1,1,1,0,0,0,1,0,1,1,0,0,0,0,1,0,1,1,0,1,0,1,1,1,1,1,1,0,1,1,1,1,1,1,1,0,1,1,0,1,1,0,0,1,0,0,0,1,0,0,0,1,0,0
0,1,0,0,0,1,1,0,0,0,0,0,0,0,0,1,1,1,1,0,1,1,0,1,0,1,1,0,1,0,1,0,0,0,0,0,1,0,0,1,0,1,1,1,0,0,0,1,1,0,0,1,0,0,0,0,1,1,1,0,0,0,1,0,0,0,0,0,1,0,0,1,0,1,0,0,0,0,1,0,1,0,0,0,0,0,1,0,1,0,1,0,0,0,0,1,0,1,0,0,0,0,0,0,0,0,0,1,0,0,0,1,1,1,0,0,0,1,1,0,1,0,0,1,0,0,0,1,1,1,0,0,1,0,1,0,1,0,0,1,0,1,0,0,0,1,1,1,0,0,1,0,0,1,1,0,1,1,1,1,1,0,1,1,0,1,0,1,1,1,0,0,0,1,0,1,1,0,0,0,0,1,0,1,1,0,1,1,1,1,1,0,1,1,0,1,1,1,1,1,1,0,0,1,1,0,1,1,0,0,1,0,0,0,1,0,0,0,1,0,0
0,0,0,1,0,1,1,1,0,0,0,0,0,0,0,1,1,1,0,0,1,0,0,0,0,1,0,0,0,0,1,0,0,0,1,0,0,0,1,1,0,1,1,1,1,1,0,1,1,0,0,0,0,1,0,0,1,1,1,0,0,1,0,0,0,1,0,1,1,1,1,0,1,0,1,1,0,0,0,1,0,0,1,1,0,0,0,1,1,1,0,1,0,0,0,0,1,1,0,1,0,1,0,0,1,0,1,0,0,1,1,0,1,1,0,1,1,1,1,0,0,1,0,0,1,1,0,1,1,0,1,1,0,0,0,1,0,0,0,0,0,0,0,1,0,0,1,1,0,0,1,0,1,1,0,0,0,0,0,0,1,0,0,1,0,1,0,1,1,0,0,0,0,1,0,1,1,1,1,1,1,0,1,0,0,0,1,1,0,1,1,0,0,0,0,1,0,1,0,1,1,0,0,0,0,0,0,0,0,0,0,0,0,0,0,0,0,0,0,0,0
0,1,0,0,0,1,1,1,0,0,0,0,0,0,0,0,1,1,1,0,0,1,0,0,0,1,1,0,1,0,1,0,0,0,1,0,0,0,0,1,0,1,1,1,0,0,0,1,1,0,0,1,0,0,0,0,1,1,1,0,0,0,1,0,0,0,0,0,1,1,0,1,0,1,0,0,0,0,1,0,1,0,0,0,0,0,1,0,1,0,1,0,0,0,0,1,0,1,0,0,0,0,0,0,0,0,0,1,0,0,0,1,1,1,0,0,0,1,1,0,1,0,0,1,0,0,0,1,1,1,0,0,1,0,1,0,1,0,0,1,0,1,0,0,0,1,1,1,0,0,1,0,1,1,1,0,1,1,1,1,1,0,1,1,0,1,1,1,1,1,0,0,0,1,0,1,1,0,0,0,0,1,1,1,1,0,1,0,1,1,1,0,1,1,0,1,1,1,1,1,1,0,0,1,1,0,1,1,0,0,1,0,0,1,1,0,0,0,1,0,0
0,1,0,1,1,1,1,1,0,0,1,0,1,1,0,1,1,1,0,0,1,0,0,0,0,1,1,1,0,0,1,0,0,0,1,0,0,0,1,1,0,1,1,1,1,1,0,1,1,1,1,0,0,1,0,0,1,1,1,0,0,1,0,0,0,1,0,1,1,1,1,0,1,0,1,1,0,0,0,1,0,1,1,1,0,0,0,1,1,1,0,1,0,0,1,0,1,1,0,1,0,1,0,1,1,0,1,0,0,1,1,1,1,1,0,1,1,1,1,0,0,1,0,0,1,1,1,1,1,0,1,1,0,0,0,1,0,0,0,0,0,0,0,1,0,0,1,1,1,0,1,0,1,1,0,0,0,0,0,0,1,0,0,1,0,1,0,1,1,0,0,0,0,1,0,1,1,1,1,1,1,0,1,0,0,0,1,1,0,1,1,1,0,0,0,1,0,1,0,1,1,0,1,0,0,0,0,0,0,0,0,0,0,0,0,0,0,0,0,0,0
1,1,0,1,1,1,1,1,0,0,1,0,1,1,0,1,1,1,0,0,1,0,0,0,0,1,1,1,0,0,1,0,0,0,1,0,0,0,1,1,0,1,1,1,1,1,0,1,1,1,1,0,0,1,0,0,1,1,1,0,0,1,0,0,0,1,0,1,1,1,1,0,1,0,1,1,0,0,0,1,0,1,1,1,0,0,0,1,1,1,0,1,0,0,1,0,1,1,0,1,0,1,0,1,1,0,1,0,0,1,1,1,1,1,0,1,1,1,1,0,0,1,0,0,1,1,1,1,1,0,1,1,0,0,0,1,0,0,0,0,0,0,0,1,0,0,1,1,1,0,1,0,1,1,0,0,0,0,0,0,1,0,0,1,0,1,0,1,1,0,0,0,0,1,0,1,1,1,1,1,1,0,1,0,0,0,1,1,0,1,1,1,0,0,0,1,0,1,0,1,1,0,1,0,0,0,0,0,0,0,0,0,0,0,0,0,0,0,0,0,0
1,1,0,1,0,1,1,0,0,0,0,0,0,0,0,1,1,1,1,0,0,1,1,1,0,1,1,0,1,0,1,0,0,1,0,0,0,0,1,1,0,1,0,1,1,1,0,1,1,0,0,1,0,1,1,0,1,1,1,1,1,1,0,1,1,1,0,1,1,0,1,1,1,0,0,1,0,0,1,1,1,0,0,1,0,0,1,1,1,1,1,1,0,0,0,1,1,1,0,1,0,1,0,0,1,1,1,1,0,1,1,1,1,1,0,1,1,1,1,0,1,1,0,1,0,0,0,1,1,1,1,1,1,0,1,1,1,0,1,1,0,1,0,1,1,1,1,1,0,0,0,0,0,1,0,1,0,1,1,1,1,0,0,1,0,1,0,1,1,1,1,0,0,1,0,1,1,1,0,0,1,1,0,1,0,0,1,0,1,1,0,0,1,0,0,1,1,1,1,0,0,0,0,1,0,0,1,0,1,1,1,1,0,0,0,0,1,1,1,1,0
1,1,0,1,0,1,1,0,0,1,0,0,0,0,0,1,1,1,1,0,0,1,1,1,0,1,1,0,1,0,1,0,1,1,0,0,0,0,1,1,1,1,0,1,1,1,1,1,1,0,0,1,0,1,1,0,1,1,1,1,1,1,0,1,1,1,0,1,1,0,1,1,1,0,0,1,0,0,1,1,1,0,0,1,0,0,1,1,1,1,1,1,0,0,0,1,1,1,1,1,1,1,0,0,1,1,1,1,0,1,1,1,1,1,0,1,1,1,1,1,1,1,0,1,0,0,0,1,1,1,1,1,1,0,1,1,1,1,1,1,0,1,1,1,1,1,1,1,0,0,0,0,0,1,0,1,0,1,1,1,1,0,0,1,0,1,0,1,1,1,1,0,0,1,0,1,1,1,0,0,1,1,0,1,0,0,1,0,1,1,0,0,1,0,0,1,1,1,1,0,0,0,0,1,0,0,1,0,1,1,1,1,0,0,0,0,1,1,1,1,0
1,1,0,1,0,1,0,0,0,0,0,0,0,0,0,1,1,1,1,0,0,1,1,1,0,1,1,0,1,0,1,0,0,1,0,0,0,0,1,1,0,1,0,1,1,1,0,1,1,0,0,1,0,1,1,0,0,1,1,1,1,1,0,1,1,1,0,1,1,0,1,0,1,0,0,1,0,0,0,1,0,0,0,1,0,0,0,1,1,1,1,1,0,0,0,0,1,1,0,1,0,1,0,0,1,1,1,0,0,1,1,1,1,1,0,1,1,1,1,0,0,1,0,1,0,0,0,1,1,0,1,1,0,0,0,1,1,0,1,1,0,0,0,1,1,1,1,1,0,0,0,0,0,1,0,1,0,0,0,1,1,0,0,1,0,1,0,0,1,0,1,0,0,1,0,1,1,1,0,0,1,1,0,0,0,0,1,0,0,1,0,0,0,0,0,1,1,1,1,0,0,0,0,0,0,0,0,0,1,0,0,1,0,0,0,0,1,0,0,1,0
1,1,0,1,0,1,1,1,0,0,0,0,0,0,0,1,1,1,1,0,0,1,1,1,0,1,1,0,1,0,1,0,0,1,0,0,0,0,1,1,0,1,0,1,1,1,0,1,1,0,0,1,0,1,1,0,1,1,1,1,1,1,0,1,1,1,0,1,1,0,1,1,1,0,0,1,0,0,1,1,1,0,0,1,0,0,1,1,1,1,1,1,0,0,0,1,1,1,0,1,0,1,0,0,1,1,1,1,0,1,1,1,1,1,0,1,1,1,1,0,1,1,0,1,0,0,0,1,1,1,1,1,1,0,1,1,1,0,1,1,0,1,0,1,1,1,1,1,0,0,0,0,0,1,0,1,0,1,1,1,1,0,0,1,0,1,0,1,1,1,1,0,0,1,0,1,1,1,0,0,1,1,0,1,0,0,1,1,1,1,0,0,1,0,0,1,1,1,1,0,0,0,0,1,0,0,1,0,1,1,1,1,0,0,0,0,1,1,1,1,0
1,1,0,1,0,1,0,0,0,1,0,0,0,0,0,1,1,1,1,0,0,1,1,1,0,1,1,0,1,0,1,0,1,1,0,0,0,0,1,1,1,1,0,1,1,1,1,1,1,0,0,1,0,1,1,0,0,1,1,1,1,1,0,1,1,1,0,1,1,0,1,0,1,0,0,1,0,0,0,1,0,0,0,1,0,0,0,1,1,1,1,1,0,0,0,0,1,1,1,1,1,1,0,0,1,1,1,0,0,1,1,1,1,1,0,1,1,1,1,1,0,1,0,1,0,0,0,1,1,0,1,1,0,0,0,1,1,1,1,1,0,0,1,1,1,1,1,1,0,0,0,0,0,1,0,1,0,0,0,1,1,0,0,1,0,1,0,0,1,0,1,0,0,1,0,1,1,1,0,0,1,1,0,0,0,0,1,0,0,1,0,0,0,0,0,1,1,1,1,0,0,0,0,0,0,0,0,0,1,0,0,1,0,0,0,0,1,0,0,1,0
1,1,0,1,0,1,1,0,0,0,0,0,0,0,0,1,1,1,1,0,0,1,1,1,0,1,1,0,1,0,1,0,0,1,0,0,0,0,1,1,0,1,0,1,1,1,0,1,1,0,0,1,0,1,1,0,0,1,1,1,1,1,0,1,1,1,0,1,1,0,1,0,1,0,0,1,0,0,0,1,0,0,0,1,0,0,0,1,1,1,1,1,0,0,0,0,1,1,0,1,0,1,0,0,1,1,1,0,0,1,1,1,1,1,0,1,1,1,1,0,0,1,0,1,0,0,0,1,1,1,1,1,0,0,0,1,1,0,1,1,0,0,0,1,1,1,1,1,0,0,0,0,0,1,0,1,0,0,0,1,1,0,0,1,0,1,0,1,1,0,1,0,0,1,0,1,1,1,0,0,1,1,0,0,0,0,1,0,0,1,1,0,0,0,0,1,1,1,1,1,1,0,0,0,0,0,0,0,1,0,0,1,0,0,0,0,1,0,0,1,0
1,1,0,1,0,1,1,0,0,1,0,0,0,0,0,1,1,1,1,0,0,1,1,1,0,1,1,0,1,0,1,0,1,1,0,0,0,0,1,1,1,1,0,1,1,1,1,1,1,0,0,1,0,1,1,0,0,1,1,1,1,1,0,1,1,1,0,1,1,0,1,0,1,0,0,1,0,0,0,1,0,0,0,1,0,0,0,1,1,1,1,1,0,0,0,0,1,1,1,1,1,1,0,0,1,1,1,0,0,1,1,1,1,1,0,1,1,1,1,1,0,1,0,1,0,0,0,1,1,1,1,1,0,0,0,1,1,1,1,1,0,0,1,1,1,1,1,1,0,0,0,0,0,1,0,1,0,0,0,1,1,0,0,1,0,1,0,1,1,0,1,0,0,1,0,1,1,1,0,0,1,1,0,0,0,0,1,0,0,1,1,0,0,0,0,1,1,1,1,1,1,0,0,0,0,0,0,0,1,0,0,1,0,0,0,0,1,0,0,1,0
1,1,0,1,0,1,1,0,0,0,0,0,0,0,0,1,1,1,1,0,0,1,1,1,0,1,1,0,1,0,1,0,0,1,1,0,0,0,1,1,0,1,0,1,1,1,0,1,1,0,0,1,0,1,1,0,1,1,1,1,1,1,0,1,1,1,0,1,1,1,1,1,1,0,0,1,0,0,1,1,1,0,0,1,0,0,1,1,1,1,0,1,0,0,0,1,1,1,0,1,0,1,0,0,1,1,1,1,0,1,1,1,1,1,0,1,1,1,1,0,1,1,0,0,0,0,0,1,1,1,1,1,1,0,1,1,0,0,1,1,0,1,0,1,1,1,1,1,0,0,0,0,1,1,0,1,0,1,1,0,1,0,0,1,0,1,0,1,1,1,1,0,0,1,0,1,1,1,0,0,1,1,1,1,0,0,1,0,1,1,0,0,1,0,0,1,1,1,1,0,0,0,0,1,0,0,1,0,1,1,1,1,0,0,0,0,1,1,1,1,0
1,1,0,1,0,1,1,0,0,0,0,0,0,0,0,1,1,1,1,0,0,1,1,1,0,1,1,0,1,0,1,0,0,1,1,0,0,0,1,1,0,1,0,1,1,1,0,1,0,0,0,0,0,1,1,0,1,1,1,1,1,1,0,1,1,1,0,1,0,1,1,1,1,0,0,1,0,0,1,1,1,0,0,1,0,0,1,1,1,1,0,1,0,0,0,1,1,1,0,1,0,1,0,0,1,1,1,1,0,1,1,1,1,1,0,1,1,1,1,0,1,1,0,0,0,0,0,1,1,1,1,1,1,0,1,1,0,0,1,0,0,1,0,1,1,0,1,1,0,0,0,0,1,1,0,1,0,1,1,0,1,0,0,1,0,1,0,1,1,1,1,0,0,1,0,1,1,1,0,0,1,0,1,1,0,0,1,0,1,1,0,0,1,0,0,1,1,1,1,0,0,0,0,1,0,0,1,0,1,1,1,1,0,0,0,0,1,1,1,1,0
1,1,0,1,0,1,1,0,0,1,0,0,0,0,0,1,1,1,1,0,0,1,1,1,0,1,1,0,1,0,1,0,1,1,1,0,0,0,1,1,1,1,0,1,1,1,1,1,1,0,0,1,0,1,1,0,1,1,1,1,1,1,0,1,1,1,0,1,1,1,1,1,1,0,0,1,0,0,1,1,1,0,0,1,0,0,1,1,1,1,0,1,0,0,0,1,1,1,1,1,1,1,0,0,1,1,1,1,0,1,1,1,1,1,0,1,1,1,1,1,1,1,0,0,0,0,0,1,1,1,1,1,1,0,1,1,0,1,1,1,0,1,1,1,1,1,1,1,0,0,0,0,1,1,0,1,0,1,1,0,1,0,0,1,0,1,0,1,1,1,1,0,0,1,0,1,1,1,0,0,1,1,1,1,0,0,1,0,1,1,0,0,1,0,0,1,1,1,1,0,0,0,0,1,0,0,1,0,1,1,1,1,0,0,0,0,1,1,1,1,0
1,1,0,1,0,1,0,0,0,0,0,0,0,0,0,1,1,1,1,0,0,1,1,1,0,1,1,0,1,0,1,0,0,1,1,0,0,0,1,1,0,1,0,1,1,1,0,1,0,0,0,0,0,1,1,0,0,1,1,1,1,1,0,1,1,1,0,1,0,1,1,0,1,0,0,1,0,0,0,1,0,0,0,1,0,0,0,1,1,1,0,1,0,0,0,0,1,1,0,1,0,1,0,0,1,1,1,0,0,1,1,1,1,1,0,1,1,1,1,0,0,1,0,0,0,0,0,1,1,0,1,1,0,0,0,1,0,0,1,0,0,0,0,1,1,0,1,1,0,0,0,0,1,1,0,1,0,0,0,0,1,0,0,1,0,1,0,0,1,0,1,0,0,1,0,1,1,1,0,0,1,0,1,0,0,0,1,0,0,1,0,0,0,0,0,1,1,1,1,0,0,0,0,0,0,0,0,0,1,0,0,1,0,0,0,0,1,0,0,1,0
1,1,0,1,0,1,1,0,0,1,0,0,0,0,0,1,1,1,1,0,0,1,1,1,0,1,1,0,1,0,1,0,1,1,1,0,0,0,1,1,1,1,0,1,1,1,1,1,0,0,0,0,0,1,1,0,1,1,1,1,1,1,0,1,1,1,0,1,0,1,1,1,1,0,0,1,0,0,1,1,1,0,0,1,0,0,1,1,1,1,0,1,0,0,0,1,1,1,1,1,1,1,0,0,1,1,1,1,0,1,1,1,1,1,0,1,1,1,1,1,1,1,0,0,0,0,0,1,1,1,1,1,1,0,1,1,0,1,1,0,0,1,1,1,1,0,1,1,0,0,0,0,1,1,0,1,0,1,1,0,1,0,0,1,0,1,0,1,1,1,1,0,0,1,0,1,1,1,0,0,1,0,1,1,0,0,1,0,1,1,0,0,1,0,0,1,1,1,1,0,0,0,0,1,0,0,1,0,1,1,1,1,0,0,0,0,1,1,1,1,0
0,1,0,1,1,1,0,0,0,1,1,0,1,1,1,1,1,0,0,0,0,0,0,0,0,1,1,1,1,0,1,0,1,0,0,0,0,1,1,0,1,1,0,1,1,1,1,1,0,0,0,1,0,1,0,0,0,1,0,0,0,1,1,0,0,1,0,0,0,0,1,1,1,0,1,1,0,1,0,1,1,1,1,1,0,1,0,1,1,1,0,1,0,0,1,1,1,0,1,1,1,1,0,1,1,0,1,1,1,1,1,1,0,0,0,1,1,0,1,1,1,1,0,0,0,0,1,0,0,0,1,0,1,0,0,1,0,1,1,0,0,1,1,1,1,0,0,1,1,0,0,0,0,0,0,1,0,1,0,0,1,0,0,1,0,0,0,0,0,0,0,1,1,0,0,0,1,1,0,0,1,0,0,1,1,0,0,0,1,0,0,0,0,0,1,0,0,0,0,0,0,0,0,0,0,0,0,0,0,0,0,0,0,0,0,0,0,0,0,0,0
1,1,0,1,0,1,0,0,0,1,0,0,0,0,0,1,1,1,1,0,0,1,1,1,0,1,1,0,1,0,1,0,1,1,1,0,0,0,1,1,1,1,0,1,1,1,1,1,0,0,0,0,0,1,1,0,0,1,1,1,1,1,0,1,1,1,0,1,0,1,1,0,1,0,0,1,0,0,0,1,0,0,0,1,0,0,0,1,1,1,0,1,0,0,0,0,1,1,1,1,1,1,0,0,1,1,1,0,0,1,1,1,1,1,0,1,1,1,1,1,0,1,0,0,0,0,0,1,1,0,1,1,0,0,0,1,0,1,1,0,0,0,1,1,1,0,1,1,0,0,0,0,1,1,0,1,0,0,0,0,1,0,0,1,0,1,0,0,1,0,1,0,0,1,0,1,1,1,0,0,1,0,1,0,0,0,1,0,0,1,0,0,0,0,0,1,1,1,1,0,0,0,0,0,0,0,0,0,1,0,0,1,0,0,0,0,1,0,0,1,0
1,1,1,1,1,1,1,1,0,0,0,0,0,0,0,1,1,1,1,1,1,1,1,1,1,1,1,0,1,0,1,0,0,1,0,0,0,0,1,1,0,1,1,1,1,1,0,1,1,0,0,1,0,1,1,0,1,1,1,1,1,1,1,1,1,1,0,1,1,0,1,1,1,0,0,1,0,1,1,1,1,0,0,1,0,1,1,1,1,1,1,1,0,0,0,0,1,1,0,1,0,1,0,0,1,0,1,0,1,1,1,1,1,1,1,1,1,1,1,0,1,1,0,1,0,1,1,1,1,0,1,1,0,0,0,1,1,0,1,1,0,0,0,1,1,1,1,1,1,0,1,0,0,1,1,1,0,0,0,1,1,1,1,1,0,1,0,0,1,0,1,1,0,1,0,1,1,1,0,1,1,1,0,1,1,0,1,0,0,1,0,1,0,0,0,1,1,0,1,0,0,1,0,0,0,0,0,1,1,0,0,1,1,0,1,0,1,0,0,1,1
1,1,1,1,1,1,1,1,0,0,0,0,0,0,0,1,1,1,1,0,0,1,1,1,1,1,1,0,1,1,1,0,0,1,1,0,0,0,1,1,0,1,0,1,1,1,0,1,1,0,0,1,0,1,1,0,0,1,1,1,1,1,1,1,1,1,0,1,1,1,1,1,1,0,0,1,0,1,0,1,1,0,0,1,0,1,0,1,1,1,1,1,0,0,0,0,1,1,0,1,0,1,0,0,1,1,1,0,1,1,1,1,1,1,1,1,1,1,1,0,1,1,0,1,0,1,1,1,1,0,1,1,0,0,0,1,1,0,1,1,0,0,0,1,1,1,1,1,1,0,0,0,1,1,0,1,0,0,0,1,1,1,0,1,0,1,0,0,1,0,1,1,1,1,0,1,1,1,0,1,1,1,1,1,1,0,1,1,0,1,0,0,0,0,0,1,1,1,1,0,0,0,0,0,0,0,1,1,1,1,0,1,1,0,1,0,1,1,0,1,1
1,1,0,1,0,1,1,1,0,0,0,0,0,0,0,0,0,1,1,0,0,0,0,0,0,0,1,0,0,0,1,0,0,0,1,0,0,0,0,1,0,1,1,1,0,0,0,1,1,0,0,1,0,0,0,0,1,1,1,0,0,0,1,0,0,0,0,0,1,1,0,1,0,0,0,0,0,0,1,0,1,0,0,0,0,1,1,0,1,0,1,0,0,0,0,0,0,1,0,0,0,0,0,0,0,0,0,0,0,0,0,1,1,1,1,0,0,1,1,0,1,0,0,1,0,1,0,1,1,0,0,0,0,0,0,0,1,0,0,1,0,0,0,0,0,1,1,1,0,1,1,0,1,1,0,0,1,0,0,1,1,1,0,1,0,1,0,0,1,0,0,0,1,1,0,1,1,0,0,1,0,1,1,1,1,0,1,1,0,1,0,1,0,0,0,0,0,0,1,0,0,1,0,0,0,0,0,1,1,0,0,0,1,0,1,0,1,0,0,0,1
0,0,0,1,0,1,1,0,0,0,0,0,0,0,0,0,0,0,0,0,0,0,0,0,0,0,0,0,0,0,1,0,0,1,1,0,0,0,0,1,0,1,0,1,0,0,0,1,0,0,0,1,0,0,0,0,0,1,1,0,0,0,1,1,1,0,0,0,0,1,0,1,0,0,0,0,0,1,0,0,1,0,0,0,0,1,0,0,1,0,0,0,0,0,0,0,0,1,0,0,0,0,0,0,0,1,0,0,0,0,0,1,1,1,1,0,0,1,0,0,1,0,0,0,0,1,1,1,1,0,0,0,0,0,0,0,0,0,0,0,0,0,0,0,0,0,1,0,1,0,0,0,1,1,0,0,0,0,0,0,0,0,0,0,0,1,0,0,1,0,1,1,1,1,0,1,1,0,0,0,0,0,1,1,1,0,1,0,0,1,0,0,0,0,0,0,0,0,1,0,0,0,0,0,0,0,0,1,1,0,0,0,1,0,1,0,1,0,0,0,1
0,1,0,1,0,1,1,0,0,0,1,0,1,1,0,0,0,1,1,0,0,0,0,0,0,1,1,0,1,0,1,0,0,0,1,0,0,0,0,1,0,0,0,1,0,1,0,0,1,0,0,1,0,1,0,0,0,1,1,1,0,1,0,0,0,0,0,0,1,1,1,1,0,0,0,0,0,1,0,1,1,0,0,1,0,1,0,0,1,0,1,0,0,0,0,1,0,1,0,0,0,0,0,0,1,0,1,1,0,1,1,0,1,1,1,1,0,1,1,0,1,1,0,1,0,1,0,1,1,0,1,0,1,0,0,0,1,0,0,1,0,1,0,1,0,1,1,1,0,1,1,0,1,1,1,0,0,1,0,1,0,1,1,1,0,1,0,0,1,0,0,0,0,1,0,1,0,0,0,1,1,1,1,1,1,0,1,0,1,1,0,0,1,0,0,0,0,1,1,0,0,0,0,1,0,0,0,1,1,0,0,0,1,1,1,0,1,0,0,0,1
0,1,0,1,0,1,1,1,0,0,1,0,1,1,0,0,0,1,1,0,0,0,0,0,0,1,1,0,1,0,1,0,0,0,1,0,0,0,0,1,0,0,0,1,0,1,0,0,1,0,0,1,0,1,0,0,0,1,1,1,0,1,0,0,0,0,0,0,1,1,1,1,0,0,0,0,0,1,0,1,1,0,0,1,0,1,0,0,1,0,1,0,0,0,0,1,0,1,0,0,0,0,0,0,1,0,1,1,0,1,1,0,1,1,1,1,0,1,1,0,1,1,0,1,0,1,0,1,1,0,1,0,1,0,0,0,1,0,0,1,0,1,0,1,0,1,1,1,0,1,1,0,1,1,1,0,0,1,0,1,0,1,1,1,0,1,0,0,1,0,0,0,0,1,0,1,0,0,0,1,1,1,1,1,1,0,1,0,1,1,1,1,1,1,0,0,0,1,1,1,1,0,0,1,1,0,0,1,1,0,0,0,1,0,1,0,1,0,0,0,1
0,1,0,1,0,1,1,0,0,0,0,0,0,0,0,1,1,1,1,0,0,1,0,0,0,1,1,0,1,0,1,0,0,1,0,0,0,0,1,1,0,1,0,1,0,1,0,1,1,1,1,1,0,1,1,0,0,1,1,0,0,1,1,1,1,1,1,1,1,0,1,1,0,0,1,1,0,1,0,1,1,1,1,1,0,1,0,1,1,1,1,1,0,0,1,0,1,1,0,1,0,1,0,1,1,0,1,0,0,1,1,1,1,1,1,1,1,1,1,0,1,1,0,1,0,1,0,1,1,0,1,1,0,0,0,1,1,0,1,1,0,0,0,1,1,1,1,1,0,0,0,0,0,1,0,1,0,0,0,1,1,1,0,1,0,1,0,0,1,0,1,1,0,1,0,1,1,1,0,1,1,1,0,1,1,0,1,0,0,1,0,0,0,0,0,0,0,0,1,0,0,0,0,0,0,0,0,1,1,0,0,0,1,0,1,0,1,0,0,0,1
0,1,0,1,0,1,1,0,0,0,0,0,0,0,0,1,1,1,1,0,0,1,0,0,0,1,1,0,1,0,1,0,0,1,0,0,0,0,1,1,0,1,0,1,0,1,0,1,1,1,1,1,0,1,1,0,0,1,1,0,0,1,1,1,1,1,1,1,1,0,1,1,0,0,1,1,0,1,0,1,1,1,1,1,0,1,0,1,1,1,1,1,0,0,1,0,1,1,0,1,0,1,0,1,1,0,1,0,0,1,1,1,1,1,1,1,1,1,1,0,1,1,0,1,0,1,0,1,1,0,1,1,0,0,0,1,1,0,1,1,0,0,0,1,1,1,1,1,0,0,0,0,0,1,0,1,0,0,0,1,1,1,0,1,0,1,0,0,1,0,1,1,0,1,0,1,1,1,0,1,1,1,0,1,1,0,1,0,0,1,0,0,0,0,0,0,0,0,1,0,0,0,0,0,0,0,0,1,1,0,0,0,1,0,1,0,1,0,0,0,1
0,1,0,0,0,1,1,1,0,0,0,0,0,0,0,1,1,1,1,1,1,1,0,1,0,1,1,0,1,0,1,0,0,0,1,0,0,0,1,1,0,1,0,1,1,1,0,1,1,1,1,1,0,1,1,0,0,1,1,1,1,1,1,0,0,1,1,1,1,1,1,0,1,0,1,1,0,0,0,1,0,1,1,1,0,0,0,1,1,1,1,1,0,0,1,0,1,1,0,1,0,1,0,1,1,0,1,0,0,1,1,1,1,1,1,1,1,1,1,0,0,1,0,1,0,1,0,1,1,0,1,1,0,0,0,1,1,0,0,1,0,0,0,1,0,1,1,1,0,0,0,0,1,1,0,0,0,0,0,1,1,1,0,1,0,1,1,0,1,0,0,0,0,1,0,1,1,1,0,1,1,1,1,0,0,0,1,1,0,1,0,1,0,0,0,1,1,1,1,0,0,1,1,0,0,0,1,1,1,1,1,0,1,0,1,0,1,1,1,0,1
0,1,0,0,0,1,1,1,0,0,0,0,0,0,0,1,1,1,1,1,1,1,0,1,0,1,1,0,1,0,1,0,0,0,1,0,0,0,1,1,0,1,0,1,1,1,0,1,0,1,1,0,0,1,1,0,0,1,1,1,1,1,1,0,0,1,1,1,0,1,1,0,1,0,1,1,0,0,0,1,0,1,1,1,0,0,0,1,1,1,0,1,0,0,1,0,1,1,0,1,0,1,0,1,1,0,1,0,0,1,1,1,1,1,1,1,1,1,1,0,0,1,0,0,0,1,0,1,1,0,1,1,0,0,0,1,0,0,0,0,0,0,0,1,0,0,1,1,0,0,0,0,1,1,0,0,0,0,0,0,1,0,0,1,0,1,1,0,1,0,0,0,0,1,0,1,1,1,0,0,1,0,1,0,0,0,1,1,0,1,0,1,0,0,0,1,1,1,1,0,0,1,1,0,0,0,1,1,1,1,1,0,1,0,1,0,1,1,1,0,1
0,1,0,0,0,1,1,1,0,0,0,0,0,0,0,0,1,1,0,0,1,1,0,1,0,1,0,0,0,0,1,0,0,0,0,1,1,0,0,1,0,0,1,1,0,0,0,0,1,0,0,1,0,0,0,0,1,0,0,0,0,0,0,0,0,0,0,0,1,0,0,1,0,1,0,0,0,0,1,0,1,0,0,0,0,0,1,0,0,0,1,0,0,0,0,1,0,1,0,0,0,0,0,0,0,0,0,1,0,0,0,0,1,1,0,0,0,1,0,0,1,0,0,1,0,0,0,1,1,1,0,0,1,0,1,0,1,0,0,1,0,0,0,0,0,0,1,0,0,0,1,0,0,1,0,0,0,1,1,1,0,0,0,0,0,1,0,1,1,1,0,0,0,1,0,0,0,0,0,0,0,1,0,1,1,0,1,0,1,1,1,0,1,1,0,1,1,1,1,1,1,0,0,1,1,1,1,0,0,0,0,0,0,1,1,1,1,1,1,0,0
0,1,0,0,0,1,1,0,0,0,1,1,0,0,0,0,0,1,1,0,0,0,0,0,0,0,1,0,0,0,1,0,0,0,0,0,0,0,0,1,0,1,0,1,0,0,0,1,1,0,0,1,0,0,0,0,0,1,1,0,0,0,1,0,0,0,0,0,1,0,0,1,0,1,0,0,0,0,0,0,1,0,0,0,0,0,0,0,1,0,1,0,0,0,0,1,0,1,0,0,0,0,0,0,0,0,0,1,0,0,0,1,1,1,1,0,0,1,1,0,1,0,0,1,0,1,0,1,1,0,0,0,1,0,0,0,1,0,0,1,0,1,0,0,0,1,1,1,0,0,0,0,0,1,0,0,0,1,0,1,1,1,0,1,0,1,0,0,1,0,0,0,0,1,0,1,1,0,0,1,0,1,0,1,1,0,1,0,1,1,0,0,1,1,0,1,0,1,1,0,0,0,0,1,1,0,1,1,1,1,0,0,1,1,1,0,1,1,0,0,1
0,1,0,0,0,1,0,0,0,0,1,1,0,0,0,0,0,1,1,0,0,0,0,0,0,0,1,0,0,0,1,0,0,0,0,0,0,0,0,1,0,1,0,1,0,0,0,1,0,0,0,1,0,0,0,0,0,0,0,0,0,0,1,0,0,0,0,0,0,0,0,1,0,1,0,0,0,0,0,0,1,0,0,0,0,0,0,0,1,0,0,0,0,0,0,1,0,0,0,0,0,0,0,0,0,0,0,1,0,0,0,1,0,0,0,0,0,0,1,0,1,0,0,0,0,0,0,0,0,0,0,0,1,0,0,0,0,0,0,0,0,1,0,0,0,0,0,1,0,0,0,0,0,0,0,0,0,1,0,0,1,0,0,1,0,0,0,0,0,0,0,0,0,0,0,0,1,0,0,0,0,0,0,1,1,0,0,0,1,0,0,0,1,0,0,1,0,0,0,0,0,0,0,1,0,0,1,0,0,1,0,0,0,1,0,0,0,1,0,0,0
0,1,0,0,0,1,1,0,0,0,1,1,0,0,0,0,0,1,1,0,0,0,0,0,0,0,1,0,0,0,1,0,0,0,0,0,0,0,0,1,0,1,0,1,0,0,0,1,1,0,0,1,0,0,0,0,0,1,1,0,0,0,1,0,0,0,0,0,1,0,0,1,0,1,0,0,0,0,0,0,1,0,0,0,0,0,0,0,1,0,1,0,0,0,0,1,0,1,0,0,0,0,0,0,0,0,0,1,0,0,0,1,1,1,1,0,0,1,1,0,1,0,0,1,0,1,0,1,1,0,0,0,1,0,0,0,1,0,0,1,0,1,0,0,0,1,1,1,0,0,0,0,0,1,0,0,0,1,0,1,1,1,0,1,0,1,0,0,1,0,0,0,0,1,0,1,1,0,0,1,0,1,0,1,1,0,1,0,1,1,0,0,1,1,0,1,0,1,1,0,0,0,0,1,1,0,1,1,1,1,0,0,1,1,1,0,1,1,0,0,1
0,1,0,0,0,1,0,0,0,0,1,1,0,0,0,0,0,1,1,0,0,0,0,0,0,0,1,0,0,0,1,0,0,0,0,0,0,0,0,1,0,1,0,1,0,0,0,1,0,0,0,1,0,0,0,0,0,0,0,0,0,0,1,0,0,0,0,0,0,0,0,1,0,1,0,0,0,0,0,0,1,0,0,0,0,0,0,0,1,0,0,0,0,0,0,1,0,0,0,0,0,0,0,0,0,0,0,1,0,0,0,1,0,0,0,0,0,0,1,0,1,0,0,0,0,0,0,0,0,0,0,0,1,0,0,0,0,0,0,0,0,1,0,0,0,0,0,1,0,0,0,0,0,0,0,0,0,1,0,0,1,0,0,1,0,0,0,0,0,0,0,0,0,0,0,0,1,0,0,0,0,0,0,1,1,0,0,0,1,0,0,0,1,0,0,1,0,0,0,0,0,0,0,1,0,0,1,0,0,1,0,0,0,1,0,0,0,1,0,0,0
0,1,0,0,0,1,1,0,0,0,1,1,0,0,0,0,0,1,1,0,0,0,0,0,0,0,1,0,0,0,1,0,0,0,0,0,0,0,0,1,0,1,0,1,0,0,0,1,1,0,0,1,0,0,0,0,0,1,1,0,0,0,1,0,0,0,0,0,1,0,0,1,0,1,0,0,0,0,0,0,1,0,0,0,0,0,0,0,1,0,1,0,0,0,0,1,0,1,0,0,0,0,0,0,0,0,0,1,0,0,0,1,1,1,0,0,0,1,1,0,1,0,0,1,0,0,0,1,1,0,0,0,1,0,0,0,1,0,0,1,0,1,0,0,0,1,1,1,0,0,0,0,0,1,0,0,0,1,0,1,1,0,0,1,0,1,0,0,1,0,0,0,0,1,0,1,1,0,0,0,0,1,0,1,1,0,1,0,1,1,0,0,1,1,0,1,0,1,1,0,0,0,0,1,1,0,1,1,1,1,0,0,0,1,1,0,1,1,0,0,0
0,1,0,0,0,1,1,0,0,0,1,1,0,0,0,0,0,1,1,0,0,0,0,0,0,0,1,0,0,0,1,0,0,0,0,0,0,0,0,1,0,1,0,1,0,0,0,1,1,0,0,1,0,0,0,0,0,1,1,0,0,0,1,0,0,0,0,0,1,0,0,1,0,1,0,0,0,0,0,0,1,0,0,0,0,0,0,0,1,0,1,0,0,0,0,1,0,1,0,0,0,0,0,0,0,0,0,1,0,0,0,1,1,1,0,0,0,1,1,0,1,0,0,1,0,0,0,1,1,0,0,0,1,0,0,0,1,0,0,1,0,1,0,0,0,1,1,1,0,0,0,0,0,1,0,0,0,1,0,1,1,0,0,1,0,1,0,0,1,0,0,0,0,1,0,1,1,0,0,0,0,1,0,1,1,0,1,0,1,1,0,0,1,1,0,1,0,1,1,0,0,0,0,1,1,0,1,1,1,1,0,0,0,1,1,0,1,1,0,0,0
0,1,0,0,0,1,1,0,0,0,1,1,0,0,0,0,0,1,1,0,0,0,0,0,0,0,1,0,0,0,1,0,0,0,0,0,0,0,0,1,0,1,0,1,0,0,0,1,1,0,0,1,0,0,0,0,0,1,1,0,0,0,1,0,0,0,0,0,1,0,0,1,0,1,0,0,0,0,0,0,1,0,0,0,0,0,0,0,1,0,1,0,0,0,0,1,0,1,0,0,0,0,0,0,0,0,0,1,0,0,0,1,1,1,0,0,0,1,1,0,1,0,0,1,0,0,0,1,1,0,0,0,1,0,0,0,1,0,0,1,0,1,0,0,0,1,1,1,0,0,0,0,0,1,0,0,0,1,0,1,1,0,0,1,0,1,0,0,1,0,0,0,0,1,0,1,1,0,0,0,0,1,0,1,1,0,1,0,1,1,0,0,1,1,0,1,0,1,1,0,0,0,0,1,1,0,1,1,1,1,0,0,0,1,1,0,1,1,0,0,0
0,1,0,0,0,1,1,0,0,0,1,1,0,0,0,0,0,1,1,0,0,0,0,0,0,0,1,0,0,0,1,0,0,0,0,0,0,0,0,1,0,1,0,1,0,0,0,1,1,0,0,1,0,0,0,0,0,1,1,0,0,0,1,0,0,0,0,0,1,0,0,1,0,1,0,0,0,0,0,0,1,0,0,0,0,0,0,0,1,0,1,0,0,0,0,1,0,1,0,0,0,0,0,0,0,0,0,1,0,0,0,1,1,1,0,0,0,1,1,0,1,0,0,1,0,0,0,1,1,0,0,0,1,0,0,0,1,0,0,1,0,1,0,0,0,1,1,1,0,0,0,0,0,1,0,0,0,1,0,1,1,0,0,1,0,1,0,0,1,0,0,0,0,1,0,1,1,0,0,0,0,1,0,1,1,0,1,0,1,1,0,0,1,0,0,1,0,1,1,0,0,0,0,1,0,0,1,1,1,1,0,0,0,1,1,0,1,1,0,0,0
0,1,0,0,0,1,1,0,0,0,1,1,0,0,0,0,0,1,1,0,0,0,0,0,0,0,1,0,0,0,1,0,0,0,0,0,0,0,0,1,0,1,0,1,0,0,0,1,1,0,0,1,0,0,0,0,0,1,1,0,0,0,1,0,0,0,0,0,1,0,0,1,0,1,0,0,0,0,0,0,1,0,0,0,0,0,0,0,1,0,1,0,0,0,0,1,0,1,0,0,0,0,0,0,0,0,0,1,0,0,0,1,1,1,0,0,0,1,1,0,1,0,0,1,0,0,0,1,1,0,0,0,1,0,0,0,1,0,0,1,0,1,0,0,0,1,1,1,0,0,0,0,0,1,0,0,0,1,0,1,1,0,0,1,0,1,0,0,1,0,0,0,0,1,0,1,1,0,0,0,0,1,0,1,1,0,1,0,1,1,0,0,1,0,0,1,0,1,1,0,0,0,0,1,0,0,1,1,1,1,0,0,0,1,1,0,1,1,0,0,0
0,1,0,1,0,1,0,0,0,0,1,0,0,0,0,0,0,1,1,0,0,1,1,0,0,0,1,0,1,0,1,0,0,0,0,0,0,1,1,0,0,1,0,1,0,0,0,1,0,0,0,1,0,0,0,0,0,0,0,1,0,0,0,0,0,0,0,0,0,0,1,1,1,0,0,0,0,1,0,1,1,0,0,0,0,1,0,0,1,0,0,0,0,0,0,0,0,0,0,0,0,0,0,0,0,0,0,0,0,1,1,1,0,0,0,0,0,0,1,0,0,1,0,0,0,0,0,0,0,0,1,0,0,0,0,0,0,0,0,0,0,0,0,0,0,0,0,1,0,0,0,0,0,0,0,0,0,0,0,0,1,0,0,1,0,0,0,0,0,0,0,1,1,0,0,0,1,0,0,0,0,0,0,0,0,0,0,0,0,0,0,0,0,0,0,1,1,0,0,0,0,0,0,0,0,0,1,0,0,0,0,0,0,1,0,0,0,0,0,0,0
0,1,0,1,0,1,1,0,0,0,1,0,0,0,0,0,0,1,1,0,0,1,1,0,0,0,1,0,1,0,1,0,0,0,0,0,0,1,1,0,0,1,0,1,0,0,0,1,0,0,0,1,0,1,1,0,0,0,0,1,0,0,0,0,0,0,0,0,0,0,1,1,1,0,0,1,0,1,0,1,1,0,0,1,0,1,0,0,1,0,0,0,0,0,0,0,0,0,0,1,0,0,0,0,0,0,0,0,0,1,1,1,0,0,0,1,1,0,1,0,0,1,0,0,0,0,0,0,0,0,1,0,0,0,0,0,0,0,1,0,0,0,0,1,0,0,0,1,0,0,0,0,0,0,0,0,0,0,0,0,1,0,0,1,0,0,0,0,0,0,0,1,1,0,0,0,1,0,0,0,1,0,0,0,0,0,0,0,0,0,0,0,0,0,0,1,1,0,0,0,0,0,0,0,0,0,1,0,0,0,0,1,0,1,0,0,0,0,0,1,0
0,1,0,1,0,1,1,0,0,0,1,0,0,0,0,0,0,1,1,0,0,1,1,0,0,0,1,0,1,0,1,0,0,0,0,0,0,1,1,0,0,1,0,1,0,0,0,1,0,0,0,1,0,1,1,0,0,0,0,1,0,0,0,0,0,0,0,0,0,0,1,1,1,0,0,1,0,1,0,1,1,0,0,1,0,1,0,0,1,0,0,0,0,0,0,0,0,0,0,1,0,0,0,0,0,0,0,0,0,1,1,1,0,0,0,1,1,0,1,0,0,1,0,0,0,0,0,0,0,0,1,0,0,0,0,0,0,0,0,0,0,0,0,1,0,0,0,1,0,0,0,0,0,0,0,0,0,0,0,0,1,0,0,1,0,0,0,0,0,0,0,1,1,0,0,0,1,0,0,0,1,0,0,0,0,0,0,0,0,0,0,0,0,0,0,1,1,0,0,0,0,0,0,0,0,0,1,0,0,0,0,0,0,1,0,0,0,0,0,0,0
0,1,0,1,0,1,1,0,0,0,1,0,0,0,0,0,0,1,1,0,0,1,1,0,0,0,1,0,1,0,1,0,0,0,0,0,0,1,1,0,0,1,0,1,0,0,0,1,0,0,0,1,0,1,1,0,0,0,0,1,0,0,0,0,0,0,0,0,0,0,1,1,1,0,0,1,0,1,0,1,1,0,0,1,0,1,0,0,1,0,0,0,0,0,0,0,0,0,0,1,0,0,0,0,0,0,0,0,0,1,1,1,0,0,0,1,1,0,1,0,0,1,0,0,0,0,0,0,0,0,1,0,0,0,0,0,0,0,0,0,0,0,0,1,0,0,0,1,0,0,0,0,0,0,0,0,0,0,0,0,1,0,0,1,0,0,0,0,0,0,0,1,1,0,0,0,1,0,0,0,1,0,0,0,0,0,0,0,0,0,0,0,0,0,0,1,1,0,0,0,0,0,0,0,0,0,1,0,0,0,0,0,0,1,0,0,0,0,0,0,0
0,1,0,1,0,1,1,0,0,0,1,0,0,0,0,0,0,1,1,0,0,1,1,0,0,0,1,0,1,0,1,0,0,0,1,0,0,1,1,0,0,1,0,1,0,0,0,1,0,0,0,1,0,0,0,0,1,0,0,1,0,0,0,0,0,0,0,0,0,1,1,1,1,0,0,0,0,1,1,1,1,0,0,0,0,1,1,0,1,0,0,0,0,0,0,1,0,0,0,0,0,0,0,0,0,0,0,1,0,1,1,1,0,0,0,0,0,1,1,0,1,1,0,0,0,0,0,1,1,0,1,0,1,0,0,0,0,0,0,0,0,1,0,0,0,0,0,1,0,0,0,0,1,1,0,0,0,1,0,0,1,0,0,1,0,1,0,0,1,0,0,1,1,0,0,1,1,0,0,0,0,0,1,1,1,0,1,0,1,1,0,0,1,0,0,1,1,1,1,0,0,0,0,1,0,0,1,0,0,0,0,0,0,1,0,0,0,0,0,0,0
0,1,0,1,0,1,1,0,0,0,1,0,0,0,0,0,0,1,1,0,0,1,1,0,0,0,1,0,1,0,1,0,0,0,0,0,0,1,1,1,0,1,0,1,0,0,0,1,1,0,0,1,0,0,0,0,0,1,1,1,0,0,0,0,0,0,0,0,1,0,1,1,1,0,0,0,0,1,0,1,1,0,0,0,0,1,0,0,1,0,1,0,0,0,0,0,0,1,0,0,0,0,0,0,0,0,0,0,0,1,1,1,1,1,0,0,0,1,1,0,0,1,0,1,0,0,0,1,1,0,1,0,0,0,0,0,1,0,0,1,0,0,0,0,0,1,1,1,0,0,0,0,0,1,0,0,0,0,0,1,1,0,0,1,0,1,1,0,1,0,0,1,1,1,0,1,1,0,0,0,0,1,0,0,0,0,1,1,0,1,0,0,0,0,0,1,1,1,1,0,0,0,0,0,0,0,1,0,1,0,1,0,0,1,0,0,1,0,1,0,0
0,1,0,1,0,1,1,0,0,0,1,0,0,0,0,0,0,1,1,0,0,1,1,0,0,0,1,0,1,0,1,0,0,0,0,0,0,1,1,1,0,1,0,1,0,0,0,1,1,0,0,1,0,0,0,0,0,1,1,1,0,0,0,0,0,0,0,0,1,0,1,1,1,0,0,0,0,1,0,1,1,0,0,0,0,1,0,0,1,0,1,0,0,0,0,0,0,1,0,0,0,0,0,0,0,0,0,0,0,1,1,1,1,1,1,0,0,1,1,0,0,1,0,1,0,1,0,1,1,0,1,0,0,0,0,0,1,0,0,1,0,0,0,0,0,1,1,1,0,0,0,0,0,1,0,0,0,0,0,1,1,1,0,1,0,1,0,0,1,0,0,1,1,1,0,1,1,0,0,1,0,1,0,0,0,0,1,1,0,1,0,1,0,0,0,1,1,1,1,0,0,1,1,0,0,0,1,1,1,0,0,0,1,1,1,0,1,0,0,0,1
0,1,0,1,0,1,1,0,0,0,1,0,0,1,1,0,0,1,1,0,0,1,1,0,0,0,1,0,1,0,1,0,0,0,0,0,0,1,1,1,0,1,0,1,0,0,0,1,1,0,0,1,0,0,0,0,1,1,1,1,0,0,0,0,0,0,0,0,1,0,1,1,1,0,0,0,0,1,0,1,1,0,0,0,0,1,0,0,1,0,1,0,0,0,0,0,0,1,0,0,0,0,0,0,0,0,0,0,0,1,1,1,1,1,1,0,0,1,1,0,0,1,0,1,0,1,0,1,1,0,1,0,0,0,0,0,1,0,0,1,0,0,0,0,0,1,1,1,0,0,0,0,0,1,0,0,0,0,0,1,1,1,0,1,0,1,0,0,1,0,0,1,1,1,0,1,1,0,0,1,0,1,0,0,0,0,1,1,0,1,0,1,0,0,0,1,1,1,1,0,0,1,1,0,0,0,1,1,1,0,0,0,1,1,1,0,1,0,0,0,1
0,1,0,1,0,1,0,0,0,0,1,0,0,0,0,0,0,1,1,0,0,1,1,0,0,0,1,0,1,0,1,0,0,0,0,0,0,1,1,0,0,1,0,1,0,0,0,1,0,0,0,1,0,0,0,0,0,0,0,1,0,0,0,0,0,0,0,0,0,0,1,1,1,0,0,0,0,1,0,1,1,0,0,0,0,1,0,0,1,0,0,0,0,0,0,0,0,0,0,0,0,0,0,0,0,0,0,0,0,1,1,1,0,0,0,0,0,0,1,0,0,1,0,0,0,0,0,0,0,0,1,0,0,0,0,0,0,0,0,0,0,0,0,0,0,0,0,1,0,0,0,0,0,0,0,0,0,0,0,0,1,0,0,1,0,0,0,0,0,0,0,1,1,0,0,0,1,0,0,0,0,0,0,0,0,0,0,0,0,0,0,0,0,0,0,1,1,0,0,0,0,0,0,0,0,0,1,0,0,0,0,0,0,1,0,0,0,0,0,0,0
0,1,0,1,0,1,0,0,0,0,1,0,0,0,0,0,0,1,1,0,0,1,1,1,0,0,1,0,1,1,1,0,0,0,0,0,0,1,1,0,0,1,0,1,0,0,0,1,0,0,0,1,0,0,0,0,0,0,0,1,0,0,0,0,0,0,0,0,0,0,1,1,1,0,0,0,0,1,0,1,1,0,0,0,0,1,0,0,1,0,0,0,0,0,0,0,0,0,0,0,0,0,0,0,0,0,0,0,0,1,1,1,0,0,0,0,0,0,1,0,0,1,0,0,0,0,0,0,0,0,1,0,0,0,0,0,0,0,0,0,0,0,0,0,0,0,0,1,0,0,0,0,0,0,0,0,0,0,0,0,1,0,0,1,0,0,0,0,0,0,0,1,1,0,0,0,1,0,0,0,0,0,0,0,0,0,0,0,0,0,0,0,0,0,0,1,1,0,0,0,0,0,0,0,0,0,1,0,0,1,0,0,0,1,0,1,0,1,0,0,0
0,1,0,1,0,1,1,0,0,0,1,0,0,0,0,0,0,1,1,0,0,1,1,0,0,0,1,0,1,0,1,0,0,0,0,0,0,1,1,0,0,1,0,1,0,0,0,1,0,0,0,1,0,1,1,0,0,0,0,1,0,0,0,0,0,0,0,0,0,0,1,1,1,0,0,1,0,1,0,1,1,0,0,1,0,1,0,0,1,0,0,0,0,0,0,0,0,0,0,1,0,0,0,0,0,0,0,0,0,1,1,1,0,0,0,1,1,0,1,0,0,1,0,0,0,0,0,0,0,0,1,0,0,0,0,0,0,0,0,0,0,0,0,1,0,0,0,1,0,0,0,0,0,0,0,0,0,0,0,0,1,0,0,1,0,0,0,0,0,0,0,1,1,0,0,0,1,0,0,0,1,0,0,0,0,0,0,0,0,0,0,0,0,0,0,1,1,0,0,0,0,0,0,0,0,0,1,0,0,0,0,1,0,1,0,0,0,0,0,1,0
0,1,0,1,0,1,0,0,0,0,1,0,0,0,0,0,0,1,1,0,0,1,1,0,0,0,1,0,1,0,1,0,0,0,0,0,0,1,1,0,0,1,0,1,0,0,0,1,0,0,0,1,0,0,0,0,0,0,0,1,0,0,0,0,0,0,0,0,0,0,1,1,1,0,0,0,0,1,0,1,1,0,0,0,0,1,0,0,1,0,0,0,0,0,0,0,0,0,0,0,0,0,0,0,0,0,0,0,0,1,1,1,0,0,0,0,0,0,1,0,0,1,0,0,0,0,0,0,0,0,1,0,0,0,0,0,0,0,0,0,0,0,0,0,0,0,0,1,0,0,0,0,0,0,0,0,0,0,0,0,1,0,0,1,0,0,0,0,0,0,0,1,1,0,0,0,1,0,0,0,0,0,0,0,0,0,0,0,0,0,0,0,0,0,0,1,1,0,0,0,0,0,0,0,0,0,1,0,0,0,0,0,0,1,0,0,0,0,0,0,0
0,1,0,1,0,1,1,1,0,0,1,0,0,0,0,0,0,1,1,0,0,1,1,0,0,0,1,0,1,0,1,0,0,0,0,0,0,1,1,1,0,1,0,1,0,0,0,1,1,0,0,1,0,0,0,0,0,1,1,1,0,0,0,0,0,0,0,0,1,0,1,1,1,0,0,0,0,1,0,1,1,0,0,0,0,1,0,0,1,0,1,0,0,0,0,0,0,1,0,0,0,0,0,0,0,0,0,0,0,1,1,1,1,1,1,0,0,1,1,0,0,1,0,1,0,1,0,1,1,1,1,0,0,0,0,0,1,0,0,1,0,0,0,0,0,1,1,1,0,0,0,0,0,1,0,0,0,0,0,1,1,1,0,1,0,1,0,1,1,0,0,1,1,1,0,1,1,0,0,1,0,1,0,0,0,0,1,0,0,1,1,0,0,0,0,1,1,1,1,1,1,0,0,0,0,0,1,1,1,0,0,0,1,1,1,0,1,0,0,0,1
0,1,0,1,0,1,1,0,0,0,1,0,0,0,0,0,0,1,1,0,0,1,1,0,0,0,1,0,1,0,1,0,0,0,0,0,0,1,1,1,0,1,0,1,0,0,0,1,1,0,0,1,0,0,0,0,0,1,1,1,0,0,0,0,0,0,0,0,1,0,1,1,1,0,0,0,0,1,0,1,1,0,0,0,0,1,0,0,1,0,1,0,0,0,0,0,0,1,0,0,0,0,0,0,0,0,0,0,0,1,1,1,1,1,0,0,0,1,1,0,0,1,0,1,0,0,0,1,1,1,1,0,0,0,0,0,1,0,0,1,0,0,0,0,0,1,1,1,0,0,0,0,0,1,0,0,0,0,0,1,1,0,0,1,0,1,0,1,1,0,0,1,1,1,0,1,1,0,0,0,0,1,0,0,0,0,1,0,0,1,1,1,0,0,0,1,1,1,0,1,1,1,1,0,0,0,1,1,0,0,1,0,0,1,1,0,0,0,1,0,0
0,1,0,1,0,1,1,0,0,0,1,0,0,1,1,0,0,1,1,0,0,1,1,0,0,0,1,0,1,0,1,0,0,0,0,0,0,1,1,1,0,1,0,1,0,0,0,1,1,0,0,1,0,0,0,0,1,1,1,1,0,0,0,0,0,0,0,0,1,0,1,1,1,0,0,0,0,1,0,1,1,0,0,0,0,1,0,0,1,0,1,0,0,0,0,0,0,1,0,0,0,0,0,0,0,0,0,0,0,1,1,1,1,1,1,0,0,1,1,0,0,1,0,1,0,1,0,1,1,0,1,0,0,0,0,0,1,0,0,1,0,0,0,0,0,1,1,1,0,0,0,0,0,1,0,0,0,0,0,1,1,1,0,1,0,1,0,0,1,0,0,1,1,1,0,1,1,0,0,1,0,1,0,0,0,0,1,0,0,1,0,0,0,0,0,1,1,1,1,0,0,0,0,0,0,0,1,1,1,0,0,0,1,1,1,0,1,0,0,0,1
0,1,0,1,0,1,1,0,0,0,1,0,0,0,0,0,0,1,1,0,0,1,1,0,0,0,1,0,1,0,1,0,0,0,0,0,0,1,1,1,0,1,0,1,0,0,0,1,1,0,0,1,0,0,0,0,0,1,1,1,0,0,0,0,0,0,0,0,1,0,1,1,1,0,0,0,0,1,0,1,1,0,0,0,0,1,0,0,1,0,1,0,0,0,0,0,0,1,0,0,0,0,0,0,0,0,0,0,0,1,1,1,1,1,0,0,0,1,1,0,0,1,0,1,0,0,0,1,1,0,1,0,0,0,0,0,1,0,0,1,0,0,0,0,0,1,1,1,0,0,0,0,0,1,0,0,0,0,0,1,1,0,0,1,0,1,0,0,1,0,0,1,1,1,0,1,1,0,0,0,0,1,0,0,0,0,1,0,0,1,0,1,0,0,0,1,1,1,1,0,0,1,1,0,0,0,1,0,1,0,1,0,0,1,0,0,1,0,1,0,0
0,1,0,1,0,1,0,0,0,0,1,0,0,0,0,0,0,1,1,0,0,1,1,1,0,0,1,0,1,1,1,0,0,0,0,0,0,1,1,0,0,1,0,1,0,0,0,1,0,0,0,1,0,0,0,0,0,0,0,1,0,0,0,0,0,0,0,0,0,0,1,1,1,0,0,0,0,1,0,1,1,0,0,0,0,1,0,0,1,0,0,0,0,0,0,0,0,0,0,0,0,0,0,0,0,0,0,0,0,1,1,1,0,0,0,0,0,0,1,0,0,1,0,0,0,0,0,0,0,0,1,0,0,0,0,0,0,0,0,0,0,0,0,0,0,0,0,1,0,0,0,0,0,0,0,0,0,0,0,0,1,0,0,1,0,0,0,0,0,0,0,1,1,0,0,0,1,0,0,0,0,0,0,0,0,0,0,0,0,0,0,0,0,0,0,1,1,0,0,0,0,0,0,0,0,0,1,0,0,1,0,0,0,1,0,1,0,1,0,0,0
0,1,0,1,0,1,0,0,0,0,1,0,0,0,0,0,0,1,1,0,0,1,1,1,0,0,1,0,1,1,1,0,0,0,0,0,0,1,1,0,0,1,0,1,0,0,0,1,0,0,0,1,0,0,0,0,0,0,0,1,0,0,0,0,0,0,0,0,0,0,1,1,1,0,0,0,0,1,0,1,1,0,0,0,0,1,0,0,1,0,0,0,0,0,0,0,0,0,0,0,0,0,0,0,0,0,0,0,0,1,1,1,0,0,0,0,0,0,1,0,0,1,0,0,0,0,0,0,0,0,1,0,0,0,0,0,0,0,0,0,0,0,0,0,0,0,0,1,0,0,0,0,0,0,0,0,0,0,0,0,1,0,0,1,0,0,0,0,0,0,0,1,1,0,0,0,1,0,0,0,0,0,0,0,0,0,0,0,0,0,0,0,0,0,0,1,1,0,0,0,0,0,0,0,0,0,1,0,0,1,0,0,0,1,0,1,0,1,0,0,0
1,1,1,1,1,1,1,0,0,0,1,0,1,1,0,0,0,1,1,0,0,0,0,0,0,1,1,0,1,0,1,0,0,1,0,0,1,0,1,1,0,1,0,1,1,1,0,1,0,0,0,1,1,1,1,1,1,1,1,0,1,1,1,1,1,1,1,1,1,0,1,1,1,0,0,1,1,1,0,1,1,0,0,1,1,1,1,1,1,1,1,1,1,1,0,1,1,1,0,1,0,1,1,1,1,1,1,1,0,1,1,1,1,1,0,1,1,1,1,0,1,1,1,1,0,0,1,1,1,0,1,0,1,0,0,1,1,0,0,1,1,1,0,1,0,1,1,1,1,1,0,0,0,1,0,0,1,1,0,1,1,0,0,1,1,1,0,0,1,0,1,1,1,1,1,1,1,1,0,0,1,1,0,1,1,1,1,0,1,1,0,0,1,0,1,1,0,0,0,0,0,0,0,1,0,0,0,1,0,0,0,0,0,0,1,0,0,0,0,0,0
0,1,0,1,0,1,1,1,0,0,1,0,1,1,1,1,1,1,1,1,1,1,0,1,1,1,1,0,0,0,1,0,0,1,0,1,1,0,1,1,0,1,0,1,1,1,0,1,0,0,0,1,0,1,1,0,0,1,1,1,1,1,1,1,1,1,0,1,1,0,1,1,1,1,0,1,0,1,0,1,1,0,0,1,0,1,0,1,1,1,1,1,0,0,0,1,1,1,0,0,0,1,0,0,1,0,1,1,1,1,0,1,1,1,0,1,0,1,1,0,1,1,0,1,0,0,1,1,1,0,1,1,1,1,1,1,1,0,0,1,0,1,0,1,0,1,1,1,1,0,1,0,0,1,1,0,0,1,1,1,1,0,1,1,0,1,1,0,1,1,1,1,1,1,0,1,1,1,0,0,1,1,0,1,0,0,1,0,1,1,0,1,1,0,1,1,1,1,1,0,0,1,1,1,0,1,1,1,0,0,1,1,0,1,1,1,0,1,1,1,0
1,1,0,1,1,1,1,0,0,0,1,0,1,1,0,0,0,1,1,0,0,0,0,0,0,1,1,0,1,0,1,0,0,0,0,0,1,0,1,1,0,1,0,1,1,1,0,1,0,0,0,1,1,1,1,1,1,1,1,0,1,1,1,0,0,1,1,1,1,0,1,1,1,0,0,1,1,1,0,1,1,0,0,1,1,1,1,1,1,1,1,1,1,1,0,1,1,1,0,1,0,1,1,1,1,0,1,1,0,1,1,1,1,1,0,1,1,1,1,0,1,1,1,1,0,0,1,1,1,0,1,0,1,0,0,1,1,0,0,1,1,1,0,1,0,1,1,1,1,1,0,0,0,1,0,0,1,1,0,1,1,0,0,1,1,1,0,0,1,0,0,1,1,1,1,1,1,1,0,0,1,1,0,1,1,1,1,0,1,1,0,0,1,0,1,1,0,0,0,0,0,0,0,1,0,0,0,1,0,0,0,0,0,0,1,0,0,0,0,0,0
1,1,1,1,1,1,1,0,0,0,1,0,1,1,0,1,1,1,1,0,0,1,1,1,0,1,1,0,1,1,1,0,0,1,0,0,1,0,1,1,0,1,0,1,1,1,0,1,0,0,0,1,1,1,1,1,1,1,1,0,1,1,1,1,1,1,1,1,1,0,1,1,1,0,0,1,1,1,0,1,1,0,0,1,1,1,1,1,1,1,1,1,1,1,0,1,1,1,0,1,0,1,1,1,1,1,1,1,0,1,1,1,1,1,0,1,1,1,1,0,1,1,1,1,0,0,1,1,1,0,1,0,1,0,0,1,1,0,0,1,1,1,0,1,0,1,1,1,1,1,0,0,0,1,0,0,1,1,0,1,1,0,0,1,1,1,0,0,1,0,1,1,1,1,1,1,1,1,0,0,1,1,0,1,1,1,1,0,1,1,0,0,1,0,1,1,0,0,0,0,0,0,0,1,0,0,1,1,0,1,0,0,0,0,1,0,0,1,0,0,0
1,1,1,1,1,1,1,0,0,0,1,0,1,1,0,1,1,1,1,0,0,1,0,0,0,1,1,0,1,0,1,0,0,1,0,0,0,0,1,1,0,1,0,1,1,1,0,1,0,0,0,1,1,1,1,1,1,1,1,0,1,1,1,1,1,1,1,1,1,0,1,1,1,0,0,1,1,1,0,1,1,0,0,1,1,1,1,1,1,1,1,1,1,1,0,1,1,1,0,1,0,1,1,1,1,1,1,1,0,1,1,1,1,1,0,1,1,1,1,0,1,1,1,1,0,0,1,1,1,0,1,0,1,0,0,1,1,0,0,1,1,1,0,1,0,1,1,1,1,1,0,0,0,1,0,0,1,1,0,1,1,0,0,1,1,1,0,0,1,0,1,1,1,1,1,1,1,1,0,0,1,1,0,1,1,1,1,0,1,1,0,0,1,0,1,1,0,0,0,0,0,0,0,1,0,0,0,1,0,0,0,0,0,0,1,0,0,0,0,0,0
1,1,1,1,1,1,1,0,0,0,1,0,1,1,0,1,1,1,1,0,0,1,0,0,0,1,1,0,1,0,1,0,0,1,0,0,0,0,1,1,0,1,0,1,1,1,0,1,0,0,0,1,1,1,1,1,1,1,1,0,1,1,1,1,1,1,1,1,1,0,1,1,1,0,0,1,1,1,0,1,1,0,0,1,1,1,1,1,1,1,1,1,1,1,0,1,1,1,0,1,0,1,1,1,1,1,1,1,0,1,1,1,1,1,0,1,1,1,1,0,1,1,1,1,0,0,1,1,1,0,1,0,1,0,0,1,1,0,0,1,1,1,0,1,0,1,1,1,1,1,0,0,0,1,0,0,1,1,0,1,1,0,0,1,1,1,0,0,1,0,1,1,1,1,1,1,1,1,0,0,1,1,0,1,1,1,1,0,1,1,0,0,1,0,1,1,0,0,0,0,0,0,0,1,0,0,0,1,0,0,0,0,0,0,1,0,0,0,0,0,0
1,1,1,1,1,1,1,0,0,0,1,0,1,1,0,1,1,1,1,0,0,1,0,0,0,1,1,0,1,0,1,0,0,1,0,0,1,0,1,1,0,1,0,1,1,1,0,1,0,0,0,1,1,1,1,1,1,1,1,0,1,1,1,1,1,1,1,1,1,0,1,1,1,0,0,1,1,1,0,1,1,0,0,1,1,1,1,1,1,1,1,1,1,1,0,1,1,1,0,1,0,1,1,1,1,1,1,1,0,1,1,1,1,1,0,1,1,1,1,0,1,1,1,1,0,0,1,1,1,0,1,0,1,0,0,1,1,0,0,1,1,1,0,1,0,1,1,1,1,1,0,0,0,1,0,0,1,1,0,1,1,0,0,1,1,1,0,0,1,0,1,1,1,1,1,1,1,1,0,0,1,1,0,1,1,1,1,0,1,1,0,0,1,0,1,1,0,0,0,0,0,0,0,1,0,0,0,1,0,0,0,0,0,0,1,0,0,0,0,0,0
0,1,0,0,0,1,1,1,0,0,1,0,0,0,0,0,0,0,0,0,0,0,0,0,0,0,0,0,0,0,1,0,0,0,1,0,0,0,0,1,0,0,1,1,0,0,0,0,1,0,0,1,0,0,0,0,1,1,1,0,0,0,0,0,0,0,0,0,1,1,0,1,0,0,0,0,0,0,1,0,1,0,0,0,0,0,1,0,0,0,0,0,0,0,0,0,0,1,0,0,0,0,0,0,0,0,0,1,0,0,0,0,1,1,0,0,0,1,0,0,1,0,0,0,0,0,0,1,1,1,0,0,1,0,1,0,0,0,0,1,0,0,0,0,0,1,1,0,0,0,1,0,1,1,0,0,0,0,0,0,0,0,0,0,0,1,0,1,1,1,0,0,0,1,0,1,0,0,0,0,0,1,1,1,1,0,1,0,1,1,0,0,0,0,0,1,0,1,1,0,0,0,0,0,0,0,0,0,1,0,1,0,0,0,0,0,1,0,1,0,0
1,1,0,0,0,1,1,1,0,0,0,0,0,0,0,0,1,1,1,0,1,1,1,1,1,1,1,0,0,0,1,0,0,0,1,1,0,0,0,1,0,0,1,1,0,0,0,0,1,0,0,1,0,0,0,0,1,1,1,0,0,0,0,0,0,0,0,0,1,1,0,1,0,1,0,0,0,0,1,0,1,0,0,0,0,0,1,0,0,0,1,0,0,0,0,1,0,1,0,0,0,0,0,0,0,0,0,1,0,0,0,0,1,1,0,0,0,1,0,0,1,0,0,1,0,1,0,1,1,1,0,0,1,0,1,0,1,0,0,1,0,1,0,0,0,1,1,0,0,0,1,0,1,1,0,0,1,1,1,1,0,0,1,0,0,1,0,1,1,1,0,0,0,1,0,1,0,0,0,1,0,1,0,1,1,0,1,0,1,1,1,0,1,1,0,1,1,1,1,1,1,0,0,1,1,1,1,1,0,0,0,0,0,1,1,1,1,1,1,0,1
0,1,0,0,0,1,1,1,0,0,1,0,0,0,0,0,0,0,0,0,0,0,0,0,0,0,0,0,0,0,1,0,0,0,1,0,0,0,0,1,0,0,1,1,0,0,0,0,1,0,0,1,0,0,0,0,1,1,1,0,0,0,0,0,0,0,0,0,1,1,0,1,0,0,0,0,0,0,1,0,1,0,0,0,0,0,1,0,0,0,0,0,0,0,0,0,0,1,0,0,0,0,0,0,0,0,0,1,0,0,0,0,1,1,0,0,0,1,0,0,1,0,0,0,0,0,0,1,1,1,0,0,1,0,0,0,0,0,0,1,0,0,0,0,0,1,1,0,0,0,1,0,1,1,0,0,0,0,0,0,0,0,0,0,0,1,0,1,1,0,0,0,0,1,0,1,0,0,0,0,0,1,1,1,1,0,1,0,1,1,0,0,0,0,0,1,0,1,1,0,0,0,0,0,0,0,0,0,1,0,1,0,0,0,0,0,1,0,1,0,0
0,1,0,0,0,1,1,1,0,0,0,0,0,0,0,1,1,1,1,0,1,1,0,1,0,1,1,0,1,0,1,0,0,0,0,0,0,0,0,1,0,1,1,1,0,1,0,1,1,1,1,1,0,1,0,0,0,1,1,0,0,1,1,0,0,1,1,1,1,0,1,1,0,1,1,0,0,0,0,1,1,1,1,1,0,0,0,1,1,1,1,1,0,0,1,1,1,1,0,1,0,1,0,1,1,0,1,1,0,1,1,1,1,1,1,1,1,1,1,0,1,1,0,1,0,1,0,1,1,0,1,1,1,0,0,1,1,0,0,1,0,1,0,1,0,1,1,1,0,0,1,0,0,1,0,0,0,1,0,1,1,1,0,1,0,1,0,0,1,0,0,0,0,1,0,1,1,1,0,1,1,1,0,1,1,0,1,0,1,1,1,0,1,1,0,1,0,1,1,1,1,0,0,1,1,0,1,1,1,1,0,0,1,0,1,0,1,1,0,0,1
0,1,0,1,0,1,1,1,0,0,0,0,0,0,0,1,1,1,1,0,0,1,0,0,0,1,1,0,1,0,1,0,0,0,0,0,0,0,0,1,0,1,1,1,0,1,0,1,1,1,1,1,1,1,0,1,0,1,1,0,0,1,1,0,0,1,0,1,1,0,1,1,0,1,1,0,1,1,0,1,1,1,1,1,1,1,0,1,1,1,1,1,1,1,1,1,1,1,0,0,0,1,1,1,1,0,1,1,0,1,1,1,1,1,0,1,0,1,1,0,1,1,1,1,0,0,0,1,1,0,1,0,1,1,0,1,1,0,1,1,1,1,0,0,1,1,1,0,0,0,1,0,0,1,1,1,0,1,0,1,1,0,1,0,1,1,1,0,1,0,0,1,1,1,1,1,1,1,0,0,0,1,0,1,1,1,1,0,1,1,0,0,1,1,0,1,0,1,0,0,0,0,0,1,1,0,0,1,0,0,0,0,0,0,1,0,0,0,0,0,0
0,1,0,1,0,1,1,1,0,0,0,0,0,0,0,1,1,1,1,0,0,1,0,0,0,1,1,0,1,0,1,0,0,0,0,0,0,0,0,1,0,1,1,1,0,1,0,1,1,1,1,1,1,1,0,1,0,1,1,0,0,1,1,0,0,1,0,1,1,0,1,1,0,1,1,0,1,1,0,1,1,1,1,1,1,1,0,1,1,1,1,1,1,1,1,1,1,1,0,0,0,1,1,1,1,0,1,1,0,1,1,1,1,1,0,1,0,1,1,0,1,1,1,1,0,0,0,1,1,1,1,0,1,1,0,1,1,0,1,1,1,1,0,0,1,1,1,0,0,0,1,0,0,1,1,1,0,1,0,1,1,0,1,0,1,1,1,1,1,0,0,1,1,1,1,1,1,1,0,0,0,1,0,1,1,1,1,0,1,1,1,0,1,1,0,1,0,1,0,1,1,0,0,1,1,0,0,1,0,0,0,0,0,0,1,0,0,0,0,0,0
0,1,0,1,0,1,1,1,0,0,0,0,0,0,0,1,1,1,1,0,0,1,0,0,0,1,1,0,1,0,1,0,0,0,0,0,0,0,0,1,0,1,1,1,0,1,0,1,1,1,1,1,1,1,0,1,0,1,1,0,0,1,1,0,0,1,0,1,1,0,1,1,0,1,1,0,1,1,0,1,1,1,1,1,1,1,0,1,1,1,1,1,1,1,1,1,1,1,0,0,0,1,1,1,1,0,1,1,0,1,1,1,1,1,1,1,0,1,1,0,1,1,1,1,0,1,0,1,1,1,1,0,1,1,0,1,1,0,1,1,1,1,0,0,1,1,1,0,0,0,1,0,0,1,1,1,0,1,0,1,1,1,1,0,1,1,1,1,1,0,0,1,1,1,1,1,1,1,0,1,0,1,0,1,1,1,1,0,1,1,1,0,1,1,0,1,0,1,0,1,1,0,0,1,1,0,0,1,0,0,0,0,1,0,1,0,0,0,0,0,1
0,1,0,1,1,1,1,1,0,0,0,0,0,0,0,1,1,1,1,0,0,1,0,0,0,1,1,0,1,0,1,0,0,0,0,0,0,0,1,1,0,1,1,1,0,1,0,1,1,1,1,1,1,1,1,1,0,1,1,0,0,1,1,0,0,1,0,1,1,0,1,1,0,1,1,1,1,1,0,1,1,1,1,1,1,1,0,1,1,1,1,1,1,1,1,1,1,1,0,1,0,1,1,1,1,0,1,1,0,1,1,1,1,1,0,1,1,1,1,0,1,1,1,1,0,0,0,1,1,0,1,0,1,1,0,1,1,0,1,1,1,1,0,1,1,1,1,1,0,0,1,0,0,1,1,1,0,1,0,1,1,0,1,1,1,1,1,0,1,0,0,1,1,1,1,1,1,1,0,0,1,1,0,1,1,1,1,1,1,1,0,0,1,1,0,1,0,1,0,0,0,0,0,1,1,0,0,1,0,0,0,0,0,0,1,0,0,0,0,0,0
0,1,0,1,0,1,1,1,0,0,0,0,0,0,0,1,1,1,1,0,0,1,0,0,0,1,1,0,1,0,1,0,0,0,0,0,0,0,0,1,0,1,1,1,0,1,0,1,1,1,1,1,1,1,0,1,0,1,1,0,0,1,1,0,0,1,0,1,1,0,1,1,0,1,1,0,1,1,0,1,1,1,1,1,1,1,0,1,1,1,1,1,1,1,1,1,1,1,0,0,0,1,1,1,1,0,1,1,0,1,1,1,1,1,0,1,0,1,1,0,1,1,1,1,0,0,0,1,1,0,1,0,1,1,0,1,1,0,1,1,1,1,0,0,1,1,1,0,0,0,1,0,0,1,1,1,0,1,0,1,1,0,1,0,1,1,1,0,1,0,0,1,1,1,1,1,1,1,0,0,0,1,0,1,1,1,1,0,1,1,0,0,1,1,0,1,0,1,0,0,0,0,0,1,1,0,0,1,0,0,0,0,0,0,1,0,0,0,0,0,0
0,1,0,1,1,1,1,1,0,0,0,0,0,0,0,1,1,1,1,0,0,1,0,0,0,1,1,0,1,0,1,0,0,0,0,0,0,0,1,1,0,1,1,1,0,1,0,1,1,1,1,1,1,1,1,1,0,1,1,0,0,1,1,0,0,1,0,1,1,0,1,1,0,1,1,1,1,1,0,1,1,1,1,1,1,1,0,1,1,1,1,1,1,1,1,1,1,1,0,1,0,1,1,1,1,0,1,1,0,1,1,1,1,1,0,1,1,1,1,0,1,1,1,1,0,0,0,1,1,0,1,0,1,1,0,1,1,0,1,1,1,1,0,1,1,1,1,1,0,0,1,0,0,1,1,1,0,1,0,1,1,0,1,1,1,1,1,0,1,0,0,1,1,1,1,1,1,1,0,0,1,1,0,1,1,1,1,1,1,1,0,0,1,0,0,1,0,0,0,0,0,0,0,1,0,0,0,0,0,0,0,0,0,0,0,0,0,0,0,0,0
0,1,0,1,0,1,1,1,0,0,0,0,0,0,0,1,1,1,1,0,0,1,0,0,0,1,1,0,1,0,1,0,0,0,0,0,0,0,0,1,0,1,1,1,0,1,0,1,1,1,1,1,1,1,0,1,0,1,1,0,0,1,1,0,0,1,0,1,1,0,1,1,0,1,1,0,1,1,0,1,1,1,1,1,1,1,0,1,1,1,1,1,1,1,1,1,1,1,0,0,0,1,1,1,1,0,1,1,0,1,1,1,1,1,0,1,0,1,1,0,1,1,1,1,0,0,0,1,1,0,1,0,1,1,0,1,1,0,1,1,1,1,0,0,1,1,1,0,0,0,1,0,0,1,1,1,0,1,0,1,1,0,1,0,1,1,1,0,1,0,0,1,1,1,1,1,1,1,0,0,0,1,0,1,1,1,1,0,1,1,0,0,1,1,0,1,0,1,0,0,0,0,0,1,1,0,0,1,0,0,0,0,0,0,1,0,0,0,0,0,0
0,1,0,1,1,1,1,1,0,0,0,0,0,0,0,1,1,1,1,0,0,1,0,0,0,1,1,0,1,0,1,0,0,0,0,0,0,0,1,1,0,1,1,1,0,1,0,1,1,1,1,1,1,1,1,1,0,1,1,0,0,1,1,0,0,1,0,1,1,0,1,1,0,1,1,1,1,1,0,1,1,1,1,1,1,1,0,1,1,1,1,1,1,1,1,1,1,1,0,1,0,1,1,1,1,0,1,1,0,1,1,1,1,1,0,1,1,1,1,0,1,1,1,1,0,0,0,1,1,0,1,0,1,1,0,1,1,0,1,1,1,1,0,1,1,1,1,1,0,0,1,0,0,1,1,1,0,1,0,1,1,0,1,1,1,1,1,0,1,0,0,1,1,1,1,1,1,1,0,0,1,1,0,1,1,1,1,1,1,1,0,0,1,0,0,1,0,1,1,0,0,0,0,1,0,0,0,0,1,0,0,0,0,0,0,0,1,0,0,0,0
0,1,0,1,1,1,1,1,0,0,0,0,0,0,0,1,1,1,1,0,0,1,0,0,0,1,1,0,1,0,1,0,0,0,0,0,0,0,1,1,0,1,1,1,0,1,0,1,1,1,1,1,1,1,1,1,0,1,1,0,0,1,1,0,0,1,0,1,1,0,1,1,0,1,1,1,1,1,0,1,1,1,1,1,1,1,0,1,1,1,1,1,1,1,1,1,1,1,0,1,0,1,1,1,1,0,1,1,0,1,1,1,1,1,0,1,1,1,1,0,1,1,1,1,0,0,0,1,1,0,1,0,1,1,0,1,1,0,1,1,1,1,0,1,1,1,1,1,0,0,1,0,0,1,1,1,0,1,0,1,1,0,1,1,1,1,1,0,1,0,0,1,1,1,1,1,1,1,0,0,1,1,0,1,1,1,1,1,1,1,0,0,1,1,0,1,0,1,0,0,0,0,0,1,1,0,0,1,0,0,0,0,0,0,1,0,0,0,0,0,0
0,1,0,1,1,1,1,1,0,0,0,0,0,0,0,1,1,1,1,0,0,1,0,0,0,1,1,0,1,0,1,0,0,0,0,0,0,0,1,1,0,1,1,1,0,1,0,1,1,1,1,1,1,1,1,1,0,1,1,0,0,1,1,0,0,1,0,1,1,0,1,1,0,1,1,1,1,1,0,1,1,1,1,1,1,1,0,1,1,1,1,1,1,1,1,1,1,1,0,1,0,1,1,1,1,0,1,1,0,1,1,1,1,1,1,1,1,1,1,0,1,1,1,1,0,1,0,1,1,0,1,0,1,1,0,1,1,0,1,1,1,1,0,1,1,1,1,1,0,0,1,0,0,1,1,1,0,1,0,1,1,1,1,1,1,1,1,0,1,0,0,1,1,1,1,1,1,1,0,1,1,1,0,1,1,1,1,1,1,1,0,0,1,1,0,1,0,1,1,0,0,0,0,1,1,0,0,1,1,0,0,0,1,0,1,0,1,0,0,0,1
0,1,0,1,1,1,1,1,0,0,1,0,0,1,0,1,1,1,1,0,0,1,0,0,0,1,1,0,1,0,1,0,0,0,0,0,0,0,1,1,0,1,1,1,0,1,0,1,1,1,1,1,1,1,1,1,1,1,1,0,0,1,1,0,0,1,0,1,1,0,1,1,0,1,1,1,1,1,0,1,1,1,1,1,1,1,0,1,1,1,1,1,1,1,1,1,1,1,0,1,0,1,1,1,1,0,1,1,0,1,1,1,1,1,1,1,1,1,1,0,1,1,1,1,0,1,0,1,1,0,1,0,1,1,0,1,1,0,1,1,1,1,0,1,1,1,1,1,0,0,1,0,0,1,1,1,0,1,0,1,1,1,1,1,1,1,1,0,1,0,0,1,1,1,1,1,1,1,0,1,1,1,0,1,1,1,1,1,1,1,0,0,1,1,0,1,0,1,1,0,0,0,0,1,1,0,0,1,1,0,0,0,1,0,1,0,1,0,0,0,1
0,1,0,1,1,1,1,1,1,0,1,0,0,1,0,1,1,1,0,0,0,0,0,0,0,1,1,1,1,0,1,1,0,0,0,0,0,0,1,1,0,1,1,1,0,1,0,1,1,1,1,1,1,1,1,1,0,1,1,0,0,1,1,0,0,1,0,1,1,0,1,1,0,1,1,1,1,1,0,1,1,1,1,1,1,1,0,1,1,1,1,1,1,1,1,1,1,1,0,1,0,1,1,1,1,0,1,1,0,1,1,1,1,1,0,1,1,1,1,0,1,1,1,1,0,0,0,1,1,0,1,0,1,1,0,1,1,0,1,1,1,1,0,1,1,1,1,1,0,0,1,0,0,1,1,1,0,1,0,1,1,0,1,1,1,1,1,0,1,0,0,1,1,1,1,1,1,1,0,0,1,1,0,1,1,1,1,1,1,1,0,0,0,0,0,0,0,0,0,0,0,0,0,0,0,0,0,0,0,0,0,0,0,0,0,0,0,0,0,0,0
0,1,0,1,0,1,1,1,0,0,0,0,0,0,0,1,1,1,1,0,0,1,0,0,0,1,1,0,1,0,1,0,0,1,0,0,0,0,0,1,0,1,0,1,0,1,0,1,1,1,1,1,1,1,0,1,0,1,1,0,0,1,0,1,1,1,0,1,1,0,1,1,0,1,1,0,1,1,0,1,1,1,1,1,1,1,0,1,1,1,1,1,1,1,1,1,1,1,0,0,0,1,1,1,1,1,1,1,0,1,1,1,1,1,1,1,0,1,1,0,1,1,1,1,0,1,0,1,1,0,1,0,1,1,0,1,1,0,1,1,1,1,0,0,1,1,1,1,0,0,0,0,0,1,0,1,0,1,0,1,1,1,0,1,1,1,0,0,1,0,0,1,1,1,1,1,1,1,0,1,0,1,0,1,1,1,1,1,1,1,0,1,1,1,0,1,0,1,1,0,0,1,0,1,1,0,0,1,1,0,0,0,1,0,1,0,1,0,0,0,1
0,1,0,1,1,1,1,0,0,0,0,0,0,0,0,1,1,1,1,1,1,1,0,1,0,1,1,0,1,0,1,0,0,1,0,0,0,1,1,1,0,1,0,1,0,1,0,1,1,1,1,1,1,1,0,1,0,1,1,0,0,1,1,1,1,1,0,1,1,0,1,1,0,1,1,0,1,1,0,1,1,1,1,1,1,1,0,1,1,1,1,1,1,1,1,1,1,1,0,0,0,1,1,1,1,1,1,1,0,1,1,1,1,1,0,1,0,1,1,0,1,1,1,1,0,0,0,1,1,0,1,0,1,1,0,1,1,0,1,1,1,1,0,0,1,1,1,1,0,0,0,0,0,1,0,1,0,1,0,1,1,0,0,1,1,1,0,0,1,0,1,1,1,1,1,1,1,1,0,0,0,1,0,1,1,1,1,0,1,1,0,0,1,1,0,1,0,1,0,0,0,0,0,1,1,0,0,1,0,0,0,0,0,0,1,0,0,0,0,0,0
0,1,0,1,1,1,1,0,0,0,0,0,0,0,0,1,1,1,1,1,1,1,0,1,0,1,1,0,1,0,1,0,0,0,0,0,0,0,0,1,0,1,0,1,0,1,0,1,1,1,1,1,1,1,0,1,0,1,1,0,0,1,1,0,0,1,0,1,1,0,1,1,0,1,1,0,1,1,0,1,1,1,1,1,1,1,0,1,1,1,1,1,1,1,1,1,1,1,0,0,0,1,1,1,1,0,1,1,0,1,1,1,1,1,0,1,0,1,1,0,1,1,1,1,0,0,1,1,1,0,1,0,1,1,0,1,1,0,1,1,1,1,0,0,1,1,1,1,1,0,0,0,0,1,0,1,0,1,0,1,1,0,0,1,1,1,0,0,1,0,0,1,1,1,1,1,1,1,0,0,0,1,0,1,1,1,1,0,1,1,0,0,1,1,0,1,0,1,0,0,0,0,0,1,1,0,0,1,0,0,0,0,0,0,1,0,0,0,0,0,0
0,1,0,1,1,1,1,0,0,0,0,0,0,0,0,1,1,1,0,1,1,1,0,0,0,1,1,1,1,0,1,0,0,1,0,0,0,0,1,1,0,1,0,1,0,1,0,1,1,1,1,1,1,1,1,1,0,1,1,0,0,1,0,1,1,1,0,1,1,0,1,1,0,1,1,1,1,1,0,1,1,1,1,1,1,1,0,1,1,1,1,1,1,1,1,1,1,1,0,1,0,1,1,1,1,0,1,1,0,1,1,1,1,1,0,1,1,1,1,0,1,1,1,1,0,0,0,1,1,0,1,1,1,1,0,1,1,0,1,1,1,1,0,1,1,1,1,1,0,0,0,0,0,1,0,1,0,1,0,1,1,0,0,1,1,1,0,0,1,0,1,1,0,1,1,1,1,1,0,0,1,1,0,1,1,1,1,0,1,1,0,0,1,1,0,1,0,1,0,0,0,0,0,1,1,0,0,1,0,0,0,0,0,0,1,0,0,0,0,0,0
0,1,0,1,0,1,1,0,1,0,1,0,0,1,0,1,1,1,0,0,0,0,0,0,0,1,1,1,1,0,1,1,0,1,0,0,0,0,0,1,0,1,0,1,0,1,0,1,1,1,1,1,1,1,0,1,0,1,1,0,0,1,0,1,1,1,0,1,1,0,1,1,0,1,1,0,1,1,0,1,1,1,1,1,1,1,0,1,1,1,1,1,1,1,1,1,1,1,0,0,0,1,1,1,1,1,1,1,0,1,1,1,1,1,0,1,0,1,1,0,1,1,1,1,0,0,0,1,1,0,1,0,1,1,0,1,1,0,1,1,1,1,0,0,1,1,1,1,0,0,0,0,0,1,0,1,0,1,0,1,1,0,0,1,1,1,0,0,1,0,0,1,1,1,1,1,1,1,0,0,0,1,0,1,1,1,1,0,1,1,0,0,1,1,0,1,0,1,0,0,0,0,0,1,1,0,0,1,0,0,0,0,0,0,1,0,0,0,0,0,0
0,1,0,1,1,1,0,0,1,0,1,0,1,1,0,1,1,1,0,0,0,0,0,0,0,1,1,0,0,0,1,1,0,1,0,0,0,0,1,0,0,1,0,1,1,1,0,1,0,0,0,1,1,1,1,1,0,0,0,0,1,1,1,1,1,1,0,1,0,0,1,1,1,0,0,1,0,1,0,1,1,0,0,1,1,1,0,1,1,1,0,1,1,1,0,0,1,0,0,0,0,1,1,0,1,0,1,1,0,1,0,1,0,0,0,1,0,0,1,0,0,1,1,0,0,0,1,0,0,0,1,0,0,1,0,1,0,0,1,0,1,0,0,1,0,0,0,1,1,0,0,0,0,0,0,0,0,0,0,0,1,0,0,1,1,0,0,0,0,0,1,0,0,0,1,0,1,1,0,0,1,0,0,0,0,1,0,0,0,0,0,0,0,0,0,0,0,0,0,0,0,0,0,0,0,0,0,0,0,0,0,1,0,0,0,0,0,0,0,1,0
0,1,0,1,1,1,0,0,1,0,1,0,1,1,0,1,1,1,0,0,0,0,0,0,0,1,1,0,0,0,1,1,0,1,0,0,0,1,1,0,0,1,0,1,1,1,0,1,0,0,0,1,1,1,1,1,0,0,0,0,1,1,1,1,1,1,0,1,0,0,1,1,1,0,0,1,0,1,0,1,1,0,0,1,1,1,0,1,1,1,0,1,1,1,0,0,1,0,0,0,0,1,1,0,1,0,1,1,0,1,0,1,0,0,0,1,0,0,1,0,0,1,1,0,0,0,1,0,0,0,1,0,0,1,0,1,0,0,1,0,1,0,0,1,0,0,0,1,1,0,0,0,0,0,0,0,0,0,0,0,1,0,0,1,1,0,0,0,0,0,1,0,0,0,1,0,1,1,0,0,1,0,0,0,0,1,0,0,0,0,0,0,0,0,0,0,0,0,0,0,0,0,0,0,0,0,0,0,0,0,0,1,0,0,0,0,0,0,0,1,0
0,1,0,1,1,1,0,0,1,0,1,0,1,1,0,1,1,1,0,0,0,0,0,0,0,1,1,0,0,0,1,1,0,1,0,0,0,0,1,0,0,1,0,1,1,1,0,1,0,0,0,1,1,1,1,1,0,0,0,0,1,1,1,1,1,1,0,1,0,0,1,1,1,0,0,1,0,1,0,1,1,0,0,1,1,1,0,1,1,1,0,1,1,1,0,0,1,0,0,0,0,1,1,0,1,0,1,1,0,1,0,1,0,0,0,1,0,0,1,0,0,1,1,0,0,0,1,0,0,0,1,0,0,1,0,1,0,0,1,0,1,0,0,1,0,0,0,1,1,0,0,0,0,0,0,0,0,0,0,0,1,0,0,1,1,0,0,0,0,0,1,0,0,0,1,0,1,1,0,0,1,0,0,0,0,1,0,0,0,0,0,0,0,0,0,0,0,0,0,0,0,0,0,0,0,0,0,0,0,0,0,1,0,0,0,0,0,0,0,1,0
0,1,0,1,1,1,0,0,1,0,1,0,1,1,0,1,1,1,0,0,0,0,0,0,0,1,1,0,0,0,1,1,0,1,0,0,0,0,1,0,0,1,0,1,1,1,0,1,0,0,0,1,1,1,1,1,0,0,0,0,1,1,1,1,1,1,0,1,0,0,1,1,1,0,0,1,0,1,0,1,1,0,0,1,1,1,0,1,1,1,0,1,1,1,0,0,1,0,0,0,0,1,1,0,1,0,1,1,0,1,0,1,0,0,0,1,0,0,1,0,0,1,1,0,0,0,1,0,0,0,1,0,0,1,0,1,0,0,1,0,1,0,0,1,0,0,0,1,1,0,0,0,0,0,0,0,0,0,0,0,1,0,0,1,1,0,0,0,0,0,1,0,0,0,1,0,1,1,0,0,1,0,0,0,0,1,0,0,0,0,0,0,0,0,0,0,0,0,0,0,0,0,0,0,0,0,0,0,0,0,0,1,0,0,0,0,0,0,0,1,0
0,1,0,1,1,1,0,0,1,0,1,0,1,1,0,1,1,1,0,0,0,0,0,0,0,1,1,0,0,0,1,1,0,1,0,0,0,0,1,0,0,1,0,1,1,1,0,1,0,0,0,1,1,1,1,1,0,0,0,0,1,1,1,1,1,1,0,1,0,0,1,1,1,0,0,1,0,1,0,1,1,0,0,1,1,1,0,1,1,1,0,1,1,1,0,0,1,0,0,0,0,1,1,0,1,0,1,1,0,1,0,1,0,0,0,1,0,0,1,0,0,1,1,0,0,0,1,0,0,0,1,0,0,1,0,1,0,0,1,0,1,0,0,1,0,0,0,1,1,0,0,0,0,0,0,0,0,0,0,0,1,0,0,1,1,0,0,0,0,0,1,0,0,0,1,0,1,1,0,0,1,0,0,0,0,1,0,0,0,0,0,0,0,0,0,0,0,0,0,0,0,0,0,0,0,0,0,0,0,0,0,1,0,0,0,0,0,0,0,1,0
0,1,0,1,1,1,0,0,1,0,1,0,1,1,0,1,1,1,0,0,0,0,0,0,0,1,1,0,0,0,1,1,0,1,0,0,0,0,1,0,0,1,0,1,1,1,0,1,0,0,0,1,1,1,1,1,0,0,0,0,1,1,1,1,1,1,0,1,0,0,1,1,1,0,0,1,0,1,0,1,1,0,0,1,1,1,0,1,1,1,0,1,1,1,0,0,1,0,0,0,0,1,1,0,1,0,1,1,0,1,0,1,0,0,0,1,0,0,1,0,0,1,1,0,0,0,1,0,0,0,1,0,0,1,0,1,0,0,1,0,1,0,0,1,0,0,0,1,1,0,0,0,0,0,0,0,0,0,0,0,1,0,0,1,1,0,0,0,0,0,1,0,0,0,1,0,1,1,0,0,1,0,0,0,0,1,0,0,0,0,0,0,0,0,0,0,0,0,0,0,0,0,0,0,0,0,0,0,0,0,0,1,0,0,0,0,0,0,0,1,0
0,1,0,1,1,1,1,0,1,0,1,0,1,1,0,1,1,1,0,0,0,0,0,0,0,1,1,0,0,0,1,1,0,1,0,0,0,0,1,0,0,1,1,1,1,1,0,1,1,0,0,1,1,1,1,1,0,0,0,0,1,1,1,1,1,1,0,1,1,0,1,1,1,0,0,1,0,1,0,1,1,0,0,1,1,1,0,1,1,1,0,1,1,1,0,0,1,0,0,0,0,1,1,0,1,0,1,1,0,1,0,1,0,0,0,1,0,0,1,0,0,1,1,0,1,0,1,0,0,0,1,0,0,1,0,1,0,0,1,0,1,0,0,1,0,0,0,1,1,0,1,1,0,0,0,0,0,0,0,0,1,0,0,1,1,0,0,0,0,0,1,0,0,0,1,0,1,1,1,0,1,0,0,0,0,1,0,0,0,0,0,0,0,0,0,0,0,0,0,0,0,0,0,0,0,0,0,0,0,0,0,1,0,0,0,0,0,0,0,1,0
1,1,0,1,1,1,0,0,1,0,1,0,1,1,0,1,1,1,0,0,0,0,0,0,0,1,1,0,0,0,1,1,0,1,0,0,0,0,1,0,0,1,0,1,1,1,0,1,0,0,0,1,1,1,1,1,0,0,0,0,1,1,1,1,1,1,0,1,0,0,1,1,1,0,0,1,0,1,0,1,1,0,0,1,1,1,0,1,1,1,0,1,1,1,0,0,1,0,0,0,0,1,1,0,1,0,1,1,0,1,0,1,0,0,0,1,0,0,1,0,0,1,1,0,0,0,1,0,0,0,1,0,0,1,0,1,0,0,1,0,1,0,0,1,0,0,0,1,1,0,0,0,0,0,0,0,0,0,0,0,1,0,0,1,1,0,0,0,0,0,1,0,0,0,1,0,1,1,0,0,1,0,0,0,0,1,0,0,0,0,0,0,0,0,0,0,0,0,0,0,0,0,0,0,0,0,0,0,0,0,0,1,0,0,0,0,0,0,0,1,0
0,1,0,1,1,1,1,0,1,0,1,0,1,1,1,1,1,1,0,0,0,0,0,0,0,1,1,0,0,0,1,1,0,1,0,0,0,0,1,1,0,1,1,1,1,1,0,1,1,0,0,1,1,1,1,1,0,0,0,0,1,1,1,1,1,1,0,1,1,0,1,1,1,0,0,1,0,1,0,1,1,0,0,1,1,1,0,1,1,1,0,1,1,1,0,0,1,0,0,0,0,1,1,0,1,0,1,1,0,1,0,1,0,0,0,1,0,0,1,0,0,1,1,0,1,0,1,0,0,0,1,0,0,1,0,1,0,0,1,0,1,0,0,1,0,0,0,1,1,0,1,1,0,0,0,0,0,0,0,0,1,0,0,1,1,1,0,0,0,0,1,0,0,0,1,0,1,1,1,0,1,0,0,0,0,1,1,0,0,0,0,1,0,0,0,0,0,0,0,0,0,1,0,0,0,0,0,0,0,0,0,1,0,0,0,0,0,0,0,1,0
0,1,0,1,1,1,0,0,1,0,1,0,1,1,0,1,1,1,1,0,0,1,0,0,0,1,1,0,0,0,1,1,0,1,0,0,0,1,1,0,0,1,0,1,1,1,0,1,0,0,0,1,1,1,1,1,0,0,0,0,1,1,1,1,1,1,0,1,0,0,1,1,1,0,0,1,0,1,0,1,1,0,0,1,1,1,0,1,1,1,0,1,1,1,0,0,1,0,0,0,0,1,1,0,1,0,1,1,0,1,0,1,0,0,0,1,0,0,1,0,0,1,1,0,0,0,1,0,0,0,1,0,0,1,0,1,0,0,1,0,1,0,0,1,0,0,0,1,1,0,0,0,0,0,0,0,0,0,0,0,1,0,0,1,1,0,0,0,0,0,1,0,0,0,1,0,1,1,0,0,1,0,0,0,0,1,0,0,0,0,0,0,0,0,0,0,0,0,0,0,0,0,0,0,0,0,0,0,0,0,0,1,0,0,0,0,0,0,0,1,0
1,1,0,1,1,1,0,0,1,0,1,0,1,1,0,1,1,1,1,0,0,1,0,0,0,1,1,0,0,0,1,1,0,1,0,0,1,0,1,0,0,1,0,1,1,1,0,1,0,0,0,1,1,1,1,1,0,0,0,0,1,1,1,1,1,1,0,1,0,0,1,1,1,0,0,1,0,1,0,1,1,0,0,1,1,1,0,1,1,1,0,1,1,1,0,0,1,0,0,0,0,1,1,0,1,0,1,1,0,1,0,1,0,0,0,1,0,0,1,0,0,1,1,0,0,0,1,0,0,0,1,0,0,1,0,1,0,0,1,0,1,0,0,1,0,0,0,1,1,0,0,0,0,0,0,0,0,0,0,0,1,0,0,1,1,0,0,0,0,0,1,0,0,0,1,0,1,1,0,0,1,0,0,0,0,1,0,0,0,0,0,0,0,0,0,0,0,0,0,0,0,0,0,0,0,0,0,0,0,0,0,1,0,0,0,0,0,0,0,1,0
0,1,0,1,1,1,0,0,1,0,1,0,1,1,0,1,1,1,0,1,1,1,0,0,0,1,1,0,0,0,1,1,0,1,0,0,0,1,1,0,0,1,0,1,1,1,0,1,0,0,0,1,1,1,1,1,0,0,0,0,1,1,1,1,1,1,0,1,0,0,1,1,1,0,0,1,0,1,0,1,1,0,0,1,1,1,0,1,1,1,0,1,1,1,0,0,1,0,0,0,0,1,1,0,1,0,1,1,0,1,0,1,0,0,0,1,0,0,1,0,0,1,1,0,0,0,1,0,0,0,1,0,0,1,0,1,0,0,1,0,1,0,0,1,0,0,0,1,1,0,0,0,0,0,0,0,0,0,0,0,1,0,0,1,1,0,0,0,0,0,1,0,0,0,1,0,1,1,0,0,1,0,0,0,0,1,0,0,0,0,0,0,0,0,0,0,0,0,0,0,0,0,0,0,0,0,0,0,0,0,0,1,0,0,0,0,0,0,0,1,0
1,1,0,1,1,1,0,0,1,0,1,0,1,1,0,1,1,1,0,0,0,0,0,0,0,1,1,0,0,0,1,1,0,1,0,0,0,1,1,0,0,1,0,1,1,1,0,1,0,0,0,1,1,1,1,1,0,0,0,0,1,1,1,1,1,1,0,1,0,0,1,1,1,0,0,1,0,1,0,1,1,0,0,1,1,1,0,1,1,1,0,1,1,1,0,0,1,0,0,0,0,1,1,0,1,0,1,1,0,1,0,1,0,0,0,1,0,0,1,0,0,1,1,0,0,0,1,0,0,0,1,0,0,1,0,1,0,0,1,0,1,0,0,1,0,0,0,1,1,0,0,0,0,0,0,0,0,0,0,0,1,0,0,1,1,0,0,0,0,0,1,0,0,0,1,0,1,1,0,0,1,0,0,0,0,1,0,0,0,0,0,0,0,0,0,0,0,0,0,0,0,0,0,0,0,0,0,0,0,0,0,1,0,0,0,0,0,0,0,1,0
0,1,0,1,1,1,0,0,1,0,1,0,1,1,0,1,1,1,1,0,0,1,0,0,0,1,1,0,1,0,1,1,0,1,0,0,0,0,1,0,0,1,0,1,1,1,0,1,0,0,0,1,1,1,1,1,0,0,0,0,1,1,1,1,1,1,0,1,0,0,1,1,1,0,0,1,0,1,0,1,1,0,0,1,1,1,0,1,1,1,0,1,1,1,0,0,1,0,0,1,0,1,1,0,1,0,1,1,0,1,0,1,0,0,0,1,1,0,1,0,0,1,1,0,0,0,1,0,0,0,1,0,0,1,0,1,0,0,1,0,1,0,0,1,0,0,0,1,1,0,0,0,0,0,0,0,0,0,0,0,1,0,0,1,1,0,0,0,0,0,1,0,0,0,1,0,1,1,0,0,1,0,0,0,0,1,0,0,0,0,0,0,0,0,0,0,0,0,0,0,0,0,0,0,0,0,0,0,0,0,0,1,0,0,0,0,0,0,0,1,0
0,1,0,1,1,1,1,0,1,0,1,0,1,1,0,1,1,1,1,0,0,1,0,0,0,1,1,0,1,0,1,1,0,1,0,0,0,0,1,1,0,1,0,1,1,1,0,1,0,0,0,1,1,1,1,1,0,0,0,0,1,1,1,1,1,1,0,1,0,0,1,1,1,1,0,1,0,1,0,1,1,0,0,1,1,1,0,1,1,1,0,1,1,1,0,1,1,0,0,1,0,1,1,0,1,0,1,1,0,1,0,1,0,0,0,1,1,0,1,0,1,1,1,0,0,0,1,0,0,0,1,0,1,1,0,1,0,0,1,0,1,1,0,1,0,0,0,1,1,0,0,0,0,0,0,0,0,1,0,0,1,0,0,1,1,0,0,0,0,0,1,0,0,0,1,0,1,1,0,0,1,0,0,1,1,1,0,0,1,0,0,0,1,0,1,1,0,0,0,0,0,0,0,1,0,0,0,0,0,0,0,1,0,0,0,0,0,0,0,1,0
0,1,0,1,1,1,0,0,1,0,1,0,1,1,0,1,1,1,0,1,1,1,0,0,0,1,1,1,1,0,1,1,0,1,0,0,0,0,1,0,0,1,0,1,1,1,0,1,0,1,1,1,1,1,1,1,0,0,0,0,1,1,1,1,1,1,0,1,0,0,1,1,1,0,1,1,1,1,0,1,1,1,1,1,1,1,0,1,1,1,0,1,1,1,1,0,1,0,0,1,0,1,1,1,1,0,1,1,0,1,1,1,0,0,0,1,1,0,1,0,0,1,1,0,0,0,1,0,0,0,1,1,0,1,0,1,0,0,1,0,1,0,0,1,0,0,0,1,1,0,0,0,0,0,0,0,0,0,0,0,1,0,0,1,1,0,0,0,0,0,1,0,0,0,1,0,1,1,0,0,1,0,0,0,0,1,0,0,0,0,0,0,0,0,0,0,0,0,0,0,0,0,0,0,0,0,0,0,0,0,0,1,0,0,0,0,0,0,0,1,0
0,1,0,1,1,1,0,0,1,0,1,0,1,1,0,1,1,1,0,1,1,1,0,0,0,1,1,1,1,0,1,1,0,1,0,0,0,0,1,0,0,1,0,1,1,1,0,1,0,1,1,1,1,1,1,1,0,0,0,0,1,1,1,1,1,1,0,1,0,0,1,1,1,0,1,1,0,1,0,1,1,1,1,1,1,1,0,1,1,1,0,1,1,1,1,0,1,0,0,1,0,1,1,1,1,0,1,1,0,1,1,1,0,0,0,1,1,0,1,0,0,1,1,0,0,0,1,0,0,0,1,1,0,1,0,1,0,0,1,0,1,0,0,1,1,0,0,1,1,0,0,0,0,0,0,1,0,0,0,0,1,0,0,1,1,0,0,0,0,0,1,0,0,0,1,0,1,1,0,0,1,0,0,0,0,1,0,0,0,0,0,0,0,0,0,0,0,0,0,0,0,0,0,0,0,0,0,0,0,0,0,1,0,0,0,0,0,0,0,1,0
0,1,0,1,1,1,0,0,1,0,1,0,1,1,0,1,1,1,0,1,1,1,0,0,0,1,1,1,1,0,1,1,0,1,0,0,0,0,1,0,0,1,0,1,1,1,0,1,0,1,1,1,1,1,1,1,0,0,0,0,1,1,1,1,1,1,0,1,0,0,1,1,1,0,1,1,0,1,0,1,1,1,1,1,1,1,0,1,1,1,0,1,1,1,1,0,1,0,0,1,0,1,1,1,1,0,1,1,0,1,1,1,0,0,0,1,1,0,1,0,0,1,1,0,0,0,1,0,0,0,1,0,0,1,0,1,0,0,1,0,1,0,0,1,1,0,0,1,1,0,0,0,0,0,0,1,0,0,0,0,1,0,0,1,1,0,0,0,0,0,1,0,0,0,1,0,1,1,0,0,1,0,0,0,0,1,0,0,0,0,0,0,0,0,0,0,0,0,0,0,0,0,0,0,0,0,0,0,0,0,0,1,0,0,0,0,0,0,0,1,0
0,1,0,1,1,1,0,0,1,0,1,0,1,1,0,1,1,1,1,0,0,1,0,0,0,1,1,0,1,0,1,1,0,1,0,0,0,0,1,0,0,1,0,1,1,1,0,1,0,0,0,1,1,1,1,1,0,0,0,0,1,1,1,1,1,1,0,1,0,0,1,1,1,0,0,1,0,1,0,1,1,0,0,1,1,1,0,1,1,1,0,1,1,1,0,0,1,0,0,0,0,1,1,0,1,0,1,1,0,1,0,1,0,0,0,1,0,0,1,0,0,1,1,0,0,0,1,0,0,0,1,0,0,1,0,1,0,0,1,0,1,0,0,1,0,0,0,1,1,0,0,0,0,0,0,0,0,0,0,0,1,0,0,1,1,0,0,0,0,0,1,0,0,0,1,0,1,1,0,0,1,0,0,0,0,1,0,0,0,0,0,0,0,0,0,0,0,0,0,0,0,0,0,0,0,0,0,0,0,0,0,1,0,0,0,0,0,0,0,1,0
0,1,0,1,1,1,0,0,1,0,1,0,1,1,0,1,1,1,1,0,0,1,0,0,0,1,1,0,1,0,1,1,0,1,0,0,0,0,1,0,0,1,0,1,1,1,0,1,0,0,0,1,1,1,1,1,0,0,0,0,1,1,1,1,1,1,0,1,0,0,1,1,1,0,0,1,0,1,0,1,1,0,0,1,1,1,0,1,1,1,0,1,1,1,0,0,1,0,0,0,0,1,1,0,1,0,1,1,0,1,0,1,0,0,0,1,0,0,1,0,0,1,1,0,0,0,1,0,0,0,1,0,0,1,0,1,0,0,1,0,1,0,0,1,0,0,0,1,1,0,0,0,0,0,0,0,0,0,0,0,1,0,0,1,1,0,0,0,0,0,1,0,0,0,1,0,1,1,0,0,1,0,0,0,0,1,0,0,0,0,0,0,0,0,0,0,0,0,0,0,0,0,0,0,0,0,0,0,0,0,0,1,0,0,0,0,0,0,0,1,0
1,1,0,1,1,1,0,0,1,0,1,0,1,1,0,1,1,1,1,0,0,1,0,0,0,1,1,0,1,0,1,1,0,1,0,1,0,0,1,0,0,1,0,1,1,1,0,1,0,0,0,1,1,1,1,1,0,0,0,0,1,1,1,1,1,1,0,1,0,0,1,1,1,0,0,1,0,1,0,1,1,0,0,1,1,1,0,1,1,1,0,1,1,1,0,0,1,0,0,0,0,1,1,0,1,0,1,1,0,1,0,1,0,0,0,1,0,0,1,0,0,1,1,0,0,0,1,0,0,0,1,0,0,1,0,1,0,0,1,0,1,0,0,1,0,0,0,1,1,0,0,0,0,0,0,0,0,0,0,0,1,0,0,1,1,0,0,0,0,0,1,0,0,0,1,0,1,1,0,0,1,0,0,0,0,1,0,0,0,0,0,0,0,0,0,1,1,0,0,0,0,0,0,0,0,1,1,0,0,0,0,1,0,1,0,0,0,0,0,1,0
0,1,0,1,1,1,0,0,1,0,1,0,1,1,0,1,1,1,1,0,0,1,1,1,0,1,1,0,1,1,1,1,0,1,0,0,0,0,1,0,0,1,0,1,1,1,0,1,0,0,0,1,1,1,1,1,0,0,0,1,1,1,1,1,1,1,0,1,0,0,1,1,1,0,0,1,0,1,0,1,1,0,0,1,1,1,0,1,1,1,0,1,1,1,0,0,1,0,0,0,0,1,1,0,1,0,1,1,0,1,0,1,0,0,0,1,0,0,1,0,0,1,1,0,0,0,1,0,0,0,1,0,0,1,0,1,0,0,1,0,1,0,0,1,0,0,0,1,1,0,0,0,0,0,0,0,0,0,0,0,1,0,0,1,1,0,0,0,0,0,1,0,0,0,1,0,1,1,0,0,1,0,0,0,0,1,0,0,0,0,0,0,0,0,0,1,1,0,0,0,0,0,0,0,0,0,1,0,0,1,0,1,0,0,0,1,0,1,0,1,0
0,1,0,1,0,1,0,0,0,0,1,0,1,1,0,1,1,1,1,0,0,1,0,0,0,1,1,0,0,0,1,0,0,1,0,0,1,1,1,1,0,1,0,1,1,1,0,1,1,0,0,1,0,1,1,0,0,1,1,1,1,1,1,1,1,1,0,1,1,0,1,0,1,0,0,1,0,0,0,1,0,0,0,1,0,0,0,1,1,1,1,1,0,0,0,0,1,1,0,1,0,1,0,0,1,0,1,0,0,1,1,1,1,1,0,1,1,1,1,0,0,1,0,1,0,0,0,1,1,0,1,1,0,0,0,1,1,0,1,1,0,0,0,1,0,1,1,1,0,0,0,0,0,1,0,0,0,0,0,1,1,0,0,1,0,1,0,0,1,0,1,0,0,1,0,1,1,1,0,0,1,1,0,0,0,0,1,1,0,1,0,1,0,0,0,1,1,1,1,0,0,1,1,0,0,0,1,0,1,0,0,1,0,1,0,1,1,1,0,1,0
0,1,0,1,0,1,1,1,0,1,0,0,0,0,0,1,1,1,1,0,0,1,0,0,0,0,1,0,0,0,1,0,1,1,0,0,1,0,1,1,1,1,1,1,0,0,1,1,1,0,0,0,0,1,1,0,0,1,1,0,0,0,1,1,1,0,0,0,1,0,0,1,0,0,0,1,0,1,0,0,1,0,0,1,0,1,0,0,1,0,1,0,0,0,0,0,0,1,1,1,1,0,0,0,0,1,0,0,0,0,0,1,1,1,0,1,1,1,1,1,0,0,0,1,1,0,0,1,1,0,0,0,0,0,0,0,1,1,0,1,0,0,1,1,0,1,1,1,0,0,1,1,0,1,1,0,0,0,0,1,1,0,1,1,0,1,0,0,1,0,1,1,1,1,0,1,1,0,1,0,1,1,0,0,0,0,1,0,0,1,0,0,0,0,0,0,0,0,0,0,0,0,0,0,0,0,0,0,0,0,0,0,0,0,0,0,0,0,0,0,0
0,1,0,1,0,1,1,0,0,0,0,0,0,0,0,1,1,1,1,0,0,1,1,1,0,0,1,0,1,0,1,0,0,1,0,0,1,0,0,1,0,1,1,1,0,0,0,1,1,0,0,0,0,0,0,0,0,1,1,1,0,0,1,1,1,0,0,0,1,0,0,1,0,0,0,0,0,1,0,0,1,0,0,0,0,1,0,0,1,0,1,0,0,0,0,0,0,1,0,0,0,0,0,0,0,1,0,0,0,0,0,1,1,1,0,0,0,1,1,0,0,0,0,1,1,0,0,1,1,0,0,0,0,0,0,0,1,0,0,1,0,0,0,0,0,1,1,1,0,0,1,1,0,1,1,0,0,0,0,1,1,0,1,1,0,1,0,0,1,0,1,1,1,1,0,1,1,0,1,0,0,1,0,0,0,0,1,0,0,1,0,0,0,0,0,1,1,1,1,0,0,0,0,0,0,0,1,1,0,0,0,0,0,0,1,0,0,0,0,0,0
0,1,0,1,0,1,1,1,0,0,0,0,0,0,0,1,1,1,1,0,0,1,0,0,0,0,1,0,0,0,1,0,0,1,0,0,1,0,1,1,0,1,1,1,0,0,0,1,1,0,0,0,0,1,1,0,0,1,1,0,0,0,1,1,1,0,0,0,1,0,0,1,0,0,0,1,0,1,0,0,1,0,0,1,0,1,0,0,1,0,1,0,0,0,0,0,0,1,0,1,0,0,0,0,0,1,0,0,0,0,0,1,1,1,0,1,1,1,1,0,0,0,0,1,1,0,0,1,1,0,0,0,0,0,0,0,1,0,0,1,0,0,0,1,0,1,1,1,0,0,1,1,0,1,1,0,0,0,0,1,1,0,1,1,0,1,0,0,1,0,1,1,1,1,0,1,1,0,1,0,1,1,0,0,0,0,1,0,0,1,0,0,0,0,0,0,0,0,0,0,0,0,0,0,0,0,0,0,0,0,0,0,0,0,0,0,0,0,0,0,0
0,1,0,1,0,1,1,1,0,0,0,0,0,0,0,1,1,1,1,0,0,1,0,0,0,0,1,0,0,0,1,0,0,1,0,0,1,0,1,1,0,1,1,1,0,0,0,1,1,0,0,0,0,1,1,0,0,1,1,0,0,0,1,1,1,0,0,0,1,0,0,1,0,0,0,1,0,1,0,0,1,0,0,1,0,1,0,0,1,0,1,0,0,0,0,0,0,1,0,1,0,0,0,0,0,1,0,0,0,0,0,1,1,1,0,1,1,1,1,0,0,0,0,1,1,0,0,1,1,0,0,0,0,0,0,0,1,0,0,1,0,0,0,1,0,1,1,1,0,0,1,1,0,1,1,0,0,0,0,1,1,0,1,1,0,1,0,0,1,0,1,1,1,1,0,1,1,0,1,0,1,1,0,0,0,0,1,1,0,1,0,0,0,0,0,0,0,0,0,0,0,0,0,0,0,0,0,0,0,0,0,0,0,0,0,0,0,0,0,0,0
0,1,0,1,0,1,1,0,0,0,0,0,0,0,0,1,1,1,1,0,0,1,0,0,0,0,1,0,0,0,1,0,0,1,0,0,1,0,0,1,0,1,1,1,0,0,0,1,1,0,0,0,0,0,0,0,0,1,1,0,0,0,1,1,1,0,0,0,1,0,0,1,0,0,0,0,0,1,0,0,1,0,0,0,0,1,0,0,1,0,1,0,0,0,0,0,0,1,0,0,0,0,0,0,0,1,0,0,0,0,0,1,1,1,0,0,0,1,1,0,0,0,0,1,1,0,0,1,1,0,0,0,0,0,0,0,1,0,0,1,0,0,0,0,0,1,1,1,0,0,1,1,0,1,1,0,0,0,0,1,1,0,1,1,0,1,0,0,1,0,1,1,1,1,0,1,1,0,1,0,0,1,0,0,0,0,1,0,0,1,0,0,0,0,0,0,0,1,0,0,0,0,0,0,0,0,0,0,0,0,1,0,0,0,0,0,0,0,1,0,0
0,1,0,1,0,1,1,0,0,0,0,0,0,0,0,1,1,1,1,0,0,1,0,0,0,0,1,0,0,0,1,0,0,1,0,0,1,0,0,1,0,1,1,1,0,0,0,1,1,0,0,1,0,0,0,0,0,1,1,0,0,0,1,1,1,0,0,0,1,0,0,1,0,0,0,0,0,1,0,0,1,0,0,0,0,1,0,0,1,0,1,0,0,0,0,0,0,1,0,0,0,0,0,0,0,1,0,0,0,0,0,1,1,0,0,0,0,1,1,0,0,0,0,1,1,0,0,1,1,0,0,0,0,0,0,0,1,0,0,1,0,0,0,0,0,1,1,1,0,0,1,1,0,1,1,0,0,0,0,1,1,0,1,1,0,1,0,0,1,0,1,1,1,1,0,1,1,0,1,0,0,1,0,0,0,0,1,0,0,1,0,0,0,0,0,0,1,1,0,0,0,0,0,0,0,0,0,0,0,0,1,0,0,0,0,1,0,0,1,0,0
1,1,0,1,0,1,1,0,0,0,0,0,0,0,0,1,1,1,1,0,0,1,1,1,0,0,1,0,1,0,1,0,0,1,0,0,1,0,0,1,0,1,1,1,0,0,0,1,1,0,0,0,0,0,0,0,0,1,1,0,0,0,1,1,1,0,0,0,1,0,0,1,0,0,0,0,0,1,0,0,1,0,0,0,0,1,0,0,1,0,1,0,0,0,0,0,0,1,0,0,0,0,0,0,0,1,0,0,0,0,0,1,1,1,0,0,0,1,1,0,0,0,0,1,1,0,0,1,1,0,0,0,0,0,0,0,1,0,0,1,0,0,0,0,0,1,1,1,0,0,1,1,0,1,1,0,0,0,0,1,1,0,1,1,0,1,0,0,1,0,1,1,1,1,0,1,1,0,1,0,0,1,0,0,0,0,1,0,0,1,0,0,0,0,0,1,1,1,0,0,0,0,0,0,0,0,0,1,0,0,0,0,0,0,1,0,0,0,0,0,0
1,1,0,1,0,1,1,0,0,0,0,0,0,0,0,1,1,1,1,0,0,1,1,1,0,0,1,0,1,0,1,0,0,1,0,0,1,0,0,1,0,1,1,1,0,0,0,1,1,0,0,0,0,0,0,0,0,1,1,0,0,0,1,1,1,0,0,0,1,0,0,1,0,0,0,0,0,1,0,0,1,0,0,0,0,1,0,0,1,0,1,0,0,0,0,0,0,1,0,0,0,0,0,0,0,1,0,0,0,0,0,1,1,1,0,0,0,1,1,0,0,0,0,1,1,0,0,1,1,0,0,0,0,0,0,0,1,0,0,1,0,0,0,0,0,1,1,1,0,0,1,1,0,1,1,0,0,0,0,1,1,0,1,1,0,1,0,0,1,0,1,1,1,1,0,1,1,0,1,0,0,1,0,0,0,0,1,0,0,1,0,0,0,0,0,1,1,1,0,0,0,0,0,0,0,0,0,1,0,0,0,0,0,0,1,0,0,0,0,0,0
0,1,0,1,0,1,1,0,0,0,0,0,0,0,0,1,1,1,1,0,0,1,0,0,0,0,1,0,0,0,1,0,0,1,0,0,1,0,0,1,0,1,1,1,0,0,0,1,1,0,0,1,0,0,0,0,0,1,1,0,0,0,1,1,1,0,0,0,1,0,0,1,0,0,0,0,0,1,0,0,1,0,0,0,0,1,0,0,1,0,1,0,0,0,0,0,0,1,0,0,0,0,0,0,0,1,0,0,0,0,0,1,1,1,0,0,0,1,1,0,0,0,0,1,1,0,0,1,1,0,0,0,0,0,0,0,1,0,0,1,0,0,0,0,0,1,1,1,0,0,1,1,0,1,1,0,0,0,0,1,1,0,1,1,0,1,0,0,1,0,1,1,1,1,0,1,1,0,1,0,0,1,0,0,0,0,1,0,0,1,0,0,0,0,0,0,0,0,0,0,0,0,0,0,0,0,0,0,0,0,0,0,0,0,0,0,0,0,0,0,0
0,1,0,1,0,1,1,0,0,1,0,0,0,0,0,1,1,1,1,0,0,1,0,0,0,0,1,0,0,0,1,0,1,1,0,0,1,0,0,1,1,1,1,1,0,0,1,1,1,0,0,0,0,0,0,0,0,1,1,0,0,0,1,1,1,0,0,0,1,0,0,1,0,0,0,0,0,1,0,0,1,0,0,0,0,1,0,0,1,0,1,0,0,0,0,0,0,1,1,0,1,0,0,0,0,1,0,0,0,0,0,1,1,1,0,0,0,1,1,1,0,0,0,1,1,0,0,1,1,0,0,0,0,0,0,0,1,1,0,1,0,0,1,0,0,1,1,1,0,0,1,1,0,1,1,0,0,0,0,1,1,0,1,1,0,1,0,0,1,0,1,1,1,1,0,1,1,0,1,0,0,1,0,0,0,0,1,0,0,1,0,0,0,0,0,0,0,0,0,0,0,0,0,0,0,0,0,0,0,0,0,0,0,0,0,0,0,0,0,0,0
0,1,0,1,0,1,1,0,0,0,0,0,0,0,0,1,1,1,1,0,0,1,1,1,0,0,1,0,1,0,1,0,0,1,0,0,0,0,0,1,0,1,1,1,0,0,0,1,1,0,0,0,0,0,0,0,0,1,1,1,0,0,1,1,1,0,0,0,1,0,0,1,0,0,0,0,0,1,0,0,1,0,0,0,0,1,0,0,1,0,1,0,0,0,0,0,0,1,0,0,0,0,0,0,0,1,0,0,0,0,0,1,1,1,0,0,0,1,1,0,0,0,0,1,1,0,1,1,1,0,0,0,0,0,0,0,1,0,0,1,0,0,0,0,0,1,1,1,1,0,1,1,0,1,1,0,0,0,0,1,1,0,1,1,0,1,0,0,1,0,1,1,1,1,0,1,1,0,1,0,0,1,0,0,0,0,1,0,0,1,0,0,0,0,0,1,1,1,1,0,0,0,0,0,0,0,1,1,0,0,0,0,0,0,1,0,0,0,0,0,0
0,1,0,1,1,1,1,1,0,1,0,0,0,0,0,1,1,1,1,0,0,1,0,0,0,0,1,0,0,0,1,0,1,1,0,0,0,0,1,1,1,1,1,1,0,0,1,1,1,0,0,0,0,1,1,0,0,1,1,0,0,0,1,1,1,0,0,0,1,0,0,1,0,0,0,1,0,1,0,0,1,0,0,1,0,1,0,0,1,0,1,0,0,0,0,0,0,1,1,1,1,0,0,0,0,1,0,0,0,0,0,1,1,1,0,1,1,1,1,1,0,0,0,1,1,0,1,1,1,0,0,0,0,0,0,0,1,1,0,1,0,0,1,1,0,1,1,1,1,0,1,1,0,1,1,0,0,0,0,1,1,0,1,1,0,1,0,0,1,0,1,1,1,1,0,1,1,0,1,0,1,1,0,0,0,0,1,0,0,1,0,0,0,0,0,0,0,0,0,0,0,0,0,0,0,0,0,0,0,0,0,0,0,0,0,0,0,0,0,0,0
0,1,0,1,1,1,1,1,0,0,0,0,0,0,0,1,1,1,1,0,0,1,0,0,0,0,1,0,0,0,1,0,0,1,0,0,0,0,1,1,0,1,1,1,0,0,0,1,1,0,0,0,0,1,1,0,0,1,1,0,0,0,1,1,1,0,0,0,1,0,0,1,0,0,0,1,0,1,0,0,1,0,0,1,0,1,0,0,1,0,1,0,0,0,0,0,0,1,0,1,0,0,0,0,0,1,0,0,0,0,0,1,1,1,0,1,1,1,1,0,0,0,0,1,1,0,1,1,1,0,0,0,0,0,0,0,1,0,0,1,0,0,0,1,0,1,1,1,1,0,1,1,0,1,1,0,0,0,0,1,1,0,1,1,0,1,0,0,1,0,1,1,1,1,0,1,1,0,1,0,1,1,0,0,0,0,1,1,0,1,0,0,0,0,0,0,0,0,0,0,0,0,0,0,0,0,0,0,0,0,0,0,0,0,0,0,0,0,0,0,0
0,1,0,1,1,1,1,1,0,0,0,0,0,0,0,1,1,1,1,0,0,1,0,0,0,0,1,0,0,0,1,0,0,1,0,0,0,0,1,1,0,1,1,1,0,0,0,1,1,0,0,0,0,1,1,0,0,1,1,0,0,0,1,1,1,0,0,0,1,0,0,1,0,0,0,1,0,1,0,0,1,0,0,1,0,1,0,0,1,0,1,0,0,0,0,0,0,1,0,1,0,0,0,0,0,1,0,0,0,0,0,1,1,1,0,1,1,1,1,0,0,0,0,1,1,0,1,1,1,0,0,0,0,0,0,0,1,0,0,1,0,0,0,1,0,1,1,1,1,0,1,1,0,1,1,0,0,0,0,1,1,0,1,1,0,1,0,0,1,0,1,1,1,1,0,1,1,0,1,0,1,1,0,0,0,0,1,0,0,1,0,0,0,0,0,0,0,0,0,0,0,0,0,0,0,0,0,0,0,0,0,0,0,0,0,0,0,0,0,0,0
0,1,0,1,0,1,1,0,0,0,0,0,0,0,0,1,1,1,1,0,0,1,0,0,0,0,1,0,0,0,1,0,0,1,0,0,0,0,0,1,0,1,1,1,0,0,0,1,1,0,0,0,0,0,0,0,0,1,1,0,0,0,1,1,1,0,0,0,1,0,0,1,0,0,0,0,0,1,0,0,1,0,0,0,0,1,0,0,1,0,1,0,0,0,0,0,0,1,0,0,0,0,0,0,0,1,0,0,0,0,0,1,1,1,0,0,0,1,1,0,0,0,0,1,1,0,1,1,1,0,0,0,0,0,0,0,1,0,0,1,0,0,0,0,0,1,1,1,1,0,1,1,0,1,1,0,0,0,0,1,1,0,1,1,0,1,0,0,1,0,1,1,1,1,0,1,1,0,1,0,0,1,0,0,0,0,1,0,0,1,0,0,0,0,0,0,0,1,0,0,0,0,0,0,0,0,0,0,0,0,1,0,0,0,0,0,0,0,1,0,0
0,1,0,1,0,1,1,0,0,0,0,0,0,0,0,1,1,1,1,0,0,1,0,0,0,0,1,0,0,0,1,0,0,1,0,0,0,0,0,1,0,1,1,1,0,0,0,1,1,0,0,1,0,0,0,0,0,1,1,0,0,0,1,1,1,0,0,0,1,0,0,1,0,0,0,0,0,1,0,0,1,0,0,0,0,1,0,0,1,0,1,0,0,0,0,0,0,1,0,0,0,0,0,0,0,1,0,0,0,0,0,1,1,0,0,0,0,1,1,0,0,0,0,1,1,0,1,1,1,0,0,0,0,0,0,0,1,0,0,1,0,0,0,0,0,1,1,1,1,0,1,1,0,1,1,0,0,0,0,1,1,0,1,1,0,1,0,0,1,0,1,1,1,1,0,1,1,0,1,0,0,1,0,0,0,0,1,0,0,1,0,0,0,0,0,0,1,1,0,0,0,0,0,0,0,0,0,0,0,0,1,0,0,0,0,1,0,0,1,0,0
1,1,0,1,0,1,1,0,0,0,0,0,0,0,0,1,1,1,1,0,0,1,1,1,0,0,1,0,1,0,1,0,0,1,0,0,0,0,0,1,0,1,1,1,0,0,0,1,1,0,0,0,0,0,0,0,0,1,1,0,0,0,1,1,1,0,0,0,1,0,0,1,0,0,0,0,0,1,0,0,1,0,0,0,0,1,0,0,1,0,1,0,0,0,0,0,0,1,0,0,0,0,0,0,0,1,0,0,0,0,0,1,1,1,0,0,0,1,1,0,0,0,0,1,1,0,1,1,1,0,0,0,0,0,0,0,1,0,0,1,0,0,0,0,0,1,1,1,1,0,1,1,0,1,1,0,0,0,0,1,1,0,1,1,0,1,0,0,1,0,1,1,1,1,0,1,1,0,1,0,0,1,0,0,0,0,1,0,0,1,0,0,0,0,0,1,1,1,0,0,0,0,0,0,0,0,0,1,0,0,0,0,0,0,1,0,0,0,0,0,0
1,1,0,1,0,1,1,0,0,0,0,0,0,0,0,1,1,1,1,0,0,1,1,1,0,0,1,0,1,0,1,0,0,1,0,0,0,0,0,1,0,1,1,1,0,0,0,1,1,0,0,0,0,0,0,0,0,1,1,0,0,0,1,1,1,0,0,0,1,0,0,1,0,0,0,0,0,1,0,0,1,0,0,0,0,1,0,0,1,0,1,0,0,0,0,0,0,1,0,0,0,0,0,0,0,1,0,0,0,0,0,1,1,1,0,0,0,1,1,0,0,0,0,1,1,0,1,1,1,0,0,0,0,0,0,0,1,0,0,1,0,0,0,0,0,1,1,1,1,0,1,1,0,1,1,0,0,0,0,1,1,0,1,1,0,1,0,0,1,0,1,1,1,1,0,1,1,0,1,0,0,1,0,0,0,0,1,0,0,1,0,0,0,0,0,1,1,1,0,0,0,0,0,0,0,0,0,1,0,0,0,0,0,0,1,0,0,0,0,0,0
0,1,0,1,0,1,1,0,0,0,0,0,0,0,0,1,1,1,1,0,0,1,0,0,0,0,1,0,0,0,1,0,0,1,0,0,0,0,0,1,0,1,1,1,0,0,0,1,1,0,0,1,0,0,0,0,0,1,1,0,0,0,1,1,1,0,0,0,1,0,0,1,0,0,0,0,0,1,0,0,1,0,0,0,0,1,0,0,1,0,1,0,0,0,0,0,0,1,0,0,0,0,0,0,0,1,0,0,0,0,0,1,1,1,0,0,0,1,1,0,0,0,0,1,1,0,1,1,1,0,0,0,0,0,0,0,1,0,0,1,0,0,0,0,0,1,1,1,1,0,1,1,0,1,1,0,0,0,0,1,1,0,1,1,0,1,0,0,1,0,1,1,1,1,0,1,1,0,1,0,0,1,0,0,0,0,1,0,0,1,0,0,0,0,0,0,0,0,0,0,0,0,0,0,0,0,0,0,0,0,0,0,0,0,0,0,0,0,0,0,0
0,1,0,1,0,1,1,0,0,1,0,0,0,0,0,1,1,1,1,0,0,1,0,0,0,0,1,0,0,0,1,0,1,1,0,0,0,0,0,1,1,1,1,1,0,0,1,1,1,0,0,0,0,0,0,0,0,1,1,0,0,0,1,1,1,0,0,0,1,0,0,1,0,0,0,0,0,1,0,0,1,0,0,0,0,1,0,0,1,0,1,0,0,0,0,0,0,1,1,0,1,0,0,0,0,1,0,0,0,0,0,1,1,1,0,0,0,1,1,1,0,0,0,1,1,0,1,1,1,0,0,0,0,0,0,0,1,1,0,1,0,0,1,0,0,1,1,1,1,0,1,1,0,1,1,0,0,0,0,1,1,0,1,1,0,1,0,0,1,0,1,1,1,1,0,1,1,0,1,0,0,1,0,0,0,0,1,0,0,1,0,0,0,0,0,0,0,0,0,0,0,0,0,0,0,0,0,0,0,0,0,0,0,0,0,0,0,0,0,0,0
0,0,0,1,0,1,0,0,0,0,1,0,1,1,1,1,1,1,0,0,0,0,0,0,0,1,1,0,0,0,1,0,0,1,0,0,1,1,1,0,0,1,0,1,0,0,0,1,0,0,0,0,1,1,1,0,0,1,0,0,0,0,1,1,1,1,0,0,0,0,1,1,1,0,0,1,1,1,0,1,1,0,0,1,1,1,0,1,1,1,0,1,1,1,0,1,1,0,0,1,0,1,1,1,1,1,1,1,0,1,1,1,0,0,0,1,1,0,1,0,1,1,1,0,0,0,0,0,0,0,1,0,1,1,0,1,0,0,1,0,1,1,0,1,1,0,0,1,0,0,0,0,0,0,0,0,0,1,0,0,1,0,0,1,1,0,0,0,0,0,1,1,1,0,1,0,1,1,0,0,1,0,0,1,1,1,0,0,1,0,0,0,1,0,0,0,0,0,0,0,0,0,0,1,0,0,0,0,0,0,0,1,0,0,0,0,0,0,0,1,0
0,1,0,1,1,1,1,1,0,0,0,0,0,0,0,1,1,1,1,1,1,1,0,1,0,1,1,1,1,1,1,0,0,1,0,0,0,0,1,1,0,0,0,1,1,1,0,1,1,0,1,1,1,1,1,1,0,1,1,1,1,1,0,1,1,1,0,1,1,0,1,1,1,1,0,1,1,0,0,1,1,0,1,1,1,0,0,1,1,1,1,1,1,1,1,1,1,1,0,1,0,1,1,1,1,0,1,1,0,1,1,1,1,1,1,1,1,1,1,0,1,1,1,1,1,1,1,1,1,1,1,1,1,0,0,1,1,0,1,1,1,1,0,1,1,1,1,1,1,0,0,1,0,1,0,1,0,1,0,1,1,1,0,1,1,1,1,1,1,0,1,0,0,1,1,1,1,1,1,1,1,1,0,1,1,1,1,1,1,1,1,1,1,0,1,1,0,0,1,1,1,1,1,1,0,0,0,1,1,0,0,1,1,0,1,0,1,0,0,1,1
1,1,0,0,0,1,1,1,0,0,0,0,0,0,0,1,1,1,1,0,1,1,0,1,1,1,1,1,0,0,1,0,0,0,1,1,1,0,0,1,0,1,1,1,0,1,0,1,1,1,1,1,0,1,0,0,1,1,0,0,0,1,0,0,0,1,0,1,1,1,1,1,0,1,1,0,0,0,1,1,1,1,1,1,0,0,1,1,1,1,1,1,0,0,1,1,1,1,0,1,0,1,0,1,1,0,1,1,0,1,1,1,1,1,0,1,1,1,1,0,1,1,0,1,0,1,0,1,1,1,1,1,1,1,1,1,1,0,0,1,0,1,0,1,0,1,1,1,0,0,1,0,1,1,0,0,1,1,1,1,1,0,1,1,0,1,1,1,1,1,0,0,0,1,0,1,1,1,0,1,1,1,1,1,1,0,1,0,1,1,1,1,1,1,1,1,1,1,1,1,1,1,0,1,1,1,1,0,0,0,0,0,0,1,1,1,1,1,1,0,1
0,0,0,1,0,1,0,0,0,0,1,0,1,1,0,0,0,1,0,0,0,0,0,0,0,0,0,0,0,0,1,0,0,0,1,0,0,0,1,1,0,1,1,1,0,0,0,1,1,0,0,0,1,1,1,0,0,0,0,0,0,0,1,0,0,0,0,0,0,1,1,0,0,0,0,1,1,0,0,1,0,0,0,1,1,0,0,1,1,0,0,0,0,1,0,0,0,0,0,1,0,0,1,0,0,0,0,0,0,1,1,1,0,0,0,1,1,0,1,0,0,0,0,0,1,0,0,0,0,0,0,0,0,0,0,0,0,0,1,0,1,0,0,1,0,0,0,1,0,0,0,0,1,0,0,0,0,0,0,0,1,0,0,1,0,0,1,0,0,0,0,0,0,0,0,0,1,0,1,0,1,0,0,0,0,0,0,0,0,0,0,0,0,0,0,0,0,0,0,0,0,0,0,0,0,0,0,0,0,0,0,1,0,0,0,0,0,0,0,1,0
0,1,0,1,1,1,1,0,0,0,1,0,1,1,1,1,1,1,1,0,0,1,0,1,0,1,1,1,1,1,1,0,0,1,1,0,1,1,1,1,0,1,1,1,1,1,0,1,1,0,0,0,1,1,1,0,0,1,0,1,1,1,1,1,1,1,0,1,0,1,1,1,1,0,1,1,1,1,0,1,1,0,1,1,1,1,0,1,1,1,0,1,1,1,0,1,1,0,0,1,0,1,1,1,1,0,1,1,0,1,1,1,0,0,0,1,1,0,1,0,1,1,1,0,1,0,0,0,0,0,1,1,1,1,0,1,0,0,1,0,1,1,0,1,1,0,0,1,0,0,0,0,1,0,0,0,0,1,0,0,1,0,0,1,1,1,1,0,0,0,1,1,1,0,1,0,1,1,1,0,1,0,0,1,1,1,1,0,1,1,0,1,1,0,0,1,1,1,1,0,0,0,0,1,0,0,1,0,0,0,0,1,0,0,0,0,0,0,0,1,0
0,0,0,1,0,1,1,0,0,0,1,0,1,1,0,1,1,1,0,0,0,0,0,0,0,1,1,0,0,0,1,0,0,0,1,0,0,0,1,1,0,1,1,1,0,0,0,1,1,0,0,0,1,1,1,0,0,1,0,0,0,0,1,0,0,1,0,0,0,1,1,1,1,0,0,1,1,1,0,1,1,0,0,1,1,1,0,1,1,1,0,1,1,1,0,1,1,0,0,1,0,1,1,1,1,0,1,1,0,1,1,1,0,0,0,1,1,0,1,0,1,1,1,0,1,0,0,0,0,0,1,0,1,1,0,1,0,0,1,0,1,1,0,1,1,0,0,1,0,0,0,0,1,0,0,0,0,1,0,0,1,0,0,1,1,0,1,0,0,0,0,1,1,0,1,0,1,1,1,0,1,0,0,1,1,1,0,0,1,0,0,0,1,0,0,0,0,0,0,0,0,0,0,1,0,0,0,0,0,0,0,1,0,0,0,0,0,0,0,1,0
0,1,0,1,1,1,1,0,0,0,1,0,1,1,1,1,1,1,1,1,1,1,0,1,0,1,1,1,1,1,1,0,0,1,1,0,0,1,1,1,0,1,1,1,1,1,0,1,1,1,1,0,1,1,1,0,0,1,0,1,1,1,1,1,1,1,0,1,0,1,1,1,1,0,1,1,1,1,0,1,1,1,1,1,1,1,0,1,1,1,0,1,1,1,1,1,1,0,0,1,0,1,1,1,1,0,1,1,0,1,1,1,0,0,0,1,1,0,1,0,1,1,1,0,1,0,1,0,0,0,1,1,1,1,0,1,0,0,1,0,1,1,0,1,1,0,0,1,1,0,0,0,1,0,0,0,0,1,0,0,1,0,0,1,1,1,1,0,0,0,1,1,1,0,1,0,1,1,1,0,1,0,0,1,1,1,1,0,1,1,0,1,1,0,0,1,1,1,1,0,0,1,0,1,0,0,1,0,0,0,0,1,0,0,0,0,0,0,0,1,0
0,0,0,1,0,1,1,0,0,0,0,0,0,0,0,1,1,1,0,0,0,0,0,0,0,1,1,0,0,0,1,0,0,1,1,0,0,0,1,0,0,0,1,1,0,0,0,0,1,0,0,0,1,1,1,0,0,1,0,0,0,0,0,1,1,1,0,0,0,1,1,1,1,0,0,1,1,1,0,1,1,0,0,1,1,1,0,1,1,1,0,1,1,1,0,1,1,0,0,1,0,1,1,0,1,0,1,1,0,1,1,0,0,0,0,1,1,0,1,0,1,1,1,0,0,0,0,0,0,0,1,0,1,1,0,1,0,0,1,0,1,1,0,1,1,0,0,1,0,0,0,0,1,0,0,0,0,1,0,0,1,0,0,1,1,1,0,0,0,0,1,1,0,0,1,0,1,1,0,0,1,0,0,1,1,1,0,1,1,0,0,0,1,0,0,0,0,0,0,0,0,0,0,1,0,0,0,0,0,0,0,1,0,0,0,0,0,0,0,1,0
0,0,0,1,0,1,1,0,0,0,0,0,0,0,0,0,0,1,0,0,0,0,0,0,0,0,0,0,0,0,1,0,0,1,1,0,0,0,1,0,0,1,0,1,0,0,0,1,0,0,0,0,1,1,1,0,1,0,0,0,0,0,0,1,1,0,0,0,0,1,1,1,0,0,0,1,1,0,1,1,1,0,0,1,1,0,1,1,1,0,0,0,0,1,0,0,0,0,0,1,0,0,1,0,0,1,0,0,1,0,0,1,0,0,0,1,1,0,1,0,0,0,0,0,1,0,0,0,0,0,0,0,0,0,0,0,0,0,1,0,1,0,0,1,0,0,0,1,0,0,0,0,0,0,0,0,0,0,0,0,1,0,0,1,0,0,0,0,0,0,0,0,0,0,0,0,1,0,1,0,1,0,0,0,0,0,0,0,0,0,0,0,0,0,0,0,0,0,0,0,0,0,0,0,0,0,0,0,0,0,0,1,0,0,0,0,0,0,0,1,0
0,1,0,1,0,1,0,0,0,0,1,0,1,1,0,1,1,1,1,0,0,1,0,1,0,0,1,0,0,0,1,0,0,0,0,0,0,0,1,1,0,1,1,1,0,0,0,1,1,0,0,0,1,1,1,0,0,1,1,0,0,0,1,0,0,0,0,0,1,0,1,0,0,0,0,1,1,0,0,1,0,0,0,1,1,0,0,1,1,0,1,0,0,1,0,0,0,1,0,1,0,0,1,0,0,0,0,0,0,1,0,1,1,1,0,1,1,1,1,0,0,1,0,1,0,0,0,1,1,0,1,0,0,0,0,0,1,0,1,1,1,0,0,1,0,1,1,1,0,0,1,0,0,1,1,0,0,0,0,1,1,0,1,1,0,1,1,0,1,0,0,0,0,1,0,1,1,0,0,0,1,1,0,0,0,0,1,1,0,1,0,0,0,0,0,1,0,0,1,0,0,0,0,0,0,0,1,0,1,1,0,1,0,0,0,0,1,1,0,1,0
0,1,0,1,0,1,0,0,0,0,0,0,0,0,0,1,1,1,1,1,1,1,0,1,1,0,1,0,0,0,1,0,0,0,0,0,0,0,1,1,0,1,1,1,0,0,0,1,1,0,0,0,1,1,1,0,0,1,1,0,0,0,1,0,0,0,0,0,1,0,1,0,0,0,0,1,1,0,0,1,0,0,0,1,1,0,0,1,1,0,1,0,0,1,0,0,0,1,0,1,0,0,1,0,0,0,0,0,0,1,0,1,1,1,0,1,1,1,1,0,0,1,0,1,0,0,0,1,1,0,1,0,0,0,0,0,1,0,1,1,1,0,0,1,0,1,1,1,0,0,1,0,0,1,1,0,0,0,0,1,1,0,1,1,0,1,1,0,1,0,0,0,0,1,0,1,1,0,0,0,1,1,0,0,0,0,1,1,0,1,0,0,0,0,0,1,0,0,1,0,0,0,0,0,0,0,1,0,1,1,0,1,0,0,0,0,1,1,0,1,0
0,1,0,1,0,1,0,0,0,0,0,0,0,0,0,1,1,1,0,1,1,1,0,1,0,0,0,0,0,0,1,0,0,0,0,0,0,0,1,1,0,1,1,1,0,0,0,1,1,0,0,0,1,1,1,0,0,1,1,0,0,0,1,0,0,0,0,0,1,0,1,0,0,0,0,1,1,0,0,1,0,0,0,1,1,0,0,1,1,0,1,0,0,1,0,0,0,1,0,1,0,0,1,0,0,0,0,0,0,1,1,1,1,1,0,1,1,1,1,0,0,0,0,1,0,0,0,1,1,0,0,0,0,0,0,0,1,0,1,1,1,0,0,1,0,1,1,1,0,0,1,0,0,1,1,0,0,0,0,1,1,0,1,1,0,1,1,0,1,0,0,0,0,1,0,1,1,0,0,0,1,1,0,0,0,0,1,1,0,1,0,0,0,0,0,0,0,0,1,0,0,0,0,0,0,0,0,0,1,0,0,1,0,0,0,0,1,0,0,1,0
0,1,0,1,0,1,0,0,0,0,0,0,0,0,0,1,1,1,1,0,0,1,0,1,0,0,1,0,0,0,1,0,0,0,0,0,0,0,1,1,0,1,1,1,0,0,0,1,1,0,0,0,1,1,1,0,0,1,1,0,0,0,1,0,0,0,0,0,1,0,1,0,0,0,0,1,1,0,0,1,0,0,0,1,1,0,0,1,1,0,1,0,0,1,0,0,0,1,0,1,0,0,1,0,0,0,0,0,0,1,0,1,1,1,0,1,1,1,1,0,0,1,0,1,0,0,0,1,1,0,1,0,0,0,0,0,1,0,1,1,1,0,0,1,0,1,1,1,0,0,1,0,0,1,1,0,0,0,0,1,1,0,1,1,0,1,1,0,1,0,0,0,0,1,0,1,1,0,0,0,1,1,0,0,0,0,1,1,0,1,0,0,0,0,0,1,0,0,1,0,0,0,0,0,0,0,1,0,1,1,0,1,0,0,0,0,1,1,0,1,0
0,1,0,1,0,1,0,0,0,0,0,0,0,0,0,1,1,1,0,0,0,1,0,0,0,0,0,0,0,0,1,0,0,0,0,0,0,0,1,1,0,1,1,1,0,0,0,1,1,0,0,0,1,1,1,0,0,1,1,0,0,0,1,0,0,0,0,0,1,0,1,0,0,0,0,1,1,0,0,1,0,0,0,1,1,0,0,1,1,0,1,0,0,1,0,0,0,1,0,1,0,0,1,0,0,0,0,0,0,1,1,1,1,1,0,1,1,1,1,0,0,0,0,1,0,0,0,1,1,0,0,0,0,0,0,0,1,0,1,1,1,0,0,1,0,1,1,1,0,0,1,0,0,1,1,0,0,0,0,1,1,0,1,1,0,1,1,0,1,0,0,0,0,1,0,1,1,0,0,0,1,1,0,0,0,0,1,1,0,1,0,0,0,0,0,0,0,0,1,0,0,0,0,0,0,0,0,0,1,0,0,1,0,0,0,0,1,0,0,1,0
1,1,0,1,1,0,0,0,1,0,1,0,1,1,1,0,0,1,1,0,0,1,1,0,0,1,1,0,1,1,0,1,0,1,0,0,0,0,1,0,0,1,0,0,1,1,0,1,0,0,0,1,1,1,1,0,0,0,0,1,1,1,1,1,1,1,1,1,0,0,1,0,1,0,0,1,0,0,0,1,0,0,0,1,0,0,0,1,1,1,0,1,0,0,0,0,1,0,0,1,0,1,0,1,1,1,1,0,0,1,1,1,0,0,0,1,1,0,1,0,0,1,1,0,0,0,1,0,0,0,1,1,0,0,0,1,0,0,0,0,0,0,0,1,0,0,0,1,1,0,0,0,0,0,0,0,0,0,0,0,1,0,0,1,1,0,0,0,0,0,1,0,0,0,1,0,1,1,0,0,1,0,0,0,0,1,0,0,0,0,0,0,0,0,0,1,1,0,0,0,0,0,0,0,0,0,1,0,0,0,0,1,0,0,0,1,0,0,0,1,0
0,1,0,0,0,1,1,1,0,0,1,0,0,1,0,0,1,1,1,0,0,1,1,1,0,1,1,1,1,1,1,0,0,0,0,0,0,0,0,1,0,0,0,1,0,0,0,0,1,0,0,1,0,0,0,0,1,1,1,1,0,0,0,0,0,0,0,0,1,0,0,1,0,1,0,0,0,0,1,0,1,0,0,0,0,0,1,0,0,0,1,0,0,0,0,1,0,1,0,0,0,0,0,0,0,0,0,1,0,0,0,0,1,1,0,0,0,1,0,0,1,0,0,1,0,0,0,1,1,1,0,0,1,0,1,0,1,0,0,1,0,1,0,0,0,1,1,0,0,0,1,0,0,1,1,0,1,1,1,1,0,0,1,0,0,1,0,1,1,1,0,0,0,1,0,1,0,0,0,0,0,1,0,1,1,0,1,0,1,1,1,0,1,1,0,1,1,1,1,1,1,0,0,1,1,0,1,1,1,0,1,0,0,0,1,1,1,0,1,0,0
0,1,0,0,0,1,1,1,0,0,1,0,0,1,0,0,1,1,1,0,0,1,1,1,0,1,1,1,1,1,1,0,0,0,0,0,0,0,0,1,0,0,0,1,0,0,0,0,1,0,0,1,0,0,0,0,1,1,1,1,0,0,0,0,0,0,0,0,1,0,0,1,0,1,0,0,0,0,1,0,1,0,0,0,0,0,1,0,0,0,1,0,0,0,0,1,0,1,0,0,0,0,0,0,0,0,0,1,0,0,0,0,1,1,0,0,0,1,0,0,1,0,0,1,0,0,0,1,1,1,0,0,1,0,1,0,1,0,0,1,0,1,0,0,0,1,1,0,0,0,1,0,0,1,1,0,1,1,1,1,0,0,1,0,0,1,0,1,1,1,0,0,0,1,0,1,0,0,0,0,0,1,0,1,1,0,1,0,1,1,1,0,1,1,0,1,1,1,1,1,1,0,0,1,1,0,1,1,1,0,1,0,0,0,1,1,1,0,1,0,0
0,1,0,0,0,1,1,1,0,0,1,0,0,1,0,0,1,1,1,0,0,1,1,1,0,1,1,1,1,1,1,0,0,0,0,0,0,0,0,1,0,0,0,1,0,0,0,0,1,0,0,1,0,0,0,0,1,1,1,1,0,0,0,0,0,0,0,0,1,0,0,1,0,1,0,0,0,0,1,0,1,0,0,0,0,0,1,0,0,0,1,0,0,0,0,1,0,1,0,0,0,0,0,0,0,0,0,1,0,0,0,0,1,1,0,0,0,1,0,0,1,0,0,1,0,0,0,1,1,1,0,0,1,0,1,0,1,0,0,1,0,1,0,0,0,1,1,0,0,0,1,0,0,1,1,0,1,1,1,1,0,0,1,0,0,1,0,1,1,1,0,0,0,1,0,1,0,0,0,0,0,1,0,1,1,0,1,0,1,1,1,0,1,1,0,1,1,1,1,1,1,0,0,1,1,0,1,1,1,0,1,0,0,0,1,1,1,0,1,0,0
0,1,0,0,0,1,1,1,0,0,1,0,0,1,0,0,1,1,1,0,0,1,1,1,0,1,1,1,1,1,1,0,0,0,0,0,0,0,0,1,0,0,0,1,0,0,0,0,1,0,0,1,0,0,0,0,1,1,1,1,0,0,0,0,0,0,0,0,1,0,0,1,0,1,0,0,0,0,1,0,1,0,0,0,0,0,1,0,0,0,1,0,0,0,0,1,0,1,0,0,0,0,0,0,0,0,0,1,0,0,0,0,1,1,0,0,0,1,0,0,1,0,0,1,0,0,0,1,1,1,0,0,1,0,1,0,1,0,0,1,0,1,0,0,0,1,1,0,0,0,1,0,0,1,1,0,1,1,1,1,0,0,1,0,0,1,0,1,1,1,0,0,0,1,0,1,0,0,0,0,0,1,0,1,1,0,1,0,1,1,1,0,1,1,0,1,1,1,1,1,1,0,0,1,1,0,1,1,1,0,1,0,0,0,1,1,1,0,1,0,0
0,1,0,0,0,1,1,1,0,1,1,0,0,1,0,0,1,1,1,0,0,1,1,1,0,1,1,1,1,1,1,0,1,0,0,0,0,0,0,1,1,0,0,1,0,0,1,0,1,0,0,1,0,0,0,0,1,1,1,1,0,0,0,0,0,0,0,0,1,0,0,1,0,1,0,0,0,0,1,0,1,0,0,0,0,0,1,0,0,0,1,0,0,0,0,1,0,1,1,0,1,0,0,0,0,0,0,1,0,0,0,0,1,1,0,0,0,1,0,1,1,0,0,1,0,0,0,1,1,1,0,0,1,0,1,0,1,1,0,1,0,1,1,0,0,1,1,0,0,0,1,0,0,1,1,0,1,1,1,1,0,0,1,0,0,1,0,1,1,1,0,0,0,1,0,1,0,0,0,0,0,1,0,1,1,0,1,0,1,1,1,0,1,1,0,1,1,1,1,1,1,0,0,1,1,0,1,1,1,0,1,0,0,0,1,1,1,0,1,0,0
0,1,0,0,0,1,1,1,0,1,1,0,0,1,0,0,1,1,1,0,0,1,1,1,0,1,1,1,1,1,1,0,1,0,0,0,0,0,0,1,1,0,0,1,0,0,1,0,1,0,0,1,0,0,0,0,1,1,1,1,0,0,0,0,0,0,0,0,1,0,0,1,0,1,0,0,0,0,1,0,1,0,0,0,0,0,1,0,0,0,1,0,0,0,0,1,0,1,1,0,1,0,0,0,0,0,0,1,0,0,0,0,1,1,0,0,0,1,0,1,1,0,0,1,0,0,0,1,1,1,0,0,1,0,1,0,1,1,0,1,0,1,1,0,0,1,1,0,0,0,1,0,0,1,1,0,1,1,1,1,0,0,1,0,0,1,0,1,1,1,0,0,0,1,0,1,0,0,0,0,0,1,0,1,1,0,1,0,1,1,1,0,1,1,0,1,1,1,1,1,1,0,0,1,1,0,1,1,1,0,1,0,0,0,1,1,1,0,1,0,0
0,1,0,0,0,1,1,1,0,0,1,0,0,1,0,0,1,1,1,0,0,1,1,1,0,1,1,1,1,1,1,0,0,0,0,0,0,0,0,1,0,0,0,1,0,0,0,0,1,0,0,1,0,0,0,0,1,1,1,1,0,0,0,0,0,0,0,0,1,0,0,1,0,1,0,0,0,0,1,0,1,0,0,0,0,0,1,0,0,0,1,0,0,0,0,1,0,1,0,0,0,0,0,0,0,0,0,1,0,0,0,0,1,1,0,0,0,1,0,0,1,0,0,1,0,0,0,1,1,1,0,0,1,0,1,0,1,0,0,1,0,1,0,0,0,1,1,0,0,0,1,0,0,1,1,0,1,1,1,1,0,0,1,0,0,1,0,1,1,1,0,0,0,1,0,1,0,0,0,0,0,1,0,1,1,0,1,0,1,1,1,0,1,1,0,1,1,1,1,1,1,0,0,1,1,0,1,1,1,0,1,0,0,1,1,1,1,0,1,0,0
0,0,0,0,0,1,1,0,1,0,0,0,0,0,0,0,0,0,0,0,0,0,0,0,0,0,0,0,0,0,1,1,0,0,0,0,0,0,0,1,0,0,0,1,0,0,0,0,1,0,0,1,0,0,0,0,0,1,1,0,0,0,0,0,0,0,0,0,1,0,0,0,0,0,0,0,0,0,0,0,0,0,0,0,0,0,0,0,0,0,1,0,0,0,0,0,0,1,0,0,0,0,0,0,0,0,0,0,0,0,0,0,1,1,0,0,0,1,0,0,0,0,0,1,0,0,0,1,1,0,0,0,0,0,0,0,1,0,0,1,0,0,0,0,0,1,1,0,0,0,0,0,0,1,0,0,0,0,0,1,0,0,0,0,0,1,0,0,1,0,0,0,0,1,0,1,0,0,0,0,0,1,0,0,0,0,1,0,0,1,0,0,0,0,0,0,0,1,0,0,0,0,0,0,0,0,0,0,0,0,1,0,0,0,0,0,0,0,1,0,0
0,1,0,1,0,1,0,0,0,0,0,0,0,0,0,1,1,1,1,0,0,1,0,1,0,1,1,0,0,0,1,0,0,1,0,0,1,0,1,1,0,0,0,1,1,1,0,0,1,0,0,1,0,1,1,0,0,1,1,1,1,1,0,0,1,1,0,1,1,0,1,0,1,0,0,1,0,0,0,1,0,0,0,1,0,0,0,1,1,1,1,1,0,0,0,0,1,1,0,1,0,1,0,0,1,0,1,0,0,1,1,0,1,1,0,1,1,1,1,0,0,1,0,1,0,0,0,1,1,0,1,1,0,0,0,1,1,0,1,1,0,0,0,1,1,1,1,1,0,0,0,0,0,1,0,1,0,0,0,1,1,0,0,1,0,1,0,0,1,0,0,0,0,1,0,1,1,1,0,0,1,1,0,0,0,0,1,1,0,1,0,0,0,0,0,1,1,1,1,0,0,0,0,0,0,0,1,0,1,0,0,1,0,1,0,1,1,1,0,1,0
0,1,0,0,0,1,1,1,0,0,1,0,0,1,0,0,1,1,1,0,0,1,1,1,0,1,1,1,1,1,1,0,0,0,0,0,0,0,0,1,0,0,0,1,0,0,0,0,1,0,0,1,0,0,0,0,1,1,1,1,0,0,0,0,0,0,0,0,1,0,0,1,0,1,0,0,0,0,1,0,1,0,0,0,0,0,1,0,0,0,1,0,0,0,0,1,0,1,0,0,0,0,0,0,0,0,0,1,0,0,0,0,1,1,0,0,0,1,0,0,1,0,0,1,0,0,0,1,1,1,0,0,1,0,1,0,1,0,0,1,0,1,0,0,0,1,1,0,0,0,1,0,0,1,1,0,1,1,1,1,0,0,1,0,0,1,0,1,1,1,0,0,0,1,0,1,0,0,0,0,0,1,0,1,1,0,1,0,1,1,1,0,1,1,0,1,1,1,1,1,1,0,0,1,1,0,1,1,1,0,1,0,0,0,1,1,1,0,1,0,0
0,1,0,1,0,1,1,1,0,0,0,0,0,0,0,0,1,1,1,0,0,1,1,1,0,1,1,0,1,1,1,0,0,1,0,0,0,0,1,1,0,1,0,1,0,0,0,1,1,0,0,1,0,1,1,0,0,1,1,0,0,0,1,1,1,0,0,0,1,0,0,1,0,1,0,1,0,1,0,0,1,0,0,1,0,1,0,0,1,0,1,0,0,0,0,1,1,1,0,1,0,0,0,0,0,0,0,1,1,0,0,1,1,1,1,1,1,1,1,0,1,0,0,1,1,1,0,1,1,1,0,0,1,0,1,1,1,0,0,1,0,1,0,1,0,1,1,1,0,0,1,1,0,1,1,0,0,1,1,1,1,1,1,1,0,1,0,1,1,1,1,1,0,1,0,1,1,1,1,1,1,1,0,1,1,0,1,0,1,1,1,0,1,1,0,1,0,1,1,1,1,0,0,1,1,0,0,1,1,0,1,0,1,0,1,0,1,0,1,0,1
0,1,0,1,1,1,1,0,0,0,0,0,0,0,0,1,1,1,1,1,1,1,0,1,0,1,1,0,1,0,1,0,0,1,0,0,0,0,1,1,0,1,1,1,1,1,0,1,1,0,0,0,1,1,1,1,0,1,1,1,1,1,1,0,1,1,0,1,1,0,1,0,1,0,0,1,0,0,0,1,0,0,0,1,1,0,0,1,1,1,1,1,1,1,0,0,1,1,0,1,0,1,1,0,1,0,1,0,0,1,1,1,1,1,0,1,1,1,1,0,0,1,1,1,1,0,0,1,1,0,1,0,0,0,0,1,1,0,1,1,1,0,0,1,1,1,1,1,0,0,1,1,0,1,1,1,0,0,0,1,1,0,1,1,1,1,0,0,1,0,0,0,0,1,1,1,1,1,1,0,1,1,0,0,0,1,1,0,0,1,0,1,0,0,0,1,1,1,0,0,0,1,1,0,0,0,0,1,0,0,0,0,0,0,1,0,0,0,0,0,0
0,1,0,1,0,1,1,0,0,0,0,0,0,0,0,1,1,1,1,1,1,1,0,1,0,1,1,0,1,0,1,0,0,0,0,0,0,0,1,1,0,1,1,1,1,1,0,1,1,0,0,1,1,1,1,1,0,1,1,1,1,1,1,0,0,1,0,1,1,0,1,0,1,0,0,1,1,0,0,1,0,0,0,1,1,0,0,1,1,1,1,1,1,1,0,0,1,1,0,1,0,1,1,0,1,0,1,0,0,1,1,1,1,1,0,1,1,1,1,0,0,1,1,1,1,0,0,1,1,0,1,0,0,0,0,1,1,0,1,1,1,0,0,1,1,1,1,1,0,0,1,1,0,1,1,1,0,0,0,1,1,0,1,1,1,1,0,0,1,0,0,0,0,1,1,1,1,1,1,0,1,1,0,0,0,1,1,1,0,1,0,1,0,0,0,1,1,1,1,0,0,1,1,0,0,0,0,1,1,0,0,0,0,0,1,0,1,0,0,0,0
0,1,0,1,1,0,0,0,0,0,1,0,1,1,0,1,1,1,1,0,0,1,0,0,0,1,1,0,1,0,0,0,0,1,0,0,0,0,1,0,0,1,0,0,1,1,0,1,0,0,0,1,1,1,1,1,0,0,0,1,1,1,1,1,1,1,0,1,0,0,1,0,1,0,0,1,1,0,0,1,0,0,0,1,1,0,0,1,1,1,0,1,1,1,0,0,1,0,0,1,0,1,1,0,1,0,1,0,0,1,1,1,0,0,0,1,1,0,1,0,0,1,1,0,0,0,1,0,0,0,1,1,0,0,0,1,0,0,0,0,1,0,0,1,0,0,0,1,1,0,0,0,0,0,0,0,0,0,0,0,1,0,0,1,1,0,0,0,0,0,1,0,0,0,1,0,1,1,0,0,1,0,0,0,0,1,0,0,0,0,0,0,0,0,0,0,0,0,0,0,0,0,0,0,0,0,0,0,0,0,0,0,0,0,0,0,0,0,0,0,0
1,1,1,1,1,1,1,1,0,0,0,0,0,0,0,0,1,1,1,0,1,1,1,1,1,1,1,1,1,1,1,0,0,0,0,0,0,0,1,1,0,0,0,1,0,0,0,0,0,0,0,0,0,1,0,0,1,1,1,0,0,0,0,0,0,0,0,0,1,0,0,1,0,1,0,1,0,0,1,0,1,0,0,1,0,0,1,0,1,0,1,0,0,0,0,1,0,1,0,1,0,0,0,0,0,0,0,1,0,0,0,0,1,1,0,1,1,1,1,0,1,0,0,1,0,0,0,1,1,0,0,0,1,1,0,0,1,0,0,1,0,1,0,1,0,1,1,1,0,0,1,0,0,1,1,0,1,1,0,1,0,0,1,1,0,1,1,0,1,0,0,0,0,1,0,1,0,0,0,0,1,1,0,1,1,0,1,0,1,1,0,0,1,1,0,1,0,1,0,0,0,0,0,1,1,0,0,0,0,0,1,0,0,0,0,0,0,0,1,0,0
0,1,0,1,0,1,1,1,0,0,1,0,1,1,1,1,1,1,1,0,0,1,0,1,0,0,1,0,0,0,1,0,0,0,0,1,0,1,1,1,0,1,1,1,0,0,0,1,1,0,0,1,0,1,1,0,1,1,1,0,0,0,1,0,0,0,0,0,1,0,0,1,0,0,0,1,0,0,1,0,1,0,0,1,0,0,1,0,1,0,1,0,0,0,0,1,0,1,0,1,0,0,0,0,0,0,0,1,0,0,0,1,1,1,1,1,1,1,1,0,1,0,0,1,1,1,0,1,1,0,0,0,1,0,0,0,1,0,0,1,0,1,0,1,0,1,1,1,0,0,1,1,0,1,0,0,0,1,0,1,1,1,0,1,0,1,1,0,1,0,0,0,0,1,0,1,1,0,1,1,1,1,0,1,1,0,1,1,1,1,1,1,1,0,1,1,1,1,1,1,1,1,1,1,0,1,1,1,1,1,0,0,1,0,1,0,1,1,0,0,1
0,1,0,1,0,0,0,0,0,1,0,0,0,0,0,1,1,1,1,0,0,1,1,1,1,1,1,0,0,0,0,0,1,1,0,1,1,0,1,0,1,1,0,0,1,1,1,1,0,1,1,0,0,1,1,0,0,0,0,1,1,1,0,1,1,1,0,1,0,0,1,0,1,0,1,1,0,0,0,1,0,1,1,1,0,0,0,1,1,1,0,1,0,0,1,0,1,0,1,1,1,1,0,1,1,1,1,0,0,1,1,1,0,0,0,1,1,0,1,1,0,1,0,0,0,0,0,0,0,0,1,1,0,0,0,1,0,1,1,0,0,0,1,1,1,0,0,1,0,0,0,0,0,0,0,1,0,0,0,0,1,0,0,1,0,0,0,0,0,0,1,0,0,0,0,0,1,1,0,0,1,0,0,0,0,0,0,0,0,0,0,0,0,0,0,1,1,0,0,0,0,0,0,0,0,1,0,0,0,0,0,1,0,0,0,1,0,0,0,1,0
0,0,0,0,0,1,1,0,0,0,1,0,0,0,0,0,0,0,0,0,0,0,0,0,0,0,0,0,0,0,1,0,0,0,0,1,0,0,0,1,0,0,0,1,0,0,0,0,0,0,0,1,0,0,0,0,1,0,0,0,0,0,0,0,0,0,0,0,1,0,0,1,0,0,0,0,0,0,1,0,1,0,0,0,0,0,1,0,0,0,0,0,0,0,0,0,0,0,0,0,0,0,0,0,0,0,0,0,0,0,0,0,0,0,0,0,0,0,0,0,1,0,0,0,0,0,0,1,0,0,0,0,0,0,0,0,0,0,0,1,0,0,0,0,0,0,0,0,0,0,1,0,0,1,0,0,0,0,0,0,0,0,0,0,0,1,0,0,0,0,0,0,0,0,0,0,0,0,0,0,0,1,0,1,0,0,1,0,0,1,0,0,0,0,0,0,1,0,1,0,0,0,0,0,0,1,0,0,0,0,0,0,0,0,0,1,1,0,0,0,0
0,1,0,1,1,1,1,0,0,0,1,0,1,1,0,1,1,1,1,1,1,1,0,1,0,1,1,0,1,0,1,0,0,1,0,0,0,0,1,0,0,1,0,1,0,0,0,1,0,0,0,0,1,1,1,0,0,1,0,0,0,0,1,1,1,1,0,0,0,0,1,1,1,0,0,1,1,1,0,1,1,0,0,1,1,1,0,1,1,1,0,1,1,1,0,1,1,0,0,1,0,1,1,1,1,0,1,1,0,1,1,1,0,0,0,1,1,0,1,0,1,1,1,0,0,0,1,0,0,0,1,0,1,1,0,1,0,0,1,0,1,1,0,1,1,0,0,1,1,0,0,0,0,0,0,0,0,1,0,0,1,0,0,1,1,0,0,0,0,0,1,1,1,0,1,0,1,1,0,0,1,0,0,1,1,1,0,0,1,0,0,0,1,0,0,0,0,0,0,0,0,0,0,1,0,0,0,0,0,0,0,1,0,0,0,0,0,0,0,1,0
0,1,0,0,0,1,1,1,0,0,0,0,0,0,0,0,1,1,1,0,0,1,0,0,0,1,1,0,0,0,1,0,0,0,1,0,0,0,0,1,0,0,1,1,0,0,0,0,1,0,0,1,0,0,0,0,0,1,1,0,0,0,0,0,0,0,0,0,1,1,0,1,0,1,0,0,0,0,0,0,1,0,0,0,0,0,0,0,0,0,1,0,0,0,0,1,0,1,0,0,0,0,0,0,0,0,0,1,0,0,0,0,1,1,1,0,0,1,0,0,1,0,0,1,0,1,0,1,1,1,0,0,1,0,1,0,1,0,0,1,0,0,0,0,0,1,1,0,0,0,1,0,1,1,0,0,0,1,1,1,0,1,0,0,0,1,0,1,1,1,0,0,0,1,0,1,0,0,0,1,0,1,1,1,0,0,1,0,1,1,1,0,1,1,0,1,1,1,1,1,1,0,0,1,1,0,0,1,1,0,0,0,1,0,1,0,1,0,1,0,1
0,1,1,0,0,1,1,1,0,0,0,0,0,0,0,0,1,1,1,0,0,1,1,1,1,0,1,0,1,1,1,0,0,0,1,0,0,0,0,1,0,0,1,1,0,0,0,0,1,0,0,0,0,0,0,0,1,1,1,0,0,0,0,0,0,0,0,0,1,1,0,1,0,0,0,0,0,0,1,0,1,0,0,0,0,0,1,0,0,0,0,0,0,0,0,1,0,1,0,0,0,0,0,0,0,0,0,1,0,0,0,0,1,1,1,0,0,1,0,0,1,0,0,0,0,1,0,1,1,1,0,0,1,0,0,0,0,0,0,1,0,1,0,0,0,1,1,0,0,0,1,0,1,1,0,0,0,1,0,0,0,0,0,0,0,1,0,1,1,0,0,0,0,1,0,1,0,0,0,1,0,1,1,1,1,0,1,0,1,1,1,0,1,1,0,0,0,1,1,1,1,0,0,1,1,0,0,1,1,0,0,0,1,0,1,0,1,0,0,0,1
0,1,0,1,0,1,1,0,0,0,1,0,1,1,1,0,0,0,0,0,0,0,0,0,0,0,0,0,0,0,1,0,0,1,0,1,0,0,1,1,0,1,0,1,0,0,0,1,0,0,0,1,1,1,1,0,1,1,1,0,0,0,1,1,1,0,0,0,1,0,0,1,0,0,0,1,0,0,0,0,0,0,0,1,0,1,1,0,1,0,1,0,0,0,0,0,1,1,0,1,0,0,0,0,0,1,0,0,0,0,0,1,1,1,0,1,1,1,1,0,0,0,1,1,0,0,0,1,1,0,0,0,0,0,0,1,1,0,0,1,0,0,0,1,0,1,1,1,0,1,0,0,0,1,0,0,1,0,0,1,1,0,0,1,1,1,0,0,1,0,0,0,1,1,1,1,1,1,0,0,1,1,0,0,0,1,1,1,0,1,0,1,0,0,0,1,1,1,1,0,0,1,1,0,0,1,1,0,1,0,0,1,0,0,0,0,1,0,0,1,0
0,1,0,0,0,1,1,1,0,0,0,0,0,0,0,0,1,1,1,0,0,1,0,0,0,1,1,0,0,0,1,0,0,0,1,0,0,0,0,1,0,0,1,1,0,0,0,0,1,0,0,1,0,0,0,0,0,1,1,0,0,0,0,0,0,0,0,0,1,1,0,1,0,1,0,0,0,0,0,0,1,0,0,0,0,0,0,0,0,0,1,0,0,0,0,1,0,1,0,0,0,0,0,0,0,0,0,1,0,0,0,0,1,1,0,0,0,1,0,0,1,0,0,1,0,1,0,1,1,1,0,0,1,0,1,0,1,0,0,1,0,0,0,0,0,1,1,0,0,0,1,0,1,1,0,0,0,1,1,1,0,0,0,0,0,1,0,1,1,1,0,0,0,1,0,1,0,0,0,1,0,1,0,1,0,0,1,0,1,1,1,0,1,1,0,1,1,1,1,1,1,0,0,1,1,0,0,1,0,0,0,0,0,0,1,0,1,0,1,0,1
0,1,0,0,0,1,1,0,0,0,0,0,0,0,0,1,1,1,1,0,1,1,0,1,0,1,1,0,1,0,1,0,0,0,0,0,1,0,0,1,0,1,1,1,0,0,0,1,1,0,0,1,0,0,0,0,1,1,1,0,0,0,1,0,0,0,0,0,1,0,0,1,0,1,0,0,0,0,1,0,1,0,0,0,0,0,1,0,1,0,1,0,0,0,0,1,0,1,0,0,0,0,0,0,0,0,0,1,0,0,0,1,1,1,0,0,0,1,1,0,1,0,0,1,0,0,0,1,1,1,0,0,1,0,1,0,1,0,0,1,0,1,0,0,0,1,1,1,0,0,1,0,0,1,1,0,1,1,1,1,1,0,1,1,0,1,1,1,1,1,0,0,0,1,0,1,1,0,0,0,0,1,0,1,1,0,1,0,1,1,1,1,1,1,0,1,1,1,1,1,1,1,0,1,1,0,1,1,0,0,1,0,0,0,1,0,0,0,1,0,0
0,1,0,0,0,1,1,0,0,0,1,0,1,1,0,0,0,0,0,0,0,0,0,0,0,0,0,0,0,0,1,0,0,0,1,0,0,0,0,1,0,1,1,1,0,0,0,1,1,0,0,0,0,0,0,0,0,1,1,0,0,0,1,0,0,0,0,0,0,1,0,0,0,0,0,0,0,0,0,0,0,0,0,0,0,0,0,0,1,0,0,0,0,0,0,0,0,1,0,0,0,0,0,0,0,0,0,0,0,0,0,1,1,1,0,0,0,1,1,0,0,0,0,0,0,0,0,1,1,0,0,0,0,0,0,0,0,0,0,0,0,0,0,0,0,0,1,1,0,0,0,0,1,1,0,0,0,0,0,0,1,0,0,1,0,1,1,0,1,0,0,0,0,1,0,1,1,0,0,0,0,0,1,0,0,0,1,0,0,1,0,0,0,0,0,1,1,1,1,0,0,0,0,0,0,0,0,0,1,0,1,0,0,1,0,0,1,0,1,0,0
1,1,0,0,0,1,1,0,0,0,0,0,0,0,0,1,1,1,0,0,0,0,0,0,0,0,0,0,0,0,1,0,0,0,1,0,0,0,0,1,0,1,1,1,0,0,0,1,1,0,0,0,0,0,0,0,0,1,1,0,0,0,1,0,0,0,0,0,0,1,0,0,0,0,0,0,0,0,0,0,0,0,0,0,0,0,0,0,1,0,0,0,0,0,0,0,0,1,0,0,0,0,0,0,0,0,0,0,0,0,0,1,1,1,0,0,0,1,1,0,0,0,0,0,0,0,0,1,1,0,0,0,0,0,0,0,0,0,0,0,0,0,0,0,0,0,1,1,0,0,0,0,1,1,0,0,0,0,0,0,1,0,0,1,0,1,1,0,1,0,0,0,0,1,0,1,1,0,0,0,0,0,1,0,0,0,1,0,0,1,0,0,0,0,0,1,1,1,1,0,0,0,0,0,0,0,0,0,1,0,1,0,0,1,0,0,1,0,1,0,0
1,1,1,1,1,1,1,0,1,1,0,0,0,0,0,1,1,1,1,0,0,1,1,1,1,1,1,0,1,1,1,1,1,1,0,0,0,1,1,1,1,1,0,1,1,1,1,1,0,0,0,1,0,1,1,0,0,0,0,1,1,1,0,1,1,1,0,1,0,0,1,1,1,1,0,1,0,0,0,1,1,0,0,1,0,0,0,1,1,1,0,1,0,0,0,0,1,0,1,1,1,1,0,0,1,1,1,1,0,1,1,1,0,0,0,1,1,0,1,1,0,1,0,0,0,0,0,0,0,0,1,1,1,0,0,1,0,1,1,0,0,0,1,1,1,0,0,1,0,0,0,0,0,0,0,1,0,0,0,0,1,0,0,1,0,0,0,0,0,0,1,0,0,0,0,0,1,1,0,0,1,0,0,0,0,0,0,0,1,0,0,0,1,0,1,1,1,0,0,0,0,0,0,1,0,0,0,0,0,0,0,1,0,0,0,0,0,0,0,1,0
0,0,0,0,0,1,1,0,0,0,0,0,0,0,0,0,0,1,1,0,0,0,0,0,0,0,0,0,0,0,1,0,0,0,1,0,0,0,0,1,0,0,1,1,0,0,0,0,1,0,0,0,0,0,0,0,0,1,1,0,0,0,0,0,0,0,0,0,0,1,0,1,0,1,0,0,0,0,0,0,1,0,0,0,0,0,0,0,0,0,0,0,0,0,0,1,0,1,0,0,0,0,0,0,0,0,0,1,0,0,0,0,1,1,0,0,0,1,0,0,1,0,0,0,0,0,0,1,1,0,0,0,1,0,1,0,0,0,0,0,0,1,0,0,0,0,1,0,0,0,0,0,1,1,0,0,0,1,1,0,0,0,0,0,0,1,0,0,1,1,0,0,0,1,0,1,0,0,0,0,0,0,1,1,0,0,1,0,1,1,0,0,1,0,0,1,0,1,1,0,0,0,0,1,0,0,1,0,1,1,1,0,0,0,0,0,1,1,1,0,0
1,1,0,0,0,1,1,0,0,0,0,0,0,0,0,0,0,0,0,0,0,0,0,0,0,0,0,0,0,0,1,0,0,0,1,0,0,0,0,1,0,1,1,1,0,0,0,1,1,0,0,0,0,0,0,0,0,1,1,0,0,0,1,0,0,0,0,0,0,1,0,0,0,0,0,0,0,0,0,0,0,0,0,0,0,0,0,0,1,0,0,0,0,0,0,0,0,1,0,0,0,0,0,0,0,0,0,0,0,0,0,1,1,1,0,0,0,1,1,0,0,0,0,0,0,0,0,1,1,0,0,0,0,0,0,0,0,0,0,0,0,0,0,0,0,0,1,1,0,0,0,0,1,1,0,0,0,0,0,0,1,0,0,1,0,1,1,0,1,0,0,0,0,1,0,1,1,0,0,0,0,0,1,0,0,0,1,0,0,1,0,0,0,0,0,1,1,1,1,0,0,0,0,0,0,0,0,0,1,0,1,0,0,1,0,0,1,0,1,0,0
0,0,0,0,0,1,1,1,0,0,0,0,0,0,0,0,0,1,1,0,0,0,0,0,0,0,0,0,0,0,1,0,0,0,1,0,0,0,0,1,0,0,1,1,0,0,0,0,1,0,0,0,0,0,0,0,0,1,1,0,0,0,0,0,0,0,0,0,0,1,0,1,0,1,0,0,0,0,0,0,1,0,0,0,0,0,0,0,0,0,0,0,0,0,0,1,0,1,0,0,0,0,0,0,0,0,0,1,0,0,0,0,1,1,0,0,0,1,0,0,1,0,0,0,0,1,0,1,1,1,0,0,1,0,1,0,0,0,0,0,0,1,0,0,0,0,1,0,0,0,0,0,1,1,0,0,0,1,0,0,0,0,0,0,0,1,0,1,1,1,0,0,0,1,0,1,0,0,0,0,0,0,1,1,1,0,1,0,1,1,0,0,1,1,0,1,0,1,1,0,0,0,0,1,1,0,1,0,1,1,1,0,0,0,1,0,1,1,1,0,1
0,0,0,0,0,1,1,0,0,0,0,0,0,0,0,0,0,1,1,0,0,0,0,0,0,0,0,0,0,0,1,0,0,0,1,0,0,0,0,1,0,0,1,1,0,0,0,0,1,0,0,0,0,0,0,0,0,1,1,0,0,0,0,0,0,0,0,0,0,1,0,1,0,1,0,0,0,0,0,0,1,0,0,0,0,0,0,0,0,0,0,0,0,0,0,1,0,1,0,0,0,0,0,0,0,0,0,1,0,0,0,0,1,1,0,0,0,1,0,0,1,0,0,0,0,0,0,1,1,1,0,0,1,0,0,0,0,0,0,0,0,1,0,0,0,0,1,0,0,0,0,0,1,1,0,0,0,1,0,0,0,0,0,0,0,1,0,1,1,0,0,0,0,1,0,1,0,0,0,0,0,0,1,1,1,0,1,0,1,1,0,0,1,0,0,1,0,1,1,0,0,0,0,1,0,0,1,0,1,1,1,0,0,0,0,0,1,1,1,0,0
0,0,0,0,0,1,1,1,0,0,0,0,0,0,0,0,0,1,1,0,0,0,0,0,0,0,0,0,0,0,1,0,0,0,1,0,0,0,0,1,0,0,1,1,0,0,0,0,1,0,0,1,0,0,0,0,0,1,1,0,0,0,0,0,0,0,0,0,1,1,0,1,0,1,0,0,0,0,0,0,1,0,0,0,0,0,0,0,0,0,0,0,0,0,0,1,0,1,0,0,0,0,0,0,0,0,0,1,0,0,0,0,1,1,0,0,0,1,0,0,1,0,0,0,0,0,0,1,1,0,0,0,1,0,1,0,0,0,0,0,0,1,0,0,0,0,1,0,0,0,0,0,1,1,0,0,0,1,1,0,0,0,0,0,0,1,0,0,1,1,0,0,0,1,0,1,0,0,0,0,0,0,1,1,0,0,1,0,1,1,1,0,1,1,0,1,0,1,1,1,1,0,0,1,1,0,1,0,1,1,1,0,0,0,1,0,1,1,1,0,0
0,1,0,0,0,1,1,1,0,0,0,0,0,0,0,0,0,1,1,0,0,1,1,0,0,0,1,0,0,0,1,0,0,0,0,0,1,0,0,1,0,0,0,1,0,0,0,0,1,0,0,1,0,0,0,0,0,1,1,0,0,0,0,0,0,0,0,0,1,0,0,1,0,1,0,0,0,0,0,0,1,0,0,0,0,0,0,0,0,0,1,0,0,0,0,1,0,1,0,0,0,0,0,0,0,0,0,1,0,0,0,0,1,1,1,0,0,1,0,0,1,0,0,1,0,1,0,1,1,1,0,0,1,0,0,0,1,0,0,1,0,1,0,0,0,1,1,0,0,0,0,0,0,1,0,0,0,1,0,1,0,1,0,0,0,1,0,1,1,0,0,0,0,1,0,1,0,0,0,1,0,1,0,1,1,0,1,0,1,1,1,0,1,0,0,1,1,0,1,1,1,0,0,1,0,0,1,1,1,1,0,0,1,0,1,1,1,1,0,0,1
0,1,0,0,0,1,1,1,0,1,0,0,0,0,0,0,0,1,1,0,0,1,1,0,0,0,1,0,0,0,1,0,1,0,0,0,0,0,1,1,1,0,0,1,0,0,1,0,1,0,0,1,0,1,1,0,0,1,1,0,0,0,0,0,0,0,0,0,1,0,0,1,0,1,0,1,0,0,0,0,1,0,0,1,0,0,0,0,1,0,1,0,0,0,0,1,0,1,1,1,0,0,0,0,0,0,0,1,0,0,0,0,1,1,1,1,1,1,1,1,1,0,0,1,0,1,0,1,1,0,0,0,1,0,0,0,1,1,0,1,0,1,1,1,0,1,1,1,0,0,0,0,0,1,0,0,0,1,0,1,0,1,0,1,0,1,0,0,1,0,0,0,0,1,0,1,0,0,0,1,1,1,0,1,1,0,1,0,1,1,0,0,1,0,1,1,0,0,1,0,0,0,0,1,0,0,1,1,1,1,0,0,1,0,1,0,1,1,0,0,1
0,1,0,0,0,1,1,1,0,0,0,0,0,0,0,0,0,1,1,0,0,1,1,0,0,0,1,0,0,0,1,0,0,0,0,0,0,0,1,1,0,0,0,1,0,0,0,0,1,0,0,1,0,1,1,0,0,1,1,0,0,0,0,0,0,0,0,0,1,0,0,1,0,1,0,1,0,0,0,0,1,0,0,1,0,0,0,0,1,0,1,0,0,0,0,1,0,1,0,1,0,0,0,0,0,0,0,1,0,0,0,0,1,1,1,1,1,1,1,0,1,0,0,1,0,1,0,1,1,1,0,0,1,0,0,0,1,0,0,1,0,1,0,1,0,1,1,1,0,0,0,0,0,1,0,0,0,1,0,1,0,1,0,1,0,1,0,1,1,0,0,0,0,1,0,1,0,0,0,1,1,1,0,1,1,0,1,0,1,1,1,0,1,0,1,1,0,0,1,1,1,0,0,1,0,0,1,1,1,1,0,0,1,0,1,0,1,1,0,0,1
0,1,0,1,0,1,1,1,0,0,0,0,0,0,0,0,1,1,1,0,0,1,0,0,0,0,1,0,0,0,1,0,0,0,1,0,0,0,0,1,0,1,1,1,0,0,0,1,1,0,0,1,0,0,0,0,1,1,1,0,0,0,1,0,0,0,0,0,1,1,0,1,0,1,0,0,0,0,0,0,1,0,0,0,0,1,1,0,0,0,1,0,0,0,0,1,0,1,0,0,0,0,0,0,0,0,0,1,0,0,0,1,1,1,0,0,0,1,0,0,1,0,0,1,0,0,0,1,1,1,0,0,1,0,1,0,1,0,0,1,0,1,0,0,0,1,1,0,0,1,1,0,1,1,1,0,1,1,1,1,0,0,1,0,0,1,0,1,1,1,0,1,1,1,0,1,0,0,0,0,0,1,1,1,0,0,1,0,1,1,1,0,1,1,0,1,1,1,0,1,1,0,0,1,1,0,0,1,0,0,1,0,0,0,1,0,0,0,1,0,0
0,1,0,0,0,1,1,1,0,0,0,0,0,0,0,0,0,1,1,0,0,0,0,0,0,0,1,0,0,0,1,0,0,0,1,0,1,0,0,1,0,0,0,1,0,0,0,0,1,0,0,1,0,0,0,0,0,1,1,0,0,0,0,0,0,0,0,0,1,1,0,0,0,0,0,0,0,0,0,0,0,0,0,0,0,0,0,0,0,0,1,0,0,0,0,0,0,1,0,0,0,0,0,0,0,0,0,0,0,0,0,0,1,1,1,0,0,1,0,0,0,0,0,1,0,1,0,1,1,0,0,0,0,0,0,0,1,0,0,1,0,0,0,0,0,1,1,0,0,0,0,0,1,1,0,0,0,0,0,1,0,1,0,0,0,1,0,0,1,0,0,0,0,1,0,1,0,0,0,1,0,1,1,0,0,0,1,0,0,1,0,0,0,0,0,1,1,1,1,0,0,0,0,0,0,0,1,1,1,0,1,0,1,0,1,0,1,0,1,0,1
1,1,0,1,0,1,1,1,0,0,0,0,0,0,0,0,1,1,1,0,0,1,0,0,0,0,1,0,0,0,1,0,0,0,0,0,0,0,0,1,0,1,1,1,0,0,0,1,1,0,0,1,0,0,0,0,1,1,1,0,0,0,1,0,0,0,0,0,1,0,0,1,0,1,0,0,0,0,0,0,1,0,0,0,0,1,1,0,0,0,1,0,0,0,0,1,0,1,0,0,0,0,0,0,0,0,0,1,0,0,0,1,1,1,0,0,0,1,0,0,1,0,0,1,0,0,0,1,1,1,0,0,1,0,1,0,1,0,0,1,0,1,0,0,0,1,1,0,0,1,1,0,0,1,1,0,1,1,1,1,0,0,1,0,0,1,0,1,1,1,0,1,1,1,0,1,0,0,0,0,0,1,0,1,0,0,1,0,1,1,1,0,1,1,0,1,1,1,0,1,1,0,0,1,1,0,0,1,0,0,1,0,0,0,1,0,0,0,1,0,0
0,1,0,0,0,1,1,1,0,0,0,0,0,0,0,0,0,1,1,0,0,0,0,0,0,0,1,0,0,0,1,0,0,0,1,0,1,0,0,1,0,0,0,1,0,0,0,0,1,0,0,1,0,0,0,0,0,1,1,0,0,0,0,0,0,0,0,0,1,1,0,0,0,0,0,0,0,0,0,0,0,0,0,0,0,0,0,0,0,0,1,0,0,0,0,0,0,1,0,0,0,0,0,0,0,0,0,0,0,0,0,0,1,1,1,0,0,1,0,0,0,0,0,1,0,1,0,1,1,1,0,0,0,0,0,0,1,0,0,1,0,0,0,0,0,1,1,0,0,0,0,0,1,1,0,0,0,0,0,1,0,1,0,0,0,1,0,1,1,0,0,0,0,1,0,1,0,0,0,1,0,1,1,0,0,0,1,0,0,1,1,0,0,0,0,1,1,1,1,1,1,0,0,0,0,0,1,1,1,0,1,0,1,0,1,0,1,0,1,0,1
0,1,0,0,0,1,1,0,1,0,1,0,0,1,1,0,0,1,1,0,0,0,0,0,0,1,1,0,1,0,1,1,0,0,1,0,0,0,0,0,0,0,1,1,0,0,0,0,1,0,0,0,0,0,0,0,1,0,0,1,0,0,0,0,0,0,0,0,1,1,0,1,0,0,0,0,0,0,1,0,1,0,0,0,0,0,1,0,0,0,0,0,0,0,0,1,0,0,0,0,0,0,0,0,0,0,0,1,0,0,0,0,0,0,0,0,0,1,0,0,1,0,0,0,0,0,0,1,1,0,0,0,1,0,0,0,0,0,0,1,0,1,0,0,0,1,0,0,0,0,1,0,1,1,0,0,0,1,0,0,0,0,0,0,0,1,0,0,1,0,0,0,0,0,0,1,0,0,0,0,0,1,1,1,1,0,1,0,1,1,0,0,1,0,0,1,1,1,1,0,0,0,0,1,0,0,1,0,0,1,0,0,0,1,0,1,0,1,0,0,0
0,1,0,1,1,1,0,0,0,0,1,0,1,1,0,1,1,1,0,1,1,1,0,0,0,1,1,1,1,0,1,0,0,1,0,0,0,0,1,0,0,1,0,1,0,1,0,1,0,1,1,0,1,1,1,1,0,0,0,1,0,1,1,1,1,1,0,1,0,0,1,1,0,0,1,1,1,1,0,1,1,1,1,1,1,1,0,1,1,1,0,1,1,1,1,0,1,0,0,1,0,1,1,1,1,0,1,0,1,1,1,1,0,0,0,1,1,0,1,0,0,1,1,0,0,0,1,0,0,0,1,1,0,0,0,1,0,0,1,0,1,0,0,1,1,0,0,1,1,0,0,0,0,0,0,1,0,0,0,0,1,0,0,1,0,0,0,0,0,0,1,1,0,0,1,0,1,1,0,0,1,0,0,0,0,1,0,0,0,0,0,0,0,0,0,0,0,0,0,0,0,0,0,0,0,0,0,0,0,0,0,0,0,0,0,0,0,0,0,0,0
0,1,0,1,1,1,0,0,0,0,1,0,1,1,0,1,1,1,0,1,1,1,0,0,0,1,1,1,1,0,1,0,0,1,0,0,0,0,0,0,0,1,0,1,0,1,0,1,0,1,1,0,1,1,0,1,0,0,0,1,0,1,1,1,1,1,0,1,0,0,1,1,0,0,1,0,1,1,0,1,1,1,1,1,1,1,0,1,1,1,0,1,1,1,1,0,1,0,0,1,0,1,1,1,1,0,1,0,1,1,1,1,0,0,0,1,1,0,1,0,0,1,1,0,0,0,1,0,0,0,1,1,0,0,0,1,0,0,1,0,1,0,0,1,1,0,0,1,1,0,0,0,0,0,0,1,0,0,0,0,1,0,0,1,0,0,0,0,0,0,1,1,0,0,1,0,1,1,0,0,1,0,0,0,0,1,0,0,0,0,0,0,0,0,0,0,0,0,0,0,0,0,0,0,0,0,0,0,0,0,0,0,0,0,0,0,0,0,0,0,0
0,0,0,1,1,1,0,0,0,0,1,0,1,1,0,1,1,1,0,1,1,0,0,0,0,1,1,1,0,0,1,0,0,1,0,0,0,0,0,0,0,1,0,1,0,1,0,1,0,1,1,0,1,1,0,1,0,0,0,1,0,1,1,1,1,1,0,1,0,0,1,1,0,0,1,0,1,1,0,1,1,1,1,1,1,1,0,1,1,1,0,1,1,1,1,0,1,0,0,1,0,1,1,1,1,0,1,1,0,1,1,1,0,0,0,1,1,0,1,0,0,1,1,0,0,0,0,0,0,0,1,1,0,1,0,1,0,0,1,0,1,0,0,1,1,0,0,1,0,0,0,0,0,0,0,1,0,0,0,0,1,0,0,1,0,0,0,0,0,0,1,1,0,0,1,0,1,1,0,0,1,0,0,0,0,1,0,0,0,0,0,0,0,0,0,0,0,0,0,0,0,0,0,0,0,0,0,0,0,0,0,0,0,0,0,0,0,0,0,0,0
1,1,1,1,1,1,1,0,0,0,1,0,1,1,1,1,1,1,0,1,1,1,0,1,1,1,1,1,1,1,1,0,0,1,0,0,0,0,0,0,0,1,0,1,0,1,0,1,0,1,1,0,1,1,0,1,0,0,0,1,0,1,1,1,1,1,0,1,0,0,1,1,0,0,1,0,1,1,0,1,1,1,1,1,1,1,0,1,1,1,0,1,1,1,1,0,1,0,0,1,0,1,1,1,1,0,1,0,1,1,1,1,0,0,0,1,1,0,1,0,0,1,1,0,0,0,1,0,0,0,1,1,0,0,0,1,0,0,1,0,1,0,0,1,1,0,0,1,1,0,0,0,0,0,0,1,0,0,0,0,1,0,0,1,1,0,0,0,0,0,1,1,0,0,1,0,1,1,0,0,1,0,0,0,0,1,0,0,0,0,0,0,0,0,0,0,0,0,0,0,0,0,0,0,0,0,0,0,0,0,0,0,0,0,0,0,0,0,0,0,0
0,0,0,1,1,1,1,0,0,0,1,0,1,1,0,1,1,1,0,1,1,0,0,0,0,1,1,1,0,0,1,0,0,1,0,0,0,0,0,0,0,1,1,1,0,1,0,1,1,1,1,0,1,1,0,1,0,0,0,1,0,1,1,1,1,1,0,1,1,0,1,1,0,0,1,0,1,1,0,1,1,1,1,1,1,1,0,1,1,1,0,1,1,1,1,0,1,0,0,1,0,1,1,1,1,0,1,1,0,1,1,1,0,0,0,1,1,0,1,0,0,1,1,0,1,0,0,0,0,0,1,1,0,1,0,1,0,0,1,0,1,0,0,1,1,0,0,1,0,0,1,1,0,0,0,1,0,0,0,0,1,0,0,1,0,0,0,0,0,0,1,1,0,0,1,0,1,1,1,0,1,0,0,0,0,1,0,0,0,0,0,0,0,0,0,0,0,0,0,0,0,0,0,0,0,0,0,0,0,0,0,0,0,0,0,0,0,0,0,0,0
0,0,0,1,1,1,0,0,0,0,1,0,1,1,0,1,1,1,0,1,1,0,0,0,0,1,1,1,0,0,1,0,0,1,0,0,0,0,0,0,0,1,0,1,0,1,0,1,0,1,1,1,1,1,0,1,0,0,0,1,0,1,1,1,1,1,0,1,0,0,1,1,0,0,1,0,1,1,0,1,1,1,1,1,1,1,0,1,1,1,0,1,1,1,1,0,1,0,0,1,0,1,1,1,1,0,1,1,0,1,1,1,0,0,0,1,1,0,1,0,0,1,1,0,0,0,1,0,0,0,1,1,0,1,0,1,0,0,1,0,1,0,0,1,1,0,0,1,1,0,0,0,0,0,0,1,0,0,0,0,1,0,0,1,0,0,0,0,0,0,1,1,0,0,1,0,1,1,0,0,1,0,0,0,0,1,0,0,0,0,0,0,0,0,0,0,0,0,0,0,0,0,0,0,0,0,0,0,0,0,0,0,0,0,0,0,0,0,0,0,0
0,1,0,1,1,1,0,0,0,0,1,0,1,1,0,1,1,1,0,1,1,1,0,0,0,1,1,1,1,0,1,0,0,1,0,0,0,0,1,0,0,1,0,1,0,1,0,1,0,1,1,0,1,1,1,1,0,0,0,1,0,1,1,1,1,1,0,1,0,0,1,1,0,0,1,1,1,1,0,1,1,1,1,1,1,1,0,1,1,1,0,1,1,1,1,0,1,0,0,1,0,1,1,1,1,0,1,1,0,1,1,1,0,0,0,1,1,0,1,0,0,1,1,0,0,0,1,0,0,0,1,1,0,1,0,1,0,0,1,0,1,0,0,1,1,0,0,1,1,0,0,0,0,0,0,1,0,0,0,0,1,0,0,1,0,0,0,0,0,0,1,1,0,0,1,0,1,1,0,0,1,0,0,0,0,1,0,0,0,0,0,0,0,0,0,0,0,0,0,0,0,0,0,0,0,0,0,0,0,0,0,0,0,0,0,0,0,0,0,0,0
0,1,0,1,1,1,0,0,0,0,1,0,1,1,0,1,1,1,0,1,1,1,0,0,0,1,1,1,1,0,1,0,0,1,0,0,0,0,0,0,0,1,0,1,0,1,0,1,0,1,1,0,1,1,0,1,0,0,0,1,0,1,1,1,1,1,0,1,0,0,1,1,0,0,1,0,1,1,0,1,1,1,1,1,1,1,0,1,1,1,0,1,1,1,1,0,1,0,0,1,0,1,1,1,1,0,1,1,0,1,1,1,0,0,0,1,1,0,1,0,0,1,1,0,0,0,1,0,0,0,1,1,0,1,0,1,0,0,1,0,1,0,0,1,1,0,0,1,1,0,0,0,0,0,0,1,0,0,0,0,1,0,0,1,0,0,0,0,0,0,1,1,0,0,1,0,1,1,0,0,1,0,0,0,0,1,0,0,0,0,0,0,0,0,0,0,0,0,0,0,0,0,0,0,0,0,0,0,0,0,0,0,0,0,0,0,0,0,0,0,0
0,1,0,1,0,1,0,0,0,0,0,0,0,0,0,1,1,1,1,1,1,1,0,1,0,1,1,0,0,0,1,0,0,0,0,0,0,0,1,0,0,1,1,1,1,1,0,1,1,0,0,1,0,1,1,0,0,0,0,1,1,1,1,0,0,1,0,1,1,0,1,0,1,0,0,1,0,0,0,1,0,0,0,1,0,0,0,1,1,1,0,1,0,0,0,0,1,0,0,1,0,1,0,0,1,0,1,0,0,1,1,1,0,0,0,1,1,0,1,0,0,1,0,0,1,0,0,0,0,0,1,1,0,0,0,1,0,0,1,0,0,0,0,1,1,0,0,1,0,0,1,1,0,0,0,1,0,0,0,0,1,0,0,1,0,0,0,0,0,0,0,0,0,0,0,0,1,1,1,0,1,0,0,0,0,0,0,0,0,0,0,0,0,0,0,1,1,0,0,0,0,0,0,0,0,0,0,0,0,0,0,1,0,0,0,1,0,0,0,1,0
0,1,0,1,0,0,0,0,0,0,0,0,0,0,0,1,1,1,1,1,1,1,0,1,0,1,1,0,0,0,0,0,0,0,0,0,0,0,1,0,0,1,0,0,1,1,0,1,0,0,0,1,0,1,1,0,0,0,0,1,1,1,1,0,0,1,0,1,0,0,1,0,1,0,0,1,0,0,0,1,0,0,0,1,0,0,0,1,1,1,0,1,0,0,0,0,1,0,0,1,0,1,0,0,1,0,1,0,0,1,1,1,0,0,0,1,1,0,1,0,0,1,0,0,0,0,0,0,0,0,1,1,0,0,0,1,0,0,1,0,0,0,0,1,1,0,0,1,0,0,0,0,0,0,0,1,0,0,0,0,1,0,0,1,0,0,0,0,0,0,0,0,0,0,0,0,1,1,0,0,1,0,0,0,0,0,0,0,0,0,0,0,0,0,0,1,1,0,0,0,0,0,0,0,0,0,0,0,0,0,0,1,0,0,0,1,0,0,0,1,0
0,1,0,1,0,0,0,0,0,0,0,0,0,0,0,1,1,1,1,1,1,1,0,1,0,1,1,0,0,0,0,0,0,0,0,0,0,0,1,0,0,1,0,0,1,1,0,1,0,0,0,1,0,1,1,0,0,0,0,1,1,1,1,0,0,1,0,1,0,0,1,0,1,0,0,1,0,0,0,1,0,0,0,1,0,0,0,1,1,1,0,1,0,0,0,0,1,0,0,1,0,1,0,0,1,0,1,0,0,1,1,1,0,0,0,1,1,0,1,0,0,1,0,0,0,0,1,0,0,0,1,1,0,0,0,1,0,0,1,0,0,0,0,1,1,0,0,1,1,0,0,0,0,0,0,1,0,0,0,0,1,0,0,1,0,0,0,0,0,0,0,0,0,0,0,0,1,1,0,0,1,0,0,0,0,0,0,0,0,0,0,0,0,0,0,1,1,0,0,0,0,0,0,0,0,0,0,0,0,0,0,1,0,0,0,1,0,0,0,1,0
0,1,0,1,0,1,1,0,0,0,0,0,0,0,0,1,1,1,1,1,1,1,0,1,0,1,1,0,0,0,1,0,0,0,0,0,0,0,1,1,0,1,1,1,1,1,0,1,1,0,0,1,0,1,1,0,0,1,1,1,1,1,1,0,0,1,0,1,1,0,1,0,1,0,0,1,0,0,0,1,0,0,0,1,0,0,0,1,1,1,1,1,0,0,0,0,1,1,0,1,0,1,0,0,1,0,1,0,0,1,1,1,1,1,1,1,1,1,1,0,0,1,0,1,1,1,0,1,1,0,1,1,0,0,0,1,1,0,1,1,0,0,0,1,1,1,1,1,0,0,1,1,0,1,0,1,0,0,0,1,1,1,0,1,0,1,1,0,1,0,0,0,0,1,0,1,1,1,1,1,1,1,0,0,0,0,1,1,0,1,0,1,0,0,0,1,1,1,1,0,0,1,1,0,0,0,0,1,1,0,0,1,1,0,1,0,1,0,0,1,1
0,1,0,1,0,1,1,0,0,0,0,0,0,0,0,1,1,1,1,1,1,1,0,1,0,1,1,0,0,0,1,0,0,0,0,0,0,0,1,0,0,1,1,1,1,1,0,1,1,0,0,0,0,1,1,0,0,0,0,1,1,1,1,0,0,1,0,1,1,0,1,0,1,0,0,1,0,0,0,1,0,0,0,1,0,0,0,1,1,1,0,1,0,0,0,0,1,0,0,1,0,1,0,0,1,0,1,0,0,1,1,1,0,0,0,1,1,0,1,0,0,1,0,0,1,0,0,0,0,0,1,1,0,0,0,1,0,0,1,0,0,0,0,1,1,0,0,1,0,0,1,1,0,0,0,1,0,0,0,0,1,0,0,1,0,0,0,0,0,0,0,0,0,0,0,0,1,1,1,0,1,0,0,0,0,0,0,0,0,0,0,0,0,0,0,1,1,0,0,0,0,0,0,0,0,0,0,0,0,0,0,1,0,0,0,0,0,0,0,1,0
0,1,0,1,0,1,1,0,0,0,0,0,0,0,0,1,1,1,1,1,1,1,0,1,0,1,1,0,0,0,0,0,0,0,0,0,0,0,1,0,0,1,0,0,1,1,0,1,0,0,0,0,0,1,1,0,0,0,0,1,1,1,1,0,0,1,0,1,0,0,1,0,1,0,0,1,0,0,0,1,0,0,0,1,0,0,0,1,1,1,0,1,0,0,0,0,1,0,0,1,0,1,0,0,1,0,1,0,0,1,1,1,0,0,0,1,1,0,1,0,0,1,0,0,0,0,0,0,0,0,1,1,0,0,0,1,0,0,1,0,0,0,0,1,1,0,0,1,0,0,0,0,0,0,0,1,0,0,0,0,1,0,0,1,0,0,0,0,0,0,0,0,0,0,0,0,1,1,0,0,1,0,0,0,0,0,0,0,0,0,0,0,0,0,0,1,1,0,0,0,0,0,0,0,0,0,0,0,0,0,0,1,0,0,0,0,0,0,0,1,0
0,1,0,1,1,1,1,0,0,0,0,0,0,0,0,1,1,1,1,1,1,1,0,1,0,1,1,0,0,0,0,0,0,0,0,0,0,0,1,0,0,1,0,0,1,1,0,1,0,0,0,1,0,1,1,0,0,0,0,1,1,1,1,0,0,1,0,1,0,0,1,0,1,0,0,1,0,0,0,1,0,0,0,1,0,0,0,1,1,1,0,1,0,0,0,0,1,0,0,1,0,1,0,0,1,0,1,0,0,1,1,1,0,0,0,1,1,0,1,0,0,1,0,0,0,0,1,0,0,0,1,1,0,0,0,1,0,0,1,0,0,0,0,1,1,0,0,1,1,0,0,0,0,0,0,1,0,0,0,0,1,0,0,1,0,0,0,0,0,0,0,0,0,0,0,0,1,1,0,0,1,0,0,0,0,0,0,0,0,0,0,0,0,0,0,1,1,0,0,0,0,0,0,0,0,0,0,0,0,0,0,1,0,0,0,0,0,0,0,1,0
0,1,0,1,1,0,0,0,0,0,1,0,1,1,0,1,1,1,1,1,1,1,0,1,0,1,1,1,1,1,0,0,0,1,0,0,0,0,1,0,0,1,0,0,1,1,0,1,0,1,1,1,1,1,1,1,0,0,0,1,1,1,0,1,1,1,0,1,0,0,1,0,1,0,1,1,1,0,0,1,0,1,1,1,1,0,0,1,1,1,0,1,1,1,1,0,1,0,0,1,0,1,1,1,1,0,1,0,0,1,1,1,0,0,0,1,1,0,1,0,0,1,1,0,0,0,0,0,0,0,1,1,0,0,0,1,0,0,1,0,1,0,0,1,1,0,0,1,0,0,0,0,0,0,0,1,0,0,0,0,1,0,0,1,0,0,0,0,0,0,0,0,0,0,1,0,1,1,0,0,1,0,0,0,0,1,0,0,0,0,0,0,0,0,0,1,1,0,0,0,0,0,0,0,0,0,0,0,0,0,0,1,0,0,0,1,0,0,0,1,0
0,1,0,1,1,1,1,0,0,0,1,0,1,1,0,1,1,1,1,1,1,1,0,1,0,1,1,1,1,1,0,0,0,1,0,0,0,0,1,0,0,1,0,0,1,1,0,1,0,1,1,0,1,1,1,1,0,0,0,1,1,1,0,1,1,1,0,1,0,0,1,0,1,0,1,1,1,0,0,1,0,1,1,1,1,0,0,1,1,1,0,1,1,1,1,0,1,0,0,1,0,1,1,1,1,0,1,0,0,1,1,1,0,0,0,1,1,0,1,0,0,1,1,0,0,0,0,0,0,0,1,1,0,0,0,1,0,0,1,0,1,0,0,1,1,0,0,1,0,0,0,0,0,0,0,1,0,0,0,0,1,0,0,1,0,0,0,0,0,0,0,0,0,0,1,0,1,1,0,0,1,0,0,0,0,1,0,0,0,0,0,0,0,0,0,1,1,0,0,0,0,0,0,0,0,0,0,0,0,0,0,1,0,0,0,0,0,0,0,1,0
0,1,0,1,1,1,1,0,0,0,1,0,1,1,0,1,1,1,1,1,1,1,0,1,0,1,1,1,1,1,0,0,0,1,0,0,0,0,1,0,0,1,0,0,1,1,0,1,0,1,1,0,1,1,1,1,0,0,0,1,1,1,0,0,1,1,0,1,0,0,1,0,1,0,1,1,1,0,0,1,0,1,1,1,1,0,0,1,1,1,0,1,1,1,1,0,1,0,0,1,0,1,1,1,1,0,1,0,0,1,1,1,0,0,0,1,1,0,1,0,0,1,1,0,0,0,0,0,0,0,1,1,0,0,0,1,0,0,1,0,1,0,0,1,1,0,0,1,0,0,0,0,0,0,0,1,0,0,0,0,1,0,0,1,1,0,0,0,0,0,0,0,0,0,1,0,1,1,0,0,1,0,0,0,0,1,0,0,0,0,0,0,0,0,0,1,1,0,0,0,0,0,0,0,0,0,0,0,0,0,0,1,0,0,0,0,0,0,0,1,0
0,1,0,1,0,1,0,0,0,0,0,0,0,0,0,1,1,1,1,0,0,1,0,0,0,1,1,0,0,0,1,0,0,1,1,0,0,0,1,0,0,1,1,1,1,1,0,1,1,0,0,1,0,1,1,0,0,0,0,1,1,1,0,1,1,1,0,1,0,1,1,0,1,0,0,1,0,0,0,1,0,0,0,1,0,0,0,1,1,1,0,1,0,0,0,0,1,0,0,1,0,1,0,0,1,1,1,0,0,1,1,1,0,0,0,1,1,0,1,0,0,1,0,0,1,0,0,0,0,0,1,1,0,0,0,1,0,0,1,0,0,0,0,1,1,0,0,1,0,0,0,0,0,0,0,1,0,0,0,0,1,0,0,1,0,0,0,0,0,0,1,0,0,0,0,0,1,1,1,0,1,0,0,0,0,0,0,0,0,0,0,0,0,0,0,1,1,0,0,0,0,0,0,0,0,0,0,0,0,0,0,1,0,0,0,1,0,0,0,1,0
0,1,0,1,0,0,0,0,0,1,0,0,0,0,0,1,1,1,1,0,0,1,0,0,0,1,1,0,0,0,0,0,1,1,0,0,0,0,1,0,1,1,0,0,1,1,0,1,0,0,0,1,0,1,1,0,0,0,0,1,1,1,0,1,1,1,0,1,0,0,1,0,1,0,0,1,0,0,0,1,0,0,0,1,0,0,0,1,1,1,0,1,0,0,0,0,1,0,0,1,0,1,0,0,1,1,1,0,0,1,1,1,0,0,0,1,1,0,1,0,0,1,0,0,0,0,0,0,0,0,1,1,0,0,0,1,0,0,1,0,0,0,0,1,1,0,0,1,0,0,0,0,0,0,0,1,0,0,0,0,1,0,0,1,0,0,0,0,0,0,1,0,0,0,0,0,1,1,0,0,1,0,0,0,0,0,0,0,0,0,0,0,0,0,0,1,1,0,0,0,0,0,0,0,0,0,0,0,0,0,0,1,0,0,0,1,0,0,0,1,0
0,1,0,1,0,1,0,0,0,0,0,0,0,0,0,1,1,1,1,1,1,1,0,1,0,1,1,0,0,0,1,0,0,1,0,0,0,0,1,0,0,1,1,1,1,1,0,1,1,0,0,1,0,1,1,0,0,0,0,1,1,1,1,1,1,1,0,1,1,0,1,0,1,0,0,1,0,0,0,1,0,0,0,1,0,0,0,1,1,1,0,1,0,0,0,0,1,0,0,1,0,1,0,0,1,1,1,0,0,1,1,1,0,0,0,1,1,0,1,0,0,1,0,0,1,0,1,0,0,0,1,1,0,0,0,1,0,0,1,0,0,0,0,1,1,0,0,1,1,0,1,1,0,0,0,1,0,0,0,0,1,0,0,1,0,0,0,0,0,0,1,0,0,0,0,0,1,1,1,0,1,0,0,0,0,0,0,0,0,0,0,0,0,0,0,1,1,0,0,0,0,0,0,0,0,0,0,0,0,0,0,1,0,0,0,1,0,0,0,1,0
0,1,0,1,0,0,0,0,0,0,0,0,0,0,0,1,1,1,1,1,1,1,0,1,0,1,1,0,0,0,0,0,0,1,0,0,0,0,1,0,0,1,0,0,1,1,0,1,0,0,0,1,0,1,1,0,0,0,0,1,1,1,1,1,1,1,0,1,0,0,1,0,1,0,0,1,0,0,0,1,0,0,0,1,0,0,0,1,1,1,0,1,0,0,0,0,1,0,0,1,0,1,0,0,1,1,1,0,0,1,1,1,0,0,0,1,1,0,1,0,0,1,0,0,0,0,1,0,0,0,1,1,0,0,0,1,0,0,1,0,0,0,0,1,1,0,0,1,1,0,0,0,0,0,0,1,0,0,0,0,1,0,0,1,0,0,0,0,0,0,1,0,0,0,0,0,1,1,0,0,1,0,0,0,0,0,0,0,0,0,0,0,0,0,0,1,1,0,0,0,0,0,0,0,0,0,0,0,0,0,0,1,0,0,0,1,0,0,0,1,0
0,1,0,1,1,0,0,0,0,0,0,0,0,0,0,1,1,1,1,1,1,1,0,1,0,1,1,0,0,0,0,0,0,1,0,0,0,0,1,0,0,1,0,0,1,1,0,1,0,0,0,1,0,1,1,0,0,0,0,1,1,1,1,1,1,1,0,1,0,0,1,0,1,0,0,1,0,0,0,1,0,0,0,1,0,0,0,1,1,1,0,1,0,0,0,0,1,0,0,1,0,1,0,0,1,1,1,0,0,1,1,1,0,0,0,1,1,0,1,0,0,1,0,0,0,0,1,0,0,0,1,1,0,0,0,1,0,0,1,0,0,0,0,1,1,0,0,1,1,0,0,0,0,0,0,1,0,0,0,0,1,0,0,1,0,0,0,0,0,0,1,0,0,0,0,0,1,1,0,0,1,0,0,0,0,0,0,0,0,0,0,0,0,0,0,1,1,0,0,0,0,0,0,0,0,0,0,0,0,0,0,1,0,0,0,1,0,0,0,1,0
1,1,0,1,1,0,0,0,0,0,0,0,0,0,0,1,1,1,1,1,1,1,1,1,1,1,1,0,1,0,0,0,0,1,0,0,0,0,1,0,0,1,0,0,1,1,0,1,0,0,0,1,0,1,1,0,0,0,0,1,1,1,1,1,1,1,0,1,0,0,1,0,1,0,0,1,0,0,0,1,0,0,0,1,0,0,0,1,1,1,0,1,0,0,0,0,1,0,0,1,0,1,0,0,1,1,1,0,0,1,1,1,0,0,0,1,1,0,1,0,0,1,0,0,0,0,1,0,0,0,1,1,0,0,0,1,0,0,1,0,0,0,0,1,1,0,0,1,1,0,0,0,0,0,0,1,0,0,0,0,1,0,0,1,0,0,0,0,0,0,1,0,0,0,0,0,1,1,0,0,1,0,0,0,0,0,0,0,0,0,0,0,0,0,0,1,1,0,0,0,0,0,0,0,0,0,0,0,0,0,0,1,0,0,0,1,0,0,0,1,0
0,1,0,1,0,1,1,0,0,0,0,0,0,0,0,1,1,1,1,1,1,1,0,1,0,1,1,0,0,0,1,0,0,1,0,0,0,0,1,0,0,1,1,1,1,1,0,1,1,0,0,1,0,1,1,0,0,0,0,1,1,1,1,1,1,1,0,1,1,0,1,1,1,0,0,1,0,1,0,1,1,0,0,1,0,1,0,1,1,1,0,1,0,0,0,0,1,0,0,1,0,1,0,0,1,0,1,0,0,1,1,1,0,0,0,1,1,0,1,0,0,1,0,0,1,0,0,0,0,0,1,1,0,0,0,1,0,0,1,0,0,0,0,1,1,0,0,1,0,0,1,1,0,0,0,1,0,0,0,0,1,0,0,1,0,0,0,0,0,0,1,1,0,0,0,0,1,1,1,0,1,0,0,0,0,0,0,0,0,0,0,0,0,0,0,1,1,0,0,0,0,0,0,0,0,0,0,0,0,0,0,1,0,0,0,0,0,0,0,1,0
1,1,1,1,1,0,0,0,0,0,0,0,0,0,0,1,1,1,1,1,1,1,1,1,1,1,1,1,1,1,0,0,0,0,0,0,0,0,1,0,0,1,0,0,1,1,0,1,0,0,0,1,0,1,1,0,0,0,0,1,1,1,1,0,0,1,0,1,0,0,1,0,1,0,0,1,0,0,0,1,0,0,0,1,0,0,0,1,1,1,0,1,0,0,0,0,1,0,0,1,0,1,0,0,1,0,1,0,0,1,1,1,0,0,0,1,1,0,1,0,0,1,0,0,0,0,1,0,0,0,1,1,0,0,0,1,0,0,1,0,0,0,0,1,1,0,0,1,1,0,0,0,0,0,0,1,0,0,0,0,1,0,0,1,0,0,0,0,0,0,0,0,0,0,0,0,1,1,0,0,1,0,0,0,0,0,0,0,0,0,0,0,0,0,0,1,1,0,0,0,0,0,0,0,0,0,0,0,0,0,0,1,0,0,0,1,0,0,0,1,0
0,1,0,1,0,1,0,0,0,0,0,0,0,0,0,1,1,1,1,1,1,1,0,1,0,1,1,0,0,0,1,0,0,1,0,0,0,0,1,0,0,1,0,1,1,1,0,1,0,0,0,1,0,1,1,0,0,0,0,1,1,1,1,1,1,1,0,1,0,0,1,1,1,0,0,1,0,1,0,1,1,0,0,1,0,1,0,1,1,1,0,1,0,0,0,0,1,0,0,1,0,1,0,0,1,0,1,0,0,1,1,1,0,0,0,1,1,0,1,0,0,1,0,0,0,0,0,0,0,0,1,1,0,0,0,1,0,0,1,0,0,0,0,1,1,0,0,1,0,0,0,0,0,0,0,1,0,0,0,0,1,0,0,1,0,0,0,0,0,0,1,1,0,0,0,0,1,1,0,0,1,0,0,0,0,0,0,0,0,0,0,0,0,0,0,1,1,0,0,0,0,0,0,0,0,0,0,0,0,0,0,1,0,0,0,0,0,0,0,1,0
0,1,0,1,0,1,0,0,0,0,0,0,0,0,0,1,1,1,1,1,1,1,0,1,0,1,1,0,0,0,1,0,0,1,0,0,0,0,1,0,0,1,1,1,1,1,0,1,1,0,0,0,0,1,1,0,0,0,0,1,1,1,1,1,1,1,0,1,1,0,1,0,1,0,0,1,0,0,0,1,0,0,0,1,0,0,0,1,1,1,0,1,0,0,0,0,1,0,0,1,0,1,0,0,1,1,1,0,0,1,1,1,0,0,0,1,1,0,1,0,0,1,0,0,1,0,1,0,0,0,1,1,0,0,0,1,0,0,1,0,0,0,0,1,1,0,0,1,1,0,1,1,0,0,0,1,0,0,0,0,1,0,0,1,0,0,0,0,0,0,1,0,0,0,0,0,1,1,1,0,1,0,0,0,0,0,0,0,0,0,0,0,0,0,0,1,1,0,0,0,0,0,0,0,0,0,0,0,0,0,0,1,0,0,0,0,0,0,0,1,0
0,1,0,0,0,1,1,1,0,0,1,0,0,1,0,0,0,1,1,0,0,0,0,0,0,0,1,0,0,0,1,0,0,0,1,0,0,0,0,1,0,1,1,1,0,0,0,1,1,0,0,1,0,0,0,0,1,1,1,0,0,0,1,0,0,0,0,0,1,1,0,1,0,0,0,0,0,0,1,0,1,0,0,0,0,0,1,0,1,0,1,0,0,0,0,1,0,1,0,0,0,0,0,0,0,0,0,1,0,0,0,1,1,1,0,0,0,1,1,0,1,0,0,1,0,0,0,1,1,0,0,0,1,0,0,0,1,0,0,1,0,1,0,0,0,1,1,1,0,0,1,0,1,1,1,0,0,1,0,1,1,0,1,1,0,1,1,0,1,0,0,0,0,1,0,1,0,0,0,0,0,1,1,1,1,0,1,0,1,1,1,0,1,0,0,1,1,1,1,1,1,0,0,1,0,0,1,1,1,1,1,0,0,1,1,0,1,1,1,0,0
0,1,0,0,0,1,1,1,0,0,1,0,0,1,0,0,0,1,1,0,0,0,0,0,0,0,1,0,0,0,1,0,0,0,1,0,0,0,0,1,0,1,1,1,0,0,0,1,1,0,0,1,0,0,0,0,1,1,1,0,0,0,1,0,0,0,0,0,1,1,0,1,0,0,0,0,0,0,1,0,1,0,0,0,0,0,1,0,1,0,1,0,0,0,0,1,0,1,0,0,0,0,0,0,0,0,0,1,0,0,0,1,1,1,0,0,0,1,1,0,1,0,0,1,0,0,0,1,1,0,0,0,1,0,0,0,1,0,0,1,0,1,0,0,0,1,1,1,0,0,1,0,1,1,1,0,0,1,0,1,1,0,1,1,0,1,1,0,1,0,0,0,0,1,0,1,1,0,0,0,0,1,1,1,1,0,1,0,1,1,1,0,1,0,0,1,1,1,1,1,1,0,0,1,0,0,1,1,1,1,1,0,0,1,1,0,1,1,1,0,0
0,1,0,0,0,1,1,1,0,0,1,0,1,1,1,0,0,1,1,0,0,0,0,0,0,0,1,0,0,0,1,0,0,0,1,0,0,0,0,1,0,1,1,1,0,0,0,1,1,0,0,1,0,0,0,0,1,1,1,0,0,0,1,0,0,0,0,0,1,1,0,1,0,0,0,0,0,0,1,0,1,0,0,0,0,0,1,0,1,0,1,0,0,0,0,1,0,1,0,0,0,0,0,0,0,0,0,1,0,0,0,1,1,1,0,0,0,1,1,0,1,0,0,1,0,0,0,1,1,0,0,0,1,0,0,0,1,0,0,1,0,1,0,0,0,1,1,1,0,0,1,0,1,1,1,0,0,1,0,1,1,0,1,1,0,1,1,0,1,0,0,0,0,1,0,1,1,0,0,0,0,1,1,1,1,0,1,0,1,1,1,0,1,0,0,1,1,1,1,1,1,0,0,1,0,0,1,1,1,1,1,0,0,1,1,0,1,1,1,0,0
0,1,0,0,0,1,1,1,0,0,1,0,0,1,0,1,1,1,1,0,0,1,0,0,0,0,1,0,0,0,1,0,0,0,1,0,0,0,0,1,0,1,1,1,0,0,0,1,1,0,0,1,0,0,0,0,1,1,1,0,0,0,1,0,0,0,0,0,1,1,0,1,0,0,0,0,0,0,1,0,1,0,0,0,0,0,1,0,1,0,1,0,0,0,0,1,0,1,0,0,0,0,0,0,0,0,0,1,0,0,0,1,1,1,0,0,0,1,1,0,1,0,0,1,0,0,0,1,1,0,0,0,1,0,0,0,1,0,0,1,0,1,0,0,0,1,1,1,0,0,1,0,1,1,1,0,0,1,0,1,1,0,1,1,0,1,1,0,1,0,0,0,0,1,0,1,1,0,0,0,0,1,1,1,1,0,1,0,1,1,1,0,1,0,0,1,1,1,1,1,1,0,0,1,0,0,1,1,1,1,1,0,0,1,1,0,1,1,1,0,0
0,1,0,0,0,1,1,1,0,0,1,0,0,1,0,1,1,1,1,0,0,1,0,0,0,0,1,0,0,0,1,0,0,0,1,0,0,0,0,1,0,1,1,1,0,0,0,1,1,0,0,1,0,0,0,0,1,1,1,0,0,0,1,0,0,0,0,0,1,1,0,1,0,0,0,0,0,0,1,0,1,0,0,0,0,0,1,0,1,0,1,0,0,0,0,1,0,1,0,0,0,0,0,0,0,0,0,1,0,0,0,1,1,1,0,0,0,1,1,0,1,0,0,1,1,0,0,1,1,0,0,0,1,0,0,0,1,0,0,1,0,1,0,0,0,1,1,1,0,0,1,1,1,1,1,0,0,1,0,1,1,0,1,1,0,1,1,0,1,0,0,0,0,1,0,1,1,0,1,0,0,1,1,1,1,0,1,0,1,1,1,0,1,0,0,1,1,1,1,1,1,0,0,1,0,0,1,1,1,1,1,0,0,1,1,0,1,1,1,0,0
1,1,0,1,0,1,1,1,0,0,1,0,0,1,0,1,1,1,1,0,0,1,0,0,0,0,1,0,0,0,1,0,0,0,1,0,0,0,0,1,0,1,1,1,0,0,0,1,1,0,0,1,0,0,0,0,1,1,1,0,0,0,1,0,0,0,0,0,1,1,0,1,0,0,0,0,0,0,1,0,1,0,0,0,0,0,1,0,1,0,1,0,0,0,0,1,0,1,0,0,0,0,0,0,0,0,0,1,0,0,0,1,1,1,0,0,0,1,1,0,1,0,0,1,0,0,1,1,1,0,0,0,1,0,0,0,1,0,0,1,0,1,0,0,0,1,1,1,1,0,1,0,1,1,1,0,0,1,0,1,1,0,1,1,0,1,1,0,1,0,0,0,0,1,0,1,1,0,0,0,0,1,1,1,1,0,1,0,1,1,1,0,1,0,0,1,1,1,1,1,1,0,0,1,0,0,1,1,1,1,1,0,0,1,1,0,1,1,1,0,0
0,1,0,1,1,1,1,0,0,1,0,0,0,0,0,1,1,1,1,1,1,1,1,1,1,1,1,0,1,0,1,0,1,1,0,0,0,1,1,1,1,1,0,1,1,1,1,1,0,0,0,0,1,1,1,0,0,1,1,1,1,1,1,1,1,1,0,1,1,0,1,1,1,0,0,1,0,1,0,1,1,0,0,1,0,1,0,1,1,1,1,1,0,0,0,0,1,1,1,1,1,1,0,0,1,1,1,1,0,1,1,1,1,1,0,1,1,1,1,1,0,1,1,1,0,0,0,1,1,0,1,1,0,1,0,1,1,1,1,1,0,0,1,1,1,1,1,1,0,0,0,0,0,1,0,1,0,0,0,1,1,0,0,1,1,1,0,0,1,0,1,1,1,1,1,1,1,1,0,0,1,1,0,0,0,1,1,1,0,1,0,0,0,0,0,1,1,0,0,0,0,0,0,0,0,0,0,0,0,0,0,1,0,0,0,0,0,0,0,1,0
1,1,0,1,1,1,1,0,0,1,0,0,0,0,0,1,1,1,1,1,1,1,1,1,1,1,1,0,1,0,1,0,1,1,0,0,0,1,1,1,1,1,0,1,1,1,1,1,0,0,0,0,1,1,1,0,0,1,1,1,1,1,1,1,1,1,0,1,1,0,1,1,1,0,0,1,0,1,0,1,1,0,0,1,0,1,0,1,1,1,1,1,0,0,0,0,1,1,1,1,1,1,0,0,1,1,1,1,0,1,1,1,1,1,0,1,1,1,1,1,0,1,1,1,0,0,0,1,1,0,1,1,1,0,0,1,1,1,1,1,0,0,1,1,1,1,1,1,0,0,0,0,0,1,0,1,0,0,0,1,1,0,0,1,1,1,0,0,1,0,1,1,1,1,1,1,1,1,0,0,1,1,0,0,0,1,1,1,0,1,0,0,0,0,0,1,1,0,0,0,0,0,0,0,0,0,0,0,0,0,0,1,0,0,0,0,0,0,0,1,0
1,1,0,1,1,1,1,0,0,1,0,0,0,0,0,1,1,1,1,1,1,1,1,1,1,1,1,0,1,0,1,0,1,1,0,0,0,1,1,1,1,1,0,1,1,1,1,1,0,0,0,0,1,1,1,0,0,1,1,1,1,1,1,1,1,1,0,1,1,0,1,1,1,0,0,1,0,1,0,1,1,0,0,1,0,1,0,1,1,1,1,1,0,0,0,0,1,1,1,1,1,1,0,0,1,1,1,1,0,1,1,1,1,1,0,1,1,1,1,1,0,1,1,1,0,0,0,1,1,0,1,1,1,0,0,1,1,1,1,1,0,0,1,1,1,1,1,1,0,0,0,0,0,1,0,1,0,0,0,1,1,0,0,1,1,1,0,0,1,0,1,1,1,1,1,1,1,1,0,0,1,1,0,0,0,1,1,1,1,1,0,0,0,0,1,1,1,0,0,0,0,0,0,0,0,0,0,0,0,0,0,1,0,0,0,0,0,0,0,1,0
1,1,1,1,1,1,1,0,0,1,0,0,0,0,0,1,1,1,1,1,1,1,1,1,1,1,1,0,1,0,1,0,1,1,0,0,1,1,1,1,1,1,0,1,1,1,1,1,0,0,0,1,1,1,1,0,0,1,1,1,1,1,1,1,1,1,0,1,1,0,1,1,1,0,0,1,0,1,0,1,1,0,0,1,0,1,0,1,1,1,1,1,0,0,0,0,1,1,1,1,1,1,0,0,1,1,1,1,0,1,1,1,1,1,0,1,1,1,1,1,0,1,1,1,0,0,0,1,1,0,1,1,1,0,0,1,1,1,1,1,0,0,1,1,1,1,1,1,0,0,0,0,0,1,0,1,0,0,0,1,1,0,0,1,1,1,0,0,1,0,1,1,1,1,1,1,1,1,0,0,1,1,0,0,0,1,1,1,1,1,0,0,0,0,1,1,1,0,0,0,0,0,0,0,0,0,1,0,0,0,0,1,0,1,0,1,0,1,0,1,0
0,0,0,1,0,1,1,0,0,0,0,0,0,0,0,1,1,1,0,0,0,0,0,0,0,0,0,0,0,0,1,0,0,1,0,0,0,1,1,1,0,1,0,1,0,0,0,1,0,0,0,1,1,1,1,0,0,1,1,0,0,0,1,1,1,0,0,0,1,0,0,1,0,0,0,1,0,1,0,0,1,0,0,1,0,1,0,0,1,0,1,0,0,0,0,0,1,1,0,1,0,0,0,0,0,1,0,0,0,0,0,1,1,1,0,1,1,1,1,0,0,0,1,1,0,0,0,1,1,0,0,0,0,0,0,1,1,0,1,1,0,0,0,1,0,1,1,1,0,0,0,0,0,1,0,0,0,0,0,1,1,0,0,1,1,1,0,0,1,0,1,1,1,1,1,1,1,1,0,0,1,1,0,0,0,1,1,1,0,1,0,0,0,0,0,0,0,0,0,0,0,0,0,0,0,0,0,0,0,0,0,0,0,0,0,0,0,0,0,0,0
0,1,0,1,0,0,0,0,0,0,1,0,1,1,0,0,0,0,0,0,0,0,0,0,0,1,1,0,0,0,0,0,0,1,0,0,1,0,1,0,0,1,0,0,1,1,0,1,0,1,1,1,0,1,1,0,0,0,0,1,1,1,1,1,1,1,0,1,0,0,1,0,1,0,1,1,0,0,0,1,0,1,1,1,0,0,0,1,1,1,0,1,0,0,1,0,1,0,0,1,0,1,0,1,1,1,1,0,0,1,1,1,0,0,0,1,1,0,1,0,0,1,0,0,0,0,0,0,0,0,1,1,0,0,0,1,0,0,1,0,0,0,0,1,0,0,0,1,0,0,0,0,0,0,0,0,0,0,0,0,1,0,0,1,0,0,0,0,0,0,1,0,0,0,0,0,1,1,0,0,1,0,0,0,0,0,0,0,0,0,0,0,0,0,0,1,1,0,0,0,0,0,0,0,0,0,1,0,0,0,0,1,0,0,0,0,0,0,0,1,0
1,1,1,1,1,1,1,0,0,1,0,0,0,0,0,1,1,1,1,1,1,1,1,1,1,1,1,0,1,0,1,0,1,1,0,0,1,1,1,1,1,1,0,1,1,1,1,1,0,0,0,1,1,1,1,0,0,1,1,1,1,1,1,1,1,1,0,1,1,0,1,1,1,0,0,1,0,1,0,1,1,0,0,1,0,1,0,1,1,1,1,1,0,0,0,0,1,1,1,1,1,1,0,0,1,1,1,1,0,1,1,1,1,1,0,1,1,1,1,1,0,1,1,1,0,0,0,1,1,0,1,1,1,0,0,1,1,1,1,1,0,0,1,1,1,1,1,1,0,0,0,0,0,1,0,1,0,0,0,1,1,0,0,1,1,1,0,0,1,0,1,1,1,1,1,1,1,1,0,0,1,1,0,0,0,1,1,1,1,1,0,0,0,0,1,1,1,0,0,0,0,0,0,0,0,0,1,0,0,0,0,1,0,1,0,1,0,1,0,1,0
1,1,0,1,0,0,0,0,0,0,1,0,1,1,0,0,0,0,0,0,0,0,0,0,0,1,1,0,0,0,0,0,0,1,0,0,1,0,1,0,0,1,0,0,1,1,0,1,0,1,1,1,0,1,1,0,0,0,0,1,1,1,1,1,1,1,0,1,0,0,1,0,1,0,1,1,0,0,0,1,0,1,1,1,0,0,0,1,1,1,0,1,0,0,1,0,1,0,0,1,0,1,0,1,1,1,1,0,0,1,1,1,0,0,0,1,1,0,1,0,0,1,0,0,0,0,0,0,0,0,1,1,0,0,0,1,0,0,0,0,0,0,0,1,0,0,0,1,0,0,0,0,0,0,0,0,0,0,0,0,1,0,0,1,0,0,0,0,0,0,1,0,0,0,0,0,1,1,0,0,1,0,0,0,0,0,0,0,0,0,0,0,0,0,0,1,1,0,0,0,0,0,0,0,0,0,1,0,0,0,0,1,0,0,0,0,0,0,0,1,0
1,1,0,1,0,0,0,0,0,0,1,0,1,1,0,0,0,1,1,0,0,0,0,0,0,1,1,0,0,0,0,0,0,1,0,0,1,1,1,0,0,1,0,0,1,1,0,1,0,1,1,1,0,1,1,0,0,0,0,1,1,1,1,1,1,1,0,1,0,0,1,0,1,0,1,1,0,0,0,1,0,1,1,1,0,0,0,1,1,1,0,1,0,0,1,0,1,0,0,1,0,1,0,1,1,1,1,0,0,1,1,1,0,0,0,1,1,0,1,0,0,1,0,0,0,0,0,0,0,0,1,1,0,0,0,1,0,0,0,0,0,0,0,1,0,0,0,1,0,0,0,0,0,0,0,0,0,0,0,0,1,0,0,1,0,0,0,0,0,0,1,0,0,0,0,0,1,1,0,0,1,0,0,0,0,0,0,0,0,0,0,0,0,0,0,1,1,0,0,0,0,0,0,0,0,0,1,0,0,0,0,1,0,0,0,0,0,0,0,1,0
1,1,0,1,0,0,0,0,0,0,1,0,1,1,0,1,1,1,1,0,0,1,0,0,0,1,1,0,1,0,0,0,0,1,0,0,1,0,1,0,0,1,0,0,1,1,0,1,0,1,1,1,0,1,1,0,0,0,0,1,1,1,1,1,1,1,0,1,0,0,1,0,1,0,1,1,0,0,0,1,0,1,1,1,0,0,0,1,1,1,0,1,0,0,1,0,1,0,0,1,0,1,0,1,1,1,1,0,0,1,1,1,0,0,0,1,1,0,1,0,0,1,0,0,0,0,0,0,0,0,1,1,0,0,0,1,0,0,0,0,0,0,0,1,0,0,0,1,0,0,0,0,0,0,0,0,0,0,0,0,1,0,0,1,0,0,0,0,0,0,1,0,0,0,0,0,1,1,0,0,1,0,0,0,0,0,0,0,0,0,0,0,0,0,0,1,1,0,0,0,0,0,0,0,0,0,1,0,0,0,0,1,0,0,0,0,0,0,0,1,0
0,1,0,1,0,0,0,0,0,0,1,0,1,1,0,1,1,1,1,0,0,1,0,0,0,1,1,0,1,0,0,0,0,1,0,0,1,0,1,0,0,1,0,0,1,1,0,1,0,1,1,1,0,1,1,0,0,0,0,1,1,1,1,1,1,1,0,1,0,0,1,0,1,0,1,1,0,0,0,1,0,1,1,1,0,0,0,1,1,1,0,1,0,0,1,0,1,0,0,1,0,1,0,1,1,1,1,0,0,1,1,1,0,0,0,1,1,0,1,0,0,1,0,0,0,0,0,0,0,0,1,1,0,0,0,1,0,0,1,0,0,0,0,1,0,0,0,1,0,0,0,0,0,0,0,0,0,0,0,0,1,0,0,1,0,0,0,0,0,0,1,0,0,0,0,0,1,1,0,0,1,0,0,0,0,0,0,0,0,0,0,0,0,0,0,1,1,0,0,0,0,0,0,0,0,0,1,0,0,0,0,1,0,0,0,0,0,0,0,1,0
1,1,0,1,0,1,1,0,0,0,0,0,0,0,0,0,0,1,1,0,0,0,0,0,0,0,1,0,0,0,1,0,0,0,0,0,1,0,0,1,0,1,1,1,0,0,0,1,1,0,0,1,0,0,0,0,1,1,1,1,0,0,1,0,0,0,0,0,1,0,0,1,0,0,0,0,0,0,0,0,0,0,0,0,0,1,1,0,0,0,1,0,0,0,0,0,0,1,0,0,0,0,0,0,0,0,0,0,0,0,0,1,1,1,0,0,0,1,0,0,0,0,0,1,1,0,0,1,1,0,0,0,0,0,0,0,1,0,0,1,0,0,0,0,0,1,1,0,0,1,1,1,0,1,1,0,1,0,0,1,0,0,1,0,0,1,0,0,1,0,0,0,1,1,0,1,1,0,1,0,0,1,0,0,0,0,1,0,0,1,0,0,0,0,0,1,1,1,1,0,0,0,0,0,0,0,1,0,1,1,1,0,0,0,0,0,1,1,1,0,0
1,1,0,0,0,1,0,0,0,0,0,0,0,0,0,0,0,1,1,0,0,0,0,0,0,0,1,0,0,0,1,0,0,0,1,0,1,0,0,1,0,1,0,1,0,0,0,1,0,0,0,1,0,0,0,0,0,1,1,1,0,0,1,0,0,0,0,0,0,1,0,0,0,0,0,0,0,0,0,0,0,0,0,0,0,0,0,0,1,0,0,0,0,0,0,0,0,1,0,0,0,0,0,0,0,0,0,0,0,0,0,1,1,1,0,0,0,1,1,0,0,0,0,0,0,0,0,1,1,0,0,0,0,0,0,0,0,0,0,0,0,0,0,0,0,0,1,1,0,0,0,0,1,1,0,0,0,0,0,0,1,0,0,1,0,1,1,0,1,0,0,0,0,1,0,1,1,0,0,0,0,0,1,0,0,0,1,0,0,1,0,0,0,0,0,1,1,1,1,0,0,0,0,0,0,0,1,1,1,1,1,0,0,1,1,1,1,1,1,0,0
1,1,0,1,0,1,0,0,0,0,1,0,1,1,0,0,0,0,0,0,0,0,0,0,0,1,1,0,0,0,1,0,0,1,1,0,1,0,1,1,0,1,0,1,1,1,0,1,0,1,1,1,0,1,1,0,0,1,1,1,1,1,1,1,1,1,0,1,0,1,1,0,1,0,1,1,0,0,0,1,0,1,1,1,0,0,0,1,1,1,0,1,0,0,1,0,1,1,0,1,0,1,0,1,1,1,1,0,0,1,1,1,1,1,0,1,1,1,1,0,0,1,0,0,0,0,0,1,1,0,1,1,0,0,0,1,0,0,0,0,0,0,0,1,0,0,1,1,0,0,0,0,1,1,0,0,0,0,0,0,1,0,0,1,0,1,1,0,1,0,1,0,0,1,0,1,1,1,0,0,1,0,1,0,0,0,1,0,0,1,0,1,0,0,0,1,1,1,1,0,0,1,1,0,0,0,1,1,0,0,0,1,0,0,1,0,0,0,0,1,0
1,1,0,1,0,1,1,0,0,0,0,0,0,0,0,0,0,1,1,0,0,0,0,0,0,0,1,0,0,0,1,0,0,0,0,0,1,0,0,1,0,1,0,1,0,0,0,1,0,0,0,1,0,0,0,0,1,1,1,1,0,0,1,0,0,0,0,0,1,0,0,1,0,0,0,0,0,0,0,0,0,0,0,0,0,1,1,0,1,0,1,0,0,0,0,0,0,1,0,0,0,0,0,0,0,0,0,0,0,0,0,1,1,1,0,0,0,1,1,0,0,0,0,1,0,0,0,1,1,0,0,0,0,0,0,0,1,0,0,1,0,0,0,0,0,1,1,1,0,1,0,0,0,1,0,0,1,0,0,1,1,0,0,1,0,1,0,0,1,0,0,0,1,1,0,1,1,0,0,0,0,1,0,0,0,0,1,0,0,1,0,1,0,0,0,1,1,1,1,0,0,1,0,0,0,0,1,1,1,1,1,0,0,0,1,1,1,1,1,0,0
1,1,0,1,0,1,1,0,0,0,1,0,1,1,0,0,0,0,0,0,0,0,0,0,0,1,1,0,0,0,1,0,0,1,0,0,1,0,1,1,0,1,0,1,1,1,0,1,0,1,1,1,0,1,1,0,1,1,1,1,1,1,1,1,1,1,0,1,1,0,1,1,1,0,1,1,0,0,1,1,1,1,1,1,0,0,1,1,1,1,1,1,0,0,1,0,1,1,0,0,0,1,0,1,1,1,1,1,0,1,0,1,1,1,0,1,0,1,1,0,0,1,0,1,1,0,0,1,1,0,1,1,0,0,0,1,1,0,0,1,0,0,0,1,0,1,1,1,0,0,1,1,0,1,1,0,1,0,0,1,1,0,1,1,0,1,0,0,1,0,0,0,0,1,0,1,1,1,1,0,1,1,0,0,0,0,1,0,0,1,0,1,0,0,0,1,1,1,1,0,0,0,0,0,0,0,1,0,1,0,0,1,0,0,0,0,1,0,0,1,0
1,1,0,1,0,1,1,0,0,0,1,0,1,1,0,0,0,0,0,0,0,0,0,0,0,1,1,0,0,0,1,0,0,0,0,0,1,0,1,0,0,1,0,0,1,1,0,1,0,1,1,1,0,1,1,0,1,0,0,1,1,1,1,0,0,1,0,1,0,0,1,1,1,0,1,1,0,0,0,1,0,1,1,1,0,1,1,1,1,1,0,1,0,0,1,0,1,0,0,1,0,1,0,1,1,0,1,0,0,1,1,1,0,0,0,1,1,0,1,0,0,1,0,0,0,0,0,0,0,0,1,1,0,0,0,1,0,0,1,0,0,0,0,1,0,0,0,1,0,0,0,0,0,0,0,0,0,0,0,0,1,0,0,1,0,0,0,0,0,0,0,0,1,0,0,0,1,1,0,0,1,0,0,0,0,0,0,0,0,0,0,0,0,0,0,1,1,0,0,0,0,0,0,0,0,0,1,0,0,0,0,1,0,0,0,0,0,0,0,1,0
0,1,0,1,1,1,1,0,1,0,1,0,1,1,0,1,1,1,0,1,1,1,0,1,0,1,1,1,1,1,1,1,0,1,0,0,0,1,1,0,0,1,0,1,0,1,0,1,0,1,1,1,1,1,1,0,0,0,0,0,0,1,1,1,1,1,0,0,0,0,1,1,0,0,1,1,1,1,0,1,1,1,1,1,1,1,0,1,1,1,0,1,1,1,1,1,1,0,0,1,0,1,1,1,1,0,1,1,0,1,1,1,0,0,0,1,1,0,1,0,1,1,1,0,0,0,1,0,0,0,1,0,0,1,0,1,0,0,1,0,1,0,0,1,1,0,0,1,1,0,0,0,0,0,0,1,0,0,0,0,1,0,0,1,1,0,0,0,0,0,1,1,1,0,1,0,1,1,0,0,1,0,0,0,0,1,0,0,0,0,0,0,0,0,0,0,0,0,0,0,0,0,0,0,0,0,0,0,0,0,0,0,0,0,0,0,0,0,0,0,0
0,1,0,1,1,1,0,0,0,0,1,0,1,1,1,1,1,1,1,0,0,1,0,0,0,1,1,1,1,1,1,0,0,1,0,0,0,1,1,0,0,1,0,1,1,1,0,1,0,1,1,1,1,1,1,1,0,0,0,1,1,1,1,1,1,1,0,1,0,0,1,1,1,0,1,1,1,1,0,1,1,1,1,1,1,1,0,1,1,1,0,1,1,1,1,1,1,0,0,1,0,1,1,1,1,0,1,1,0,1,1,1,0,0,0,1,1,0,1,0,1,1,1,0,0,0,1,0,0,0,1,1,1,0,0,1,0,0,1,0,1,1,0,1,1,0,0,1,1,0,0,0,0,0,0,1,0,1,0,0,1,0,0,1,1,0,0,0,0,0,1,1,0,0,1,0,1,1,0,0,1,0,0,1,1,1,0,0,1,0,0,0,1,0,0,1,1,0,0,0,0,0,0,1,0,0,1,0,0,1,0,0,0,1,0,1,0,1,0,0,0
1,1,1,1,1,1,1,0,0,1,0,0,0,0,0,1,1,1,1,1,1,1,1,1,1,1,1,1,1,1,1,0,1,1,0,0,0,0,1,1,1,1,0,1,1,1,1,1,0,0,0,0,0,1,1,0,0,0,0,1,1,1,0,1,1,1,0,1,0,0,1,1,1,1,0,1,0,0,0,1,1,0,0,1,0,0,0,1,1,1,0,1,0,0,0,1,1,0,1,1,1,1,0,0,1,1,1,1,1,1,1,1,0,0,0,1,1,0,1,1,1,1,0,0,0,0,1,0,0,0,1,1,1,1,0,1,0,1,0,0,0,0,1,1,0,0,0,1,1,0,0,0,0,0,0,0,0,1,0,0,1,0,0,1,0,0,0,0,0,0,1,0,0,0,0,0,1,1,0,0,1,0,0,1,0,0,0,0,0,0,0,0,0,0,0,1,1,0,0,0,0,0,0,0,0,0,1,0,0,0,0,1,0,0,0,0,0,0,0,1,0
1,1,1,1,1,1,1,0,0,0,0,0,0,0,0,1,1,1,1,1,1,1,1,1,1,1,1,1,1,1,1,0,0,1,0,0,0,0,1,1,0,1,0,1,1,1,0,1,0,0,0,0,0,1,1,0,0,0,0,1,1,1,0,1,1,1,0,1,0,0,1,1,1,1,0,1,0,0,0,1,1,0,0,1,0,0,0,1,1,1,0,1,0,0,0,1,1,0,0,1,0,1,0,0,1,1,1,1,1,1,1,1,0,0,0,1,1,0,1,0,1,1,0,0,0,0,1,0,0,0,1,1,1,1,0,1,0,0,0,0,0,0,0,1,0,0,0,1,1,0,0,0,0,0,0,0,0,1,0,0,1,0,0,1,0,0,0,0,0,0,1,0,0,0,0,0,1,1,0,0,1,0,0,1,0,0,0,0,0,0,0,0,0,0,0,1,1,0,0,0,0,0,0,0,0,0,1,0,0,0,0,1,0,0,0,0,0,0,0,1,0
0,1,0,1,0,1,1,0,0,0,1,0,1,1,0,1,1,1,0,1,1,1,0,0,0,1,1,0,0,0,1,0,0,1,0,0,1,1,1,0,0,1,1,1,1,1,0,1,1,0,0,1,0,1,1,0,1,0,0,1,1,1,1,1,1,1,0,1,1,0,1,1,1,0,0,1,0,0,1,1,1,0,0,1,0,0,1,1,1,1,1,1,0,0,0,0,1,1,0,1,0,1,0,0,1,0,1,1,0,1,1,1,0,0,0,1,1,0,1,0,1,1,0,0,0,0,1,1,0,0,1,1,1,0,0,1,0,0,0,1,0,0,0,1,0,0,0,1,1,0,0,0,0,0,0,0,0,0,0,0,1,0,0,1,0,1,0,0,0,0,1,0,0,0,0,0,1,1,0,0,1,1,0,0,1,0,1,0,1,1,0,1,1,0,1,1,1,1,0,0,0,1,1,1,0,0,1,0,0,0,0,1,0,0,0,0,0,0,0,1,0
0,1,0,0,0,1,1,1,0,0,1,0,0,1,1,0,0,1,1,0,0,0,0,0,0,0,1,0,0,0,1,0,0,1,0,1,1,0,1,1,0,0,1,1,0,0,0,0,1,0,0,1,0,1,1,0,1,1,1,0,0,0,0,1,1,0,0,0,1,0,0,1,0,0,0,1,0,0,0,0,0,0,0,1,0,1,1,0,1,0,1,0,0,0,0,0,1,1,0,1,0,0,0,0,0,0,0,0,0,0,0,0,1,1,0,1,1,1,1,0,0,0,0,1,0,0,0,1,1,0,0,0,0,0,0,1,1,0,0,1,0,0,0,1,0,1,1,1,0,1,1,0,0,1,1,0,1,0,0,1,1,0,1,1,0,1,0,0,1,0,1,1,0,1,0,1,0,1,0,0,1,1,0,0,0,0,1,0,0,1,1,0,0,0,0,1,1,1,1,1,1,0,0,0,0,1,1,0,1,0,1,0,0,0,0,0,1,0,1,0,0
0,1,0,1,0,1,1,1,0,0,1,0,1,1,0,1,1,1,0,0,1,1,0,1,1,1,1,0,0,0,1,0,0,1,1,0,1,1,1,1,0,1,1,1,1,1,0,1,1,0,0,0,0,1,1,0,1,1,1,1,1,1,1,1,1,1,0,1,1,1,1,1,1,0,0,1,0,0,1,1,1,1,0,1,0,0,1,1,1,1,1,1,0,0,0,0,1,1,0,1,0,1,0,0,1,0,1,1,0,1,1,1,1,1,0,1,1,1,1,0,1,1,0,1,0,1,1,1,1,0,1,1,1,0,0,1,1,0,0,1,0,0,0,1,0,1,1,1,1,0,1,0,1,1,1,0,0,0,0,1,1,0,1,1,0,1,1,1,1,0,1,0,0,1,0,1,1,1,0,1,1,1,0,0,1,0,1,1,1,1,1,1,1,1,1,1,1,1,0,1,1,1,1,1,0,0,1,0,0,0,1,1,0,0,0,0,0,0,1,1,0
0,0,0,1,0,1,1,1,0,0,0,0,0,0,0,0,0,1,0,0,0,0,0,0,0,0,0,0,0,0,1,0,0,0,0,0,0,0,1,1,0,1,0,1,0,0,0,1,1,0,0,1,0,1,1,0,1,1,1,0,0,0,1,0,0,0,0,0,1,0,0,1,0,0,0,1,0,0,1,0,1,1,0,1,0,1,1,0,1,0,1,0,0,0,0,0,1,1,0,1,0,0,0,0,0,0,0,1,0,0,0,1,1,1,0,1,1,1,1,0,1,0,0,1,0,0,0,1,1,0,0,0,1,0,0,1,1,0,0,1,0,0,0,1,0,1,1,1,0,1,0,0,0,1,0,0,1,0,0,1,1,0,0,1,0,1,1,0,1,0,0,0,1,1,0,1,0,1,0,0,1,1,0,0,1,0,1,0,1,1,1,1,1,1,1,1,0,1,0,1,1,1,1,1,1,0,0,0,0,0,1,1,0,0,0,0,0,0,1,1,0
0,1,0,1,0,1,1,1,0,0,0,0,0,0,0,1,1,1,0,0,0,0,0,0,0,1,1,0,0,0,1,0,0,0,0,0,0,0,1,1,0,1,1,1,1,1,0,1,1,1,1,1,0,1,1,0,1,1,1,1,1,1,1,0,0,1,1,1,1,0,1,1,1,0,1,1,0,0,1,1,1,1,1,1,0,1,1,1,1,1,1,1,0,0,1,1,1,1,0,1,0,1,0,1,1,0,1,1,0,1,1,1,1,1,0,1,1,1,1,0,1,1,0,1,0,0,0,1,1,0,1,1,1,1,0,1,1,0,0,1,0,1,0,1,0,1,1,1,0,1,1,0,0,1,0,0,1,1,0,1,1,0,0,1,0,1,1,0,1,0,0,0,1,1,0,1,1,1,0,0,1,1,0,1,1,0,1,0,1,1,1,1,1,1,1,1,1,1,0,1,1,1,1,1,1,0,0,0,0,0,1,1,0,0,0,0,0,0,1,1,0
0,0,0,1,0,1,1,1,0,0,0,0,0,0,0,1,1,1,0,0,0,0,0,0,0,1,1,0,0,0,1,0,0,0,0,0,0,0,1,1,0,1,0,1,1,1,0,1,1,1,1,1,0,1,1,0,1,1,1,1,1,1,1,0,0,1,1,1,1,0,1,1,1,0,1,1,0,0,1,1,1,1,1,1,0,1,1,1,1,1,1,1,0,0,1,1,1,1,0,1,0,1,0,1,1,0,1,1,0,1,1,1,1,1,0,1,1,1,1,0,1,1,0,1,0,0,0,1,1,0,1,1,1,1,0,1,1,0,0,1,0,1,0,1,0,1,1,1,0,1,0,0,0,1,0,0,1,1,0,1,1,0,0,1,0,1,1,0,1,0,0,0,1,1,0,1,1,1,0,0,1,1,0,1,1,0,1,0,1,1,1,1,1,1,1,1,1,1,0,1,1,1,1,1,1,0,0,0,0,0,1,1,0,0,0,0,0,0,1,1,0
1,1,0,1,1,1,1,1,1,0,1,0,1,1,0,1,1,1,1,0,0,1,0,0,0,1,1,0,1,0,1,1,0,1,0,0,0,0,1,1,0,1,1,1,1,1,0,1,1,1,1,1,0,1,1,0,1,1,1,1,1,1,1,1,1,1,1,1,1,0,1,1,1,1,1,1,0,1,0,1,1,1,1,1,0,1,1,1,1,1,1,1,0,0,1,1,1,1,0,1,0,1,0,1,1,1,1,1,0,1,1,1,1,1,0,1,1,1,1,0,1,1,0,1,1,1,0,1,1,0,1,1,1,1,0,1,1,0,1,1,0,1,0,1,0,1,1,1,0,1,1,1,0,1,0,0,1,1,0,1,1,0,0,1,0,1,1,0,1,0,1,1,1,1,0,1,1,1,1,1,1,1,0,1,1,0,1,0,1,1,0,1,1,1,1,1,1,1,0,0,0,1,1,1,1,0,0,0,0,0,1,1,0,0,0,0,0,0,1,1,0
0,1,0,0,0,1,1,1,0,0,0,0,0,0,0,1,1,1,1,0,1,1,0,1,0,1,1,0,1,0,1,0,0,0,1,0,0,0,0,1,0,1,0,1,0,0,0,1,0,0,0,0,0,0,0,0,1,1,1,0,0,0,1,0,0,0,0,0,1,1,0,1,0,1,0,0,0,0,0,0,1,0,0,0,0,1,1,0,0,0,1,0,0,0,0,1,0,1,0,0,0,0,0,0,0,0,0,1,0,0,0,1,1,1,0,0,0,1,0,0,1,0,0,1,0,0,0,1,1,1,0,0,1,0,1,0,1,0,0,1,0,1,0,0,0,1,1,0,0,1,1,0,1,1,1,0,1,1,1,1,0,0,1,0,0,1,0,1,1,1,0,1,1,1,0,1,1,0,0,0,0,1,1,1,1,0,1,0,1,1,1,0,1,1,0,1,1,1,0,1,1,0,0,1,1,0,0,1,0,0,1,0,0,0,1,0,0,0,1,0,0
0,1,0,1,0,1,1,1,0,0,0,0,0,0,0,0,0,0,0,0,0,0,0,0,0,0,0,0,0,0,1,0,0,1,1,0,0,0,1,1,0,1,1,1,0,0,0,1,1,0,0,1,0,0,0,0,1,1,1,0,0,0,1,1,1,0,0,0,1,1,0,1,0,0,0,0,0,0,0,0,0,0,0,0,0,1,1,0,0,0,1,0,0,0,0,0,0,1,0,0,0,0,0,0,0,1,0,0,0,0,0,1,1,1,0,0,0,1,0,0,0,0,0,1,1,0,0,1,1,1,0,0,0,0,0,0,1,0,0,1,0,0,0,0,0,1,1,1,0,1,0,0,1,1,0,0,1,0,0,1,0,0,0,0,0,1,0,1,1,0,1,0,1,1,0,1,1,0,1,0,0,1,1,0,0,0,1,0,0,1,1,1,0,0,0,1,0,1,1,1,1,1,0,0,0,0,0,0,1,0,0,0,0,0,0,0,1,0,0,0,0
1,1,0,1,0,1,1,0,0,0,1,0,1,1,0,0,0,1,1,0,0,1,1,0,0,0,0,0,0,0,1,0,0,1,0,0,1,1,1,1,0,1,0,1,0,0,0,1,0,0,0,1,0,0,0,0,1,1,1,0,0,0,1,1,1,0,0,0,1,0,0,1,0,0,0,0,0,0,0,0,0,0,0,0,0,1,1,0,0,0,1,0,0,0,0,0,0,1,0,0,0,0,0,0,0,1,0,0,0,0,0,1,1,1,0,0,0,1,0,0,0,0,0,1,0,0,0,1,1,0,0,0,0,0,0,0,1,0,0,1,0,0,0,0,0,1,1,1,0,1,0,0,0,1,0,0,1,0,0,1,0,0,0,0,0,1,0,0,1,0,0,0,1,1,0,1,1,0,0,0,0,1,0,0,0,0,1,0,0,1,0,1,0,0,0,1,1,1,1,0,0,1,1,0,0,0,1,0,1,1,1,0,0,0,0,1,1,1,1,1,0
1,1,0,1,0,1,1,1,0,1,0,0,0,0,0,1,1,1,1,0,0,1,0,0,0,0,1,0,0,0,1,0,1,1,0,0,1,0,1,1,1,1,0,1,0,0,1,1,1,0,0,1,0,1,1,0,1,1,1,0,0,0,1,0,1,0,0,0,1,0,0,1,0,1,0,1,0,0,0,0,1,0,0,1,0,1,1,0,1,0,1,0,0,0,0,1,0,1,1,1,1,0,0,0,0,0,0,1,0,0,0,1,1,1,0,1,1,1,1,1,1,0,0,1,0,0,0,1,1,0,0,0,1,0,1,0,1,1,0,1,0,1,1,1,0,1,1,1,0,1,0,0,0,1,0,0,1,1,1,1,1,0,0,1,0,1,1,0,1,1,1,1,1,1,0,1,1,0,0,0,1,1,0,1,1,0,1,1,1,1,0,1,1,0,1,1,1,1,1,0,0,0,1,1,0,0,0,0,1,0,1,0,0,0,0,0,1,0,1,0,0
1,1,1,1,0,1,1,1,0,0,1,0,0,1,0,0,0,1,1,0,0,1,1,0,0,0,1,0,1,0,1,0,0,1,0,0,0,0,0,1,0,1,1,1,0,0,0,1,1,0,0,1,0,0,0,0,1,1,1,0,0,0,1,1,1,0,0,0,1,0,0,1,0,1,0,0,0,0,0,0,1,0,0,0,0,1,1,0,1,0,1,0,0,0,0,1,0,1,0,0,0,0,0,0,0,1,0,1,0,0,0,1,1,1,1,0,0,1,1,0,1,0,0,1,0,1,0,1,1,1,0,0,1,0,1,0,1,0,0,1,0,1,0,0,0,1,1,1,0,1,1,0,0,1,1,0,1,1,1,1,1,1,1,1,0,1,0,1,1,1,0,0,1,1,0,1,1,0,0,1,0,1,0,1,1,0,1,1,1,1,1,0,1,1,0,1,0,1,1,1,1,0,0,1,1,0,0,1,1,0,1,0,1,0,1,0,1,0,1,0,1
1,1,1,1,0,1,1,1,0,0,0,0,0,0,0,0,0,1,1,0,0,1,1,0,0,0,1,0,1,0,1,0,0,1,1,0,0,0,0,1,0,1,1,1,0,0,0,1,1,0,0,1,0,0,0,0,1,1,1,0,0,0,1,1,1,0,0,0,1,1,0,1,0,1,0,0,0,0,0,0,1,0,0,0,0,1,1,0,1,0,1,0,0,0,0,1,0,1,0,0,0,0,0,0,0,1,0,1,0,0,0,1,1,1,1,0,0,1,1,0,1,0,0,1,0,1,0,1,1,1,0,0,1,0,1,0,1,0,0,1,0,1,0,0,0,1,1,1,0,1,1,0,1,1,1,0,1,1,1,1,1,1,1,1,0,1,0,1,1,1,0,0,1,1,0,1,1,0,0,1,0,1,1,1,1,0,1,1,1,1,1,0,1,1,0,1,0,1,1,1,1,0,0,1,1,0,0,1,1,0,1,0,1,0,1,0,1,0,1,0,1
1,1,1,1,0,1,1,1,0,0,0,0,0,0,0,0,1,1,1,0,0,1,1,1,0,1,1,0,1,1,1,0,0,1,0,0,0,0,0,1,0,1,1,1,0,0,0,1,1,0,0,1,0,0,0,0,1,1,1,0,0,0,1,1,1,0,0,0,1,0,0,1,0,1,0,0,0,0,0,0,1,0,0,0,0,1,1,0,1,0,1,0,0,0,0,1,0,1,0,0,0,0,0,0,0,1,0,1,0,0,0,1,1,1,0,0,0,1,1,0,1,0,0,1,0,0,0,1,1,0,0,0,1,0,1,0,1,0,0,1,0,1,0,0,0,1,1,1,0,1,1,0,0,1,1,0,1,1,1,1,1,0,1,1,0,1,0,0,1,1,0,0,1,1,0,1,1,0,0,0,0,1,0,1,1,0,1,1,1,1,1,0,1,1,0,1,1,1,1,1,1,0,0,1,1,0,0,1,1,0,1,0,0,0,1,0,1,0,1,0,0
1,1,1,1,0,1,1,1,0,0,0,0,0,0,0,0,1,1,1,0,0,1,1,1,0,1,1,0,1,1,1,0,0,1,0,0,0,0,0,1,0,1,1,1,0,0,0,1,1,0,0,1,0,0,0,0,1,1,1,0,0,0,1,1,1,0,0,0,1,0,0,1,0,1,0,0,0,0,0,0,1,0,0,0,0,1,1,0,1,0,1,0,0,0,0,1,0,1,0,0,0,0,0,0,0,1,0,1,0,0,0,1,1,1,0,0,0,1,1,0,1,0,0,1,0,0,0,1,1,0,0,0,1,0,1,0,1,0,0,1,0,1,0,0,0,1,1,1,0,1,1,0,0,1,1,0,1,1,1,1,1,0,1,1,0,1,0,0,1,1,0,0,1,1,0,1,1,0,0,0,0,1,0,1,1,0,1,1,1,1,0,0,1,0,0,1,1,1,1,0,0,0,0,1,0,0,0,0,1,0,1,0,0,0,0,0,1,0,1,0,0
0,1,0,1,0,1,1,1,0,0,1,0,1,1,1,0,0,1,1,0,0,0,0,0,0,0,1,0,0,0,1,0,0,1,1,0,0,0,1,1,0,1,0,1,0,0,0,1,0,0,0,1,1,1,1,0,1,1,1,0,0,0,1,1,1,0,0,0,1,1,0,1,0,0,0,1,0,1,0,0,1,0,0,1,0,1,1,0,1,0,1,0,0,0,0,0,1,1,0,1,0,0,0,0,0,1,0,0,0,0,0,1,1,1,0,1,1,1,1,0,0,0,1,1,1,0,0,1,1,0,0,0,0,0,0,1,1,0,0,1,0,0,0,1,0,1,1,1,0,1,0,0,1,1,0,0,1,0,0,1,1,0,0,1,1,1,1,0,1,0,1,1,1,1,1,1,1,1,1,0,1,1,1,0,0,1,1,1,0,1,0,1,0,0,0,1,1,1,1,0,0,1,0,0,0,0,1,0,1,0,0,1,0,0,0,0,1,0,0,1,0
0,1,0,1,0,1,1,1,0,0,1,0,1,1,1,0,0,1,1,0,0,0,0,0,0,0,1,0,0,0,1,0,0,1,1,0,0,0,1,1,0,1,0,1,0,0,0,1,1,0,0,1,1,1,1,0,1,1,1,0,0,0,1,1,1,0,0,0,1,1,0,1,0,0,0,1,0,1,0,0,1,0,0,1,0,1,1,0,1,0,1,0,0,0,0,0,1,1,0,1,0,0,0,0,0,1,0,0,0,0,0,1,1,1,0,1,1,1,1,0,0,0,1,1,1,0,0,1,1,0,0,0,0,0,0,1,1,0,0,1,0,0,0,1,0,1,1,1,0,1,0,0,1,1,0,0,1,0,0,1,1,0,0,1,1,1,1,0,1,0,1,1,1,1,1,1,1,1,1,0,1,1,1,0,0,1,1,1,0,1,0,1,0,0,0,1,1,1,1,0,0,1,0,0,0,0,1,0,1,0,0,1,0,0,0,0,1,0,0,1,0
1,1,1,1,0,1,1,1,0,0,0,0,0,0,0,0,1,1,1,0,0,1,1,1,0,1,1,0,1,1,1,0,0,1,0,0,0,0,0,1,0,1,1,1,0,0,0,1,1,0,0,1,0,0,0,0,1,1,1,0,0,0,1,1,1,0,0,0,1,0,0,1,0,1,0,0,0,0,1,0,1,0,0,0,0,1,1,0,1,0,1,0,0,0,0,1,0,1,0,0,0,0,0,0,0,1,0,1,0,0,0,1,1,1,0,0,0,1,1,0,1,0,0,1,0,0,0,1,1,0,0,0,1,0,0,0,1,0,0,1,0,1,0,0,0,1,1,1,0,1,1,0,0,1,1,0,1,1,0,1,1,0,1,1,0,1,0,0,1,0,0,0,1,1,0,1,1,0,0,0,0,1,0,1,1,0,1,1,1,1,0,0,1,1,0,1,1,1,1,0,0,0,0,1,1,0,1,1,1,0,1,0,0,0,1,0,1,0,1,0,0
0,0,0,1,0,1,1,0,0,0,1,1,0,0,0,0,0,0,0,0,0,0,0,0,0,0,0,0,0,0,1,0,0,1,0,0,0,1,1,1,0,1,0,1,0,0,0,1,0,0,0,1,0,0,0,0,1,1,1,0,0,0,1,1,1,0,0,0,1,0,0,1,0,0,0,0,0,0,0,0,0,0,0,0,0,1,1,0,1,0,1,0,0,0,0,0,0,1,0,0,0,0,0,0,0,1,0,0,0,0,0,1,1,1,0,0,0,1,1,0,0,0,0,1,0,0,0,1,1,0,0,0,0,0,0,0,1,0,0,1,0,0,0,0,0,1,1,1,0,1,0,0,0,1,0,0,1,0,0,1,1,0,0,1,0,1,0,0,1,0,1,0,1,1,0,1,1,0,0,0,0,1,0,0,0,0,1,1,0,1,0,1,0,0,0,1,0,1,1,0,0,1,1,0,0,0,1,0,1,1,1,0,0,0,0,0,1,1,1,0,0
0,1,0,1,0,1,1,0,0,0,1,1,0,0,0,0,0,0,0,0,0,0,0,0,0,0,0,0,0,0,1,0,0,1,0,0,0,1,1,1,0,1,0,1,0,0,0,1,0,0,0,1,0,0,0,0,1,1,1,0,0,0,1,1,1,0,0,0,1,0,0,1,0,0,0,0,0,0,0,0,0,0,0,0,0,1,1,0,1,0,1,0,0,0,0,0,0,1,0,0,0,0,0,0,0,1,0,0,0,0,0,1,1,1,0,0,0,1,1,0,0,0,0,1,0,0,0,1,1,0,0,0,0,0,0,0,1,0,0,1,0,0,0,0,0,1,1,1,0,1,0,0,0,1,0,0,1,0,0,1,1,0,0,1,0,1,0,0,1,0,1,1,1,1,0,1,1,0,0,0,0,1,0,0,0,0,1,1,0,1,0,0,0,0,0,1,0,1,1,0,0,0,0,0,0,0,1,1,1,1,0,0,0,0,1,0,1,1,0,0,0
0,1,0,1,0,1,1,0,0,0,1,1,0,0,0,0,0,0,0,0,0,0,0,0,0,0,0,0,0,0,1,0,0,0,0,0,0,1,1,1,0,1,0,1,0,0,0,1,0,0,0,1,0,0,0,0,1,1,1,0,0,0,1,0,0,0,0,0,1,0,0,1,0,0,0,0,0,0,0,0,0,0,0,0,0,1,1,0,1,0,1,0,0,0,0,0,0,1,0,0,0,0,0,0,0,0,0,0,0,0,0,1,1,1,0,0,0,1,1,0,0,0,0,1,0,0,0,1,1,0,0,0,0,0,0,0,1,0,0,1,0,0,0,0,0,1,1,1,0,1,0,0,0,1,0,0,1,0,0,1,1,0,0,1,0,1,0,0,1,0,0,1,1,1,0,1,1,0,0,0,0,1,0,0,0,0,1,1,0,1,0,1,0,0,0,1,0,1,1,0,0,1,1,0,0,0,1,0,1,1,1,0,0,0,0,0,1,1,1,0,0
0,1,0,1,0,1,1,0,0,0,1,1,0,0,0,0,0,0,0,0,0,0,0,0,0,0,0,0,0,0,1,0,0,1,0,0,0,1,1,1,0,1,0,1,0,0,0,1,0,0,0,1,0,0,0,0,1,1,1,0,0,0,1,1,1,0,0,0,1,0,0,1,0,0,0,0,0,0,0,0,0,0,0,0,0,1,1,0,1,0,1,0,0,0,0,0,0,1,0,0,0,0,0,0,0,1,0,0,0,0,0,1,1,1,0,0,0,1,1,0,0,0,0,1,0,0,0,1,1,0,0,0,0,0,0,0,1,0,0,1,0,0,0,0,0,1,1,1,0,1,0,0,0,1,0,0,1,0,0,1,1,0,0,1,0,1,0,0,1,0,1,1,1,1,0,1,1,0,0,0,0,1,0,0,0,0,1,1,0,1,0,1,0,0,0,1,0,1,1,0,0,1,1,0,0,0,1,0,1,1,1,0,0,0,0,0,1,1,1,0,0
0,1,0,0,0,1,1,0,1,0,0,0,0,0,0,1,1,1,0,0,1,1,0,0,0,0,0,0,0,0,1,1,0,0,0,0,0,0,0,1,0,1,1,1,0,0,0,1,1,0,0,0,0,0,0,0,0,1,1,0,0,0,1,0,0,0,0,0,1,0,0,1,0,1,0,0,0,0,0,0,1,0,0,0,0,0,0,0,0,0,1,0,0,0,0,1,0,1,0,0,0,0,0,0,0,0,0,1,0,0,0,1,1,1,0,0,0,1,0,0,1,0,0,1,0,0,0,1,1,1,0,0,1,0,1,0,1,0,0,1,0,1,0,0,0,1,1,0,0,0,1,0,0,1,1,0,0,1,1,1,0,0,1,0,0,1,0,1,1,1,0,0,0,1,0,1,1,0,0,0,0,1,0,1,1,0,1,0,1,1,1,0,1,1,0,1,0,1,0,1,1,0,0,1,1,0,0,1,0,0,1,0,0,0,1,0,0,0,1,0,0
0,1,0,1,0,1,1,0,0,0,1,1,0,0,0,0,0,0,0,0,0,0,0,0,0,0,0,0,0,0,1,0,0,0,0,0,0,1,1,1,0,1,0,1,0,0,0,1,0,0,0,1,0,0,0,0,1,1,1,0,0,0,1,0,0,0,0,0,1,0,0,1,0,0,0,0,0,0,0,0,0,0,0,0,0,1,1,0,1,0,1,0,0,0,0,0,0,1,0,0,0,0,0,0,0,0,0,0,0,0,0,1,1,1,0,0,0,1,1,0,0,0,0,1,0,0,0,1,1,0,0,0,0,0,0,0,1,0,0,1,0,0,0,0,0,1,1,1,0,1,0,0,0,1,0,0,1,0,0,1,1,0,0,1,0,1,1,0,1,0,0,0,1,1,0,1,1,0,0,0,0,1,0,0,0,0,1,0,0,1,0,0,0,0,0,1,0,1,1,0,0,0,0,0,0,0,1,0,1,1,1,0,0,0,0,0,1,1,1,0,0
0,1,0,1,0,1,1,1,0,0,1,1,0,0,0,0,1,1,1,0,0,1,0,0,0,1,1,0,1,0,1,0,0,1,0,0,0,1,1,1,0,1,1,1,0,0,0,1,1,0,0,1,0,0,0,0,1,1,1,0,0,0,1,1,1,0,0,0,1,0,0,1,0,1,0,0,0,0,1,0,1,0,0,0,0,1,1,0,1,0,1,0,0,0,0,1,0,1,0,0,0,0,0,0,0,1,0,1,0,0,0,1,1,1,0,0,0,1,1,0,1,0,0,1,0,0,0,1,1,1,0,0,1,0,1,0,1,0,0,1,0,1,0,0,0,1,1,1,0,1,1,0,0,1,1,0,1,1,1,1,1,0,1,1,0,1,1,1,1,1,1,1,1,1,0,1,1,0,0,0,0,1,0,1,1,0,1,1,1,1,1,0,1,1,0,1,0,1,1,1,1,0,0,1,1,0,0,1,1,0,1,0,0,0,1,0,1,0,1,0,0
1,1,0,1,0,1,1,1,0,0,0,0,0,0,0,0,1,1,1,0,0,1,1,1,0,1,1,0,1,0,1,0,0,1,0,0,0,1,1,1,0,1,1,1,0,0,0,1,1,0,0,1,0,0,0,0,1,1,1,0,0,0,1,1,1,0,0,0,1,0,0,1,0,1,0,0,0,0,1,0,1,0,0,0,0,1,1,0,1,0,1,0,0,0,0,1,0,1,0,0,0,0,0,0,0,1,0,1,0,0,0,1,1,1,0,0,0,1,1,0,1,0,0,1,0,0,0,1,1,1,0,0,1,0,1,0,1,0,0,1,0,1,0,0,0,1,1,1,0,1,1,0,0,1,1,0,1,1,1,1,1,0,1,1,0,1,1,1,1,1,1,1,1,1,0,1,1,0,0,0,0,1,0,1,1,0,1,1,1,1,1,0,1,1,0,1,0,1,1,1,1,0,0,1,1,0,0,1,1,0,1,0,0,0,1,0,1,0,1,0,0
0,1,0,0,0,1,1,0,1,1,0,0,0,0,0,1,1,1,0,0,1,1,0,0,0,1,1,0,0,0,1,1,1,0,0,0,0,1,1,1,1,1,1,1,0,0,0,1,1,0,0,1,0,0,0,0,1,1,1,0,0,0,1,0,0,0,0,0,1,0,0,1,0,1,0,0,0,0,1,0,1,0,0,0,0,0,1,0,0,0,1,0,0,0,0,1,0,1,1,0,0,0,0,0,0,0,0,1,0,0,0,1,1,1,0,0,0,1,0,1,1,0,0,1,0,0,0,1,1,1,0,0,1,0,1,0,1,1,0,1,0,1,1,0,0,1,1,0,0,0,1,0,0,1,1,0,1,1,1,1,0,0,1,0,0,1,0,1,1,1,0,0,0,1,0,1,1,0,0,0,0,1,0,1,1,0,1,0,1,1,1,0,1,1,0,1,1,1,1,1,1,0,0,1,1,0,1,1,0,0,1,0,0,0,1,0,0,0,1,0,0
0,1,0,0,0,1,1,0,1,1,0,0,0,0,0,1,1,1,0,0,1,1,0,0,0,1,1,0,0,0,1,1,1,0,0,0,0,1,1,1,1,1,1,1,0,0,0,1,1,0,0,1,0,0,0,0,1,1,1,0,0,0,1,0,0,0,0,0,1,0,0,1,0,1,0,0,0,0,1,0,1,0,0,0,0,0,1,0,0,0,1,0,0,0,0,1,0,1,1,0,0,0,0,0,0,0,0,1,0,0,0,1,1,1,0,0,0,1,0,1,1,0,0,1,0,0,0,1,1,1,0,0,1,0,1,0,1,1,0,1,0,1,1,0,0,1,1,0,0,0,1,0,0,1,1,0,1,1,1,1,0,0,1,0,0,1,0,1,1,1,0,0,0,1,0,1,1,0,0,0,0,1,0,1,1,0,1,0,1,1,1,0,1,1,0,1,1,1,1,1,1,0,0,1,1,0,1,1,0,0,1,0,0,0,1,0,0,0,1,0,0
0,1,0,1,0,1,1,1,1,0,0,0,0,0,0,0,0,1,1,0,0,1,1,0,0,0,1,0,0,0,1,0,0,1,0,0,0,1,1,1,0,1,1,1,0,0,0,1,1,0,0,1,0,0,0,0,1,1,1,0,0,0,0,0,1,0,0,0,1,0,0,1,0,0,0,0,0,0,0,0,0,0,0,0,0,1,1,0,1,0,1,0,0,0,0,0,0,1,0,0,0,0,0,0,0,1,0,0,0,0,0,0,1,1,0,0,0,1,1,0,0,0,0,1,0,0,0,1,1,0,0,0,0,0,0,0,1,0,0,1,0,0,0,0,0,1,1,1,0,1,0,0,0,1,0,0,0,0,0,1,0,0,0,1,0,1,0,0,1,0,1,0,0,1,0,1,0,0,0,0,0,1,0,0,0,0,1,1,0,1,0,0,0,0,0,1,0,1,1,0,0,0,0,0,0,0,1,0,1,1,1,0,0,0,0,0,1,1,1,1,0
0,0,0,0,0,1,1,1,0,0,0,0,0,0,0,1,1,1,1,0,0,1,0,0,0,1,1,0,1,0,1,0,0,1,0,0,0,0,1,1,0,0,1,1,0,0,0,0,1,0,0,0,0,1,1,0,1,1,1,0,0,0,0,1,1,1,0,0,1,0,1,1,1,0,0,1,0,0,1,1,1,0,0,1,0,1,1,1,1,1,1,1,0,0,0,1,1,1,0,1,0,1,0,0,1,0,1,1,0,1,1,0,1,1,0,1,1,1,1,0,1,1,0,1,0,0,0,1,1,0,1,0,1,1,0,1,1,0,0,1,0,1,0,1,0,1,1,1,0,1,1,0,0,1,1,0,1,1,0,1,1,0,1,1,0,1,1,0,1,0,1,1,0,1,0,1,0,1,0,0,1,1,0,1,1,0,1,1,1,1,0,0,1,0,0,0,0,1,1,0,0,0,0,1,0,0,0,0,1,0,0,1,0,0,0,0,1,0,0,1,0
0,1,0,1,0,1,1,0,0,0,0,0,0,0,0,0,0,1,1,0,0,0,0,0,0,0,1,0,0,0,1,0,0,1,0,1,0,0,1,1,0,1,0,1,0,0,0,1,0,0,0,1,0,1,1,0,1,1,1,0,0,0,1,1,1,0,0,0,1,0,0,1,0,0,0,1,0,0,0,0,0,0,0,1,0,1,1,0,1,0,1,0,0,0,0,0,1,1,0,1,0,0,0,0,0,0,0,0,0,0,0,1,1,1,0,1,1,1,1,0,0,0,0,1,0,0,0,1,1,0,0,0,0,0,0,1,1,0,0,1,0,0,0,1,0,1,1,1,0,1,0,0,0,1,0,0,1,0,0,1,1,0,0,1,0,1,0,0,1,0,1,1,0,1,0,1,1,1,0,0,1,1,0,0,0,0,1,0,0,1,0,1,0,0,0,1,1,1,1,0,0,1,0,0,0,1,1,0,1,0,0,0,0,0,0,0,1,0,0,0,0
0,1,0,0,0,1,1,1,0,0,0,0,0,0,0,1,1,1,1,0,0,1,0,0,0,1,1,0,1,0,1,0,0,1,0,0,1,0,1,1,0,0,1,1,0,0,0,0,1,0,0,1,0,1,1,0,1,1,1,0,0,0,0,1,1,1,0,0,1,0,1,1,1,0,0,1,0,0,1,1,1,0,0,1,0,1,1,1,1,1,1,1,0,0,0,1,1,1,0,1,0,1,0,0,1,0,1,1,0,1,1,0,1,1,0,1,1,1,1,0,1,1,0,1,0,0,0,1,1,0,1,0,1,1,0,1,1,0,0,1,0,1,0,1,0,1,1,1,0,1,1,0,0,1,1,0,1,1,0,1,1,0,1,1,0,1,1,0,1,0,1,1,0,1,0,1,0,1,0,0,1,1,0,1,1,0,1,1,1,1,0,0,1,0,0,1,1,1,1,0,0,0,0,1,0,0,1,0,1,0,0,1,0,1,0,0,1,0,0,1,0
0,1,0,1,1,1,1,0,0,0,0,0,0,0,0,1,1,1,1,1,1,1,0,1,1,1,1,1,1,1,1,0,0,0,0,0,0,0,1,0,0,1,0,1,1,1,0,1,0,1,1,1,0,1,1,0,0,1,0,1,1,1,1,0,0,1,0,1,0,0,1,1,1,0,1,1,0,1,0,1,1,1,1,1,0,1,0,1,1,1,0,1,0,0,1,1,1,0,0,1,0,1,0,1,1,0,1,1,0,1,1,1,0,0,0,1,1,0,1,0,1,1,0,0,0,0,1,0,0,0,1,1,1,0,0,1,0,0,0,0,0,1,0,1,0,0,0,1,1,0,0,0,0,0,0,0,0,1,0,0,1,0,0,1,0,0,0,0,0,0,0,1,1,0,0,0,1,1,0,0,1,0,0,1,1,0,0,0,1,0,0,0,1,0,1,1,1,0,0,0,0,0,0,1,0,0,1,0,0,1,0,0,0,1,0,1,0,1,0,0,0
0,1,0,0,0,1,1,1,0,0,1,0,0,1,0,1,1,1,1,0,0,1,0,0,0,0,1,0,0,0,1,0,0,0,0,0,0,0,0,1,0,1,1,1,0,0,0,1,1,0,0,1,0,0,0,0,0,1,1,0,0,0,1,0,0,0,0,0,1,0,0,1,0,1,0,0,0,0,0,0,1,0,0,0,0,0,0,0,0,0,1,0,0,0,0,1,0,1,0,0,0,0,0,0,0,0,0,1,0,0,0,1,1,1,1,0,0,1,0,0,1,0,0,1,1,1,0,1,1,1,0,0,1,0,1,0,1,0,0,1,0,1,0,0,0,1,1,0,0,0,1,1,0,1,1,0,0,1,1,1,0,1,1,0,0,1,0,1,1,1,0,0,0,1,0,1,1,0,1,1,0,1,0,1,1,0,1,0,1,1,1,0,1,1,0,1,0,1,1,1,1,0,0,1,1,0,0,1,1,0,1,0,1,0,1,0,1,0,1,0,1
0,1,0,0,0,1,1,1,0,1,1,0,0,1,0,1,1,1,1,0,0,1,0,0,0,0,1,0,0,0,1,0,1,0,0,0,0,0,0,1,1,1,1,1,0,0,1,1,1,0,0,1,0,0,0,0,0,1,1,0,0,0,1,0,0,0,0,0,1,0,0,1,0,1,0,0,0,0,0,0,1,0,0,0,0,0,0,0,0,0,1,0,0,0,0,1,0,1,1,0,1,0,0,0,0,0,0,1,0,0,0,1,1,1,0,0,0,1,0,1,1,0,0,1,1,0,0,1,1,1,0,0,1,0,1,0,1,1,0,1,0,1,1,0,0,1,1,0,0,0,1,1,0,1,1,0,0,1,1,1,0,0,1,0,0,1,0,1,1,1,0,0,0,1,0,1,1,0,1,0,0,1,0,1,1,0,1,0,1,1,1,0,1,1,0,1,0,1,0,1,1,0,0,1,1,0,0,1,0,0,1,0,0,0,1,0,0,0,1,0,0
0,1,0,0,0,1,1,0,0,0,1,0,0,1,0,1,1,1,1,0,0,1,0,0,0,0,1,0,0,0,1,0,0,0,0,0,0,0,0,1,0,1,1,1,0,0,0,1,1,0,0,0,0,0,0,0,0,1,1,0,0,0,1,0,0,0,0,0,1,0,0,1,0,1,0,0,0,0,0,0,1,0,0,0,0,0,0,0,0,0,1,0,0,0,0,1,0,1,0,0,0,0,0,0,0,0,0,1,0,0,0,1,1,1,0,0,0,1,0,0,1,0,0,1,1,0,0,1,1,0,0,0,1,0,1,0,1,0,0,1,0,1,0,0,0,1,1,0,0,0,1,1,0,1,1,0,0,1,1,1,0,0,1,0,0,1,0,0,1,1,0,0,0,1,0,1,1,0,1,0,0,1,0,1,1,0,1,0,1,1,0,0,1,0,0,1,0,1,0,0,0,0,0,1,0,0,0,1,0,0,1,0,0,0,1,0,0,0,1,0,0
0,1,0,0,0,1,1,1,0,0,1,0,0,1,0,1,1,1,1,0,0,1,0,0,0,0,1,0,0,0,1,0,0,0,0,0,0,0,0,1,0,1,1,1,0,0,0,1,1,0,0,1,0,0,0,0,0,1,1,0,0,0,1,0,0,0,0,0,1,0,0,1,0,1,0,0,0,0,0,0,1,0,0,0,0,0,0,0,0,0,1,0,0,0,0,1,0,1,0,0,0,0,0,0,0,0,0,1,0,0,0,1,1,1,0,0,0,1,0,0,1,0,0,1,1,0,0,1,1,1,0,0,1,0,1,0,1,0,0,1,0,1,0,0,0,1,1,0,0,0,1,1,0,1,1,0,0,1,1,1,0,0,1,0,0,1,0,1,1,1,0,0,0,1,0,1,1,0,1,0,0,1,0,1,1,0,1,0,1,1,1,0,1,1,0,1,0,1,0,1,1,0,0,1,1,0,0,1,0,0,1,0,0,0,1,0,0,0,1,0,0
0,1,0,0,0,1,1,0,0,0,1,0,1,1,1,0,0,1,1,0,0,0,0,0,0,0,1,0,0,0,1,0,0,0,0,0,0,0,0,1,0,1,1,1,0,0,0,1,1,0,0,0,0,0,0,0,0,1,1,0,0,0,1,0,0,0,0,0,1,0,0,1,0,1,0,0,0,0,0,0,1,0,0,0,0,0,0,0,0,0,1,0,0,0,0,1,0,1,0,0,0,0,0,0,0,0,0,1,0,0,0,1,1,1,0,0,0,1,0,0,1,0,0,1,1,0,0,1,1,0,0,0,1,0,1,0,1,0,0,1,0,1,0,0,0,1,1,0,0,0,1,1,0,1,1,0,0,1,1,1,0,0,1,0,0,1,0,0,1,1,0,0,0,1,0,1,1,0,1,0,0,1,0,1,1,0,1,0,1,1,0,0,1,0,0,1,0,1,0,0,0,0,0,1,0,0,0,1,0,0,1,0,0,0,1,0,0,0,1,0,0
0,1,0,0,0,1,1,1,0,0,1,0,1,1,1,0,0,1,1,0,0,0,0,0,0,0,1,0,0,0,1,0,0,0,0,0,0,0,0,1,0,1,1,1,0,0,0,1,1,0,0,1,0,0,0,0,0,1,1,0,0,0,1,0,0,0,0,0,1,0,0,1,0,1,0,0,0,0,0,0,1,0,0,0,0,0,0,0,0,0,1,0,0,0,0,1,0,1,0,0,0,0,0,0,0,0,0,1,0,0,0,1,1,1,1,0,0,1,0,0,1,0,0,1,1,1,0,1,1,1,0,0,1,0,1,0,1,0,0,1,0,1,0,0,0,1,1,0,0,0,1,1,0,1,1,0,0,1,1,1,0,1,1,0,0,1,0,1,1,1,0,0,0,1,0,1,1,0,1,1,0,1,0,1,1,0,1,0,1,1,1,0,1,1,0,1,0,1,1,1,1,0,0,1,1,0,0,1,1,0,1,0,1,0,1,0,1,0,1,0,1
0,1,0,0,0,1,1,1,0,0,1,0,0,1,0,1,1,1,1,0,0,1,0,0,0,0,1,0,0,0,1,0,0,0,0,0,0,0,0,1,0,1,1,1,0,0,0,1,1,0,0,1,0,0,0,0,0,1,1,0,0,0,1,0,0,0,0,0,1,0,0,1,0,1,0,0,0,0,0,0,1,0,0,0,0,0,0,0,0,0,1,0,0,0,0,1,0,1,0,0,0,0,0,0,0,0,0,1,0,0,0,1,1,1,0,0,0,1,0,0,1,0,0,1,1,0,0,1,1,1,0,0,1,0,1,0,1,0,0,1,0,1,0,0,0,1,1,0,0,0,1,1,0,1,1,0,0,1,1,1,0,0,1,0,0,1,0,1,1,1,0,0,0,1,0,1,1,0,1,0,0,1,0,1,1,0,1,0,1,1,1,0,1,1,0,1,0,1,0,1,1,0,0,1,1,0,0,1,0,0,1,0,0,0,1,0,0,0,1,0,0
0,0,0,0,0,1,1,0,0,0,0,0,0,0,0,0,1,1,1,0,0,1,0,0,0,1,1,0,1,0,1,0,0,0,1,0,0,0,0,1,0,0,0,1,0,0,0,0,0,0,0,0,0,0,0,0,0,1,1,0,0,0,0,0,0,0,0,0,1,1,0,1,0,1,0,0,0,0,0,0,1,0,0,0,0,0,0,0,0,0,1,0,0,0,0,1,0,1,0,0,0,0,0,0,0,0,0,1,0,0,0,0,1,1,1,0,0,1,0,0,1,0,0,1,0,1,0,1,1,0,0,0,1,0,1,0,1,0,0,1,0,1,0,0,0,1,1,0,0,0,1,0,1,1,1,0,0,1,1,1,0,1,1,0,0,1,0,0,1,1,0,0,0,1,0,1,0,0,0,1,0,1,1,1,1,0,1,0,1,1,0,0,1,0,0,1,1,1,0,0,0,0,0,1,0,0,0,0,0,0,1,0,0,0,0,0,0,0,1,0,0
0,1,0,0,0,1,1,1,0,0,1,0,0,1,0,0,1,1,1,0,0,1,0,0,0,1,1,1,1,1,1,0,0,0,0,0,0,0,0,1,0,0,1,1,0,0,0,0,1,0,0,1,0,0,0,0,0,1,1,1,0,0,0,0,0,0,0,0,1,0,0,1,0,1,0,0,0,0,0,0,1,0,0,0,0,0,0,0,0,0,1,0,0,0,0,1,0,1,0,0,0,0,0,0,0,0,0,1,0,0,0,0,1,1,0,0,0,1,0,0,1,0,0,1,0,0,0,1,1,1,0,0,1,0,1,0,1,0,0,1,0,1,0,0,0,1,1,0,0,0,1,0,0,1,1,0,0,1,1,1,0,0,1,0,0,1,0,1,1,1,0,0,0,1,0,1,0,0,0,0,0,1,0,1,1,0,1,0,1,1,1,0,1,1,0,1,1,1,1,1,1,0,0,1,1,0,0,1,0,0,1,0,0,0,1,1,0,0,1,0,0
0,1,0,1,0,1,1,0,0,1,1,0,0,1,0,0,1,1,1,0,0,1,1,1,0,1,1,1,1,1,1,0,1,1,0,0,0,0,1,1,1,1,1,1,0,0,1,1,1,0,0,0,0,1,1,0,0,1,1,1,0,0,0,0,1,0,0,0,1,0,1,1,0,1,1,1,0,0,0,1,1,0,1,1,0,0,0,0,1,0,1,0,0,0,0,1,0,1,1,1,1,0,0,0,0,0,0,1,0,1,0,0,1,1,0,1,1,1,1,1,1,1,0,1,0,0,0,1,1,1,1,0,1,0,1,0,1,1,0,1,0,1,1,1,0,1,1,1,0,0,1,0,0,1,1,0,0,1,1,1,0,0,1,1,0,1,0,1,1,1,1,0,0,1,0,1,0,0,0,0,1,1,0,1,1,0,1,0,1,1,1,0,1,1,0,1,1,1,1,1,1,0,0,1,1,0,0,1,0,0,1,0,0,0,1,1,0,0,1,0,0
0,1,0,1,0,1,1,1,0,0,0,0,0,0,0,1,1,1,0,0,1,1,0,0,0,1,1,0,0,0,1,0,0,1,0,0,0,0,0,1,0,1,0,1,0,0,0,1,1,0,0,1,0,0,0,0,0,1,1,0,0,0,1,1,1,0,0,0,1,0,0,1,0,1,0,0,0,1,0,0,1,0,0,0,0,1,0,0,1,0,1,0,0,0,0,1,0,1,0,0,0,0,0,0,0,1,0,1,1,0,0,1,1,1,0,0,0,1,1,0,1,0,0,1,1,0,1,1,1,1,0,0,1,0,1,0,1,0,0,1,0,1,0,0,0,1,1,0,1,0,1,1,0,1,1,0,0,1,1,1,0,0,1,1,0,1,0,1,1,1,1,1,1,1,0,1,1,0,1,0,0,1,0,1,1,0,1,0,1,1,1,0,1,1,0,1,0,1,0,1,1,0,0,1,1,0,0,1,0,0,1,0,0,0,1,0,0,0,1,0,0
0,1,0,0,0,1,1,1,0,0,0,0,0,0,0,0,1,1,1,0,0,1,0,0,0,1,1,0,1,0,1,0,0,1,0,0,0,0,0,1,0,1,1,1,0,0,0,1,1,0,0,1,0,0,0,0,0,1,1,0,0,0,0,1,1,0,0,0,1,0,0,1,0,1,0,0,0,0,0,0,1,0,0,0,0,0,0,0,1,0,1,0,0,0,0,1,0,1,0,0,0,0,0,0,0,1,0,1,0,0,0,1,1,1,0,0,0,1,1,0,1,0,0,1,0,0,0,1,1,0,0,0,1,1,1,0,1,0,0,1,0,1,0,0,0,1,1,1,0,0,1,0,0,1,1,0,0,1,1,1,0,0,1,1,0,1,1,0,1,1,1,0,0,1,0,1,1,0,0,0,0,1,0,1,1,0,1,0,1,1,0,1,1,0,1,1,1,1,0,0,0,1,0,1,0,0,0,1,0,0,1,0,0,0,1,0,0,0,1,0,0
1,1,1,1,1,1,1,1,0,0,1,0,1,1,0,1,1,1,1,0,1,1,1,1,1,1,1,1,1,1,1,0,0,1,0,0,1,0,1,1,0,1,0,1,1,1,0,1,1,1,1,1,0,1,1,0,0,1,1,1,1,1,1,1,1,1,0,1,1,0,1,1,1,1,1,1,0,1,0,1,1,1,1,1,0,1,0,1,1,1,1,1,0,0,1,1,1,1,0,1,0,1,0,1,1,1,1,1,1,1,1,1,1,1,0,1,1,1,1,0,1,1,0,1,1,0,1,1,1,0,1,1,1,0,1,1,1,0,0,1,0,1,0,1,0,1,1,1,1,0,1,1,0,1,1,0,0,1,1,1,1,0,1,1,0,1,0,0,1,1,1,1,1,1,0,1,1,1,1,0,1,1,0,1,1,0,1,1,1,1,0,1,1,0,0,1,1,1,1,0,0,1,0,1,0,0,1,0,1,0,1,1,0,0,0,0,1,0,1,1,0
1,1,1,1,0,1,1,0,0,0,1,1,0,0,0,1,1,1,1,0,0,1,1,1,0,0,1,0,1,0,1,0,0,1,0,0,1,0,1,1,0,1,0,1,0,0,0,1,1,0,0,1,0,0,0,0,0,1,1,0,0,0,1,0,1,0,0,0,1,0,1,1,1,0,0,0,0,1,0,1,1,0,0,0,0,1,0,0,1,0,1,0,0,0,0,0,0,1,0,0,0,0,0,0,0,0,0,1,0,1,1,1,1,1,1,0,0,1,1,0,0,1,0,1,0,1,0,1,1,0,1,0,1,0,0,0,1,0,0,1,0,1,0,0,0,1,1,1,0,0,0,0,0,1,0,0,0,0,0,1,1,1,0,1,0,1,0,0,1,0,1,0,0,1,0,1,1,0,0,1,0,1,0,0,0,0,1,0,1,1,0,0,1,0,0,1,1,1,1,0,0,0,0,1,0,0,1,1,1,1,0,0,1,1,1,0,1,1,0,0,1
1,1,1,1,1,1,1,1,0,1,1,1,1,1,1,1,1,1,1,0,0,1,1,1,1,1,1,0,1,1,1,0,1,1,0,0,1,0,1,1,1,1,0,1,1,1,1,1,1,0,0,1,0,1,1,0,0,1,1,1,1,1,1,0,1,1,1,1,1,0,1,1,1,0,0,1,0,1,0,1,1,0,0,1,0,1,0,1,1,1,1,1,0,0,0,1,1,1,1,1,1,1,0,0,1,0,1,1,0,1,1,1,1,1,1,1,1,1,1,1,1,1,0,1,0,1,0,1,1,0,1,1,1,0,0,1,1,1,0,1,0,1,1,1,0,1,1,1,0,0,0,0,0,1,0,0,0,1,0,1,1,1,0,1,0,1,0,0,1,0,1,1,0,1,0,1,1,1,0,1,1,1,0,1,1,0,1,1,1,1,0,1,1,0,1,1,1,1,1,0,0,1,1,1,0,0,1,1,1,1,0,1,1,0,1,0,1,1,0,1,1
1,1,1,1,0,1,1,1,0,0,1,1,0,0,0,1,1,1,1,0,0,1,1,1,0,0,1,0,1,0,1,0,0,1,0,0,1,0,1,1,0,1,0,1,0,0,0,1,1,0,0,1,0,0,0,0,1,1,1,0,0,0,1,0,1,0,0,0,1,0,1,1,1,0,0,0,0,1,1,1,1,0,0,0,0,1,1,0,1,0,1,0,0,0,0,1,0,1,0,0,0,0,0,0,0,0,0,1,0,1,1,1,1,1,1,0,0,1,1,0,1,1,0,1,0,1,0,1,1,0,1,0,1,0,1,0,1,0,0,1,0,1,0,0,0,1,1,1,0,0,1,0,0,1,1,0,1,1,1,1,1,1,1,1,0,1,1,0,1,1,0,0,0,1,0,1,1,0,0,1,0,1,0,1,1,0,1,0,1,1,0,0,1,0,0,1,1,1,1,0,0,0,0,1,0,0,1,1,1,1,1,0,1,0,1,0,1,1,1,0,1
1,1,1,1,0,1,1,1,0,0,1,1,0,0,0,1,1,1,1,0,0,1,1,1,1,0,1,0,1,1,1,0,0,1,0,0,1,0,1,1,0,1,0,1,0,0,0,1,1,0,0,1,0,0,0,0,0,1,1,1,0,0,1,0,1,0,0,0,1,0,1,1,1,0,0,0,0,1,0,1,1,0,0,0,0,1,0,0,1,0,1,0,0,0,0,0,0,1,0,0,0,0,0,0,0,0,0,1,0,1,1,1,1,1,1,0,0,1,1,0,0,1,0,1,0,1,0,1,1,0,1,0,1,0,0,0,1,0,0,1,0,1,0,0,0,1,1,1,0,0,0,0,0,1,0,0,0,0,0,1,1,1,0,1,0,1,0,0,1,0,1,0,0,1,0,1,1,0,0,1,0,1,0,0,0,0,1,0,1,1,0,0,1,0,0,1,1,1,1,0,0,0,0,1,0,0,1,1,1,1,0,0,1,1,1,1,1,1,0,0,1
1,1,1,1,1,1,1,1,0,0,1,1,0,0,0,1,1,1,1,0,0,1,1,1,0,0,1,0,1,0,1,0,0,1,0,0,1,0,1,1,0,1,0,1,0,0,0,1,1,0,0,1,0,0,0,0,0,1,1,0,0,0,1,1,1,0,0,0,1,0,1,1,1,0,0,0,0,1,0,1,1,0,0,0,0,1,0,0,1,0,1,0,0,0,0,0,0,1,0,0,0,0,0,0,0,1,0,1,1,1,1,1,1,1,1,0,0,1,1,0,0,1,0,1,0,1,1,1,1,0,1,0,1,0,0,0,1,0,0,1,0,1,0,0,0,1,1,1,1,0,0,0,0,1,0,0,0,0,0,1,1,1,0,1,0,1,0,0,1,0,1,1,1,1,0,1,1,0,0,1,0,1,0,0,0,0,1,0,1,1,0,0,1,0,0,1,1,1,1,0,0,0,0,1,0,0,1,1,1,1,0,0,1,1,1,0,1,1,0,0,1
1,1,1,1,1,1,1,1,0,0,1,1,0,0,0,1,1,1,1,0,0,1,1,1,0,0,1,0,1,0,1,0,0,1,0,0,1,0,1,1,0,1,0,1,0,0,0,1,1,0,0,1,0,0,0,0,0,1,1,0,0,0,1,1,1,0,0,0,1,0,1,1,1,0,0,0,0,1,0,1,1,0,0,0,0,1,0,0,1,0,1,0,0,0,0,0,0,1,0,0,0,0,0,0,0,1,0,1,0,1,1,1,1,1,1,0,0,1,1,0,0,1,0,1,0,1,0,1,1,0,1,0,1,1,0,0,1,0,1,1,0,1,0,0,0,1,1,1,0,0,0,0,0,1,0,0,0,0,0,1,1,1,0,1,0,1,0,0,1,0,1,1,1,1,0,1,1,0,0,1,0,1,0,0,0,0,1,0,1,1,0,0,1,0,0,1,1,1,1,0,0,0,0,1,0,0,1,1,1,1,0,0,1,1,1,0,1,1,0,0,1
1,1,1,1,1,1,1,1,0,0,1,1,0,0,0,1,1,1,1,0,0,1,1,1,0,0,1,0,1,0,1,0,0,1,0,0,1,1,1,1,0,1,0,1,0,0,0,1,1,0,0,1,0,0,0,0,0,1,1,0,0,0,1,1,1,0,0,0,1,0,1,1,1,0,0,0,0,1,0,1,1,0,0,0,0,1,0,0,1,0,1,0,0,0,0,0,0,1,0,0,0,0,0,0,0,1,0,1,1,1,1,1,1,1,1,0,0,1,1,0,0,1,0,1,0,1,1,1,1,0,1,0,1,0,0,0,1,0,0,1,0,1,0,0,0,1,1,1,1,0,0,0,0,1,0,0,0,0,0,1,1,1,0,1,0,1,0,0,1,0,1,1,1,1,0,1,1,0,0,1,0,1,0,0,0,0,1,0,1,1,0,0,1,0,0,1,1,1,1,0,0,0,0,1,0,0,1,1,1,1,0,0,1,1,1,0,1,1,0,0,1
0,1,0,1,0,1,1,0,0,0,1,1,0,0,0,1,1,1,1,0,0,1,0,0,0,0,1,0,0,0,1,0,0,1,0,0,1,0,1,1,0,1,0,1,0,0,0,1,1,0,0,1,0,0,0,0,0,1,1,0,0,0,1,0,0,0,0,0,1,0,1,0,1,0,0,0,0,0,0,1,0,0,0,0,0,0,0,0,1,0,1,0,0,0,0,0,0,1,0,0,0,0,0,0,0,0,0,0,0,1,1,1,1,1,1,0,0,1,1,0,0,1,0,1,0,1,0,1,1,0,1,0,0,0,0,0,1,0,0,1,0,0,0,0,0,1,1,1,0,0,0,0,0,1,0,0,0,0,0,1,1,1,0,1,0,1,0,0,1,0,0,0,0,1,0,1,1,0,0,1,0,1,0,0,0,0,1,0,0,1,0,0,0,0,0,1,1,1,1,0,0,0,0,0,0,0,1,1,1,1,0,0,1,0,1,0,1,1,0,0,1
0,1,0,1,0,1,1,0,0,0,1,0,1,1,1,1,1,1,0,0,0,0,0,0,0,1,1,0,0,0,1,0,0,1,0,1,0,0,1,1,0,1,1,1,0,1,0,1,1,1,1,1,0,1,1,0,1,1,1,0,0,1,1,1,1,1,0,1,1,0,1,1,0,0,1,1,0,0,0,1,0,1,1,1,0,1,1,1,1,1,1,1,0,0,1,0,1,1,0,1,0,1,0,1,1,0,1,0,0,1,1,1,1,1,0,1,1,1,1,0,0,1,0,1,0,0,0,1,1,0,1,1,0,0,0,1,1,0,1,1,0,0,0,1,1,1,1,1,0,1,1,0,0,1,0,1,1,0,0,1,1,0,0,1,0,1,0,0,1,0,1,1,0,1,0,1,1,1,0,0,1,1,0,0,0,0,1,1,0,1,1,1,0,0,0,1,1,1,1,1,1,1,1,0,0,1,1,0,1,0,0,1,0,0,0,0,1,0,0,1,0
0,1,0,1,0,1,1,0,0,0,1,0,1,1,1,1,1,1,0,0,0,0,0,0,0,1,1,0,0,0,1,0,0,1,0,1,0,0,1,1,0,1,1,1,0,1,0,1,1,1,1,1,0,1,1,0,1,1,1,0,0,1,1,1,1,1,0,1,1,0,1,1,0,0,1,1,0,0,0,1,0,1,1,1,0,1,1,1,1,1,1,1,0,0,1,0,1,1,0,1,0,1,0,1,1,0,1,0,0,1,1,1,1,1,0,1,1,1,1,0,0,1,0,1,0,0,1,1,1,0,1,1,0,0,0,1,1,0,0,1,0,0,0,1,0,1,1,1,1,1,1,0,0,1,0,0,1,0,0,1,1,0,0,1,0,1,0,0,1,0,1,1,0,1,0,1,1,1,0,0,1,1,0,0,0,0,1,1,0,1,1,1,0,0,0,1,1,1,1,1,1,1,1,0,0,1,1,0,1,0,0,1,0,0,0,0,1,0,0,1,0
1,1,1,1,1,1,1,1,0,0,1,1,0,0,0,1,1,1,1,0,0,1,1,1,0,0,1,0,1,0,1,0,0,1,0,0,1,1,1,1,0,1,0,1,0,0,0,1,1,0,0,1,0,0,0,0,0,1,1,0,0,0,1,1,1,0,0,0,1,0,1,1,1,0,0,0,0,1,0,1,1,0,0,0,0,1,0,0,1,0,1,0,0,0,0,0,0,1,0,0,0,0,0,0,0,1,0,1,1,1,1,1,1,1,1,0,0,1,1,0,0,1,0,1,0,1,1,1,1,0,1,0,1,0,0,0,1,0,0,1,0,1,0,0,0,1,1,1,1,0,0,0,0,1,0,0,0,0,0,1,1,1,0,1,0,1,0,0,1,0,1,1,1,1,0,1,1,0,0,1,0,1,0,0,0,0,1,0,1,1,0,0,1,0,0,1,1,1,1,0,0,0,0,1,0,0,1,1,1,1,0,0,1,1,1,0,1,1,0,0,1
1,1,1,1,0,1,1,1,0,0,1,1,1,1,1,0,0,1,1,0,0,1,1,1,0,1,1,0,1,1,1,0,0,1,0,1,1,1,1,1,0,1,0,1,1,1,0,1,1,1,1,1,0,1,1,0,0,1,1,1,1,1,0,1,1,1,0,1,1,0,1,1,1,1,1,1,0,1,0,1,1,1,1,1,0,1,0,1,1,1,1,1,0,0,1,1,1,1,0,1,0,1,0,1,1,1,1,1,1,1,1,1,1,1,1,1,1,1,1,0,1,1,0,1,0,1,1,1,1,0,1,1,1,1,0,1,1,0,1,1,0,1,0,1,0,1,1,1,1,0,0,0,0,1,0,0,0,1,0,1,1,1,0,1,0,1,0,0,1,0,1,1,0,1,0,1,1,1,0,1,1,1,0,1,1,0,1,1,1,1,0,1,1,1,1,1,1,1,1,0,0,1,1,1,1,1,1,1,1,1,1,1,1,0,1,0,1,1,1,1,1
1,1,1,1,0,1,1,1,0,0,1,1,1,1,1,0,0,1,1,0,0,1,1,1,0,1,1,0,1,1,1,0,0,1,0,1,1,1,1,1,0,1,0,1,1,1,0,1,1,1,1,1,0,1,1,0,0,1,1,1,1,1,0,1,1,1,0,1,1,0,1,1,1,1,1,1,0,1,0,1,1,1,1,1,0,1,0,1,1,1,1,1,0,0,1,1,1,1,0,1,0,1,0,1,1,1,1,1,1,1,1,1,1,1,1,1,1,1,1,0,1,1,0,1,0,1,1,1,1,0,1,1,1,1,0,1,1,0,1,1,0,1,0,1,0,1,1,1,1,0,0,0,0,1,0,0,0,1,0,1,1,1,0,1,0,1,0,0,1,0,1,1,0,1,0,1,1,1,0,1,1,1,0,1,1,0,1,0,1,1,0,1,1,1,1,1,1,1,1,0,0,1,1,1,1,1,1,1,1,1,0,1,1,0,1,0,1,1,0,1,1
0,1,1,1,1,1,1,1,0,0,1,1,1,1,1,0,0,1,1,0,0,1,1,1,0,1,1,0,1,1,1,0,0,1,0,1,1,1,1,1,0,1,0,1,1,1,0,1,1,1,1,1,0,1,1,0,0,1,1,1,1,1,0,1,1,1,0,1,1,0,1,1,1,1,1,1,0,1,0,1,1,1,1,1,0,1,0,1,1,1,1,1,0,0,1,1,1,1,0,1,0,1,0,1,1,1,1,1,1,1,1,1,1,1,1,1,1,1,1,0,1,1,0,1,0,1,1,1,1,0,1,1,1,1,0,1,1,0,1,1,0,1,0,1,0,1,1,1,1,0,0,0,0,1,0,0,0,1,0,1,1,1,0,1,0,1,0,0,1,0,1,1,0,1,0,1,1,1,0,1,1,1,0,1,1,0,1,0,1,1,0,0,1,1,1,1,1,1,1,0,0,0,0,1,1,1,1,1,1,1,0,1,1,0,1,0,1,1,0,1,1
1,1,1,1,0,1,1,1,0,0,1,1,1,1,1,0,0,1,1,0,0,1,1,1,0,1,1,0,1,1,1,0,0,1,0,1,1,1,1,1,0,1,0,1,1,1,0,1,1,1,1,1,0,1,1,0,0,1,1,1,1,1,0,1,1,1,0,1,1,0,1,1,1,1,1,1,0,1,0,1,1,1,1,1,0,1,0,1,1,1,1,1,0,0,1,1,1,1,0,1,0,1,0,1,1,1,1,1,1,1,1,1,1,1,1,1,1,1,1,0,1,1,0,1,0,1,1,1,1,0,1,1,1,1,0,1,1,0,1,1,0,1,0,1,0,1,1,1,1,0,0,0,0,1,0,0,0,1,0,1,1,1,0,1,0,1,0,0,1,0,1,1,0,1,0,1,1,1,0,1,1,1,0,1,1,0,1,0,1,1,0,0,1,1,1,1,1,1,1,0,0,0,0,1,1,1,1,1,1,1,0,1,1,1,1,0,1,1,0,1,1
0,1,0,1,0,1,1,1,0,0,0,0,0,0,0,0,0,1,1,0,0,0,0,0,0,0,1,0,0,0,1,0,0,1,0,0,0,1,1,1,0,1,1,1,0,0,0,1,1,0,0,1,0,1,1,0,1,1,1,0,0,0,1,1,1,0,0,0,1,0,0,1,0,0,0,1,0,0,0,0,0,0,0,1,0,1,1,0,1,0,1,0,0,0,0,0,0,1,0,1,0,0,0,0,0,1,0,0,0,0,0,1,1,1,0,1,1,1,1,0,0,0,0,1,0,0,0,1,1,0,0,0,0,0,0,0,1,0,0,1,0,0,0,1,0,1,1,1,0,1,1,0,0,1,1,0,1,0,0,1,1,0,1,1,0,1,1,0,1,0,1,1,1,1,0,1,0,0,0,0,1,1,0,0,0,0,1,1,0,1,0,1,0,0,0,1,0,1,0,0,0,1,1,0,0,0,0,1,0,0,0,0,0,0,1,0,0,0,0,0,0
0,1,0,1,0,1,1,1,0,0,0,0,0,0,0,0,0,1,1,0,0,0,0,0,0,0,1,0,0,0,1,0,0,0,0,0,0,1,1,1,0,1,1,1,0,0,0,1,1,0,0,1,0,1,1,0,1,1,1,0,0,0,1,0,0,0,0,0,1,0,0,1,0,0,0,1,0,0,0,0,0,0,0,1,0,1,1,0,1,0,1,0,0,0,0,0,0,1,0,1,0,0,0,0,0,0,0,0,0,0,0,1,1,1,0,1,1,1,1,0,0,0,0,1,0,0,0,1,1,0,0,0,0,0,0,0,1,0,0,1,0,0,0,1,0,1,1,1,0,1,1,0,0,1,1,0,1,0,0,1,1,0,1,1,0,1,1,0,1,0,0,1,1,1,0,1,1,0,0,0,1,1,0,0,0,0,1,1,0,1,0,1,0,0,0,1,0,1,1,0,0,1,1,0,0,0,1,1,1,1,0,0,0,0,1,0,1,1,0,0,0
0,1,0,1,0,1,1,0,0,0,1,0,1,1,0,1,1,1,0,1,1,1,0,0,0,1,1,0,0,0,1,0,0,1,0,0,1,1,1,1,0,1,0,1,1,1,0,1,1,0,0,1,0,1,1,0,1,0,0,1,1,1,1,1,1,1,0,1,1,0,1,1,1,0,0,1,0,0,1,1,1,0,0,1,0,0,1,1,1,1,1,1,0,0,0,0,1,1,0,1,0,1,0,0,1,0,1,0,0,1,1,1,0,0,0,1,1,0,1,0,1,1,0,0,0,0,1,1,0,0,1,1,0,0,0,1,0,0,0,1,0,0,0,1,0,0,0,1,1,0,0,0,0,1,0,0,0,0,0,0,1,0,0,1,0,1,0,0,1,0,1,0,0,0,0,0,1,1,0,0,1,1,0,1,0,0,1,1,0,1,0,1,0,0,0,1,1,1,0,0,0,1,1,0,0,0,1,0,0,0,0,1,0,0,0,0,0,0,0,1,0
1,1,0,1,0,1,1,0,0,0,0,0,0,0,0,1,1,1,1,0,1,1,0,1,0,0,1,0,0,0,1,0,0,1,1,0,1,0,0,1,0,1,0,1,0,0,0,1,0,0,0,1,0,0,0,0,0,1,1,0,0,0,1,1,1,0,0,0,1,1,0,1,0,0,0,0,0,1,0,0,1,0,0,0,0,1,0,0,1,0,1,0,0,0,0,0,0,1,0,0,0,0,0,0,0,1,0,1,0,0,0,1,1,0,0,0,0,1,1,0,0,0,0,1,1,0,0,1,1,0,0,0,1,0,0,0,1,0,0,1,0,0,0,0,0,1,1,1,0,0,1,1,1,1,1,0,0,0,0,1,1,0,1,1,0,1,0,0,1,0,1,1,1,1,0,1,1,0,1,0,0,1,1,0,0,0,1,0,1,1,0,0,1,0,0,1,1,1,1,0,0,0,0,1,0,0,1,0,1,1,1,0,0,1,0,1,1,1,1,0,0
0,0,0,0,0,1,1,1,0,0,0,0,0,0,0,0,1,1,0,0,0,0,0,0,0,0,0,0,0,0,1,0,0,0,1,0,0,0,0,1,0,0,1,1,0,0,0,0,1,0,0,1,0,0,0,0,1,1,1,0,0,0,0,0,0,0,0,0,1,1,0,0,0,0,0,0,0,0,0,0,0,0,0,0,0,0,0,0,0,0,1,0,0,0,0,0,0,1,0,0,0,0,0,0,0,0,0,0,0,0,0,0,1,1,1,0,0,1,0,0,0,0,0,1,0,1,0,1,1,0,0,0,0,0,0,0,1,0,0,1,0,0,0,0,0,1,1,0,0,0,1,0,1,1,1,0,0,0,0,1,0,1,1,0,0,1,0,1,1,0,0,0,0,1,0,1,0,0,0,1,0,1,1,0,0,0,1,0,0,1,1,0,0,0,0,0,0,1,1,1,1,0,0,0,0,0,0,1,1,0,0,0,1,0,1,0,1,0,0,0,1
1,1,0,0,0,1,1,1,0,0,0,0,0,0,0,0,1,1,0,0,1,1,0,0,0,0,0,0,0,0,1,0,0,0,1,1,0,0,0,1,0,0,1,1,0,0,0,0,1,0,0,1,0,0,0,0,1,0,0,0,0,0,0,0,0,0,0,0,1,1,0,0,0,0,0,0,0,0,0,0,0,0,0,0,0,0,0,0,0,0,0,0,0,0,0,0,0,0,0,0,0,0,0,0,0,0,0,0,0,0,0,0,0,0,0,0,0,0,0,0,0,0,0,0,0,1,0,1,0,0,0,0,0,0,0,0,0,0,0,1,0,0,0,0,0,0,0,0,0,0,1,0,1,1,0,0,0,0,0,0,0,0,0,0,0,1,0,1,0,0,0,0,0,0,0,0,0,0,0,1,0,1,0,0,0,0,1,0,0,1,1,0,0,0,0,1,1,1,0,1,1,0,0,0,0,1,0,0,0,0,0,0,0,0,0,0,0,1,0,0,0
0,0,0,1,0,0,0,0,0,0,1,0,1,1,0,1,1,1,0,0,0,0,0,0,0,1,1,1,1,0,0,0,0,1,0,0,0,0,1,0,0,1,0,0,1,1,0,1,0,1,1,0,0,1,1,0,0,0,0,1,1,1,0,1,1,1,0,1,0,0,1,0,1,0,1,1,0,0,0,1,0,1,1,1,0,0,0,1,1,1,0,1,0,0,1,0,1,0,0,1,0,1,0,1,1,0,1,0,0,1,1,1,0,0,0,1,1,0,1,0,0,1,0,0,0,0,1,0,0,0,1,1,0,0,0,1,0,0,0,0,0,0,0,1,0,0,0,1,1,0,0,0,0,0,0,0,0,0,0,0,1,0,0,1,0,0,0,0,0,0,1,0,0,0,0,0,1,1,0,0,1,0,0,0,0,0,0,0,0,0,0,0,0,0,0,1,1,0,0,0,0,0,0,0,0,0,1,0,0,0,0,1,0,0,0,0,0,0,0,1,0
0,0,0,1,0,1,1,0,0,0,1,0,1,1,0,1,1,1,0,0,0,0,0,0,0,1,1,1,1,0,1,0,0,1,0,0,0,0,1,1,0,1,0,1,1,1,0,1,1,1,1,1,0,1,1,0,0,1,1,1,1,1,0,1,1,1,0,1,1,0,1,1,1,1,1,1,0,0,0,1,1,1,1,1,0,0,0,1,1,1,1,1,0,0,1,1,1,1,0,1,0,1,0,1,1,0,1,1,1,1,1,1,1,1,0,1,1,1,1,0,1,1,0,1,0,0,1,1,1,0,1,1,1,1,0,1,1,0,0,1,0,1,0,1,0,1,1,1,1,0,0,0,0,1,0,0,0,1,0,1,1,0,0,1,0,1,1,0,1,0,1,0,0,1,0,1,1,1,0,0,1,1,0,1,0,0,1,0,1,1,0,1,1,0,0,1,1,1,1,0,0,1,1,1,0,0,1,1,0,0,0,1,0,0,1,0,0,0,0,1,0
1,1,0,0,0,1,1,1,0,0,0,0,0,0,0,0,1,1,1,0,0,1,0,0,0,0,1,0,0,0,1,0,0,0,1,0,0,0,0,1,0,0,1,1,0,0,0,0,1,0,0,1,0,0,0,0,1,1,1,0,0,0,0,0,0,0,0,0,1,1,0,0,0,0,0,0,0,0,0,0,0,0,0,0,0,0,0,0,0,0,1,0,0,0,0,0,0,1,0,0,0,0,0,0,0,0,0,0,0,0,0,0,1,1,1,0,0,1,0,0,0,0,0,1,0,1,0,1,1,0,0,0,0,0,0,0,1,0,0,1,0,0,0,0,0,1,1,0,0,0,1,0,1,1,1,0,0,0,0,1,0,1,1,0,0,1,0,1,1,0,0,0,0,1,0,1,0,0,0,1,0,1,1,0,0,0,1,0,0,1,1,0,0,0,0,1,0,1,1,1,1,0,0,0,0,0,0,1,1,0,0,0,1,0,1,0,1,0,0,0,1
0,1,0,1,0,1,0,0,0,0,1,0,1,1,0,1,1,1,0,0,0,0,0,0,0,1,1,1,1,0,1,0,0,0,0,0,0,0,1,1,0,1,0,1,1,1,0,1,1,1,1,1,0,1,1,0,0,1,1,1,1,1,1,0,0,1,1,1,1,0,1,0,1,0,1,1,0,0,0,1,0,1,1,1,0,0,0,1,1,1,1,1,0,0,1,0,1,1,0,1,0,1,0,1,1,0,1,0,0,1,1,1,1,1,0,1,1,1,1,0,0,1,0,1,0,0,1,1,1,0,1,1,0,0,0,1,1,0,0,1,0,0,0,1,0,1,1,1,1,0,0,0,0,1,0,0,0,0,0,1,1,0,0,1,0,1,1,0,1,0,0,0,0,1,0,1,1,1,0,0,1,1,0,0,0,0,1,0,0,1,0,1,0,0,0,1,1,1,1,0,0,1,1,0,0,0,1,1,0,0,0,1,0,0,1,0,0,0,0,1,0
0,1,0,1,0,1,1,0,0,0,1,0,1,1,1,1,1,1,1,0,0,1,0,0,0,1,1,1,1,1,1,0,0,0,0,0,0,0,1,1,0,1,1,1,1,1,0,1,1,1,1,1,0,1,1,0,0,1,1,1,1,1,1,0,0,1,1,1,1,0,1,0,1,0,1,1,0,0,0,1,0,1,1,1,0,0,0,1,1,1,1,1,0,0,1,0,1,1,0,1,0,1,0,1,1,0,1,0,0,1,1,1,1,1,0,1,1,1,1,0,0,1,0,1,1,0,1,1,1,0,1,1,0,0,0,1,1,0,0,1,0,0,0,1,0,1,1,1,1,0,0,0,0,1,0,0,0,0,0,1,1,0,0,1,0,1,1,0,1,0,0,0,0,1,0,1,1,1,1,0,1,1,0,0,0,0,1,0,0,1,0,1,0,0,0,1,1,1,1,0,0,1,1,0,0,0,1,1,0,0,0,1,0,0,1,0,0,0,0,1,0
0,1,0,1,0,1,1,1,0,0,1,0,1,1,0,1,1,1,1,0,0,1,0,0,0,1,1,0,1,0,1,0,0,1,1,0,0,1,1,1,0,1,0,1,1,1,0,1,1,0,0,1,0,1,1,0,1,1,1,1,1,1,1,1,1,1,1,1,1,1,1,1,1,0,0,1,0,0,1,1,1,0,0,1,0,0,1,1,1,1,1,1,0,0,0,0,1,1,0,1,0,1,0,1,1,1,1,1,1,1,1,1,1,1,1,1,1,1,1,0,0,1,0,1,1,1,1,1,1,0,1,1,1,0,0,1,1,0,0,1,0,0,0,1,0,1,1,1,1,0,0,0,1,1,0,0,0,0,0,1,1,1,0,1,0,1,0,0,1,0,1,0,0,1,0,1,1,1,1,1,1,1,0,0,0,0,1,1,1,1,0,1,1,0,1,1,1,1,1,0,0,1,1,1,0,0,1,1,1,0,0,1,1,0,1,0,1,0,0,1,1
0,0,0,1,0,1,0,0,0,0,1,0,1,1,0,1,1,1,0,0,0,0,0,0,0,1,1,0,0,0,1,0,0,1,0,0,0,1,1,1,0,1,0,1,1,1,0,1,1,0,0,1,0,1,1,0,0,1,1,1,1,1,0,1,1,1,0,1,1,0,1,0,1,0,0,1,0,0,0,1,0,0,0,1,0,0,0,1,1,1,1,1,0,0,0,0,1,1,0,0,0,1,0,0,1,1,1,0,0,1,1,1,1,1,0,1,0,1,1,0,0,1,0,1,1,0,1,1,1,0,1,1,0,0,0,1,1,0,0,1,0,0,0,1,0,1,1,1,1,0,0,1,0,1,0,0,0,0,0,1,1,0,0,1,0,1,1,0,1,0,1,0,0,1,0,1,1,1,0,0,1,1,0,0,0,0,1,0,0,1,0,1,0,0,0,1,1,1,1,0,0,1,1,0,0,0,1,1,0,0,0,1,0,0,1,0,0,0,0,1,0
0,0,0,1,0,0,0,0,0,0,1,0,1,1,0,1,1,1,0,0,0,0,0,0,0,1,1,1,1,0,0,0,0,1,0,0,0,0,1,0,0,1,0,0,1,1,0,1,0,1,1,1,0,1,1,0,0,0,0,1,1,1,0,1,1,1,0,1,0,0,1,0,1,0,1,1,0,0,0,1,0,1,1,1,0,0,0,1,1,1,0,1,0,0,1,0,1,0,0,1,0,1,0,1,1,0,1,0,0,1,1,1,0,0,0,1,1,0,1,0,0,1,0,0,0,0,1,0,0,0,1,1,0,0,0,1,0,0,0,0,0,0,0,1,0,0,0,1,1,0,0,0,0,0,0,0,0,0,0,0,1,0,0,1,0,0,0,0,0,0,1,0,0,0,0,0,1,1,0,0,1,0,0,0,0,0,0,0,0,0,0,0,0,0,0,1,1,0,0,0,0,0,0,0,0,0,1,0,0,0,0,1,0,0,0,0,0,0,0,1,0
0,1,0,1,0,1,1,0,0,0,1,0,1,1,0,1,1,1,0,0,0,0,0,0,0,1,1,1,1,0,1,0,0,1,0,0,0,0,1,1,0,1,1,1,1,1,0,1,1,1,1,1,0,1,1,0,1,1,1,1,1,1,1,1,1,1,1,1,1,0,1,1,1,0,1,1,0,0,0,1,0,1,1,1,0,1,1,1,1,1,1,1,0,0,1,0,1,1,0,1,0,1,0,1,1,0,1,0,0,1,1,1,1,1,0,1,1,1,1,0,0,1,0,1,0,0,1,1,1,0,1,1,0,0,0,1,1,0,0,1,0,0,0,1,0,1,1,1,1,1,0,0,0,1,0,0,0,0,0,1,1,0,0,1,0,1,1,0,1,0,1,1,1,1,0,1,1,1,0,0,1,1,0,0,0,0,1,0,0,1,0,1,0,0,0,1,1,1,1,0,0,1,1,0,0,0,1,1,0,0,0,1,0,0,1,0,0,0,0,1,0
0,1,0,1,0,0,0,0,0,0,1,0,1,1,0,1,1,1,1,0,0,1,0,0,0,1,1,1,1,1,0,0,0,0,0,0,0,1,1,0,0,1,0,0,1,1,0,1,0,1,1,1,0,1,1,0,0,0,0,1,1,1,1,0,0,1,1,1,0,0,1,0,1,0,1,1,0,0,0,1,0,1,1,1,0,0,0,1,1,1,0,1,0,0,1,0,1,0,0,1,0,1,0,1,1,0,1,0,0,1,1,1,0,0,0,1,1,0,1,0,0,1,0,0,0,0,1,0,0,0,1,1,0,0,0,1,0,0,0,0,0,0,0,1,0,0,0,1,1,0,0,0,0,0,0,0,0,0,0,0,1,0,0,1,0,0,0,0,0,0,0,0,0,0,0,0,1,1,0,0,1,0,0,0,0,0,0,0,0,0,0,0,0,0,0,1,1,0,0,0,0,0,0,0,0,0,1,0,0,0,0,1,0,0,0,0,0,0,0,1,0
0,1,0,1,0,0,0,0,0,0,1,0,1,1,0,1,1,1,1,0,0,1,0,0,0,1,1,1,1,1,0,0,0,0,0,0,0,0,1,0,0,1,0,0,1,1,0,1,0,1,1,1,0,1,1,0,0,0,0,1,1,1,1,0,0,1,1,1,0,0,1,0,1,0,1,1,0,0,0,1,0,1,1,1,0,0,0,1,1,1,0,1,0,0,1,0,1,0,0,1,0,1,0,1,1,0,1,0,0,1,1,1,0,0,0,1,1,0,1,0,0,1,0,0,0,0,1,0,0,0,1,1,0,0,0,1,0,0,0,0,0,0,0,1,0,0,0,1,1,0,0,0,0,0,0,0,0,0,0,0,1,0,0,1,0,0,0,0,0,0,0,0,0,0,0,0,1,1,0,0,1,0,0,0,0,0,0,0,0,0,0,0,0,0,0,1,1,0,0,0,0,0,0,0,0,0,1,0,0,0,0,1,0,0,0,1,0,0,0,1,0
0,1,0,1,0,0,0,0,0,0,1,0,1,1,0,1,1,1,1,0,0,1,0,0,0,1,1,1,1,1,0,0,0,0,0,0,0,0,1,0,0,1,0,0,1,1,0,1,0,1,1,1,0,1,1,0,0,0,0,1,1,1,1,0,0,1,1,1,0,0,1,0,1,0,1,1,0,0,0,1,0,1,1,1,0,0,0,1,1,1,0,1,0,0,1,0,1,0,0,1,0,1,0,1,1,0,1,0,0,1,1,1,0,0,0,1,1,0,1,0,0,1,0,0,0,0,1,0,0,0,1,1,0,0,0,1,0,0,0,0,0,0,0,1,0,0,0,1,1,0,0,0,0,0,0,0,0,0,0,0,1,0,0,1,0,0,0,0,0,0,0,0,0,0,0,0,1,1,0,0,1,0,0,0,0,0,0,0,0,0,0,0,0,0,0,1,1,0,0,0,0,0,0,0,0,0,1,0,0,0,0,1,0,0,0,0,0,0,0,1,0
0,1,0,1,0,0,0,0,0,0,1,0,1,1,0,1,1,1,1,0,0,1,0,0,0,1,1,1,1,1,0,0,0,0,0,0,0,0,1,0,0,1,0,0,1,1,0,1,0,1,1,1,0,1,1,0,0,0,0,1,1,1,1,0,0,1,1,1,0,0,1,0,1,0,1,1,0,0,0,1,0,1,1,1,0,0,0,1,1,1,0,1,0,0,1,0,1,0,0,1,0,1,0,1,1,0,1,0,0,1,1,1,0,0,0,1,1,0,1,0,0,1,0,0,0,0,1,0,0,0,1,1,0,0,0,1,0,0,0,0,0,0,0,1,0,0,0,1,1,0,0,0,0,0,0,0,0,0,0,0,1,0,0,1,0,0,0,0,0,0,0,0,0,0,0,0,1,1,0,0,1,0,0,0,0,0,0,0,0,0,0,0,0,0,0,1,1,0,0,0,0,0,0,0,0,0,1,0,0,0,0,1,0,0,0,0,0,0,0,1,0
0,1,0,1,0,0,0,0,0,1,1,0,1,1,0,1,1,1,1,0,0,1,0,0,0,1,1,1,1,1,0,0,1,0,0,0,0,0,1,0,1,1,0,0,1,1,1,1,0,1,1,1,0,1,1,0,0,0,0,1,1,1,1,0,0,1,1,1,0,0,1,0,1,0,1,1,0,0,0,1,0,1,1,1,0,0,0,1,1,1,0,1,0,0,1,0,1,0,1,1,1,1,0,1,1,0,1,0,0,1,1,1,0,0,0,1,1,0,1,1,0,1,0,0,0,0,1,0,0,0,1,1,0,0,0,1,0,1,0,0,0,0,1,1,0,0,0,1,1,0,0,0,0,0,0,0,0,0,0,0,1,0,0,1,0,0,0,0,0,0,0,0,0,0,0,0,1,1,0,0,1,0,0,0,0,0,0,0,0,0,0,0,0,0,0,1,1,0,0,0,0,0,0,0,0,0,1,0,0,0,0,1,0,0,0,0,0,0,0,1,0
0,1,0,1,0,0,0,0,0,0,1,0,1,1,0,1,1,1,1,0,0,1,0,0,0,1,1,1,1,1,0,0,0,0,0,0,0,0,1,0,0,1,0,0,1,1,0,1,0,1,1,1,0,1,1,0,0,0,0,1,1,1,1,0,0,1,1,1,0,0,1,0,1,0,1,1,0,0,0,1,0,1,1,1,0,0,0,1,1,1,0,1,0,0,1,0,1,0,0,1,0,1,0,1,1,0,1,0,0,1,1,1,0,0,0,1,1,0,1,0,0,1,0,0,0,0,1,0,0,0,1,1,0,0,0,1,0,0,0,0,0,0,0,1,0,0,0,1,1,0,0,0,0,0,0,0,0,0,0,0,1,0,0,1,0,0,0,0,0,0,0,0,0,0,0,0,1,1,0,0,1,0,0,0,0,0,0,0,0,0,0,0,0,0,0,1,1,0,0,0,0,0,0,0,0,0,1,0,0,0,0,1,0,0,0,0,0,0,0,1,0
0,1,0,1,0,1,0,0,0,0,1,0,1,1,0,1,1,1,1,0,0,1,0,0,0,1,1,1,1,1,1,0,0,0,0,0,0,0,1,1,0,1,0,1,1,1,0,1,1,1,1,1,0,1,1,0,0,1,1,1,1,1,1,0,0,1,1,1,1,0,1,0,1,0,1,1,0,0,0,1,0,1,1,1,0,0,0,1,1,1,1,1,0,0,1,0,1,1,0,1,0,1,0,1,1,0,1,0,0,1,1,1,1,1,0,1,1,1,1,0,0,1,0,1,0,0,1,1,1,0,1,1,0,0,0,1,1,0,0,1,0,0,0,1,0,1,1,1,1,0,0,0,0,1,0,0,0,0,0,1,1,0,0,1,0,1,0,0,1,0,0,0,0,1,0,1,1,1,0,0,1,1,0,0,0,0,1,1,0,1,0,0,0,0,0,1,1,0,0,0,0,0,0,0,0,0,1,0,0,0,0,1,0,0,0,0,0,0,0,1,0
0,1,0,1,0,1,1,0,0,0,1,0,1,1,0,1,1,1,1,0,0,1,0,0,0,1,1,0,1,0,1,0,0,1,1,0,0,1,1,1,0,1,0,1,1,1,0,1,0,0,0,1,0,1,1,0,0,1,1,1,1,1,1,1,1,1,0,1,0,1,1,1,1,0,0,1,0,1,0,1,1,0,0,1,0,1,0,1,1,1,0,1,0,0,0,0,1,1,0,1,0,1,0,0,1,0,1,0,0,1,1,1,1,1,1,1,1,1,1,0,1,1,0,0,0,1,1,1,1,0,1,1,0,0,0,1,0,0,0,0,0,0,0,1,0,0,1,1,1,0,0,0,1,1,0,0,0,0,0,0,1,0,0,1,0,1,0,0,1,0,1,1,1,1,0,1,1,1,0,0,1,0,1,1,1,0,1,0,0,1,0,0,0,0,0,1,1,0,1,0,0,0,0,0,0,0,1,1,1,0,0,1,1,0,1,0,1,0,0,1,1
1,1,1,1,1,1,1,1,0,0,1,0,1,1,1,1,1,1,1,1,1,1,1,1,1,1,1,0,1,1,1,0,0,1,0,0,1,1,1,1,0,1,0,1,1,1,0,1,1,0,0,0,0,1,1,0,1,1,1,1,1,1,1,1,1,1,0,1,1,0,1,1,1,0,0,1,0,1,0,1,1,0,0,1,0,1,0,1,1,1,1,1,0,0,0,0,1,1,0,1,0,1,0,0,1,0,1,1,1,1,1,1,1,1,1,1,1,1,1,0,0,1,0,1,0,1,1,1,1,0,1,1,1,0,0,1,1,0,0,1,0,0,0,1,0,1,1,1,1,0,0,0,0,1,0,0,0,0,0,1,1,1,0,1,0,1,0,0,1,0,1,1,1,1,0,1,1,1,0,1,1,1,0,0,0,0,1,1,1,1,0,1,1,0,1,1,1,1,1,0,0,1,1,1,0,0,1,1,1,0,0,1,1,0,1,0,1,0,0,1,1
1,1,1,1,1,1,1,1,0,0,1,0,1,1,1,1,1,1,1,1,1,1,1,1,1,1,1,0,1,1,1,0,0,1,0,0,1,1,1,1,0,1,0,1,1,1,0,1,1,0,0,0,0,1,1,0,1,1,1,1,1,1,1,1,1,1,0,1,1,0,1,1,1,0,0,1,0,1,0,1,1,0,0,1,0,1,0,1,1,1,1,1,0,0,0,0,1,1,0,1,0,1,0,0,1,0,1,1,1,1,1,1,1,1,1,1,1,1,1,0,0,1,0,1,0,1,1,1,1,0,1,1,1,0,0,1,1,0,0,1,0,0,0,1,0,1,1,1,1,0,0,0,0,1,0,0,0,0,0,1,1,1,0,1,0,1,0,0,1,0,1,1,1,1,0,1,1,1,0,1,1,1,0,0,0,0,1,1,1,1,0,1,1,0,1,1,1,1,1,0,0,1,1,1,0,0,1,1,1,0,0,1,1,0,1,0,1,0,0,1,1
1,1,1,1,1,1,1,0,0,0,1,0,1,1,0,1,1,1,1,1,1,1,1,1,1,1,1,0,1,1,1,0,0,1,0,0,1,1,1,1,0,1,0,1,1,1,0,1,1,0,0,1,0,1,1,0,0,1,1,1,1,1,1,1,1,1,0,1,1,0,1,1,1,0,0,1,0,1,0,1,1,0,0,1,0,1,0,1,1,1,1,1,0,0,0,0,1,1,0,1,0,1,0,0,1,0,1,1,1,1,1,1,1,1,0,1,1,1,1,0,0,1,0,1,0,0,1,1,1,0,1,1,1,0,0,1,1,0,0,1,0,0,0,1,0,1,1,1,1,0,0,0,0,1,0,0,0,0,0,1,1,0,0,1,0,1,0,0,1,0,1,1,1,1,0,1,1,1,0,0,1,1,0,0,0,0,1,0,1,1,0,1,1,0,1,1,1,1,0,0,0,1,1,1,0,0,1,1,0,0,0,1,0,0,1,0,0,0,0,1,0
1,1,1,1,1,1,1,0,0,0,1,0,1,1,0,1,1,1,1,1,1,1,1,1,1,1,1,0,1,1,1,0,0,1,0,0,1,1,1,1,0,1,0,1,1,1,0,1,1,0,0,1,0,1,1,0,0,1,1,1,1,1,1,1,1,1,0,1,1,0,1,1,1,0,0,1,0,1,0,1,1,0,0,1,0,1,0,1,1,1,1,1,0,0,0,0,1,1,0,1,0,1,0,0,1,0,1,1,1,1,1,1,1,1,0,1,1,1,1,0,0,1,0,1,0,0,1,1,1,0,1,1,1,0,0,1,1,0,0,1,0,0,0,1,0,1,1,1,1,0,0,0,0,1,0,0,0,0,0,1,1,0,0,1,0,1,0,0,1,0,1,1,1,1,0,1,1,1,0,0,1,1,0,0,0,0,1,0,1,1,0,1,1,0,1,1,1,1,0,0,0,1,1,1,0,0,1,1,0,0,0,1,0,0,1,0,0,0,0,1,0
1,1,1,1,1,0,0,0,0,0,1,0,1,1,1,1,1,1,1,1,1,1,0,1,0,1,1,1,1,1,0,0,0,1,0,0,0,0,1,0,0,1,0,0,1,1,0,1,0,1,1,0,0,1,1,0,0,0,0,1,1,1,1,1,1,1,1,1,0,0,1,0,1,0,1,1,0,0,0,1,0,1,1,1,0,0,0,1,1,1,0,1,0,0,1,0,1,0,0,1,0,1,0,1,1,0,1,0,0,1,1,1,0,0,0,1,1,0,1,0,0,1,0,0,0,0,1,0,0,0,1,1,0,0,0,1,0,0,0,0,0,0,0,1,0,0,0,1,1,0,0,0,0,0,0,0,0,0,0,0,1,0,0,1,0,0,0,0,0,0,1,0,0,0,0,0,1,1,0,0,1,0,0,0,0,0,0,0,0,0,0,0,0,0,0,1,1,0,0,0,0,0,0,0,0,0,1,0,0,0,0,1,0,0,0,0,0,0,0,1,0
1,1,1,1,1,0,0,0,0,0,1,0,1,1,1,1,1,1,1,1,1,1,0,1,0,1,1,1,1,1,0,0,0,0,0,0,0,0,1,0,0,1,0,0,1,1,0,1,0,1,1,1,0,1,1,0,0,0,0,1,1,1,1,0,0,1,1,1,0,0,1,0,1,0,1,1,0,0,0,1,0,1,1,1,0,0,0,1,1,1,0,1,0,0,1,0,1,0,0,1,0,1,0,1,1,0,1,0,0,1,1,1,0,0,0,1,1,0,1,0,0,1,0,0,0,0,1,0,0,0,1,1,0,0,0,1,0,0,0,0,0,0,0,1,0,0,0,1,1,0,0,0,0,0,0,0,0,0,0,0,1,0,0,1,0,0,0,0,0,0,0,0,0,0,0,0,1,1,0,0,1,0,0,0,0,0,0,0,0,0,0,0,0,0,0,1,1,0,0,0,0,0,0,0,0,0,1,0,0,0,0,1,0,0,0,0,0,0,0,1,0
0,1,0,1,0,0,0,0,0,0,1,0,1,1,0,1,1,1,1,0,0,1,0,0,0,1,1,1,1,1,0,0,0,0,0,0,0,0,1,0,0,1,0,0,1,1,0,1,0,1,1,1,0,1,1,0,0,0,0,1,1,1,1,0,0,1,1,1,0,0,1,0,1,0,1,1,0,0,0,1,0,1,1,1,0,0,0,1,1,1,0,1,0,0,1,0,1,0,0,1,0,1,0,1,1,0,1,0,0,1,1,1,0,0,0,1,1,0,1,0,0,1,0,0,0,0,1,0,0,0,1,1,0,0,0,1,0,0,0,0,0,0,0,1,0,0,0,1,1,0,0,0,0,0,0,0,0,0,0,0,1,0,0,1,0,0,0,0,0,0,0,0,0,0,0,0,1,1,0,0,1,0,0,0,0,0,0,0,0,0,0,0,0,0,0,1,1,0,0,0,0,0,0,0,0,0,1,0,0,0,0,1,0,0,0,0,0,0,0,1,0
0,1,0,1,0,0,0,0,0,0,1,0,1,1,0,1,1,1,1,0,0,1,0,0,0,1,1,1,1,1,0,0,0,0,0,0,0,0,1,0,0,1,0,0,1,1,0,1,0,1,1,1,0,1,1,0,0,0,0,1,1,1,1,0,0,1,1,1,0,0,1,0,1,0,1,1,0,0,0,1,0,1,1,1,0,0,0,1,1,1,0,1,0,0,1,0,1,0,0,1,0,1,0,1,1,0,1,0,0,1,1,1,0,0,0,1,1,0,1,0,0,1,0,0,0,0,1,0,0,0,1,1,0,0,0,1,0,0,0,0,0,0,0,1,0,0,0,1,1,0,0,0,0,0,0,0,0,0,0,0,1,0,0,1,0,0,0,0,0,0,0,0,0,0,0,0,1,1,0,0,1,0,0,0,0,0,0,0,0,0,0,0,0,0,0,1,1,0,0,0,0,0,0,0,0,0,1,0,0,0,0,1,0,0,0,0,0,0,0,1,0
0,0,0,1,0,0,0,0,0,0,1,0,1,1,0,1,1,1,0,0,0,0,0,0,0,1,1,1,1,0,0,0,0,1,0,0,0,0,1,0,0,1,0,0,1,1,0,1,0,1,1,1,0,1,1,0,0,0,0,1,1,1,1,1,1,1,1,1,0,0,1,0,1,0,1,1,0,0,0,1,0,1,1,1,0,0,0,1,1,1,0,1,0,0,1,0,1,0,0,1,0,1,0,1,1,0,1,0,0,1,1,1,0,0,0,1,1,0,1,0,0,1,0,0,0,0,1,0,0,0,1,1,0,0,0,1,0,0,0,0,0,0,0,1,0,0,0,1,1,0,0,0,0,0,0,0,0,0,0,0,1,0,0,1,0,0,0,0,0,0,1,0,0,0,0,0,1,1,0,0,1,0,0,0,0,0,0,0,0,0,0,0,0,0,0,1,1,0,0,0,0,0,0,0,0,0,1,0,0,0,0,1,0,0,0,0,0,0,0,1,0
0,1,0,1,0,0,0,0,0,0,1,0,1,1,0,0,0,1,1,0,0,1,0,0,0,1,1,0,1,0,0,0,0,0,0,0,0,0,1,0,0,1,0,0,1,1,0,1,0,0,0,1,0,1,1,0,0,0,0,1,1,1,1,0,0,1,1,1,0,0,1,0,1,0,1,1,0,0,0,1,0,0,1,1,0,0,0,1,1,1,0,1,0,0,0,0,1,0,0,1,0,1,0,1,1,0,1,0,0,1,1,1,0,0,0,1,1,0,1,0,0,1,0,0,0,0,0,0,0,0,1,1,0,0,0,1,0,0,0,0,0,0,0,1,0,0,0,1,0,0,0,0,0,0,0,0,0,0,0,0,1,0,0,1,0,0,0,0,0,0,0,0,0,0,0,0,1,1,0,0,1,0,0,0,0,0,0,0,0,0,0,0,0,0,0,1,1,0,0,0,0,0,0,0,0,0,1,0,0,0,0,1,0,0,0,0,0,0,0,1,0
0,1,0,1,0,0,0,0,0,0,1,0,1,1,0,0,0,1,1,0,0,1,0,0,0,1,1,0,1,0,0,0,0,0,0,0,0,0,1,0,0,1,0,0,1,1,0,1,0,0,0,1,0,1,1,0,0,0,0,1,1,1,1,0,0,1,1,1,0,0,1,0,1,0,1,1,0,0,0,1,0,0,1,1,0,0,0,1,1,1,0,1,0,0,0,0,1,0,0,1,0,1,0,1,1,0,1,0,0,1,1,1,0,0,0,1,1,0,1,0,0,1,0,0,0,0,0,0,0,0,1,1,0,0,0,1,0,0,0,0,0,0,0,1,0,0,0,1,0,0,0,0,0,0,0,0,0,0,0,0,1,0,0,1,0,0,0,0,0,0,0,0,0,0,0,0,1,1,0,0,1,0,0,0,0,0,0,0,0,0,0,0,0,0,0,1,1,0,0,0,0,0,0,0,0,0,1,0,0,0,0,1,0,0,0,0,0,0,0,1,0
0,1,0,1,0,0,0,0,0,0,1,0,1,1,0,0,0,1,1,0,0,1,0,0,0,1,1,0,1,0,0,0,0,0,0,0,0,0,1,0,0,1,0,0,1,1,0,1,0,0,0,1,0,1,1,0,0,0,0,1,1,1,1,0,0,1,1,1,0,0,1,0,1,0,1,1,0,0,0,1,0,0,1,1,0,0,0,1,1,1,0,1,0,0,0,0,1,0,0,1,0,1,0,1,1,0,1,0,0,1,1,1,0,0,0,1,1,0,1,0,0,1,0,0,0,0,0,0,0,0,1,1,0,0,0,1,0,0,0,0,0,0,0,1,0,0,0,1,0,0,0,0,0,0,0,0,0,0,0,0,1,0,0,1,0,0,0,0,0,0,0,0,0,0,0,0,1,1,0,0,1,0,0,0,0,0,0,0,0,0,0,0,0,0,0,1,1,0,0,0,0,0,0,0,0,0,1,0,0,0,0,1,0,0,0,0,0,0,0,1,0
0,1,0,1,0,0,0,0,0,0,1,0,1,1,0,0,0,1,1,0,0,1,0,0,0,1,1,0,1,0,0,0,0,0,0,0,0,0,1,0,0,1,0,0,1,1,0,1,0,0,0,1,0,1,1,0,0,0,0,1,1,1,1,0,0,1,1,1,0,0,1,0,1,0,1,1,0,0,0,1,0,0,1,1,0,0,0,1,1,1,0,1,0,0,0,0,1,0,0,1,0,1,0,1,1,0,1,0,0,1,1,1,0,0,0,1,1,0,1,0,0,1,0,0,0,0,0,0,0,0,1,1,0,0,0,1,0,0,0,0,0,0,0,1,0,0,0,1,0,0,0,0,0,0,0,0,0,0,0,0,1,0,0,1,0,0,0,0,0,0,0,0,0,0,0,0,1,1,0,0,1,0,0,0,0,0,0,0,0,0,0,0,0,0,0,1,1,0,0,0,0,0,0,0,0,0,1,0,0,0,0,1,0,0,0,0,0,0,0,1,0
1,1,0,1,1,1,1,0,0,0,1,0,1,1,0,1,1,1,1,1,1,1,0,1,0,1,1,0,1,0,1,0,0,1,0,0,0,0,1,1,0,1,0,1,1,1,0,1,0,0,0,1,1,1,1,0,1,1,1,1,1,1,1,1,1,1,0,1,1,0,1,1,1,0,0,1,0,0,0,1,0,0,0,1,0,1,1,1,1,1,1,1,0,0,0,0,1,1,0,1,0,1,0,0,1,1,1,0,0,1,1,1,1,1,0,1,1,1,1,0,0,1,1,1,0,0,1,1,1,0,1,1,0,0,0,1,1,0,1,1,0,0,0,1,0,1,1,1,1,1,0,0,0,1,0,0,1,0,0,1,1,0,0,1,1,1,0,0,1,0,1,1,1,1,1,1,1,1,0,0,1,1,0,0,0,1,1,1,0,1,0,0,0,0,0,1,1,0,1,0,0,0,0,0,0,0,1,0,1,0,0,1,0,0,0,0,1,0,0,1,0
0,1,0,1,0,1,1,0,0,0,1,0,1,1,0,1,1,1,1,1,1,1,1,1,1,1,1,0,1,1,1,0,0,1,0,0,0,0,1,1,0,1,1,1,1,1,0,1,1,0,0,1,1,1,1,0,0,1,1,1,1,1,1,1,1,1,0,1,1,0,1,1,1,0,0,1,0,1,0,1,1,0,0,1,0,1,0,1,1,1,1,1,0,0,0,1,1,1,0,1,0,1,0,0,1,0,1,1,0,1,1,1,1,1,0,1,1,1,1,0,1,1,1,1,0,0,1,1,1,0,1,1,1,1,0,1,1,0,1,1,0,1,0,1,0,1,1,1,1,0,1,0,0,1,1,0,0,1,0,1,1,0,1,1,1,1,0,0,1,0,1,1,1,1,1,1,1,1,0,0,1,1,0,1,1,1,1,1,1,1,0,0,1,0,0,1,1,1,1,0,0,0,0,1,0,0,1,0,1,0,0,1,0,0,0,0,1,0,0,1,0
0,1,0,1,0,1,1,1,0,0,1,0,1,1,0,0,0,1,0,0,0,1,0,0,0,1,1,0,0,0,1,0,0,1,0,0,1,0,1,1,0,1,1,1,1,1,0,1,1,0,0,1,0,1,1,0,1,1,1,1,1,1,1,1,1,1,0,1,1,0,1,1,1,0,0,1,0,0,1,1,1,0,0,1,0,0,1,1,1,1,1,1,0,0,0,0,1,1,0,1,0,1,0,0,1,0,1,1,0,1,1,1,1,1,0,1,1,1,1,0,1,1,0,1,0,0,0,1,1,0,1,1,1,0,0,1,1,0,0,1,0,0,0,1,0,1,1,1,0,0,0,0,0,1,0,0,0,0,0,1,1,0,0,1,0,1,1,0,1,0,1,0,0,1,0,1,1,1,0,0,1,1,0,0,1,0,1,1,1,1,0,1,1,0,1,1,1,1,0,0,0,1,1,1,0,0,1,0,0,0,1,1,0,0,0,0,0,0,1,1,0
1,1,0,1,0,1,1,1,0,0,1,0,1,1,0,1,1,1,0,1,1,1,0,1,0,1,1,0,0,0,1,0,0,1,1,0,1,1,1,1,0,1,1,1,1,1,0,1,1,0,0,1,0,1,1,0,1,0,0,1,1,1,1,1,1,1,0,1,1,1,1,1,1,0,0,1,0,0,1,1,1,0,0,1,0,0,1,1,1,1,0,1,0,0,0,0,1,1,0,1,0,1,0,0,1,0,1,1,0,1,1,1,0,0,0,1,1,0,1,0,1,1,0,0,0,1,1,1,0,0,1,1,1,0,0,1,0,0,0,1,0,0,0,1,0,0,0,1,1,1,1,0,1,0,0,0,0,0,0,0,1,0,0,1,0,1,0,1,1,0,1,0,0,0,0,0,1,1,0,1,1,1,0,0,1,0,1,0,1,1,1,1,1,1,1,1,1,1,0,1,1,1,1,1,0,0,1,0,0,0,0,1,0,0,0,0,0,0,0,1,0
0,1,0,1,0,1,0,0,0,0,1,0,1,1,0,1,1,1,0,1,1,1,0,1,0,1,1,1,1,1,1,0,0,1,0,0,0,0,1,0,0,1,0,1,1,1,0,1,0,1,1,1,0,1,1,0,0,1,0,1,1,1,1,1,1,1,0,1,0,0,1,1,1,0,1,1,0,1,0,1,1,1,1,1,0,1,0,1,1,1,0,1,0,0,1,1,1,0,0,1,0,1,0,1,1,0,1,1,0,1,1,1,0,0,0,1,1,0,1,0,1,1,0,0,0,0,1,0,0,0,1,1,1,1,0,1,0,0,1,0,0,1,0,1,1,0,0,1,1,0,0,0,0,0,0,1,0,1,0,0,1,0,0,1,0,0,0,0,0,0,1,1,1,0,0,0,1,1,0,0,1,0,0,1,1,0,0,0,1,0,0,0,1,0,1,1,1,0,0,0,0,0,0,1,0,0,1,0,0,0,0,1,0,0,0,0,0,0,0,1,0
0,1,0,1,0,1,1,0,0,0,1,0,1,1,0,1,1,1,0,1,1,1,0,1,0,1,1,1,1,0,1,0,0,1,0,0,1,0,1,1,0,1,1,1,1,1,0,1,1,1,1,1,0,1,1,0,1,0,0,1,1,1,1,1,1,1,1,1,1,0,1,1,1,0,1,1,0,0,1,1,1,1,1,1,0,0,1,1,1,1,1,1,0,0,1,0,1,1,0,1,0,1,0,1,1,0,1,1,0,1,1,1,0,0,0,1,1,0,1,0,1,1,0,0,0,0,1,1,0,0,1,1,1,0,0,1,0,0,0,1,0,0,0,1,0,0,0,1,1,0,0,0,0,0,0,0,0,0,0,0,1,0,0,1,0,1,1,0,0,0,1,0,0,0,0,0,1,1,0,0,1,1,0,0,1,0,1,0,1,1,1,1,1,1,1,1,1,1,0,1,1,1,1,1,1,0,1,0,0,0,0,1,0,0,0,0,0,0,0,1,0
0,1,0,1,0,1,0,0,0,0,1,0,1,1,1,1,1,1,1,0,0,1,0,0,0,1,1,1,1,1,1,0,0,1,0,0,0,0,1,1,0,1,0,1,1,1,0,1,0,1,1,0,0,1,1,0,0,0,0,1,1,1,1,1,1,1,1,1,0,0,1,1,1,1,1,1,0,0,0,1,1,1,1,1,0,0,0,1,1,1,0,1,0,0,1,1,1,0,0,1,0,1,0,1,1,0,1,1,1,1,1,1,0,0,0,1,1,0,1,0,1,1,0,0,0,0,1,0,0,0,1,1,1,1,0,1,0,0,0,0,0,1,0,1,0,0,0,1,1,0,0,0,0,0,0,0,0,1,0,0,1,0,0,1,0,0,0,0,0,0,1,0,0,0,0,0,1,1,0,0,1,0,0,1,1,0,0,0,1,0,0,0,1,0,0,1,1,0,0,0,0,0,0,1,0,0,1,0,0,0,0,1,0,0,0,0,0,0,0,1,0
0,1,0,1,0,0,0,0,0,0,1,0,1,1,0,1,1,1,1,0,0,1,0,1,0,1,1,0,1,0,0,0,0,1,0,0,0,0,1,0,0,1,0,0,1,1,0,1,0,0,0,0,1,1,1,0,0,0,0,1,1,1,1,1,1,1,0,1,0,0,1,0,1,0,0,1,1,0,0,1,0,0,0,1,1,0,0,1,1,1,0,1,0,1,0,0,1,0,0,1,0,1,1,0,1,0,1,0,0,1,1,1,0,0,0,1,1,0,1,0,0,1,0,0,0,0,1,0,0,0,1,1,0,0,0,1,0,0,1,0,1,0,0,1,0,0,0,1,1,0,0,0,0,0,0,0,0,0,0,0,1,0,0,1,0,0,0,0,0,0,1,0,0,0,0,0,1,1,0,0,1,0,0,0,0,0,0,0,0,0,0,0,0,0,0,1,1,0,0,0,0,0,0,0,0,0,1,0,0,0,0,1,0,0,0,0,0,0,0,1,0
0,1,0,1,1,1,0,0,0,0,1,0,1,1,1,1,1,1,1,0,0,1,0,1,0,1,1,0,1,0,1,0,0,1,0,0,0,0,1,0,0,1,0,1,1,1,0,1,0,0,0,0,1,1,1,0,0,0,0,1,1,1,1,1,1,1,0,1,0,0,1,1,1,0,0,1,1,1,0,1,1,0,0,1,1,1,0,1,1,1,0,1,0,1,0,0,1,0,0,1,0,1,1,0,1,0,1,1,0,1,1,1,0,0,0,1,1,0,1,0,0,1,0,0,0,0,1,0,0,0,1,1,0,1,0,1,0,0,1,0,1,0,0,1,0,0,0,1,1,0,0,0,0,0,0,0,0,0,0,0,1,0,0,1,0,0,0,0,0,0,1,1,0,0,0,0,1,1,0,0,1,0,0,0,0,0,0,0,0,0,0,0,0,0,0,1,1,0,0,0,0,0,0,0,0,0,1,0,0,0,0,1,0,0,0,0,0,0,0,1,0
0,1,0,1,1,1,1,0,0,0,1,0,1,1,0,1,1,1,1,1,1,1,0,1,1,1,1,1,1,1,1,0,0,1,0,0,0,0,1,0,0,1,0,1,1,1,0,1,0,0,0,0,1,1,1,0,0,1,0,1,1,1,1,1,1,1,0,1,0,0,1,1,1,0,1,1,1,1,0,1,1,1,1,1,1,1,0,1,1,1,0,1,1,1,1,1,1,0,0,1,0,1,1,1,1,0,1,1,1,1,1,1,0,0,0,1,1,0,1,0,1,1,1,0,0,0,1,0,0,0,1,1,1,1,0,1,0,0,1,0,1,1,0,1,1,0,0,1,1,0,0,0,0,0,0,0,0,1,0,0,1,0,0,1,1,0,0,0,0,0,1,1,1,0,1,0,1,1,0,0,1,0,0,1,1,1,0,0,1,0,0,0,1,0,0,1,1,0,0,0,0,0,0,1,0,0,1,0,0,0,0,1,0,0,0,0,0,0,0,1,0
0,1,0,0,0,1,1,1,0,0,1,1,0,0,0,1,1,1,1,0,0,1,0,0,0,0,1,0,0,0,1,0,0,0,0,0,0,0,0,1,0,1,1,1,0,0,0,1,1,0,0,1,0,0,0,0,0,1,1,0,0,0,1,0,0,0,0,0,1,0,0,1,0,1,0,0,0,0,0,0,1,0,0,0,0,0,0,0,0,0,1,0,0,0,0,1,0,1,0,0,0,0,0,0,0,0,0,1,0,0,0,1,1,1,1,0,0,1,0,0,1,0,0,1,1,1,0,1,1,0,0,0,1,0,0,0,1,0,0,1,0,1,0,0,0,1,1,0,0,0,1,1,0,1,1,0,0,1,0,1,0,1,1,0,0,1,0,0,1,0,0,0,0,1,0,1,1,0,1,1,0,1,0,1,1,0,1,0,1,1,0,0,1,1,0,1,0,1,1,0,0,0,0,1,1,0,1,1,1,1,0,0,1,0,1,0,1,1,0,0,1
1,1,0,1,0,1,1,0,0,0,1,0,1,1,0,0,0,1,1,0,0,0,0,0,0,1,1,0,1,0,1,0,0,0,1,0,0,0,1,1,0,1,1,1,1,1,0,1,1,1,1,1,0,1,1,0,0,1,1,1,1,1,1,0,0,1,1,1,1,1,1,1,1,0,1,1,0,0,0,1,1,1,1,1,0,0,0,1,1,1,1,1,0,0,1,1,1,1,0,1,0,1,0,1,1,0,1,1,0,1,1,1,1,1,0,1,1,1,1,0,1,1,0,1,0,0,0,1,1,0,1,1,1,1,0,1,1,0,0,1,0,1,0,1,0,1,1,1,0,0,0,0,1,1,0,0,0,1,0,1,1,0,0,1,0,1,0,0,1,0,0,0,0,1,0,1,1,1,0,0,1,1,1,1,1,0,1,1,1,1,0,1,1,1,0,1,1,1,1,0,0,1,0,1,1,0,1,0,1,0,0,1,0,0,0,0,1,0,0,1,0
1,1,0,1,0,1,1,0,0,0,1,0,1,1,0,0,0,1,1,0,0,0,0,0,0,1,1,0,1,0,1,0,0,0,1,0,0,0,1,1,0,1,1,1,1,1,0,1,1,1,1,1,0,1,1,0,0,1,1,1,1,1,1,0,0,1,1,1,1,1,1,1,1,0,1,1,0,0,0,1,1,1,1,1,0,0,0,1,1,1,1,1,0,0,1,1,1,1,0,1,0,1,0,1,1,0,1,1,0,1,1,1,1,1,0,1,1,1,1,0,1,1,0,1,0,0,0,1,1,0,1,1,1,1,0,1,1,0,0,1,0,1,0,1,0,1,1,1,0,0,0,0,1,1,0,0,0,1,0,1,1,0,0,1,0,1,0,0,1,0,0,0,0,1,0,1,1,1,0,0,1,1,1,1,1,0,1,1,1,1,0,1,1,1,0,1,1,1,1,0,0,1,0,1,1,0,1,0,1,0,0,1,0,0,0,0,1,0,0,1,0
1,1,0,1,0,1,1,0,0,0,1,0,1,1,0,0,0,1,1,0,0,0,0,0,0,1,1,0,1,0,1,0,0,0,1,0,0,0,1,1,0,1,1,1,1,1,0,1,1,1,1,1,0,1,1,0,0,1,1,1,1,1,1,0,0,1,1,1,1,1,1,1,1,0,1,1,0,0,0,1,1,1,1,1,0,0,0,1,1,1,1,1,0,0,1,1,1,1,0,1,0,1,0,1,1,0,1,1,0,1,1,1,1,1,0,1,1,1,1,0,1,1,0,1,0,0,0,1,1,0,1,1,1,1,0,1,1,0,0,1,0,1,0,1,0,1,1,1,0,0,0,0,1,1,0,0,0,1,0,1,1,0,0,1,0,1,0,0,1,0,0,0,0,1,0,1,1,1,0,0,1,1,1,1,1,0,1,1,1,1,0,1,1,1,0,1,1,1,1,0,0,1,0,1,1,0,1,0,1,0,0,1,0,0,0,0,1,0,0,1,0
1,1,0,1,0,1,1,0,0,0,1,0,1,1,0,0,0,1,1,0,0,0,0,0,0,1,1,0,1,0,1,0,0,0,1,0,0,0,1,1,0,1,1,1,1,1,0,1,1,1,1,1,0,1,1,0,0,1,1,1,1,1,1,0,0,1,1,1,1,1,1,1,1,0,1,1,0,0,0,1,1,1,1,1,0,0,0,1,1,1,1,1,0,0,1,1,1,1,0,1,0,1,0,1,1,0,1,1,0,1,1,1,1,1,0,1,1,1,1,0,1,1,0,1,0,0,0,1,1,0,1,1,1,1,0,1,1,0,0,1,0,1,0,1,0,1,1,1,0,0,0,0,1,1,0,0,0,1,0,1,1,0,0,1,0,1,0,0,1,0,0,0,0,1,0,1,1,1,0,0,1,1,1,1,1,0,1,1,1,1,0,1,1,1,0,1,1,1,1,0,0,1,0,1,1,0,1,0,1,0,0,1,0,0,0,0,1,0,0,1,0
1,1,0,1,0,1,1,0,0,0,1,0,1,1,0,0,0,1,1,0,0,0,0,0,0,1,1,0,1,0,1,0,0,0,1,0,0,0,1,1,0,1,1,1,1,1,0,1,1,1,1,1,0,1,1,0,0,1,1,1,1,1,1,0,0,1,1,1,1,1,1,1,1,0,1,1,0,0,0,1,1,1,1,1,0,0,0,1,1,1,1,1,0,0,1,1,1,1,0,1,0,1,0,1,1,0,1,1,0,1,1,1,1,1,0,1,1,1,1,0,1,1,0,1,0,0,0,1,1,0,1,1,1,1,0,1,1,0,0,1,0,1,0,1,0,1,1,1,0,0,0,0,1,1,0,0,0,1,0,1,1,0,0,1,0,1,0,0,1,0,0,0,0,1,0,1,1,1,0,0,1,1,1,1,1,0,1,1,1,1,0,1,1,1,0,1,1,1,1,0,0,1,0,1,1,0,1,0,1,0,0,1,0,0,0,0,1,0,0,1,0
1,1,0,1,0,1,1,0,0,0,1,0,1,1,0,0,0,1,1,0,0,0,0,0,0,1,1,0,1,0,1,0,0,0,1,0,0,0,1,1,0,1,1,1,1,1,0,1,1,1,1,1,0,1,1,0,0,1,1,1,1,1,1,0,0,1,1,1,1,1,1,1,1,0,1,1,0,0,0,1,1,1,1,1,0,0,0,1,1,1,1,1,0,0,1,1,1,1,0,1,0,1,0,1,1,0,1,1,0,1,1,1,1,1,0,1,1,1,1,0,1,1,0,1,0,0,0,1,1,0,1,1,1,1,0,1,1,0,0,1,0,1,0,1,0,1,1,1,0,0,0,0,1,1,0,0,0,1,0,1,1,0,0,1,0,1,0,0,1,0,0,0,0,1,0,1,1,1,0,0,1,1,1,1,1,0,1,1,1,1,0,1,1,1,0,1,1,1,1,0,0,1,0,1,1,0,1,1,1,0,0,1,0,0,1,0,1,0,0,1,0
1,1,0,1,0,1,1,0,0,0,1,0,1,1,0,0,0,1,1,0,0,0,0,0,0,1,1,0,1,0,1,0,0,0,1,0,0,0,1,1,0,1,1,1,1,1,0,1,1,1,1,1,0,1,1,0,0,1,1,1,1,1,1,0,0,1,1,1,1,1,1,1,1,0,1,1,0,0,0,1,1,1,1,1,0,0,0,1,1,1,1,1,0,0,1,1,1,1,0,1,0,1,0,1,1,0,1,1,0,1,1,1,1,1,0,1,1,1,1,0,1,1,0,1,0,0,0,1,1,0,1,1,1,1,0,1,1,0,0,1,0,1,0,1,0,1,1,1,0,0,0,0,1,1,0,0,0,1,0,1,1,0,0,1,0,1,0,0,1,0,0,0,0,1,0,1,1,1,0,0,1,1,1,1,1,0,1,1,1,1,0,1,1,1,0,1,1,1,1,0,0,1,0,1,1,0,1,1,1,0,0,1,0,0,1,0,1,0,0,1,0
1,1,0,1,0,1,1,0,0,0,1,0,1,1,0,0,0,1,1,0,0,0,0,0,0,1,1,0,1,0,1,0,0,0,1,0,0,0,1,1,0,1,1,1,1,1,0,1,1,1,1,1,0,1,1,0,0,1,1,1,1,1,1,0,0,1,1,1,1,1,1,1,1,0,1,1,0,0,0,1,1,1,1,1,0,0,0,1,1,1,1,1,0,0,1,1,1,1,0,1,0,1,0,1,1,0,1,1,0,1,1,1,1,1,0,1,1,1,1,0,1,1,0,1,0,0,0,1,1,0,1,1,1,1,0,1,1,0,0,1,0,1,0,1,0,1,1,1,0,0,0,0,1,1,0,0,0,1,0,1,1,0,0,1,0,1,0,0,1,0,0,0,0,1,0,1,1,1,0,0,1,1,1,1,1,0,1,1,1,1,0,1,1,1,0,1,1,1,1,0,0,1,0,1,1,0,1,1,1,0,0,1,0,0,1,0,1,0,0,1,0
1,1,0,1,0,1,1,0,0,0,1,0,1,1,0,0,0,1,1,0,0,0,0,0,0,1,1,0,1,0,1,0,0,0,1,0,0,0,1,1,0,1,1,1,1,1,0,1,1,1,1,1,0,1,1,0,0,1,1,1,1,1,1,0,0,1,1,1,1,1,1,1,1,0,1,1,0,0,0,1,1,1,1,1,0,0,0,1,1,1,1,1,0,0,1,1,1,1,0,1,0,1,0,1,1,0,1,1,0,1,1,1,1,1,0,1,1,1,1,0,1,1,0,1,0,0,0,1,1,0,1,1,1,1,0,1,1,0,0,1,0,1,0,1,0,1,1,1,0,0,0,0,1,1,0,0,0,1,0,1,1,0,0,1,0,1,0,0,1,0,0,0,0,1,0,1,1,1,0,0,1,1,1,1,1,0,1,1,1,1,0,1,1,1,0,1,1,1,1,0,0,1,0,1,1,0,1,1,1,0,0,1,0,0,1,0,1,0,0,1,0
1,1,0,1,0,1,1,0,0,0,1,0,1,1,0,0,0,1,1,0,0,0,0,0,0,1,1,0,1,0,1,0,0,0,1,0,0,0,1,1,0,1,1,1,1,1,0,1,1,1,1,1,0,1,1,0,0,1,1,1,1,1,1,0,0,1,1,1,1,1,1,1,1,0,1,1,0,0,0,1,1,1,1,1,0,0,0,1,1,1,1,1,0,0,1,1,1,1,0,1,0,1,0,1,1,0,1,1,0,1,1,1,1,1,0,1,1,1,1,0,1,1,0,1,0,0,0,1,1,0,1,1,1,1,0,1,1,0,0,1,0,1,0,1,0,1,1,1,0,0,0,0,1,1,0,0,0,1,0,1,1,0,0,1,0,1,0,0,1,0,0,0,0,1,0,1,1,1,0,0,1,1,1,1,1,0,1,1,1,1,0,1,1,1,0,1,1,1,1,0,0,1,0,1,1,0,1,1,1,0,0,1,0,0,1,0,1,0,0,1,0
1,1,1,1,0,1,1,1,0,0,1,0,1,1,0,0,0,1,1,0,0,0,0,0,0,1,1,0,1,0,1,0,0,0,0,0,0,0,1,1,0,1,1,1,1,1,0,1,1,1,1,1,0,1,1,0,0,1,1,1,1,1,1,0,0,1,1,1,1,0,1,1,1,0,1,1,0,0,0,1,1,1,1,1,0,0,0,1,1,1,1,1,0,0,1,1,1,1,0,1,0,1,0,1,1,0,1,1,0,1,1,1,1,1,1,1,1,1,1,0,1,1,0,1,0,1,0,1,1,0,1,1,1,1,0,1,1,0,0,1,0,1,0,1,0,1,1,1,0,0,0,0,0,1,0,0,0,1,0,1,1,1,0,1,0,1,0,0,1,0,0,0,0,1,0,1,1,1,0,1,1,1,0,1,1,0,1,1,1,1,0,1,1,1,0,1,1,1,1,0,0,1,0,1,1,0,1,1,1,0,0,1,1,0,1,0,1,0,0,1,1
1,1,0,1,0,1,1,0,0,0,1,0,1,1,0,0,0,1,1,0,0,0,0,0,0,1,1,0,1,0,1,0,0,0,1,0,0,0,1,1,0,1,1,1,1,1,0,1,1,1,1,1,0,1,1,0,0,1,1,1,1,1,1,0,0,1,1,1,1,1,1,1,1,0,1,1,0,0,0,1,1,1,1,1,0,0,0,1,1,1,1,1,0,0,1,1,1,1,0,1,0,1,0,1,1,0,1,1,0,1,1,1,1,1,0,1,1,1,1,0,1,1,0,1,0,0,0,1,1,0,1,1,1,1,0,1,1,0,0,1,0,1,0,1,0,1,1,1,0,0,0,0,1,1,0,0,0,1,0,1,1,0,0,1,0,1,0,0,1,0,0,0,0,1,0,1,1,1,0,0,1,1,1,1,1,0,1,1,1,1,0,1,1,1,0,1,1,1,1,0,0,1,0,1,1,0,1,0,1,0,0,1,0,0,0,0,1,0,0,1,0
0,1,0,0,0,1,1,0,0,0,0,0,0,0,0,0,0,0,0,0,0,0,0,0,0,0,0,0,0,0,1,0,0,0,0,0,0,0,0,1,0,0,0,1,0,0,0,0,0,0,0,1,0,0,0,0,0,0,0,0,0,0,0,0,0,0,0,0,0,0,0,1,0,1,0,0,0,0,0,0,1,0,0,0,0,0,0,0,0,0,0,0,0,0,0,0,0,0,0,0,0,0,0,0,0,0,0,1,0,0,0,0,0,0,0,0,0,0,0,0,1,0,0,0,0,0,0,0,0,0,0,0,1,0,0,0,0,0,0,0,0,0,0,0,0,0,0,0,0,0,0,0,0,0,0,0,0,0,0,0,0,0,0,0,0,0,0,0,0,0,0,0,0,0,0,0,0,0,0,0,0,0,0,1,1,0,0,0,1,0,0,0,1,0,0,1,0,0,0,0,0,0,0,1,0,0,0,0,0,0,0,0,0,0,0,0,0,0,0,0,0
1,1,0,1,0,1,1,0,0,0,1,0,1,1,0,0,0,1,1,0,0,0,0,0,0,1,1,0,1,0,1,0,0,0,1,0,0,0,1,1,0,1,1,1,1,1,0,1,1,1,1,1,0,1,1,0,0,1,1,1,1,1,1,0,0,1,1,1,0,1,1,1,1,0,1,1,0,0,0,1,1,1,1,1,0,0,0,1,1,1,0,1,0,0,1,1,1,1,0,1,0,1,0,1,1,0,1,1,0,1,1,1,1,1,0,1,1,1,1,0,1,1,0,0,0,0,0,1,1,0,1,1,1,1,0,1,0,0,0,0,0,1,0,1,0,0,1,1,0,0,0,0,1,1,0,0,0,1,0,0,1,0,0,1,0,1,0,0,1,0,0,0,0,1,0,1,1,1,0,0,1,0,1,1,1,0,1,1,1,1,0,1,1,1,0,1,1,1,1,0,0,1,0,1,1,0,1,0,1,0,0,1,0,0,0,0,1,0,0,1,0
1,1,0,0,0,1,1,1,0,0,1,0,0,1,0,0,0,1,1,0,0,0,0,0,0,1,1,0,1,0,1,0,0,0,1,0,0,0,0,1,0,0,0,1,0,0,0,0,1,0,0,1,0,0,0,0,0,1,1,1,0,0,0,0,0,0,0,0,1,1,0,1,0,1,0,0,0,0,0,0,1,0,0,0,0,0,0,0,0,0,1,0,0,0,0,1,0,1,0,0,0,0,0,0,0,0,0,1,0,0,0,0,1,1,0,0,0,1,0,0,1,0,0,1,0,0,0,1,1,1,0,0,1,0,1,0,1,0,0,1,0,1,0,0,0,1,1,0,0,0,1,0,1,1,1,0,0,1,1,1,0,0,1,0,0,1,0,1,1,1,0,0,0,1,0,1,0,0,0,0,0,1,1,1,1,0,1,0,1,1,1,0,1,1,0,1,1,1,1,1,1,0,0,1,1,0,1,1,1,1,1,0,0,0,1,1,1,1,1,0,0
1,1,0,0,0,1,1,1,0,0,1,0,0,1,0,0,0,1,1,0,0,0,0,0,0,1,1,0,1,0,1,0,0,0,1,0,0,0,0,1,0,0,0,1,0,0,0,0,0,0,0,1,0,0,0,0,0,1,1,1,0,0,0,0,0,0,0,0,1,1,0,1,0,1,0,0,0,0,0,0,1,0,0,0,0,0,0,0,0,0,1,0,0,0,0,1,0,1,0,0,0,0,0,0,0,0,0,1,0,0,0,0,1,1,0,0,0,1,0,0,1,0,0,1,0,0,0,1,1,1,0,0,1,0,1,0,1,0,0,1,0,1,0,0,0,1,1,0,0,0,1,0,1,1,1,0,0,1,1,1,0,0,1,0,0,1,0,1,1,1,0,0,0,1,0,1,0,0,0,0,0,1,1,1,1,0,1,0,1,1,1,0,1,1,0,1,1,1,1,1,1,0,0,1,1,0,1,1,1,1,1,0,0,0,1,1,1,1,1,0,0
1,1,0,0,0,1,1,1,0,0,1,0,0,1,0,0,0,1,1,0,0,1,0,0,0,1,1,0,1,0,1,0,0,0,1,0,0,0,0,1,0,0,0,1,0,0,0,0,0,0,0,1,0,0,0,0,0,1,1,1,0,0,0,0,0,0,0,0,1,1,0,1,0,1,0,0,0,0,0,0,1,0,0,0,0,0,0,0,0,0,1,0,0,0,0,1,0,1,0,0,0,0,0,0,0,0,0,1,0,0,0,0,1,1,0,0,0,1,0,0,1,0,0,1,0,0,0,1,1,1,0,0,1,0,1,0,1,0,0,1,0,1,0,0,0,1,1,0,0,0,1,0,1,1,1,0,0,1,1,1,0,0,1,0,0,1,0,1,1,1,0,0,0,1,0,1,0,0,0,0,0,1,1,1,1,0,1,0,1,1,1,0,1,1,0,1,1,1,1,1,1,0,0,1,1,0,1,1,1,1,1,0,0,0,1,1,1,1,1,0,0
1,1,1,0,0,1,1,1,0,0,1,0,0,1,0,0,0,1,1,0,0,0,0,0,0,1,1,0,1,0,1,0,0,0,1,0,0,0,0,1,0,0,0,1,0,0,0,0,0,0,0,1,0,0,0,0,0,1,1,1,0,0,0,0,0,0,0,0,1,1,0,1,0,1,0,0,0,0,0,0,1,0,0,0,0,0,0,0,0,0,1,0,0,0,0,1,0,1,0,0,0,0,0,0,0,0,0,1,0,0,0,0,1,1,0,0,0,1,0,0,1,0,0,1,0,0,0,1,1,1,0,0,1,0,1,0,1,0,0,1,0,1,0,0,0,1,1,0,0,0,1,0,1,1,1,0,0,1,1,1,0,0,1,0,0,1,0,1,1,1,0,0,0,1,0,1,0,0,0,0,0,1,1,1,1,0,1,0,1,1,1,0,1,1,0,1,1,1,1,1,1,0,0,1,1,0,1,1,1,1,1,0,0,0,1,1,1,1,1,0,0
0,1,0,0,0,1,1,1,0,0,1,0,0,1,1,0,0,1,1,0,0,1,1,1,0,1,1,0,1,1,1,0,0,0,1,1,1,0,0,1,0,0,0,1,0,0,0,0,0,0,0,1,0,0,0,0,0,1,1,1,0,0,0,0,0,0,0,0,1,1,0,1,0,1,0,0,0,0,0,0,1,0,0,0,0,0,0,0,0,0,1,0,0,0,0,1,0,1,0,0,0,0,0,0,0,0,0,1,0,0,0,0,1,1,0,0,0,1,0,0,1,0,0,1,0,0,0,1,1,1,0,0,1,0,1,0,1,0,0,1,0,1,0,0,0,1,1,0,0,0,1,0,1,1,1,0,0,1,1,1,0,0,1,0,0,1,0,1,1,1,0,0,0,1,0,1,0,0,0,0,0,1,1,1,1,0,1,0,1,1,1,0,1,1,0,1,1,1,1,1,1,0,0,1,1,1,1,1,1,0,1,0,0,1,1,1,1,1,1,0,0
0,1,0,0,0,1,1,1,0,0,0,0,0,0,0,0,1,1,1,0,0,1,0,0,0,1,1,0,1,0,1,0,0,0,1,0,0,0,0,1,0,0,0,1,0,0,0,0,1,0,0,1,0,0,0,0,0,1,1,0,0,0,0,0,0,0,0,0,1,1,0,1,0,1,0,0,0,0,0,0,1,0,0,0,0,0,0,0,0,0,1,0,0,0,0,1,0,1,0,0,0,0,0,0,0,0,0,1,0,0,0,0,1,1,1,0,0,1,0,0,1,0,0,1,0,1,0,1,1,1,0,0,1,0,1,0,1,0,0,1,0,1,0,0,0,1,1,0,0,0,1,0,1,1,1,0,0,1,1,1,0,1,1,0,0,1,0,1,1,1,0,0,0,1,0,1,0,0,0,1,0,1,1,1,1,0,1,0,1,1,1,0,1,1,0,1,1,1,1,1,1,0,0,1,1,0,0,1,1,0,1,0,1,0,1,0,1,0,1,0,1
0,1,0,0,0,1,1,1,0,0,0,0,0,0,0,0,0,1,1,0,0,1,1,0,0,0,1,0,0,0,1,0,0,0,1,0,0,0,0,1,0,0,1,1,0,0,0,0,1,0,0,0,0,0,0,0,1,1,1,0,0,0,0,0,0,0,0,0,1,1,0,1,0,0,0,0,0,0,1,0,1,0,0,0,0,0,1,0,0,0,0,0,0,0,0,0,0,1,0,0,0,0,0,0,0,0,0,1,0,0,0,0,1,1,1,0,0,1,0,0,1,0,0,0,0,1,0,1,1,0,0,0,1,0,0,0,0,0,0,1,0,0,0,0,0,0,1,0,0,0,1,0,1,1,0,0,0,0,0,0,0,0,0,0,0,1,0,1,1,0,0,0,0,1,0,1,0,0,0,1,0,1,1,1,1,0,1,0,1,1,1,0,1,1,0,0,0,1,1,1,1,0,0,1,1,0,0,1,1,0,0,0,1,0,1,0,1,0,0,0,1
0,1,0,0,0,1,1,1,0,0,1,1,0,0,0,0,1,1,0,0,0,0,0,0,0,0,0,0,0,0,1,0,0,0,1,0,1,0,0,1,0,0,1,1,0,0,0,0,1,0,0,1,0,0,0,0,1,0,0,0,0,0,0,0,0,0,0,0,1,1,0,1,0,1,0,0,0,0,0,0,1,0,0,0,0,0,0,0,0,0,0,0,0,0,0,1,0,0,0,0,0,0,0,0,0,0,0,1,0,0,0,0,0,0,0,0,0,0,0,0,1,0,0,0,0,1,0,0,0,0,0,0,1,0,0,0,0,0,0,0,0,1,0,0,0,0,0,0,0,0,1,0,1,0,0,0,0,1,0,0,0,0,0,0,0,1,0,1,1,0,0,0,0,0,0,1,0,0,0,1,0,0,0,1,0,0,1,0,1,1,1,0,1,0,0,1,1,1,1,1,1,0,0,1,0,0,1,0,0,1,0,0,0,1,0,1,0,1,0,0,0
0,1,0,0,0,1,1,1,0,0,1,1,0,0,0,0,1,1,0,0,0,0,0,0,0,0,0,0,0,0,1,0,0,0,1,0,1,0,0,1,0,0,1,1,0,0,0,0,1,0,0,1,0,0,0,0,1,0,0,0,0,0,0,0,0,0,0,0,1,1,0,1,0,1,0,0,0,0,0,0,1,0,0,0,0,0,0,0,0,0,0,0,0,0,0,1,0,0,0,0,0,0,0,0,0,0,0,1,0,0,0,0,0,0,0,0,0,1,0,0,1,0,0,0,0,1,0,1,1,0,0,0,1,0,1,0,0,0,0,0,0,1,0,0,0,0,0,0,0,0,1,0,1,1,0,0,0,1,0,0,0,0,0,0,0,1,0,1,1,1,0,0,0,0,0,1,0,0,0,1,0,0,1,1,0,0,1,0,1,1,1,0,1,0,0,1,1,1,1,1,1,0,0,1,0,0,1,0,0,1,0,0,0,1,0,1,0,1,0,0,0
0,1,0,0,0,1,1,1,0,0,1,1,0,0,0,0,1,1,0,0,0,0,0,0,0,0,0,0,0,0,1,0,0,0,1,0,1,0,0,1,0,0,1,1,0,0,0,0,1,0,0,1,0,0,0,0,1,0,0,0,0,0,0,0,0,0,0,0,1,1,0,1,0,1,0,0,0,0,0,0,1,0,0,0,0,0,0,0,0,0,0,0,0,0,0,1,0,0,0,0,0,0,0,0,0,0,0,1,0,0,0,0,0,0,0,0,0,1,0,0,1,0,0,0,0,1,0,1,1,0,0,0,1,0,1,0,0,0,0,0,0,1,0,0,0,0,0,0,0,0,1,0,1,1,0,0,0,1,0,0,0,0,0,0,0,1,0,1,1,1,0,0,0,0,0,1,0,0,0,1,0,0,1,1,0,0,1,0,1,1,1,0,1,0,0,1,1,1,1,1,1,0,0,1,0,0,1,0,0,1,0,0,0,1,0,1,0,1,0,0,0
0,1,0,0,0,1,1,1,0,0,1,1,0,0,0,0,1,1,0,0,0,0,0,0,0,0,0,0,0,0,1,0,0,0,1,1,0,0,0,1,0,0,1,1,0,0,0,0,1,0,0,1,0,0,0,0,1,0,0,0,0,0,0,0,0,0,0,0,1,1,0,1,0,1,0,0,0,0,0,0,1,0,0,0,0,0,0,0,0,0,0,0,0,0,0,1,0,0,0,0,0,0,0,0,0,0,0,1,0,0,0,0,0,0,0,0,0,1,0,0,1,0,0,0,0,1,0,1,1,0,0,0,1,0,1,0,0,0,0,0,0,1,0,0,0,0,0,0,0,0,1,0,1,1,0,0,0,1,0,0,0,0,0,0,0,1,0,1,1,1,0,0,0,0,0,1,0,0,0,1,0,0,1,1,0,0,1,0,1,1,1,0,1,0,0,1,1,1,1,1,1,0,0,1,0,1,1,0,0,1,0,0,0,1,0,1,0,1,0,0,0
0,1,0,0,0,1,1,1,0,0,0,0,0,0,0,0,1,1,1,0,0,1,1,1,0,0,1,0,1,0,1,0,0,0,1,0,0,0,0,1,0,0,0,1,0,0,0,0,0,0,0,0,0,0,0,0,0,1,1,0,0,0,0,0,0,0,0,0,1,1,0,0,0,0,0,0,0,0,0,0,0,0,0,0,0,0,0,0,0,0,1,0,0,0,0,0,0,1,0,0,0,0,0,0,0,0,0,0,0,0,0,0,1,1,1,0,0,1,0,0,0,0,0,1,0,1,0,1,1,1,0,0,0,0,0,0,1,0,0,1,0,0,0,0,0,1,1,0,0,0,1,0,1,1,1,0,0,0,0,1,0,1,1,0,0,1,0,1,1,0,0,0,0,1,0,1,0,0,0,1,0,1,1,0,0,0,1,0,0,1,1,0,0,0,0,0,0,0,0,1,1,0,0,0,0,0,0,0,0,0,0,0,1,0,0,0,0,0,0,0,1
0,1,1,0,0,1,1,1,0,0,0,0,0,0,0,0,1,1,1,0,1,1,1,1,1,0,1,0,1,1,1,0,0,0,1,0,0,0,0,1,0,0,0,1,0,0,0,0,0,0,0,0,0,0,0,0,0,1,1,0,0,0,0,0,0,0,0,0,1,1,0,0,0,0,0,0,0,0,0,0,0,0,0,0,0,0,0,0,0,0,1,0,0,0,0,0,0,1,0,0,0,0,0,0,0,0,0,0,0,0,0,0,1,1,1,0,0,1,0,0,0,0,0,1,0,1,0,1,1,1,0,0,0,0,0,0,1,0,0,1,0,0,0,0,0,1,1,0,0,0,1,0,1,1,1,0,0,0,0,1,0,1,1,0,0,1,0,1,1,0,0,0,0,1,0,1,0,0,0,1,0,1,1,0,0,0,1,0,0,1,1,0,0,0,0,0,0,0,0,1,1,0,0,0,0,0,0,0,0,0,0,0,1,0,0,0,0,0,0,0,1
0,1,1,0,0,1,1,1,0,0,0,0,0,0,0,0,1,1,1,0,1,1,1,1,1,0,1,0,1,1,1,0,0,0,1,0,0,0,0,1,0,0,0,1,0,0,0,0,0,0,0,0,0,0,0,0,0,1,1,1,0,0,0,0,0,0,0,0,1,1,0,0,0,0,0,0,0,0,0,0,0,0,0,0,0,0,0,0,0,0,1,0,0,0,0,0,0,1,0,0,0,0,0,0,0,0,0,0,0,0,0,0,1,1,1,0,0,1,0,0,0,0,0,1,0,1,0,1,1,1,0,0,0,0,0,0,1,0,0,1,0,0,0,0,0,1,1,0,0,0,1,0,1,1,1,0,0,0,0,1,0,1,1,0,0,1,0,1,1,0,0,0,0,1,0,1,0,0,0,1,0,1,1,0,0,0,1,0,0,1,1,0,0,0,0,1,1,1,1,1,1,0,0,0,0,0,1,1,1,0,1,0,1,0,1,0,1,0,1,0,1
0,1,0,1,0,1,0,0,0,0,0,0,0,0,0,1,1,1,1,0,0,1,0,0,0,0,1,0,0,0,1,0,0,1,0,0,1,0,1,1,0,1,0,1,0,0,0,1,1,0,0,1,0,1,1,0,0,1,1,0,0,0,1,1,1,0,0,0,1,0,0,0,0,0,0,1,0,0,0,0,0,0,0,1,0,0,0,0,1,0,1,0,0,0,0,0,1,1,0,1,0,0,0,0,0,1,0,0,0,0,0,1,1,1,0,1,1,1,1,0,0,0,0,1,0,0,0,1,1,0,0,0,0,0,0,1,1,0,0,1,0,0,0,1,0,1,1,1,0,0,0,0,0,1,0,0,0,0,0,1,1,0,0,1,0,1,0,0,1,0,1,0,0,1,0,1,1,1,0,0,1,1,0,0,0,0,1,1,0,1,0,0,0,0,0,0,0,0,0,0,0,0,0,0,0,0,0,0,0,0,0,0,0,0,0,0,0,0,0,0,0
0,1,0,1,0,1,0,0,0,0,0,0,0,0,0,1,1,1,1,0,0,1,0,0,0,0,1,0,0,0,1,0,0,1,0,0,1,0,1,1,0,1,0,1,0,0,0,1,1,0,0,1,0,1,1,0,0,1,1,0,0,0,1,1,1,0,0,0,1,0,0,0,0,0,0,1,0,0,0,0,0,0,0,1,0,0,0,0,1,0,1,0,0,0,0,0,1,1,0,1,0,0,0,0,0,1,0,0,0,0,0,1,1,1,0,1,1,1,1,0,0,0,0,1,1,0,0,1,1,0,0,0,0,0,0,1,1,0,0,1,0,0,0,1,0,1,1,1,0,0,0,1,0,1,0,0,0,0,0,1,1,0,0,1,0,1,0,0,1,0,1,0,0,1,0,1,1,1,1,0,1,1,0,0,0,0,1,0,0,1,0,0,0,0,0,0,0,0,0,0,0,0,0,0,0,0,0,0,0,0,0,0,0,0,0,0,0,0,0,0,0
0,1,0,1,0,1,1,0,0,0,0,0,0,0,0,1,1,1,1,0,0,1,0,0,0,0,1,0,0,0,1,0,0,1,0,0,1,0,1,1,0,1,0,1,0,0,0,1,1,0,0,1,0,1,1,0,0,1,1,0,0,0,1,1,1,0,0,0,1,0,0,0,0,0,0,1,0,0,0,0,0,0,0,1,0,0,0,0,1,0,1,0,0,0,0,0,1,1,0,1,0,0,0,0,0,1,0,0,0,0,0,1,1,1,1,1,1,1,1,0,0,0,0,1,0,1,0,1,1,0,0,0,0,0,0,1,1,0,0,1,0,0,0,1,0,1,1,1,0,0,0,0,0,1,0,0,0,0,0,1,1,1,0,1,0,1,1,0,1,0,1,0,0,1,0,1,1,1,0,1,1,1,0,0,0,0,1,1,0,1,0,1,0,0,0,0,0,0,0,0,0,1,1,0,0,0,0,0,0,0,0,0,1,0,0,0,0,0,0,0,1
0,1,0,1,0,1,1,0,0,0,0,0,0,0,0,1,1,1,1,0,0,1,0,0,0,0,1,0,0,0,1,0,0,1,0,0,1,0,1,1,0,1,0,1,0,0,0,1,1,0,0,1,0,1,1,0,0,1,1,0,0,0,1,1,1,0,0,0,1,0,0,1,0,0,0,1,0,1,0,0,1,0,0,1,0,1,0,0,1,0,1,0,0,0,0,1,1,1,0,1,0,0,0,0,0,0,0,1,0,0,0,1,1,1,0,1,1,1,1,0,1,0,0,1,0,0,0,1,1,0,0,0,1,0,0,1,1,0,0,1,0,1,0,1,0,1,1,1,0,0,0,0,0,1,0,0,0,1,0,1,1,0,0,1,0,1,0,0,1,0,1,1,1,1,0,1,1,1,0,0,1,1,0,1,1,0,1,1,1,1,0,0,1,0,0,0,0,0,0,0,0,0,0,1,0,0,0,0,0,0,0,0,0,0,0,0,0,0,0,0,0
0,1,0,1,0,1,1,0,0,0,0,0,0,0,0,1,1,1,1,0,0,1,0,0,0,0,1,0,0,0,1,0,0,1,0,0,1,0,1,1,0,1,0,1,0,0,0,1,1,0,0,1,0,1,1,0,0,1,1,0,0,0,1,1,1,0,0,0,1,0,0,1,0,0,0,1,0,1,0,0,1,0,0,1,0,1,0,0,1,0,1,0,0,0,0,1,1,1,0,1,0,0,0,0,0,0,0,1,0,0,0,1,1,1,0,1,1,1,1,0,1,0,0,1,1,0,0,1,1,0,0,0,1,0,0,1,1,0,0,1,0,1,0,1,0,1,1,1,0,0,0,1,0,1,0,0,0,1,0,1,1,0,0,1,0,1,0,0,1,0,1,1,1,1,0,1,1,1,1,0,1,1,0,1,1,0,1,0,1,1,0,0,1,0,0,0,0,0,0,0,0,0,0,1,0,0,0,0,0,0,0,0,0,0,0,0,0,0,0,0,0
0,1,0,1,0,1,1,1,0,0,0,0,0,0,0,1,1,1,1,0,0,1,0,0,0,0,1,0,0,0,1,0,0,1,0,0,1,0,1,1,0,1,0,1,0,0,0,1,1,0,0,1,0,1,1,0,0,1,1,0,0,0,1,1,1,0,0,0,1,0,0,1,0,0,0,1,0,1,0,0,1,0,0,1,0,1,0,0,1,0,1,0,0,0,0,1,1,1,0,1,0,0,0,0,0,0,0,1,0,0,0,1,1,1,1,1,1,1,1,0,1,0,0,1,0,1,0,1,1,0,0,0,1,0,0,1,1,0,0,1,0,1,0,1,0,1,1,1,0,0,0,0,0,1,0,0,0,1,0,1,1,1,0,1,0,1,1,0,1,0,1,1,1,1,0,1,1,1,0,1,1,1,0,1,1,0,1,1,1,1,0,1,1,0,0,0,0,0,0,0,0,1,1,1,0,0,0,0,0,0,0,0,1,0,0,0,0,0,0,0,1
1,1,1,1,0,1,1,0,0,1,1,1,0,0,0,1,1,1,1,1,1,1,1,1,1,1,1,0,1,0,1,0,1,1,0,0,1,0,1,1,1,1,0,1,1,1,1,1,1,0,0,1,0,1,1,0,0,1,1,1,1,1,1,1,1,1,0,1,1,0,1,0,1,0,0,1,0,0,0,1,0,0,0,1,0,0,0,1,1,1,1,1,0,0,0,0,1,1,1,1,1,1,0,0,1,1,1,0,0,1,1,1,1,1,1,1,1,1,1,1,0,1,0,1,0,1,0,1,1,0,1,1,0,0,0,1,1,1,1,1,0,0,1,1,1,1,1,1,0,0,0,0,0,1,0,1,0,0,0,1,1,1,0,1,0,1,0,0,1,0,1,0,0,1,0,1,1,1,0,1,1,1,0,0,0,0,1,0,0,1,0,0,0,0,0,1,1,1,1,0,0,0,0,0,0,0,1,1,1,1,0,1,1,1,1,1,1,1,0,1,1
1,1,1,1,0,1,1,0,0,1,1,1,0,0,0,1,1,1,1,1,1,1,1,1,1,1,1,0,1,0,1,0,1,1,0,0,1,0,1,1,1,1,0,1,1,1,1,1,1,0,0,1,0,1,1,0,0,1,1,1,1,1,1,1,1,1,0,1,1,0,1,0,1,0,0,1,0,0,0,1,0,0,0,1,0,0,0,1,1,1,1,1,0,0,0,0,1,1,1,1,1,1,0,0,1,1,1,0,0,1,1,1,1,1,1,1,1,1,1,1,0,1,0,1,0,1,1,1,1,0,1,1,0,0,0,1,1,1,1,1,0,0,1,1,1,1,1,1,1,0,0,0,0,1,0,1,0,0,0,1,1,1,0,1,0,1,0,0,1,0,1,0,0,1,0,1,1,1,0,1,1,1,0,0,0,0,1,0,0,1,0,0,0,0,0,1,1,1,1,0,0,0,0,0,0,0,1,1,1,1,0,1,1,1,1,1,1,1,0,1,1
1,1,1,1,0,1,1,0,0,1,1,1,0,0,0,1,1,1,1,1,1,1,1,1,1,1,1,0,1,0,1,0,1,1,0,0,1,0,1,1,1,1,0,1,1,1,1,1,1,0,0,1,0,1,1,0,0,1,1,1,1,1,1,1,1,1,0,1,1,0,1,0,1,0,0,1,0,0,0,1,0,0,0,1,0,0,0,1,1,1,1,1,0,0,0,0,1,1,1,1,1,1,0,0,1,1,1,0,0,1,1,1,1,1,1,1,1,1,1,1,0,1,0,1,0,1,0,1,1,0,1,1,0,0,0,1,1,1,1,1,0,0,1,1,1,1,1,1,0,0,0,0,0,1,0,1,0,0,0,1,1,1,0,1,0,1,0,0,1,0,1,0,0,1,0,1,1,1,0,1,1,1,0,0,0,0,1,0,0,1,0,0,0,0,0,1,1,1,1,0,0,0,0,0,0,0,1,1,1,1,0,1,1,1,1,1,1,1,0,1,1
1,1,1,1,0,1,1,0,0,1,1,1,0,0,0,1,1,1,1,1,1,1,1,1,1,1,1,0,1,0,1,0,1,1,0,0,1,0,1,1,1,1,0,1,1,1,1,1,1,0,0,1,0,1,1,0,0,1,1,1,1,1,1,1,1,1,0,1,1,0,1,0,1,0,0,1,0,0,0,1,0,0,0,1,0,0,0,1,1,1,1,1,0,0,0,0,1,1,1,1,1,1,0,0,1,1,1,0,0,1,1,1,1,1,1,1,1,1,1,1,0,1,0,1,0,1,1,1,1,0,1,1,0,0,0,1,1,1,1,1,0,0,1,1,1,1,1,1,1,0,0,0,0,1,0,1,0,0,0,1,1,1,0,1,0,1,0,0,1,0,1,0,0,1,0,1,1,1,0,1,1,1,0,0,0,0,1,0,0,1,0,0,0,0,0,1,1,1,1,0,0,0,0,0,0,0,1,1,1,1,0,1,1,1,1,1,1,1,0,1,1
1,1,1,1,1,1,1,0,0,1,0,0,0,0,0,1,1,1,1,1,1,1,1,1,1,1,1,1,1,1,1,0,1,1,0,0,0,0,1,1,1,1,1,1,1,1,1,1,1,0,0,0,0,1,1,0,0,1,1,1,1,1,0,1,1,1,0,1,1,0,1,1,1,0,0,1,0,1,0,1,1,0,0,1,0,1,0,1,1,1,1,1,0,0,0,1,1,1,1,1,1,1,0,0,1,1,1,1,0,1,1,1,1,0,0,1,1,1,1,1,1,1,0,1,0,0,0,1,1,0,1,1,1,0,0,1,1,1,1,1,0,1,1,1,1,1,1,1,0,0,1,0,0,1,1,1,0,1,0,1,1,0,1,1,0,1,1,0,1,0,1,1,1,1,0,1,1,1,0,0,1,1,0,1,1,0,1,0,1,1,0,1,1,1,1,1,1,1,0,0,0,1,1,1,1,0,0,0,0,0,0,1,0,0,0,1,0,0,0,1,0
1,1,1,1,1,1,1,0,0,1,0,0,0,0,0,1,1,1,1,1,1,1,1,1,1,1,1,1,1,1,1,0,1,1,0,0,0,0,1,1,1,1,1,1,1,1,1,1,1,0,0,0,0,1,1,0,0,1,1,1,1,1,0,1,1,1,0,1,1,0,1,1,1,0,0,1,0,1,0,1,1,0,0,1,0,1,0,1,1,1,1,1,0,0,0,0,1,1,1,1,1,1,0,0,1,1,1,1,0,1,1,1,1,0,0,1,1,1,1,1,0,1,0,1,0,0,0,1,1,0,1,1,1,0,0,1,1,1,1,1,0,0,1,1,1,1,1,1,0,0,1,0,0,1,1,1,0,0,0,1,1,0,1,1,0,1,1,0,1,0,1,1,1,1,0,1,1,1,0,0,1,1,0,0,0,0,1,0,1,1,0,1,1,0,0,1,1,1,0,0,0,1,1,1,0,0,0,0,0,0,0,1,0,0,0,1,0,0,0,1,0
1,1,1,1,1,1,1,0,0,1,0,0,0,0,0,1,1,1,1,1,1,1,1,1,1,1,1,1,1,1,1,0,1,1,0,0,0,0,1,1,1,1,1,1,1,1,1,1,1,0,0,0,0,1,1,0,0,1,1,1,1,1,0,1,1,1,0,1,1,0,1,1,1,0,0,1,0,1,0,1,1,0,0,1,0,1,0,1,1,1,1,1,0,0,0,0,1,1,1,1,1,1,0,0,1,1,1,1,0,1,1,1,1,0,0,1,1,1,1,1,0,1,0,1,0,0,0,1,1,0,1,1,1,0,0,1,1,1,1,1,0,0,1,1,1,1,1,1,0,0,1,0,0,1,1,1,0,0,0,1,1,0,1,1,0,1,1,0,1,0,1,1,1,1,0,1,1,1,0,0,1,1,0,0,0,0,1,0,1,1,0,1,1,0,0,1,1,1,0,0,0,1,1,1,0,0,0,0,0,0,0,1,0,0,0,1,0,0,0,1,0
1,1,1,1,1,1,1,0,0,1,0,0,0,0,0,1,1,1,1,1,1,1,1,1,1,1,1,1,1,1,1,0,1,1,0,0,0,0,1,1,1,1,1,1,1,1,1,1,1,0,0,0,0,1,1,0,0,1,1,1,1,1,0,1,1,1,0,1,1,0,1,1,1,0,0,1,0,1,0,1,1,0,0,1,0,1,0,1,1,1,1,1,0,0,0,0,1,1,1,1,1,1,0,0,1,1,1,1,0,1,1,1,1,0,0,1,1,1,1,1,0,1,0,1,0,0,0,1,1,0,1,1,1,0,0,1,1,1,1,1,0,0,1,1,1,1,1,1,0,0,1,0,0,1,1,1,0,0,0,1,1,0,1,1,0,1,1,0,1,0,1,1,1,1,0,1,1,1,0,0,1,1,0,0,0,0,1,0,1,1,0,1,1,0,0,1,1,1,0,0,0,1,1,1,0,0,0,0,0,0,0,1,0,0,0,1,0,0,0,1,0
0,1,0,1,0,1,1,1,0,0,1,0,1,1,0,1,1,1,1,0,0,1,1,1,0,0,1,0,1,0,1,0,0,0,0,0,0,0,1,0,0,1,0,1,0,0,0,1,0,0,0,0,0,1,1,0,0,0,0,0,0,0,1,0,0,0,0,0,0,0,0,1,0,0,0,1,0,1,0,0,1,0,0,1,0,1,0,0,1,0,0,0,0,0,0,1,1,0,0,1,0,0,0,0,0,0,0,1,0,0,0,1,0,0,0,1,1,0,1,0,1,0,0,0,0,0,0,0,0,0,0,0,1,0,0,1,0,0,0,0,0,1,0,1,0,0,0,1,0,0,0,0,0,0,0,0,0,1,0,0,1,0,0,1,0,0,0,0,0,0,0,1,1,0,0,0,1,1,0,0,1,0,0,1,1,0,0,0,1,0,0,0,1,0,1,1,0,0,0,0,0,0,0,1,0,0,1,0,0,1,0,0,0,0,0,0,0,1,0,0,0
0,1,0,1,0,1,1,1,0,0,1,0,1,1,0,1,1,1,1,0,0,1,1,1,0,0,1,0,1,0,1,0,0,0,0,0,0,0,1,0,0,1,0,1,0,0,0,1,0,0,0,1,0,1,1,0,0,0,0,0,0,0,1,0,0,0,0,0,0,0,0,1,0,0,0,1,0,1,0,0,1,0,0,1,0,1,0,0,1,0,0,0,0,0,0,1,1,0,0,1,0,0,0,0,0,0,0,1,0,0,0,1,0,0,0,1,1,0,1,0,1,0,0,0,0,0,0,0,0,0,0,0,1,0,0,1,0,0,0,0,0,1,0,1,0,0,0,1,0,0,0,0,0,0,0,0,0,1,0,0,1,0,0,1,0,0,0,0,0,0,0,1,1,0,0,0,1,1,0,0,1,0,0,1,1,0,0,0,1,0,0,0,1,0,1,1,1,0,0,0,0,0,0,1,0,0,1,0,0,1,0,0,0,0,0,1,0,1,0,0,0
0,1,0,1,0,1,1,1,0,0,1,0,1,1,0,1,1,1,1,0,0,1,1,1,0,0,1,0,1,0,1,0,0,0,0,0,0,0,1,1,0,1,0,1,0,0,0,1,1,0,0,1,0,1,1,0,0,1,1,0,0,0,1,0,0,0,0,0,1,0,0,1,0,0,0,1,0,1,0,0,1,0,0,1,0,1,0,0,1,0,1,0,0,0,0,1,1,1,0,1,0,0,0,0,0,0,0,1,0,0,0,1,1,1,0,1,1,1,1,0,1,0,0,1,0,0,0,1,1,0,0,0,1,0,1,1,1,0,0,1,0,1,0,1,0,1,1,1,0,0,0,0,0,1,0,0,0,1,1,1,1,0,0,1,0,1,1,0,1,1,0,1,1,1,0,1,1,1,0,0,1,1,0,1,1,0,1,0,1,1,0,0,1,0,1,1,0,1,0,0,0,0,0,1,0,0,1,0,0,1,1,0,0,0,0,0,0,1,1,0,0
0,1,0,1,0,1,1,1,0,0,1,0,1,1,0,0,0,1,1,0,0,1,0,0,0,0,1,0,0,0,1,0,0,0,0,0,0,0,1,0,0,1,0,1,0,0,0,1,0,0,0,1,0,0,0,0,0,0,0,0,0,0,1,0,0,0,0,0,0,0,0,1,0,0,0,1,0,1,0,0,1,0,0,1,0,1,0,0,1,0,0,0,0,0,0,1,0,0,0,1,0,0,0,0,0,0,0,1,0,0,0,1,0,0,0,0,0,0,1,0,1,0,0,0,0,0,0,0,0,0,0,0,1,0,0,0,0,0,0,0,0,1,0,0,0,0,0,1,0,0,0,0,0,0,0,0,0,1,0,0,1,0,0,1,0,0,0,0,0,0,0,1,1,0,0,0,1,0,0,0,0,0,0,1,1,0,0,0,1,0,0,0,1,0,0,1,0,0,0,0,0,0,0,1,0,0,1,0,0,1,0,0,0,0,0,0,0,1,0,0,0
0,1,0,1,0,1,1,1,0,0,1,0,1,1,0,1,1,1,1,0,0,1,1,1,0,0,1,0,1,0,1,0,0,0,0,0,0,0,1,1,0,1,0,1,0,0,0,1,1,0,0,1,0,1,1,0,0,1,1,0,0,0,1,0,0,0,0,0,1,0,0,1,0,0,0,1,0,1,0,0,1,0,0,1,0,1,0,0,1,0,1,0,0,0,0,1,1,1,0,1,0,0,0,0,0,0,0,1,0,0,0,1,1,1,0,1,1,1,1,0,1,0,0,1,0,0,0,1,1,0,0,0,1,0,0,1,1,0,0,1,0,1,0,1,0,1,1,1,0,0,0,0,0,1,0,0,0,1,0,1,1,0,0,1,0,1,0,0,1,0,0,1,1,1,0,1,1,1,0,0,1,1,0,1,1,0,1,0,1,1,0,1,1,1,1,1,0,0,0,0,0,1,0,1,1,0,1,1,0,1,0,0,0,0,1,0,0,1,0,0,0
0,1,0,1,0,1,1,0,0,1,1,0,1,1,0,0,0,1,1,0,0,0,0,0,0,1,1,0,1,0,1,0,1,0,1,0,0,0,0,1,1,0,0,1,0,1,1,0,1,0,0,1,0,1,0,0,0,1,1,1,0,1,0,0,0,0,0,0,1,1,1,1,0,0,0,0,0,1,0,1,1,0,0,1,0,1,0,0,1,0,1,0,0,0,0,1,0,1,1,0,1,0,0,0,1,0,1,1,0,1,1,0,1,1,1,1,0,1,1,1,1,1,0,1,0,1,0,1,1,0,1,0,1,0,0,0,1,1,0,1,0,1,1,1,0,1,1,1,0,1,1,0,1,1,1,0,0,1,0,1,0,1,1,1,0,1,0,0,1,0,0,0,0,1,0,1,0,0,0,1,1,1,1,1,1,0,1,0,1,1,0,0,1,0,0,0,0,1,1,0,0,0,0,1,0,0,0,1,1,0,0,0,1,0,1,0,1,0,0,0,1
0,1,0,1,0,1,1,0,0,1,1,0,1,1,0,0,0,1,1,0,0,0,0,0,0,1,1,0,1,0,1,0,1,0,1,0,0,0,0,1,1,0,0,1,0,1,1,0,1,0,0,1,0,1,0,0,0,1,1,1,0,1,0,0,0,0,0,0,1,1,1,1,0,0,0,0,0,1,0,1,1,0,0,1,0,1,0,0,1,0,1,0,0,0,0,1,0,1,1,0,1,0,0,0,1,0,1,1,0,1,1,0,1,1,1,1,0,1,1,1,1,1,0,1,0,1,0,1,1,0,1,0,1,0,0,0,1,1,0,1,0,1,1,1,0,1,1,1,0,1,1,0,1,1,1,0,0,1,0,1,0,1,1,1,0,1,0,0,1,0,0,0,0,1,0,1,0,0,0,1,1,1,1,1,1,0,1,0,1,1,0,0,1,0,0,0,0,1,1,0,0,0,0,1,0,0,0,1,1,0,0,0,1,0,1,0,1,0,0,0,1
0,1,0,1,0,1,1,0,0,0,1,0,1,1,0,0,0,1,1,0,0,0,0,0,0,1,1,0,1,0,1,0,0,0,1,0,0,0,0,1,0,0,0,1,0,1,0,0,1,0,0,1,0,1,0,0,0,1,1,1,0,1,0,0,0,0,0,0,1,1,1,1,0,0,0,0,0,1,0,1,1,0,0,1,0,1,0,0,1,0,1,0,0,0,0,1,0,1,0,0,0,0,0,0,1,0,1,1,0,1,1,0,1,1,1,1,0,1,1,0,1,1,0,1,0,1,0,1,1,0,1,0,1,0,0,0,1,0,0,1,0,1,0,1,0,1,1,1,0,1,1,0,1,1,1,0,0,1,0,1,0,1,1,1,0,1,0,0,1,0,0,0,0,1,0,1,0,0,0,1,1,1,1,1,1,0,1,0,1,1,0,0,1,0,0,0,0,1,1,0,0,0,0,1,0,0,0,1,1,0,0,0,1,0,1,0,1,0,0,0,1
0,1,0,1,0,1,1,0,0,0,1,0,1,1,0,0,0,1,1,0,0,0,0,0,0,1,1,0,1,0,1,0,0,0,1,0,0,0,0,1,0,0,0,1,0,1,0,0,1,0,0,1,0,1,0,0,0,1,1,1,0,1,0,0,0,0,0,0,1,1,1,1,0,0,0,0,0,1,0,1,1,0,0,1,0,1,0,0,1,0,1,0,0,0,0,1,0,1,0,0,0,0,0,0,1,0,1,1,0,1,1,0,1,1,1,1,0,1,1,0,1,1,0,1,0,1,0,1,1,0,1,0,1,0,0,0,1,0,0,1,0,1,0,1,0,1,1,1,0,1,1,0,1,1,1,0,0,1,0,1,0,1,1,1,0,1,0,0,1,0,0,0,0,1,0,1,0,0,0,1,1,1,1,1,1,0,1,0,1,1,0,0,1,0,0,0,0,1,1,0,0,0,0,1,0,0,0,1,1,0,0,0,1,0,1,0,1,0,0,0,1
0,1,0,0,0,1,1,0,0,1,0,0,0,0,0,0,0,1,1,0,0,0,0,0,0,0,1,0,0,0,1,0,1,0,1,0,0,0,0,1,1,0,0,1,0,0,1,0,1,0,0,1,0,0,0,0,0,1,1,0,0,0,0,0,0,0,0,0,1,1,0,1,0,1,0,0,0,0,0,0,1,0,0,0,0,0,0,0,0,0,1,0,0,0,0,1,0,1,1,0,1,0,0,0,0,0,0,1,0,0,0,0,1,1,0,0,0,1,0,1,1,0,0,1,0,0,0,1,1,0,0,0,1,0,1,0,1,1,0,1,0,1,1,0,0,1,1,0,0,0,0,0,1,1,0,0,0,1,1,1,0,0,0,0,0,1,0,0,1,1,0,0,0,1,0,1,0,0,0,0,0,1,1,1,1,0,1,0,1,1,0,0,1,0,0,1,0,1,0,0,0,0,0,1,0,0,0,1,0,0,1,0,0,0,1,0,0,0,1,0,0
0,0,0,0,0,1,1,0,0,0,0,0,0,0,0,0,0,1,1,0,0,0,0,0,0,0,1,0,0,0,1,0,0,0,1,0,0,0,0,1,0,0,0,1,0,0,0,0,0,0,0,0,0,0,0,0,0,1,1,0,0,0,0,0,0,0,0,0,0,1,0,1,0,1,0,0,0,0,0,0,1,0,0,0,0,0,0,0,0,0,0,0,0,0,0,1,0,1,0,0,0,0,0,0,0,0,0,1,0,0,0,0,1,1,0,0,0,1,0,0,1,0,0,0,0,0,0,1,1,0,0,0,1,0,1,0,0,0,0,0,0,1,0,0,0,0,1,0,0,0,0,0,1,1,0,0,0,1,1,0,0,0,0,0,0,1,0,0,1,1,0,0,0,1,0,1,0,0,0,0,0,0,1,1,1,0,1,0,1,1,0,0,1,0,0,1,0,1,0,0,0,0,0,1,0,0,0,0,0,0,1,0,0,0,0,0,0,0,1,0,0
0,1,0,0,0,1,1,0,0,0,0,0,0,0,0,0,0,1,1,0,0,0,0,0,0,0,1,0,0,0,1,0,0,0,1,0,0,0,0,1,0,0,0,1,0,0,0,0,1,0,0,1,0,0,0,0,0,1,1,0,0,0,0,0,0,0,0,0,1,1,0,1,0,1,0,0,0,0,0,0,1,0,0,0,0,0,0,0,0,0,1,0,0,0,0,1,0,1,0,0,0,0,0,0,0,0,0,1,0,0,0,0,1,1,0,0,0,1,0,0,1,0,0,1,0,0,0,1,1,1,0,0,1,0,1,0,1,0,0,1,0,1,0,0,0,1,1,0,0,0,0,0,1,1,0,0,0,1,1,1,0,0,0,0,0,1,0,1,1,1,0,0,0,1,0,1,0,0,0,0,0,1,1,1,1,0,1,0,1,1,1,0,1,1,0,1,0,1,0,1,1,0,0,1,1,0,0,1,0,0,1,0,0,0,1,0,0,0,1,0,0
0,1,0,0,0,1,1,1,0,0,0,0,0,0,0,0,0,1,1,0,0,0,0,0,0,0,1,0,0,0,1,0,0,0,1,0,0,0,0,1,0,0,0,1,0,0,0,0,1,0,0,1,0,0,0,0,0,1,1,0,0,0,0,0,0,0,0,0,1,1,0,1,0,1,0,0,0,0,0,0,1,0,0,0,0,0,0,0,0,0,1,0,0,0,0,1,0,1,0,0,0,0,0,0,0,0,0,1,0,0,0,0,1,1,0,0,0,1,0,0,1,0,0,1,0,0,0,1,1,1,0,0,1,0,1,0,1,0,0,1,0,1,0,0,0,1,1,0,0,0,0,0,1,1,0,0,0,1,1,1,0,0,0,0,0,1,0,1,1,1,0,0,0,1,0,1,0,0,0,0,0,1,1,1,1,0,1,0,1,1,1,0,1,1,0,1,0,1,0,1,1,0,0,1,1,0,0,1,0,0,1,0,0,0,1,0,0,0,1,0,0
0,0,0,0,0,1,1,0,0,0,0,0,0,0,0,0,1,1,1,0,0,1,0,0,0,1,1,0,1,0,1,0,0,0,1,0,0,0,0,1,0,0,0,1,0,0,0,0,0,0,0,0,0,0,0,0,0,1,1,0,0,0,0,0,0,0,0,0,1,1,0,1,0,1,0,0,0,0,0,0,1,0,0,0,0,0,0,0,0,0,1,0,0,0,0,1,0,1,0,0,0,0,0,0,0,0,0,1,0,0,0,0,1,1,1,0,0,1,0,0,1,0,0,1,0,1,0,1,1,0,0,0,1,0,1,0,1,0,0,1,0,1,0,0,0,1,1,0,0,0,1,0,1,1,1,0,0,1,1,1,0,1,1,0,0,1,0,0,1,1,0,0,0,1,0,1,0,0,0,1,0,1,1,1,1,0,1,0,1,1,0,0,1,0,0,1,1,1,0,0,0,0,0,1,0,0,0,0,0,0,1,0,0,0,0,0,0,0,1,0,0
0,0,0,0,0,1,1,0,0,1,0,0,0,0,0,0,1,1,1,0,0,1,0,0,0,1,1,0,1,0,1,0,1,0,1,0,0,0,0,1,1,0,0,1,0,0,1,0,0,0,0,0,0,0,0,0,0,1,1,0,0,0,0,0,0,0,0,0,1,1,0,1,0,1,0,0,0,0,0,0,1,0,0,0,0,0,0,0,0,0,1,0,0,0,0,1,0,1,1,0,1,0,0,0,0,0,0,1,0,0,0,0,1,1,1,0,0,1,0,1,1,0,0,1,0,1,0,1,1,0,0,0,1,0,1,0,1,1,0,1,0,1,1,0,0,1,1,0,0,0,1,0,1,1,1,0,0,1,1,1,0,1,1,0,0,1,0,0,1,1,0,0,0,1,0,1,0,0,0,1,0,1,1,1,1,0,1,0,1,1,0,0,1,0,0,1,1,1,0,0,0,0,0,1,0,0,0,0,0,0,1,0,0,0,0,0,0,0,1,0,0
0,1,0,0,0,1,1,1,0,0,0,0,0,0,0,0,1,1,1,0,0,1,0,0,0,1,1,0,1,0,1,0,0,0,1,0,0,0,0,1,0,0,0,1,0,0,0,0,1,0,0,1,0,0,0,0,0,1,1,0,0,0,0,0,0,0,0,0,1,1,0,1,0,1,0,0,0,0,0,0,1,0,0,0,0,0,0,0,0,0,1,0,0,0,0,1,0,1,0,0,0,0,0,0,0,0,0,1,0,0,0,0,1,1,1,0,0,1,0,0,1,0,0,1,0,1,0,1,1,1,0,0,1,0,1,0,1,0,0,1,0,1,0,0,0,1,1,0,0,0,1,0,1,1,1,0,0,1,1,1,0,1,1,0,0,1,0,1,1,1,0,0,0,1,0,1,0,0,0,1,0,1,1,1,1,0,1,0,1,1,1,0,1,1,0,1,1,1,0,1,1,0,0,1,1,0,0,1,0,0,1,0,0,0,1,0,0,0,1,0,0
0,1,0,0,0,1,1,1,0,0,0,0,0,0,0,0,1,1,1,0,0,1,0,0,0,1,1,0,1,0,1,0,0,0,1,0,0,0,0,1,0,0,0,1,0,0,0,0,1,0,0,1,0,0,0,0,0,1,1,0,0,0,0,0,0,0,0,0,1,1,0,1,0,1,0,0,0,0,0,0,1,0,0,0,0,0,0,0,0,0,1,0,0,0,0,1,0,1,0,0,0,0,0,0,0,0,0,1,0,0,0,0,1,1,1,0,0,1,0,0,1,0,0,1,0,1,0,1,1,0,0,0,1,0,1,0,1,0,0,1,0,1,0,0,0,1,1,0,0,0,1,0,1,1,1,0,0,1,1,1,0,1,1,0,0,1,0,0,1,1,0,0,0,1,0,1,0,0,0,1,0,1,1,1,1,0,1,0,1,1,1,0,1,1,0,1,1,1,0,1,1,0,0,1,1,0,0,1,0,0,1,0,0,0,1,0,0,0,1,0,0
0,1,0,1,0,1,1,0,0,0,1,0,0,1,0,0,1,1,1,0,0,1,1,1,0,1,1,1,1,1,1,0,0,1,0,0,0,0,1,1,0,1,1,1,0,0,0,1,1,0,0,0,0,1,1,0,0,1,1,1,0,0,0,0,1,0,0,0,1,0,1,1,0,1,1,1,0,0,0,1,1,0,1,1,0,0,0,0,1,0,1,0,0,0,0,1,0,1,0,1,0,0,0,0,0,0,0,1,0,1,0,0,1,1,0,1,1,1,1,0,1,1,0,1,0,0,0,1,1,1,1,0,1,0,1,0,1,0,0,1,0,1,0,1,0,1,1,1,0,0,1,0,0,1,1,0,0,1,1,1,0,0,1,1,0,1,0,1,1,1,1,0,0,1,0,1,0,0,0,0,1,1,0,1,1,0,1,0,1,1,1,0,1,1,0,1,1,1,1,1,1,0,0,1,1,0,0,1,0,0,1,0,0,0,1,1,0,0,1,0,0
0,1,0,1,0,1,1,0,0,1,1,0,0,1,0,0,1,1,1,0,0,1,1,1,0,1,1,1,1,1,1,0,1,1,0,0,0,0,1,1,1,1,1,1,0,0,1,1,1,0,0,0,0,1,1,0,0,1,1,1,0,0,0,0,1,0,0,0,1,0,1,1,0,1,1,1,0,0,0,1,1,0,1,1,0,0,0,0,1,0,1,0,0,0,0,1,0,1,1,1,1,0,0,0,0,0,0,1,0,1,0,0,1,1,0,1,1,1,1,1,1,1,0,1,0,0,0,1,1,1,1,0,1,0,1,0,1,1,0,1,0,1,1,1,0,1,1,1,0,0,1,0,0,1,1,0,0,1,1,1,0,0,1,1,0,1,0,1,1,1,1,0,0,1,0,1,0,0,0,0,1,1,0,1,1,0,1,0,1,1,1,0,1,1,0,1,1,1,1,1,1,0,0,1,1,0,0,1,0,0,1,0,0,0,1,1,0,0,1,0,0
0,1,0,1,0,1,1,1,0,0,1,0,0,1,0,0,1,1,1,0,0,1,1,1,0,1,1,1,1,1,1,0,0,1,0,0,0,0,1,1,0,1,1,1,0,0,0,1,1,0,0,1,0,1,1,0,0,1,1,1,0,0,0,0,1,0,0,0,1,0,1,1,0,1,1,1,0,0,0,1,1,0,1,1,0,0,0,0,1,0,1,0,0,0,0,1,0,1,0,1,0,0,0,0,0,0,0,1,0,1,0,0,1,1,0,1,1,1,1,0,1,1,0,1,0,0,0,1,1,1,1,0,1,0,1,0,1,0,0,1,0,1,0,1,0,1,1,1,0,0,1,0,0,1,1,0,0,1,1,1,0,0,1,1,0,1,0,1,1,1,1,0,0,1,0,1,0,0,0,0,1,1,0,1,1,0,1,0,1,1,1,0,1,1,0,1,1,1,1,1,1,0,0,1,1,0,0,1,0,0,1,0,0,0,1,1,0,0,1,0,0
0,1,0,1,0,1,1,0,0,0,1,0,0,1,0,0,1,1,1,0,0,1,1,1,0,1,1,1,1,1,1,0,0,1,0,0,0,0,1,1,0,1,1,1,0,0,0,1,1,0,0,0,0,1,1,0,0,1,1,1,0,0,0,0,1,0,0,0,1,0,1,1,0,1,1,1,0,0,0,1,1,0,1,1,0,0,0,0,1,0,1,0,0,0,0,1,0,1,0,1,0,0,0,0,0,0,0,1,0,1,0,0,1,1,0,1,1,1,1,0,1,1,0,1,0,0,0,1,1,1,1,0,1,0,1,0,1,0,0,1,0,1,0,1,0,1,1,1,0,0,1,0,0,1,1,0,0,1,1,1,0,0,1,1,0,1,0,1,1,1,1,0,0,1,0,1,0,0,0,0,1,1,0,1,1,0,1,0,1,1,1,0,1,1,0,1,1,1,1,1,1,0,0,1,1,0,0,1,0,0,1,0,0,0,1,1,0,0,1,0,0
0,0,0,0,0,1,1,0,0,0,0,0,0,0,0,0,1,1,1,0,0,1,0,0,0,1,1,0,1,0,1,0,0,0,0,0,0,0,0,1,0,0,1,1,0,0,0,0,1,0,0,0,0,0,0,0,0,1,1,0,0,0,0,0,0,0,0,0,1,0,0,1,0,1,0,0,0,0,0,0,1,0,0,0,0,0,0,0,0,0,1,0,0,0,0,1,0,1,0,0,0,0,0,0,0,0,0,1,0,0,0,0,1,1,0,0,0,1,0,0,1,0,0,1,0,0,0,1,1,0,0,0,1,0,1,0,1,0,0,1,0,1,0,0,0,1,1,0,0,0,1,0,0,1,1,0,0,1,1,1,0,0,1,0,0,1,0,0,1,1,0,0,0,1,0,1,0,0,0,0,0,1,0,1,1,0,1,0,1,1,0,0,1,0,0,1,0,1,1,0,0,0,0,1,0,0,0,0,1,0,1,0,0,0,0,0,1,0,1,0,0
0,1,0,0,0,1,1,0,0,0,0,0,0,0,0,0,1,1,1,0,0,1,0,0,0,1,1,0,1,0,1,0,0,0,0,0,0,0,0,1,0,0,1,1,0,0,0,0,1,0,0,1,0,0,0,0,1,1,1,0,0,0,0,0,0,0,0,0,1,0,0,1,0,1,0,0,0,0,1,0,1,0,0,0,0,0,1,0,0,0,1,0,0,0,0,1,0,1,0,0,0,0,0,0,0,0,0,1,0,0,0,0,1,1,0,0,0,1,0,0,1,0,0,1,0,0,0,1,1,1,0,0,1,0,1,0,1,0,0,1,0,1,0,0,0,1,1,0,0,0,1,0,0,1,1,0,1,1,1,1,0,0,1,0,0,1,0,1,1,1,0,0,0,1,0,1,0,0,0,0,0,1,0,1,1,0,1,0,1,1,1,0,1,1,0,1,1,1,1,1,1,0,0,1,1,0,1,1,0,0,1,0,0,0,1,0,0,0,1,0,0
0,1,0,0,0,1,1,0,0,0,0,0,0,0,0,0,1,1,1,0,0,1,0,0,0,1,1,0,1,0,1,0,0,0,0,0,0,0,0,1,0,0,0,1,0,0,0,0,0,0,0,1,0,0,0,0,0,1,1,0,0,0,0,0,0,0,0,0,1,0,0,1,0,1,0,0,0,0,0,0,1,0,0,0,0,0,0,0,0,0,1,0,0,0,0,1,0,1,0,0,0,0,0,0,0,0,0,1,0,0,0,0,1,1,0,0,0,1,0,0,1,0,0,1,0,0,0,1,1,0,0,0,1,0,1,0,1,0,0,1,0,1,0,0,0,1,1,0,0,0,1,0,0,1,1,0,0,1,1,1,0,0,1,0,0,1,0,0,1,1,0,0,0,1,0,1,0,0,0,0,0,1,0,1,1,0,1,0,1,1,0,0,1,0,0,1,0,1,1,0,0,0,0,1,0,0,0,0,1,0,1,0,0,0,0,0,1,0,1,0,0
0,1,0,0,0,1,1,0,0,0,0,0,0,0,0,0,1,1,1,0,0,1,0,0,0,1,1,0,1,0,1,0,0,0,0,0,0,0,0,1,0,0,1,1,0,0,0,0,1,0,0,1,0,0,0,0,1,1,1,0,0,0,0,0,0,0,0,0,1,0,0,1,0,1,0,0,0,0,1,0,1,0,0,0,0,0,1,0,0,0,1,0,0,0,0,1,0,1,0,0,0,0,0,0,0,0,0,1,0,0,0,0,1,1,0,0,0,1,0,0,1,0,0,1,0,0,0,1,1,1,0,0,1,0,1,0,1,0,0,1,0,1,0,0,0,1,1,0,0,0,1,0,0,1,1,0,1,1,1,1,0,0,1,0,0,1,0,1,1,1,0,0,0,1,0,1,0,0,0,0,0,1,0,1,1,0,1,0,1,1,1,0,1,1,0,1,1,1,1,1,1,0,0,1,1,0,1,1,0,0,1,0,0,0,1,0,0,0,1,0,0
0,1,0,0,0,1,1,0,0,0,0,0,0,0,0,0,1,1,1,0,0,1,0,0,0,1,1,0,1,0,1,0,0,0,0,0,0,0,0,1,0,0,1,1,0,0,0,0,1,0,0,1,0,0,0,0,1,1,1,0,0,0,0,0,0,0,0,0,1,0,0,1,0,1,0,0,0,0,1,0,1,0,0,0,0,0,1,0,0,0,1,0,0,0,0,1,0,1,0,0,0,0,0,0,0,0,0,1,0,0,0,0,1,1,0,0,0,1,0,0,1,0,0,1,0,0,0,1,1,1,0,0,1,0,1,0,1,0,0,1,0,1,0,0,0,1,1,0,0,0,1,0,0,1,1,0,1,1,1,1,0,0,1,0,0,1,0,1,1,1,0,0,0,1,0,1,0,0,0,0,0,1,0,1,1,0,1,0,1,1,1,0,1,1,0,1,1,1,1,1,1,0,0,1,1,0,1,1,0,0,1,0,0,0,1,0,0,0,1,0,0
0,1,0,0,0,1,1,0,0,0,0,0,0,0,0,0,1,1,1,0,0,1,0,0,0,1,1,0,1,0,1,0,0,0,0,0,0,0,0,1,0,0,1,1,0,0,0,0,1,0,0,1,0,0,0,0,1,1,1,0,0,0,0,0,0,0,0,0,1,0,0,1,0,1,0,0,0,0,1,0,1,0,0,0,0,0,1,0,0,0,1,0,0,0,0,1,0,1,0,0,0,0,0,0,0,0,0,1,0,0,0,0,1,1,0,0,0,1,0,0,1,0,0,1,0,0,0,1,1,1,0,0,1,0,1,0,1,0,0,1,0,1,0,0,0,1,1,0,0,0,1,0,0,1,1,0,1,1,1,1,0,0,1,0,0,1,0,1,1,1,0,0,0,1,0,1,0,0,0,0,0,1,0,1,1,0,1,0,1,1,1,0,1,1,0,1,1,1,1,1,1,0,0,1,1,0,1,1,0,0,1,0,0,0,1,0,0,0,1,0,0
0,1,0,0,0,1,1,0,0,1,0,0,0,0,0,0,1,1,1,0,0,1,0,0,0,1,1,0,1,0,1,0,1,0,0,0,0,0,0,1,1,0,1,1,0,0,1,0,1,0,0,1,0,0,0,0,1,1,1,0,0,0,0,0,0,0,0,0,1,0,0,1,0,1,0,0,0,0,1,0,1,0,0,0,0,0,1,0,0,0,1,0,0,0,0,1,0,1,1,0,1,0,0,0,0,0,0,1,0,0,0,0,1,1,0,0,0,1,0,1,1,0,0,1,0,0,0,1,1,1,0,0,1,0,1,0,1,1,0,1,0,1,1,0,0,1,1,0,0,0,1,0,0,1,1,0,1,1,1,1,0,0,1,0,0,1,0,1,1,1,0,0,0,1,0,1,0,0,0,0,0,1,0,1,1,0,1,0,1,1,1,0,1,1,0,1,1,1,1,1,1,0,0,1,1,0,1,1,0,0,1,0,0,0,1,0,0,0,1,0,0
0,1,0,0,0,1,1,0,0,0,0,0,0,0,0,0,1,1,1,0,0,1,0,0,0,1,1,0,1,0,1,0,0,0,0,0,0,0,0,1,0,0,1,1,0,0,0,0,1,0,0,1,0,0,0,0,1,1,1,0,0,0,0,0,0,0,0,0,1,0,0,1,0,1,0,0,0,0,1,0,1,0,0,0,0,0,1,0,0,0,1,0,0,0,0,1,0,1,0,0,0,0,0,0,0,0,0,1,0,0,0,0,1,1,0,0,0,1,0,0,1,0,0,1,0,0,0,1,1,1,0,0,1,0,1,0,1,0,0,1,0,1,0,0,0,1,1,0,0,0,1,0,0,1,1,0,1,1,1,1,0,0,1,0,0,1,0,1,1,1,0,0,0,1,0,1,0,0,0,0,0,1,0,1,1,0,1,0,1,1,1,0,1,1,0,1,1,1,1,1,1,0,0,1,1,0,1,1,0,0,1,0,0,1,1,0,0,0,1,0,0
0,1,0,0,0,1,1,0,0,0,0,0,0,0,0,0,1,1,1,0,0,1,0,0,0,1,1,0,1,0,1,0,0,0,0,0,0,0,0,1,0,0,1,1,0,0,0,0,1,0,0,1,0,0,0,0,1,1,1,0,0,0,0,0,0,0,0,0,1,0,0,1,0,1,0,0,0,0,1,0,1,0,0,0,0,0,1,0,0,0,1,0,0,0,0,1,0,1,0,0,0,0,0,0,0,0,0,1,0,0,0,0,1,1,0,0,0,1,0,0,1,0,0,1,0,0,0,1,1,1,0,0,1,0,1,0,1,0,0,1,0,1,0,0,0,1,1,0,0,0,1,0,0,1,1,0,1,1,1,1,0,0,1,0,0,1,0,1,1,1,0,0,0,1,0,1,0,0,0,0,0,1,0,1,1,0,1,0,1,1,1,0,1,1,0,1,1,1,1,1,1,0,0,1,1,0,1,1,0,0,1,0,0,0,1,0,0,0,1,0,0
0,1,0,0,0,1,1,0,0,0,0,0,0,0,0,0,1,1,1,0,0,1,0,0,0,1,1,0,1,0,1,0,0,0,0,0,0,0,0,1,0,0,1,1,0,0,0,0,1,0,0,1,0,0,0,0,1,1,1,0,0,0,0,0,0,0,0,0,1,0,0,1,0,1,0,0,0,0,1,0,1,0,0,0,0,0,1,0,0,0,1,0,0,0,0,1,0,1,0,0,0,0,0,0,0,0,0,1,0,0,0,0,1,1,0,0,0,1,0,0,1,0,0,1,0,0,0,1,1,1,0,0,1,0,1,0,1,0,0,1,0,1,0,0,0,1,1,0,0,0,1,0,0,1,1,0,1,1,1,1,0,0,1,0,0,1,0,1,1,1,0,0,0,1,0,1,0,0,0,0,0,1,0,1,1,0,1,0,1,1,1,0,1,1,0,1,1,1,1,1,1,0,0,1,1,0,1,1,0,0,1,0,0,0,1,0,0,0,1,0,0
0,1,0,0,0,1,1,0,0,0,0,0,0,0,0,0,1,1,1,0,0,1,0,0,0,1,1,0,1,0,1,0,0,1,0,0,0,0,1,1,0,0,1,1,0,0,0,0,1,0,0,1,0,1,1,0,1,1,1,0,0,0,0,0,1,0,0,0,1,0,0,1,0,1,0,1,0,0,1,0,1,0,0,1,0,0,1,0,1,0,1,0,0,0,0,1,0,1,0,1,0,0,0,0,0,0,0,1,0,0,0,0,1,1,0,1,1,1,1,0,1,0,0,1,0,0,0,1,1,1,0,0,1,0,1,0,1,0,0,1,0,1,0,1,0,1,1,1,0,0,1,0,0,1,1,0,1,1,1,1,0,0,1,1,0,1,0,1,1,1,1,0,0,1,0,1,0,0,0,0,1,1,0,1,1,0,1,1,1,1,1,0,1,1,0,1,1,1,1,1,1,0,0,1,1,0,1,1,0,0,1,0,0,0,1,0,0,0,1,0,0
0,1,0,0,0,1,1,1,0,0,0,0,0,0,0,0,1,1,1,0,0,1,0,0,0,1,1,0,1,0,1,0,0,0,0,0,0,0,0,1,0,0,1,1,0,0,0,0,1,0,0,1,0,0,0,0,1,1,1,0,0,0,0,0,0,0,0,0,1,0,0,1,0,1,0,0,0,0,1,0,1,0,0,0,0,0,1,0,0,0,1,0,0,0,0,1,0,1,0,0,0,0,0,0,0,0,0,1,0,0,0,0,1,1,0,0,0,1,0,0,1,0,0,1,0,0,0,1,1,1,0,0,1,0,1,0,1,0,0,1,0,1,0,0,0,1,1,0,0,0,1,0,0,1,1,0,1,1,1,1,0,0,1,0,0,1,0,1,1,1,0,0,0,1,0,1,0,0,0,0,0,1,0,1,1,0,1,0,1,1,1,0,1,1,0,1,1,1,1,1,1,0,0,1,1,0,1,1,1,0,1,0,0,0,1,0,1,0,1,0,0
0,1,0,0,0,1,1,1,0,0,0,0,0,0,0,0,1,1,1,0,0,1,0,0,0,1,1,0,1,0,1,0,0,0,1,0,0,0,0,1,0,0,1,1,0,0,0,0,1,0,0,1,0,0,0,0,1,1,1,0,0,0,0,0,0,0,0,0,1,1,0,1,0,1,0,0,0,0,1,0,1,0,0,0,0,0,1,0,0,0,1,0,0,0,0,1,0,1,0,0,0,0,0,0,0,0,0,1,0,0,0,0,1,1,0,0,0,1,0,0,1,0,0,1,0,0,0,1,1,1,0,0,1,0,1,0,1,0,0,1,0,1,0,0,0,1,1,0,0,0,1,0,1,1,1,0,1,1,1,1,0,0,1,0,0,1,0,1,1,1,0,0,0,1,0,1,0,0,0,0,0,1,1,1,1,0,1,0,1,1,1,0,1,1,0,1,1,1,1,1,1,0,0,1,1,0,1,1,1,0,1,0,0,0,1,0,1,0,1,0,0
0,1,0,0,0,1,1,0,0,0,0,0,0,0,0,0,1,1,1,0,0,1,0,0,0,1,1,0,1,0,1,0,0,0,0,0,0,0,0,1,0,0,1,1,0,0,0,0,1,0,0,1,0,0,0,0,1,1,1,0,0,0,0,0,0,0,0,0,1,0,0,1,0,1,0,0,0,0,1,0,1,0,0,0,0,0,1,0,0,0,1,0,0,0,0,1,0,1,0,0,0,0,0,0,0,0,0,1,0,0,0,0,1,1,0,0,0,1,0,0,1,0,0,1,0,0,0,1,1,1,0,0,1,0,1,0,1,0,0,1,0,1,0,0,0,1,1,0,0,0,1,0,0,1,1,0,1,1,1,1,0,0,1,0,0,1,0,1,1,1,0,0,0,1,0,1,0,0,0,0,0,1,0,1,1,0,1,0,1,1,1,0,1,1,0,1,1,1,1,1,1,0,0,1,1,0,1,1,0,1,1,0,0,0,1,0,0,1,1,0,0
0,1,0,0,0,1,1,0,0,0,0,0,0,0,0,0,1,1,1,0,0,1,0,0,0,1,1,0,1,0,1,0,0,0,0,0,0,0,0,1,0,0,1,1,0,0,0,0,1,0,0,1,0,0,0,0,1,1,1,0,0,0,0,0,0,0,0,0,1,0,0,1,0,1,0,0,0,0,1,0,1,0,0,0,0,0,1,0,0,0,1,0,0,0,0,1,0,1,0,0,0,0,0,0,0,0,0,1,0,0,0,0,1,1,0,0,0,1,0,0,1,0,0,1,0,0,0,1,1,1,0,0,1,0,1,0,1,0,0,1,0,1,0,0,0,1,1,0,0,0,1,0,0,1,1,0,1,1,1,1,0,0,1,0,0,1,0,1,1,1,0,0,0,1,0,1,0,0,0,0,0,1,0,1,1,0,1,0,1,1,1,0,1,1,0,1,1,1,1,1,1,0,0,1,1,0,1,1,0,0,1,0,0,0,1,1,0,0,1,0,0
0,1,0,1,1,1,1,0,0,0,1,0,1,1,0,1,1,1,1,1,1,1,0,1,0,1,1,1,1,1,1,0,0,0,0,0,1,0,1,1,0,1,1,1,1,1,0,1,1,1,1,1,1,1,0,1,0,1,1,1,0,1,1,0,0,1,0,1,1,0,1,1,1,0,1,1,1,1,0,1,1,1,1,1,1,1,0,1,1,1,1,1,1,1,1,1,1,1,0,1,0,1,1,1,1,0,1,1,0,1,1,1,1,1,0,1,1,1,1,0,1,1,1,1,0,0,0,1,1,0,1,1,1,0,0,1,1,0,1,1,1,1,0,1,1,1,1,1,0,0,1,0,0,1,1,1,0,1,0,1,1,0,1,1,0,1,0,0,1,0,0,1,0,1,1,1,1,1,0,0,1,1,0,1,1,1,1,1,1,1,0,0,1,0,0,0,0,1,1,0,0,0,0,1,0,0,0,0,1,0,0,0,0,0,0,0,1,0,0,0,0
0,1,0,1,1,1,1,0,0,0,1,0,1,1,0,1,1,1,1,1,1,1,0,1,0,1,1,1,1,1,1,0,0,0,0,0,1,0,1,1,0,1,1,1,1,1,0,1,1,1,1,1,1,1,0,1,0,1,1,1,0,1,1,0,0,1,0,1,1,0,1,1,1,0,1,1,1,1,0,1,1,1,1,1,1,1,0,1,1,1,1,1,1,1,1,1,1,1,0,1,0,1,1,1,1,0,1,1,0,1,1,1,1,1,0,1,1,1,1,0,1,1,1,1,0,0,0,1,1,0,1,1,1,0,0,1,1,0,1,1,1,1,0,1,1,1,1,1,0,0,1,0,0,1,1,1,0,1,0,1,1,0,1,1,0,1,0,0,1,0,0,1,0,1,1,1,1,1,0,0,1,1,0,1,1,1,1,1,1,1,0,0,1,0,0,0,0,1,1,0,0,0,0,1,0,0,0,0,1,0,0,0,0,0,0,0,1,0,0,0,0
0,1,0,1,1,1,1,0,0,0,1,0,1,1,0,1,1,1,1,1,1,1,0,1,0,1,1,1,1,1,1,0,0,0,0,0,1,0,1,1,0,1,1,1,1,1,0,1,1,1,1,1,1,1,0,1,0,1,1,1,0,1,1,0,0,1,0,1,1,0,1,1,1,0,1,1,1,1,0,1,1,1,1,1,1,1,0,1,1,1,1,1,1,1,1,1,1,1,0,1,0,1,1,1,1,0,1,1,0,1,1,1,1,1,0,1,1,1,1,0,1,1,1,1,0,0,0,1,1,0,1,1,1,0,0,1,1,0,1,1,1,1,0,1,1,1,1,1,0,0,1,0,0,1,1,1,0,1,0,1,1,0,1,1,0,1,0,0,1,0,0,1,0,1,1,1,1,1,0,0,1,1,0,1,1,1,1,1,1,1,0,0,1,0,0,0,0,1,1,0,0,0,0,1,0,0,0,0,1,0,0,0,0,0,0,0,1,0,0,0,0
0,1,0,1,1,1,1,0,0,0,1,0,1,1,0,1,1,1,1,1,1,1,0,1,0,1,1,1,1,1,1,0,0,0,0,0,1,0,1,1,0,1,1,1,1,1,0,1,1,1,1,1,1,1,0,1,0,1,1,1,0,1,1,0,0,1,0,1,1,0,1,1,1,0,1,1,1,1,0,1,1,1,1,1,1,1,0,1,1,1,1,1,1,1,1,1,1,1,0,1,0,1,1,1,1,0,1,1,0,1,1,1,1,1,0,1,1,1,1,0,1,1,1,1,0,0,0,1,1,0,1,1,1,0,0,1,1,0,1,1,1,1,0,1,1,1,1,1,0,0,1,0,0,1,1,1,0,1,0,1,1,0,1,1,0,1,0,0,1,0,0,1,0,1,1,1,1,1,0,0,1,1,0,1,1,1,1,1,1,1,0,0,1,0,0,0,0,1,1,0,0,0,0,1,0,0,0,0,1,0,0,0,0,0,0,0,1,0,0,0,0
0,1,0,1,0,1,0,0,0,0,0,0,0,0,0,1,1,1,1,0,0,1,0,1,0,1,1,0,1,0,1,0,0,0,1,0,0,0,1,1,0,1,0,1,1,1,0,1,0,0,0,0,0,1,1,0,0,1,1,1,1,1,1,0,0,1,0,1,0,1,1,0,1,0,0,1,0,0,0,1,0,0,0,1,0,0,0,1,1,1,0,1,0,0,0,0,1,1,0,1,0,1,0,0,1,0,1,0,0,1,1,1,1,1,0,1,1,1,1,0,0,1,0,0,1,0,0,1,1,0,1,1,0,0,0,1,0,0,0,0,0,0,0,1,0,0,1,1,0,0,0,0,1,1,0,0,0,0,0,0,1,0,0,1,0,1,0,0,1,0,0,0,0,1,0,1,1,1,1,0,1,0,1,0,0,0,1,0,0,1,0,0,0,0,0,1,0,1,1,0,0,0,0,0,0,0,1,0,1,1,0,1,0,0,0,0,1,1,0,1,0
0,1,0,1,1,1,1,0,0,1,1,0,1,1,0,1,1,1,1,1,1,1,0,1,0,1,1,1,1,1,1,0,1,0,0,0,1,0,1,1,1,1,1,1,1,1,1,1,1,1,1,1,1,1,0,1,0,1,1,1,0,1,1,0,0,1,0,1,1,0,1,1,1,0,1,1,1,1,0,1,1,1,1,1,1,1,0,1,1,1,1,1,1,1,1,1,1,1,1,1,1,1,1,1,1,0,1,1,0,1,1,1,1,1,0,1,1,1,1,1,1,1,1,1,0,0,0,1,1,0,1,1,1,0,0,1,1,1,1,1,1,1,1,1,1,1,1,1,0,0,1,0,0,1,1,1,0,1,0,1,1,0,1,1,0,1,0,0,1,0,0,1,0,1,1,1,1,1,0,0,1,1,0,1,1,1,1,1,1,1,0,0,1,0,0,0,0,1,1,0,0,0,0,1,0,0,0,0,1,0,0,0,0,0,0,0,1,0,0,0,0
0,1,0,1,1,1,1,0,1,0,1,0,1,1,0,0,0,1,1,0,0,0,0,0,0,1,1,0,0,0,1,1,0,1,0,1,1,1,1,0,0,1,0,1,0,1,0,1,0,0,0,1,1,0,0,1,0,0,0,0,0,0,0,1,1,0,0,0,0,0,1,1,0,0,0,0,0,1,0,1,1,0,0,0,1,1,0,0,0,0,0,0,0,0,0,0,0,0,0,0,0,0,1,0,0,1,0,1,1,1,1,1,0,0,0,0,0,0,0,0,0,0,1,0,0,0,1,0,0,0,0,0,1,0,0,0,0,0,0,0,1,0,0,0,0,0,0,1,1,0,0,0,0,0,0,0,0,0,0,0,0,0,0,0,0,0,0,0,0,0,1,1,1,0,1,0,1,0,0,0,0,0,0,0,0,0,0,0,1,0,0,0,1,0,0,1,1,0,0,0,0,0,0,1,0,1,0,0,0,0,0,0,0,1,0,0,0,0,0,0,0
0,1,0,0,0,1,1,1,0,0,0,0,0,0,0,0,1,1,1,0,0,1,0,0,0,1,1,0,1,0,1,0,0,0,1,0,0,0,0,1,0,1,0,1,0,0,0,1,0,0,0,1,0,0,0,0,1,1,1,0,0,0,1,0,0,0,0,0,1,1,0,1,0,1,0,0,0,0,0,0,1,0,0,0,0,1,1,0,0,0,1,0,0,0,0,1,0,1,0,0,0,0,0,0,0,0,0,1,0,0,0,1,1,1,1,0,0,1,0,0,1,0,0,1,0,1,0,1,1,1,0,0,1,0,1,0,1,0,0,1,0,1,0,0,0,1,1,0,0,1,1,0,1,1,1,0,1,1,1,1,0,0,1,0,0,1,0,1,1,1,0,1,1,1,0,1,1,0,0,0,0,1,1,1,1,0,1,0,1,1,1,0,1,1,0,1,1,1,1,1,1,0,0,1,1,0,0,1,1,0,1,0,1,0,1,0,1,0,1,0,1
0,1,0,0,0,1,1,1,0,0,0,0,0,0,0,0,1,1,1,0,0,1,0,0,0,1,1,0,1,0,1,0,0,0,1,0,0,0,0,1,0,1,0,1,0,0,0,1,0,0,0,1,0,0,0,0,0,1,1,0,0,0,1,0,0,0,0,0,1,1,0,1,0,1,0,0,0,0,0,0,1,0,0,0,0,0,0,0,1,0,1,0,0,0,0,1,0,1,0,0,0,0,0,0,0,0,0,1,0,0,0,1,1,1,1,0,0,1,1,0,1,0,0,1,0,1,0,1,1,1,0,0,1,1,1,0,1,0,0,1,0,1,0,0,0,1,1,1,0,0,1,0,1,1,1,0,0,1,1,1,1,0,1,1,0,1,1,1,1,1,0,0,0,1,0,1,0,0,0,0,0,1,1,1,1,0,1,1,1,1,1,1,1,1,1,1,1,1,1,1,1,1,0,1,1,0,0,1,1,0,1,0,1,0,1,1,1,0,1,0,1
0,1,0,0,0,1,1,1,0,0,0,0,0,0,0,1,1,1,1,0,1,1,0,1,0,1,1,0,1,0,1,0,0,0,0,0,1,0,0,1,0,1,1,1,0,0,0,1,1,0,0,1,0,0,0,0,0,1,1,0,0,0,1,0,0,0,0,0,1,0,0,1,0,1,0,0,0,0,0,0,1,0,0,0,0,0,0,0,0,0,1,0,0,0,0,1,0,1,0,0,0,0,0,0,0,0,0,1,0,0,0,1,1,1,0,0,0,1,0,0,1,0,0,1,1,0,0,1,1,1,0,0,1,0,1,0,1,0,0,1,0,1,0,0,0,1,1,0,0,0,1,1,0,1,1,0,0,1,1,1,0,0,1,0,0,1,0,1,1,1,0,0,0,1,0,1,1,0,1,0,0,1,0,1,1,0,1,0,1,1,1,0,1,1,0,1,1,1,0,1,1,0,0,1,1,0,0,1,0,0,1,0,0,0,1,0,0,0,1,0,0
0,1,0,1,0,1,1,1,0,0,0,0,0,0,0,1,1,1,1,0,1,1,0,1,0,1,1,0,1,0,1,0,0,0,1,0,0,0,0,1,0,1,1,1,0,0,0,1,1,0,0,1,0,0,0,0,0,1,1,0,0,0,1,0,0,0,0,0,1,1,0,1,0,1,0,0,0,0,0,0,1,0,0,0,0,0,0,0,0,0,1,0,0,0,0,1,0,1,0,0,0,0,0,0,0,0,0,1,0,0,0,1,1,1,0,0,0,1,0,0,1,0,0,1,1,0,1,1,1,1,0,0,1,0,1,0,1,0,0,1,0,1,0,0,0,1,1,0,1,0,1,1,0,1,1,0,0,1,1,1,0,0,1,0,0,1,0,1,1,1,0,0,0,1,0,1,1,0,1,0,0,1,0,1,1,0,1,0,1,1,1,0,1,1,0,1,1,1,0,1,1,0,0,1,1,0,0,1,0,0,1,0,0,0,1,0,0,0,1,0,0
0,1,0,0,0,1,1,1,0,0,0,0,0,0,0,1,1,1,1,0,1,1,0,1,0,1,1,0,1,0,1,0,0,0,0,0,0,0,0,1,0,1,1,1,0,0,0,1,1,0,0,1,0,0,0,0,0,1,1,0,0,0,1,0,0,0,0,0,1,0,0,1,0,1,0,0,0,0,0,0,1,0,0,0,0,0,0,0,0,0,1,0,0,0,0,1,0,1,0,0,0,0,0,0,0,0,0,1,0,0,0,1,1,1,0,0,0,1,0,0,1,0,0,1,1,0,0,1,1,1,0,0,1,0,1,0,1,0,0,1,0,1,0,0,0,1,1,0,0,0,1,1,0,1,1,0,0,1,1,1,0,0,1,0,0,1,0,1,1,1,0,0,0,1,0,1,1,0,1,0,0,1,0,1,1,0,1,0,1,1,1,0,1,1,0,1,1,1,0,1,1,0,0,1,1,0,0,1,0,0,1,0,0,0,1,0,0,0,1,0,0
0,1,0,0,0,1,1,1,0,0,0,0,0,0,0,0,1,1,1,0,0,1,0,0,0,1,1,0,1,0,1,0,0,0,0,0,0,0,0,1,0,1,1,1,0,0,0,1,1,0,0,1,0,0,0,0,0,1,1,0,0,0,1,0,0,0,0,0,1,0,0,1,0,1,0,0,0,0,0,0,1,0,0,0,0,0,0,0,0,0,1,0,0,0,0,1,0,1,0,0,0,0,0,0,0,0,0,1,0,0,0,1,1,1,0,0,0,1,0,0,1,0,0,1,1,0,0,1,1,1,0,0,1,0,1,0,1,0,0,1,0,1,0,0,0,1,1,0,0,0,1,1,0,1,1,0,0,1,1,1,0,0,1,0,0,1,0,1,1,1,0,0,0,1,0,1,1,0,1,0,0,1,0,1,1,0,1,0,1,1,1,0,1,1,0,1,1,1,0,1,1,0,0,1,1,0,0,1,0,0,1,0,0,0,1,0,0,0,1,0,0
0,1,0,0,0,1,1,1,0,0,1,0,1,1,0,0,1,1,1,0,0,1,0,0,0,1,1,0,1,0,1,0,0,0,0,0,0,0,0,1,0,1,1,1,0,0,0,1,1,0,0,1,0,0,0,0,0,1,1,0,0,0,1,0,0,0,0,0,1,0,0,1,0,1,0,0,0,0,0,0,1,0,0,0,0,0,0,0,0,0,1,0,0,0,0,1,0,1,0,0,0,0,0,0,0,0,0,1,0,0,0,1,1,1,0,0,0,1,0,0,1,0,0,1,1,0,0,1,1,1,0,0,1,0,1,0,1,0,0,1,0,1,0,0,0,1,1,0,0,0,1,1,0,1,1,0,0,1,1,1,0,0,1,0,0,1,0,1,1,1,0,0,0,1,0,1,1,0,1,0,0,1,0,1,1,0,1,0,1,1,1,0,1,1,0,1,1,1,0,1,1,0,0,1,1,0,0,1,0,0,1,0,0,0,1,0,0,0,1,0,0
0,1,0,1,0,1,1,1,1,0,1,0,1,1,0,0,1,1,1,0,0,1,0,0,0,1,1,1,1,1,1,1,0,1,1,0,0,0,1,1,0,1,0,1,1,1,0,1,1,0,0,1,1,1,1,1,0,1,1,0,1,1,0,1,1,1,0,1,1,1,1,1,1,1,0,1,0,0,0,1,1,0,0,1,1,1,0,1,1,1,1,1,1,1,0,1,1,1,0,1,0,1,1,0,1,1,1,1,1,1,1,1,1,0,1,1,1,1,1,0,1,1,1,1,0,1,0,1,1,1,1,0,1,0,1,1,1,0,0,1,0,1,0,1,0,1,1,1,0,0,1,0,1,1,1,0,0,1,1,1,1,1,1,1,1,1,0,1,1,1,0,1,1,1,1,1,0,1,0,1,1,1,1,1,1,1,1,0,1,1,1,1,1,1,1,1,1,1,1,1,1,1,1,1,1,0,0,1,1,0,1,0,1,0,1,0,1,0,1,0,1
0,1,0,1,0,1,1,1,0,0,0,0,0,0,0,0,1,1,1,0,0,1,0,0,0,1,1,0,1,0,1,0,0,1,1,0,0,0,0,1,0,1,1,1,0,0,0,1,1,0,0,1,0,0,0,0,0,1,1,0,0,0,1,1,1,0,0,0,1,1,0,1,0,1,0,0,0,1,0,0,1,0,0,0,0,1,0,0,0,0,1,0,0,0,0,1,0,1,0,0,0,0,0,0,0,1,0,1,0,0,0,1,1,1,0,0,0,1,0,0,1,0,0,1,1,0,1,1,1,1,0,0,1,0,1,0,1,0,0,1,0,1,0,0,0,1,1,0,1,0,1,1,1,1,1,0,0,1,1,1,0,0,1,0,0,1,0,1,1,1,1,1,1,1,0,1,1,0,1,0,0,1,1,1,1,0,1,0,1,1,1,0,1,1,0,1,1,1,1,1,1,0,0,1,1,0,1,1,0,0,1,0,0,0,1,0,0,0,1,0,0
0,1,0,0,0,1,1,1,0,0,0,0,0,0,0,0,1,1,1,0,0,1,0,0,0,1,1,0,1,0,1,0,0,0,1,0,0,0,0,1,0,1,1,1,0,0,0,1,1,0,0,1,0,0,0,0,0,1,1,0,0,0,1,0,0,0,0,0,1,1,0,1,0,1,0,0,0,0,0,0,1,0,0,0,0,0,0,0,0,0,1,0,0,0,0,1,0,1,0,0,0,0,0,0,0,0,0,1,0,0,0,1,1,1,0,0,0,1,0,0,1,0,0,1,0,0,0,1,1,1,0,0,1,0,1,0,1,0,0,1,0,1,0,0,0,1,1,0,0,0,1,0,1,1,1,0,0,1,1,1,0,0,1,0,0,1,0,1,1,1,0,0,0,1,0,1,1,0,0,0,0,1,1,1,1,0,1,1,1,1,1,0,1,1,0,1,1,1,1,1,1,0,0,1,1,0,1,1,0,0,1,0,0,0,1,0,0,0,1,0,0
0,1,0,0,0,1,1,1,0,0,0,0,0,0,0,1,1,1,1,0,1,1,0,1,0,0,1,0,0,0,1,0,0,0,0,0,0,0,0,1,0,1,1,1,0,0,0,1,1,0,0,1,0,0,0,0,0,1,1,0,0,0,1,0,0,0,0,0,1,0,0,1,0,1,0,0,0,0,0,0,1,0,0,0,0,0,0,0,0,0,1,0,0,0,0,1,0,1,0,0,0,0,0,0,0,0,0,1,0,0,0,1,1,1,0,0,0,1,0,0,1,0,0,1,0,0,0,1,1,1,0,0,1,0,1,0,1,0,0,1,0,1,0,0,0,1,1,0,0,0,1,0,0,1,1,0,0,1,1,1,0,0,1,0,0,1,1,1,1,1,0,0,0,1,0,1,1,0,0,0,0,1,0,1,1,0,1,0,1,1,1,0,1,1,0,1,0,1,0,1,1,0,0,1,1,0,0,1,0,0,1,0,0,0,1,0,0,0,1,0,0
0,1,0,0,0,1,1,1,0,0,0,0,0,0,0,0,1,1,1,0,0,1,0,0,0,1,1,0,1,0,1,0,0,0,1,0,0,0,0,1,0,1,0,1,0,0,0,1,1,0,0,1,0,0,0,0,0,1,1,0,0,0,1,0,0,0,0,0,1,1,0,1,0,1,0,0,0,0,0,0,1,0,0,0,0,0,0,0,1,0,1,0,0,0,0,1,0,1,0,0,0,0,0,0,0,0,0,1,0,0,0,1,1,1,0,0,0,1,1,0,1,0,0,1,0,0,0,1,1,1,0,0,1,0,1,0,1,0,0,1,0,1,0,0,0,1,1,1,0,0,1,0,1,1,1,0,0,1,1,1,1,0,1,1,0,1,1,1,1,1,0,0,0,1,0,1,0,0,0,0,0,1,1,1,1,0,1,0,1,1,1,1,1,1,1,1,1,1,0,1,1,1,0,1,1,0,0,1,0,0,1,0,0,0,1,1,0,0,1,0,0
0,1,0,1,0,1,0,0,1,0,0,0,0,0,0,1,1,1,1,1,1,1,0,1,1,1,1,0,1,0,1,1,0,1,0,0,1,1,1,1,0,1,0,1,0,0,0,1,0,0,0,1,0,1,1,0,0,1,1,0,0,0,1,1,1,0,0,0,0,0,0,1,0,1,0,1,0,0,0,0,1,0,0,1,0,0,0,0,1,0,0,0,0,0,0,1,1,0,0,1,0,0,0,0,0,1,0,1,0,0,0,1,0,0,0,1,1,0,1,0,1,0,0,0,0,0,0,0,0,0,0,0,1,1,0,1,0,0,0,0,0,1,0,1,0,0,0,1,0,0,0,0,0,0,0,0,0,1,0,0,1,0,0,1,0,0,0,0,0,0,1,0,0,0,0,0,1,1,0,0,1,0,0,1,1,0,0,0,1,0,0,0,1,0,0,1,1,0,0,0,0,0,0,1,0,0,0,0,0,0,0,1,0,0,0,1,0,0,0,1,0
0,1,0,1,0,1,1,0,0,0,0,0,0,0,0,1,1,1,1,1,1,1,0,1,1,1,1,0,1,0,1,0,0,1,0,0,1,1,1,1,0,1,0,1,0,0,0,1,0,0,0,1,0,1,1,0,0,1,1,0,0,0,1,1,1,0,0,0,1,0,0,1,0,1,0,1,0,0,0,0,1,0,0,1,0,0,0,0,1,0,1,0,0,0,0,1,1,1,0,1,0,0,0,0,0,1,0,1,0,0,0,1,1,1,0,1,1,1,1,0,1,0,0,1,0,0,0,1,1,0,0,0,1,1,1,1,1,0,0,1,0,1,0,1,0,1,1,1,0,0,1,0,0,1,1,0,0,1,1,1,1,0,1,1,0,1,1,0,1,1,1,0,0,1,0,1,1,1,0,0,1,1,0,1,1,0,1,0,1,1,0,1,1,0,1,1,1,1,0,0,0,1,1,1,0,0,0,0,0,0,1,1,0,0,0,1,0,0,1,1,0
0,1,0,1,1,1,1,1,0,0,1,0,1,1,0,1,1,1,1,0,0,1,0,0,0,1,1,0,1,0,1,0,0,1,0,0,0,0,1,0,0,1,1,1,1,1,0,1,1,0,0,1,0,1,1,0,0,0,0,1,1,1,1,1,1,1,1,1,0,0,1,1,1,0,0,1,0,1,0,1,1,0,0,1,0,1,0,1,1,1,0,1,0,0,0,1,1,0,0,1,0,1,0,1,1,1,1,1,0,1,1,1,0,0,0,1,1,0,1,0,1,1,0,0,1,0,0,0,0,0,1,1,1,0,0,1,0,0,1,0,0,1,0,1,0,0,0,1,0,0,0,0,0,0,0,0,0,1,0,0,1,0,0,1,0,0,0,0,0,0,1,1,1,0,0,0,1,1,1,0,1,0,0,1,1,0,0,0,1,0,0,0,1,0,0,1,1,0,0,0,0,0,0,1,0,0,1,0,0,1,0,1,0,0,0,0,0,1,0,1,0
0,0,0,1,0,1,0,0,0,0,1,0,1,1,0,1,1,1,0,0,0,0,0,0,0,1,1,1,1,0,1,0,0,1,0,0,0,0,1,1,0,1,0,1,1,1,0,1,1,1,1,1,0,1,1,0,0,1,1,1,1,1,0,1,1,1,0,1,1,0,1,0,1,0,1,1,0,0,0,1,0,1,1,1,0,0,0,1,1,1,1,1,0,0,1,0,1,1,0,1,0,1,0,1,1,0,1,0,0,1,1,1,1,1,0,1,1,1,1,0,0,1,0,1,0,0,1,1,1,0,1,1,0,0,0,1,1,0,0,1,0,0,0,1,0,1,1,1,1,0,0,0,0,1,0,0,0,0,0,1,1,0,0,1,0,1,1,0,1,0,1,0,0,1,0,1,1,1,0,0,1,1,0,0,0,0,1,0,0,1,0,1,0,0,0,1,1,1,1,0,0,1,1,0,0,0,1,1,0,0,0,1,0,0,1,0,0,0,0,1,0
1,1,0,1,1,1,0,0,1,0,1,0,0,1,0,1,1,1,0,0,0,1,0,0,0,1,1,0,0,0,1,1,0,0,0,0,1,0,1,0,0,1,0,1,0,0,0,1,0,0,0,0,0,0,0,0,0,0,0,0,0,0,1,0,0,0,0,0,0,0,1,1,1,0,0,0,0,1,0,1,1,0,0,0,0,1,0,0,1,0,0,0,0,0,0,0,0,0,0,0,0,0,0,0,0,0,0,1,0,1,1,1,0,0,0,0,0,0,1,0,0,1,0,0,0,0,1,0,0,0,0,0,1,0,0,0,0,0,0,0,0,0,0,0,0,0,0,1,1,0,0,0,0,0,0,0,0,0,0,0,1,0,0,1,0,0,0,0,0,0,0,1,1,0,0,0,1,0,0,0,0,0,0,0,0,0,0,0,1,0,0,0,1,0,0,1,1,0,0,0,0,0,0,1,0,0,0,0,0,0,0,0,0,0,0,0,0,0,0,0,0
1,1,1,1,1,1,1,0,1,0,1,0,1,1,1,1,1,1,1,0,0,1,1,1,1,1,1,1,1,1,1,1,0,0,0,0,1,0,1,0,0,1,0,1,1,1,0,1,0,1,1,0,0,1,1,0,0,0,0,1,1,1,1,0,0,1,0,1,0,0,1,1,1,0,1,1,0,1,0,1,1,1,1,1,0,1,0,1,1,1,0,1,0,0,1,0,1,0,0,1,0,1,0,1,1,0,1,1,0,1,1,1,0,0,0,1,1,0,1,0,0,1,0,0,0,0,1,0,0,0,1,1,1,0,0,1,0,0,0,0,0,0,0,1,0,0,0,1,1,0,0,0,0,0,0,0,0,0,0,0,1,0,0,1,0,0,0,0,0,0,0,1,1,0,0,0,1,1,0,0,1,0,0,0,0,0,0,0,1,0,0,0,1,0,0,1,1,0,0,0,0,0,0,1,0,0,1,0,0,1,0,1,0,1,0,0,0,1,0,1,0
0,1,0,1,0,1,0,0,1,0,1,0,0,1,0,1,1,1,0,0,0,1,0,0,0,1,0,0,0,0,1,1,0,0,0,0,1,0,1,0,0,1,0,1,0,0,0,1,0,0,0,0,0,0,0,0,0,0,0,0,0,0,1,0,0,0,0,0,0,0,1,1,1,0,0,0,0,1,0,1,1,0,0,0,0,1,0,0,0,0,0,0,0,0,0,0,0,0,0,0,0,0,0,0,0,0,0,1,0,1,1,1,0,0,0,0,0,0,0,0,0,1,0,0,0,0,0,0,0,0,0,0,1,0,0,0,0,0,0,0,0,0,0,0,0,0,0,0,0,0,0,0,0,0,0,0,0,0,0,0,0,0,0,0,0,0,0,0,0,0,0,1,1,0,0,0,1,0,0,0,0,0,0,0,0,0,0,0,1,0,0,0,1,0,0,1,1,0,0,0,0,0,0,1,0,0,0,0,0,0,0,0,0,1,0,0,0,0,0,0,0
1,1,0,1,1,1,0,0,1,0,1,0,0,1,0,1,1,1,1,0,0,1,1,1,1,1,1,0,1,0,1,1,0,0,0,0,1,0,1,0,0,1,0,1,0,0,0,1,0,0,0,0,0,0,0,0,0,0,0,0,0,0,1,0,0,0,0,0,0,0,1,1,1,0,0,0,0,1,0,1,1,0,0,0,0,1,0,0,1,0,0,0,0,0,0,0,0,0,0,0,0,0,0,0,0,0,0,1,0,1,1,1,0,0,0,0,0,0,1,0,0,1,0,0,0,0,1,0,0,0,0,0,1,0,0,0,0,0,0,0,0,0,0,0,0,0,0,1,1,0,0,0,0,0,0,0,0,0,0,0,1,0,0,1,0,0,0,0,0,0,0,1,1,0,0,0,1,0,0,0,0,0,0,0,0,0,0,0,1,0,0,0,1,0,0,1,1,0,0,0,0,0,0,1,0,0,0,0,0,0,0,0,0,1,0,0,0,0,0,0,0
0,1,0,1,0,1,0,0,1,0,1,0,1,1,1,0,0,1,0,0,0,0,0,0,0,1,0,0,0,0,1,1,0,0,0,0,1,0,1,0,0,1,0,1,0,0,0,1,0,0,0,0,0,0,0,0,0,0,0,0,0,0,1,0,0,0,0,0,0,0,1,1,1,0,0,0,0,1,0,1,1,0,0,0,0,1,0,0,0,0,0,0,0,0,0,0,0,0,0,0,0,0,0,0,0,0,0,1,0,1,1,1,0,0,0,0,0,0,0,0,0,1,0,0,0,0,0,0,0,0,0,0,1,0,0,0,0,0,0,0,0,0,0,0,0,0,0,0,0,0,0,0,0,0,0,0,0,0,0,0,0,0,0,0,0,0,0,0,0,0,0,1,1,0,0,0,1,0,0,0,0,0,0,0,0,0,0,0,1,0,0,0,1,0,0,1,1,0,0,0,0,0,0,1,0,0,0,0,0,0,0,0,0,1,0,0,0,0,0,0,0
0,1,0,1,1,1,0,0,1,0,1,1,0,1,1,1,1,1,0,0,0,1,0,0,0,1,1,0,0,0,1,1,0,0,0,0,1,0,1,0,0,1,0,1,0,0,0,1,0,0,0,0,0,0,0,0,0,0,0,0,0,0,1,0,0,0,0,0,0,0,1,1,1,0,0,0,0,1,0,1,1,0,0,0,0,1,0,0,1,0,0,0,0,0,0,0,0,0,0,0,0,0,0,0,0,0,0,1,0,1,1,1,0,0,0,0,0,0,1,0,0,1,0,0,0,0,1,0,0,0,0,0,1,0,0,0,0,0,0,0,0,0,0,0,0,0,0,1,1,0,0,0,0,0,0,0,0,0,0,0,1,0,0,1,0,0,0,0,0,0,0,1,1,0,0,0,1,0,0,0,0,0,0,0,0,0,0,0,1,0,0,0,1,0,0,1,1,0,0,0,0,0,0,1,0,0,0,0,0,0,0,0,0,0,0,0,0,0,0,0,0
0,1,0,1,1,1,0,0,1,0,1,0,0,1,0,1,1,1,1,0,0,1,0,1,0,1,1,0,0,0,1,1,0,0,0,0,1,0,1,0,0,1,0,1,0,0,0,1,0,0,0,0,0,0,0,0,0,0,0,0,0,0,1,0,0,0,0,0,0,0,1,1,1,0,0,0,0,1,0,1,1,0,0,0,0,1,0,0,1,0,0,0,0,0,0,0,0,0,0,0,0,0,0,0,0,0,0,1,0,1,1,1,0,0,0,0,0,0,1,0,0,1,0,0,0,0,1,0,0,0,0,0,1,0,0,0,0,0,0,0,0,0,0,0,0,0,0,1,1,0,0,0,0,0,0,0,0,0,0,0,1,0,0,1,0,0,0,0,0,0,0,1,1,0,0,0,1,0,0,0,0,0,0,0,0,0,0,0,1,0,0,0,1,0,0,1,1,0,0,0,0,0,0,1,0,0,0,0,0,0,0,0,0,1,0,0,0,0,0,0,0
0,1,0,1,1,1,0,0,1,0,1,0,0,1,0,1,1,1,1,0,0,1,0,1,0,1,1,0,0,0,1,1,0,0,0,0,1,0,1,0,0,1,0,1,0,0,0,1,0,0,0,0,1,0,0,0,0,0,0,0,0,0,1,0,0,0,0,0,0,0,1,1,1,0,0,0,0,1,0,1,1,0,0,0,0,1,0,0,1,0,0,0,0,0,0,0,0,0,0,0,0,0,0,0,0,0,0,1,0,1,1,1,0,0,0,0,0,0,1,0,0,1,1,0,0,0,1,0,0,0,0,0,1,0,0,0,0,0,0,0,0,0,0,0,0,0,0,1,1,0,0,0,0,0,0,0,0,0,0,0,1,0,0,1,1,0,0,0,0,0,0,0,1,0,1,0,1,0,0,0,0,0,0,0,0,0,0,0,1,0,0,0,1,0,0,1,1,0,0,0,0,0,0,1,0,0,0,0,0,0,0,0,0,1,0,0,0,0,0,0,0
0,1,0,1,0,1,0,0,1,0,1,0,0,1,0,0,0,1,0,0,0,0,0,0,0,1,0,0,0,0,1,1,0,0,0,0,1,0,1,0,0,1,0,1,0,0,0,1,0,0,0,1,0,0,0,0,0,0,0,0,0,0,1,0,0,0,0,0,0,0,1,1,1,0,0,0,0,1,0,1,1,0,0,0,0,1,0,0,0,0,0,0,0,0,0,0,0,0,0,0,0,0,0,0,0,0,0,1,0,1,1,1,0,0,0,0,0,0,0,0,0,1,0,0,0,0,0,0,0,0,0,0,1,0,0,0,0,0,0,0,0,0,0,0,0,0,0,0,0,0,0,0,0,0,0,0,0,0,0,0,0,0,0,0,0,0,0,0,0,0,0,1,1,0,0,0,1,0,0,0,0,0,0,0,0,0,0,0,1,0,0,0,1,0,0,1,1,0,0,0,0,0,0,1,0,0,0,0,0,0,0,0,0,1,0,0,0,0,0,0,0
0,1,0,1,0,1,0,0,1,0,1,0,0,1,0,0,0,1,0,0,0,0,0,0,0,1,0,0,0,0,1,1,0,0,0,0,1,0,1,0,0,1,0,1,0,0,0,1,0,0,0,1,0,0,0,0,0,0,0,0,0,0,1,0,0,0,0,0,0,0,1,1,1,0,0,0,0,1,0,1,1,0,0,0,0,1,0,0,0,0,0,0,0,0,0,0,0,0,0,0,0,0,0,0,0,0,0,1,0,1,1,1,0,0,0,0,0,0,0,0,0,1,0,0,0,0,0,0,0,0,0,0,1,0,0,0,0,0,0,0,0,0,0,0,0,0,0,0,0,0,0,0,0,0,0,0,0,0,0,0,0,0,0,0,0,0,0,0,0,0,0,1,1,0,0,0,1,0,0,0,0,0,0,0,0,0,0,0,1,0,0,0,1,0,0,1,1,0,0,0,0,0,0,1,0,0,0,0,0,0,0,0,0,1,0,0,0,0,0,0,0
1,1,0,1,1,1,0,0,1,0,1,0,0,1,0,1,1,1,1,0,0,1,0,1,0,1,1,0,0,0,1,1,0,0,0,0,1,0,1,0,0,1,0,1,0,0,0,1,0,0,0,0,0,0,0,0,0,0,0,0,0,0,1,0,0,0,0,0,0,0,1,1,1,0,0,0,0,1,0,1,1,0,0,0,0,1,0,0,1,0,0,0,0,0,0,0,0,0,0,0,0,0,0,0,0,0,0,1,0,1,1,1,0,0,0,0,0,0,1,0,0,1,0,0,0,0,1,0,0,0,0,0,1,0,0,0,0,0,0,0,0,0,0,0,0,0,0,1,1,0,0,0,0,0,0,0,0,0,0,0,1,0,0,1,0,0,0,0,0,0,0,1,1,0,0,0,1,0,0,0,0,0,0,0,0,0,0,0,1,0,0,0,1,0,0,1,1,0,0,0,0,0,0,1,0,0,0,0,0,0,0,0,0,1,0,0,0,0,0,0,0
1,1,1,1,1,1,1,0,1,0,1,0,1,1,1,1,1,1,1,0,0,1,1,1,1,1,1,1,1,1,1,1,0,0,0,0,1,0,1,0,0,1,0,1,1,1,0,1,0,1,1,0,0,1,1,0,0,0,0,1,1,1,1,0,0,1,0,1,0,0,1,1,1,0,1,1,0,1,0,1,1,1,1,1,0,1,0,1,1,1,0,1,0,0,1,0,1,0,0,1,0,1,0,1,1,0,1,1,0,1,1,1,0,0,0,1,1,0,1,0,0,1,0,0,0,0,1,0,0,0,1,1,1,0,0,1,0,0,0,0,0,0,0,1,0,0,0,1,1,0,0,0,0,0,0,0,0,0,0,0,1,0,0,1,0,0,0,0,0,0,0,1,1,0,0,0,1,1,0,0,1,0,0,0,0,0,0,0,1,0,0,0,1,0,0,1,1,0,0,0,0,0,0,1,0,0,1,0,0,1,0,1,0,1,0,0,0,1,0,1,0
1,1,1,1,1,1,1,0,1,0,1,0,1,1,1,1,1,1,1,0,0,1,1,1,1,1,1,1,1,1,1,1,0,0,0,0,1,0,1,0,0,1,0,1,1,1,0,1,0,1,1,0,0,1,1,0,0,0,0,1,1,1,1,0,0,1,0,1,0,0,1,1,1,0,1,1,0,1,0,1,1,1,1,1,0,1,0,1,1,1,0,1,0,0,1,0,1,0,0,1,0,1,0,1,1,0,1,1,0,1,1,1,0,0,0,1,1,0,1,0,0,1,0,0,0,0,1,0,0,0,1,1,1,0,0,1,0,0,0,0,0,0,0,1,0,0,0,1,1,0,0,0,0,0,0,0,0,0,0,0,1,0,0,1,0,0,0,0,0,0,0,1,1,0,0,0,1,1,0,0,1,0,0,0,0,0,0,0,1,0,0,0,1,0,0,1,1,0,0,0,0,0,0,1,0,0,1,0,0,1,0,1,0,1,0,0,0,1,0,1,0
1,1,1,1,1,1,1,0,1,0,1,0,1,1,1,1,1,1,1,0,0,1,1,1,1,1,1,1,1,1,1,1,0,0,0,0,1,0,1,0,0,1,0,1,1,1,0,1,0,1,1,0,0,1,1,0,0,0,0,1,1,1,1,0,0,1,0,1,0,0,1,1,1,0,1,1,0,1,0,1,1,1,1,1,0,1,0,1,1,1,0,1,0,0,1,0,1,0,0,1,0,1,0,1,1,0,1,1,0,1,1,1,0,0,0,1,1,0,1,0,0,1,0,0,0,0,1,0,0,0,1,1,1,0,0,1,0,0,0,0,0,0,0,1,0,0,0,1,1,0,0,0,0,0,0,0,0,0,0,0,1,0,0,1,0,0,0,0,0,0,0,1,1,0,0,0,1,1,0,0,1,0,0,0,0,0,0,0,1,0,0,0,1,0,0,1,1,0,0,0,0,0,0,1,0,0,1,0,0,1,0,1,0,1,0,0,0,1,0,1,0
1,1,1,1,1,1,1,0,1,0,1,1,1,1,1,1,1,1,1,0,0,1,0,1,0,1,1,1,1,1,1,1,0,0,0,0,1,0,1,0,0,1,0,1,1,1,0,1,0,1,1,0,0,1,1,0,0,0,0,1,1,1,1,0,0,1,0,1,0,0,1,1,1,0,1,1,0,1,0,1,1,1,1,1,0,1,0,1,1,1,0,1,0,0,1,0,1,0,0,1,0,1,0,1,1,0,1,1,0,1,1,1,0,0,0,1,1,0,1,0,0,1,0,0,0,0,1,0,0,0,1,1,1,0,0,1,0,0,0,0,0,0,0,1,0,0,0,1,1,0,0,0,0,0,0,0,0,0,0,0,1,0,0,1,0,0,0,0,0,0,0,1,1,0,0,0,1,1,0,0,1,0,0,0,0,0,0,0,1,0,0,0,1,0,0,1,1,0,0,0,0,0,0,1,0,0,1,0,0,1,0,1,0,0,0,0,0,1,0,1,0
1,1,1,1,1,1,1,0,1,0,1,1,1,1,1,1,1,1,1,0,0,1,0,1,0,1,1,1,1,1,1,1,0,0,0,0,1,0,1,0,0,1,0,1,1,1,0,1,0,1,1,0,0,1,1,0,0,0,0,1,1,1,1,0,0,1,0,1,0,0,1,1,1,0,1,1,0,1,0,1,1,1,1,1,0,1,0,1,1,1,0,1,0,0,1,0,1,0,0,1,0,1,0,1,1,0,1,1,0,1,1,1,0,0,0,1,1,0,1,0,0,1,0,0,0,0,1,0,0,0,1,1,1,0,0,1,0,0,0,0,0,0,0,1,0,0,0,1,1,0,0,0,0,0,0,0,0,0,0,0,1,0,0,1,0,0,0,0,0,0,0,1,1,0,0,0,1,1,0,0,1,0,0,0,0,0,0,0,1,0,0,0,1,0,0,1,1,0,0,0,0,0,0,1,0,0,1,0,0,1,0,1,0,0,0,0,0,1,0,1,0
1,1,1,1,1,1,1,0,1,0,1,1,1,1,1,1,1,1,1,0,0,1,0,1,0,1,1,1,1,1,1,1,0,0,0,0,1,0,1,0,0,1,0,1,1,1,0,1,0,1,1,0,0,1,1,0,0,0,0,1,1,1,1,0,0,1,0,1,0,0,1,1,1,0,1,1,0,1,0,1,1,1,1,1,0,1,0,1,1,1,0,1,0,0,1,0,1,0,0,1,0,1,0,1,1,0,1,1,0,1,1,1,0,0,0,1,1,0,1,0,0,1,0,0,0,0,1,0,0,0,1,1,1,0,0,1,0,0,0,0,0,0,0,1,0,0,0,1,1,0,0,0,0,0,0,0,0,0,0,0,1,0,0,1,0,0,0,0,0,0,0,1,1,0,0,0,1,1,0,0,1,0,0,0,0,0,0,0,1,0,0,0,1,0,0,1,1,0,0,0,0,0,0,1,0,0,1,0,0,1,0,1,0,0,0,0,0,1,0,1,0
1,1,0,1,1,1,0,0,1,0,1,0,0,1,0,1,1,1,1,0,0,1,0,1,0,1,1,0,0,0,1,1,0,0,0,0,1,0,1,0,0,1,0,1,0,0,0,1,0,0,0,0,0,0,0,0,0,0,0,0,0,0,1,0,0,0,0,0,0,0,1,1,1,0,0,0,0,1,0,1,1,0,0,0,0,1,0,0,1,0,0,0,0,0,0,0,0,0,0,0,0,0,0,0,0,0,0,1,0,1,1,1,0,0,0,0,0,0,1,0,0,1,0,0,0,0,1,0,0,0,1,0,1,0,0,0,0,0,0,0,0,0,0,0,0,0,0,1,1,0,0,0,0,0,0,0,0,0,0,0,1,0,0,1,0,0,0,0,0,0,0,1,1,0,0,0,1,0,0,0,0,0,0,0,0,0,0,0,1,0,0,0,1,0,0,1,1,0,0,0,0,0,0,1,0,0,0,0,0,0,0,0,0,0,0,1,0,0,0,0,0
1,1,1,1,1,1,1,0,1,0,1,1,1,1,1,1,1,1,1,0,0,1,0,1,0,1,1,1,1,1,1,1,0,0,0,0,1,0,1,0,0,1,0,1,1,1,0,1,0,1,1,0,0,1,1,0,0,0,0,1,1,1,1,0,0,1,0,1,0,0,1,1,1,0,1,1,0,1,0,1,1,1,1,1,0,1,0,1,1,1,0,1,0,0,1,0,1,0,0,1,0,1,0,1,1,0,1,1,0,1,1,1,0,0,0,1,1,0,1,0,0,1,0,0,0,0,1,0,0,0,1,1,1,0,0,1,0,0,0,0,0,0,0,1,0,0,0,1,1,0,0,0,0,0,0,0,0,0,0,0,1,0,0,1,0,0,0,0,0,0,0,1,1,0,0,0,1,1,0,0,1,0,0,0,0,0,0,0,1,0,0,0,1,0,0,1,1,0,0,0,0,0,0,1,0,0,1,0,0,1,0,1,0,0,0,0,0,1,0,1,0
0,0,0,0,0,1,1,1,0,0,1,0,1,1,1,0,0,0,0,0,0,0,0,0,0,0,0,0,0,0,1,0,0,1,1,0,0,1,1,1,0,1,1,1,0,0,0,1,1,0,0,1,0,0,0,0,1,0,0,0,0,0,0,1,1,0,0,0,1,1,0,1,0,0,0,0,0,0,0,0,0,0,0,0,0,1,1,0,0,0,0,0,0,0,0,0,0,0,0,0,0,0,0,0,0,1,0,0,0,0,0,1,0,0,0,0,0,0,0,0,0,0,0,0,1,1,0,0,0,0,0,0,0,0,0,0,0,0,0,0,0,0,0,0,0,0,0,0,0,1,1,1,1,0,0,0,0,0,0,0,0,0,0,0,0,1,1,1,0,0,1,1,1,0,0,0,0,0,1,1,0,0,0,0,0,0,1,1,0,1,1,1,0,0,0,0,0,0,0,1,1,1,1,0,0,0,0,0,0,0,0,0,0,0,0,0,0,0,0,0,1
0,1,0,1,0,1,1,1,1,0,1,0,0,0,0,0,0,1,1,0,0,1,1,0,0,0,1,0,1,0,1,1,0,1,0,0,0,1,1,1,0,1,0,1,0,0,0,1,1,0,0,1,0,1,1,0,0,1,1,0,0,0,0,0,0,0,0,0,1,0,1,0,1,0,0,1,0,0,0,1,0,0,0,1,0,0,0,0,1,0,1,0,0,0,0,0,1,1,0,1,0,0,0,0,0,0,0,0,0,1,1,1,1,1,1,1,1,1,1,0,0,1,0,1,0,1,0,1,1,0,1,0,0,0,0,1,1,0,0,1,0,0,0,1,0,1,1,1,0,0,0,0,0,1,0,0,0,0,0,1,1,1,0,1,0,1,1,0,1,0,0,0,0,1,0,1,1,1,0,1,1,1,0,0,0,0,1,1,0,1,0,0,0,0,0,1,1,1,1,0,0,0,0,0,0,0,0,0,1,0,1,0,1,0,0,0,1,0,1,0,1
0,1,0,1,0,1,1,1,1,0,1,0,0,0,0,0,0,1,1,0,0,1,1,0,0,0,1,0,1,0,1,1,0,1,0,0,0,1,1,1,0,1,0,1,0,0,0,1,1,0,0,1,0,1,1,0,0,1,1,0,0,0,0,0,0,0,0,0,1,0,1,0,1,0,0,1,0,0,0,1,0,0,0,1,0,0,0,0,1,0,1,0,0,0,0,0,1,1,0,1,0,0,0,0,0,0,0,0,0,1,1,1,1,1,0,1,1,1,1,0,0,1,0,1,0,0,0,1,1,1,1,0,0,0,0,1,1,0,0,1,0,0,0,1,0,1,1,1,0,0,0,0,0,1,0,0,0,0,0,1,1,0,0,1,0,1,1,1,1,0,0,0,0,1,0,1,1,1,0,0,1,1,0,0,0,0,1,0,0,1,1,1,0,0,0,1,1,1,0,1,1,1,1,0,0,0,0,1,0,0,1,0,0,0,1,0,0,0,1,0,0
0,1,0,1,0,1,1,1,1,0,1,0,0,0,0,0,0,1,1,0,0,1,1,0,0,0,1,0,1,0,1,1,0,1,0,0,0,1,1,1,0,1,0,1,0,0,0,1,1,0,0,1,0,1,1,0,0,1,1,0,0,0,0,0,0,0,0,0,1,0,1,0,1,0,0,1,0,0,0,1,0,0,0,1,0,0,0,0,1,0,1,0,0,0,0,0,1,1,0,1,0,0,0,0,0,0,0,0,0,1,1,1,1,1,0,1,1,1,1,0,0,1,0,1,0,0,0,1,1,0,1,0,0,0,0,1,1,0,0,1,0,0,0,1,0,1,1,1,0,0,0,0,0,1,0,0,0,0,0,1,1,0,0,1,0,1,1,0,1,0,0,0,0,1,0,1,1,1,0,0,1,1,0,0,0,0,1,1,0,1,0,0,0,0,0,1,1,1,1,0,0,0,0,0,0,0,0,0,1,0,1,0,0,0,0,0,1,0,1,0,0
0,1,0,1,0,1,1,1,1,0,1,0,0,0,0,0,0,1,1,0,0,1,1,0,0,0,1,0,1,0,1,1,0,1,0,0,0,1,1,1,0,1,0,1,0,0,0,1,1,0,0,1,0,1,1,0,0,1,1,0,0,0,0,0,0,0,0,0,1,0,1,0,1,0,0,1,0,0,0,1,0,0,0,1,0,0,0,0,1,0,1,0,0,0,0,0,1,1,0,1,0,0,0,0,0,0,0,0,0,1,1,1,1,1,1,1,1,1,1,0,0,1,0,1,0,1,0,1,1,0,1,0,0,0,0,1,1,0,0,1,0,0,0,1,0,1,1,1,0,0,0,0,0,1,0,0,0,0,0,1,1,1,0,1,0,1,0,0,1,0,0,0,0,1,0,1,1,1,0,1,1,1,0,0,0,0,1,1,0,1,0,1,0,0,0,1,1,1,1,0,0,1,1,0,0,0,0,1,1,0,0,0,1,0,1,0,1,0,0,0,1
0,1,0,1,0,1,1,1,1,0,1,0,0,0,0,0,0,1,1,0,0,1,1,0,0,0,1,0,1,0,1,1,0,1,0,0,0,1,1,1,0,1,0,1,0,0,0,1,1,0,0,1,0,1,1,0,0,1,1,0,0,0,0,0,0,0,0,0,1,0,1,0,1,0,0,1,0,0,0,1,0,0,0,1,0,0,0,0,1,0,1,0,0,0,0,0,1,1,0,1,0,0,0,0,0,0,0,0,0,1,1,1,1,1,1,1,1,1,1,0,0,1,0,1,0,1,0,1,1,0,1,0,0,0,0,1,1,0,0,1,0,0,0,1,0,1,1,1,0,0,0,0,0,1,0,0,0,0,0,1,1,1,0,1,0,1,1,0,1,0,0,0,0,1,0,1,1,1,0,1,1,1,0,0,0,0,1,1,0,1,0,0,0,0,0,1,1,1,1,0,0,0,0,0,0,0,0,0,1,0,1,0,1,0,0,0,1,0,1,0,1
0,1,0,1,0,1,1,1,1,0,1,0,0,0,0,0,0,1,1,0,0,1,1,0,0,0,1,0,1,0,1,1,0,1,0,0,0,1,1,1,0,1,0,1,0,0,0,1,1,0,0,1,0,1,1,0,0,1,1,0,0,0,0,0,0,0,0,0,1,0,1,0,1,0,0,1,0,0,0,1,0,0,0,1,0,0,0,0,1,0,1,0,0,0,0,0,1,1,0,1,0,0,0,0,0,0,0,0,0,1,1,1,1,1,0,1,1,1,1,0,0,1,0,1,0,0,0,1,1,1,1,0,0,0,0,1,1,0,0,1,0,0,0,1,0,1,1,1,0,0,0,0,0,1,0,0,0,0,0,1,1,0,0,1,0,1,1,1,1,0,0,0,0,1,0,1,1,1,0,0,1,1,0,0,0,0,1,0,0,1,1,1,0,0,0,1,1,1,0,1,1,1,1,0,0,0,0,1,0,0,1,0,0,0,1,0,0,0,1,0,0
0,1,0,1,0,1,1,1,1,0,1,0,0,0,0,0,0,1,1,0,0,1,1,0,0,0,1,0,1,0,1,1,0,1,0,0,0,1,1,1,0,1,0,1,0,0,0,1,1,0,0,1,0,1,1,0,0,1,1,0,0,0,0,0,0,0,0,0,1,0,1,0,1,0,0,1,0,0,0,1,0,0,0,1,0,0,0,0,1,0,1,0,0,0,0,0,1,1,0,1,0,0,0,0,0,0,0,0,0,1,1,1,1,1,0,1,1,1,1,0,0,1,0,1,0,0,0,1,1,0,1,0,0,0,0,1,1,0,0,1,0,0,0,1,0,1,1,1,0,0,0,0,0,1,0,0,0,0,0,1,1,0,0,1,0,1,1,0,1,0,0,0,0,1,0,1,1,1,0,0,1,1,0,0,0,0,1,1,0,1,0,0,0,0,0,1,1,1,1,0,0,0,0,0,0,0,0,0,1,0,1,0,0,0,0,0,1,0,1,0,0
0,1,0,1,0,1,1,1,1,0,1,0,0,0,0,0,0,1,1,0,0,1,1,0,0,0,1,0,1,0,1,1,0,1,0,0,0,1,1,1,0,1,0,1,0,0,0,1,1,0,0,1,0,1,1,0,0,1,1,0,0,0,0,0,0,0,0,0,1,0,1,0,1,0,0,1,0,0,0,1,0,0,0,1,0,0,0,0,1,0,1,0,0,0,0,0,1,1,0,1,0,0,0,0,0,0,0,0,0,1,1,1,1,1,1,1,1,1,1,0,0,1,0,1,0,1,0,1,1,0,1,0,0,0,0,1,1,0,0,1,0,0,0,1,0,1,1,1,0,0,0,0,0,1,0,0,0,0,0,1,1,1,0,1,0,1,0,0,1,0,0,0,0,1,0,1,1,1,0,1,1,1,0,0,0,0,1,1,0,1,0,1,0,0,0,1,1,1,1,0,0,1,1,0,0,0,0,1,1,0,0,0,1,0,1,0,1,0,0,0,1
0,1,0,1,0,0,0,0,1,1,1,0,0,1,1,1,1,1,0,0,0,0,0,0,0,1,1,1,1,0,0,1,1,1,0,0,0,1,1,0,1,1,0,0,1,1,1,1,0,0,0,1,0,1,1,0,0,0,0,1,1,1,0,0,1,1,0,1,0,0,1,0,1,0,0,1,0,0,0,1,0,0,0,1,0,0,0,1,1,1,0,1,0,0,0,0,1,0,1,1,1,1,0,0,1,1,1,0,0,1,1,0,0,0,0,1,1,0,1,1,0,1,0,0,0,0,0,0,0,0,1,1,0,0,0,1,0,1,1,0,0,0,1,1,0,0,0,1,0,0,0,0,0,0,0,0,0,0,0,0,1,0,0,1,0,0,0,0,0,0,1,0,0,0,0,0,1,1,0,0,1,0,0,0,0,0,0,0,0,0,0,0,0,0,0,1,1,0,0,0,0,0,0,0,0,0,0,0,0,0,0,1,0,1,0,0,0,0,0,1,0
0,1,0,1,0,0,0,0,1,1,1,0,0,1,1,1,1,1,0,0,0,0,0,0,0,1,1,1,1,0,0,1,1,1,0,0,0,1,1,0,1,1,0,0,1,1,1,1,0,0,0,1,0,1,1,0,0,0,0,1,1,1,0,0,1,1,0,1,0,0,1,0,1,0,0,1,0,0,0,1,0,0,0,1,0,0,0,1,1,1,0,1,0,0,0,0,1,0,1,1,1,1,0,0,1,1,1,0,0,1,1,0,0,0,0,1,1,0,1,1,0,1,0,0,0,0,0,0,0,0,1,1,0,0,0,1,0,1,1,0,0,0,1,1,0,0,0,1,0,0,0,0,0,0,0,0,0,0,0,0,1,0,0,1,0,0,0,0,0,0,1,0,0,0,0,0,1,1,0,0,1,0,0,0,0,0,0,0,0,0,0,0,0,0,0,1,1,0,0,0,0,0,0,0,0,0,0,0,0,0,0,1,0,1,0,0,0,0,0,1,0
0,1,0,0,0,1,0,0,1,0,1,0,0,1,0,1,1,1,0,0,0,0,0,0,0,1,1,0,0,0,1,1,0,0,0,0,0,0,1,1,0,1,0,1,0,0,0,1,0,0,0,1,0,1,1,0,0,0,0,0,0,0,1,0,0,0,0,0,0,0,0,1,0,1,0,1,0,0,0,0,1,0,0,1,0,0,0,0,1,0,0,0,0,0,0,1,1,0,0,1,0,0,0,0,0,0,0,1,0,0,0,1,0,0,0,1,1,0,1,0,1,0,0,0,0,0,0,0,0,0,0,0,1,0,0,1,0,0,0,0,0,1,0,1,0,0,0,1,0,0,0,0,0,0,0,0,0,1,0,0,1,0,0,1,0,0,0,0,0,0,0,0,0,0,0,0,1,1,0,0,1,0,0,1,1,0,0,0,1,0,0,0,1,0,0,0,0,0,0,0,0,0,0,0,0,0,0,0,0,0,0,0,0,0,0,0,0,0,0,0,0
0,1,0,0,0,1,0,0,1,1,1,0,0,1,0,1,1,1,0,0,0,0,0,0,0,1,1,0,0,0,1,1,1,0,0,0,0,0,1,1,1,1,0,1,0,0,1,1,0,0,0,0,0,1,1,0,0,0,0,0,0,0,1,0,0,0,0,0,0,0,0,1,0,1,0,1,0,0,0,0,1,0,0,1,0,0,0,0,1,0,0,0,0,0,0,1,1,0,1,1,1,0,0,0,0,0,0,1,0,0,0,1,0,0,0,1,1,0,1,1,1,0,0,0,0,0,0,0,0,0,0,0,1,0,0,1,0,1,0,0,0,1,0,1,0,0,0,1,0,0,0,0,0,0,0,0,0,1,0,0,1,0,0,1,0,0,0,0,0,0,0,0,0,0,0,0,1,1,0,0,1,0,0,1,1,0,0,0,1,0,0,0,0,0,0,0,0,0,0,0,0,0,0,0,0,0,0,0,0,0,0,0,0,0,0,0,0,0,0,0,0
0,1,0,1,0,1,1,0,0,0,0,0,0,0,0,1,1,1,0,0,0,0,0,0,0,1,1,0,0,0,1,0,0,1,0,0,0,1,1,0,0,1,0,1,0,0,0,1,0,0,0,1,0,0,0,0,0,0,0,0,0,0,1,1,1,0,0,0,0,0,1,1,0,0,1,0,0,1,0,1,1,1,1,1,0,1,0,1,1,1,0,1,0,0,1,1,1,0,0,0,0,1,0,1,1,1,1,1,0,1,0,1,0,0,0,1,0,0,1,0,1,1,0,0,0,0,0,0,0,0,1,0,1,1,0,1,0,0,1,0,0,0,0,1,0,0,0,1,0,0,0,0,0,0,0,0,0,1,0,0,1,0,0,1,0,0,0,0,0,0,1,1,1,0,0,0,1,1,0,0,1,0,0,1,1,0,0,0,1,0,0,0,0,0,1,0,0,0,0,0,0,0,0,0,0,0,0,0,0,0,0,0,0,0,0,0,0,0,0,0,0
0,1,0,1,0,1,1,1,0,0,0,0,0,0,0,0,0,1,1,0,0,1,1,0,0,0,1,0,0,0,1,0,0,1,1,0,0,1,1,1,0,1,1,1,0,0,0,1,1,0,0,1,0,1,1,0,0,1,1,0,0,0,0,1,1,0,0,0,1,1,0,1,0,0,0,1,0,1,0,0,1,0,0,1,0,1,0,0,1,0,1,0,0,0,0,1,1,1,0,0,0,0,0,0,0,1,0,1,0,0,0,1,1,1,0,1,0,1,1,0,1,0,0,1,1,0,0,1,1,0,0,0,1,0,0,1,1,0,0,1,0,1,0,1,0,1,1,1,0,0,1,1,1,1,1,0,0,1,0,1,1,0,1,1,0,1,0,0,1,0,1,1,1,1,0,1,1,1,1,0,1,1,0,1,1,0,1,1,1,1,0,0,1,0,1,1,0,1,1,0,0,0,0,1,0,0,0,0,1,0,0,0,0,0,0,0,1,0,0,0,0
0,1,0,1,0,1,1,0,0,0,1,0,1,1,0,1,1,1,1,0,0,1,0,0,0,1,1,0,1,0,1,0,0,0,1,0,0,0,1,1,0,1,1,1,1,1,0,1,1,1,1,1,0,1,1,0,0,1,1,1,1,1,1,0,0,1,0,1,1,1,1,1,1,0,1,1,0,1,0,1,1,1,1,1,0,1,0,1,1,1,1,1,0,0,1,1,1,1,0,1,0,1,0,1,1,0,1,1,0,1,1,1,1,1,0,1,1,1,1,0,1,1,0,1,0,0,0,1,1,0,1,1,1,0,0,1,1,0,1,1,0,1,0,1,0,1,1,1,0,0,1,0,1,1,1,0,0,1,0,1,1,0,1,1,0,1,1,0,1,0,0,1,1,1,0,1,1,1,0,0,1,1,1,1,1,0,1,0,1,1,0,1,1,0,0,1,1,1,1,0,0,1,1,1,0,0,1,0,0,0,1,0,0,0,0,0,0,0,1,0,0
1,1,0,1,1,1,1,0,0,0,1,0,1,1,1,1,1,1,1,0,0,1,0,0,0,1,1,1,1,1,1,0,0,1,0,0,1,1,1,1,0,1,1,1,1,1,0,1,1,1,1,1,1,1,1,1,0,1,1,1,1,1,1,1,1,1,1,1,1,0,1,1,1,1,1,1,1,0,0,1,1,1,1,1,1,0,0,1,1,1,1,1,1,1,1,1,1,1,0,1,0,1,1,1,1,1,1,1,0,1,1,1,1,1,0,1,1,1,1,0,1,1,1,1,1,0,1,1,1,0,1,1,1,1,0,1,1,0,1,1,1,1,0,1,1,1,1,1,1,0,1,1,0,1,1,1,0,1,0,1,1,0,1,1,1,1,1,0,1,0,1,0,0,1,1,1,1,1,1,0,1,1,0,1,0,1,1,1,1,1,0,1,1,0,1,1,1,1,1,0,0,1,1,1,0,0,1,0,1,0,1,1,0,1,0,0,1,0,1,1,0
